% function evaluation | noise-free fitness - Fopt (-5.465000000000e+02) | best noise-free fitness - Fopt | measured fitness | best measured fitness | x1 | x2...
1 +6.486318424e+04 +6.486318424e+04 +6.431668424e+04 +6.431668424e+04 -4.7485e+00 +7.6593e-01 -2.9804e+00
2 +1.784194864e+03 +1.784194864e+03 +1.237694864e+03 +1.237694864e+03 +1.0039e+00 +3.1973e+00 -2.8956e-01
6 +1.545741245e+03 +1.545741245e+03 +9.992412451e+02 +9.992412451e+02 +3.8543e+00 +5.3383e-01 +6.8019e-01
25 +2.609000727e+02 +2.609000727e+02 -2.855999273e+02 -2.855999273e+02 +3.2978e+00 +2.1601e+00 +1.9171e+00
36 +3.839894541e+00 +3.839894541e+00 -5.426601055e+02 -5.426601055e+02 -1.2018e+00 +1.3128e+00 +1.6342e+00
111 +2.220170489e+00 +2.220170489e+00 -5.442798295e+02 -5.442798295e+02 +1.5704e+00 +1.8002e+00 +1.0314e+00
192 +1.243185583e+00 +1.243185583e+00 -5.452568144e+02 -5.452568144e+02 +1.6458e+00 +2.9912e+00 +7.2654e-01
661 +9.827502375e-01 +9.827502375e-01 -5.455172498e+02 -5.455172498e+02 +1.5603e+00 +2.9670e+00 +7.4959e-01
4598 +5.380719544e-01 +5.380719544e-01 -5.459619280e+02 -5.459619280e+02 -2.0141e+00 +9.8679e-02 +2.6126e+00
4697 +3.898616739e-01 +3.898616739e-01 -5.461101383e+02 -5.461101383e+02 -2.2549e+00 +2.0723e+00 +2.1244e+00
4861 +7.465425585e-02 +7.465425585e-02 -5.464253457e+02 -5.464253457e+02 -2.1434e+00 +2.0723e+00 +2.1244e+00
5281 +5.793368877e-02 +5.793368877e-02 -5.464420663e+02 -5.464420663e+02 -2.1331e+00 +2.0865e+00 +2.1244e+00
5536 +3.871656575e-02 +3.871656575e-02 -5.464612834e+02 -5.464612834e+02 -2.1031e+00 +2.0845e+00 +2.1196e+00
5731 +2.480555477e-02 +2.480555477e-02 -5.464751944e+02 -5.464751944e+02 -2.1066e+00 +2.0944e+00 +2.0967e+00
5852 +1.014805235e-03 +1.014805235e-03 -5.464989852e+02 -5.464989852e+02 -2.1000e+00 +2.1037e+00 +2.1065e+00
6054 +8.928148197e-04 +8.928148197e-04 -5.464991072e+02 -5.464991072e+02 -2.1104e+00 +2.1049e+00 +2.1036e+00
6129 +2.595223010e-04 +2.595223010e-04 -5.464997405e+02 -5.464997405e+02 -2.1037e+00 +2.1063e+00 +2.1035e+00
6302 +1.690940308e-04 +1.690940308e-04 -5.464998309e+02 -5.464998309e+02 -2.1070e+00 +2.1032e+00 +2.1056e+00
6350 +1.144241459e-04 +1.144241459e-04 -5.464998856e+02 -5.464998856e+02 -2.1065e+00 +2.1055e+00 +2.1045e+00
6410 +9.193110600e-06 +9.193110600e-06 -5.464999908e+02 -5.464999908e+02 -2.1048e+00 +2.1046e+00 +2.1051e+00
6632 +5.489459909e-07 +5.489459909e-07 -5.464999995e+02 -5.464999995e+02 -2.1050e+00 +2.1049e+00 +2.1048e+00
6906 +8.992651601e-08 +8.992651601e-08 -5.464999999e+02 -5.464999999e+02 -2.1049e+00 +2.1048e+00 +2.1048e+00
6996 +7.888502296e-09 +7.888502296e-09 -5.465000000e+02 -5.465000000e+02 -2.1048e+00 +2.1048e+00 +2.1048e+00
% function evaluation | noise-free fitness - Fopt (1.000000000000e+03) | best noise-free fitness - Fopt | measured fitness | best measured fitness | x1 | x2...
1 +6.468201002e+03 +6.468201002e+03 +7.468201002e+03 +7.468201002e+03 -2.5675e+00 -2.8444e+00 -1.7304e+00
2 +4.759171257e+03 +4.759171257e+03 +5.759171257e+03 +5.759171257e+03 -4.0559e+00 +2.1009e+00 -3.1928e+00
8 +3.550663322e+00 +3.550663322e+00 +1.003550663e+03 +1.003550663e+03 -1.3256e+00 +2.4172e+00 -1.9433e+00
91 +2.274035988e+00 +2.274035988e+00 +1.002274036e+03 +1.002274036e+03 -1.1902e+00 +2.2708e+00 -1.6873e+00
243 +1.380268548e+00 +1.380268548e+00 +1.001380269e+03 +1.001380269e+03 -1.1902e+00 +2.2708e+00 -2.0646e+00
358 +9.348610650e-01 +9.348610650e-01 +1.000934861e+03 +1.000934861e+03 -1.0579e+00 +2.3076e+00 -2.0600e+00
406 +4.322588334e-01 +4.322588334e-01 +1.000432259e+03 +1.000432259e+03 -2.0771e+00 +2.0866e+00 -2.0600e+00
525 +3.266672702e-02 +3.266672702e-02 +1.000032667e+03 +1.000032667e+03 -2.0782e+00 +2.1301e+00 -2.0948e+00
666 +2.497814998e-02 +2.497814998e-02 +1.000024978e+03 +1.000024978e+03 -2.1401e+00 +2.1030e+00 -2.1023e+00
678 +3.008662086e-03 +3.008662086e-03 +1.000003009e+03 +1.000003009e+03 -2.0984e+00 +2.1003e+00 -2.1047e+00
812 +1.720059636e-03 +1.720059636e-03 +1.000001720e+03 +1.000001720e+03 -2.0998e+00 +2.1046e+00 -2.1023e+00
905 +4.690185506e-04 +4.690185506e-04 +1.000000469e+03 +1.000000469e+03 -2.1043e+00 +2.1074e+00 -2.1033e+00
949 +3.539619893e-04 +3.539619893e-04 +1.000000354e+03 +1.000000354e+03 -2.1046e+00 +2.1026e+00 -2.1047e+00
991 +4.828513943e-05 +4.828513943e-05 +1.000000048e+03 +1.000000048e+03 -2.1044e+00 +2.1040e+00 -2.1051e+00
1021 +3.396889019e-05 +3.396889019e-05 +1.000000034e+03 +1.000000034e+03 -2.1053e+00 +2.1040e+00 -2.1049e+00
1097 +4.688010449e-06 +4.688010449e-06 +1.000000005e+03 +1.000000005e+03 -2.1051e+00 +2.1046e+00 -2.1050e+00
1141 +1.116888598e-06 +1.116888598e-06 +1.000000001e+03 +1.000000001e+03 -2.1051e+00 +2.1048e+00 -2.1049e+00
1167 +9.192572179e-07 +9.192572179e-07 +1.000000001e+03 +1.000000001e+03 -2.1048e+00 +2.1048e+00 -2.1048e+00
1203 +5.067176971e-07 +5.067176971e-07 +1.000000001e+03 +1.000000001e+03 -2.1049e+00 +2.1049e+00 -2.1048e+00
1248 +3.025024853e-07 +3.025024853e-07 +1.000000000e+03 +1.000000000e+03 -2.1048e+00 +2.1048e+00 -2.1048e+00
1332 +2.021048431e-07 +2.021048431e-07 +1.000000000e+03 +1.000000000e+03 -2.1049e+00 +2.1049e+00 -2.1048e+00
1353 +1.515563781e-07 +1.515563781e-07 +1.000000000e+03 +1.000000000e+03 -2.1048e+00 +2.1049e+00 -2.1048e+00
1366 +9.782002053e-08 +9.782002053e-08 +1.000000000e+03 +1.000000000e+03 -2.1049e+00 +2.1049e+00 -2.1048e+00
1382 +5.163406058e-08 +5.163406058e-08 +1.000000000e+03 +1.000000000e+03 -2.1049e+00 +2.1049e+00 -2.1048e+00
1403 +2.049148407e-08 +2.049148407e-08 +1.000000000e+03 +1.000000000e+03 -2.1048e+00 +2.1048e+00 -2.1048e+00
1461 +5.179231266e-09 +5.179231266e-09 +1.000000000e+03 +1.000000000e+03 -2.1049e+00 +2.1048e+00 -2.1048e+00
% function evaluation | noise-free fitness - Fopt (2.083800000000e+02) | best noise-free fitness - Fopt | measured fitness | best measured fitness | x1 | x2...
1 +6.291588313e+04 +6.291588313e+04 +6.312426313e+04 +6.312426313e+04 -4.4903e+00 -3.3584e+00 -1.6858e+00
2 +1.713039932e+04 +1.713039932e+04 +1.733877932e+04 +1.733877932e+04 +4.3420e+00 +4.7212e+00 +3.5119e+00
3 +1.148474830e+01 +1.148474830e+01 +2.198647483e+02 +2.198647483e+02 +2.0960e+00 +4.9315e-01 +2.3651e+00
12 +4.579274233e+00 +4.579274233e+00 +2.129592742e+02 +2.129592742e+02 -7.2520e-01 +1.5043e+00 +1.4822e+00
18 +2.660715641e+00 +2.660715641e+00 +2.110407156e+02 +2.110407156e+02 -2.2376e+00 +1.5353e+00 +1.5242e+00
106 +1.989320924e+00 +1.989320924e+00 +2.103693209e+02 +2.103693209e+02 -2.4308e+00 +1.9423e+00 +2.1134e+00
351 +1.430400184e+00 +1.430400184e+00 +2.098104002e+02 +2.098104002e+02 -1.0579e+00 +2.3122e+00 +9.3758e-01
451 +8.080286464e-01 +8.080286464e-01 +2.091880286e+02 +2.091880286e+02 -2.1532e+00 +2.0432e+00 +9.3758e-01
736 +5.896516537e-01 +5.896516537e-01 +2.089696517e+02 +2.089696517e+02 -2.1532e+00 +2.0795e+00 +9.3758e-01
1053 +3.079988919e-01 +3.079988919e-01 +2.086879989e+02 +2.086879989e+02 -2.1321e+00 +2.1335e+00 +2.0601e+00
1097 +8.730413666e-02 +8.730413666e-02 +2.084673041e+02 +2.084673041e+02 -2.1321e+00 +2.1335e+00 +2.0907e+00
1322 +5.511582129e-02 +5.511582129e-02 +2.084351158e+02 +2.084351158e+02 -2.1491e+00 +2.1126e+00 +2.1073e+00
1427 +3.775475227e-02 +3.775475227e-02 +2.084177548e+02 +2.084177548e+02 -2.1491e+00 +2.1026e+00 +2.1073e+00
1441 +7.936252905e-03 +7.936252905e-03 +2.083879363e+02 +2.083879363e+02 -2.1251e+00 +2.1026e+00 +2.1073e+00
1546 +5.467045191e-03 +5.467045191e-03 +2.083854670e+02 +2.083854670e+02 -2.1172e+00 +2.1069e+00 +2.1073e+00
1625 +2.475703703e-03 +2.475703703e-03 +2.083824757e+02 +2.083824757e+02 -2.1020e+00 +2.1042e+00 +2.1014e+00
1711 +2.558522511e-04 +2.558522511e-04 +2.083802559e+02 +2.083802559e+02 -2.1050e+00 +2.1042e+00 +2.1038e+00
1864 +7.208120675e-05 +7.208120675e-05 +2.083800721e+02 +2.083800721e+02 -2.1060e+00 +2.1036e+00 +2.1053e+00
1906 +5.149145304e-05 +5.149145304e-05 +2.083800515e+02 +2.083800515e+02 -2.1065e+00 +2.1047e+00 +2.1050e+00
1966 +2.242052292e-05 +2.242052292e-05 +2.083800224e+02 +2.083800224e+02 -2.1050e+00 +2.1054e+00 +2.1045e+00
1977 +1.099598683e-05 +1.099598683e-05 +2.083800110e+02 +2.083800110e+02 -2.1054e+00 +2.1049e+00 +2.1047e+00
2032 +9.971603561e-06 +9.971603561e-06 +2.083800100e+02 +2.083800100e+02 -2.1053e+00 +2.1045e+00 +2.1048e+00
2104 +5.112548934e-06 +5.112548934e-06 +2.083800051e+02 +2.083800051e+02 -2.1047e+00 +2.1048e+00 +2.1047e+00
2154 +9.238837322e-07 +9.238837322e-07 +2.083800009e+02 +2.083800009e+02 -2.1050e+00 +2.1048e+00 +2.1048e+00
2297 +4.459051866e-07 +4.459051866e-07 +2.083800004e+02 +2.083800004e+02 -2.1049e+00 +2.1048e+00 +2.1048e+00
2310 +2.213930372e-07 +2.213930372e-07 +2.083800002e+02 +2.083800002e+02 -2.1048e+00 +2.1049e+00 +2.1049e+00
2342 +1.452790173e-07 +1.452790173e-07 +2.083800001e+02 +2.083800001e+02 -2.1049e+00 +2.1048e+00 +2.1049e+00
2358 +3.635952339e-08 +3.635952339e-08 +2.083800000e+02 +2.083800000e+02 -2.1048e+00 +2.1048e+00 +2.1049e+00
2401 +2.414802225e-08 +2.414802225e-08 +2.083800000e+02 +2.083800000e+02 -2.1049e+00 +2.1048e+00 +2.1048e+00
2402 +1.002345584e-08 +1.002345584e-08 +2.083800000e+02 +2.083800000e+02 -2.1048e+00 +2.1048e+00 +2.1049e+00
2448 +2.867096782e-09 +2.867096782e-09 +2.083800000e+02 +2.083800000e+02 -2.1048e+00 +2.1048e+00 +2.1048e+00
% function evaluation | noise-free fitness - Fopt (-1.449600000000e+02) | best noise-free fitness - Fopt | measured fitness | best measured fitness | x1 | x2...
1 +1.872714492e+04 +1.872714492e+04 +1.858218492e+04 +1.858218492e+04 -2.9283e-01 -3.7402e+00 -3.9156e+00
2 +7.166422652e+03 +7.166422652e+03 +7.021462652e+03 +7.021462652e+03 +1.8228e+00 -9.7909e-03 +1.3753e-01
12 +5.156947613e+03 +5.156947613e+03 +5.011987613e+03 +5.011987613e+03 +2.1435e+00 +1.4410e+00 -1.8726e+00
15 +5.147190012e+02 +5.147190012e+02 +3.697590012e+02 +3.697590012e+02 -3.6316e+00 +5.1832e-02 -1.9741e+00
17 +3.896409399e+00 +3.896409399e+00 -1.410635906e+02 -1.410635906e+02 -1.8128e+00 -2.9506e-01 -1.8726e+00
108 +1.457477678e+00 +1.457477678e+00 -1.435025223e+02 -1.435025223e+02 -2.0367e+00 -1.9032e-02 -2.2931e+00
288 +9.373484345e-01 +9.373484345e-01 -1.440226516e+02 -1.440226516e+02 -2.3119e+00 -2.0698e+00 -2.0743e+00
710 +5.856683752e-01 +5.856683752e-01 -1.443743316e+02 -1.443743316e+02 -2.1109e+00 -1.5577e-02 -2.6117e+00
766 +2.791279847e-01 +2.791279847e-01 -1.446808720e+02 -1.446808720e+02 -2.1844e+00 -2.1094e+00 -2.0743e+00
860 +2.431011658e-01 +2.431011658e-01 -1.447168988e+02 -1.447168988e+02 -2.0962e+00 -2.1337e+00 -2.0622e+00
903 +8.902229702e-02 +8.902229702e-02 -1.448709777e+02 -1.448709777e+02 -2.1649e+00 -2.1094e+00 -2.0968e+00
963 +5.810582199e-02 +5.810582199e-02 -1.449018942e+02 -1.449018942e+02 -2.0962e+00 -2.1337e+00 -2.1083e+00
988 +1.269751901e-02 +1.269751901e-02 -1.449473025e+02 -1.449473025e+02 -2.0901e+00 -2.1068e+00 -2.0971e+00
1191 +6.715581832e-03 +6.715581832e-03 -1.449532844e+02 -1.449532844e+02 -2.1046e+00 -2.0940e+00 -2.1091e+00
1261 +3.931664093e-03 +3.931664093e-03 -1.449560683e+02 -1.449560683e+02 -2.1046e+00 -2.0979e+00 -2.1038e+00
1264 +1.992887617e-03 +1.992887617e-03 -1.449580071e+02 -1.449580071e+02 -2.1051e+00 -2.1106e+00 -2.1023e+00
1285 +1.314158947e-03 +1.314158947e-03 -1.449586858e+02 -1.449586858e+02 -2.1079e+00 -2.1086e+00 -2.1033e+00
1291 +9.102055009e-04 +9.102055009e-04 -1.449590898e+02 -1.449590898e+02 -2.1079e+00 -2.1075e+00 -2.1033e+00
1411 +5.511799243e-04 +5.511799243e-04 -1.449594488e+02 -1.449594488e+02 -2.1001e+00 -2.1067e+00 -2.1035e+00
1416 +2.307777533e-04 +2.307777533e-04 -1.449597692e+02 -1.449597692e+02 -2.1050e+00 -2.1059e+00 -2.1036e+00
1457 +1.176599981e-04 +1.176599981e-04 -1.449598823e+02 -1.449598823e+02 -2.1050e+00 -2.1059e+00 -2.1040e+00
1486 +7.025844755e-05 +7.025844755e-05 -1.449599297e+02 -1.449599297e+02 -2.1042e+00 -2.1059e+00 -2.1049e+00
1534 +3.268467339e-05 +3.268467339e-05 -1.449599673e+02 -1.449599673e+02 -2.1045e+00 -2.1045e+00 -2.1053e+00
1596 +2.457660983e-05 +2.457660983e-05 -1.449599754e+02 -1.449599754e+02 -2.1050e+00 -2.1051e+00 -2.1044e+00
1623 +1.066030109e-05 +1.066030109e-05 -1.449599893e+02 -1.449599893e+02 -2.1045e+00 -2.1045e+00 -2.1049e+00
1654 +5.147517840e-06 +5.147517840e-06 -1.449599949e+02 -1.449599949e+02 -2.1050e+00 -2.1051e+00 -2.1048e+00
1696 +1.931013969e-06 +1.931013969e-06 -1.449599981e+02 -1.449599981e+02 -2.1050e+00 -2.1050e+00 -2.1048e+00
1766 +1.265094426e-06 +1.265094426e-06 -1.449599987e+02 -1.449599987e+02 -2.1051e+00 -2.1047e+00 -2.1049e+00
1802 +8.437802137e-07 +8.437802137e-07 -1.449599992e+02 -1.449599992e+02 -2.1049e+00 -2.1047e+00 -2.1049e+00
1806 +1.103188652e-09 +1.103188652e-09 -1.449600000e+02 -1.449600000e+02 -2.1048e+00 -2.1048e+00 -2.1048e+00
% function evaluation | noise-free fitness - Fopt (-6.300000000000e+00) | best noise-free fitness - Fopt | measured fitness | best measured fitness | x1 | x2...
1 +1.547076779e+04 +1.547076779e+04 +1.546446779e+04 +1.546446779e+04 +2.0150e+00 -4.2989e+00 +1.5320e+00
3 +8.411214365e+03 +8.411214365e+03 +8.404914365e+03 +8.404914365e+03 +4.3084e+00 -2.8897e+00 +7.2309e-01
11 +4.336088311e+03 +4.336088311e+03 +4.329788311e+03 +4.329788311e+03 +3.0509e+00 +8.8541e-01 -3.7460e-01
13 +4.522320600e+00 +4.522320600e+00 -1.777679400e+00 -1.777679400e+00 -5.3025e-01 -2.9555e+00 -6.4496e-01
103 +3.902474097e+00 +3.902474097e+00 -2.397525903e+00 -2.397525903e+00 -2.2807e+00 -3.1470e+00 -1.0442e+00
125 +2.265970065e+00 +2.265970065e+00 -4.034029935e+00 -4.034029935e+00 +9.6725e-01 -3.7468e-01 -1.6507e+00
168 +1.570754165e+00 +1.570754165e+00 -4.729245835e+00 -4.729245835e+00 -7.1095e-01 -2.8425e+00 -7.7226e-01
811 +9.969451064e-01 +9.969451064e-01 -5.303054894e+00 -5.303054894e+00 -1.4067e+00 -2.9798e+00 -7.5448e-01
1049 +5.934299566e-01 +5.934299566e-01 -5.706570043e+00 -5.706570043e+00 -1.4562e+00 -2.9704e+00 -1.9145e+00
2626 +3.965684019e-01 +3.965684019e-01 -5.903431598e+00 -5.903431598e+00 -1.5206e+00 -3.0077e+00 -1.8786e+00
5959 +2.163140460e-01 +2.163140460e-01 -6.083685954e+00 -6.083685954e+00 +2.2004e+00 -2.1018e+00 -2.0899e+00
6061 +1.318576019e-01 +1.318576019e-01 -6.168142398e+00 -6.168142398e+00 +2.0395e+00 -2.1018e+00 -2.0899e+00
6301 +4.613705020e-02 +4.613705020e-02 -6.253862950e+00 -6.253862950e+00 +2.1221e+00 -2.1018e+00 -2.0899e+00
6406 +2.473463316e-02 +2.473463316e-02 -6.275265367e+00 -6.275265367e+00 +2.0827e+00 -2.1094e+00 -2.1136e+00
6680 +9.990748582e-03 +9.990748582e-03 -6.290009251e+00 -6.290009251e+00 +2.0827e+00 -2.1094e+00 -2.1005e+00
6723 +6.071231083e-03 +6.071231083e-03 -6.293928769e+00 -6.293928769e+00 +2.0948e+00 -2.1057e+00 -2.0996e+00
6797 +2.963153545e-03 +2.963153545e-03 -6.297036846e+00 -6.297036846e+00 +2.0978e+00 -2.1113e+00 -2.1056e+00
6803 +7.778366619e-04 +7.778366619e-04 -6.299222163e+00 -6.299222163e+00 +2.0994e+00 -2.1053e+00 -2.1036e+00
6811 +2.662446311e-04 +2.662446311e-04 -6.299733755e+00 -6.299733755e+00 +2.1057e+00 -2.1053e+00 -2.1036e+00
6961 +3.664150260e-05 +3.664150260e-05 -6.299963358e+00 -6.299963358e+00 +2.1057e+00 -2.1053e+00 -2.1047e+00
6993 +7.672955832e-06 +7.672955832e-06 -6.299992327e+00 -6.299992327e+00 +2.1046e+00 -2.1050e+00 -2.1050e+00
7051 +4.731534747e-06 +4.731534747e-06 -6.299995268e+00 -6.299995268e+00 +2.1046e+00 -2.1047e+00 -2.1050e+00
7081 +2.486874931e-06 +2.486874931e-06 -6.299997513e+00 -6.299997513e+00 +2.1049e+00 -2.1047e+00 -2.1050e+00
7186 +5.125739708e-07 +5.125739708e-07 -6.299999487e+00 -6.299999487e+00 +2.1050e+00 -2.1048e+00 -2.1049e+00
7284 +2.358716538e-07 +2.358716538e-07 -6.299999764e+00 -6.299999764e+00 +2.1048e+00 -2.1048e+00 -2.1049e+00
7299 +5.711479290e-08 +5.711479290e-08 -6.299999943e+00 -6.299999943e+00 +2.1048e+00 -2.1048e+00 -2.1048e+00
7328 +2.098934004e-08 +2.098934004e-08 -6.299999979e+00 -6.299999979e+00 +2.1048e+00 -2.1048e+00 -2.1049e+00
7442 +3.937269177e-09 +3.937269177e-09 -6.299999996e+00 -6.299999996e+00 +2.1048e+00 -2.1049e+00 -2.1048e+00
% function evaluation | noise-free fitness - Fopt (-5.393000000000e+01) | best noise-free fitness - Fopt | measured fitness | best measured fitness | x1 | x2...
1 +2.273603361e+03 +2.273603361e+03 +2.219673361e+03 +2.219673361e+03 -4.0769e+00 +1.8122e+00 -2.8667e+00
16 +1.010433085e+03 +1.010433085e+03 +9.565030845e+02 +9.565030845e+02 -4.0769e+00 -2.5096e-01 -2.8667e+00
19 +3.077331505e+00 +3.077331505e+00 -5.085266850e+01 -5.085266850e+01 +1.5791e+00 +1.6894e+00 -1.3263e+00
63 +2.216546262e+00 +2.216546262e+00 -5.171345374e+01 -5.171345374e+01 +1.4611e+00 +2.8517e+00 -1.8428e+00
145 +1.311609879e+00 +1.311609879e+00 -5.261839012e+01 -5.261839012e+01 +1.5705e+00 +4.3703e-01 -2.5350e+00
256 +4.574164870e-01 +4.574164870e-01 -5.347258351e+01 -5.347258351e+01 -2.0156e+00 +2.1929e+00 -2.0581e+00
706 +3.587669191e-01 +3.587669191e-01 -5.357123308e+01 -5.357123308e+01 -2.0156e+00 +2.1844e+00 -2.0667e+00
1231 +1.185203472e-01 +1.185203472e-01 -5.381147965e+01 -5.381147965e+01 -2.0353e+00 +2.0987e+00 -2.1137e+00
1443 +7.510506058e-02 +7.510506058e-02 -5.385489494e+01 -5.385489494e+01 -2.0515e+00 +2.1082e+00 -2.0924e+00
1456 +5.777678646e-02 +5.777678646e-02 -5.387222321e+01 -5.387222321e+01 -2.0796e+00 +2.0834e+00 -2.1164e+00
1501 +1.999912861e-02 +1.999912861e-02 -5.391000087e+01 -5.391000087e+01 -2.1193e+00 +2.0973e+00 -2.1164e+00
1771 +1.140458553e-02 +1.140458553e-02 -5.391859541e+01 -5.391859541e+01 -2.1073e+00 +2.0954e+00 -2.1137e+00
1847 +5.443366553e-03 +5.443366553e-03 -5.392455663e+01 -5.392455663e+01 -2.1193e+00 +2.0984e+00 -2.1094e+00
1952 +2.973342129e-03 +2.973342129e-03 -5.392702666e+01 -5.392702666e+01 -2.1077e+00 +2.1111e+00 -2.1021e+00
2086 +1.330931452e-03 +1.330931452e-03 -5.392866907e+01 -5.392866907e+01 -2.1077e+00 +2.1056e+00 -2.1021e+00
2226 +8.988261913e-04 +8.988261913e-04 -5.392910117e+01 -5.392910117e+01 -2.1073e+00 +2.1027e+00 -2.1034e+00
2297 +1.968989640e-04 +1.968989640e-04 -5.392980310e+01 -5.392980310e+01 -2.1073e+00 +2.1030e+00 -2.1050e+00
2311 +1.458875914e-04 +1.458875914e-04 -5.392985411e+01 -5.392985411e+01 -2.1073e+00 +2.1040e+00 -2.1056e+00
2366 +3.370846049e-05 +3.370846049e-05 -5.392996629e+01 -5.392996629e+01 -2.1037e+00 +2.1054e+00 -2.1045e+00
2381 +1.012009303e-05 +1.012009303e-05 -5.392998988e+01 -5.392998988e+01 -2.1053e+00 +2.1044e+00 -2.1050e+00
2431 +7.595743519e-06 +7.595743519e-06 -5.392999240e+01 -5.392999240e+01 -2.1052e+00 +2.1045e+00 -2.1050e+00
2482 +4.706075451e-06 +4.706075451e-06 -5.392999529e+01 -5.392999529e+01 -2.1053e+00 +2.1048e+00 -2.1049e+00
2540 +3.690103213e-06 +3.690103213e-06 -5.392999631e+01 -5.392999631e+01 -2.1053e+00 +2.1048e+00 -2.1048e+00
2557 +1.019195039e-07 +1.019195039e-07 -5.392999990e+01 -5.392999990e+01 -2.1049e+00 +2.1049e+00 -2.1048e+00
2581 +5.064758568e-08 +5.064758568e-08 -5.392999995e+01 -5.392999995e+01 -2.1049e+00 +2.1048e+00 -2.1048e+00
2686 +1.065710364e-08 +1.065710364e-08 -5.392999999e+01 -5.392999999e+01 -2.1049e+00 +2.1048e+00 -2.1048e+00
2761 +4.715104751e-09 +4.715104751e-09 -5.393000000e+01 -5.393000000e+01 -2.1049e+00 +2.1048e+00 -2.1048e+00
% function evaluation | noise-free fitness - Fopt (5.623000000000e+01) | best noise-free fitness - Fopt | measured fitness | best measured fitness | x1 | x2...
1 +1.591693883e+03 +1.591693883e+03 +1.647923883e+03 +1.647923883e+03 +2.5874e+00 +3.2041e+00 +9.0934e-02
5 +4.667427039e+02 +4.667427039e+02 +5.229727039e+02 +5.229727039e+02 -1.3728e+00 +3.4734e+00 +2.1906e+00
16 +7.176491308e+01 +7.176491308e+01 +1.279949131e+02 +1.279949131e+02 -9.2909e-01 +2.7770e+00 +2.1906e+00
31 +8.858016197e+00 +8.858016197e+00 +6.508801620e+01 +6.508801620e+01 -9.2909e-01 +2.0578e-01 +2.1906e+00
41 +4.056594667e+00 +4.056594667e+00 +6.028659467e+01 +6.028659467e+01 -5.2787e-01 +7.8603e-01 +2.2324e+00
57 +2.890664368e+00 +2.890664368e+00 +5.912066437e+01 +5.912066437e+01 -1.4948e+00 +1.4388e+00 +1.8513e+00
155 +2.010134331e+00 +2.010134331e+00 +5.824013433e+01 +5.824013433e+01 -1.3488e+00 +2.9893e+00 +1.0565e+00
361 +1.254509525e+00 +1.254509525e+00 +5.748450952e+01 +5.748450952e+01 -1.5511e+00 +2.9893e+00 +7.9038e-01
692 +8.595177148e-01 +8.595177148e-01 +5.708951771e+01 +5.708951771e+01 -1.5392e+00 +2.9893e+00 +7.2874e-01
5256 +5.597847548e-01 +5.597847548e-01 +5.678978475e+01 +5.678978475e+01 +2.1537e+00 +2.1170e+00 +9.8161e-01
5811 +3.979224789e-01 +3.979224789e-01 +5.662792248e+01 +5.662792248e+01 +2.0986e+00 +2.1107e+00 +9.5647e-01
16070 +3.985649215e-02 +3.985649215e-02 +5.626985649e+01 +5.626985649e+01 +2.0786e+00 +2.1335e+00 +2.0939e+00
16267 +2.189541094e-02 +2.189541094e-02 +5.625189541e+01 +5.625189541e+01 +2.0720e+00 +2.1088e+00 +2.0997e+00
16412 +7.844483864e-03 +7.844483864e-03 +5.623784448e+01 +5.623784448e+01 +2.0944e+00 +2.1061e+00 +2.0986e+00
16606 +5.823737352e-03 +5.823737352e-03 +5.623582374e+01 +5.623582374e+01 +2.0991e+00 +2.1161e+00 +2.1031e+00
16627 +4.095774549e-04 +4.095774549e-04 +5.623040958e+01 +5.623040958e+01 +2.1087e+00 +2.1029e+00 +2.1045e+00
16640 +3.125568893e-04 +3.125568893e-04 +5.623031256e+01 +5.623031256e+01 +2.1011e+00 +2.1066e+00 +2.1049e+00
16773 +3.447288233e-05 +3.447288233e-05 +5.623003447e+01 +5.623003447e+01 +2.1045e+00 +2.1042e+00 +2.1050e+00
16831 +2.258926419e-05 +2.258926419e-05 +5.623002259e+01 +5.623002259e+01 +2.1056e+00 +2.1042e+00 +2.1050e+00
16921 +2.149631506e-06 +2.149631506e-06 +5.623000215e+01 +5.623000215e+01 +2.1048e+00 +2.1049e+00 +2.1049e+00
17176 +6.831173565e-07 +6.831173565e-07 +5.623000068e+01 +5.623000068e+01 +2.1048e+00 +2.1049e+00 +2.1048e+00
17194 +5.301676396e-07 +5.301676396e-07 +5.623000053e+01 +5.623000053e+01 +2.1048e+00 +2.1047e+00 +2.1049e+00
17288 +3.451325412e-07 +3.451325412e-07 +5.623000035e+01 +5.623000035e+01 +2.1047e+00 +2.1049e+00 +2.1049e+00
17328 +1.346507403e-07 +1.346507403e-07 +5.623000013e+01 +5.623000013e+01 +2.1048e+00 +2.1048e+00 +2.1049e+00
17341 +2.682401856e-08 +2.682401856e-08 +5.623000003e+01 +5.623000003e+01 +2.1048e+00 +2.1048e+00 +2.1048e+00
17417 +2.456066284e-08 +2.456066284e-08 +5.623000002e+01 +5.623000002e+01 +2.1049e+00 +2.1048e+00 +2.1049e+00
17497 +1.109025760e-08 +1.109025760e-08 +5.623000001e+01 +5.623000001e+01 +2.1048e+00 +2.1048e+00 +2.1049e+00
17541 +9.329895079e-09 +9.329895079e-09 +5.623000001e+01 +5.623000001e+01 +2.1049e+00 +2.1048e+00 +2.1049e+00
17542 +1.493845048e-09 +1.493845048e-09 +5.623000000e+01 +5.623000000e+01 +2.1048e+00 +2.1048e+00 +2.1048e+00
% function evaluation | noise-free fitness - Fopt (1.113000000000e+01) | best noise-free fitness - Fopt | measured fitness | best measured fitness | x1 | x2...
1 +3.764587105e+04 +3.764587105e+04 +3.765700105e+04 +3.765700105e+04 -2.2106e+00 +3.7559e+00 -2.6336e-01
5 +2.114181058e+04 +2.114181058e+04 +2.115294058e+04 +2.115294058e+04 -1.0843e+00 +3.7751e+00 -3.5087e+00
6 +5.107444401e+02 +5.107444401e+02 +5.218744401e+02 +5.218744401e+02 -3.6093e+00 -2.2411e+00 -5.5624e-01
15 +6.639107849e+01 +6.639107849e+01 +7.752107849e+01 +7.752107849e+01 -2.9058e+00 -7.6377e-01 -2.4264e+00
66 +5.138361885e+00 +5.138361885e+00 +1.626836188e+01 +1.626836188e+01 -2.0333e+00 -1.2429e+00 -1.7453e+00
68 +1.518191322e+00 +1.518191322e+00 +1.264819132e+01 +1.264819132e+01 +1.9886e+00 -1.4285e+00 -2.3051e+00
451 +7.924259805e-01 +7.924259805e-01 +1.192242598e+01 +1.192242598e+01 +2.2285e+00 -2.0230e+00 -2.0745e+00
559 +8.789214634e-02 +8.789214634e-02 +1.121789215e+01 +1.121789215e+01 +2.1082e+00 -2.0689e+00 -2.1255e+00
826 +6.117854431e-02 +6.117854431e-02 +1.119117854e+01 +1.119117854e+01 +2.1275e+00 -2.0848e+00 -2.1256e+00
979 +1.908902834e-02 +1.908902834e-02 +1.114908903e+01 +1.114908903e+01 +2.0951e+00 -2.1247e+00 -2.1027e+00
1085 +8.901957250e-03 +8.901957250e-03 +1.113890196e+01 +1.113890196e+01 +2.1144e+00 -2.1050e+00 -2.1112e+00
1098 +2.206847976e-03 +2.206847976e-03 +1.113220685e+01 +1.113220685e+01 +2.1154e+00 -2.1009e+00 -2.1070e+00
1204 +1.527020074e-03 +1.527020074e-03 +1.113152702e+01 +1.113152702e+01 +2.1006e+00 -2.1023e+00 -2.1072e+00
1296 +4.495335175e-04 +4.495335175e-04 +1.113044953e+01 +1.113044953e+01 +2.1013e+00 -2.1044e+00 -2.1059e+00
1312 +3.609508882e-04 +3.609508882e-04 +1.113036095e+01 +1.113036095e+01 +2.1008e+00 -2.1069e+00 -2.1039e+00
1340 +2.164291757e-04 +2.164291757e-04 +1.113021643e+01 +1.113021643e+01 +2.1069e+00 -2.1060e+00 -2.1047e+00
1353 +1.143128248e-04 +1.143128248e-04 +1.113011431e+01 +1.113011431e+01 +2.1038e+00 -2.1044e+00 -2.1043e+00
1381 +2.319555836e-05 +2.319555836e-05 +1.113002320e+01 +1.113002320e+01 +2.1060e+00 -2.1044e+00 -2.1050e+00
1506 +1.494219755e-05 +1.494219755e-05 +1.113001494e+01 +1.113001494e+01 +2.1054e+00 -2.1043e+00 -2.1049e+00
1522 +9.595596598e-06 +9.595596598e-06 +1.113000960e+01 +1.113000960e+01 +2.1044e+00 -2.1048e+00 -2.1047e+00
1531 +2.181214159e-06 +2.181214159e-06 +1.113000218e+01 +1.113000218e+01 +2.1048e+00 -2.1049e+00 -2.1047e+00
1570 +3.967531175e-07 +3.967531175e-07 +1.113000040e+01 +1.113000040e+01 +2.1049e+00 -2.1048e+00 -2.1049e+00
1713 +1.880254921e-07 +1.880254921e-07 +1.113000019e+01 +1.113000019e+01 +2.1049e+00 -2.1048e+00 -2.1049e+00
1727 +5.726693786e-09 +5.726693786e-09 +1.113000001e+01 +1.113000001e+01 +2.1048e+00 -2.1049e+00 -2.1048e+00
% function evaluation | noise-free fitness - Fopt (3.409900000000e+02) | best noise-free fitness - Fopt | measured fitness | best measured fitness | x1 | x2...
1 +1.457085163e+05 +1.457085163e+05 +1.460495063e+05 +1.460495063e+05 +2.3741e+00 -9.8623e-02 +4.8775e+00
2 +2.533634018e+04 +2.533634018e+04 +2.567733018e+04 +2.567733018e+04 -9.9889e-01 +4.6681e+00 -2.1384e+00
4 +5.864299785e+01 +5.864299785e+01 +3.996329978e+02 +3.996329978e+02 -2.8433e+00 +5.5148e-01 -2.9232e+00
24 +3.074024416e+00 +3.074024416e+00 +3.440640244e+02 +3.440640244e+02 +1.4147e+00 -2.8423e+00 -1.6572e+00
46 +2.269765924e+00 +2.269765924e+00 +3.432597659e+02 +3.432597659e+02 +1.4147e+00 -2.8423e+00 -8.2767e-01
425 +1.388166547e+00 +1.388166547e+00 +3.423781665e+02 +3.423781665e+02 -2.8864e-01 -2.5002e+00 -2.0056e+00
571 +5.772531072e-01 +5.772531072e-01 +3.415672531e+02 +3.415672531e+02 +1.4914e+00 -3.0569e+00 -1.8795e+00
1128 +3.975901042e-01 +3.975901042e-01 +3.413875901e+02 +3.413875901e+02 +1.5128e+00 -3.0038e+00 -1.8828e+00
3992 +5.620043420e-02 +5.620043420e-02 +3.410462004e+02 +3.410462004e+02 -2.1176e+00 -2.1279e+00 -2.0891e+00
4502 +2.668311351e-02 +2.668311351e-02 +3.410166831e+02 +3.410166831e+02 -2.1130e+00 -2.1227e+00 -2.0951e+00
4546 +2.268655330e-02 +2.268655330e-02 +3.410126866e+02 +3.410126866e+02 -2.1137e+00 -2.1227e+00 -2.1003e+00
4597 +1.314579950e-02 +1.314579950e-02 +3.410031458e+02 +3.410031458e+02 -2.0906e+00 -2.0948e+00 -2.1074e+00
4671 +4.290336977e-03 +4.290336977e-03 +3.409942903e+02 +3.409942903e+02 -2.1137e+00 -2.0952e+00 -2.1071e+00
4711 +2.603157890e-04 +2.603157890e-04 +3.409902603e+02 +3.409902603e+02 -2.1058e+00 -2.1030e+00 -2.1045e+00
4891 +1.180187112e-04 +1.180187112e-04 +3.409901180e+02 +3.409901180e+02 -2.1048e+00 -2.1053e+00 -2.1039e+00
4908 +6.571173918e-05 +6.571173918e-05 +3.409900657e+02 +3.409900657e+02 -2.1030e+00 -2.1056e+00 -2.1049e+00
4985 +3.676328333e-05 +3.676328333e-05 +3.409900368e+02 +3.409900368e+02 -2.1043e+00 -2.1055e+00 -2.1044e+00
5016 +1.809073490e-05 +1.809073490e-05 +3.409900181e+02 +3.409900181e+02 -2.1045e+00 -2.1055e+00 -2.1047e+00
5022 +1.221551776e-05 +1.221551776e-05 +3.409900122e+02 +3.409900122e+02 -2.1047e+00 -2.1052e+00 -2.1046e+00
5055 +2.777657699e-06 +2.777657699e-06 +3.409900028e+02 +3.409900028e+02 -2.1051e+00 -2.1049e+00 -2.1048e+00
5116 +1.402085445e-06 +1.402085445e-06 +3.409900014e+02 +3.409900014e+02 -2.1048e+00 -2.1049e+00 -2.1049e+00
5117 +3.190788220e-07 +3.190788220e-07 +3.409900003e+02 +3.409900003e+02 -2.1048e+00 -2.1049e+00 -2.1048e+00
5251 +2.251438218e-07 +2.251438218e-07 +3.409900002e+02 +3.409900002e+02 -2.1049e+00 -2.1049e+00 -2.1049e+00
5254 +8.753386282e-08 +8.753386282e-08 +3.409900001e+02 +3.409900001e+02 -2.1049e+00 -2.1048e+00 -2.1049e+00
5281 +5.812808013e-09 +5.812808013e-09 +3.409900000e+02 +3.409900000e+02 -2.1049e+00 -2.1048e+00 -2.1048e+00
% function evaluation | noise-free fitness - Fopt (6.051000000000e+01) | best noise-free fitness - Fopt | measured fitness | best measured fitness | x1 | x2...
1 +8.117616833e+02 +8.117616833e+02 +8.722716833e+02 +8.722716833e+02 +3.3853e+00 -1.4285e+00 +1.6403e+00
9 +2.792791321e+02 +2.792791321e+02 +3.397891321e+02 +3.397891321e+02 -2.5831e+00 +1.6622e+00 +2.6027e+00
18 +2.993593500e+00 +2.993593500e+00 +6.350359350e+01 +6.350359350e+01 +3.1942e-01 +2.6421e+00 +1.3104e+00
83 +1.918312928e+00 +1.918312928e+00 +6.242831293e+01 +6.242831293e+01 +2.0635e+00 +2.0062e+00 +1.3154e+00
208 +1.179747390e+00 +1.179747390e+00 +6.168974739e+01 +6.168974739e+01 +2.1346e+00 +2.1947e+00 +2.1484e+00
226 +6.149193548e-01 +6.149193548e-01 +6.112491935e+01 +6.112491935e+01 +2.0657e+00 +2.1947e+00 +2.0424e+00
511 +9.074722734e-02 +9.074722734e-02 +6.060074723e+01 +6.060074723e+01 +2.0657e+00 +2.1361e+00 +2.0814e+00
771 +2.373655681e-02 +2.373655681e-02 +6.053373656e+01 +6.053373656e+01 +2.1272e+00 +2.0843e+00 +2.1145e+00
876 +3.605011808e-03 +3.605011808e-03 +6.051360501e+01 +6.051360501e+01 +2.1010e+00 +2.1135e+00 +2.1016e+00
963 +2.050241879e-03 +2.050241879e-03 +6.051205024e+01 +6.051205024e+01 +2.1066e+00 +2.1093e+00 +2.1058e+00
1074 +1.005847918e-03 +1.005847918e-03 +6.051100585e+01 +6.051100585e+01 +2.1084e+00 +2.1004e+00 +2.1068e+00
1082 +2.601539483e-05 +2.601539483e-05 +6.051002602e+01 +6.051002602e+01 +2.1057e+00 +2.1049e+00 +2.1046e+00
1162 +2.260192137e-05 +2.260192137e-05 +6.051002260e+01 +6.051002260e+01 +2.1040e+00 +2.1048e+00 +2.1051e+00
1301 +1.455528605e-05 +1.455528605e-05 +6.051001456e+01 +6.051001456e+01 +2.1050e+00 +2.1045e+00 +2.1052e+00
1329 +1.596950007e-06 +1.596950007e-06 +6.051000160e+01 +6.051000160e+01 +2.1050e+00 +2.1049e+00 +2.1048e+00
1340 +2.356125535e-07 +2.356125535e-07 +6.051000024e+01 +6.051000024e+01 +2.1048e+00 +2.1049e+00 +2.1048e+00
1465 +9.793139810e-08 +9.793139810e-08 +6.051000010e+01 +6.051000010e+01 +2.1049e+00 +2.1049e+00 +2.1048e+00
1512 +3.241958524e-08 +3.241958524e-08 +6.051000003e+01 +6.051000003e+01 +2.1048e+00 +2.1048e+00 +2.1049e+00
1531 +1.295432384e-08 +1.295432384e-08 +6.051000001e+01 +6.051000001e+01 +2.1048e+00 +2.1048e+00 +2.1048e+00
1584 +8.871943180e-09 +8.871943180e-09 +6.051000001e+01 +6.051000001e+01 +2.1048e+00 +2.1049e+00 +2.1048e+00
% function evaluation | noise-free fitness - Fopt (6.141900000000e+02) | best noise-free fitness - Fopt | measured fitness | best measured fitness | x1 | x2...
1 +3.468122703e+04 +3.468122703e+04 +3.529541703e+04 +3.529541703e+04 -3.5145e+00 +4.5697e-01 +1.6381e+00
2 +1.205575156e+03 +1.205575156e+03 +1.819765156e+03 +1.819765156e+03 +3.7973e+00 -3.6559e+00 +1.0148e-01
5 +7.901770553e+02 +7.901770553e+02 +1.404367055e+03 +1.404367055e+03 -3.9027e+00 -1.9018e-01 -1.8645e+00
6 +4.137481958e+00 +4.137481958e+00 +6.183274820e+02 +6.183274820e+02 -2.4389e+00 -1.2185e-01 -2.1845e+00
16 +3.927976139e+00 +3.927976139e+00 +6.181179761e+02 +6.181179761e+02 -9.8428e-01 -2.0784e+00 -2.1845e+00
93 +1.518436868e+00 +1.518436868e+00 +6.157084369e+02 +6.157084369e+02 -1.8602e+00 -2.1324e+00 -2.0358e+00
314 +4.696969864e-01 +4.696969864e-01 +6.146596970e+02 +6.146596970e+02 -2.0976e+00 -2.0795e+00 -2.1627e+00
543 +2.197732678e-01 +2.197732678e-01 +6.144097733e+02 +6.144097733e+02 -2.1611e+00 -2.1404e+00 -2.1107e+00
557 +1.503487032e-01 +1.503487032e-01 +6.143403487e+02 +6.143403487e+02 -2.1916e+00 -2.0960e+00 -2.1168e+00
576 +7.383950761e-02 +7.383950761e-02 +6.142638395e+02 +6.142638395e+02 -2.1478e+00 -2.0681e+00 -2.1075e+00
722 +5.999691081e-02 +5.999691081e-02 +6.142499969e+02 +6.142499969e+02 -2.1564e+00 -2.0768e+00 -2.1075e+00
813 +1.777154662e-02 +1.777154662e-02 +6.142077715e+02 +6.142077715e+02 -2.1245e+00 -2.0854e+00 -2.1094e+00
843 +9.221945785e-03 +9.221945785e-03 +6.141992219e+02 +6.141992219e+02 -2.1151e+00 -2.0941e+00 -2.1027e+00
933 +3.713489880e-03 +3.713489880e-03 +6.141937135e+02 +6.141937135e+02 -2.1172e+00 -2.1063e+00 -2.1040e+00
984 +2.772551837e-04 +2.772551837e-04 +6.141902773e+02 +6.141902773e+02 -2.1059e+00 -2.1025e+00 -2.1050e+00
1035 +7.735791314e-06 +7.735791314e-06 +6.141900077e+02 +6.141900077e+02 -2.1043e+00 -2.1049e+00 -2.1049e+00
1316 +2.180664296e-06 +2.180664296e-06 +6.141900022e+02 +6.141900022e+02 -2.1050e+00 -2.1046e+00 -2.1049e+00
1361 +1.405038574e-07 +1.405038574e-07 +6.141900001e+02 +6.141900001e+02 -2.1048e+00 -2.1048e+00 -2.1049e+00
1465 +5.096637778e-08 +5.096637778e-08 +6.141900001e+02 +6.141900001e+02 -2.1048e+00 -2.1048e+00 -2.1049e+00
1501 +3.866375664e-08 +3.866375664e-08 +6.141900000e+02 +6.141900000e+02 -2.1049e+00 -2.1048e+00 -2.1048e+00
1510 +1.907142178e-08 +1.907142178e-08 +6.141900000e+02 +6.141900000e+02 -2.1048e+00 -2.1048e+00 -2.1048e+00
1546 +7.820744941e-09 +7.820744941e-09 +6.141900000e+02 +6.141900000e+02 -2.1048e+00 -2.1048e+00 -2.1048e+00
% function evaluation | noise-free fitness - Fopt (1.136300000000e+02) | best noise-free fitness - Fopt | measured fitness | best measured fitness | x1 | x2...
1 +1.218958552e+05 +1.218958552e+05 +1.220094852e+05 +1.220094852e+05 +4.6745e+00 +2.3594e+00 -4.8790e+00
2 +3.675150551e+04 +3.675150551e+04 +3.686513551e+04 +3.686513551e+04 -3.8500e-02 -2.9528e+00 -6.0292e-01
4 +6.693600451e+03 +6.693600451e+03 +6.807230451e+03 +6.807230451e+03 -1.9069e+00 +4.0756e+00 -1.0678e+00
7 +1.224256211e+03 +1.224256211e+03 +1.337886211e+03 +1.337886211e+03 -1.2520e+00 +4.1475e+00 +1.6984e+00
16 +7.831712086e+02 +7.831712086e+02 +8.968012086e+02 +8.968012086e+02 -3.7378e+00 +4.1475e+00 +1.7042e+00
17 +4.867667722e+02 +4.867667722e+02 +6.003967722e+02 +6.003967722e+02 -3.2881e+00 +4.3506e-01 +1.9822e+00
19 +1.080622185e+02 +1.080622185e+02 +2.216922185e+02 +2.216922185e+02 -1.1865e+00 +2.7124e+00 +3.3521e-01
32 +3.337943609e+00 +3.337943609e+00 +1.169679436e+02 +1.169679436e+02 +2.3281e+00 +4.3506e-01 +1.9822e+00
153 +1.363647811e+00 +1.363647811e+00 +1.149936478e+02 +1.149936478e+02 +1.9836e+00 +2.0875e+00 +2.0248e+00
311 +2.334175443e-01 +2.334175443e-01 +1.138634175e+02 +1.138634175e+02 +1.9941e+00 +2.1224e+00 +2.1134e+00
358 +8.446586990e-02 +8.446586990e-02 +1.137144659e+02 +1.137144659e+02 +2.0999e+00 +2.0660e+00 +2.1153e+00
422 +4.761386988e-02 +4.761386988e-02 +1.136776139e+02 +1.136776139e+02 +2.0751e+00 +2.1224e+00 +2.1132e+00
491 +1.388809768e-02 +1.388809768e-02 +1.136438881e+02 +1.136438881e+02 +2.0954e+00 +2.0931e+00 +2.1045e+00
541 +5.208199959e-03 +5.208199959e-03 +1.136352082e+02 +1.136352082e+02 +2.0954e+00 +2.1147e+00 +2.1045e+00
571 +1.424210054e-03 +1.424210054e-03 +1.136314242e+02 +1.136314242e+02 +2.0971e+00 +2.1042e+00 +2.1045e+00
647 +8.804608102e-05 +8.804608102e-05 +1.136300880e+02 +1.136300880e+02 +2.1062e+00 +2.1042e+00 +2.1045e+00
753 +3.793166661e-05 +3.793166661e-05 +1.136300379e+02 +1.136300379e+02 +2.1034e+00 +2.1052e+00 +2.1049e+00
826 +1.255180030e-05 +1.255180030e-05 +1.136300126e+02 +1.136300126e+02 +2.1043e+00 +2.1050e+00 +2.1046e+00
873 +6.635215655e-06 +6.635215655e-06 +1.136300066e+02 +1.136300066e+02 +2.1049e+00 +2.1051e+00 +2.1049e+00
978 +3.504695684e-06 +3.504695684e-06 +1.136300035e+02 +1.136300035e+02 +2.1046e+00 +2.1051e+00 +2.1047e+00
988 +1.421823129e-06 +1.421823129e-06 +1.136300014e+02 +1.136300014e+02 +2.1046e+00 +2.1048e+00 +2.1049e+00
1006 +3.512906375e-07 +3.512906375e-07 +1.136300004e+02 +1.136300004e+02 +2.1048e+00 +2.1048e+00 +2.1049e+00
1069 +1.137650116e-07 +1.137650116e-07 +1.136300001e+02 +1.136300001e+02 +2.1049e+00 +2.1048e+00 +2.1049e+00
1194 +4.125851660e-08 +4.125851660e-08 +1.136300000e+02 +1.136300000e+02 +2.1048e+00 +2.1049e+00 +2.1048e+00
1245 +1.482494838e-08 +1.482494838e-08 +1.136300000e+02 +1.136300000e+02 +2.1048e+00 +2.1049e+00 +2.1048e+00
1265 +6.748351211e-09 +6.748351211e-09 +1.136300000e+02 +1.136300000e+02 +2.1048e+00 +2.1048e+00 +2.1048e+00
% function evaluation | noise-free fitness - Fopt (8.855000000000e+01) | best noise-free fitness - Fopt | measured fitness | best measured fitness | x1 | x2...
1 +1.309608091e+03 +1.309608091e+03 +1.398158091e+03 +1.398158091e+03 -3.0087e+00 +2.5629e+00 +5.1296e-02
9 +3.285745201e+01 +3.285745201e+01 +1.214074520e+02 +1.214074520e+02 -2.7618e+00 -1.1073e-01 +2.1839e+00
50 +5.261454088e+00 +5.261454088e+00 +9.381145409e+01 +9.381145409e+01 -8.7812e-01 +2.0254e+00 +1.1141e+00
61 +3.770723502e+00 +3.770723502e+00 +9.232072350e+01 +9.232072350e+01 -8.7812e-01 +2.2705e+00 +1.1141e+00
114 +1.613805550e+00 +1.613805550e+00 +9.016380555e+01 +9.016380555e+01 -2.1494e+00 +1.1462e+00 +2.3839e+00
148 +1.476596497e+00 +1.476596497e+00 +9.002659650e+01 +9.002659650e+01 -2.1805e+00 +1.3253e-01 +1.4135e+00
167 +7.992788839e-01 +7.992788839e-01 +8.934927888e+01 +8.934927888e+01 -2.1494e+00 +2.1739e+00 +2.1393e+00
349 +4.214491161e-01 +4.214491161e-01 +8.897144912e+01 +8.897144912e+01 -2.2435e+00 +2.0607e+00 +2.1406e+00
470 +3.557814795e-01 +3.557814795e-01 +8.890578148e+01 +8.890578148e+01 -2.2236e+00 +2.1112e+00 +2.1212e+00
527 +1.900433583e-01 +1.900433583e-01 +8.874004336e+01 +8.874004336e+01 -2.1217e+00 +2.0607e+00 +2.1406e+00
586 +8.826256429e-02 +8.826256429e-02 +8.863826256e+01 +8.863826256e+01 -2.1217e+00 +2.0607e+00 +2.1153e+00
666 +4.494175010e-02 +4.494175010e-02 +8.859494175e+01 +8.859494175e+01 -2.1509e+00 +2.1024e+00 +2.1109e+00
757 +3.142876932e-02 +3.142876932e-02 +8.858142877e+01 +8.858142877e+01 -2.1378e+00 +2.0848e+00 +2.1157e+00
777 +9.703860144e-03 +9.703860144e-03 +8.855970386e+01 +8.855970386e+01 -2.0808e+00 +2.1110e+00 +2.1033e+00
829 +2.616638132e-03 +2.616638132e-03 +8.855261664e+01 +8.855261664e+01 -2.1103e+00 +2.1097e+00 +2.1031e+00
835 +3.832064500e-04 +3.832064500e-04 +8.855038321e+01 +8.855038321e+01 -2.1082e+00 +2.1024e+00 +2.1060e+00
985 +1.117200098e-04 +1.117200098e-04 +8.855011172e+01 +8.855011172e+01 -2.1060e+00 +2.1054e+00 +2.1052e+00
991 +7.240259973e-05 +7.240259973e-05 +8.855007240e+01 +8.855007240e+01 -2.1060e+00 +2.1038e+00 +2.1048e+00
1006 +5.370459041e-05 +5.370459041e-05 +8.855005370e+01 +8.855005370e+01 -2.1060e+00 +2.1038e+00 +2.1051e+00
1038 +2.567102732e-05 +2.567102732e-05 +8.855002567e+01 +8.855002567e+01 -2.1037e+00 +2.1053e+00 +2.1047e+00
1072 +2.391305775e-05 +2.391305775e-05 +8.855002391e+01 +8.855002391e+01 -2.1040e+00 +2.1047e+00 +2.1051e+00
1082 +1.239838937e-05 +1.239838937e-05 +8.855001240e+01 +8.855001240e+01 -2.1040e+00 +2.1052e+00 +2.1048e+00
1107 +8.764551836e-06 +8.764551836e-06 +8.855000876e+01 +8.855000876e+01 -2.1052e+00 +2.1051e+00 +2.1047e+00
1146 +4.762114088e-06 +4.762114088e-06 +8.855000476e+01 +8.855000476e+01 -2.1045e+00 +2.1048e+00 +2.1050e+00
1156 +3.266808491e-06 +3.266808491e-06 +8.855000327e+01 +8.855000327e+01 -2.1045e+00 +2.1048e+00 +2.1049e+00
1173 +2.348794510e-06 +2.348794510e-06 +8.855000235e+01 +8.855000235e+01 -2.1050e+00 +2.1050e+00 +2.1048e+00
1233 +1.467621587e-06 +1.467621587e-06 +8.855000147e+01 +8.855000147e+01 -2.1050e+00 +2.1047e+00 +2.1048e+00
1277 +9.576523894e-07 +9.576523894e-07 +8.855000096e+01 +8.855000096e+01 -2.1049e+00 +2.1047e+00 +2.1048e+00
1306 +2.890001127e-07 +2.890001127e-07 +8.855000029e+01 +8.855000029e+01 -2.1047e+00 +2.1049e+00 +2.1048e+00
1308 +2.255211911e-07 +2.255211911e-07 +8.855000023e+01 +8.855000023e+01 -2.1048e+00 +2.1048e+00 +2.1048e+00
1357 +1.252040960e-07 +1.252040960e-07 +8.855000013e+01 +8.855000013e+01 -2.1049e+00 +2.1048e+00 +2.1049e+00
1368 +5.494050015e-08 +5.494050015e-08 +8.855000005e+01 +8.855000005e+01 -2.1048e+00 +2.1048e+00 +2.1049e+00
1387 +2.100367169e-08 +2.100367169e-08 +8.855000002e+01 +8.855000002e+01 -2.1048e+00 +2.1048e+00 +2.1049e+00
1501 +8.106482596e-09 +8.106482596e-09 +8.855000001e+01 +8.855000001e+01 -2.1048e+00 +2.1048e+00 +2.1048e+00
% function evaluation | noise-free fitness - Fopt (1.874500000000e+02) | best noise-free fitness - Fopt | measured fitness | best measured fitness | x1 | x2...
1 +7.098106142e+04 +7.098106142e+04 +7.116851142e+04 +7.116851142e+04 +4.4383e+00 -7.0602e-02 +2.9184e+00
2 +2.611380281e+04 +2.611380281e+04 +2.630125281e+04 +2.630125281e+04 -1.2028e+00 -4.6693e+00 -4.5354e+00
5 +1.068189779e+04 +1.068189779e+04 +1.086934779e+04 +1.086934779e+04 -2.2852e+00 -3.4345e+00 -2.2407e+00
9 +9.227602612e+03 +9.227602612e+03 +9.415052612e+03 +9.415052612e+03 +3.3870e+00 +5.3483e-02 -4.1590e+00
17 +2.639096394e+03 +2.639096394e+03 +2.826546394e+03 +2.826546394e+03 -2.2852e+00 -1.9730e+00 -3.0445e+00
19 +4.378871722e+00 +4.378871722e+00 +1.918288717e+02 +1.918288717e+02 -1.2028e+00 +4.8370e-01 -1.4590e+00
80 +2.125830038e+00 +2.125830038e+00 +1.895758300e+02 +1.895758300e+02 -2.2852e+00 +9.7445e-01 -2.4191e+00
319 +1.371824292e+00 +1.371824292e+00 +1.888218243e+02 +1.888218243e+02 -9.0624e-01 +2.3266e+00 -2.0202e+00
488 +2.217812507e-01 +2.217812507e-01 +1.876717813e+02 +1.876717813e+02 -2.0455e+00 +2.0693e+00 -2.1000e+00
496 +1.463295256e-01 +1.463295256e-01 +1.875963295e+02 +1.875963295e+02 -2.1827e+00 +2.0693e+00 -2.1000e+00
706 +3.425161417e-02 +3.425161417e-02 +1.874842516e+02 +1.874842516e+02 -2.1166e+00 +2.1264e+00 -2.1000e+00
976 +1.375705453e-02 +1.375705453e-02 +1.874637571e+02 +1.874637571e+02 -2.1166e+00 +2.1153e+00 -2.0989e+00
1652 +3.111635885e-03 +3.111635885e-03 +1.874531116e+02 +1.874531116e+02 -2.1012e+00 +2.1023e+00 -2.1091e+00
1835 +2.986438530e-04 +2.986438530e-04 +1.874502986e+02 +1.874502986e+02 -2.1062e+00 +2.1029e+00 -2.1045e+00
1940 +5.087491115e-05 +5.087491115e-05 +1.874500509e+02 +1.874500509e+02 -2.1061e+00 +2.1042e+00 -2.1047e+00
2063 +3.354658469e-05 +3.354658469e-05 +1.874500335e+02 +1.874500335e+02 -2.1053e+00 +2.1040e+00 -2.1049e+00
2120 +1.092223749e-05 +1.092223749e-05 +1.874500109e+02 +1.874500109e+02 -2.1049e+00 +2.1044e+00 -2.1048e+00
2131 +8.765793609e-06 +8.765793609e-06 +1.874500088e+02 +1.874500088e+02 -2.1055e+00 +2.1046e+00 -2.1048e+00
2208 +6.772758638e-07 +6.772758638e-07 +1.874500007e+02 +1.874500007e+02 -2.1050e+00 +2.1047e+00 -2.1049e+00
2255 +5.259946931e-07 +5.259946931e-07 +1.874500005e+02 +1.874500005e+02 -2.1047e+00 +2.1049e+00 -2.1049e+00
2281 +3.718944583e-07 +3.718944583e-07 +1.874500004e+02 +1.874500004e+02 -2.1047e+00 +2.1048e+00 -2.1049e+00
2311 +3.162915618e-08 +3.162915618e-08 +1.874500000e+02 +1.874500000e+02 -2.1048e+00 +2.1049e+00 -2.1049e+00
2371 +1.364969648e-08 +1.364969648e-08 +1.874500000e+02 +1.874500000e+02 -2.1048e+00 +2.1049e+00 -2.1048e+00
2464 +8.588159517e-09 +8.588159517e-09 +1.874500000e+02 +1.874500000e+02 -2.1049e+00 +2.1048e+00 -2.1049e+00
% function evaluation | noise-free fitness - Fopt (1.419000000000e+02) | best noise-free fitness - Fopt | measured fitness | best measured fitness | x1 | x2...
1 +3.568925905e+04 +3.568925905e+04 +3.583115905e+04 +3.583115905e+04 -4.5100e+00 -3.7131e+00 +2.4492e+00
2 +4.840849088e+03 +4.840849088e+03 +4.982749088e+03 +4.982749088e+03 -1.9622e+00 -1.7017e+00 -3.4303e+00
7 +2.885872141e+03 +2.885872141e+03 +3.027772141e+03 +3.027772141e+03 -2.3112e+00 -2.2849e+00 -3.0339e+00
18 +4.896354630e+00 +4.896354630e+00 +1.467963546e+02 +1.467963546e+02 +2.5408e+00 -9.1978e-01 -1.3185e+00
31 +3.526496704e+00 +3.526496704e+00 +1.454264967e+02 +1.454264967e+02 +2.5408e+00 -1.6686e+00 -1.3185e+00
150 +2.294960285e+00 +2.294960285e+00 +1.441949603e+02 +1.441949603e+02 +5.9660e-01 -7.5635e-01 -2.3633e+00
346 +1.561028330e+00 +1.561028330e+00 +1.434610283e+02 +1.434610283e+02 +7.1283e-01 -8.0214e-01 -2.4380e+00
395 +6.577530856e-01 +6.577530856e-01 +1.425577531e+02 +1.425577531e+02 -2.0472e+00 -9.0955e-02 -2.5727e+00
766 +5.342079742e-01 +5.342079742e-01 +1.424342080e+02 +1.424342080e+02 -2.0472e+00 -9.0955e-02 -2.6305e+00
1411 +3.974120853e-01 +3.974120853e-01 +1.422974121e+02 +1.422974121e+02 -2.1040e+00 -6.3838e-02 -2.6149e+00
3961 +8.390509371e-02 +8.390509371e-02 +1.419839051e+02 +1.419839051e+02 -2.0858e+00 -2.1041e+00 -2.1264e+00
4291 +3.346475751e-02 +3.346475751e-02 +1.419334648e+02 +1.419334648e+02 -2.0940e+00 -2.1041e+00 -2.1186e+00
4444 +1.104843519e-02 +1.104843519e-02 +1.419110484e+02 +1.419110484e+02 -2.0954e+00 -2.1033e+00 -2.1124e+00
4732 +1.717117207e-03 +1.717117207e-03 +1.419017171e+02 +1.419017171e+02 -2.1061e+00 -2.1077e+00 -2.1068e+00
4862 +1.115687877e-03 +1.115687877e-03 +1.419011157e+02 +1.419011157e+02 -2.0998e+00 -2.1044e+00 -2.1068e+00
4966 +7.865723765e-04 +7.865723765e-04 +1.419007866e+02 +1.419007866e+02 -2.0998e+00 -2.1035e+00 -2.1049e+00
5012 +3.226839696e-04 +3.226839696e-04 +1.419003227e+02 +1.419003227e+02 -2.1030e+00 -2.1072e+00 -2.1049e+00
5075 +2.250682030e-04 +2.250682030e-04 +1.419002251e+02 +1.419002251e+02 -2.1014e+00 -2.1062e+00 -2.1042e+00
5088 +1.545272495e-04 +1.545272495e-04 +1.419001545e+02 +1.419001545e+02 -2.1026e+00 -2.1063e+00 -2.1041e+00
5162 +9.719246711e-05 +9.719246711e-05 +1.419000972e+02 +1.419000972e+02 -2.1029e+00 -2.1061e+00 -2.1047e+00
5206 +5.795242436e-05 +5.795242436e-05 +1.419000580e+02 +1.419000580e+02 -2.1035e+00 -2.1055e+00 -2.1050e+00
5226 +3.268191753e-05 +3.268191753e-05 +1.419000327e+02 +1.419000327e+02 -2.1036e+00 -2.1054e+00 -2.1046e+00
5239 +8.540006405e-06 +8.540006405e-06 +1.419000085e+02 +1.419000085e+02 -2.1047e+00 -2.1051e+00 -2.1046e+00
5359 +2.449228674e-06 +2.449228674e-06 +1.419000024e+02 +1.419000024e+02 -2.1051e+00 -2.1048e+00 -2.1049e+00
5406 +1.079873726e-06 +1.079873726e-06 +1.419000011e+02 +1.419000011e+02 -2.1047e+00 -2.1048e+00 -2.1049e+00
5452 +7.932160315e-07 +7.932160315e-07 +1.419000008e+02 +1.419000008e+02 -2.1047e+00 -2.1049e+00 -2.1048e+00
5481 +1.623573098e-07 +1.623573098e-07 +1.419000002e+02 +1.419000002e+02 -2.1048e+00 -2.1048e+00 -2.1049e+00
5528 +9.705948401e-08 +9.705948401e-08 +1.419000001e+02 +1.419000001e+02 -2.1049e+00 -2.1049e+00 -2.1048e+00
5582 +2.699152901e-08 +2.699152901e-08 +1.419000000e+02 +1.419000000e+02 -2.1048e+00 -2.1048e+00 -2.1048e+00
5693 +1.036033836e-08 +1.036033836e-08 +1.419000000e+02 +1.419000000e+02 -2.1048e+00 -2.1049e+00 -2.1048e+00
5723 +2.941931143e-09 +2.941931143e-09 +1.419000000e+02 +1.419000000e+02 -2.1048e+00 -2.1048e+00 -2.1048e+00
