% function evaluation | noise-free fitness - Fopt (3.590000000000e+01) | best noise-free fitness - Fopt | measured fitness | best measured fitness | x1 | x2...
1 +8.804844241e+05 +8.804844241e+05 +8.805203241e+05 +8.805203241e+05 -4.7518e+00 +3.4190e+00 +4.9726e+00
2 +7.912975678e+03 +7.912975678e+03 +7.948875678e+03 +7.948875678e+03 +7.8123e-02 +4.9552e+00 -3.2494e+00
3 +1.749926959e+02 +1.749926959e+02 +2.108926959e+02 +2.108926959e+02 +1.4763e+00 +3.9039e+00 -4.0982e+00
4 +8.212665341e+01 +8.212665341e+01 +1.180266534e+02 +1.180266534e+02 -1.9670e+00 +1.6766e-01 -2.2473e+00
5 +1.812412216e+01 +1.812412216e+01 +5.402412216e+01 +5.402412216e+01 +3.4143e+00 -1.9282e+00 +2.0343e+00
143 +9.657040054e+00 +9.657040054e+00 +4.555704005e+01 +4.555704005e+01 +1.8082e+00 +8.5046e-01 +1.1276e+00
264 +4.446999530e+00 +4.446999530e+00 +4.034699953e+01 +4.034699953e+01 +3.0158e+00 +1.5961e+00 +1.9131e+00
273 +3.201365635e+00 +3.201365635e+00 +3.910136564e+01 +3.910136564e+01 +3.4315e+00 +4.7572e-01 +2.3243e+00
295 +1.076180290e+00 +1.076180290e+00 +3.697618029e+01 +3.697618029e+01 +3.0285e+00 +1.3269e+00 +2.3899e+00
399 +9.875125466e-01 +9.875125466e-01 +3.688751255e+01 +3.688751255e+01 +3.2353e+00 +4.5761e-01 +2.6442e+00
404 +3.794639967e-01 +3.794639967e-01 +3.627946400e+01 +3.627946400e+01 +2.6168e+00 +9.5141e-01 +2.3901e+00
495 +1.577686080e-01 +1.577686080e-01 +3.605776861e+01 +3.605776861e+01 +2.8057e+00 +1.0621e+00 +2.4739e+00
514 +7.940539389e-02 +7.940539389e-02 +3.597940539e+01 +3.597940539e+01 +2.8817e+00 +9.5972e-01 +2.5921e+00
782 +2.225719198e-02 +2.225719198e-02 +3.592225719e+01 +3.592225719e+01 +2.8357e+00 +1.0250e+00 +2.6012e+00
919 +9.235521166e-03 +9.235521166e-03 +3.590923552e+01 +3.590923552e+01 +2.7877e+00 +1.1188e+00 +2.5631e+00
1001 +6.135211208e-03 +6.135211208e-03 +3.590613521e+01 +3.590613521e+01 +2.7971e+00 +1.1079e+00 +2.5746e+00
1116 +3.811307818e-03 +3.811307818e-03 +3.590381131e+01 +3.590381131e+01 +2.7797e+00 +1.1000e+00 +2.5737e+00
1207 +1.466987881e-03 +1.466987881e-03 +3.590146699e+01 +3.590146699e+01 +2.7748e+00 +1.1071e+00 +2.5775e+00
1323 +8.992785001e-04 +8.992785001e-04 +3.590089928e+01 +3.590089928e+01 +2.7786e+00 +1.1076e+00 +2.5806e+00
1327 +4.883645794e-04 +4.883645794e-04 +3.590048836e+01 +3.590048836e+01 +2.7824e+00 +1.1143e+00 +2.5826e+00
1478 +3.285523093e-04 +3.285523093e-04 +3.590032855e+01 +3.590032855e+01 +2.7841e+00 +1.1115e+00 +2.5844e+00
1545 +2.359797200e-04 +2.359797200e-04 +3.590023598e+01 +3.590023598e+01 +2.7845e+00 +1.1133e+00 +2.5856e+00
1572 +9.478804311e-05 +9.478804311e-05 +3.590009479e+01 +3.590009479e+01 +2.7843e+00 +1.1106e+00 +2.5872e+00
1703 +5.141429069e-05 +5.141429069e-05 +3.590005141e+01 +3.590005141e+01 +2.7834e+00 +1.1126e+00 +2.5869e+00
1719 +3.132779287e-05 +3.132779287e-05 +3.590003133e+01 +3.590003133e+01 +2.7823e+00 +1.1143e+00 +2.5865e+00
1846 +1.057219972e-05 +1.057219972e-05 +3.590001057e+01 +3.590001057e+01 +2.7825e+00 +1.1126e+00 +2.5873e+00
1865 +9.406722448e-06 +9.406722448e-06 +3.590000941e+01 +3.590000941e+01 +2.7808e+00 +1.1135e+00 +2.5865e+00
1910 +3.261210054e-06 +3.261210054e-06 +3.590000326e+01 +3.590000326e+01 +2.7820e+00 +1.1130e+00 +2.5873e+00
1981 +1.846958014e-06 +1.846958014e-06 +3.590000185e+01 +3.590000185e+01 +2.7818e+00 +1.1132e+00 +2.5871e+00
2122 +9.727512023e-07 +9.727512023e-07 +3.590000097e+01 +3.590000097e+01 +2.7818e+00 +1.1133e+00 +2.5872e+00
2151 +4.761601460e-07 +4.761601460e-07 +3.590000048e+01 +3.590000048e+01 +2.7817e+00 +1.1135e+00 +2.5872e+00
2184 +3.103061630e-07 +3.103061630e-07 +3.590000031e+01 +3.590000031e+01 +2.7817e+00 +1.1135e+00 +2.5872e+00
2303 +1.997492447e-07 +1.997492447e-07 +3.590000020e+01 +3.590000020e+01 +2.7816e+00 +1.1136e+00 +2.5871e+00
2550 +4.668834919e-08 +4.668834919e-08 +3.590000005e+01 +3.590000005e+01 +2.7816e+00 +1.1136e+00 +2.5872e+00
2572 +3.361215306e-08 +3.361215306e-08 +3.590000003e+01 +3.590000003e+01 +2.7816e+00 +1.1136e+00 +2.5872e+00
2758 +1.977436881e-08 +1.977436881e-08 +3.590000002e+01 +3.590000002e+01 +2.7816e+00 +1.1136e+00 +2.5872e+00
2825 +1.399938299e-08 +1.399938299e-08 +3.590000001e+01 +3.590000001e+01 +2.7816e+00 +1.1136e+00 +2.5872e+00
2844 +7.851966188e-09 +7.851966188e-09 +3.590000001e+01 +3.590000001e+01 +2.7816e+00 +1.1136e+00 +2.5872e+00
% function evaluation | noise-free fitness - Fopt (3.137000000000e+01) | best noise-free fitness - Fopt | measured fitness | best measured fitness | x1 | x2...
1 +6.179761540e+04 +6.179761540e+04 +6.182898540e+04 +6.182898540e+04 -4.7518e+00 +3.4190e+00 +4.9726e+00
2 +3.770629429e+03 +3.770629429e+03 +3.801999429e+03 +3.801999429e+03 +7.8123e-02 +4.9552e+00 -3.2494e+00
3 +1.246286978e+01 +1.246286978e+01 +4.383286978e+01 +4.383286978e+01 +1.4763e+00 +3.9039e+00 -4.0982e+00
200 +6.685475645e+00 +6.685475645e+00 +3.805547565e+01 +3.805547565e+01 +3.1657e-01 +3.3932e+00 -3.4209e+00
247 +6.267733720e+00 +6.267733720e+00 +3.763773372e+01 +3.763773372e+01 -4.0353e-01 +3.0899e+00 -2.9992e+00
285 +2.556174556e+00 +2.556174556e+00 +3.392617456e+01 +3.392617456e+01 -1.9641e-01 +2.7231e+00 -3.5466e+00
425 +1.363605422e+00 +1.363605422e+00 +3.273360542e+01 +3.273360542e+01 +1.3882e-01 +2.2842e+00 -3.7782e+00
483 +6.202519135e-01 +6.202519135e-01 +3.199025191e+01 +3.199025191e+01 -1.7266e-01 +2.2991e+00 -3.7447e+00
615 +7.921036169e-02 +7.921036169e-02 +3.144921036e+01 +3.144921036e+01 -2.8633e-01 +1.8649e+00 -3.7688e+00
812 +3.210307171e-02 +3.210307171e-02 +3.140210307e+01 +3.140210307e+01 -2.6666e-01 +1.8728e+00 -3.8258e+00
933 +2.320581900e-02 +2.320581900e-02 +3.139320582e+01 +3.139320582e+01 -2.1199e-01 +1.9661e+00 -3.9014e+00
1087 +8.942979708e-03 +8.942979708e-03 +3.137894298e+01 +3.137894298e+01 -2.4550e-01 +1.8984e+00 -3.8797e+00
1207 +4.749960287e-03 +4.749960287e-03 +3.137474996e+01 +3.137474996e+01 -2.5865e-01 +1.8962e+00 -3.8736e+00
1322 +2.397132743e-03 +2.397132743e-03 +3.137239713e+01 +3.137239713e+01 -2.5665e-01 +1.9144e+00 -3.8865e+00
1426 +1.276607067e-03 +1.276607067e-03 +3.137127661e+01 +3.137127661e+01 -2.7491e-01 +1.8889e+00 -3.8718e+00
1540 +4.867499423e-04 +4.867499423e-04 +3.137048675e+01 +3.137048675e+01 -2.7271e-01 +1.9015e+00 -3.8786e+00
1661 +2.721275241e-04 +2.721275241e-04 +3.137027213e+01 +3.137027213e+01 -2.6990e-01 +1.9005e+00 -3.8815e+00
1705 +2.495973805e-04 +2.495973805e-04 +3.137024960e+01 +3.137024960e+01 -2.6752e-01 +1.9022e+00 -3.8852e+00
1852 +1.077877592e-04 +1.077877592e-04 +3.137010779e+01 +3.137010779e+01 -2.7088e-01 +1.8984e+00 -3.8823e+00
1862 +5.047621391e-05 +5.047621391e-05 +3.137005048e+01 +3.137005048e+01 -2.7091e-01 +1.8978e+00 -3.8833e+00
2066 +3.943400145e-05 +3.943400145e-05 +3.137003943e+01 +3.137003943e+01 -2.7128e-01 +1.8984e+00 -3.8833e+00
2154 +2.234343120e-05 +2.234343120e-05 +3.137002234e+01 +3.137002234e+01 -2.7164e-01 +1.8963e+00 -3.8833e+00
2179 +8.792712553e-06 +8.792712553e-06 +3.137000879e+01 +3.137000879e+01 -2.7207e-01 +1.8963e+00 -3.8833e+00
2350 +4.356445260e-06 +4.356445260e-06 +3.137000436e+01 +3.137000436e+01 -2.7145e-01 +1.8971e+00 -3.8842e+00
2380 +2.231244501e-06 +2.231244501e-06 +3.137000223e+01 +3.137000223e+01 -2.7206e-01 +1.8967e+00 -3.8836e+00
2547 +6.670137829e-07 +6.670137829e-07 +3.137000067e+01 +3.137000067e+01 -2.7191e-01 +1.8969e+00 -3.8839e+00
2582 +4.222492649e-07 +4.222492649e-07 +3.137000042e+01 +3.137000042e+01 -2.7194e-01 +1.8969e+00 -3.8839e+00
2662 +3.582670516e-07 +3.582670516e-07 +3.137000036e+01 +3.137000036e+01 -2.7186e-01 +1.8969e+00 -3.8840e+00
2737 +1.223828114e-07 +1.223828114e-07 +3.137000012e+01 +3.137000012e+01 -2.7200e-01 +1.8969e+00 -3.8839e+00
2777 +9.270094736e-08 +9.270094736e-08 +3.137000009e+01 +3.137000009e+01 -2.7197e-01 +1.8968e+00 -3.8840e+00
2945 +5.341896880e-08 +5.341896880e-08 +3.137000005e+01 +3.137000005e+01 -2.7199e-01 +1.8968e+00 -3.8840e+00
3021 +3.965482165e-08 +3.965482165e-08 +3.137000004e+01 +3.137000004e+01 -2.7197e-01 +1.8968e+00 -3.8840e+00
3069 +1.555068252e-08 +1.555068252e-08 +3.137000002e+01 +3.137000002e+01 -2.7199e-01 +1.8968e+00 -3.8840e+00
3138 +4.443126755e-09 +4.443126755e-09 +3.137000000e+01 +3.137000000e+01 -2.7200e-01 +1.8968e+00 -3.8840e+00
% function evaluation | noise-free fitness - Fopt (-1.000000000000e+03) | best noise-free fitness - Fopt | measured fitness | best measured fitness | x1 | x2...
1 +5.847793572e+05 +5.847793572e+05 +5.837793572e+05 +5.837793572e+05 -4.7518e+00 +3.4190e+00 +4.9726e+00
2 +3.098019738e+05 +3.098019738e+05 +3.088019738e+05 +3.088019738e+05 +7.8123e-02 +4.9552e+00 -3.2494e+00
4 +6.766484985e+04 +6.766484985e+04 +6.666484985e+04 +6.666484985e+04 -1.9670e+00 +1.6766e-01 -2.2473e+00
8 +6.614653049e+00 +6.614653049e+00 -9.933853470e+02 -9.933853470e+02 -2.1019e+00 -3.4714e+00 +3.3948e+00
314 +4.232380780e+00 +4.232380780e+00 -9.957676192e+02 -9.957676192e+02 -1.7282e+00 -4.2420e+00 +3.6474e+00
335 +2.535772782e+00 +2.535772782e+00 -9.974642272e+02 -9.974642272e+02 -1.1480e+00 -4.2613e+00 +3.7612e+00
372 +9.200868448e-01 +9.200868448e-01 -9.990799132e+02 -9.990799132e+02 -8.3646e-01 -3.4088e+00 +2.8998e+00
608 +2.130363390e-01 +2.130363390e-01 -9.997869637e+02 -9.997869637e+02 -4.3514e-01 -3.4215e+00 +2.8346e+00
739 +1.210938363e-01 +1.210938363e-01 -9.998789062e+02 -9.998789062e+02 -3.9560e-01 -3.4429e+00 +2.9769e+00
807 +5.178380560e-02 +5.178380560e-02 -9.999482162e+02 -9.999482162e+02 -3.1595e-01 -3.4262e+00 +2.9110e+00
897 +2.252361528e-02 +2.252361528e-02 -9.999774764e+02 -9.999774764e+02 -2.5797e-01 -3.3804e+00 +2.8506e+00
960 +5.548367753e-03 +5.548367753e-03 -9.999944516e+02 -9.999944516e+02 -2.2345e-01 -3.3562e+00 +2.8436e+00
976 +3.462944959e-03 +3.462944959e-03 -9.999965371e+02 -9.999965371e+02 -2.1064e-01 -3.3545e+00 +2.8485e+00
1216 +2.383928449e-03 +2.383928449e-03 -9.999976161e+02 -9.999976161e+02 -2.1028e-01 -3.3429e+00 +2.8355e+00
1308 +1.522143275e-03 +1.522143275e-03 -9.999984779e+02 -9.999984779e+02 -2.0455e-01 -3.3313e+00 +2.8303e+00
1413 +3.724091662e-04 +3.724091662e-04 -9.999996276e+02 -9.999996276e+02 -1.9296e-01 -3.3369e+00 +2.8282e+00
1488 +1.610279246e-04 +1.610279246e-04 -9.999998390e+02 -9.999998390e+02 -1.9085e-01 -3.3334e+00 +2.8250e+00
1561 +1.179642658e-04 +1.179642658e-04 -9.999998820e+02 -9.999998820e+02 -1.9106e-01 -3.3319e+00 +2.8261e+00
1782 +7.772315985e-05 +7.772315985e-05 -9.999999223e+02 -9.999999223e+02 -1.9002e-01 -3.3319e+00 +2.8252e+00
1862 +5.056451459e-05 +5.056451459e-05 -9.999999494e+02 -9.999999494e+02 -1.8891e-01 -3.3319e+00 +2.8249e+00
1880 +3.707772521e-05 +3.707772521e-05 -9.999999629e+02 -9.999999629e+02 -1.8882e-01 -3.3308e+00 +2.8249e+00
1932 +1.634265902e-05 +1.634265902e-05 -9.999999837e+02 -9.999999837e+02 -1.8789e-01 -3.3310e+00 +2.8252e+00
2061 +1.038004120e-05 +1.038004120e-05 -9.999999896e+02 -9.999999896e+02 -1.8761e-01 -3.3311e+00 +2.8248e+00
2109 +4.670474823e-06 +4.670474823e-06 -9.999999953e+02 -9.999999953e+02 -1.8715e-01 -3.3308e+00 +2.8245e+00
2207 +3.240821229e-06 +3.240821229e-06 -9.999999968e+02 -9.999999968e+02 -1.8700e-01 -3.3308e+00 +2.8243e+00
2239 +2.505486691e-06 +2.505486691e-06 -9.999999975e+02 -9.999999975e+02 -1.8677e-01 -3.3308e+00 +2.8243e+00
2404 +8.931226603e-07 +8.931226603e-07 -9.999999991e+02 -9.999999991e+02 -1.8666e-01 -3.3306e+00 +2.8242e+00
2551 +5.649865216e-07 +5.649865216e-07 -9.999999994e+02 -9.999999994e+02 -1.8662e-01 -3.3305e+00 +2.8242e+00
2572 +3.963189101e-07 +3.963189101e-07 -9.999999996e+02 -9.999999996e+02 -1.8655e-01 -3.3306e+00 +2.8242e+00
2650 +1.628170594e-07 +1.628170594e-07 -9.999999998e+02 -9.999999998e+02 -1.8649e-01 -3.3305e+00 +2.8240e+00
2660 +8.947404240e-08 +8.947404240e-08 -9.999999999e+02 -9.999999999e+02 -1.8647e-01 -3.3304e+00 +2.8241e+00
2671 +3.342654509e-08 +3.342654509e-08 -1.000000000e+03 -1.000000000e+03 -1.8644e-01 -3.3304e+00 +2.8240e+00
2911 +8.497863746e-09 +8.497863746e-09 -1.000000000e+03 -1.000000000e+03 -1.8642e-01 -3.3304e+00 +2.8240e+00
% function evaluation | noise-free fitness - Fopt (1.319200000000e+02) | best noise-free fitness - Fopt | measured fitness | best measured fitness | x1 | x2...
1 +5.757004371e+05 +5.757004371e+05 +5.758323571e+05 +5.758323571e+05 -4.7518e+00 +3.4190e+00 +4.9726e+00
2 +3.536468111e+04 +3.536468111e+04 +3.549660111e+04 +3.549660111e+04 +7.8123e-02 +4.9552e+00 -3.2494e+00
3 +6.912905858e+03 +6.912905858e+03 +7.044825858e+03 +7.044825858e+03 +1.4763e+00 +3.9039e+00 -4.0982e+00
15 +2.360169412e+03 +2.360169412e+03 +2.492089412e+03 +2.492089412e+03 -3.6585e+00 -2.5308e+00 -4.8896e+00
45 +1.113093164e+02 +1.113093164e+02 +2.432293164e+02 +2.432293164e+02 -2.8235e+00 -3.2726e+00 -7.8973e+00
47 +2.286621712e+01 +2.286621712e+01 +1.547862171e+02 +1.547862171e+02 -1.8555e+00 +1.8273e+00 -6.0841e+00
183 +1.164415626e+01 +1.164415626e+01 +1.435641563e+02 +1.435641563e+02 -3.0155e+00 +1.0137e+00 -4.3920e+00
383 +7.478772614e+00 +7.478772614e+00 +1.393987726e+02 +1.393987726e+02 -3.5617e+00 +1.1616e+00 -5.2165e+00
430 +5.948996588e+00 +5.948996588e+00 +1.378689966e+02 +1.378689966e+02 -3.7449e+00 +1.2543e+00 -4.9974e+00
495 +3.074077473e+00 +3.074077473e+00 +1.349940775e+02 +1.349940775e+02 -3.0400e+00 +2.3590e+00 -4.5862e+00
505 +2.338094622e+00 +2.338094622e+00 +1.342580946e+02 +1.342580946e+02 -4.0397e+00 +1.1757e+00 -4.2142e+00
591 +1.380761208e+00 +1.380761208e+00 +1.333007612e+02 +1.333007612e+02 -3.5541e+00 +1.7471e+00 -3.8862e+00
673 +9.473581722e-01 +9.473581722e-01 +1.328673582e+02 +1.328673582e+02 -3.9277e+00 +1.4941e+00 -3.9569e+00
776 +5.832249303e-01 +5.832249303e-01 +1.325032249e+02 +1.325032249e+02 -3.6944e+00 +1.8688e+00 -3.9540e+00
875 +3.915161697e-01 +3.915161697e-01 +1.323115162e+02 +1.323115162e+02 -3.6005e+00 +2.1194e+00 -3.9064e+00
904 +2.421669075e-01 +2.421669075e-01 +1.321621669e+02 +1.321621669e+02 -3.8082e+00 +1.8700e+00 -3.8337e+00
1056 +1.494263827e-01 +1.494263827e-01 +1.320694264e+02 +1.320694264e+02 -3.9986e+00 +1.7453e+00 -3.8158e+00
1124 +8.504805407e-02 +8.504805407e-02 +1.320050481e+02 +1.320050481e+02 -3.8646e+00 +1.9059e+00 -3.7782e+00
1147 +3.783070694e-02 +3.783070694e-02 +1.319578307e+02 +1.319578307e+02 -3.9241e+00 +1.8952e+00 -3.7493e+00
1190 +4.671731883e-03 +4.671731883e-03 +1.319246717e+02 +1.319246717e+02 -3.9710e+00 +1.8968e+00 -3.7151e+00
1421 +2.668876802e-03 +2.668876802e-03 +1.319226689e+02 +1.319226689e+02 -3.9661e+00 +1.9085e+00 -3.7102e+00
1435 +7.729650870e-04 +7.729650870e-04 +1.319207730e+02 +1.319207730e+02 -3.9809e+00 +1.9043e+00 -3.7070e+00
1707 +5.088738352e-04 +5.088738352e-04 +1.319205089e+02 +1.319205089e+02 -3.9777e+00 +1.9079e+00 -3.7011e+00
1736 +3.222222282e-04 +3.222222282e-04 +1.319203222e+02 +1.319203222e+02 -3.9828e+00 +1.9049e+00 -3.7032e+00
1747 +1.786535575e-04 +1.786535575e-04 +1.319201787e+02 +1.319201787e+02 -3.9791e+00 +1.9104e+00 -3.7029e+00
1874 +1.075601310e-04 +1.075601310e-04 +1.319201076e+02 +1.319201076e+02 -3.9816e+00 +1.9089e+00 -3.7021e+00
1927 +9.701379261e-05 +9.701379261e-05 +1.319200970e+02 +1.319200970e+02 -3.9794e+00 +1.9110e+00 -3.7015e+00
1956 +6.035261259e-05 +6.035261259e-05 +1.319200604e+02 +1.319200604e+02 -3.9808e+00 +1.9099e+00 -3.7009e+00
2041 +1.602037960e-05 +1.602037960e-05 +1.319200160e+02 +1.319200160e+02 -3.9818e+00 +1.9103e+00 -3.7003e+00
2133 +9.096089741e-06 +9.096089741e-06 +1.319200091e+02 +1.319200091e+02 -3.9828e+00 +1.9094e+00 -3.6997e+00
2173 +2.722824462e-06 +2.722824462e-06 +1.319200027e+02 +1.319200027e+02 -3.9820e+00 +1.9104e+00 -3.6994e+00
2376 +1.563627137e-06 +1.563627137e-06 +1.319200016e+02 +1.319200016e+02 -3.9822e+00 +1.9103e+00 -3.6992e+00
2389 +3.611201578e-07 +3.611201578e-07 +1.319200004e+02 +1.319200004e+02 -3.9824e+00 +1.9103e+00 -3.6993e+00
2518 +5.165267680e-08 +5.165267680e-08 +1.319200001e+02 +1.319200001e+02 -3.9823e+00 +1.9104e+00 -3.6992e+00
2671 +3.271620130e-08 +3.271620130e-08 +1.319200000e+02 +1.319200000e+02 -3.9824e+00 +1.9104e+00 -3.6992e+00
2819 +1.748341560e-08 +1.748341560e-08 +1.319200000e+02 +1.319200000e+02 -3.9824e+00 +1.9104e+00 -3.6992e+00
2943 +1.333327759e-08 +1.333327759e-08 +1.319200000e+02 +1.319200000e+02 -3.9824e+00 +1.9104e+00 -3.6992e+00
2978 +6.693085197e-09 +6.693085197e-09 +1.319200000e+02 +1.319200000e+02 -3.9824e+00 +1.9104e+00 -3.6992e+00
% function evaluation | noise-free fitness - Fopt (5.908400000000e+02) | best noise-free fitness - Fopt | measured fitness | best measured fitness | x1 | x2...
1 +5.655436723e+05 +5.655436723e+05 +5.661345123e+05 +5.661345123e+05 -4.7518e+00 +3.4190e+00 +4.9726e+00
2 +2.623380089e+05 +2.623380089e+05 +2.629288489e+05 +2.629288489e+05 +7.8123e-02 +4.9552e+00 -3.2494e+00
4 +1.636181850e+05 +1.636181850e+05 +1.642090250e+05 +1.642090250e+05 -1.9670e+00 +1.6766e-01 -2.2473e+00
5 +6.898208684e+01 +6.898208684e+01 +6.598220868e+02 +6.598220868e+02 +3.4143e+00 -1.9282e+00 +2.0343e+00
6 +1.415143649e+01 +1.415143649e+01 +6.049914365e+02 +6.049914365e+02 +3.4351e+00 -4.2410e+00 -2.1758e+00
93 +6.601455312e+00 +6.601455312e+00 +5.974414553e+02 +5.974414553e+02 +2.7059e+00 -4.2860e+00 -3.0203e+00
340 +5.948313313e+00 +5.948313313e+00 +5.967883133e+02 +5.967883133e+02 +2.0969e+00 -2.5275e+00 -2.0305e+00
398 +3.186183300e+00 +3.186183300e+00 +5.940261833e+02 +5.940261833e+02 +1.6980e+00 -3.6211e+00 -2.7140e+00
515 +1.932510019e+00 +1.932510019e+00 +5.927725100e+02 +5.927725100e+02 +1.9124e+00 -4.2137e+00 -3.3335e+00
538 +1.416792575e+00 +1.416792575e+00 +5.922567926e+02 +5.922567926e+02 +1.5783e+00 -3.9200e+00 -3.2022e+00
627 +7.330442747e-01 +7.330442747e-01 +5.915730443e+02 +5.915730443e+02 +1.7950e+00 -3.7635e+00 -3.4181e+00
651 +5.560126047e-01 +5.560126047e-01 +5.913960126e+02 +5.913960126e+02 +1.4264e+00 -3.4609e+00 -3.2651e+00
807 +3.940234006e-01 +3.940234006e-01 +5.912340234e+02 +5.912340234e+02 +1.5338e+00 -3.4611e+00 -3.2668e+00
836 +1.585176440e-01 +1.585176440e-01 +5.909985176e+02 +5.909985176e+02 +1.5912e+00 -3.5324e+00 -3.4670e+00
915 +1.495839871e-01 +1.495839871e-01 +5.909895840e+02 +5.909895840e+02 +1.5073e+00 -3.4241e+00 -3.3696e+00
1000 +8.035196276e-02 +8.035196276e-02 +5.909203520e+02 +5.909203520e+02 +1.5488e+00 -3.3276e+00 -3.3947e+00
1057 +4.333246729e-02 +4.333246729e-02 +5.908833325e+02 +5.908833325e+02 +1.5101e+00 -3.3631e+00 -3.4271e+00
1110 +2.632988093e-02 +2.632988093e-02 +5.908663299e+02 +5.908663299e+02 +1.4954e+00 -3.3969e+00 -3.4685e+00
1195 +2.016634944e-02 +2.016634944e-02 +5.908601663e+02 +5.908601663e+02 +1.4833e+00 -3.4082e+00 -3.4889e+00
1265 +1.112770413e-02 +1.112770413e-02 +5.908511277e+02 +5.908511277e+02 +1.4828e+00 -3.3557e+00 -3.4784e+00
1316 +5.064945096e-03 +5.064945096e-03 +5.908450649e+02 +5.908450649e+02 +1.4630e+00 -3.3354e+00 -3.4720e+00
1353 +2.444479220e-03 +2.444479220e-03 +5.908424445e+02 +5.908424445e+02 +1.4595e+00 -3.3282e+00 -3.4824e+00
1420 +1.125958063e-03 +1.125958063e-03 +5.908411260e+02 +5.908411260e+02 +1.4504e+00 -3.3482e+00 -3.4935e+00
1591 +7.724328904e-04 +7.724328904e-04 +5.908407724e+02 +5.908407724e+02 +1.4534e+00 -3.3346e+00 -3.4910e+00
1599 +5.232110693e-04 +5.232110693e-04 +5.908405232e+02 +5.908405232e+02 +1.4517e+00 -3.3418e+00 -3.4946e+00
1638 +2.279518345e-04 +2.279518345e-04 +5.908402280e+02 +5.908402280e+02 +1.4483e+00 -3.3376e+00 -3.4947e+00
1753 +1.516260062e-04 +1.516260062e-04 +5.908401516e+02 +5.908401516e+02 +1.4489e+00 -3.3387e+00 -3.4968e+00
1779 +8.967871258e-05 +8.967871258e-05 +5.908400897e+02 +5.908400897e+02 +1.4471e+00 -3.3350e+00 -3.4954e+00
1992 +2.902454969e-05 +2.902454969e-05 +5.908400290e+02 +5.908400290e+02 +1.4467e+00 -3.3367e+00 -3.4974e+00
2082 +9.380412052e-06 +9.380412052e-06 +5.908400094e+02 +5.908400094e+02 +1.4457e+00 -3.3362e+00 -3.4978e+00
2229 +5.302481100e-06 +5.302481100e-06 +5.908400053e+02 +5.908400053e+02 +1.4460e+00 -3.3366e+00 -3.4982e+00
2314 +1.621163051e-06 +1.621163051e-06 +5.908400016e+02 +5.908400016e+02 +1.4457e+00 -3.3364e+00 -3.4984e+00
2433 +1.411095923e-06 +1.411095923e-06 +5.908400014e+02 +5.908400014e+02 +1.4458e+00 -3.3360e+00 -3.4982e+00
2493 +8.902037507e-07 +8.902037507e-07 +5.908400009e+02 +5.908400009e+02 +1.4458e+00 -3.3361e+00 -3.4982e+00
2599 +3.691445727e-07 +3.691445727e-07 +5.908400004e+02 +5.908400004e+02 +1.4456e+00 -3.3360e+00 -3.4983e+00
2662 +5.374079137e-08 +5.374079137e-08 +5.908400001e+02 +5.908400001e+02 +1.4456e+00 -3.3360e+00 -3.4984e+00
2975 +3.748323252e-08 +3.748323252e-08 +5.908400000e+02 +5.908400000e+02 +1.4456e+00 -3.3360e+00 -3.4984e+00
3048 +2.061938176e-08 +2.061938176e-08 +5.908400000e+02 +5.908400000e+02 +1.4456e+00 -3.3360e+00 -3.4984e+00
3076 +1.319187959e-08 +1.319187959e-08 +5.908400000e+02 +5.908400000e+02 +1.4456e+00 -3.3360e+00 -3.4984e+00
3104 +5.857828000e-09 +5.857828000e-09 +5.908400000e+02 +5.908400000e+02 +1.4456e+00 -3.3360e+00 -3.4984e+00
% function evaluation | noise-free fitness - Fopt (3.098000000000e+01) | best noise-free fitness - Fopt | measured fitness | best measured fitness | x1 | x2...
1 +9.622681130e+04 +9.622681130e+04 +9.625779130e+04 +9.625779130e+04 -4.7518e+00 +3.4190e+00 +4.9726e+00
5 +2.263999474e+02 +2.263999474e+02 +2.573799474e+02 +2.573799474e+02 +3.4143e+00 -1.9282e+00 +2.0343e+00
8 +1.078946096e+02 +1.078946096e+02 +1.388746096e+02 +1.388746096e+02 -2.1019e+00 -3.4714e+00 +3.3948e+00
13 +2.239461678e+01 +2.239461678e+01 +5.337461678e+01 +5.337461678e+01 +1.5159e+00 -1.6019e+00 -4.0518e-01
43 +6.741367757e+00 +6.741367757e+00 +3.772136776e+01 +3.772136776e+01 +1.1224e+00 -4.0687e+00 -1.4888e+00
185 +3.947778263e+00 +3.947778263e+00 +3.492777826e+01 +3.492777826e+01 +1.9949e+00 -1.9209e+00 -1.8705e+00
229 +1.325252771e+00 +1.325252771e+00 +3.230525277e+01 +3.230525277e+01 +1.7669e+00 -2.7867e+00 -2.2329e+00
479 +7.022734133e-01 +7.022734133e-01 +3.168227341e+01 +3.168227341e+01 +1.9573e+00 -3.1086e+00 -2.4779e+00
511 +1.883470148e-01 +1.883470148e-01 +3.116834701e+01 +3.116834701e+01 +2.1390e+00 -2.6866e+00 -2.5985e+00
619 +1.531913519e-01 +1.531913519e-01 +3.113319135e+01 +3.113319135e+01 +2.1266e+00 -2.6731e+00 -2.6097e+00
664 +7.942441141e-02 +7.942441141e-02 +3.105942441e+01 +3.105942441e+01 +2.1211e+00 -2.4864e+00 -2.6415e+00
761 +5.113848025e-02 +5.113848025e-02 +3.103113848e+01 +3.103113848e+01 +2.1197e+00 -2.6460e+00 -2.6912e+00
783 +1.664194227e-02 +1.664194227e-02 +3.099664194e+01 +3.099664194e+01 +2.1742e+00 -2.4711e+00 -2.7126e+00
851 +1.420973048e-02 +1.420973048e-02 +3.099420973e+01 +3.099420973e+01 +2.1686e+00 -2.4871e+00 -2.7138e+00
987 +4.451053295e-03 +4.451053295e-03 +3.098445105e+01 +3.098445105e+01 +2.1751e+00 -2.4806e+00 -2.7349e+00
1143 +3.412746456e-03 +3.412746456e-03 +3.098341275e+01 +3.098341275e+01 +2.1698e+00 -2.4720e+00 -2.7367e+00
1150 +1.709742264e-03 +1.709742264e-03 +3.098170974e+01 +3.098170974e+01 +2.1681e+00 -2.4972e+00 -2.7423e+00
1240 +1.459961987e-03 +1.459961987e-03 +3.098145996e+01 +3.098145996e+01 +2.1710e+00 -2.4853e+00 -2.7423e+00
1315 +5.105738523e-04 +5.105738523e-04 +3.098051057e+01 +3.098051057e+01 +2.1752e+00 -2.4903e+00 -2.7490e+00
1444 +2.668405905e-04 +2.668405905e-04 +3.098026684e+01 +3.098026684e+01 +2.1761e+00 -2.4871e+00 -2.7509e+00
1503 +2.283227231e-04 +2.283227231e-04 +3.098022832e+01 +3.098022832e+01 +2.1765e+00 -2.4861e+00 -2.7512e+00
1517 +1.409220861e-04 +1.409220861e-04 +3.098014092e+01 +3.098014092e+01 +2.1778e+00 -2.4867e+00 -2.7529e+00
1555 +7.640431132e-05 +7.640431132e-05 +3.098007640e+01 +3.098007640e+01 +2.1788e+00 -2.4845e+00 -2.7539e+00
1669 +5.280555038e-05 +5.280555038e-05 +3.098005281e+01 +3.098005281e+01 +2.1789e+00 -2.4823e+00 -2.7539e+00
1693 +3.265148230e-05 +3.265148230e-05 +3.098003265e+01 +3.098003265e+01 +2.1778e+00 -2.4831e+00 -2.7537e+00
1909 +1.900842263e-05 +1.900842263e-05 +3.098001901e+01 +3.098001901e+01 +2.1778e+00 -2.4823e+00 -2.7540e+00
1936 +1.485594010e-05 +1.485594010e-05 +3.098001486e+01 +3.098001486e+01 +2.1781e+00 -2.4827e+00 -2.7544e+00
1996 +5.676369227e-06 +5.676369227e-06 +3.098000568e+01 +3.098000568e+01 +2.1783e+00 -2.4817e+00 -2.7547e+00
2059 +3.171814008e-06 +3.171814008e-06 +3.098000317e+01 +3.098000317e+01 +2.1783e+00 -2.4823e+00 -2.7549e+00
2130 +1.735534912e-06 +1.735534912e-06 +3.098000174e+01 +3.098000174e+01 +2.1781e+00 -2.4818e+00 -2.7549e+00
2141 +9.092053013e-07 +9.092053013e-07 +3.098000091e+01 +3.098000091e+01 +2.1783e+00 -2.4818e+00 -2.7550e+00
2331 +5.904608322e-07 +5.904608322e-07 +3.098000059e+01 +3.098000059e+01 +2.1784e+00 -2.4817e+00 -2.7550e+00
2333 +3.764951231e-07 +3.764951231e-07 +3.098000038e+01 +3.098000038e+01 +2.1783e+00 -2.4818e+00 -2.7551e+00
2378 +1.017229110e-07 +1.017229110e-07 +3.098000010e+01 +3.098000010e+01 +2.1784e+00 -2.4817e+00 -2.7552e+00
2609 +5.365843236e-08 +5.365843236e-08 +3.098000005e+01 +3.098000005e+01 +2.1784e+00 -2.4816e+00 -2.7552e+00
2625 +3.864752784e-08 +3.864752784e-08 +3.098000004e+01 +3.098000004e+01 +2.1784e+00 -2.4816e+00 -2.7552e+00
2808 +2.355907469e-08 +2.355907469e-08 +3.098000002e+01 +3.098000002e+01 +2.1784e+00 -2.4816e+00 -2.7552e+00
2848 +1.069568256e-08 +1.069568256e-08 +3.098000001e+01 +3.098000001e+01 +2.1784e+00 -2.4816e+00 -2.7552e+00
2946 +2.664734211e-09 +2.664734211e-09 +3.098000000e+01 +3.098000000e+01 +2.1784e+00 -2.4816e+00 -2.7552e+00
2951 +1.888867729e-09 +1.888867729e-09 +3.098000000e+01 +3.098000000e+01 +2.1784e+00 -2.4816e+00 -2.7552e+00
% function evaluation | noise-free fitness - Fopt (-1.445400000000e+02) | best noise-free fitness - Fopt | measured fitness | best measured fitness | x1 | x2...
1 +5.878256477e+05 +5.878256477e+05 +5.876811077e+05 +5.876811077e+05 -4.7518e+00 +3.4190e+00 +4.9726e+00
2 +6.383392493e+04 +6.383392493e+04 +6.368938493e+04 +6.368938493e+04 +7.8123e-02 +4.9552e+00 -3.2494e+00
3 +2.900555616e+04 +2.900555616e+04 +2.886101616e+04 +2.886101616e+04 +1.4763e+00 +3.9039e+00 -4.0982e+00
4 +1.597264680e+04 +1.597264680e+04 +1.582810680e+04 +1.582810680e+04 -1.9670e+00 +1.6766e-01 -2.2473e+00
15 +9.916204096e+03 +9.916204096e+03 +9.771664096e+03 +9.771664096e+03 -3.6585e+00 -2.5308e+00 -4.8896e+00
47 +2.506086977e+01 +2.506086977e+01 -1.194791302e+02 -1.194791302e+02 -1.8555e+00 +1.8273e+00 -6.0841e+00
129 +8.491646542e+00 +8.491646542e+00 -1.360483535e+02 -1.360483535e+02 -2.9974e+00 -6.5867e-01 -4.9165e+00
160 +3.873687742e+00 +3.873687742e+00 -1.406663123e+02 -1.406663123e+02 -1.4752e+00 +6.6496e-01 -4.0000e+00
466 +1.545609296e+00 +1.545609296e+00 -1.429943907e+02 -1.429943907e+02 -2.5598e+00 -9.9618e-01 -3.7780e+00
652 +7.602105438e-01 +7.602105438e-01 -1.437797895e+02 -1.437797895e+02 -2.0407e+00 -3.3614e-01 -3.6953e+00
661 +4.235729892e-01 +4.235729892e-01 -1.441164270e+02 -1.441164270e+02 -2.2235e+00 -5.4759e-01 -3.4689e+00
769 +1.686414935e-01 +1.686414935e-01 -1.443713585e+02 -1.443713585e+02 -2.0849e+00 -5.5238e-01 -3.4068e+00
862 +3.280569174e-02 +3.280569174e-02 -1.445071943e+02 -1.445071943e+02 -1.9265e+00 -4.8405e-01 -3.3195e+00
1069 +2.150169619e-02 +2.150169619e-02 -1.445184983e+02 -1.445184983e+02 -1.9366e+00 -4.8964e-01 -3.2620e+00
1307 +9.132582778e-03 +9.132582778e-03 -1.445308674e+02 -1.445308674e+02 -1.9364e+00 -5.2197e-01 -3.2797e+00
1380 +4.479407959e-03 +4.479407959e-03 -1.445355206e+02 -1.445355206e+02 -1.9086e+00 -5.0227e-01 -3.2692e+00
1493 +2.021669671e-03 +2.021669671e-03 -1.445379783e+02 -1.445379783e+02 -1.9013e+00 -5.0189e-01 -3.2613e+00
1607 +7.835859457e-04 +7.835859457e-04 -1.445392164e+02 -1.445392164e+02 -1.9049e+00 -5.1070e-01 -3.2561e+00
1660 +5.710264407e-04 +5.710264407e-04 -1.445394290e+02 -1.445394290e+02 -1.9047e+00 -5.0940e-01 -3.2524e+00
1742 +1.787216284e-04 +1.787216284e-04 -1.445398213e+02 -1.445398213e+02 -1.9046e+00 -5.1486e-01 -3.2507e+00
1795 +4.317120562e-05 +4.317120562e-05 -1.445399568e+02 -1.445399568e+02 -1.9003e+00 -5.1132e-01 -3.2482e+00
2027 +1.938987046e-05 +1.938987046e-05 -1.445399806e+02 -1.445399806e+02 -1.9003e+00 -5.1257e-01 -3.2485e+00
2100 +1.563894827e-05 +1.563894827e-05 -1.445399844e+02 -1.445399844e+02 -1.8999e+00 -5.1200e-01 -3.2482e+00
2215 +9.143199321e-06 +9.143199321e-06 -1.445399909e+02 -1.445399909e+02 -1.9000e+00 -5.1219e-01 -3.2479e+00
2283 +4.640574815e-06 +4.640574815e-06 -1.445399954e+02 -1.445399954e+02 -1.8997e+00 -5.1231e-01 -3.2477e+00
2348 +3.066459982e-06 +3.066459982e-06 -1.445399969e+02 -1.445399969e+02 -1.9004e+00 -5.1287e-01 -3.2475e+00
2470 +1.617488579e-06 +1.617488579e-06 -1.445399984e+02 -1.445399984e+02 -1.9003e+00 -5.1286e-01 -3.2473e+00
2521 +4.673331091e-07 +4.673331091e-07 -1.445399995e+02 -1.445399995e+02 -1.9001e+00 -5.1274e-01 -3.2473e+00
2662 +3.834136635e-07 +3.834136635e-07 -1.445399996e+02 -1.445399996e+02 -1.9000e+00 -5.1276e-01 -3.2473e+00
2750 +1.764130388e-07 +1.764130388e-07 -1.445399998e+02 -1.445399998e+02 -1.9001e+00 -5.1281e-01 -3.2473e+00
2842 +9.808280765e-08 +9.808280765e-08 -1.445399999e+02 -1.445399999e+02 -1.9001e+00 -5.1285e-01 -3.2472e+00
2953 +5.682318260e-08 +5.682318260e-08 -1.445399999e+02 -1.445399999e+02 -1.9001e+00 -5.1282e-01 -3.2472e+00
3005 +1.164437435e-09 +1.164437435e-09 -1.445400000e+02 -1.445400000e+02 -1.9000e+00 -5.1280e-01 -3.2472e+00
% function evaluation | noise-free fitness - Fopt (-9.649000000000e+01) | best noise-free fitness - Fopt | measured fitness | best measured fitness | x1 | x2...
1 +3.742173319e+04 +3.742173319e+04 +3.732524319e+04 +3.732524319e+04 -4.7518e+00 +3.4190e+00 +4.9726e+00
2 +2.185336660e+02 +2.185336660e+02 +1.220436660e+02 +1.220436660e+02 +7.8123e-02 +4.9552e+00 -3.2494e+00
7 +3.810171237e+01 +3.810171237e+01 -5.838828763e+01 -5.838828763e+01 +2.0232e+00 +1.7815e+00 +2.1706e-01
28 +1.706180275e+01 +1.706180275e+01 -7.942819725e+01 -7.942819725e+01 -8.2328e-01 +2.1835e-01 +1.3382e+00
54 +1.192142557e+01 +1.192142557e+01 -8.456857443e+01 -8.456857443e+01 -1.0382e-02 +8.9637e-01 +1.4224e+00
75 +2.333451684e+00 +2.333451684e+00 -9.415654832e+01 -9.415654832e+01 -2.3434e+00 +1.1767e+00 +2.4161e+00
551 +1.449572841e+00 +1.449572841e+00 -9.504042716e+01 -9.504042716e+01 -1.9838e+00 +1.5059e+00 +2.6338e+00
650 +9.730706081e-01 +9.730706081e-01 -9.551692939e+01 -9.551692939e+01 -2.1980e+00 +1.7803e+00 +2.9680e+00
748 +6.080622030e-01 +6.080622030e-01 -9.588193780e+01 -9.588193780e+01 -2.4705e+00 +1.8228e+00 +3.0710e+00
765 +3.842072632e-01 +3.842072632e-01 -9.610579274e+01 -9.610579274e+01 -2.5818e+00 +1.7158e+00 +3.0036e+00
798 +2.263971224e-01 +2.263971224e-01 -9.626360288e+01 -9.626360288e+01 -2.7094e+00 +1.7636e+00 +3.1120e+00
907 +1.347666805e-01 +1.347666805e-01 -9.635523332e+01 -9.635523332e+01 -2.7097e+00 +1.6536e+00 +3.0954e+00
945 +7.987055236e-02 +7.987055236e-02 -9.641012945e+01 -9.641012945e+01 -2.7814e+00 +1.6730e+00 +3.1272e+00
1041 +5.401248871e-02 +5.401248871e-02 -9.643598751e+01 -9.643598751e+01 -2.8597e+00 +1.7004e+00 +3.1518e+00
1056 +3.810912857e-02 +3.810912857e-02 -9.645189087e+01 -9.645189087e+01 -2.8672e+00 +1.6751e+00 +3.1543e+00
1101 +2.165237114e-02 +2.165237114e-02 -9.646834763e+01 -9.646834763e+01 -2.8929e+00 +1.6856e+00 +3.1862e+00
1138 +9.475576130e-03 +9.475576130e-03 -9.648052442e+01 -9.648052442e+01 -2.9226e+00 +1.6333e+00 +3.1686e+00
1264 +5.724102619e-03 +5.724102619e-03 -9.648427590e+01 -9.648427590e+01 -2.9392e+00 +1.6685e+00 +3.1895e+00
1298 +2.418489693e-03 +2.418489693e-03 -9.648758151e+01 -9.648758151e+01 -2.9423e+00 +1.6551e+00 +3.1970e+00
1564 +1.445316977e-03 +1.445316977e-03 -9.648855468e+01 -9.648855468e+01 -2.9549e+00 +1.6620e+00 +3.1992e+00
1634 +8.970145335e-04 +8.970145335e-04 -9.648910299e+01 -9.648910299e+01 -2.9647e+00 +1.6660e+00 +3.2051e+00
1637 +4.825786172e-04 +4.825786172e-04 -9.648951742e+01 -9.648951742e+01 -2.9629e+00 +1.6569e+00 +3.2016e+00
1674 +3.466603218e-04 +3.466603218e-04 -9.648965334e+01 -9.648965334e+01 -2.9671e+00 +1.6573e+00 +3.2020e+00
1800 +1.614617051e-04 +1.614617051e-04 -9.648983854e+01 -9.648983854e+01 -2.9705e+00 +1.6615e+00 +3.2061e+00
1828 +8.607452882e-05 +8.607452882e-05 -9.648991393e+01 -9.648991393e+01 -2.9690e+00 +1.6584e+00 +3.2056e+00
1944 +5.736026247e-05 +5.736026247e-05 -9.648994264e+01 -9.648994264e+01 -2.9714e+00 +1.6577e+00 +3.2057e+00
1971 +3.346750808e-05 +3.346750808e-05 -9.648996653e+01 -9.648996653e+01 -2.9706e+00 +1.6588e+00 +3.2068e+00
2054 +2.316995597e-05 +2.316995597e-05 -9.648997683e+01 -9.648997683e+01 -2.9718e+00 +1.6585e+00 +3.2067e+00
2134 +1.136935734e-05 +1.136935734e-05 -9.648998863e+01 -9.648998863e+01 -2.9726e+00 +1.6588e+00 +3.2071e+00
2190 +7.950087010e-06 +7.950087010e-06 -9.648999205e+01 -9.648999205e+01 -2.9726e+00 +1.6587e+00 +3.2073e+00
2221 +6.248157945e-06 +6.248157945e-06 -9.648999375e+01 -9.648999375e+01 -2.9731e+00 +1.6594e+00 +3.2076e+00
2322 +3.818604299e-06 +3.818604299e-06 -9.648999618e+01 -9.648999618e+01 -2.9728e+00 +1.6592e+00 +3.2077e+00
2396 +1.406135183e-06 +1.406135183e-06 -9.648999859e+01 -9.648999859e+01 -2.9732e+00 +1.6591e+00 +3.2077e+00
2425 +8.804914984e-07 +8.804914984e-07 -9.648999912e+01 -9.648999912e+01 -2.9734e+00 +1.6592e+00 +3.2078e+00
2531 +5.351710399e-07 +5.351710399e-07 -9.648999946e+01 -9.648999946e+01 -2.9733e+00 +1.6591e+00 +3.2078e+00
2674 +1.990811853e-07 +1.990811853e-07 -9.648999980e+01 -9.648999980e+01 -2.9735e+00 +1.6592e+00 +3.2079e+00
2731 +4.832743628e-08 +4.832743628e-08 -9.648999995e+01 -9.648999995e+01 -2.9735e+00 +1.6592e+00 +3.2080e+00
2898 +8.347655012e-09 +8.347655012e-09 -9.648999999e+01 -9.648999999e+01 -2.9736e+00 +1.6592e+00 +3.2080e+00
% function evaluation | noise-free fitness - Fopt (1.000000000000e+03) | best noise-free fitness - Fopt | measured fitness | best measured fitness | x1 | x2...
1 +9.165320993e+05 +9.165320993e+05 +9.175320993e+05 +9.175320993e+05 -4.7518e+00 +3.4190e+00 +4.9726e+00
2 +7.315698922e+04 +7.315698922e+04 +7.415698922e+04 +7.415698922e+04 +7.8123e-02 +4.9552e+00 -3.2494e+00
5 +3.489606379e+04 +3.489606379e+04 +3.589606379e+04 +3.589606379e+04 +3.4143e+00 -1.9282e+00 +2.0343e+00
7 +9.348170962e+03 +9.348170962e+03 +1.034817096e+04 +1.034817096e+04 +2.0232e+00 +1.7815e+00 +2.1706e-01
68 +4.991890971e+03 +4.991890971e+03 +5.991890971e+03 +5.991890971e+03 +3.6578e+00 -6.8498e-01 +2.0725e+00
69 +3.114189096e+03 +3.114189096e+03 +4.114189096e+03 +4.114189096e+03 +3.2955e+00 +2.2632e+00 +3.1807e+00
86 +2.005309328e+03 +2.005309328e+03 +3.005309328e+03 +3.005309328e+03 +3.8690e+00 +3.6612e+00 +4.4051e+00
91 +6.048678980e+01 +6.048678980e+01 +1.060486790e+03 +1.060486790e+03 +7.5359e+00 -1.7875e+00 +5.9151e+00
92 +7.150190541e-01 +7.150190541e-01 +1.000715019e+03 +1.000715019e+03 +2.1860e+00 +2.7124e+00 +1.0929e+00
481 +3.889347183e-01 +3.889347183e-01 +1.000388935e+03 +1.000388935e+03 +2.0487e+00 +2.7350e+00 +7.6772e-01
539 +2.172163648e-01 +2.172163648e-01 +1.000217216e+03 +1.000217216e+03 +1.9190e+00 +2.8729e+00 +9.5496e-01
619 +8.185376355e-02 +8.185376355e-02 +1.000081854e+03 +1.000081854e+03 +1.8211e+00 +2.9826e+00 +8.4889e-01
779 +3.154244160e-02 +3.154244160e-02 +1.000031542e+03 +1.000031542e+03 +1.7637e+00 +2.9703e+00 +7.8315e-01
851 +1.466447327e-02 +1.466447327e-02 +1.000014664e+03 +1.000014664e+03 +1.7269e+00 +3.0334e+00 +7.6652e-01
972 +9.936751672e-03 +9.936751672e-03 +1.000009937e+03 +1.000009937e+03 +1.7158e+00 +3.0253e+00 +7.1306e-01
1051 +4.561888052e-03 +4.561888052e-03 +1.000004562e+03 +1.000004562e+03 +1.6995e+00 +3.0278e+00 +7.3179e-01
1084 +1.487186230e-03 +1.487186230e-03 +1.000001487e+03 +1.000001487e+03 +1.6892e+00 +3.0475e+00 +7.2133e-01
1283 +5.381647089e-04 +5.381647089e-04 +1.000000538e+03 +1.000000538e+03 +1.6817e+00 +3.0538e+00 +7.1997e-01
1449 +2.655845121e-04 +2.655845121e-04 +1.000000266e+03 +1.000000266e+03 +1.6784e+00 +3.0589e+00 +7.2064e-01
1505 +1.662174988e-04 +1.662174988e-04 +1.000000166e+03 +1.000000166e+03 +1.6769e+00 +3.0594e+00 +7.1934e-01
1526 +1.483819676e-04 +1.483819676e-04 +1.000000148e+03 +1.000000148e+03 +1.6772e+00 +3.0588e+00 +7.2122e-01
1571 +5.680908487e-05 +5.680908487e-05 +1.000000057e+03 +1.000000057e+03 +1.6742e+00 +3.0626e+00 +7.2110e-01
1673 +3.024536511e-05 +3.024536511e-05 +1.000000030e+03 +1.000000030e+03 +1.6742e+00 +3.0615e+00 +7.2019e-01
1708 +7.490160897e-06 +7.490160897e-06 +1.000000007e+03 +1.000000007e+03 +1.6728e+00 +3.0624e+00 +7.1920e-01
1841 +5.005543926e-06 +5.005543926e-06 +1.000000005e+03 +1.000000005e+03 +1.6726e+00 +3.0631e+00 +7.1959e-01
1893 +3.101879884e-06 +3.101879884e-06 +1.000000003e+03 +1.000000003e+03 +1.6725e+00 +3.0628e+00 +7.1919e-01
1966 +2.069078505e-06 +2.069078505e-06 +1.000000002e+03 +1.000000002e+03 +1.6724e+00 +3.0630e+00 +7.1954e-01
2073 +9.507767800e-07 +9.507767800e-07 +1.000000001e+03 +1.000000001e+03 +1.6722e+00 +3.0632e+00 +7.1931e-01
2280 +5.494948709e-07 +5.494948709e-07 +1.000000001e+03 +1.000000001e+03 +1.6722e+00 +3.0631e+00 +7.1933e-01
2284 +2.841248943e-07 +2.841248943e-07 +1.000000000e+03 +1.000000000e+03 +1.6721e+00 +3.0632e+00 +7.1930e-01
2369 +2.207542593e-07 +2.207542593e-07 +1.000000000e+03 +1.000000000e+03 +1.6721e+00 +3.0631e+00 +7.1929e-01
2408 +1.068578968e-07 +1.068578968e-07 +1.000000000e+03 +1.000000000e+03 +1.6721e+00 +3.0631e+00 +7.1922e-01
2469 +5.321408025e-08 +5.321408025e-08 +1.000000000e+03 +1.000000000e+03 +1.6721e+00 +3.0632e+00 +7.1922e-01
2551 +2.554907041e-08 +2.554907041e-08 +1.000000000e+03 +1.000000000e+03 +1.6720e+00 +3.0632e+00 +7.1921e-01
2733 +1.708042419e-08 +1.708042419e-08 +1.000000000e+03 +1.000000000e+03 +1.6720e+00 +3.0632e+00 +7.1922e-01
2818 +5.470951692e-09 +5.470951692e-09 +1.000000000e+03 +1.000000000e+03 +1.6720e+00 +3.0632e+00 +7.1920e-01
% function evaluation | noise-free fitness - Fopt (-1.547600000000e+02) | best noise-free fitness - Fopt | measured fitness | best measured fitness | x1 | x2...
1 +4.802285742e+05 +4.802285742e+05 +4.800738142e+05 +4.800738142e+05 -4.7518e+00 +3.4190e+00 +4.9726e+00
2 +1.751508422e+05 +1.751508422e+05 +1.749960822e+05 +1.749960822e+05 +7.8123e-02 +4.9552e+00 -3.2494e+00
4 +8.310940071e+04 +8.310940071e+04 +8.295464071e+04 +8.295464071e+04 -1.9670e+00 +1.6766e-01 -2.2473e+00
5 +3.402944096e+04 +3.402944096e+04 +3.387468096e+04 +3.387468096e+04 +3.4143e+00 -1.9282e+00 +2.0343e+00
7 +3.625133685e+03 +3.625133685e+03 +3.470373685e+03 +3.470373685e+03 +2.0232e+00 +1.7815e+00 +2.1706e-01
27 +9.491124119e+02 +9.491124119e+02 +7.943524119e+02 +7.943524119e+02 +4.3025e+00 -2.3845e-01 +4.6832e+00
33 +3.139937519e+01 +3.139937519e+01 -1.233606248e+02 -1.233606248e+02 +4.8228e+00 +3.7892e+00 +4.4588e+00
62 +3.897520478e+00 +3.897520478e+00 -1.508624795e+02 -1.508624795e+02 +2.7819e+00 +3.6234e+00 +1.4916e+00
228 +1.623250476e+00 +1.623250476e+00 -1.531367495e+02 -1.531367495e+02 +2.1861e+00 +3.7883e+00 +8.9829e-01
303 +6.417821230e-01 +6.417821230e-01 -1.541182179e+02 -1.541182179e+02 +1.7523e+00 +2.9313e+00 +6.0344e-01
325 +3.212955317e-01 +3.212955317e-01 -1.544387045e+02 -1.544387045e+02 +1.7427e+00 +3.2622e+00 +4.6143e-01
723 +7.480537199e-02 +7.480537199e-02 -1.546851946e+02 -1.546851946e+02 +1.5899e+00 +2.8898e+00 +2.5444e-01
863 +4.506603049e-02 +4.506603049e-02 -1.547149340e+02 -1.547149340e+02 +1.5781e+00 +2.9157e+00 +2.5468e-01
878 +1.025885598e-02 +1.025885598e-02 -1.547497411e+02 -1.547497411e+02 +1.5179e+00 +2.9149e+00 +2.0030e-01
957 +5.031996470e-03 +5.031996470e-03 -1.547549680e+02 -1.547549680e+02 +1.5125e+00 +2.9415e+00 +1.9603e-01
983 +2.531897456e-03 +2.531897456e-03 -1.547574681e+02 -1.547574681e+02 +1.4871e+00 +2.9282e+00 +1.8480e-01
1316 +2.142185093e-03 +2.142185093e-03 -1.547578578e+02 -1.547578578e+02 +1.4967e+00 +2.9408e+00 +1.8205e-01
1333 +1.577517509e-03 +1.577517509e-03 -1.547584225e+02 -1.547584225e+02 +1.4931e+00 +2.9398e+00 +1.8055e-01
1436 +9.648919798e-04 +9.648919798e-04 -1.547590351e+02 -1.547590351e+02 +1.4895e+00 +2.9356e+00 +1.7624e-01
1496 +2.624960467e-04 +2.624960467e-04 -1.547597375e+02 -1.547597375e+02 +1.4827e+00 +2.9230e+00 +1.6764e-01
1676 +2.452598945e-04 +2.452598945e-04 -1.547597547e+02 -1.547597547e+02 +1.4817e+00 +2.9242e+00 +1.6877e-01
1685 +8.640996987e-05 +8.640996987e-05 -1.547599136e+02 -1.547599136e+02 +1.4803e+00 +2.9233e+00 +1.6576e-01
1811 +4.214779821e-05 +4.214779821e-05 -1.547599579e+02 -1.547599579e+02 +1.4788e+00 +2.9234e+00 +1.6505e-01
1836 +2.857244590e-05 +2.857244590e-05 -1.547599714e+02 -1.547599714e+02 +1.4787e+00 +2.9233e+00 +1.6443e-01
1843 +1.675881657e-05 +1.675881657e-05 -1.547599832e+02 -1.547599832e+02 +1.4782e+00 +2.9239e+00 +1.6448e-01
1932 +7.957028117e-06 +7.957028117e-06 -1.547599920e+02 -1.547599920e+02 +1.4780e+00 +2.9240e+00 +1.6403e-01
1973 +4.823771292e-06 +4.823771292e-06 -1.547599952e+02 -1.547599952e+02 +1.4779e+00 +2.9238e+00 +1.6372e-01
2098 +3.257442671e-06 +3.257442671e-06 -1.547599967e+02 -1.547599967e+02 +1.4780e+00 +2.9240e+00 +1.6374e-01
2106 +2.128729335e-06 +2.128729335e-06 -1.547599979e+02 -1.547599979e+02 +1.4780e+00 +2.9244e+00 +1.6366e-01
2154 +8.936836480e-07 +8.936836480e-07 -1.547599991e+02 -1.547599991e+02 +1.4778e+00 +2.9240e+00 +1.6340e-01
2419 +1.896534059e-07 +1.896534059e-07 -1.547599998e+02 -1.547599998e+02 +1.4777e+00 +2.9241e+00 +1.6332e-01
2673 +1.260658280e-07 +1.260658280e-07 -1.547599999e+02 -1.547599999e+02 +1.4777e+00 +2.9241e+00 +1.6330e-01
2740 +6.471324809e-08 +6.471324809e-08 -1.547599999e+02 -1.547599999e+02 +1.4777e+00 +2.9240e+00 +1.6326e-01
2767 +6.193150170e-08 +6.193150170e-08 -1.547599999e+02 -1.547599999e+02 +1.4777e+00 +2.9240e+00 +1.6326e-01
2806 +3.073270705e-08 +3.073270705e-08 -1.547600000e+02 -1.547600000e+02 +1.4776e+00 +2.9240e+00 +1.6324e-01
2887 +1.185648557e-08 +1.185648557e-08 -1.547600000e+02 -1.547600000e+02 +1.4776e+00 +2.9240e+00 +1.6323e-01
3032 +8.771763760e-09 +8.771763760e-09 -1.547600000e+02 -1.547600000e+02 +1.4776e+00 +2.9240e+00 +1.6322e-01
3041 +5.818662885e-09 +5.818662885e-09 -1.547600000e+02 -1.547600000e+02 +1.4776e+00 +2.9240e+00 +1.6321e-01
% function evaluation | noise-free fitness - Fopt (3.914000000000e+01) | best noise-free fitness - Fopt | measured fitness | best measured fitness | x1 | x2...
1 +1.046936746e+04 +1.046936746e+04 +1.050850746e+04 +1.050850746e+04 -4.7518e+00 +3.4190e+00 +4.9726e+00
5 +6.649100082e+01 +6.649100082e+01 +1.056310008e+02 +1.056310008e+02 +3.4143e+00 -1.9282e+00 +2.0343e+00
11 +2.405854758e+00 +2.405854758e+00 +4.154585476e+01 +4.154585476e+01 -1.1039e+00 -2.1638e+00 +6.6075e-02
411 +1.447693327e+00 +1.447693327e+00 +4.058769333e+01 +4.058769333e+01 -1.0200e+00 -2.7835e+00 -4.9635e-02
482 +9.586149128e-01 +9.586149128e-01 +4.009861491e+01 +4.009861491e+01 -9.1055e-01 -2.5357e+00 -1.4415e-01
550 +5.053312785e-01 +5.053312785e-01 +3.964533128e+01 +3.964533128e+01 -1.1587e+00 -2.6434e+00 -2.6875e-01
566 +3.792117511e-01 +3.792117511e-01 +3.951921175e+01 +3.951921175e+01 -1.1168e+00 -2.5601e+00 -3.3698e-01
602 +2.276303394e-01 +2.276303394e-01 +3.936763034e+01 +3.936763034e+01 -1.2860e+00 -2.6874e+00 -4.3209e-01
792 +4.045324193e-02 +4.045324193e-02 +3.918045324e+01 +3.918045324e+01 -1.3898e+00 -2.5770e+00 -5.2907e-01
815 +8.789511260e-03 +8.789511260e-03 +3.914878951e+01 +3.914878951e+01 -1.3792e+00 -2.6099e+00 -5.7222e-01
931 +9.092782524e-04 +9.092782524e-04 +3.914090928e+01 +3.914090928e+01 -1.3840e+00 -2.6222e+00 -6.0258e-01
1353 +5.365021516e-04 +5.365021516e-04 +3.914053650e+01 +3.914053650e+01 -1.3815e+00 -2.6221e+00 -6.0401e-01
1368 +2.718378873e-04 +2.718378873e-04 +3.914027184e+01 +3.914027184e+01 -1.3766e+00 -2.6224e+00 -6.0761e-01
1420 +1.013574551e-04 +1.013574551e-04 +3.914010136e+01 +3.914010136e+01 -1.3786e+00 -2.6204e+00 -6.0815e-01
1657 +5.771578908e-05 +5.771578908e-05 +3.914005772e+01 +3.914005772e+01 -1.3813e+00 -2.6201e+00 -6.0822e-01
1837 +1.771611139e-05 +1.771611139e-05 +3.914001772e+01 +3.914001772e+01 -1.3819e+00 -2.6200e+00 -6.0928e-01
1976 +1.115585631e-05 +1.115585631e-05 +3.914001116e+01 +3.914001116e+01 -1.3830e+00 -2.6196e+00 -6.0949e-01
1994 +9.233512444e-06 +9.233512444e-06 +3.914000923e+01 +3.914000923e+01 -1.3824e+00 -2.6204e+00 -6.0979e-01
2012 +6.081251016e-06 +6.081251016e-06 +3.914000608e+01 +3.914000608e+01 -1.3821e+00 -2.6201e+00 -6.1007e-01
2072 +3.500064302e-06 +3.500064302e-06 +3.914000350e+01 +3.914000350e+01 -1.3826e+00 -2.6201e+00 -6.0999e-01
2147 +1.778174209e-06 +1.778174209e-06 +3.914000178e+01 +3.914000178e+01 -1.3830e+00 -2.6199e+00 -6.1008e-01
2282 +1.393610034e-06 +1.393610034e-06 +3.914000139e+01 +3.914000139e+01 -1.3830e+00 -2.6200e+00 -6.1012e-01
2301 +9.185191132e-07 +9.185191132e-07 +3.914000092e+01 +3.914000092e+01 -1.3830e+00 -2.6200e+00 -6.1018e-01
2345 +5.153505853e-07 +5.153505853e-07 +3.914000052e+01 +3.914000052e+01 -1.3831e+00 -2.6200e+00 -6.1024e-01
2375 +1.434501229e-07 +1.434501229e-07 +3.914000014e+01 +3.914000014e+01 -1.3832e+00 -2.6200e+00 -6.1032e-01
2471 +9.748262642e-08 +9.748262642e-08 +3.914000010e+01 +3.914000010e+01 -1.3832e+00 -2.6200e+00 -6.1034e-01
2525 +7.891557630e-09 +7.891557630e-09 +3.914000001e+01 +3.914000001e+01 -1.3832e+00 -2.6200e+00 -6.1039e-01
% function evaluation | noise-free fitness - Fopt (-1.186000000000e+01) | best noise-free fitness - Fopt | measured fitness | best measured fitness | x1 | x2...
1 +1.054969941e+06 +1.054969941e+06 +1.054958081e+06 +1.054958081e+06 -4.7518e+00 +3.4190e+00 +4.9726e+00
2 +3.816328878e+04 +3.816328878e+04 +3.815142878e+04 +3.815142878e+04 +7.8123e-02 +4.9552e+00 -3.2494e+00
3 +3.731145768e+03 +3.731145768e+03 +3.719285768e+03 +3.719285768e+03 +1.4763e+00 +3.9039e+00 -4.0982e+00
15 +6.881322861e+01 +6.881322861e+01 +5.695322861e+01 +5.695322861e+01 -3.6585e+00 -2.5308e+00 -4.8896e+00
105 +3.939530701e+01 +3.939530701e+01 +2.753530701e+01 +2.753530701e+01 +3.8655e-01 +2.3008e+00 -4.6331e+00
143 +2.280560917e+01 +2.280560917e+01 +1.094560917e+01 +1.094560917e+01 +3.9895e+00 +3.5744e+00 -4.5660e+00
158 +9.254141486e+00 +9.254141486e+00 -2.605858514e+00 -2.605858514e+00 +6.3308e-01 +1.7150e+00 -3.1189e+00
520 +3.045983052e+00 +3.045983052e+00 -8.814016948e+00 -8.814016948e+00 +2.2578e+00 +2.0985e+00 -3.3970e+00
657 +2.285336539e+00 +2.285336539e+00 -9.574663461e+00 -9.574663461e+00 +1.9402e+00 +2.1537e+00 -3.0436e+00
713 +1.473575006e+00 +1.473575006e+00 -1.038642499e+01 -1.038642499e+01 +2.2258e+00 +1.8525e+00 -3.1585e+00
768 +1.475188611e-01 +1.475188611e-01 -1.171248114e+01 -1.171248114e+01 +2.6859e+00 +2.4794e+00 -2.8827e+00
904 +7.557063008e-02 +7.557063008e-02 -1.178442937e+01 -1.178442937e+01 +2.8233e+00 +2.6246e+00 -2.8673e+00
938 +4.468278912e-02 +4.468278912e-02 -1.181531721e+01 -1.181531721e+01 +2.8001e+00 +2.5224e+00 -2.8664e+00
1126 +1.709533176e-02 +1.709533176e-02 -1.184290467e+01 -1.184290467e+01 +2.8663e+00 +2.5763e+00 -2.8506e+00
1167 +1.313264490e-02 +1.313264490e-02 -1.184686736e+01 -1.184686736e+01 +2.8317e+00 +2.5689e+00 -2.8313e+00
1357 +8.551762288e-03 +8.551762288e-03 -1.185144824e+01 -1.185144824e+01 +2.8619e+00 +2.5785e+00 -2.8352e+00
1417 +2.592380203e-03 +2.592380203e-03 -1.185740762e+01 -1.185740762e+01 +2.8826e+00 +2.6129e+00 -2.8257e+00
1507 +2.476432124e-03 +2.476432124e-03 -1.185752357e+01 -1.185752357e+01 +2.8794e+00 +2.6119e+00 -2.8245e+00
1513 +1.055671418e-03 +1.055671418e-03 -1.185894433e+01 -1.185894433e+01 +2.8775e+00 +2.6105e+00 -2.8193e+00
1645 +8.159324074e-04 +8.159324074e-04 -1.185918407e+01 -1.185918407e+01 +2.8778e+00 +2.6045e+00 -2.8174e+00
1649 +5.672389158e-04 +5.672389158e-04 -1.185943276e+01 -1.185943276e+01 +2.8829e+00 +2.6158e+00 -2.8177e+00
1703 +2.688266951e-04 +2.688266951e-04 -1.185973117e+01 -1.185973117e+01 +2.8795e+00 +2.6151e+00 -2.8143e+00
1735 +8.316240352e-05 +8.316240352e-05 -1.185991684e+01 -1.185991684e+01 +2.8817e+00 +2.6159e+00 -2.8132e+00
1782 +5.459556856e-05 +5.459556856e-05 -1.185994540e+01 -1.185994540e+01 +2.8837e+00 +2.6155e+00 -2.8134e+00
1859 +2.886890417e-05 +2.886890417e-05 -1.185997113e+01 -1.185997113e+01 +2.8840e+00 +2.6183e+00 -2.8128e+00
1888 +2.085362948e-05 +2.085362948e-05 -1.185997915e+01 -1.185997915e+01 +2.8840e+00 +2.6165e+00 -2.8127e+00
2022 +1.489440431e-05 +1.489440431e-05 -1.185998511e+01 -1.185998511e+01 +2.8848e+00 +2.6182e+00 -2.8127e+00
2062 +8.633859654e-06 +8.633859654e-06 -1.185999137e+01 -1.185999137e+01 +2.8840e+00 +2.6173e+00 -2.8124e+00
2069 +5.516602494e-06 +5.516602494e-06 -1.185999448e+01 -1.185999448e+01 +2.8840e+00 +2.6179e+00 -2.8122e+00
2182 +1.777303918e-06 +1.777303918e-06 -1.185999822e+01 -1.185999822e+01 +2.8845e+00 +2.6183e+00 -2.8122e+00
2392 +9.310469533e-07 +9.310469533e-07 -1.185999907e+01 -1.185999907e+01 +2.8846e+00 +2.6181e+00 -2.8121e+00
2468 +3.875545307e-07 +3.875545307e-07 -1.185999961e+01 -1.185999961e+01 +2.8847e+00 +2.6183e+00 -2.8121e+00
2614 +2.415274292e-07 +2.415274292e-07 -1.185999976e+01 -1.185999976e+01 +2.8847e+00 +2.6182e+00 -2.8121e+00
2795 +1.220300092e-07 +1.220300092e-07 -1.185999988e+01 -1.185999988e+01 +2.8847e+00 +2.6183e+00 -2.8120e+00
2884 +9.642340082e-08 +9.642340082e-08 -1.185999990e+01 -1.185999990e+01 +2.8848e+00 +2.6184e+00 -2.8120e+00
3004 +5.580864304e-08 +5.580864304e-08 -1.185999994e+01 -1.185999994e+01 +2.8848e+00 +2.6184e+00 -2.8120e+00
3087 +3.314883656e-08 +3.314883656e-08 -1.185999997e+01 -1.185999997e+01 +2.8848e+00 +2.6184e+00 -2.8120e+00
3236 +2.317299952e-08 +2.317299952e-08 -1.185999998e+01 -1.185999998e+01 +2.8848e+00 +2.6184e+00 -2.8120e+00
3282 +1.386228377e-08 +1.386228377e-08 -1.185999999e+01 -1.185999999e+01 +2.8848e+00 +2.6184e+00 -2.8120e+00
3367 +7.213854403e-09 +7.213854403e-09 -1.185999999e+01 -1.185999999e+01 +2.8848e+00 +2.6184e+00 -2.8120e+00
3368 +5.052713803e-09 +5.052713803e-09 -1.185999999e+01 -1.185999999e+01 +2.8848e+00 +2.6184e+00 -2.8120e+00
% function evaluation | noise-free fitness - Fopt (7.068000000000e+01) | best noise-free fitness - Fopt | measured fitness | best measured fitness | x1 | x2...
1 +1.029916183e+05 +1.029916183e+05 +1.030622983e+05 +1.030622983e+05 -4.7518e+00 +3.4190e+00 +4.9726e+00
2 +3.267902666e+04 +3.267902666e+04 +3.274970666e+04 +3.274970666e+04 +7.8123e-02 +4.9552e+00 -3.2494e+00
10 +1.137798668e+04 +1.137798668e+04 +1.144866668e+04 +1.144866668e+04 -3.5329e+00 +4.5703e+00 -3.8085e+00
33 +4.156518382e+01 +4.156518382e+01 +1.122451838e+02 +1.122451838e+02 +9.0515e-01 +6.1935e+00 +2.1298e-01
62 +1.320027591e+01 +1.320027591e+01 +8.388027591e+01 +8.388027591e+01 +8.2301e-01 +4.8256e+00 -6.3130e-01
155 +9.736832565e+00 +9.736832565e+00 +8.041683257e+01 +8.041683257e+01 -1.2287e+00 +5.1852e+00 -2.2104e+00
182 +2.993595546e+00 +2.993595546e+00 +7.367359555e+01 +7.367359555e+01 -1.1885e+00 +3.6564e+00 -1.9712e+00
317 +2.489040562e+00 +2.489040562e+00 +7.316904056e+01 +7.316904056e+01 -9.9479e-01 +4.1440e+00 -2.3147e+00
537 +1.416932566e+00 +1.416932566e+00 +7.209693257e+01 +7.209693257e+01 -1.1120e+00 +3.7769e+00 -2.3124e+00
677 +8.794134322e-01 +8.794134322e-01 +7.155941343e+01 +7.155941343e+01 -5.3488e-01 +3.7183e+00 -2.0220e+00
709 +5.311235150e-01 +5.311235150e-01 +7.121112352e+01 +7.121112352e+01 -4.9757e-01 +3.6249e+00 -2.1011e+00
759 +3.407781543e-01 +3.407781543e-01 +7.102077815e+01 +7.102077815e+01 -3.8229e-01 +3.4466e+00 -1.9626e+00
855 +1.894253441e-01 +1.894253441e-01 +7.086942534e+01 +7.086942534e+01 -2.8380e-01 +3.4389e+00 -2.0087e+00
888 +7.977774496e-02 +7.977774496e-02 +7.075977774e+01 +7.075977774e+01 -2.8642e-01 +3.2866e+00 -1.9681e+00
950 +5.482054812e-02 +5.482054812e-02 +7.073482055e+01 +7.073482055e+01 -2.6395e-01 +3.2679e+00 -1.9693e+00
1046 +3.824813836e-02 +3.824813836e-02 +7.071824814e+01 +7.071824814e+01 -3.1978e-01 +3.3025e+00 -2.0337e+00
1095 +1.941670293e-02 +1.941670293e-02 +7.069941670e+01 +7.069941670e+01 -3.1338e-01 +3.2374e+00 -2.0164e+00
1115 +1.217404221e-02 +1.217404221e-02 +7.069217404e+01 +7.069217404e+01 -3.2625e-01 +3.2502e+00 -2.0382e+00
1228 +8.467333214e-03 +8.467333214e-03 +7.068846733e+01 +7.068846733e+01 -3.3435e-01 +3.2374e+00 -2.0486e+00
1341 +5.861391589e-03 +5.861391589e-03 +7.068586139e+01 +7.068586139e+01 -2.9243e-01 +3.2516e+00 -2.0358e+00
1345 +1.793817091e-03 +1.793817091e-03 +7.068179382e+01 +7.068179382e+01 -3.0510e-01 +3.2360e+00 -2.0462e+00
1491 +1.255270621e-03 +1.255270621e-03 +7.068125527e+01 +7.068125527e+01 -2.8228e-01 +3.2274e+00 -2.0321e+00
1533 +9.003944791e-04 +9.003944791e-04 +7.068090039e+01 +7.068090039e+01 -2.9340e-01 +3.2240e+00 -2.0368e+00
1554 +5.665317278e-04 +5.665317278e-04 +7.068056653e+01 +7.068056653e+01 -2.9494e-01 +3.2274e+00 -2.0405e+00
1631 +2.741941364e-04 +2.741941364e-04 +7.068027419e+01 +7.068027419e+01 -2.8849e-01 +3.2247e+00 -2.0385e+00
1694 +2.058709449e-04 +2.058709449e-04 +7.068020587e+01 +7.068020587e+01 -2.9122e-01 +3.2249e+00 -2.0406e+00
1806 +1.494839299e-04 +1.494839299e-04 +7.068014948e+01 +7.068014948e+01 -2.9438e-01 +3.2245e+00 -2.0433e+00
1824 +5.446226852e-05 +5.446226852e-05 +7.068005446e+01 +7.068005446e+01 -2.9188e-01 +3.2230e+00 -2.0423e+00
1836 +2.966869648e-05 +2.966869648e-05 +7.068002967e+01 +7.068002967e+01 -2.9037e-01 +3.2224e+00 -2.0415e+00
2088 +1.858389491e-05 +1.858389491e-05 +7.068001858e+01 +7.068001858e+01 -2.9074e-01 +3.2219e+00 -2.0417e+00
2171 +1.540138975e-05 +1.540138975e-05 +7.068001540e+01 +7.068001540e+01 -2.9035e-01 +3.2219e+00 -2.0417e+00
2208 +8.990886201e-06 +8.990886201e-06 +7.068000899e+01 +7.068000899e+01 -2.9015e-01 +3.2217e+00 -2.0418e+00
2278 +6.219363044e-06 +6.219363044e-06 +7.068000622e+01 +7.068000622e+01 -2.9004e-01 +3.2215e+00 -2.0418e+00
2349 +3.236305233e-06 +3.236305233e-06 +7.068000324e+01 +7.068000324e+01 -2.8962e-01 +3.2210e+00 -2.0413e+00
2418 +1.442351774e-06 +1.442351774e-06 +7.068000144e+01 +7.068000144e+01 -2.8949e-01 +3.2210e+00 -2.0415e+00
2571 +9.430785610e-07 +9.430785610e-07 +7.068000094e+01 +7.068000094e+01 -2.8974e-01 +3.2211e+00 -2.0416e+00
2622 +4.454891211e-07 +4.454891211e-07 +7.068000045e+01 +7.068000045e+01 -2.8962e-01 +3.2210e+00 -2.0416e+00
2676 +2.341280805e-07 +2.341280805e-07 +7.068000023e+01 +7.068000023e+01 -2.8952e-01 +3.2209e+00 -2.0415e+00
2877 +9.379843391e-08 +9.379843391e-08 +7.068000009e+01 +7.068000009e+01 -2.8962e-01 +3.2208e+00 -2.0416e+00
2985 +6.014059295e-08 +6.014059295e-08 +7.068000006e+01 +7.068000006e+01 -2.8966e-01 +3.2208e+00 -2.0416e+00
3005 +3.378312385e-08 +3.378312385e-08 +7.068000003e+01 +7.068000003e+01 -2.8964e-01 +3.2208e+00 -2.0416e+00
3079 +1.748168188e-08 +1.748168188e-08 +7.068000002e+01 +7.068000002e+01 -2.8962e-01 +3.2208e+00 -2.0416e+00
3103 +1.115836312e-08 +1.115836312e-08 +7.068000001e+01 +7.068000001e+01 -2.8962e-01 +3.2208e+00 -2.0416e+00
3222 +8.133511642e-09 +8.133511642e-09 +7.068000001e+01 +7.068000001e+01 -2.8960e-01 +3.2208e+00 -2.0416e+00
% function evaluation | noise-free fitness - Fopt (-6.260000000000e+00) | best noise-free fitness - Fopt | measured fitness | best measured fitness | x1 | x2...
1 +1.411510942e+05 +1.411510942e+05 +1.411448342e+05 +1.411448342e+05 -4.7518e+00 +3.4190e+00 +4.9726e+00
5 +3.454659857e+04 +3.454659857e+04 +3.454033857e+04 +3.454033857e+04 +3.4143e+00 -1.9282e+00 +2.0343e+00
8 +1.008470515e+02 +1.008470515e+02 +9.458705153e+01 +9.458705153e+01 -2.1019e+00 -3.4714e+00 +3.3948e+00
11 +1.247539973e+01 +1.247539973e+01 +6.215399732e+00 +6.215399732e+00 -1.1039e+00 -2.1638e+00 +6.6075e-02
30 +4.611292570e-01 +4.611292570e-01 -5.798870743e+00 -5.798870743e+00 +2.2668e-01 -2.2126e+00 -1.5323e+00
501 +3.107370915e-01 +3.107370915e-01 -5.949262909e+00 -5.949262909e+00 +2.3486e-02 -2.0185e+00 -1.4600e+00
514 +4.265757598e-02 +4.265757598e-02 -6.217342424e+00 -6.217342424e+00 +2.1841e-01 -1.9481e+00 -1.5690e+00
653 +1.365596168e-02 +1.365596168e-02 -6.246344038e+00 -6.246344038e+00 +2.7917e-01 -1.9189e+00 -1.5843e+00
751 +8.687212679e-03 +8.687212679e-03 -6.251312787e+00 -6.251312787e+00 +3.3914e-01 -1.8825e+00 -1.5810e+00
899 +5.293303962e-03 +5.293303962e-03 -6.254706696e+00 -6.254706696e+00 +3.0518e-01 -1.9156e+00 -1.5972e+00
1038 +2.279195738e-03 +2.279195738e-03 -6.257720804e+00 -6.257720804e+00 +3.2005e-01 -1.9086e+00 -1.6072e+00
1213 +1.544073768e-03 +1.544073768e-03 -6.258455926e+00 -6.258455926e+00 +3.3014e-01 -1.8874e+00 -1.5980e+00
1226 +9.866347040e-04 +9.866347040e-04 -6.259013365e+00 -6.259013365e+00 +3.3115e-01 -1.8849e+00 -1.6001e+00
1312 +5.081901859e-04 +5.081901859e-04 -6.259491810e+00 -6.259491810e+00 +3.2191e-01 -1.8952e+00 -1.6066e+00
1349 +3.035713379e-04 +3.035713379e-04 -6.259696429e+00 -6.259696429e+00 +3.2677e-01 -1.8970e+00 -1.6102e+00
1394 +1.527434021e-04 +1.527434021e-04 -6.259847257e+00 -6.259847257e+00 +3.2668e-01 -1.8930e+00 -1.6084e+00
1397 +6.213393624e-05 +6.213393624e-05 -6.259937866e+00 -6.259937866e+00 +3.2853e-01 -1.8918e+00 -1.6093e+00
1529 +2.950619937e-05 +2.950619937e-05 -6.259970494e+00 -6.259970494e+00 +3.2988e-01 -1.8897e+00 -1.6091e+00
1634 +2.142391984e-05 +2.142391984e-05 -6.259978576e+00 -6.259978576e+00 +3.2958e-01 -1.8912e+00 -1.6104e+00
1641 +5.633571904e-06 +5.633571904e-06 -6.259994366e+00 -6.259994366e+00 +3.3029e-01 -1.8894e+00 -1.6100e+00
1876 +3.617734902e-06 +3.617734902e-06 -6.259996382e+00 -6.259996382e+00 +3.3021e-01 -1.8897e+00 -1.6100e+00
1915 +1.066930984e-06 +1.066930984e-06 -6.259998933e+00 -6.259998933e+00 +3.3045e-01 -1.8895e+00 -1.6102e+00
1936 +9.292994054e-07 +9.292994054e-07 -6.259999071e+00 -6.259999071e+00 +3.3028e-01 -1.8895e+00 -1.6102e+00
2050 +5.353235233e-07 +5.353235233e-07 -6.259999465e+00 -6.259999465e+00 +3.3022e-01 -1.8896e+00 -1.6103e+00
2060 +3.951893062e-07 +3.951893062e-07 -6.259999605e+00 -6.259999605e+00 +3.3031e-01 -1.8896e+00 -1.6103e+00
2140 +2.130476657e-07 +2.130476657e-07 -6.259999787e+00 -6.259999787e+00 +3.3040e-01 -1.8896e+00 -1.6103e+00
2215 +1.001986485e-07 +1.001986485e-07 -6.259999900e+00 -6.259999900e+00 +3.3035e-01 -1.8896e+00 -1.6104e+00
2314 +7.850283446e-08 +7.850283446e-08 -6.259999921e+00 -6.259999921e+00 +3.3036e-01 -1.8896e+00 -1.6104e+00
2419 +5.701036176e-08 +5.701036176e-08 -6.259999943e+00 -6.259999943e+00 +3.3035e-01 -1.8896e+00 -1.6104e+00
2434 +3.747485255e-08 +3.747485255e-08 -6.259999963e+00 -6.259999963e+00 +3.3039e-01 -1.8896e+00 -1.6104e+00
2479 +2.437045854e-08 +2.437045854e-08 -6.259999976e+00 -6.259999976e+00 +3.3039e-01 -1.8896e+00 -1.6104e+00
2511 +1.109691716e-08 +1.109691716e-08 -6.259999989e+00 -6.259999989e+00 +3.3040e-01 -1.8896e+00 -1.6104e+00
2675 +2.877831307e-09 +2.877831307e-09 -6.259999997e+00 -6.259999997e+00 +3.3039e-01 -1.8896e+00 -1.6104e+00
% function evaluation | noise-free fitness - Fopt (1.838600000000e+02) | best noise-free fitness - Fopt | measured fitness | best measured fitness | x1 | x2...
1 +2.832573123e+05 +2.832573123e+05 +2.834411723e+05 +2.834411723e+05 -4.7518e+00 +3.4190e+00 +4.9726e+00
5 +2.268474377e+05 +2.268474377e+05 +2.270312977e+05 +2.270312977e+05 +3.4143e+00 -1.9282e+00 +2.0343e+00
8 +4.068103697e+03 +4.068103697e+03 +4.251963697e+03 +4.251963697e+03 -2.1019e+00 -3.4714e+00 +3.3948e+00
19 +5.410125001e+02 +5.410125001e+02 +7.248725001e+02 +7.248725001e+02 -3.3948e-01 -4.6054e+00 +4.5124e+00
56 +4.527052793e+01 +4.527052793e+01 +2.291305279e+02 +2.291305279e+02 -2.3345e+00 -8.6507e+00 +2.6691e+00
70 +2.347082644e+01 +2.347082644e+01 +2.073308264e+02 +2.073308264e+02 +8.0311e-01 -8.7239e+00 +1.1536e+00
120 +1.267305439e+01 +1.267305439e+01 +1.965330544e+02 +1.965330544e+02 -6.7534e-01 -6.5874e+00 +3.1370e+00
269 +2.382959704e+00 +2.382959704e+00 +1.862429597e+02 +1.862429597e+02 +1.2931e-01 -4.9342e+00 +3.5878e+00
514 +1.212176453e+00 +1.212176453e+00 +1.850721765e+02 +1.850721765e+02 +1.4565e-01 -4.5471e+00 +3.6937e+00
561 +7.259817780e-01 +7.259817780e-01 +1.845859818e+02 +1.845859818e+02 +4.6346e-02 -4.2602e+00 +3.5837e+00
616 +4.441496835e-01 +4.441496835e-01 +1.843041497e+02 +1.843041497e+02 +1.1255e-01 -4.2020e+00 +3.6662e+00
681 +3.393236373e-01 +3.393236373e-01 +1.841993236e+02 +1.841993236e+02 +2.1321e-01 -4.1946e+00 +3.7242e+00
698 +1.541790076e-01 +1.541790076e-01 +1.840141790e+02 +1.840141790e+02 +1.8641e-01 -4.0013e+00 +3.8311e+00
763 +8.022823374e-02 +8.022823374e-02 +1.839402282e+02 +1.839402282e+02 +1.7099e-01 -3.8384e+00 +3.9233e+00
828 +5.042561198e-02 +5.042561198e-02 +1.839104256e+02 +1.839104256e+02 +2.6766e-01 -3.9186e+00 +3.8659e+00
999 +1.460479390e-02 +1.460479390e-02 +1.838746048e+02 +1.838746048e+02 +2.6787e-01 -3.8256e+00 +3.9103e+00
1029 +8.604500700e-03 +8.604500700e-03 +1.838686045e+02 +1.838686045e+02 +2.9196e-01 -3.8176e+00 +3.9152e+00
1078 +6.112921053e-03 +6.112921053e-03 +1.838661129e+02 +1.838661129e+02 +2.6644e-01 -3.7857e+00 +3.9279e+00
1135 +1.913629054e-04 +1.913629054e-04 +1.838601914e+02 +1.838601914e+02 +2.8980e-01 -3.7637e+00 +3.9386e+00
1677 +1.129562343e-04 +1.129562343e-04 +1.838601130e+02 +1.838601130e+02 +2.9363e-01 -3.7637e+00 +3.9375e+00
1725 +9.635766955e-05 +9.635766955e-05 +1.838600964e+02 +1.838600964e+02 +2.9145e-01 -3.7628e+00 +3.9389e+00
1741 +1.836317415e-05 +1.836317415e-05 +1.838600184e+02 +1.838600184e+02 +2.9154e-01 -3.7590e+00 +3.9405e+00
1961 +1.011129461e-05 +1.011129461e-05 +1.838600101e+02 +1.838600101e+02 +2.9260e-01 -3.7598e+00 +3.9401e+00
2021 +4.839588684e-06 +4.839588684e-06 +1.838600048e+02 +1.838600048e+02 +2.9287e-01 -3.7594e+00 +3.9403e+00
2125 +3.208422811e-06 +3.208422811e-06 +1.838600032e+02 +1.838600032e+02 +2.9289e-01 -3.7592e+00 +3.9404e+00
2250 +1.756867448e-06 +1.756867448e-06 +1.838600018e+02 +1.838600018e+02 +2.9270e-01 -3.7589e+00 +3.9405e+00
2326 +8.461092591e-07 +8.461092591e-07 +1.838600008e+02 +1.838600008e+02 +2.9276e-01 -3.7587e+00 +3.9407e+00
2384 +5.972917450e-07 +5.972917450e-07 +1.838600006e+02 +1.838600006e+02 +2.9262e-01 -3.7585e+00 +3.9407e+00
2491 +2.706442217e-07 +2.706442217e-07 +1.838600003e+02 +1.838600003e+02 +2.9278e-01 -3.7586e+00 +3.9407e+00
2504 +4.335342396e-08 +4.335342396e-08 +1.838600000e+02 +1.838600000e+02 +2.9279e-01 -3.7584e+00 +3.9408e+00
2792 +2.113145570e-08 +2.113145570e-08 +1.838600000e+02 +1.838600000e+02 +2.9277e-01 -3.7584e+00 +3.9408e+00
2842 +1.359867952e-08 +1.359867952e-08 +1.838600000e+02 +1.838600000e+02 +2.9280e-01 -3.7584e+00 +3.9408e+00
2871 +8.889543324e-09 +8.889543324e-09 +1.838600000e+02 +1.838600000e+02 +2.9278e-01 -3.7584e+00 +3.9408e+00
