% function evaluation | noise-free fitness - Fopt (3.590000000000e+01) | best noise-free fitness - Fopt | measured fitness | best measured fitness | x1 | x2...
1 +2.594431926e+06 +2.594431926e+06 +2.594467826e+06 +2.594467826e+06
2 +1.827674164e+06 +1.827674164e+06 +1.827710064e+06 +1.827710064e+06
4 +1.063648580e+06 +1.063648580e+06 +1.063684480e+06 +1.063684480e+06
890 +8.558882804e+05 +8.558882804e+05 +8.559241804e+05 +8.559241804e+05
1106 +6.220372484e+05 +6.220372484e+05 +6.220731484e+05 +6.220731484e+05
1937 +3.531339024e+05 +3.531339024e+05 +3.531698024e+05 +3.531698024e+05
3162 +1.806956113e+05 +1.806956113e+05 +1.807315113e+05 +1.807315113e+05
4089 +1.542838110e+05 +1.542838110e+05 +1.543197110e+05 +1.543197110e+05
4533 +3.084767498e+04 +3.084767498e+04 +3.088357498e+04 +3.088357498e+04
5764 +1.855906846e+04 +1.855906846e+04 +1.859496846e+04 +1.859496846e+04
5841 +1.385859637e+04 +1.385859637e+04 +1.389449637e+04 +1.389449637e+04
6098 +5.280493668e+03 +5.280493668e+03 +5.316393668e+03 +5.316393668e+03
7898 +3.045162972e+03 +3.045162972e+03 +3.081062972e+03 +3.081062972e+03
16652 +2.394609566e+03 +2.394609566e+03 +2.430509566e+03 +2.430509566e+03
24843 +1.217136720e+03 +1.217136720e+03 +1.253036720e+03 +1.253036720e+03
31880 +9.742026064e+02 +9.742026064e+02 +1.010102606e+03 +1.010102606e+03
43559 +6.046093164e+02 +6.046093164e+02 +6.405093164e+02 +6.405093164e+02
52826 +3.978592734e+02 +3.978592734e+02 +4.337592734e+02 +4.337592734e+02
64037 +2.499170558e+02 +2.499170558e+02 +2.858170558e+02 +2.858170558e+02
79632 +1.552802197e+02 +1.552802197e+02 +1.911802197e+02 +1.911802197e+02
99218 +9.647683792e+01 +9.647683792e+01 +1.323768379e+02 +1.323768379e+02
114991 +6.285815512e+01 +6.285815512e+01 +9.875815512e+01 +9.875815512e+01
133346 +3.922681145e+01 +3.922681145e+01 +7.512681145e+01 +7.512681145e+01
142626 +2.482308653e+01 +2.482308653e+01 +6.072308653e+01 +6.072308653e+01
154360 +1.550573901e+01 +1.550573901e+01 +5.140573901e+01 +5.140573901e+01
177860 +9.618485531e+00 +9.618485531e+00 +4.551848553e+01 +4.551848553e+01
197398 +6.274486586e+00 +6.274486586e+00 +4.217448659e+01 +4.217448659e+01
222042 +3.919980256e+00 +3.919980256e+00 +3.981998026e+01 +3.981998026e+01
233912 +2.495295556e+00 +2.495295556e+00 +3.839529556e+01 +3.839529556e+01
244422 +1.525320605e+00 +1.525320605e+00 +3.742532060e+01 +3.742532060e+01
265694 +9.927215339e-01 +9.927215339e-01 +3.689272153e+01 +3.689272153e+01
286591 +6.301835774e-01 +6.301835774e-01 +3.653018358e+01 +3.653018358e+01
295781 +3.944977277e-01 +3.944977277e-01 +3.629449773e+01 +3.629449773e+01
320557 +2.503847250e-01 +2.503847250e-01 +3.615038472e+01 +3.615038472e+01
347877 +1.580251662e-01 +1.580251662e-01 +3.605802517e+01 +3.605802517e+01
403391 +9.983065380e-02 +9.983065380e-02 +3.599983065e+01 +3.599983065e+01
438869 +6.266165407e-02 +6.266165407e-02 +3.596266165e+01 +3.596266165e+01
469332 +3.980617559e-02 +3.980617559e-02 +3.593980618e+01 +3.593980618e+01
487696 +2.498128077e-02 +2.498128077e-02 +3.592498128e+01 +3.592498128e+01
521094 +1.584283688e-02 +1.584283688e-02 +3.591584284e+01 +3.591584284e+01
542199 +9.922395689e-03 +9.922395689e-03 +3.590992240e+01 +3.590992240e+01
561683 +6.270108418e-03 +6.270108418e-03 +3.590627011e+01 +3.590627011e+01
579299 +3.904631866e-03 +3.904631866e-03 +3.590390463e+01 +3.590390463e+01
589410 +2.476500938e-03 +2.476500938e-03 +3.590247650e+01 +3.590247650e+01
608916 +1.577179482e-03 +1.577179482e-03 +3.590157718e+01 +3.590157718e+01
641009 +9.902052775e-04 +9.902052775e-04 +3.590099021e+01 +3.590099021e+01
663370 +6.258468679e-04 +6.258468679e-04 +3.590062585e+01 +3.590062585e+01
683240 +3.969371907e-04 +3.969371907e-04 +3.590039694e+01 +3.590039694e+01
692491 +2.453107263e-04 +2.453107263e-04 +3.590024531e+01 +3.590024531e+01
702507 +1.578063005e-04 +1.578063005e-04 +3.590015781e+01 +3.590015781e+01
720434 +9.692478177e-05 +9.692478177e-05 +3.590009692e+01 +3.590009692e+01
739300 +6.232052750e-05 +6.232052750e-05 +3.590006232e+01 +3.590006232e+01
780967 +3.962118600e-05 +3.962118600e-05 +3.590003962e+01 +3.590003962e+01
829049 +2.506359285e-05 +2.506359285e-05 +3.590002506e+01 +3.590002506e+01
844208 +1.584020735e-05 +1.584020735e-05 +3.590001584e+01 +3.590001584e+01
855178 +9.751018688e-06 +9.751018688e-06 +3.590000975e+01 +3.590000975e+01
868316 +6.039486394e-06 +6.039486394e-06 +3.590000604e+01 +3.590000604e+01
871152 +3.786236874e-06 +3.786236874e-06 +3.590000379e+01 +3.590000379e+01
880333 +2.494224525e-06 +2.494224525e-06 +3.590000249e+01 +3.590000249e+01
894963 +1.571910204e-06 +1.571910204e-06 +3.590000157e+01 +3.590000157e+01
902204 +9.622945711e-07 +9.622945711e-07 +3.590000096e+01 +3.590000096e+01
916165 +6.276869939e-07 +6.276869939e-07 +3.590000063e+01 +3.590000063e+01
932037 +3.939373983e-07 +3.939373983e-07 +3.590000039e+01 +3.590000039e+01
949333 +2.476031895e-07 +2.476031895e-07 +3.590000025e+01 +3.590000025e+01
961919 +1.577413400e-07 +1.577413400e-07 +3.590000016e+01 +3.590000016e+01
969736 +9.995527961e-08 +9.995527961e-08 +3.590000010e+01 +3.590000010e+01
976025 +6.026502319e-08 +6.026502319e-08 +3.590000006e+01 +3.590000006e+01
986754 +3.858013997e-08 +3.858013997e-08 +3.590000004e+01 +3.590000004e+01
995736 +2.475790239e-08 +2.475790239e-08 +3.590000002e+01 +3.590000002e+01
1010857 +1.575040898e-08 +1.575040898e-08 +3.590000002e+01 +3.590000002e+01
1025369 +9.888459829e-09 +9.888459829e-09 +3.590000001e+01 +3.590000001e+01
% function evaluation | noise-free fitness - Fopt (3.137000000000e+01) | best noise-free fitness - Fopt | measured fitness | best measured fitness | x1 | x2...
1 +1.910913722e+06 +1.910913722e+06 +1.910945092e+06 +1.910945092e+06
8 +1.197234286e+06 +1.197234286e+06 +1.197265656e+06 +1.197265656e+06
56 +8.742381943e+05 +8.742381943e+05 +8.742695643e+05 +8.742695643e+05
171 +6.284721774e+05 +6.284721774e+05 +6.285035474e+05 +6.285035474e+05
651 +2.587578612e+05 +2.587578612e+05 +2.587892312e+05 +2.587892312e+05
2225 +2.505822631e+05 +2.505822631e+05 +2.506136331e+05 +2.506136331e+05
4428 +1.275021118e+05 +1.275021118e+05 +1.275334818e+05 +1.275334818e+05
4546 +6.052857885e+04 +6.052857885e+04 +6.055994885e+04 +6.055994885e+04
5452 +2.118898481e+04 +2.118898481e+04 +2.122035481e+04 +2.122035481e+04
6182 +1.529761517e+04 +1.529761517e+04 +1.532898517e+04 +1.532898517e+04
7129 +9.287285799e+03 +9.287285799e+03 +9.318655799e+03 +9.318655799e+03
7801 +2.019421317e+03 +2.019421317e+03 +2.050791317e+03 +2.050791317e+03
10586 +1.345528347e+03 +1.345528347e+03 +1.376898347e+03 +1.376898347e+03
20897 +8.501505563e+02 +8.501505563e+02 +8.815205563e+02 +8.815205563e+02
30993 +5.832841089e+02 +5.832841089e+02 +6.146541089e+02 +6.146541089e+02
39504 +3.948336689e+02 +3.948336689e+02 +4.262036689e+02 +4.262036689e+02
49091 +2.495226643e+02 +2.495226643e+02 +2.808926643e+02 +2.808926643e+02
58600 +1.502234680e+02 +1.502234680e+02 +1.815934680e+02 +1.815934680e+02
70626 +9.851914300e+01 +9.851914300e+01 +1.298891430e+02 +1.298891430e+02
79221 +6.296386343e+01 +6.296386343e+01 +9.433386343e+01 +9.433386343e+01
100465 +3.916055880e+01 +3.916055880e+01 +7.053055880e+01 +7.053055880e+01
119596 +2.478340376e+01 +2.478340376e+01 +5.615340376e+01 +5.615340376e+01
130865 +1.553787723e+01 +1.553787723e+01 +4.690787723e+01 +4.690787723e+01
139975 +9.757213965e+00 +9.757213965e+00 +4.112721397e+01 +4.112721397e+01
152030 +6.295367891e+00 +6.295367891e+00 +3.766536789e+01 +3.766536789e+01
162451 +3.947961805e+00 +3.947961805e+00 +3.531796181e+01 +3.531796181e+01
179426 +2.502376714e+00 +2.502376714e+00 +3.387237671e+01 +3.387237671e+01
202422 +1.583810949e+00 +1.583810949e+00 +3.295381095e+01 +3.295381095e+01
224543 +9.853485307e-01 +9.853485307e-01 +3.235534853e+01 +3.235534853e+01
250701 +6.254274082e-01 +6.254274082e-01 +3.199542741e+01 +3.199542741e+01
260915 +3.975959215e-01 +3.975959215e-01 +3.176759592e+01 +3.176759592e+01
272869 +2.476943142e-01 +2.476943142e-01 +3.161769431e+01 +3.161769431e+01
285265 +1.582690523e-01 +1.582690523e-01 +3.152826905e+01 +3.152826905e+01
307894 +9.945063594e-02 +9.945063594e-02 +3.146945064e+01 +3.146945064e+01
337703 +6.298293314e-02 +6.298293314e-02 +3.143298293e+01 +3.143298293e+01
350178 +3.980702406e-02 +3.980702406e-02 +3.140980702e+01 +3.140980702e+01
359070 +2.451658212e-02 +2.451658212e-02 +3.139451658e+01 +3.139451658e+01
370083 +1.583487330e-02 +1.583487330e-02 +3.138583487e+01 +3.138583487e+01
380761 +9.940772716e-03 +9.940772716e-03 +3.137994077e+01 +3.137994077e+01
390356 +6.251920296e-03 +6.251920296e-03 +3.137625192e+01 +3.137625192e+01
401729 +3.493151746e-03 +3.493151746e-03 +3.137349315e+01 +3.137349315e+01
410441 +2.482274527e-03 +2.482274527e-03 +3.137248227e+01 +3.137248227e+01
422833 +1.571009774e-03 +1.571009774e-03 +3.137157101e+01 +3.137157101e+01
433271 +9.805277497e-04 +9.805277497e-04 +3.137098053e+01 +3.137098053e+01
443857 +5.817514214e-04 +5.817514214e-04 +3.137058175e+01 +3.137058175e+01
467004 +3.973807846e-04 +3.973807846e-04 +3.137039738e+01 +3.137039738e+01
489715 +2.505176409e-04 +2.505176409e-04 +3.137025052e+01 +3.137025052e+01
498413 +1.579891992e-04 +1.579891992e-04 +3.137015799e+01 +3.137015799e+01
513823 +9.943949994e-05 +9.943949994e-05 +3.137009944e+01 +3.137009944e+01
530962 +6.219565648e-05 +6.219565648e-05 +3.137006220e+01 +3.137006220e+01
546980 +3.868334144e-05 +3.868334144e-05 +3.137003868e+01 +3.137003868e+01
575661 +2.490721253e-05 +2.490721253e-05 +3.137002491e+01 +3.137002491e+01
593429 +1.583042902e-05 +1.583042902e-05 +3.137001583e+01 +3.137001583e+01
612987 +9.900437682e-06 +9.900437682e-06 +3.137000990e+01 +3.137000990e+01
628030 +6.044930295e-06 +6.044930295e-06 +3.137000604e+01 +3.137000604e+01
643223 +3.863343391e-06 +3.863343391e-06 +3.137000386e+01 +3.137000386e+01
659430 +2.511749916e-06 +2.511749916e-06 +3.137000251e+01 +3.137000251e+01
677849 +1.449976644e-06 +1.449976644e-06 +3.137000145e+01 +3.137000145e+01
684746 +9.771349383e-07 +9.771349383e-07 +3.137000098e+01 +3.137000098e+01
699035 +6.157932688e-07 +6.157932688e-07 +3.137000062e+01 +3.137000062e+01
713325 +3.890253737e-07 +3.890253737e-07 +3.137000039e+01 +3.137000039e+01
728526 +2.479461010e-07 +2.479461010e-07 +3.137000025e+01 +3.137000025e+01
737225 +1.566371246e-07 +1.566371246e-07 +3.137000016e+01 +3.137000016e+01
749238 +9.999206796e-08 +9.999206796e-08 +3.137000010e+01 +3.137000010e+01
759833 +6.305505806e-08 +6.305505806e-08 +3.137000006e+01 +3.137000006e+01
787582 +3.977661933e-08 +3.977661933e-08 +3.137000004e+01 +3.137000004e+01
813406 +2.510746810e-08 +2.510746810e-08 +3.137000003e+01 +3.137000003e+01
838095 +1.575775954e-08 +1.575775954e-08 +3.137000002e+01 +3.137000002e+01
870247 +9.960327674e-09 +9.960327674e-09 +3.137000001e+01 +3.137000001e+01
% function evaluation | noise-free fitness - Fopt (-1.000000000000e+03) | best noise-free fitness - Fopt | measured fitness | best measured fitness | x1 | x2...
1 +1.796100225e+06 +1.796100225e+06 +1.795100225e+06 +1.795100225e+06
3 +1.089432806e+06 +1.089432806e+06 +1.088432806e+06 +1.088432806e+06
89 +9.769606501e+05 +9.769606501e+05 +9.759606501e+05 +9.759606501e+05
201 +6.257420959e+05 +6.257420959e+05 +6.247420959e+05 +6.247420959e+05
835 +3.763543253e+05 +3.763543253e+05 +3.753543253e+05 +3.753543253e+05
2036 +2.134899413e+05 +2.134899413e+05 +2.124899413e+05 +2.124899413e+05
2550 +1.114283023e+05 +1.114283023e+05 +1.104283023e+05 +1.104283023e+05
3001 +9.115326946e+04 +9.115326946e+04 +9.015326946e+04 +9.015326946e+04
3397 +6.170963456e+04 +6.170963456e+04 +6.070963456e+04 +6.070963456e+04
3618 +3.362366148e+04 +3.362366148e+04 +3.262366148e+04 +3.262366148e+04
4009 +2.248547847e+04 +2.248547847e+04 +2.148547847e+04 +2.148547847e+04
4213 +1.214688997e+04 +1.214688997e+04 +1.114688997e+04 +1.114688997e+04
4744 +6.517709772e+03 +6.517709772e+03 +5.517709772e+03 +5.517709772e+03
5274 +1.986354779e+03 +1.986354779e+03 +9.863547792e+02 +9.863547792e+02
12813 +1.569220578e+03 +1.569220578e+03 +5.692205779e+02 +5.692205779e+02
23160 +8.709905304e+02 +8.709905304e+02 -1.290094696e+02 -1.290094696e+02
33785 +5.947804825e+02 +5.947804825e+02 -4.052195175e+02 -4.052195175e+02
41367 +3.925673697e+02 +3.925673697e+02 -6.074326303e+02 -6.074326303e+02
51020 +2.398999645e+02 +2.398999645e+02 -7.601000355e+02 -7.601000355e+02
64602 +1.533452275e+02 +1.533452275e+02 -8.466547725e+02 -8.466547725e+02
79769 +9.783931371e+01 +9.783931371e+01 -9.021606863e+02 -9.021606863e+02
90146 +6.217787010e+01 +6.217787010e+01 -9.378221299e+02 -9.378221299e+02
100338 +3.973823729e+01 +3.973823729e+01 -9.602617627e+02 -9.602617627e+02
113101 +2.509881926e+01 +2.509881926e+01 -9.749011807e+02 -9.749011807e+02
126029 +1.555704090e+01 +1.555704090e+01 -9.844429591e+02 -9.844429591e+02
136852 +9.321726664e+00 +9.321726664e+00 -9.906782733e+02 -9.906782733e+02
145359 +6.252190754e+00 +6.252190754e+00 -9.937478092e+02 -9.937478092e+02
154143 +3.896738844e+00 +3.896738844e+00 -9.961032612e+02 -9.961032612e+02
167393 +2.482379226e+00 +2.482379226e+00 -9.975176208e+02 -9.975176208e+02
175607 +1.553267361e+00 +1.553267361e+00 -9.984467326e+02 -9.984467326e+02
183836 +9.661734490e-01 +9.661734490e-01 -9.990338266e+02 -9.990338266e+02
193233 +6.234581292e-01 +6.234581292e-01 -9.993765419e+02 -9.993765419e+02
202646 +3.979981893e-01 +3.979981893e-01 -9.996020018e+02 -9.996020018e+02
218203 +2.495518093e-01 +2.495518093e-01 -9.997504482e+02 -9.997504482e+02
235056 +1.582182241e-01 +1.582182241e-01 -9.998417818e+02 -9.998417818e+02
250663 +9.866191741e-02 +9.866191741e-02 -9.999013381e+02 -9.999013381e+02
276271 +5.985204925e-02 +5.985204925e-02 -9.999401480e+02 -9.999401480e+02
292328 +3.930430929e-02 +3.930430929e-02 -9.999606957e+02 -9.999606957e+02
312824 +2.510259247e-02 +2.510259247e-02 -9.999748974e+02 -9.999748974e+02
334954 +1.583363725e-02 +1.583363725e-02 -9.999841664e+02 -9.999841664e+02
347382 +9.784755669e-03 +9.784755669e-03 -9.999902152e+02 -9.999902152e+02
365234 +6.212500685e-03 +6.212500685e-03 -9.999937875e+02 -9.999937875e+02
381608 +3.976431231e-03 +3.976431231e-03 -9.999960236e+02 -9.999960236e+02
391462 +2.484856793e-03 +2.484856793e-03 -9.999975151e+02 -9.999975151e+02
406406 +1.510827282e-03 +1.510827282e-03 -9.999984892e+02 -9.999984892e+02
417459 +9.883450532e-04 +9.883450532e-04 -9.999990117e+02 -9.999990117e+02
430726 +6.113724294e-04 +6.113724294e-04 -9.999993886e+02 -9.999993886e+02
456067 +3.951981259e-04 +3.951981259e-04 -9.999996048e+02 -9.999996048e+02
490854 +2.507258481e-04 +2.507258481e-04 -9.999997493e+02 -9.999997493e+02
502925 +1.567735725e-04 +1.567735725e-04 -9.999998432e+02 -9.999998432e+02
521753 +9.760944681e-05 +9.760944681e-05 -9.999999024e+02 -9.999999024e+02
538426 +6.295895150e-05 +6.295895150e-05 -9.999999370e+02 -9.999999370e+02
563636 +3.903247682e-05 +3.903247682e-05 -9.999999610e+02 -9.999999610e+02
583634 +2.456103937e-05 +2.456103937e-05 -9.999999754e+02 -9.999999754e+02
602904 +1.575708416e-05 +1.575708416e-05 -9.999999842e+02 -9.999999842e+02
633306 +9.989078762e-06 +9.989078762e-06 -9.999999900e+02 -9.999999900e+02
677660 +6.259633437e-06 +6.259633437e-06 -9.999999937e+02 -9.999999937e+02
691056 +3.960559752e-06 +3.960559752e-06 -9.999999960e+02 -9.999999960e+02
712137 +2.474329108e-06 +2.474329108e-06 -9.999999975e+02 -9.999999975e+02
726191 +1.567197160e-06 +1.567197160e-06 -9.999999984e+02 -9.999999984e+02
736105 +9.998184396e-07 +9.998184396e-07 -9.999999990e+02 -9.999999990e+02
749208 +6.250023716e-07 +6.250023716e-07 -9.999999994e+02 -9.999999994e+02
758462 +3.896436738e-07 +3.896436738e-07 -9.999999996e+02 -9.999999996e+02
765402 +2.501286644e-07 +2.501286644e-07 -9.999999997e+02 -9.999999997e+02
778158 +1.582745881e-07 +1.582745881e-07 -9.999999998e+02 -9.999999998e+02
792663 +9.989935279e-08 +9.989935279e-08 -9.999999999e+02 -9.999999999e+02
810831 +6.168829714e-08 +6.168829714e-08 -9.999999999e+02 -9.999999999e+02
845216 +3.946115612e-08 +3.946115612e-08 -1.000000000e+03 -1.000000000e+03
866494 +2.508068064e-08 +2.508068064e-08 -1.000000000e+03 -1.000000000e+03
882471 +1.579553555e-08 +1.579553555e-08 -1.000000000e+03 -1.000000000e+03
901669 +9.993414096e-09 +9.993414096e-09 -1.000000000e+03 -1.000000000e+03
% function evaluation | noise-free fitness - Fopt (1.319200000000e+02) | best noise-free fitness - Fopt | measured fitness | best measured fitness | x1 | x2...
1 +2.079323347e+06 +2.079323347e+06 +2.079455267e+06 +2.079455267e+06
2 +1.368090765e+06 +1.368090765e+06 +1.368222685e+06 +1.368222685e+06
706 +6.656244374e+05 +6.656244374e+05 +6.657563574e+05 +6.657563574e+05
712 +5.814257298e+05 +5.814257298e+05 +5.815576498e+05 +5.815576498e+05
2044 +3.261393765e+05 +3.261393765e+05 +3.262712965e+05 +3.262712965e+05
2536 +1.898493610e+05 +1.898493610e+05 +1.899812810e+05 +1.899812810e+05
2964 +6.337910888e+04 +6.337910888e+04 +6.351102888e+04 +6.351102888e+04
4919 +3.331732870e+04 +3.331732870e+04 +3.344924870e+04 +3.344924870e+04
5361 +1.798745720e+04 +1.798745720e+04 +1.811937720e+04 +1.811937720e+04
5577 +1.309301269e+04 +1.309301269e+04 +1.322493269e+04 +1.322493269e+04
6049 +8.108250412e+03 +8.108250412e+03 +8.240170412e+03 +8.240170412e+03
6638 +2.018859044e+03 +2.018859044e+03 +2.150779044e+03 +2.150779044e+03
20410 +1.264449146e+03 +1.264449146e+03 +1.396369146e+03 +1.396369146e+03
25001 +9.482916811e+02 +9.482916811e+02 +1.080211681e+03 +1.080211681e+03
27817 +6.211214985e+02 +6.211214985e+02 +7.530414985e+02 +7.530414985e+02
38942 +3.963197002e+02 +3.963197002e+02 +5.282397002e+02 +5.282397002e+02
46322 +2.497726717e+02 +2.497726717e+02 +3.816926717e+02 +3.816926717e+02
59283 +1.448898698e+02 +1.448898698e+02 +2.768098698e+02 +2.768098698e+02
69709 +9.960903188e+01 +9.960903188e+01 +2.315290319e+02 +2.315290319e+02
80514 +6.297598307e+01 +6.297598307e+01 +1.948959831e+02 +1.948959831e+02
90422 +3.950719078e+01 +3.950719078e+01 +1.714271908e+02 +1.714271908e+02
105331 +2.487386675e+01 +2.487386675e+01 +1.567938668e+02 +1.567938668e+02
116422 +1.542043039e+01 +1.542043039e+01 +1.473404304e+02 +1.473404304e+02
127716 +9.745228744e+00 +9.745228744e+00 +1.416652287e+02 +1.416652287e+02
138582 +6.291658560e+00 +6.291658560e+00 +1.382116586e+02 +1.382116586e+02
147816 +3.942864584e+00 +3.942864584e+00 +1.358628646e+02 +1.358628646e+02
155655 +2.505559429e+00 +2.505559429e+00 +1.344255594e+02 +1.344255594e+02
164008 +1.552549005e+00 +1.552549005e+00 +1.334725490e+02 +1.334725490e+02
174367 +9.960006022e-01 +9.960006022e-01 +1.329160006e+02 +1.329160006e+02
192445 +6.274505915e-01 +6.274505915e-01 +1.325474506e+02 +1.325474506e+02
202830 +3.941281149e-01 +3.941281149e-01 +1.323141281e+02 +1.323141281e+02
216974 +2.429135623e-01 +2.429135623e-01 +1.321629136e+02 +1.321629136e+02
225861 +1.583821569e-01 +1.583821569e-01 +1.320783822e+02 +1.320783822e+02
239834 +9.605510416e-02 +9.605510416e-02 +1.320160551e+02 +1.320160551e+02
259166 +6.073709206e-02 +6.073709206e-02 +1.319807371e+02 +1.319807371e+02
273460 +3.965230603e-02 +3.965230603e-02 +1.319596523e+02 +1.319596523e+02
284222 +2.435552332e-02 +2.435552332e-02 +1.319443555e+02 +1.319443555e+02
295784 +1.580655183e-02 +1.580655183e-02 +1.319358066e+02 +1.319358066e+02
306345 +9.648389665e-03 +9.648389665e-03 +1.319296484e+02 +1.319296484e+02
317725 +6.240461451e-03 +6.240461451e-03 +1.319262405e+02 +1.319262405e+02
336293 +3.897473515e-03 +3.897473515e-03 +1.319238975e+02 +1.319238975e+02
349992 +2.501148831e-03 +2.501148831e-03 +1.319225011e+02 +1.319225011e+02
364813 +1.582196874e-03 +1.582196874e-03 +1.319215822e+02 +1.319215822e+02
376125 +9.391213826e-04 +9.391213826e-04 +1.319209391e+02 +1.319209391e+02
385911 +6.241847951e-04 +6.241847951e-04 +1.319206242e+02 +1.319206242e+02
403562 +3.917388148e-04 +3.917388148e-04 +1.319203917e+02 +1.319203917e+02
424912 +2.463621499e-04 +2.463621499e-04 +1.319202464e+02 +1.319202464e+02
438984 +1.575613415e-04 +1.575613415e-04 +1.319201576e+02 +1.319201576e+02
475831 +9.950471866e-05 +9.950471866e-05 +1.319200995e+02 +1.319200995e+02
493201 +6.122659590e-05 +6.122659590e-05 +1.319200612e+02 +1.319200612e+02
508809 +3.947160442e-05 +3.947160442e-05 +1.319200395e+02 +1.319200395e+02
535577 +2.431283389e-05 +2.431283389e-05 +1.319200243e+02 +1.319200243e+02
544495 +1.580731808e-05 +1.580731808e-05 +1.319200158e+02 +1.319200158e+02
560602 +9.839260542e-06 +9.839260542e-06 +1.319200098e+02 +1.319200098e+02
577424 +6.257266136e-06 +6.257266136e-06 +1.319200063e+02 +1.319200063e+02
587128 +3.917585730e-06 +3.917585730e-06 +1.319200039e+02 +1.319200039e+02
602623 +2.478070456e-06 +2.478070456e-06 +1.319200025e+02 +1.319200025e+02
617894 +1.571934774e-06 +1.571934774e-06 +1.319200016e+02 +1.319200016e+02
627436 +9.722527636e-07 +9.722527636e-07 +1.319200010e+02 +1.319200010e+02
640052 +6.258671021e-07 +6.258671021e-07 +1.319200006e+02 +1.319200006e+02
664118 +3.930427681e-07 +3.930427681e-07 +1.319200004e+02 +1.319200004e+02
687678 +2.499906486e-07 +2.499906486e-07 +1.319200002e+02 +1.319200002e+02
726898 +1.584605513e-07 +1.584605513e-07 +1.319200002e+02 +1.319200002e+02
747921 +9.995207506e-08 +9.995207506e-08 +1.319200001e+02 +1.319200001e+02
758706 +6.212030712e-08 +6.212030712e-08 +1.319200001e+02 +1.319200001e+02
775734 +3.974551532e-08 +3.974551532e-08 +1.319200000e+02 +1.319200000e+02
789399 +2.505862540e-08 +2.505862540e-08 +1.319200000e+02 +1.319200000e+02
805635 +1.553129891e-08 +1.553129891e-08 +1.319200000e+02 +1.319200000e+02
835965 +9.929408407e-09 +9.929408407e-09 +1.319200000e+02 +1.319200000e+02
% function evaluation | noise-free fitness - Fopt (5.908400000000e+02) | best noise-free fitness - Fopt | measured fitness | best measured fitness | x1 | x2...
1 +2.207364606e+06 +2.207364606e+06 +2.207955446e+06 +2.207955446e+06
4 +1.443089344e+06 +1.443089344e+06 +1.443680184e+06 +1.443680184e+06
158 +9.656589252e+05 +9.656589252e+05 +9.662497652e+05 +9.662497652e+05
557 +6.157070683e+05 +6.157070683e+05 +6.162979083e+05 +6.162979083e+05
1622 +2.035910266e+05 +2.035910266e+05 +2.041818666e+05 +2.041818666e+05
4072 +1.353745127e+05 +1.353745127e+05 +1.359653527e+05 +1.359653527e+05
4079 +7.017897700e+04 +7.017897700e+04 +7.076981700e+04 +7.076981700e+04
4783 +3.596404884e+04 +3.596404884e+04 +3.655488884e+04 +3.655488884e+04
5159 +2.413019835e+04 +2.413019835e+04 +2.472103835e+04 +2.472103835e+04
7297 +1.009220106e+04 +1.009220106e+04 +1.068304106e+04 +1.068304106e+04
7423 +6.968904165e+03 +6.968904165e+03 +7.559744165e+03 +7.559744165e+03
7728 +5.745498994e+03 +5.745498994e+03 +6.336338994e+03 +6.336338994e+03
7987 +3.616042652e+03 +3.616042652e+03 +4.206882652e+03 +4.206882652e+03
9038 +2.329445249e+03 +2.329445249e+03 +2.920285249e+03 +2.920285249e+03
11708 +1.320237486e+03 +1.320237486e+03 +1.911077486e+03 +1.911077486e+03
22504 +9.569486364e+02 +9.569486364e+02 +1.547788636e+03 +1.547788636e+03
30108 +6.262738530e+02 +6.262738530e+02 +1.217113853e+03 +1.217113853e+03
42461 +3.980981283e+02 +3.980981283e+02 +9.889381283e+02 +9.889381283e+02
48778 +2.390546712e+02 +2.390546712e+02 +8.298946712e+02 +8.298946712e+02
70084 +1.573506194e+02 +1.573506194e+02 +7.481906194e+02 +7.481906194e+02
90679 +9.894909979e+01 +9.894909979e+01 +6.897890998e+02 +6.897890998e+02
102515 +6.196152510e+01 +6.196152510e+01 +6.528015251e+02 +6.528015251e+02
115104 +3.952158634e+01 +3.952158634e+01 +6.303615863e+02 +6.303615863e+02
128493 +2.489124873e+01 +2.489124873e+01 +6.157312487e+02 +6.157312487e+02
147503 +1.538090870e+01 +1.538090870e+01 +6.062209087e+02 +6.062209087e+02
161265 +9.851891203e+00 +9.851891203e+00 +6.006918912e+02 +6.006918912e+02
170182 +6.305582049e+00 +6.305582049e+00 +5.971455820e+02 +5.971455820e+02
180091 +3.954860807e+00 +3.954860807e+00 +5.947948608e+02 +5.947948608e+02
194517 +2.510150038e+00 +2.510150038e+00 +5.933501500e+02 +5.933501500e+02
207650 +1.584788919e+00 +1.584788919e+00 +5.924247889e+02 +5.924247889e+02
225043 +9.581250397e-01 +9.581250397e-01 +5.917981250e+02 +5.917981250e+02
245923 +6.266469499e-01 +6.266469499e-01 +5.914666469e+02 +5.914666469e+02
252013 +3.953662108e-01 +3.953662108e-01 +5.912353662e+02 +5.912353662e+02
259379 +2.437600898e-01 +2.437600898e-01 +5.910837601e+02 +5.910837601e+02
267774 +1.584040419e-01 +1.584040419e-01 +5.909984040e+02 +5.909984040e+02
276995 +9.665327990e-02 +9.665327990e-02 +5.909366533e+02 +5.909366533e+02
290400 +6.086948551e-02 +6.086948551e-02 +5.909008695e+02 +5.909008695e+02
301370 +3.696454571e-02 +3.696454571e-02 +5.908769645e+02 +5.908769645e+02
313681 +2.462717597e-02 +2.462717597e-02 +5.908646272e+02 +5.908646272e+02
324319 +1.573128346e-02 +1.573128346e-02 +5.908557313e+02 +5.908557313e+02
334718 +9.900271300e-03 +9.900271300e-03 +5.908499003e+02 +5.908499003e+02
355729 +6.306140192e-03 +6.306140192e-03 +5.908463061e+02 +5.908463061e+02
377136 +3.863387724e-03 +3.863387724e-03 +5.908438634e+02 +5.908438634e+02
389456 +2.510789436e-03 +2.510789436e-03 +5.908425108e+02 +5.908425108e+02
402377 +1.567400632e-03 +1.567400632e-03 +5.908415674e+02 +5.908415674e+02
417410 +9.953579332e-04 +9.953579332e-04 +5.908409954e+02 +5.908409954e+02
430364 +6.285952592e-04 +6.285952592e-04 +5.908406286e+02 +5.908406286e+02
446019 +3.928236904e-04 +3.928236904e-04 +5.908403928e+02 +5.908403928e+02
464677 +2.485988981e-04 +2.485988981e-04 +5.908402486e+02 +5.908402486e+02
471411 +1.557540618e-04 +1.557540618e-04 +5.908401558e+02 +5.908401558e+02
485366 +9.934644095e-05 +9.934644095e-05 +5.908400993e+02 +5.908400993e+02
494352 +6.288934060e-05 +6.288934060e-05 +5.908400629e+02 +5.908400629e+02
508608 +3.772083221e-05 +3.772083221e-05 +5.908400377e+02 +5.908400377e+02
522044 +2.492089061e-05 +2.492089061e-05 +5.908400249e+02 +5.908400249e+02
531767 +1.581765116e-05 +1.581765116e-05 +5.908400158e+02 +5.908400158e+02
543659 +9.623835581e-06 +9.623835581e-06 +5.908400096e+02 +5.908400096e+02
569482 +6.265651791e-06 +6.265651791e-06 +5.908400063e+02 +5.908400063e+02
585630 +3.947790333e-06 +3.947790333e-06 +5.908400039e+02 +5.908400039e+02
600238 +2.414814389e-06 +2.414814389e-06 +5.908400024e+02 +5.908400024e+02
615506 +1.579461582e-06 +1.579461582e-06 +5.908400016e+02 +5.908400016e+02
620134 +9.579407561e-07 +9.579407561e-07 +5.908400010e+02 +5.908400010e+02
633678 +6.052717936e-07 +6.052717936e-07 +5.908400006e+02 +5.908400006e+02
642217 +3.980742349e-07 +3.980742349e-07 +5.908400004e+02 +5.908400004e+02
656973 +2.469217861e-07 +2.469217861e-07 +5.908400002e+02 +5.908400002e+02
666617 +1.521143531e-07 +1.521143531e-07 +5.908400002e+02 +5.908400002e+02
677312 +9.981272342e-08 +9.981272342e-08 +5.908400001e+02 +5.908400001e+02
684645 +5.770175449e-08 +5.770175449e-08 +5.908400001e+02 +5.908400001e+02
702943 +3.974332685e-08 +3.974332685e-08 +5.908400000e+02 +5.908400000e+02
721111 +2.481704087e-08 +2.481704087e-08 +5.908400000e+02 +5.908400000e+02
746412 +1.563250862e-08 +1.563250862e-08 +5.908400000e+02 +5.908400000e+02
767493 +9.986024452e-09 +9.986024452e-09 +5.908400000e+02 +5.908400000e+02
% function evaluation | noise-free fitness - Fopt (3.098000000000e+01) | best noise-free fitness - Fopt | measured fitness | best measured fitness | x1 | x2...
1 +2.332648388e+06 +2.332648388e+06 +2.332679368e+06 +2.332679368e+06
8 +1.328574974e+06 +1.328574974e+06 +1.328605954e+06 +1.328605954e+06
11 +5.831249480e+05 +5.831249480e+05 +5.831559280e+05 +5.831559280e+05
939 +3.478363792e+05 +3.478363792e+05 +3.478673592e+05 +3.478673592e+05
2604 +1.987015580e+05 +1.987015580e+05 +1.987325380e+05 +1.987325380e+05
2764 +9.714651757e+04 +9.714651757e+04 +9.717749757e+04 +9.717749757e+04
3671 +2.915682111e+04 +2.915682111e+04 +2.918780111e+04 +2.918780111e+04
4856 +4.889108813e+03 +4.889108813e+03 +4.920088813e+03 +4.920088813e+03
5213 +2.216083933e+03 +2.216083933e+03 +2.247063933e+03 +2.247063933e+03
17962 +1.552511297e+03 +1.552511297e+03 +1.583491297e+03 +1.583491297e+03
25903 +9.598636422e+02 +9.598636422e+02 +9.908436422e+02 +9.908436422e+02
37072 +6.226399105e+02 +6.226399105e+02 +6.536199105e+02 +6.536199105e+02
47059 +3.955864315e+02 +3.955864315e+02 +4.265664315e+02 +4.265664315e+02
57742 +2.368945834e+02 +2.368945834e+02 +2.678745834e+02 +2.678745834e+02
72192 +1.516496261e+02 +1.516496261e+02 +1.826296261e+02 +1.826296261e+02
83224 +9.837928795e+01 +9.837928795e+01 +1.293592879e+02 +1.293592879e+02
92489 +6.247576939e+01 +6.247576939e+01 +9.345576939e+01 +9.345576939e+01
104836 +3.877114749e+01 +3.877114749e+01 +6.975114749e+01 +6.975114749e+01
114119 +2.511283797e+01 +2.511283797e+01 +5.609283797e+01 +5.609283797e+01
130594 +1.502167436e+01 +1.502167436e+01 +4.600167436e+01 +4.600167436e+01
153084 +9.479260632e+00 +9.479260632e+00 +4.045926063e+01 +4.045926063e+01
168876 +6.270681194e+00 +6.270681194e+00 +3.725068119e+01 +3.725068119e+01
178470 +3.867916753e+00 +3.867916753e+00 +3.484791675e+01 +3.484791675e+01
190605 +2.482596430e+00 +2.482596430e+00 +3.346259643e+01 +3.346259643e+01
202219 +1.552096301e+00 +1.552096301e+00 +3.253209630e+01 +3.253209630e+01
217148 +9.780387598e-01 +9.780387598e-01 +3.195803876e+01 +3.195803876e+01
230838 +6.203976861e-01 +6.203976861e-01 +3.160039769e+01 +3.160039769e+01
240578 +3.884270511e-01 +3.884270511e-01 +3.136842705e+01 +3.136842705e+01
247600 +2.426275141e-01 +2.426275141e-01 +3.122262751e+01 +3.122262751e+01
253268 +1.561680217e-01 +1.561680217e-01 +3.113616802e+01 +3.113616802e+01
267585 +9.748479345e-02 +9.748479345e-02 +3.107748479e+01 +3.107748479e+01
280302 +6.146566509e-02 +6.146566509e-02 +3.104146567e+01 +3.104146567e+01
290971 +3.888615961e-02 +3.888615961e-02 +3.101888616e+01 +3.101888616e+01
294375 +2.424197402e-02 +2.424197402e-02 +3.100424197e+01 +3.100424197e+01
304628 +1.567515423e-02 +1.567515423e-02 +3.099567515e+01 +3.099567515e+01
313602 +9.956153203e-03 +9.956153203e-03 +3.098995615e+01 +3.098995615e+01
326481 +6.053690675e-03 +6.053690675e-03 +3.098605369e+01 +3.098605369e+01
343214 +3.944620995e-03 +3.944620995e-03 +3.098394462e+01 +3.098394462e+01
352092 +2.477318971e-03 +2.477318971e-03 +3.098247732e+01 +3.098247732e+01
363531 +1.551983480e-03 +1.551983480e-03 +3.098155198e+01 +3.098155198e+01
375638 +9.906684568e-04 +9.906684568e-04 +3.098099067e+01 +3.098099067e+01
385189 +6.102711213e-04 +6.102711213e-04 +3.098061027e+01 +3.098061027e+01
399242 +3.523081386e-04 +3.523081386e-04 +3.098035231e+01 +3.098035231e+01
407395 +2.332594702e-04 +2.332594702e-04 +3.098023326e+01 +3.098023326e+01
413267 +1.575689867e-04 +1.575689867e-04 +3.098015757e+01 +3.098015757e+01
423470 +9.749399335e-05 +9.749399335e-05 +3.098009749e+01 +3.098009749e+01
433648 +6.104385837e-05 +6.104385837e-05 +3.098006104e+01 +3.098006104e+01
449751 +3.942842070e-05 +3.942842070e-05 +3.098003943e+01 +3.098003943e+01
464450 +2.211605133e-05 +2.211605133e-05 +3.098002212e+01 +3.098002212e+01
472004 +1.573235160e-05 +1.573235160e-05 +3.098001573e+01 +3.098001573e+01
480976 +9.920803620e-06 +9.920803620e-06 +3.098000992e+01 +3.098000992e+01
491245 +6.172559512e-06 +6.172559512e-06 +3.098000617e+01 +3.098000617e+01
502805 +3.795887341e-06 +3.795887341e-06 +3.098000380e+01 +3.098000380e+01
514035 +2.480170423e-06 +2.480170423e-06 +3.098000248e+01 +3.098000248e+01
528207 +1.497493475e-06 +1.497493475e-06 +3.098000150e+01 +3.098000150e+01
536313 +9.946244504e-07 +9.946244504e-07 +3.098000099e+01 +3.098000099e+01
548303 +6.065864859e-07 +6.065864859e-07 +3.098000061e+01 +3.098000061e+01
563725 +3.900266918e-07 +3.900266918e-07 +3.098000039e+01 +3.098000039e+01
576555 +2.423314172e-07 +2.423314172e-07 +3.098000024e+01 +3.098000024e+01
591614 +1.580367339e-07 +1.580367339e-07 +3.098000016e+01 +3.098000016e+01
601340 +9.964105274e-08 +9.964105274e-08 +3.098000010e+01 +3.098000010e+01
608836 +6.023555343e-08 +6.023555343e-08 +3.098000006e+01 +3.098000006e+01
622580 +3.894004408e-08 +3.894004408e-08 +3.098000004e+01 +3.098000004e+01
635052 +2.457780823e-08 +2.457780823e-08 +3.098000002e+01 +3.098000002e+01
645229 +1.575039477e-08 +1.575039477e-08 +3.098000002e+01 +3.098000002e+01
662258 +9.645845012e-09 +9.645845012e-09 +3.098000001e+01 +3.098000001e+01
% function evaluation | noise-free fitness - Fopt (-1.445400000000e+02) | best noise-free fitness - Fopt | measured fitness | best measured fitness | x1 | x2...
1 +1.110093276e+06 +1.110093276e+06 +1.109948736e+06 +1.109948736e+06
2 +3.811789945e+05 +3.811789945e+05 +3.810344545e+05 +3.810344545e+05
2179 +1.481769762e+05 +1.481769762e+05 +1.480324362e+05 +1.480324362e+05
4640 +7.990743291e+04 +7.990743291e+04 +7.976289291e+04 +7.976289291e+04
4834 +4.691095025e+04 +4.691095025e+04 +4.676641025e+04 +4.676641025e+04
5717 +3.694633558e+04 +3.694633558e+04 +3.680179558e+04 +3.680179558e+04
5981 +1.213858758e+04 +1.213858758e+04 +1.199404758e+04 +1.199404758e+04
6101 +6.523483898e+03 +6.523483898e+03 +6.378943898e+03 +6.378943898e+03
6151 +1.937651080e+03 +1.937651080e+03 +1.793111080e+03 +1.793111080e+03
8552 +1.337873959e+03 +1.337873959e+03 +1.193333959e+03 +1.193333959e+03
11548 +9.843499794e+02 +9.843499794e+02 +8.398099794e+02 +8.398099794e+02
24702 +5.977057191e+02 +5.977057191e+02 +4.531657191e+02 +4.531657191e+02
31986 +3.886223377e+02 +3.886223377e+02 +2.440823377e+02 +2.440823377e+02
39348 +2.465422565e+02 +2.465422565e+02 +1.020022565e+02 +1.020022565e+02
51040 +1.489201840e+02 +1.489201840e+02 +4.380183965e+00 +4.380183965e+00
60836 +8.725225048e+01 +8.725225048e+01 -5.728774952e+01 -5.728774952e+01
68929 +6.239859231e+01 +6.239859231e+01 -8.214140769e+01 -8.214140769e+01
84022 +3.956549354e+01 +3.956549354e+01 -1.049745065e+02 -1.049745065e+02
89930 +2.487687144e+01 +2.487687144e+01 -1.196631286e+02 -1.196631286e+02
100883 +1.497211309e+01 +1.497211309e+01 -1.295678869e+02 -1.295678869e+02
115099 +9.770326437e+00 +9.770326437e+00 -1.347696736e+02 -1.347696736e+02
125197 +6.292469409e+00 +6.292469409e+00 -1.382475306e+02 -1.382475306e+02
136717 +3.979082363e+00 +3.979082363e+00 -1.405609176e+02 -1.405609176e+02
149192 +2.495226319e+00 +2.495226319e+00 -1.420447737e+02 -1.420447737e+02
155340 +1.534386951e+00 +1.534386951e+00 -1.430056130e+02 -1.430056130e+02
170215 +9.878319596e-01 +9.878319596e-01 -1.435521680e+02 -1.435521680e+02
184616 +6.171442340e-01 +6.171442340e-01 -1.439228558e+02 -1.439228558e+02
201756 +3.958000980e-01 +3.958000980e-01 -1.441441999e+02 -1.441441999e+02
217422 +2.484810058e-01 +2.484810058e-01 -1.442915190e+02 -1.442915190e+02
231299 +1.572823948e-01 +1.572823948e-01 -1.443827176e+02 -1.443827176e+02
243492 +9.635878095e-02 +9.635878095e-02 -1.444436412e+02 -1.444436412e+02
257619 +6.254476684e-02 +6.254476684e-02 -1.444774552e+02 -1.444774552e+02
271918 +3.968117969e-02 +3.968117969e-02 -1.445003188e+02 -1.445003188e+02
280622 +2.313876810e-02 +2.313876810e-02 -1.445168612e+02 -1.445168612e+02
297334 +1.566440748e-02 +1.566440748e-02 -1.445243356e+02 -1.445243356e+02
308024 +9.738737815e-03 +9.738737815e-03 -1.445302613e+02 -1.445302613e+02
326103 +6.209757997e-03 +6.209757997e-03 -1.445337902e+02 -1.445337902e+02
342561 +3.971578948e-03 +3.971578948e-03 -1.445360284e+02 -1.445360284e+02
356146 +2.506136567e-03 +2.506136567e-03 -1.445374939e+02 -1.445374939e+02
375638 +1.582810846e-03 +1.582810846e-03 -1.445384172e+02 -1.445384172e+02
392296 +9.990571589e-04 +9.990571589e-04 -1.445390009e+02 -1.445390009e+02
404389 +6.165425213e-04 +6.165425213e-04 -1.445393835e+02 -1.445393835e+02
422247 +3.759377347e-04 +3.759377347e-04 -1.445396241e+02 -1.445396241e+02
436843 +2.455536129e-04 +2.455536129e-04 -1.445397544e+02 -1.445397544e+02
443237 +1.567356816e-04 +1.567356816e-04 -1.445398433e+02 -1.445398433e+02
456639 +9.758992729e-05 +9.758992729e-05 -1.445399024e+02 -1.445399024e+02
465499 +6.230587354e-05 +6.230587354e-05 -1.445399377e+02 -1.445399377e+02
478636 +3.861289275e-05 +3.861289275e-05 -1.445399614e+02 -1.445399614e+02
490935 +2.332660375e-05 +2.332660375e-05 -1.445399767e+02 -1.445399767e+02
508324 +1.579976984e-05 +1.579976984e-05 -1.445399842e+02 -1.445399842e+02
524091 +9.948243360e-06 +9.948243360e-06 -1.445399901e+02 -1.445399901e+02
540246 +6.297201679e-06 +6.297201679e-06 -1.445399937e+02 -1.445399937e+02
549472 +3.906716302e-06 +3.906716302e-06 -1.445399961e+02 -1.445399961e+02
562335 +2.507483771e-06 +2.507483771e-06 -1.445399975e+02 -1.445399975e+02
587183 +1.558615963e-06 +1.558615963e-06 -1.445399984e+02 -1.445399984e+02
601650 +9.903354794e-07 +9.903354794e-07 -1.445399990e+02 -1.445399990e+02
624045 +6.267602828e-07 +6.267602828e-07 -1.445399994e+02 -1.445399994e+02
652057 +3.910155328e-07 +3.910155328e-07 -1.445399996e+02 -1.445399996e+02
659629 +2.347114503e-07 +2.347114503e-07 -1.445399998e+02 -1.445399998e+02
671955 +1.579698505e-07 +1.579698505e-07 -1.445399998e+02 -1.445399998e+02
689314 +9.980348636e-08 +9.980348636e-08 -1.445399999e+02 -1.445399999e+02
701996 +6.253466722e-08 +6.253466722e-08 -1.445399999e+02 -1.445399999e+02
723693 +3.803438631e-08 +3.803438631e-08 -1.445400000e+02 -1.445400000e+02
730509 +2.511814046e-08 +2.511814046e-08 -1.445400000e+02 -1.445400000e+02
739650 +1.567042318e-08 +1.567042318e-08 -1.445400000e+02 -1.445400000e+02
751200 +9.799748568e-09 +9.799748568e-09 -1.445400000e+02 -1.445400000e+02
% function evaluation | noise-free fitness - Fopt (-9.649000000000e+01) | best noise-free fitness - Fopt | measured fitness | best measured fitness | x1 | x2...
1 +2.386337663e+06 +2.386337663e+06 +2.386241173e+06 +2.386241173e+06
25 +1.341757925e+06 +1.341757925e+06 +1.341661435e+06 +1.341661435e+06
1681 +5.771157438e+05 +5.771157438e+05 +5.770192538e+05 +5.770192538e+05
3317 +3.825603236e+05 +3.825603236e+05 +3.824638336e+05 +3.824638336e+05
4402 +1.791205880e+05 +1.791205880e+05 +1.790240980e+05 +1.790240980e+05
4516 +8.922805519e+04 +8.922805519e+04 +8.913156519e+04 +8.913156519e+04
6144 +4.410502088e+04 +4.410502088e+04 +4.400853088e+04 +4.400853088e+04
6426 +3.766023993e+04 +3.766023993e+04 +3.756374993e+04 +3.756374993e+04
7016 +8.985091376e+03 +8.985091376e+03 +8.888601376e+03 +8.888601376e+03
7672 +5.165658401e+03 +5.165658401e+03 +5.069168401e+03 +5.069168401e+03
7741 +3.580543872e+03 +3.580543872e+03 +3.484053872e+03 +3.484053872e+03
8456 +1.975056371e+03 +1.975056371e+03 +1.878566371e+03 +1.878566371e+03
18562 +1.521030907e+03 +1.521030907e+03 +1.424540907e+03 +1.424540907e+03
26870 +9.648110915e+02 +9.648110915e+02 +8.683210915e+02 +8.683210915e+02
38527 +6.117393135e+02 +6.117393135e+02 +5.152493135e+02 +5.152493135e+02
50837 +3.970180792e+02 +3.970180792e+02 +3.005280792e+02 +3.005280792e+02
59401 +2.484428070e+02 +2.484428070e+02 +1.519528070e+02 +1.519528070e+02
68705 +1.501680678e+02 +1.501680678e+02 +5.367806775e+01 +5.367806775e+01
77833 +9.422961546e+01 +9.422961546e+01 -2.260384536e+00 -2.260384536e+00
87900 +6.202082593e+01 +6.202082593e+01 -3.446917407e+01 -3.446917407e+01
103214 +3.948371679e+01 +3.948371679e+01 -5.700628321e+01 -5.700628321e+01
110891 +2.486116589e+01 +2.486116589e+01 -7.162883411e+01 -7.162883411e+01
121434 +1.466967016e+01 +1.466967016e+01 -8.182032984e+01 -8.182032984e+01
132907 +9.987393649e+00 +9.987393649e+00 -8.650260635e+01 -8.650260635e+01
141994 +5.646762970e+00 +5.646762970e+00 -9.084323703e+01 -9.084323703e+01
148993 +3.963503477e+00 +3.963503477e+00 -9.252649652e+01 -9.252649652e+01
163084 +2.499622984e+00 +2.499622984e+00 -9.399037702e+01 -9.399037702e+01
180988 +1.580622742e+00 +1.580622742e+00 -9.490937726e+01 -9.490937726e+01
191510 +9.165478827e-01 +9.165478827e-01 -9.557345212e+01 -9.557345212e+01
201742 +6.030652921e-01 +6.030652921e-01 -9.588693471e+01 -9.588693471e+01
213366 +3.949294293e-01 +3.949294293e-01 -9.609507057e+01 -9.609507057e+01
225195 +2.509061982e-01 +2.509061982e-01 -9.623909380e+01 -9.623909380e+01
234657 +1.573388482e-01 +1.573388482e-01 -9.633266115e+01 -9.633266115e+01
245054 +9.761291148e-02 +9.761291148e-02 -9.639238709e+01 -9.639238709e+01
254474 +5.987006251e-02 +5.987006251e-02 -9.643012994e+01 -9.643012994e+01
267055 +3.939323930e-02 +3.939323930e-02 -9.645060676e+01 -9.645060676e+01
279853 +2.493732545e-02 +2.493732545e-02 -9.646506267e+01 -9.646506267e+01
297815 +1.573885049e-02 +1.573885049e-02 -9.647426115e+01 -9.647426115e+01
316583 +9.951325424e-03 +9.951325424e-03 -9.648004867e+01 -9.648004867e+01
337251 +6.249787209e-03 +6.249787209e-03 -9.648375021e+01 -9.648375021e+01
356222 +3.946750045e-03 +3.946750045e-03 -9.648605325e+01 -9.648605325e+01
367046 +2.509296197e-03 +2.509296197e-03 -9.648749070e+01 -9.648749070e+01
381323 +1.569587985e-03 +1.569587985e-03 -9.648843041e+01 -9.648843041e+01
398216 +9.982315962e-04 +9.982315962e-04 -9.648900177e+01 -9.648900177e+01
411145 +5.924752267e-04 +5.924752267e-04 -9.648940752e+01 -9.648940752e+01
436839 +3.917522637e-04 +3.917522637e-04 -9.648960825e+01 -9.648960825e+01
448486 +2.347589362e-04 +2.347589362e-04 -9.648976524e+01 -9.648976524e+01
455238 +1.550013607e-04 +1.550013607e-04 -9.648984500e+01 -9.648984500e+01
470914 +9.593447702e-05 +9.593447702e-05 -9.648990407e+01 -9.648990407e+01
489640 +6.302051247e-05 +6.302051247e-05 -9.648993698e+01 -9.648993698e+01
500219 +3.750158818e-05 +3.750158818e-05 -9.648996250e+01 -9.648996250e+01
512805 +2.326994206e-05 +2.326994206e-05 -9.648997673e+01 -9.648997673e+01
529956 +1.579385477e-05 +1.579385477e-05 -9.648998421e+01 -9.648998421e+01
546584 +9.988669674e-06 +9.988669674e-06 -9.648999001e+01 -9.648999001e+01
566917 +6.303583547e-06 +6.303583547e-06 -9.648999370e+01 -9.648999370e+01
583093 +3.977365850e-06 +3.977365850e-06 -9.648999602e+01 -9.648999602e+01
605971 +2.500429275e-06 +2.500429275e-06 -9.648999750e+01 -9.648999750e+01
623197 +1.524119483e-06 +1.524119483e-06 -9.648999848e+01 -9.648999848e+01
635001 +9.769304228e-07 +9.769304228e-07 -9.648999902e+01 -9.648999902e+01
653483 +6.193324680e-07 +6.193324680e-07 -9.648999938e+01 -9.648999938e+01
678707 +3.927592189e-07 +3.927592189e-07 -9.648999961e+01 -9.648999961e+01
694538 +2.443910603e-07 +2.443910603e-07 -9.648999976e+01 -9.648999976e+01
710339 +1.569992207e-07 +1.569992207e-07 -9.648999984e+01 -9.648999984e+01
721115 +9.890305819e-08 +9.890305819e-08 -9.648999990e+01 -9.648999990e+01
731210 +6.181079470e-08 +6.181079470e-08 -9.648999994e+01 -9.648999994e+01
747801 +3.887237199e-08 +3.887237199e-08 -9.648999996e+01 -9.648999996e+01
763641 +2.505775853e-08 +2.505775853e-08 -9.648999997e+01 -9.648999997e+01
783258 +1.553547690e-08 +1.553547690e-08 -9.648999998e+01 -9.648999998e+01
800554 +9.489383501e-09 +9.489383501e-09 -9.648999999e+01 -9.648999999e+01
% function evaluation | noise-free fitness - Fopt (1.000000000000e+03) | best noise-free fitness - Fopt | measured fitness | best measured fitness | x1 | x2...
1 +2.352795438e+06 +2.352795438e+06 +2.353795438e+06 +2.353795438e+06
10 +1.427343341e+06 +1.427343341e+06 +1.428343341e+06 +1.428343341e+06
406 +8.997452821e+05 +8.997452821e+05 +9.007452821e+05 +9.007452821e+05
1166 +5.632067091e+05 +5.632067091e+05 +5.642067091e+05 +5.642067091e+05
3192 +3.952063361e+05 +3.952063361e+05 +3.962063361e+05 +3.962063361e+05
5293 +2.397054906e+05 +2.397054906e+05 +2.407054906e+05 +2.407054906e+05
6725 +1.485333499e+05 +1.485333499e+05 +1.495333499e+05 +1.495333499e+05
7603 +6.304539635e+04 +6.304539635e+04 +6.404539635e+04 +6.404539635e+04
9002 +3.421537371e+04 +3.421537371e+04 +3.521537371e+04 +3.521537371e+04
9415 +3.534008640e+03 +3.534008640e+03 +4.534008640e+03 +4.534008640e+03
11660 +2.440466610e+03 +2.440466610e+03 +3.440466610e+03 +3.440466610e+03
13761 +1.480541599e+03 +1.480541599e+03 +2.480541599e+03 +2.480541599e+03
18678 +9.924161629e+02 +9.924161629e+02 +1.992416163e+03 +1.992416163e+03
27376 +6.065910117e+02 +6.065910117e+02 +1.606591012e+03 +1.606591012e+03
34345 +3.973754893e+02 +3.973754893e+02 +1.397375489e+03 +1.397375489e+03
43480 +2.480894934e+02 +2.480894934e+02 +1.248089493e+03 +1.248089493e+03
56023 +1.582215148e+02 +1.582215148e+02 +1.158221515e+03 +1.158221515e+03
66095 +9.624240499e+01 +9.624240499e+01 +1.096242405e+03 +1.096242405e+03
73974 +6.173922932e+01 +6.173922932e+01 +1.061739229e+03 +1.061739229e+03
85300 +3.822941819e+01 +3.822941819e+01 +1.038229418e+03 +1.038229418e+03
93098 +2.463464131e+01 +2.463464131e+01 +1.024634641e+03 +1.024634641e+03
103909 +1.313662880e+01 +1.313662880e+01 +1.013136629e+03 +1.013136629e+03
114483 +9.866757866e+00 +9.866757866e+00 +1.009866758e+03 +1.009866758e+03
120242 +5.935630169e+00 +5.935630169e+00 +1.005935630e+03 +1.005935630e+03
128413 +3.895095321e+00 +3.895095321e+00 +1.003895095e+03 +1.003895095e+03
138420 +2.477550913e+00 +2.477550913e+00 +1.002477551e+03 +1.002477551e+03
146056 +1.464111344e+00 +1.464111344e+00 +1.001464111e+03 +1.001464111e+03
156360 +9.270609120e-01 +9.270609120e-01 +1.000927061e+03 +1.000927061e+03
169555 +6.082923212e-01 +6.082923212e-01 +1.000608292e+03 +1.000608292e+03
176452 +3.893077873e-01 +3.893077873e-01 +1.000389308e+03 +1.000389308e+03
183020 +2.388600850e-01 +2.388600850e-01 +1.000238860e+03 +1.000238860e+03
187762 +1.542951092e-01 +1.542951092e-01 +1.000154295e+03 +1.000154295e+03
200619 +9.866095693e-02 +9.866095693e-02 +1.000098661e+03 +1.000098661e+03
212511 +6.175427387e-02 +6.175427387e-02 +1.000061754e+03 +1.000061754e+03
222503 +3.971552048e-02 +3.971552048e-02 +1.000039716e+03 +1.000039716e+03
231908 +2.471243383e-02 +2.471243383e-02 +1.000024712e+03 +1.000024712e+03
240066 +1.553904778e-02 +1.553904778e-02 +1.000015539e+03 +1.000015539e+03
249733 +9.795516189e-03 +9.795516189e-03 +1.000009796e+03 +1.000009796e+03
259565 +6.250307971e-03 +6.250307971e-03 +1.000006250e+03 +1.000006250e+03
273321 +3.914749158e-03 +3.914749158e-03 +1.000003915e+03 +1.000003915e+03
287033 +2.505903361e-03 +2.505903361e-03 +1.000002506e+03 +1.000002506e+03
302060 +1.569004202e-03 +1.569004202e-03 +1.000001569e+03 +1.000001569e+03
321110 +9.967026141e-04 +9.967026141e-04 +1.000000997e+03 +1.000000997e+03
332088 +6.254436258e-04 +6.254436258e-04 +1.000000625e+03 +1.000000625e+03
343539 +3.890269868e-04 +3.890269868e-04 +1.000000389e+03 +1.000000389e+03
354925 +2.493355116e-04 +2.493355116e-04 +1.000000249e+03 +1.000000249e+03
362083 +1.549073022e-04 +1.549073022e-04 +1.000000155e+03 +1.000000155e+03
372258 +9.770381109e-05 +9.770381109e-05 +1.000000098e+03 +1.000000098e+03
380210 +6.308867171e-05 +6.308867171e-05 +1.000000063e+03 +1.000000063e+03
392999 +3.890682228e-05 +3.890682228e-05 +1.000000039e+03 +1.000000039e+03
409320 +2.511087416e-05 +2.511087416e-05 +1.000000025e+03 +1.000000025e+03
417194 +1.581820618e-05 +1.581820618e-05 +1.000000016e+03 +1.000000016e+03
429462 +9.823589153e-06 +9.823589153e-06 +1.000000010e+03 +1.000000010e+03
448225 +6.299025245e-06 +6.299025245e-06 +1.000000006e+03 +1.000000006e+03
464578 +3.966299232e-06 +3.966299232e-06 +1.000000004e+03 +1.000000004e+03
474025 +2.451040586e-06 +2.451040586e-06 +1.000000002e+03 +1.000000002e+03
493290 +1.562006446e-06 +1.562006446e-06 +1.000000002e+03 +1.000000002e+03
502421 +9.972494581e-07 +9.972494581e-07 +1.000000001e+03 +1.000000001e+03
517656 +6.281596825e-07 +6.281596825e-07 +1.000000001e+03 +1.000000001e+03
536324 +3.939123872e-07 +3.939123872e-07 +1.000000000e+03 +1.000000000e+03
559534 +2.407296051e-07 +2.407296051e-07 +1.000000000e+03 +1.000000000e+03
573850 +1.520588739e-07 +1.520588739e-07 +1.000000000e+03 +1.000000000e+03
585176 +9.962616332e-08 +9.962616332e-08 +1.000000000e+03 +1.000000000e+03
596689 +6.261348062e-08 +6.261348062e-08 +1.000000000e+03 +1.000000000e+03
606144 +3.893603662e-08 +3.893603662e-08 +1.000000000e+03 +1.000000000e+03
620225 +2.449667136e-08 +2.449667136e-08 +1.000000000e+03 +1.000000000e+03
631916 +1.545834039e-08 +1.545834039e-08 +1.000000000e+03 +1.000000000e+03
643337 +9.632003639e-09 +9.632003639e-09 +1.000000000e+03 +1.000000000e+03
% function evaluation | noise-free fitness - Fopt (-1.547600000000e+02) | best noise-free fitness - Fopt | measured fitness | best measured fitness | x1 | x2...
1 +1.788070524e+06 +1.788070524e+06 +1.787915764e+06 +1.787915764e+06
8 +8.393995785e+05 +8.393995785e+05 +8.392448185e+05 +8.392448185e+05
1168 +5.749236912e+05 +5.749236912e+05 +5.747689312e+05 +5.747689312e+05
2185 +3.836841983e+05 +3.836841983e+05 +3.835294383e+05 +3.835294383e+05
2666 +2.207392588e+05 +2.207392588e+05 +2.205844988e+05 +2.205844988e+05
3229 +8.417500553e+04 +8.417500553e+04 +8.402024553e+04 +8.402024553e+04
3844 +5.509417499e+04 +5.509417499e+04 +5.493941499e+04 +5.493941499e+04
5192 +5.884887562e+03 +5.884887562e+03 +5.730127562e+03 +5.730127562e+03
7236 +2.905206810e+03 +2.905206810e+03 +2.750446810e+03 +2.750446810e+03
7255 +2.149036505e+03 +2.149036505e+03 +1.994276505e+03 +1.994276505e+03
8792 +1.355609823e+03 +1.355609823e+03 +1.200849823e+03 +1.200849823e+03
19966 +9.625024069e+02 +9.625024069e+02 +8.077424069e+02 +8.077424069e+02
30142 +6.299486134e+02 +6.299486134e+02 +4.751886134e+02 +4.751886134e+02
38570 +3.968607974e+02 +3.968607974e+02 +2.421007974e+02 +2.421007974e+02
49776 +2.453504378e+02 +2.453504378e+02 +9.059043778e+01 +9.059043778e+01
61831 +1.529885732e+02 +1.529885732e+02 -1.771426790e+00 -1.771426790e+00
71693 +9.278836778e+01 +9.278836778e+01 -6.197163222e+01 -6.197163222e+01
79543 +5.824158045e+01 +5.824158045e+01 -9.651841955e+01 -9.651841955e+01
88908 +3.954076549e+01 +3.954076549e+01 -1.152192345e+02 -1.152192345e+02
94824 +2.510113103e+01 +2.510113103e+01 -1.296588690e+02 -1.296588690e+02
105941 +1.547540632e+01 +1.547540632e+01 -1.392845937e+02 -1.392845937e+02
117492 +9.827604367e+00 +9.827604367e+00 -1.449323956e+02 -1.449323956e+02
131625 +6.251411729e+00 +6.251411729e+00 -1.485085883e+02 -1.485085883e+02
137771 +3.973932211e+00 +3.973932211e+00 -1.507860678e+02 -1.507860678e+02
145522 +2.472757917e+00 +2.472757917e+00 -1.522872421e+02 -1.522872421e+02
150856 +1.508495712e+00 +1.508495712e+00 -1.532515043e+02 -1.532515043e+02
164261 +9.993423705e-01 +9.993423705e-01 -1.537606576e+02 -1.537606576e+02
172077 +5.625994867e-01 +5.625994867e-01 -1.541974005e+02 -1.541974005e+02
177924 +3.961332430e-01 +3.961332430e-01 -1.543638668e+02 -1.543638668e+02
186925 +2.505103527e-01 +2.505103527e-01 -1.545094896e+02 -1.545094896e+02
195285 +1.577811129e-01 +1.577811129e-01 -1.546022189e+02 -1.546022189e+02
205626 +9.579884000e-02 +9.579884000e-02 -1.546642012e+02 -1.546642012e+02
215636 +6.156953695e-02 +6.156953695e-02 -1.546984305e+02 -1.546984305e+02
227568 +3.953471745e-02 +3.953471745e-02 -1.547204653e+02 -1.547204653e+02
236781 +2.496515837e-02 +2.496515837e-02 -1.547350348e+02 -1.547350348e+02
249808 +1.556565586e-02 +1.556565586e-02 -1.547444343e+02 -1.547444343e+02
263713 +9.761818877e-03 +9.761818877e-03 -1.547502382e+02 -1.547502382e+02
278906 +6.218469397e-03 +6.218469397e-03 -1.547537815e+02 -1.547537815e+02
295228 +3.889674636e-03 +3.889674636e-03 -1.547561103e+02 -1.547561103e+02
303904 +2.502803110e-03 +2.502803110e-03 -1.547574972e+02 -1.547574972e+02
315900 +1.537373731e-03 +1.537373731e-03 -1.547584626e+02 -1.547584626e+02
329436 +9.957954670e-04 +9.957954670e-04 -1.547590042e+02 -1.547590042e+02
343760 +6.305392438e-04 +6.305392438e-04 -1.547593695e+02 -1.547593695e+02
378508 +3.936196474e-04 +3.936196474e-04 -1.547596064e+02 -1.547596064e+02
411433 +2.505740876e-04 +2.505740876e-04 -1.547597494e+02 -1.547597494e+02
442109 +1.578404278e-04 +1.578404278e-04 -1.547598422e+02 -1.547598422e+02
478456 +9.733795645e-05 +9.733795645e-05 -1.547599027e+02 -1.547599027e+02
488170 +6.246727114e-05 +6.246727114e-05 -1.547599375e+02 -1.547599375e+02
501185 +3.598416441e-05 +3.598416441e-05 -1.547599640e+02 -1.547599640e+02
512399 +2.486181569e-05 +2.486181569e-05 -1.547599751e+02 -1.547599751e+02
521172 +1.583839000e-05 +1.583839000e-05 -1.547599842e+02 -1.547599842e+02
538437 +9.915926768e-06 +9.915926768e-06 -1.547599901e+02 -1.547599901e+02
558567 +6.217053908e-06 +6.217053908e-06 -1.547599938e+02 -1.547599938e+02
576828 +3.935152051e-06 +3.935152051e-06 -1.547599961e+02 -1.547599961e+02
612863 +2.506683302e-06 +2.506683302e-06 -1.547599975e+02 -1.547599975e+02
653234 +1.581219863e-06 +1.581219863e-06 -1.547599984e+02 -1.547599984e+02
716618 +9.973500141e-07 +9.973500141e-07 -1.547599990e+02 -1.547599990e+02
788657 +6.262819170e-07 +6.262819170e-07 -1.547599994e+02 -1.547599994e+02
868499 +3.953565511e-07 +3.953565511e-07 -1.547599996e+02 -1.547599996e+02
911167 +2.493049465e-07 +2.493049465e-07 -1.547599998e+02 -1.547599998e+02
963664 +1.582595246e-07 +1.582595246e-07 -1.547599998e+02 -1.547599998e+02
987734 +9.985407701e-08 +9.985407701e-08 -1.547599999e+02 -1.547599999e+02
1008271 +6.271525876e-08 +6.271525876e-08 -1.547599999e+02 -1.547599999e+02
1045800 +3.961613970e-08 +3.961613970e-08 -1.547600000e+02 -1.547600000e+02
1064519 +2.506806140e-08 +2.506806140e-08 -1.547600000e+02 -1.547600000e+02
1074980 +1.550571938e-08 +1.550571938e-08 -1.547600000e+02 -1.547600000e+02
1087467 +9.502969078e-09 +9.502969078e-09 -1.547600000e+02 -1.547600000e+02
% function evaluation | noise-free fitness - Fopt (3.914000000000e+01) | best noise-free fitness - Fopt | measured fitness | best measured fitness | x1 | x2...
1 +1.105199825e+06 +1.105199825e+06 +1.105238965e+06 +1.105238965e+06
51 +9.687124996e+05 +9.687124996e+05 +9.687516396e+05 +9.687516396e+05
1578 +5.874910945e+05 +5.874910945e+05 +5.875302345e+05 +5.875302345e+05
2448 +3.591658907e+05 +3.591658907e+05 +3.592050307e+05 +3.592050307e+05
3442 +2.354274079e+05 +2.354274079e+05 +2.354665479e+05 +2.354665479e+05
3865 +1.438485056e+05 +1.438485056e+05 +1.438876456e+05 +1.438876456e+05
4541 +7.260266335e+04 +7.260266335e+04 +7.264180335e+04 +7.264180335e+04
4852 +3.373309123e+04 +3.373309123e+04 +3.377223123e+04 +3.377223123e+04
5102 +2.267672545e+04 +2.267672545e+04 +2.271586545e+04 +2.271586545e+04
5446 +1.220598721e+04 +1.220598721e+04 +1.224512721e+04 +1.224512721e+04
5829 +3.262107012e+03 +3.262107012e+03 +3.301247012e+03 +3.301247012e+03
6431 +2.239913341e+03 +2.239913341e+03 +2.279053341e+03 +2.279053341e+03
14037 +1.530414927e+03 +1.530414927e+03 +1.569554927e+03 +1.569554927e+03
22055 +9.556398790e+02 +9.556398790e+02 +9.947798790e+02 +9.947798790e+02
31011 +5.858045485e+02 +5.858045485e+02 +6.249445485e+02 +6.249445485e+02
39223 +3.924203400e+02 +3.924203400e+02 +4.315603400e+02 +4.315603400e+02
44069 +2.458573172e+02 +2.458573172e+02 +2.849973172e+02 +2.849973172e+02
55237 +1.574732371e+02 +1.574732371e+02 +1.966132371e+02 +1.966132371e+02
66087 +8.515482856e+01 +8.515482856e+01 +1.242948286e+02 +1.242948286e+02
75291 +6.286631660e+01 +6.286631660e+01 +1.020063166e+02 +1.020063166e+02
84885 +3.943816780e+01 +3.943816780e+01 +7.857816780e+01 +7.857816780e+01
92893 +2.499066593e+01 +2.499066593e+01 +6.413066593e+01 +6.413066593e+01
103450 +1.445390558e+01 +1.445390558e+01 +5.359390558e+01 +5.359390558e+01
113696 +9.493658757e+00 +9.493658757e+00 +4.863365876e+01 +4.863365876e+01
123850 +6.307124678e+00 +6.307124678e+00 +4.544712468e+01 +4.544712468e+01
135168 +3.974747354e+00 +3.974747354e+00 +4.311474735e+01 +4.311474735e+01
150251 +2.487115754e+00 +2.487115754e+00 +4.162711575e+01 +4.162711575e+01
157192 +1.532071294e+00 +1.532071294e+00 +4.067207129e+01 +4.067207129e+01
171891 +9.867115513e-01 +9.867115513e-01 +4.012671155e+01 +4.012671155e+01
182893 +6.258334968e-01 +6.258334968e-01 +3.976583350e+01 +3.976583350e+01
191075 +3.906967324e-01 +3.906967324e-01 +3.953069673e+01 +3.953069673e+01
202755 +2.496810017e-01 +2.496810017e-01 +3.938968100e+01 +3.938968100e+01
212204 +1.571728299e-01 +1.571728299e-01 +3.929717283e+01 +3.929717283e+01
225109 +9.999362952e-02 +9.999362952e-02 +3.923999363e+01 +3.923999363e+01
238588 +6.290350623e-02 +6.290350623e-02 +3.920290351e+01 +3.920290351e+01
258051 +3.917023132e-02 +3.917023132e-02 +3.917917023e+01 +3.917917023e+01
270456 +2.498770572e-02 +2.498770572e-02 +3.916498771e+01 +3.916498771e+01
280265 +1.541557430e-02 +1.541557430e-02 +3.915541557e+01 +3.915541557e+01
293828 +9.915735693e-03 +9.915735693e-03 +3.914991574e+01 +3.914991574e+01
308071 +6.010340683e-03 +6.010340683e-03 +3.914601034e+01 +3.914601034e+01
335472 +3.967903511e-03 +3.967903511e-03 +3.914396790e+01 +3.914396790e+01
354463 +2.504419595e-03 +2.504419595e-03 +3.914250442e+01 +3.914250442e+01
376817 +1.578550272e-03 +1.578550272e-03 +3.914157855e+01 +3.914157855e+01
396969 +9.955977087e-04 +9.955977087e-04 +3.914099560e+01 +3.914099560e+01
413114 +6.220604558e-04 +6.220604558e-04 +3.914062206e+01 +3.914062206e+01
434142 +3.979016934e-04 +3.979016934e-04 +3.914039790e+01 +3.914039790e+01
447603 +2.450310995e-04 +2.450310995e-04 +3.914024503e+01 +3.914024503e+01
455830 +1.554964263e-04 +1.554964263e-04 +3.914015550e+01 +3.914015550e+01
463745 +9.031047792e-05 +9.031047792e-05 +3.914009031e+01 +3.914009031e+01
469680 +6.184007067e-05 +6.184007067e-05 +3.914006184e+01 +3.914006184e+01
483373 +3.884410507e-05 +3.884410507e-05 +3.914003884e+01 +3.914003884e+01
512024 +2.463042289e-05 +2.463042289e-05 +3.914002463e+01 +3.914002463e+01
552826 +1.584781925e-05 +1.584781925e-05 +3.914001585e+01 +3.914001585e+01
582878 +9.962873357e-06 +9.962873357e-06 +3.914000996e+01 +3.914000996e+01
616206 +6.288704121e-06 +6.288704121e-06 +3.914000629e+01 +3.914000629e+01
671559 +3.972160400e-06 +3.972160400e-06 +3.914000397e+01 +3.914000397e+01
715242 +2.487471839e-06 +2.487471839e-06 +3.914000249e+01 +3.914000249e+01
751288 +1.574654135e-06 +1.574654135e-06 +3.914000157e+01 +3.914000157e+01
771267 +9.982591251e-07 +9.982591251e-07 +3.914000100e+01 +3.914000100e+01
801470 +6.174561804e-07 +6.174561804e-07 +3.914000062e+01 +3.914000062e+01
860194 +3.977494458e-07 +3.977494458e-07 +3.914000040e+01 +3.914000040e+01
898894 +2.511802819e-07 +2.511802819e-07 +3.914000025e+01 +3.914000025e+01
939980 +1.581105593e-07 +1.581105593e-07 +3.914000016e+01 +3.914000016e+01
975672 +9.994316486e-08 +9.994316486e-08 +3.914000010e+01 +3.914000010e+01
1017983 +6.291202936e-08 +6.291202936e-08 +3.914000006e+01 +3.914000006e+01
1048816 +3.979099006e-08 +3.979099006e-08 +3.914000004e+01 +3.914000004e+01
1090401 +2.505278474e-08 +2.505278474e-08 +3.914000003e+01 +3.914000003e+01
1111404 +1.576407982e-08 +1.576407982e-08 +3.914000002e+01 +3.914000002e+01
1144802 +9.955797964e-09 +9.955797964e-09 +3.914000001e+01 +3.914000001e+01
% function evaluation | noise-free fitness - Fopt (-1.186000000000e+01) | best noise-free fitness - Fopt | measured fitness | best measured fitness | x1 | x2...
1 +2.179013081e+06 +2.179013081e+06 +2.179001221e+06 +2.179001221e+06
11 +6.755510424e+05 +6.755510424e+05 +6.755391824e+05 +6.755391824e+05
1047 +5.925629877e+05 +5.925629877e+05 +5.925511277e+05 +5.925511277e+05
2161 +3.052860577e+05 +3.052860577e+05 +3.052741977e+05 +3.052741977e+05
3637 +2.396985617e+05 +2.396985617e+05 +2.396867017e+05 +2.396867017e+05
5080 +1.316154214e+05 +1.316154214e+05 +1.316035614e+05 +1.316035614e+05
6153 +6.101080765e+04 +6.101080765e+04 +6.099894765e+04 +6.099894765e+04
6255 +1.989800364e+04 +1.989800364e+04 +1.988614364e+04 +1.988614364e+04
6452 +3.589070992e+03 +3.589070992e+03 +3.577210992e+03 +3.577210992e+03
9714 +2.334748525e+03 +2.334748525e+03 +2.322888525e+03 +2.322888525e+03
19929 +1.534836452e+03 +1.534836452e+03 +1.522976452e+03 +1.522976452e+03
27295 +9.061912386e+02 +9.061912386e+02 +8.943312386e+02 +8.943312386e+02
38410 +6.174222319e+02 +6.174222319e+02 +6.055622319e+02 +6.055622319e+02
48147 +3.970447117e+02 +3.970447117e+02 +3.851847117e+02 +3.851847117e+02
54658 +2.455868864e+02 +2.455868864e+02 +2.337268864e+02 +2.337268864e+02
65997 +1.549627085e+02 +1.549627085e+02 +1.431027085e+02 +1.431027085e+02
80248 +9.982226871e+01 +9.982226871e+01 +8.796226871e+01 +8.796226871e+01
88231 +6.291726503e+01 +6.291726503e+01 +5.105726503e+01 +5.105726503e+01
103029 +3.946538183e+01 +3.946538183e+01 +2.760538183e+01 +2.760538183e+01
109606 +2.469688677e+01 +2.469688677e+01 +1.283688677e+01 +1.283688677e+01
118833 +1.536826571e+01 +1.536826571e+01 +3.508265708e+00 +3.508265708e+00
130774 +9.659383963e+00 +9.659383963e+00 -2.200616037e+00 -2.200616037e+00
140051 +6.225016502e+00 +6.225016502e+00 -5.634983498e+00 -5.634983498e+00
148426 +3.949952213e+00 +3.949952213e+00 -7.910047787e+00 -7.910047787e+00
158903 +2.492634314e+00 +2.492634314e+00 -9.367365686e+00 -9.367365686e+00
167994 +1.551641395e+00 +1.551641395e+00 -1.030835860e+01 -1.030835860e+01
181136 +9.445327324e-01 +9.445327324e-01 -1.091546727e+01 -1.091546727e+01
197821 +6.284468326e-01 +6.284468326e-01 -1.123155317e+01 -1.123155317e+01
210403 +3.917157625e-01 +3.917157625e-01 -1.146828424e+01 -1.146828424e+01
226600 +2.503107656e-01 +2.503107656e-01 -1.160968923e+01 -1.160968923e+01
239278 +1.581140849e-01 +1.581140849e-01 -1.170188592e+01 -1.170188592e+01
251522 +9.865375459e-02 +9.865375459e-02 -1.176134625e+01 -1.176134625e+01
266099 +6.283137630e-02 +6.283137630e-02 -1.179716862e+01 -1.179716862e+01
283301 +3.971094795e-02 +3.971094795e-02 -1.182028905e+01 -1.182028905e+01
289203 +2.487007155e-02 +2.487007155e-02 -1.183512993e+01 -1.183512993e+01
300883 +1.580152968e-02 +1.580152968e-02 -1.184419847e+01 -1.184419847e+01
313363 +9.431964559e-03 +9.431964559e-03 -1.185056804e+01 -1.185056804e+01
327039 +6.063765943e-03 +6.063765943e-03 -1.185393623e+01 -1.185393623e+01
342491 +3.795724307e-03 +3.795724307e-03 -1.185620428e+01 -1.185620428e+01
352822 +2.446923496e-03 +2.446923496e-03 -1.185755308e+01 -1.185755308e+01
358884 +1.570136417e-03 +1.570136417e-03 -1.185842986e+01 -1.185842986e+01
369302 +9.888717223e-04 +9.888717223e-04 -1.185901113e+01 -1.185901113e+01
379770 +6.136794732e-04 +6.136794732e-04 -1.185938632e+01 -1.185938632e+01
405735 +3.975918084e-04 +3.975918084e-04 -1.185960241e+01 -1.185960241e+01
438818 +2.472235168e-04 +2.472235168e-04 -1.185975278e+01 -1.185975278e+01
458317 +1.584382607e-04 +1.584382607e-04 -1.185984156e+01 -1.185984156e+01
477430 +9.932641360e-05 +9.932641360e-05 -1.185990067e+01 -1.185990067e+01
489776 +6.264170873e-05 +6.264170873e-05 -1.185993736e+01 -1.185993736e+01
507817 +3.915706757e-05 +3.915706757e-05 -1.185996084e+01 -1.185996084e+01
520221 +2.449090950e-05 +2.449090950e-05 -1.185997551e+01 -1.185997551e+01
527702 +1.584271132e-05 +1.584271132e-05 -1.185998416e+01 -1.185998416e+01
535751 +9.994570991e-06 +9.994570991e-06 -1.185999001e+01 -1.185999001e+01
559873 +6.225058840e-06 +6.225058840e-06 -1.185999377e+01 -1.185999377e+01
580188 +3.949152941e-06 +3.949152941e-06 -1.185999605e+01 -1.185999605e+01
602923 +2.505795283e-06 +2.505795283e-06 -1.185999749e+01 -1.185999749e+01
619558 +1.544788635e-06 +1.544788635e-06 -1.185999846e+01 -1.185999846e+01
626280 +9.920382471e-07 +9.920382471e-07 -1.185999901e+01 -1.185999901e+01
637118 +6.055049990e-07 +6.055049990e-07 -1.185999939e+01 -1.185999939e+01
648637 +3.971797735e-07 +3.971797735e-07 -1.185999960e+01 -1.185999960e+01
659416 +2.432591586e-07 +2.432591586e-07 -1.185999976e+01 -1.185999976e+01
674882 +1.580646991e-07 +1.580646991e-07 -1.185999984e+01 -1.185999984e+01
684501 +9.960875680e-08 +9.960875680e-08 -1.185999990e+01 -1.185999990e+01
691465 +6.247094753e-08 +6.247094753e-08 -1.185999994e+01 -1.185999994e+01
703601 +3.959480921e-08 +3.959480921e-08 -1.185999996e+01 -1.185999996e+01
716624 +2.471216298e-08 +2.471216298e-08 -1.185999998e+01 -1.185999998e+01
732422 +1.570071717e-08 +1.570071717e-08 -1.185999998e+01 -1.185999998e+01
749650 +9.911117260e-09 +9.911117260e-09 -1.185999999e+01 -1.185999999e+01
% function evaluation | noise-free fitness - Fopt (7.068000000000e+01) | best noise-free fitness - Fopt | measured fitness | best measured fitness | x1 | x2...
1 +1.109832469e+06 +1.109832469e+06 +1.109903149e+06 +1.109903149e+06
20 +5.537443385e+05 +5.537443385e+05 +5.538150185e+05 +5.538150185e+05
467 +3.970356280e+05 +3.970356280e+05 +3.971063080e+05 +3.971063080e+05
1121 +2.144492947e+05 +2.144492947e+05 +2.145199747e+05 +2.145199747e+05
2160 +1.091675018e+05 +1.091675018e+05 +1.092381818e+05 +1.092381818e+05
2588 +6.355636024e+04 +6.355636024e+04 +6.362704024e+04 +6.362704024e+04
4101 +4.449394580e+04 +4.449394580e+04 +4.456462580e+04 +4.456462580e+04
4145 +1.847982662e+04 +1.847982662e+04 +1.855050662e+04 +1.855050662e+04
4836 +1.281473721e+04 +1.281473721e+04 +1.288541721e+04 +1.288541721e+04
5347 +6.594720183e+03 +6.594720183e+03 +6.665400183e+03 +6.665400183e+03
5906 +4.189218825e+03 +4.189218825e+03 +4.259898825e+03 +4.259898825e+03
6302 +3.696977501e+03 +3.696977501e+03 +3.767657501e+03 +3.767657501e+03
7244 +2.383751172e+03 +2.383751172e+03 +2.454431172e+03 +2.454431172e+03
8019 +1.106971063e+03 +1.106971063e+03 +1.177651063e+03 +1.177651063e+03
22706 +9.835700067e+02 +9.835700067e+02 +1.054250007e+03 +1.054250007e+03
32326 +6.299007682e+02 +6.299007682e+02 +7.005807682e+02 +7.005807682e+02
39527 +3.965581998e+02 +3.965581998e+02 +4.672381998e+02 +4.672381998e+02
48198 +2.310349346e+02 +2.310349346e+02 +3.017149346e+02 +3.017149346e+02
58718 +1.429496885e+02 +1.429496885e+02 +2.136296885e+02 +2.136296885e+02
69790 +9.957637552e+01 +9.957637552e+01 +1.702563755e+02 +1.702563755e+02
78635 +5.954554684e+01 +5.954554684e+01 +1.302255468e+02 +1.302255468e+02
91475 +3.879122808e+01 +3.879122808e+01 +1.094712281e+02 +1.094712281e+02
100921 +2.480070061e+01 +2.480070061e+01 +9.548070061e+01 +9.548070061e+01
111366 +1.568914216e+01 +1.568914216e+01 +8.636914216e+01 +8.636914216e+01
129202 +9.691646308e+00 +9.691646308e+00 +8.037164631e+01 +8.037164631e+01
138494 +6.303068513e+00 +6.303068513e+00 +7.698306851e+01 +7.698306851e+01
148421 +3.970084761e+00 +3.970084761e+00 +7.465008476e+01 +7.465008476e+01
165426 +2.500135818e+00 +2.500135818e+00 +7.318013582e+01 +7.318013582e+01
172913 +1.546969237e+00 +1.546969237e+00 +7.222696924e+01 +7.222696924e+01
186652 +9.468749195e-01 +9.468749195e-01 +7.162687492e+01 +7.162687492e+01
196960 +6.272388802e-01 +6.272388802e-01 +7.130723888e+01 +7.130723888e+01
204524 +3.932533134e-01 +3.932533134e-01 +7.107325331e+01 +7.107325331e+01
212834 +2.501628936e-01 +2.501628936e-01 +7.093016289e+01 +7.093016289e+01
223972 +1.560780544e-01 +1.560780544e-01 +7.083607805e+01 +7.083607805e+01
232399 +9.681021987e-02 +9.681021987e-02 +7.077681022e+01 +7.077681022e+01
241653 +6.190366384e-02 +6.190366384e-02 +7.074190366e+01 +7.074190366e+01
251819 +3.870679987e-02 +3.870679987e-02 +7.071870680e+01 +7.071870680e+01
262176 +2.500852421e-02 +2.500852421e-02 +7.070500852e+01 +7.070500852e+01
275131 +1.554196430e-02 +1.554196430e-02 +7.069554196e+01 +7.069554196e+01
283147 +9.654574906e-03 +9.654574906e-03 +7.068965457e+01 +7.068965457e+01
300065 +6.302374252e-03 +6.302374252e-03 +7.068630237e+01 +7.068630237e+01
315689 +3.965549291e-03 +3.965549291e-03 +7.068396555e+01 +7.068396555e+01
332607 +2.494436477e-03 +2.494436477e-03 +7.068249444e+01 +7.068249444e+01
364474 +1.584013978e-03 +1.584013978e-03 +7.068158401e+01 +7.068158401e+01
388870 +9.927030715e-04 +9.927030715e-04 +7.068099270e+01 +7.068099270e+01
402756 +6.302250891e-04 +6.302250891e-04 +7.068063023e+01 +7.068063023e+01
415449 +3.806093393e-04 +3.806093393e-04 +7.068038061e+01 +7.068038061e+01
429730 +2.510618239e-04 +2.510618239e-04 +7.068025106e+01 +7.068025106e+01
434402 +1.583132226e-04 +1.583132226e-04 +7.068015831e+01 +7.068015831e+01
453183 +9.984766420e-05 +9.984766420e-05 +7.068009985e+01 +7.068009985e+01
476467 +6.275648670e-05 +6.275648670e-05 +7.068006276e+01 +7.068006276e+01
499766 +3.955533016e-05 +3.955533016e-05 +7.068003956e+01 +7.068003956e+01
518713 +2.308497825e-05 +2.308497825e-05 +7.068002308e+01 +7.068002308e+01
525982 +1.574373128e-05 +1.574373128e-05 +7.068001574e+01 +7.068001574e+01
531347 +9.607568984e-06 +9.607568984e-06 +7.068000961e+01 +7.068000961e+01
540373 +6.257644529e-06 +6.257644529e-06 +7.068000626e+01 +7.068000626e+01
547549 +3.679307980e-06 +3.679307980e-06 +7.068000368e+01 +7.068000368e+01
556091 +2.486181572e-06 +2.486181572e-06 +7.068000249e+01 +7.068000249e+01
577224 +1.567696671e-06 +1.567696671e-06 +7.068000157e+01 +7.068000157e+01
594652 +9.949676922e-07 +9.949676922e-07 +7.068000099e+01 +7.068000099e+01
625143 +6.259585774e-07 +6.259585774e-07 +7.068000063e+01 +7.068000063e+01
643274 +3.948583469e-07 +3.948583469e-07 +7.068000039e+01 +7.068000039e+01
655631 +2.496663996e-07 +2.496663996e-07 +7.068000025e+01 +7.068000025e+01
669260 +1.575571531e-07 +1.575571531e-07 +7.068000016e+01 +7.068000016e+01
676405 +9.981022231e-08 +9.981022231e-08 +7.068000010e+01 +7.068000010e+01
688603 +6.098549932e-08 +6.098549932e-08 +7.068000006e+01 +7.068000006e+01
702924 +3.936574444e-08 +3.936574444e-08 +7.068000004e+01 +7.068000004e+01
713680 +2.388907205e-08 +2.388907205e-08 +7.068000002e+01 +7.068000002e+01
724350 +1.579171283e-08 +1.579171283e-08 +7.068000002e+01 +7.068000002e+01
736477 +9.927518363e-09 +9.927518363e-09 +7.068000001e+01 +7.068000001e+01
% function evaluation | noise-free fitness - Fopt (-6.260000000000e+00) | best noise-free fitness - Fopt | measured fitness | best measured fitness | x1 | x2...
1 +2.048650959e+06 +2.048650959e+06 +2.048644699e+06 +2.048644699e+06
4 +1.190644068e+06 +1.190644068e+06 +1.190637808e+06 +1.190637808e+06
94 +9.070993966e+05 +9.070993966e+05 +9.070931366e+05 +9.070931366e+05
132 +5.807743172e+05 +5.807743172e+05 +5.807680572e+05 +5.807680572e+05
1886 +3.915069076e+05 +3.915069076e+05 +3.915006476e+05 +3.915006476e+05
3832 +2.232690713e+05 +2.232690713e+05 +2.232628113e+05 +2.232628113e+05
4700 +1.454716859e+05 +1.454716859e+05 +1.454654259e+05 +1.454654259e+05
5236 +9.734064340e+04 +9.734064340e+04 +9.733438340e+04 +9.733438340e+04
5736 +3.915758163e+04 +3.915758163e+04 +3.915132163e+04 +3.915132163e+04
5937 +1.861348720e+04 +1.861348720e+04 +1.860722720e+04 +1.860722720e+04
6162 +3.746326652e+03 +3.746326652e+03 +3.740066652e+03 +3.740066652e+03
8285 +2.454497082e+03 +2.454497082e+03 +2.448237082e+03 +2.448237082e+03
8335 +1.376876132e+03 +1.376876132e+03 +1.370616132e+03 +1.370616132e+03
19934 +9.211600000e+02 +9.211600000e+02 +9.149000000e+02 +9.149000000e+02
23559 +5.825855635e+02 +5.825855635e+02 +5.763255635e+02 +5.763255635e+02
33634 +3.866847085e+02 +3.866847085e+02 +3.804247085e+02 +3.804247085e+02
44845 +2.511641417e+02 +2.511641417e+02 +2.449041417e+02 +2.449041417e+02
58442 +1.542561239e+02 +1.542561239e+02 +1.479961239e+02 +1.479961239e+02
68040 +9.892631288e+01 +9.892631288e+01 +9.266631288e+01 +9.266631288e+01
78831 +6.243729028e+01 +6.243729028e+01 +5.617729028e+01 +5.617729028e+01
93373 +3.948248366e+01 +3.948248366e+01 +3.322248366e+01 +3.322248366e+01
104697 +2.470749327e+01 +2.470749327e+01 +1.844749327e+01 +1.844749327e+01
116947 +1.437940952e+01 +1.437940952e+01 +8.119409519e+00 +8.119409519e+00
129662 +9.958177835e+00 +9.958177835e+00 +3.698177835e+00 +3.698177835e+00
138653 +6.304496642e+00 +6.304496642e+00 +4.449664211e-02 +4.449664211e-02
147810 +3.880846956e+00 +3.880846956e+00 -2.379153044e+00 -2.379153044e+00
155884 +2.410960677e+00 +2.410960677e+00 -3.849039323e+00 -3.849039323e+00
160472 +1.517784411e+00 +1.517784411e+00 -4.742215589e+00 -4.742215589e+00
167876 +9.409451445e-01 +9.409451445e-01 -5.319054855e+00 -5.319054855e+00
178328 +6.068972253e-01 +6.068972253e-01 -5.653102775e+00 -5.653102775e+00
187747 +3.947648929e-01 +3.947648929e-01 -5.865235107e+00 -5.865235107e+00
195701 +2.408430644e-01 +2.408430644e-01 -6.019156936e+00 -6.019156936e+00
204689 +1.538791572e-01 +1.538791572e-01 -6.106120843e+00 -6.106120843e+00
217318 +9.944173386e-02 +9.944173386e-02 -6.160558266e+00 -6.160558266e+00
229407 +6.258691155e-02 +6.258691155e-02 -6.197413088e+00 -6.197413088e+00
239734 +3.965307348e-02 +3.965307348e-02 -6.220346927e+00 -6.220346927e+00
249493 +2.477637417e-02 +2.477637417e-02 -6.235223626e+00 -6.235223626e+00
259621 +1.555074154e-02 +1.555074154e-02 -6.244449258e+00 -6.244449258e+00
270883 +9.743222999e-03 +9.743222999e-03 -6.250256777e+00 -6.250256777e+00
285859 +6.041265514e-03 +6.041265514e-03 -6.253958734e+00 -6.253958734e+00
304784 +3.914318041e-03 +3.914318041e-03 -6.256085682e+00 -6.256085682e+00
319242 +2.506166341e-03 +2.506166341e-03 -6.257493834e+00 -6.257493834e+00
332451 +1.554924820e-03 +1.554924820e-03 -6.258445075e+00 -6.258445075e+00
344087 +9.794493660e-04 +9.794493660e-04 -6.259020551e+00 -6.259020551e+00
366847 +6.260240192e-04 +6.260240192e-04 -6.259373976e+00 -6.259373976e+00
387661 +3.946385860e-04 +3.946385860e-04 -6.259605361e+00 -6.259605361e+00
404571 +2.356178470e-04 +2.356178470e-04 -6.259764382e+00 -6.259764382e+00
410143 +1.567949135e-04 +1.567949135e-04 -6.259843205e+00 -6.259843205e+00
420883 +9.981264397e-05 +9.981264397e-05 -6.259900187e+00 -6.259900187e+00
431496 +6.003082900e-05 +6.003082900e-05 -6.259939969e+00 -6.259939969e+00
443361 +3.796023240e-05 +3.796023240e-05 -6.259962040e+00 -6.259962040e+00
459228 +2.495487657e-05 +2.495487657e-05 -6.259975045e+00 -6.259975045e+00
472139 +1.579359299e-05 +1.579359299e-05 -6.259984206e+00 -6.259984206e+00
484910 +9.897188565e-06 +9.897188565e-06 -6.259990103e+00 -6.259990103e+00
496421 +6.088679267e-06 +6.088679267e-06 -6.259993911e+00 -6.259993911e+00
503405 +3.965690238e-06 +3.965690238e-06 -6.259996034e+00 -6.259996034e+00
514459 +2.464661084e-06 +2.464661084e-06 -6.259997535e+00 -6.259997535e+00
525669 +1.432588388e-06 +1.432588388e-06 -6.259998567e+00 -6.259998567e+00
532829 +9.940976655e-07 +9.940976655e-07 -6.259999006e+00 -6.259999006e+00
542891 +6.068906302e-07 +6.068906302e-07 -6.259999393e+00 -6.259999393e+00
551845 +3.939672411e-07 +3.939672411e-07 -6.259999606e+00 -6.259999606e+00
559799 +2.369337260e-07 +2.369337260e-07 -6.259999763e+00 -6.259999763e+00
571549 +1.531542129e-07 +1.531542129e-07 -6.259999847e+00 -6.259999847e+00
586051 +9.921524668e-08 +9.921524668e-08 -6.259999901e+00 -6.259999901e+00
601732 +6.239837980e-08 +6.239837980e-08 -6.259999938e+00 -6.259999938e+00
621769 +3.873434196e-08 +3.873434196e-08 -6.259999961e+00 -6.259999961e+00
632513 +2.472000471e-08 +2.472000471e-08 -6.259999975e+00 -6.259999975e+00
649847 +1.507715730e-08 +1.507715730e-08 -6.259999985e+00 -6.259999985e+00
667771 +9.892550779e-09 +9.892550779e-09 -6.259999990e+00 -6.259999990e+00
% function evaluation | noise-free fitness - Fopt (1.838600000000e+02) | best noise-free fitness - Fopt | measured fitness | best measured fitness | x1 | x2...
1 +2.197182976e+06 +2.197182976e+06 +2.197366836e+06 +2.197366836e+06
18 +1.298422130e+06 +1.298422130e+06 +1.298605990e+06 +1.298605990e+06
24 +7.277957886e+05 +7.277957886e+05 +7.279796486e+05 +7.279796486e+05
1510 +5.844096119e+05 +5.844096119e+05 +5.845934719e+05 +5.845934719e+05
2429 +3.641395557e+05 +3.641395557e+05 +3.643234157e+05 +3.643234157e+05
3877 +2.417194068e+05 +2.417194068e+05 +2.419032668e+05 +2.419032668e+05
4382 +1.401870388e+05 +1.401870388e+05 +1.403708988e+05 +1.403708988e+05
4873 +8.161171581e+04 +8.161171581e+04 +8.179557581e+04 +8.179557581e+04
5209 +5.703312658e+04 +5.703312658e+04 +5.721698658e+04 +5.721698658e+04
5310 +9.355760044e+03 +9.355760044e+03 +9.539620044e+03 +9.539620044e+03
6593 +6.289429150e+03 +6.289429150e+03 +6.473289150e+03 +6.473289150e+03
7637 +3.687236264e+03 +3.687236264e+03 +3.871096264e+03 +3.871096264e+03
18659 +2.459758041e+03 +2.459758041e+03 +2.643618041e+03 +2.643618041e+03
25410 +1.573193529e+03 +1.573193529e+03 +1.757053529e+03 +1.757053529e+03
33459 +9.844456788e+02 +9.844456788e+02 +1.168305679e+03 +1.168305679e+03
40757 +5.991978092e+02 +5.991978092e+02 +7.830578092e+02 +7.830578092e+02
52454 +3.971771538e+02 +3.971771538e+02 +5.810371538e+02 +5.810371538e+02
59347 +2.465311366e+02 +2.465311366e+02 +4.303911366e+02 +4.303911366e+02
68265 +1.580770659e+02 +1.580770659e+02 +3.419370659e+02 +3.419370659e+02
80842 +9.989879680e+01 +9.989879680e+01 +2.837587968e+02 +2.837587968e+02
89435 +6.308482294e+01 +6.308482294e+01 +2.469448229e+02 +2.469448229e+02
97516 +3.826363493e+01 +3.826363493e+01 +2.221236349e+02 +2.221236349e+02
103886 +2.482437777e+01 +2.482437777e+01 +2.086843778e+02 +2.086843778e+02
115552 +1.582632485e+01 +1.582632485e+01 +1.996863248e+02 +1.996863248e+02
128007 +9.604566384e+00 +9.604566384e+00 +1.934645664e+02 +1.934645664e+02
139195 +6.298338258e+00 +6.298338258e+00 +1.901583383e+02 +1.901583383e+02
149292 +3.980245559e+00 +3.980245559e+00 +1.878402456e+02 +1.878402456e+02
166051 +2.484118897e+00 +2.484118897e+00 +1.863441189e+02 +1.863441189e+02
175463 +1.521940691e+00 +1.521940691e+00 +1.853819407e+02 +1.853819407e+02
185151 +9.930719124e-01 +9.930719124e-01 +1.848530719e+02 +1.848530719e+02
197760 +6.267632051e-01 +6.267632051e-01 +1.844867632e+02 +1.844867632e+02
208370 +3.964379636e-01 +3.964379636e-01 +1.842564380e+02 +1.842564380e+02
219674 +2.384148287e-01 +2.384148287e-01 +1.840984148e+02 +1.840984148e+02
226980 +1.566163644e-01 +1.566163644e-01 +1.840166164e+02 +1.840166164e+02
238703 +9.821051120e-02 +9.821051120e-02 +1.839582105e+02 +1.839582105e+02
258200 +6.292560692e-02 +6.292560692e-02 +1.839229256e+02 +1.839229256e+02
271626 +3.969473325e-02 +3.969473325e-02 +1.838996947e+02 +1.838996947e+02
281127 +2.505593015e-02 +2.505593015e-02 +1.838850559e+02 +1.838850559e+02
299330 +1.570559810e-02 +1.570559810e-02 +1.838757056e+02 +1.838757056e+02
312415 +9.886070457e-03 +9.886070457e-03 +1.838698861e+02 +1.838698861e+02
324134 +5.983667836e-03 +5.983667836e-03 +1.838659837e+02 +1.838659837e+02
338215 +3.972710638e-03 +3.972710638e-03 +1.838639727e+02 +1.838639727e+02
358125 +2.511750076e-03 +2.511750076e-03 +1.838625118e+02 +1.838625118e+02
406261 +1.574030341e-03 +1.574030341e-03 +1.838615740e+02 +1.838615740e+02
419393 +9.956572458e-04 +9.956572458e-04 +1.838609957e+02 +1.838609957e+02
428693 +5.923276003e-04 +5.923276003e-04 +1.838605923e+02 +1.838605923e+02
441421 +3.931716082e-04 +3.931716082e-04 +1.838603932e+02 +1.838603932e+02
463281 +2.509188401e-04 +2.509188401e-04 +1.838602509e+02 +1.838602509e+02
476491 +1.576149558e-04 +1.576149558e-04 +1.838601576e+02 +1.838601576e+02
494361 +9.993861920e-05 +9.993861920e-05 +1.838600999e+02 +1.838600999e+02
519606 +6.269931049e-05 +6.269931049e-05 +1.838600627e+02 +1.838600627e+02
549222 +3.973364048e-05 +3.973364048e-05 +1.838600397e+02 +1.838600397e+02
572939 +2.482474332e-05 +2.482474332e-05 +1.838600248e+02 +1.838600248e+02
592498 +1.584825768e-05 +1.584825768e-05 +1.838600158e+02 +1.838600158e+02
605119 +9.698889556e-06 +9.698889556e-06 +1.838600097e+02 +1.838600097e+02
623375 +6.222597932e-06 +6.222597932e-06 +1.838600062e+02 +1.838600062e+02
648574 +3.936079708e-06 +3.936079708e-06 +1.838600039e+02 +1.838600039e+02
665952 +2.491104709e-06 +2.491104709e-06 +1.838600025e+02 +1.838600025e+02
685664 +1.569506537e-06 +1.569506537e-06 +1.838600016e+02 +1.838600016e+02
696060 +9.769050564e-07 +9.769050564e-07 +1.838600010e+02 +1.838600010e+02
719255 +6.251188438e-07 +6.251188438e-07 +1.838600006e+02 +1.838600006e+02
730887 +3.965407132e-07 +3.965407132e-07 +1.838600004e+02 +1.838600004e+02
736861 +2.242489359e-07 +2.242489359e-07 +1.838600002e+02 +1.838600002e+02
753383 +1.571299322e-07 +1.571299322e-07 +1.838600002e+02 +1.838600002e+02
766587 +9.986902683e-08 +9.986902683e-08 +1.838600001e+02 +1.838600001e+02
776103 +6.293126376e-08 +6.293126376e-08 +1.838600001e+02 +1.838600001e+02
792252 +3.959843298e-08 +3.959843298e-08 +1.838600000e+02 +1.838600000e+02
806872 +2.491609052e-08 +2.491609052e-08 +1.838600000e+02 +1.838600000e+02
827902 +1.545743089e-08 +1.545743089e-08 +1.838600000e+02 +1.838600000e+02
841804 +9.333518847e-09 +9.333518847e-09 +1.838600000e+02 +1.838600000e+02
