% function evaluation | noise-free fitness - Fopt (7.627000000000e+01) | best noise-free fitness - Fopt | measured fitness | best measured fitness | x1 | x2...
1 +2.550703607e+07 +2.550703607e+07 +2.550711234e+07 +2.550711234e+07 -4.7518e+00 +3.4190e+00
2 +2.321673073e+07 +2.321673073e+07 +2.321680700e+07 +2.321680700e+07 +4.9726e+00 +7.8123e-02
3 +2.396084840e+06 +2.396084840e+06 +2.396161110e+06 +2.396161110e+06 +4.9552e+00 -3.2494e+00
5 +3.099633299e+04 +3.099633299e+04 +3.107260299e+04 +3.107260299e+04 -4.0982e+00 -1.9670e+00
9 +3.820596108e+03 +3.820596108e+03 +3.896866108e+03 +3.896866108e+03 -4.2410e+00 -2.1758e+00
90 +1.452350355e+02 +1.452350355e+02 +2.215050355e+02 +2.215050355e+02 +6.1664e+00 -5.4079e+00
184 +6.986848613e+01 +6.986848613e+01 +1.461384861e+02 +1.461384861e+02 +7.1945e+00 -5.7227e+00
211 +2.462857516e+01 +2.462857516e+01 +1.008985752e+02 +1.008985752e+02 +3.3327e+00 -4.5036e+00
236 +1.596588654e+00 +1.596588654e+00 +7.786658865e+01 +7.786658865e+01 +1.5663e-01 -3.4966e+00
274 +8.798751770e-01 +8.798751770e-01 +7.714987518e+01 +7.714987518e+01 -1.1984e+00 -3.0692e+00
330 +5.222565370e-01 +5.222565370e-01 +7.679225654e+01 +7.679225654e+01 -1.0221e+00 -3.1247e+00
347 +7.359756556e-02 +7.359756556e-02 +7.634359757e+01 +7.634359757e+01 -9.6742e-01 -3.1415e+00
416 +2.969099703e-03 +2.969099703e-03 +7.627296910e+01 +7.627296910e+01 -9.1235e-01 -3.1586e+00
514 +8.199353720e-04 +8.199353720e-04 +7.627081994e+01 +7.627081994e+01 -9.5209e-01 -3.1460e+00
564 +4.310896030e-04 +4.310896030e-04 +7.627043109e+01 +7.627043109e+01 -9.5158e-01 -3.1462e+00
566 +1.258542966e-04 +1.258542966e-04 +7.627012585e+01 +7.627012585e+01 -9.3726e-01 -3.1508e+00
623 +4.116918774e-05 +4.116918774e-05 +7.627004117e+01 +7.627004117e+01 -9.4400e-01 -3.1486e+00
694 +1.613634437e-05 +1.613634437e-05 +7.627001614e+01 +7.627001614e+01 -9.4149e-01 -3.1494e+00
696 +5.574192855e-06 +5.574192855e-06 +7.627000557e+01 +7.627000557e+01 -9.3835e-01 -3.1504e+00
751 +1.031502848e-07 +1.031502848e-07 +7.627000010e+01 +7.627000010e+01 -9.3814e-01 -3.1505e+00
800 +6.719426437e-08 +6.719426437e-08 +7.627000007e+01 +7.627000007e+01 -9.3814e-01 -3.1505e+00
876 +5.027270333e-08 +5.027270333e-08 +7.627000005e+01 +7.627000005e+01 -9.3848e-01 -3.1504e+00
881 +1.575823205e-08 +1.575823205e-08 +7.627000002e+01 +7.627000002e+01 -9.3850e-01 -3.1504e+00
952 +8.761801951e-09 +8.761801951e-09 +7.627000001e+01 +7.627000001e+01 -9.3842e-01 -3.1504e+00
955 +5.986422025e-09 +5.986422025e-09 +7.627000001e+01 +7.627000001e+01 -9.3847e-01 -3.1504e+00
% function evaluation | noise-free fitness - Fopt (-2.255000000000e+01) | best noise-free fitness - Fopt | measured fitness | best measured fitness | x1 | x2...
1 +4.789310402e+07 +4.789310402e+07 +4.789308147e+07 +4.789308147e+07 -4.7518e+00 +3.4190e+00
2 +2.596643730e+06 +2.596643730e+06 +2.596621180e+06 +2.596621180e+06 +4.9726e+00 +7.8123e-02
3 +1.652382222e+05 +1.652382222e+05 +1.652156722e+05 +1.652156722e+05 +4.9552e+00 -3.2494e+00
8 +5.227146121e+04 +5.227146121e+04 +5.224891121e+04 +5.224891121e+04 +2.0343e+00 +3.4351e+00
15 +2.106668942e+04 +2.106668942e+04 +2.104413942e+04 +2.104413942e+04 +4.5703e+00 -3.8085e+00
25 +1.121667842e+04 +1.121667842e+04 +1.119412842e+04 +1.119412842e+04 +3.5880e+00 -7.4635e-01
83 +3.430862998e+03 +3.430862998e+03 +3.408312998e+03 +3.408312998e+03 +2.7992e+00 +1.7220e+00
96 +2.262095852e+03 +2.262095852e+03 +2.239545852e+03 +2.239545852e+03 +4.7873e+00 -3.8416e+00
126 +9.560005363e+02 +9.560005363e+02 +9.334505363e+02 +9.334505363e+02 +5.1375e+00 -5.1073e+00
127 +6.054033913e+02 +6.054033913e+02 +5.828533913e+02 +5.828533913e+02 +4.3182e+00 -2.6664e+00
153 +1.801294881e+02 +1.801294881e+02 +1.575794881e+02 +1.575794881e+02 +6.3954e+00 -8.7380e+00
181 +5.215891890e+01 +5.215891890e+01 +2.960891890e+01 +2.960891890e+01 +4.9970e+00 -4.5984e+00
222 +2.540156780e+00 +2.540156780e+00 -2.000984322e+01 -2.000984322e+01 +2.7912e+00 +1.9090e+00
366 +1.157761843e+00 +1.157761843e+00 -2.139223816e+01 -2.139223816e+01 +2.2333e+00 +3.5616e+00
379 +5.583361519e-01 +5.583361519e-01 -2.199166385e+01 -2.199166385e+01 +2.8127e+00 +1.8513e+00
393 +1.125905833e-01 +1.125905833e-01 -2.243740942e+01 -2.243740942e+01 +2.5931e+00 +2.4979e+00
448 +5.113185355e-02 +5.113185355e-02 -2.249886815e+01 -2.249886815e+01 +2.5264e+00 +2.6963e+00
488 +1.691278443e-02 +1.691278443e-02 -2.253308722e+01 -2.253308722e+01 +2.5931e+00 +2.4991e+00
508 +3.914528994e-03 +3.914528994e-03 -2.254608547e+01 -2.254608547e+01 +2.5457e+00 +2.6387e+00
554 +1.093319346e-03 +1.093319346e-03 -2.254890668e+01 -2.254890668e+01 +2.5651e+00 +2.5813e+00
614 +1.721970438e-04 +1.721970438e-04 -2.254982780e+01 -2.254982780e+01 +2.5615e+00 +2.5921e+00
651 +4.745992506e-05 +4.745992506e-05 -2.254995254e+01 -2.254995254e+01 +2.5678e+00 +2.5736e+00
704 +3.938412691e-05 +3.938412691e-05 -2.254996062e+01 -2.254996062e+01 +2.5648e+00 +2.5823e+00
723 +7.256461295e-06 +7.256461295e-06 -2.254999274e+01 -2.254999274e+01 +2.5665e+00 +2.5774e+00
741 +1.315362198e-06 +1.315362198e-06 -2.254999868e+01 -2.254999868e+01 +2.5654e+00 +2.5805e+00
864 +2.087207562e-07 +2.087207562e-07 -2.254999979e+01 -2.254999979e+01 +2.5655e+00 +2.5803e+00
892 +2.709137448e-08 +2.709137448e-08 -2.254999997e+01 -2.254999997e+01 +2.5656e+00 +2.5799e+00
913 +6.812925335e-09 +6.812925335e-09 -2.254999999e+01 -2.254999999e+01 +2.5656e+00 +2.5801e+00
% function evaluation | noise-free fitness - Fopt (1.366000000000e+01) | best noise-free fitness - Fopt | measured fitness | best measured fitness | x1 | x2...
1 +2.441342810e+07 +2.441342810e+07 +2.441344176e+07 +2.441344176e+07 -4.7518e+00 +3.4190e+00
4 +9.488409231e+02 +9.488409231e+02 +9.625009231e+02 +9.625009231e+02 +1.4763e+00 +3.9039e+00
63 +3.611022221e+02 +3.611022221e+02 +3.747622221e+02 +3.747622221e+02 +1.7181e+00 +4.3318e+00
103 +1.913147178e+02 +1.913147178e+02 +2.049747178e+02 +2.049747178e+02 -9.2110e-01 -4.2898e-02
107 +9.283435781e+00 +9.283435781e+00 +2.294343578e+01 +2.294343578e+01 +1.9547e+00 +4.7610e+00
208 +8.838358842e-01 +8.838358842e-01 +1.454383588e+01 +1.454383588e+01 +7.9778e-01 +2.8387e+00
302 +5.778052397e-01 +5.778052397e-01 +1.423780524e+01 +1.423780524e+01 +6.3183e-01 +2.5628e+00
322 +3.948593457e-01 +3.948593457e-01 +1.405485935e+01 +1.405485935e+01 +5.7399e-01 +2.4669e+00
331 +7.016064313e-02 +7.016064313e-02 +1.373016064e+01 +1.373016064e+01 +2.9654e-01 +2.0070e+00
435 +3.155211003e-02 +3.155211003e-02 +1.369155211e+01 +1.369155211e+01 +5.0284e-01 +2.3495e+00
462 +2.193187075e-02 +2.193187075e-02 +1.368193187e+01 +1.368193187e+01 +5.0436e-01 +2.3522e+00
483 +4.420535676e-03 +4.420535676e-03 +1.366442054e+01 +1.366442054e+01 +4.5931e-01 +2.2773e+00
524 +1.809013129e-03 +1.809013129e-03 +1.366180901e+01 +1.366180901e+01 +4.4842e-01 +2.2593e+00
528 +3.991440621e-04 +3.991440621e-04 +1.366039914e+01 +1.366039914e+01 +4.3741e-01 +2.2410e+00
597 +1.748788434e-04 +1.748788434e-04 +1.366017488e+01 +1.366017488e+01 +4.2564e-01 +2.2214e+00
650 +5.138789862e-05 +5.138789862e-05 +1.366005139e+01 +1.366005139e+01 +4.2334e-01 +2.2176e+00
709 +4.313273038e-06 +4.313273038e-06 +1.366000431e+01 +1.366000431e+01 +4.2742e-01 +2.2244e+00
732 +3.090761211e-06 +3.090761211e-06 +1.366000309e+01 +1.366000309e+01 +4.2810e-01 +2.2255e+00
779 +7.132027129e-07 +7.132027129e-07 +1.366000071e+01 +1.366000071e+01 +4.2763e-01 +2.2247e+00
862 +1.293378524e-07 +1.293378524e-07 +1.366000013e+01 +1.366000013e+01 +4.2735e-01 +2.2242e+00
908 +4.970288536e-08 +4.970288536e-08 +1.366000005e+01 +1.366000005e+01 +4.2727e-01 +2.2241e+00
951 +2.801499122e-08 +2.801499122e-08 +1.366000003e+01 +1.366000003e+01 +4.2728e-01 +2.2241e+00
962 +1.585682341e-08 +1.585682341e-08 +1.366000002e+01 +1.366000002e+01 +4.2725e-01 +2.2241e+00
1006 +1.517063986e-08 +1.517063986e-08 +1.366000002e+01 +1.366000002e+01 +4.2720e-01 +2.2240e+00
1015 +7.202329400e-09 +7.202329400e-09 +1.366000001e+01 +1.366000001e+01 +4.2720e-01 +2.2240e+00
% function evaluation | noise-free fitness - Fopt (9.378400000000e+02) | best noise-free fitness - Fopt | measured fitness | best measured fitness | x1 | x2...
1 +1.310140164e+07 +1.310140164e+07 +1.310233948e+07 +1.310233948e+07 -4.7518e+00 +3.4190e+00
4 +2.080273775e+06 +2.080273775e+06 +2.081211615e+06 +2.081211615e+06 +1.4763e+00 +3.9039e+00
5 +5.754442014e+04 +5.754442014e+04 +5.848226014e+04 +5.848226014e+04 -4.0982e+00 -1.9670e+00
42 +3.045969995e+04 +3.045969995e+04 +3.139753995e+04 +3.139753995e+04 -4.0208e+00 -1.9682e+00
62 +1.249933359e+04 +1.249933359e+04 +1.343717359e+04 +1.343717359e+04 -4.1992e+00 -2.3802e+00
71 +3.060795778e+03 +3.060795778e+03 +3.998635778e+03 +3.998635778e+03 -3.9827e+00 -2.3372e+00
116 +6.772481265e+02 +6.772481265e+02 +1.615088127e+03 +1.615088127e+03 -4.9093e+00 -3.6506e+00
120 +1.938448099e+02 +1.938448099e+02 +1.131684810e+03 +1.131684810e+03 -4.1471e+00 -2.4699e+00
176 +1.172966929e+02 +1.172966929e+02 +1.055136693e+03 +1.055136693e+03 -3.8031e+00 -1.9679e+00
184 +5.735163342e+01 +5.735163342e+01 +9.951916334e+02 +9.951916334e+02 -4.3857e+00 -2.8727e+00
250 +3.929760355e+01 +3.929760355e+01 +9.771376036e+02 +9.771376036e+02 -3.8331e+00 -1.9990e+00
270 +2.361471039e+01 +2.361471039e+01 +9.614547104e+02 +9.614547104e+02 -2.9397e+00 -5.8799e-01
285 +1.523635880e+01 +1.523635880e+01 +9.530763588e+02 +9.530763588e+02 -2.3348e+00 +3.6663e-01
331 +9.692778836e+00 +9.692778836e+00 +9.475327788e+02 +9.475327788e+02 -1.7493e+00 +1.2914e+00
400 +4.728352633e+00 +4.728352633e+00 +9.425683526e+02 +9.425683526e+02 -1.4018e+00 +1.8374e+00
441 +2.623424717e+00 +2.623424717e+00 +9.404634247e+02 +9.404634247e+02 -9.6924e-01 +2.5198e+00
483 +1.715712762e+00 +1.715712762e+00 +9.395557128e+02 +9.395557128e+02 -9.4972e-01 +2.5490e+00
488 +1.565723879e+00 +1.565723879e+00 +9.394057239e+02 +9.394057239e+02 -9.1351e-01 +2.6066e+00
519 +4.977026821e-01 +4.977026821e-01 +9.383377027e+02 +9.383377027e+02 -6.6131e-01 +3.0043e+00
571 +3.444365067e-01 +3.444365067e-01 +9.381844365e+02 +9.381844365e+02 -5.8698e-01 +3.1214e+00
587 +1.790663210e-01 +1.790663210e-01 +9.380190663e+02 +9.380190663e+02 -5.1425e-01 +3.2354e+00
606 +7.046917137e-02 +7.046917137e-02 +9.379104692e+02 +9.379104692e+02 -3.7208e-01 +3.4601e+00
640 +1.842062881e-02 +1.842062881e-02 +9.378584206e+02 +9.378584206e+02 -2.9110e-01 +3.5877e+00
642 +1.333193783e-02 +1.333193783e-02 +9.378533319e+02 +9.378533319e+02 -3.3561e-01 +3.5170e+00
669 +2.024361144e-03 +2.024361144e-03 +9.378420244e+02 +9.378420244e+02 -2.7717e-01 +3.6093e+00
694 +1.392709500e-03 +1.392709500e-03 +9.378413927e+02 +9.378413927e+02 -2.7777e-01 +3.6084e+00
748 +3.952529512e-04 +3.952529512e-04 +9.378403953e+02 +9.378403953e+02 -2.8851e-01 +3.5915e+00
802 +1.411406496e-04 +1.411406496e-04 +9.378401411e+02 +9.378401411e+02 -2.9234e-01 +3.5854e+00
863 +3.807162147e-05 +3.807162147e-05 +9.378400381e+02 +9.378400381e+02 -2.9991e-01 +3.5735e+00
891 +4.467704116e-06 +4.467704116e-06 +9.378400045e+02 +9.378400045e+02 -2.9577e-01 +3.5800e+00
947 +1.623855951e-06 +1.623855951e-06 +9.378400016e+02 +9.378400016e+02 -2.9614e-01 +3.5794e+00
990 +1.495025685e-06 +1.495025685e-06 +9.378400015e+02 +9.378400015e+02 -2.9717e-01 +3.5778e+00
1002 +4.811988674e-08 +4.811988674e-08 +9.378400000e+02 +9.378400000e+02 -2.9675e-01 +3.5785e+00
1060 +3.903755896e-08 +3.903755896e-08 +9.378400000e+02 +9.378400000e+02 -2.9686e-01 +3.5783e+00
1089 +2.345393568e-08 +2.345393568e-08 +9.378400000e+02 +9.378400000e+02 -2.9672e-01 +3.5785e+00
1180 +9.124505596e-10 +9.124505596e-10 +9.378400000e+02 +9.378400000e+02 -2.9680e-01 +3.5784e+00
% function evaluation | noise-free fitness - Fopt (-7.872000000000e+01) | best noise-free fitness - Fopt | measured fitness | best measured fitness | x1 | x2...
1 +7.101021322e+07 +7.101021322e+07 +7.101013450e+07 +7.101013450e+07 -4.7518e+00 +3.4190e+00
2 +1.039083317e+05 +1.039083317e+05 +1.038296117e+05 +1.038296117e+05 +4.9726e+00 +7.8123e-02
17 +3.565619583e+04 +3.565619583e+04 +3.557747583e+04 +3.557747583e+04 +6.6075e-02 -3.5801e+00
46 +1.740267602e+02 +1.740267602e+02 +9.530676016e+01 +9.530676016e+01 +1.3588e+00 -2.9024e+00
106 +5.656922889e+01 +5.656922889e+01 -2.215077111e+01 -2.215077111e+01 +1.2001e+00 -3.0092e+00
192 +3.184286249e+01 +3.184286249e+01 -4.687713751e+01 -4.687713751e+01 +4.7781e+00 -4.3888e-01
221 +1.120668664e+00 +1.120668664e+00 -7.759933134e+01 -7.759933134e+01 +3.6274e+00 -1.2685e+00
341 +9.941032876e-02 +9.941032876e-02 -7.862058967e+01 -7.862058967e+01 +3.2887e+00 -1.5087e+00
345 +2.810711313e-02 +2.810711313e-02 -7.869189289e+01 -7.869189289e+01 +3.4856e+00 -1.3683e+00
361 +4.274842270e-03 +4.274842270e-03 -7.871572516e+01 -7.871572516e+01 +3.3957e+00 -1.4326e+00
493 +5.618499184e-04 +5.618499184e-04 -7.871943815e+01 -7.871943815e+01 +3.4221e+00 -1.4138e+00
605 +2.980092890e-05 +2.980092890e-05 -7.871997020e+01 -7.871997020e+01 +3.4080e+00 -1.4239e+00
692 +4.747094863e-06 +4.747094863e-06 -7.871999525e+01 -7.871999525e+01 +3.4094e+00 -1.4229e+00
806 +3.932381986e-06 +3.932381986e-06 -7.871999607e+01 -7.871999607e+01 +3.4114e+00 -1.4215e+00
844 +2.479510030e-06 +2.479510030e-06 -7.871999752e+01 -7.871999752e+01 +3.4125e+00 -1.4207e+00
864 +1.084952387e-06 +1.084952387e-06 -7.871999892e+01 -7.871999892e+01 +3.4120e+00 -1.4210e+00
867 +1.133598744e-07 +1.133598744e-07 -7.871999989e+01 -7.871999989e+01 +3.4115e+00 -1.4214e+00
926 +5.461714636e-08 +5.461714636e-08 -7.871999995e+01 -7.871999995e+01 +3.4112e+00 -1.4216e+00
945 +2.695659873e-08 +2.695659873e-08 -7.871999997e+01 -7.871999997e+01 +3.4113e+00 -1.4215e+00
985 +1.216494638e-08 +1.216494638e-08 -7.871999999e+01 -7.871999999e+01 +3.4112e+00 -1.4216e+00
1003 +4.325357850e-10 +4.325357850e-10 -7.872000000e+01 -7.872000000e+01 +3.4112e+00 -1.4216e+00
% function evaluation | noise-free fitness - Fopt (-5.984300000000e+02) | best noise-free fitness - Fopt | measured fitness | best measured fitness | x1 | x2...
1 +4.717134387e+06 +4.717134387e+06 +4.716535957e+06 +4.716535957e+06 -4.7518e+00 +3.4190e+00
5 +6.223010393e+05 +6.223010393e+05 +6.217026093e+05 +6.217026093e+05 -4.0982e+00 -1.9670e+00
14 +9.882238742e+03 +9.882238742e+03 +9.283808742e+03 +9.283808742e+03 -3.3639e+00 -3.5329e+00
49 +8.673440955e+02 +8.673440955e+02 +2.689140955e+02 +2.689140955e+02 -3.5987e+00 -4.7863e+00
84 +8.492499775e+01 +8.492499775e+01 -5.135050023e+02 -5.135050023e+02 -3.0934e+00 -8.6847e-01
137 +5.815299568e+01 +5.815299568e+01 -5.402770043e+02 -5.402770043e+02 -2.1879e+00 +6.0120e+00
145 +9.376379389e+00 +9.376379389e+00 -5.890536206e+02 -5.890536206e+02 -2.6096e+00 +2.7915e+00
233 +3.423818011e+00 +3.423818011e+00 -5.950061820e+02 -5.950061820e+02 -2.6785e+00 +2.3107e+00
283 +1.936849871e+00 +1.936849871e+00 -5.964931501e+02 -5.964931501e+02 -2.7058e+00 +2.0860e+00
297 +6.192212695e-01 +6.192212695e-01 -5.978107787e+02 -5.978107787e+02 -2.8045e+00 +1.3507e+00
309 +1.330953951e-01 +1.330953951e-01 -5.982969046e+02 -5.982969046e+02 -2.7779e+00 +1.5581e+00
404 +8.557788102e-02 +8.557788102e-02 -5.983444221e+02 -5.983444221e+02 -2.8288e+00 +1.1735e+00
406 +1.677016875e-02 +1.677016875e-02 -5.984132298e+02 -5.984132298e+02 -2.8053e+00 +1.3500e+00
456 +1.360196925e-02 +1.360196925e-02 -5.984163980e+02 -5.984163980e+02 -2.8172e+00 +1.2615e+00
480 +3.585397027e-03 +3.585397027e-03 -5.984264146e+02 -5.984264146e+02 -2.8028e+00 +1.3697e+00
553 +2.017313276e-03 +2.017313276e-03 -5.984279827e+02 -5.984279827e+02 -2.8053e+00 +1.3509e+00
582 +1.075163547e-03 +1.075163547e-03 -5.984289248e+02 -5.984289248e+02 -2.8127e+00 +1.2957e+00
589 +9.839989897e-04 +9.839989897e-04 -5.984290160e+02 -5.984290160e+02 -2.8144e+00 +1.2829e+00
600 +6.069448251e-04 +6.069448251e-04 -5.984293931e+02 -5.984293931e+02 -2.8085e+00 +1.3270e+00
644 +7.293598389e-05 +7.293598389e-05 -5.984299271e+02 -5.984299271e+02 -2.8093e+00 +1.3208e+00
668 +1.737858042e-05 +1.737858042e-05 -5.984299826e+02 -5.984299826e+02 -2.8105e+00 +1.3118e+00
714 +1.883060577e-06 +1.883060577e-06 -5.984299981e+02 -5.984299981e+02 -2.8104e+00 +1.3128e+00
772 +9.339998996e-08 +9.339998996e-08 -5.984299999e+02 -5.984299999e+02 -2.8104e+00 +1.3126e+00
938 +1.246723969e-08 +1.246723969e-08 -5.984300000e+02 -5.984300000e+02 -2.8104e+00 +1.3127e+00
942 +6.731511348e-09 +6.731511348e-09 -5.984300000e+02 -5.984300000e+02 -2.8104e+00 +1.3128e+00
947 +1.012381290e-09 +1.012381290e-09 -5.984300000e+02 -5.984300000e+02 -2.8104e+00 +1.3128e+00
% function evaluation | noise-free fitness - Fopt (-8.542000000000e+01) | best noise-free fitness - Fopt | measured fitness | best measured fitness | x1 | x2...
1 +6.940689086e+07 +6.940689086e+07 +6.940680544e+07 +6.940680544e+07 -4.7518e+00 +3.4190e+00
2 +3.285655842e+06 +3.285655842e+06 +3.285570422e+06 +3.285570422e+06 +4.9726e+00 +7.8123e-02
6 +2.075465134e+06 +2.075465134e+06 +2.075379714e+06 +2.075379714e+06 +1.6766e-01 -2.2473e+00
17 +9.616448758e+05 +9.616448758e+05 +9.615594558e+05 +9.615594558e+05 +6.6075e-02 -3.5801e+00
18 +1.504470319e+04 +1.504470319e+04 +1.495928319e+04 +1.495928319e+04 +2.7993e+00 -1.4197e-01
66 +1.556687473e+02 +1.556687473e+02 +7.024874729e+01 +7.024874729e+01 +3.4723e+00 +9.2796e-01
170 +6.164193571e+00 +6.164193571e+00 -7.925580643e+01 -7.925580643e+01 +1.7043e+00 -2.5495e+00
261 +3.330193318e+00 +3.330193318e+00 -8.208980668e+01 -8.208980668e+01 +3.2495e+00 +4.6314e-01
293 +1.404133274e+00 +1.404133274e+00 -8.401586673e+01 -8.401586673e+01 +2.2476e+00 -1.4896e+00
296 +5.146859198e-01 +5.146859198e-01 -8.490531408e+01 -8.490531408e+01 +2.5247e+00 -9.4832e-01
387 +5.520674274e-02 +5.520674274e-02 -8.536479326e+01 -8.536479326e+01 +2.8230e+00 -3.6715e-01
457 +5.659598798e-03 +5.659598798e-03 -8.541434040e+01 -8.541434040e+01 +2.7068e+00 -5.9407e-01
542 +2.294277643e-03 +2.294277643e-03 -8.541770572e+01 -8.541770572e+01 +2.7232e+00 -5.6212e-01
602 +4.016691110e-04 +4.016691110e-04 -8.541959833e+01 -8.541959833e+01 +2.7222e+00 -5.6395e-01
613 +1.139709863e-04 +1.139709863e-04 -8.541988603e+01 -8.541988603e+01 +2.7144e+00 -5.7919e-01
719 +9.222126216e-05 +9.222126216e-05 -8.541990778e+01 -8.541990778e+01 +2.7115e+00 -5.8472e-01
727 +2.826926249e-07 +2.826926249e-07 -8.541999972e+01 -8.541999972e+01 +2.7162e+00 -5.7561e-01
846 +2.015491560e-07 +2.015491560e-07 -8.541999980e+01 -8.541999980e+01 +2.7161e+00 -5.7587e-01
882 +1.434319188e-07 +1.434319188e-07 -8.541999986e+01 -8.541999986e+01 +2.7160e+00 -5.7600e-01
900 +3.960479944e-08 +3.960479944e-08 -8.541999996e+01 -8.541999996e+01 +2.7159e+00 -5.7619e-01
988 +3.694822226e-09 +3.694822226e-09 -8.542000000e+01 -8.542000000e+01 +2.7160e+00 -5.7595e-01
% function evaluation | noise-free fitness - Fopt (1.932500000000e+02) | best noise-free fitness - Fopt | measured fitness | best measured fitness | x1 | x2...
1 +5.142443619e+05 +5.142443619e+05 +5.144376119e+05 +5.144376119e+05 -4.7518e+00 +3.4190e+00
6 +3.218656081e+04 +3.218656081e+04 +3.237981081e+04 +3.237981081e+04 +1.6766e-01 -2.2473e+00
30 +8.355975632e+03 +8.355975632e+03 +8.549225632e+03 +8.549225632e+03 -1.2848e-01 -1.9386e+00
38 +5.611156236e+03 +5.611156236e+03 +5.804406236e+03 +5.804406236e+03 +2.2554e-01 -2.7822e+00
65 +2.118140562e+03 +2.118140562e+03 +2.311390562e+03 +2.311390562e+03 -4.3046e+00 +4.2001e+00
132 +5.824263901e+02 +5.824263901e+02 +7.756763901e+02 +7.756763901e+02 -1.1502e+01 +1.4833e+01
180 +2.247771312e+02 +2.247771312e+02 +4.180271312e+02 +4.180271312e+02 -1.2727e+00 -3.7825e-01
187 +1.471504569e+02 +1.471504569e+02 +3.404004569e+02 +3.404004569e+02 -5.0866e+00 +5.3115e+00
226 +4.713038961e+01 +4.713038961e+01 +2.403803896e+02 +2.403803896e+02 -1.9198e-01 -2.0221e+00
238 +8.919778802e+00 +8.919778802e+00 +2.021697788e+02 +2.021697788e+02 -3.9473e+00 +3.5945e+00
258 +6.211735384e+00 +6.211735384e+00 +1.994617354e+02 +1.994617354e+02 -2.3768e+00 +1.2458e+00
279 +1.012088439e-01 +1.012088439e-01 +1.933512088e+02 +1.933512088e+02 -3.8048e+00 +3.3762e+00
444 +5.836872242e-02 +5.836872242e-02 +1.933083687e+02 +1.933083687e+02 -3.7698e+00 +3.3243e+00
469 +2.694169778e-02 +2.694169778e-02 +1.932769417e+02 +1.932769417e+02 -3.6265e+00 +3.1106e+00
489 +1.242702596e-02 +1.242702596e-02 +1.932624270e+02 +1.932624270e+02 -3.6371e+00 +3.1263e+00
506 +5.546796388e-03 +5.546796388e-03 +1.932555468e+02 +1.932555468e+02 -3.6903e+00 +3.2056e+00
560 +3.044936998e-03 +3.044936998e-03 +1.932530449e+02 +1.932530449e+02 -3.6456e+00 +3.1388e+00
585 +1.392758676e-03 +1.392758676e-03 +1.932513928e+02 +1.932513928e+02 -3.6630e+00 +3.1647e+00
601 +3.218176649e-04 +3.218176649e-04 +1.932503218e+02 +1.932503218e+02 -3.6541e+00 +3.1514e+00
641 +2.442735559e-04 +2.442735559e-04 +1.932502443e+02 +1.932502443e+02 -3.6364e+00 +3.1251e+00
652 +1.527332238e-04 +1.527332238e-04 +1.932501527e+02 +1.932501527e+02 -3.6435e+00 +3.1356e+00
676 +3.494292616e-05 +3.494292616e-05 +1.932500349e+02 +1.932500349e+02 -3.6413e+00 +3.1324e+00
690 +1.384390777e-05 +1.384390777e-05 +1.932500138e+02 +1.932500138e+02 -3.6461e+00 +3.1396e+00
742 +8.098500132e-06 +8.098500132e-06 +1.932500081e+02 +1.932500081e+02 -3.6456e+00 +3.1387e+00
803 +3.633405271e-06 +3.633405271e-06 +1.932500036e+02 +1.932500036e+02 -3.6452e+00 +3.1381e+00
848 +1.192992471e-06 +1.192992471e-06 +1.932500012e+02 +1.932500012e+02 -3.6447e+00 +3.1375e+00
858 +1.884891105e-07 +1.884891105e-07 +1.932500002e+02 +1.932500002e+02 -3.6446e+00 +3.1372e+00
916 +2.912921104e-08 +2.912921104e-08 +1.932500000e+02 +1.932500000e+02 -3.6448e+00 +3.1376e+00
953 +7.629239462e-10 +7.629239462e-10 +1.932500000e+02 +1.932500000e+02 -3.6448e+00 +3.1376e+00
% function evaluation | noise-free fitness - Fopt (-1.815000000000e+02) | best noise-free fitness - Fopt | measured fitness | best measured fitness | x1 | x2...
1 +9.714676182e+06 +9.714676182e+06 +9.714494682e+06 +9.714494682e+06 -4.7518e+00 +3.4190e+00
6 +2.166689265e+05 +2.166689265e+05 +2.164874265e+05 +2.164874265e+05 +1.6766e-01 -2.2473e+00
17 +6.994035950e+03 +6.994035950e+03 +6.812535950e+03 +6.812535950e+03 +6.6075e-02 -3.5801e+00
56 +3.033453072e+01 +3.033453072e+01 -1.511654693e+02 -1.511654693e+02 -9.7264e-01 +9.5906e-01
168 +1.110493498e+01 +1.110493498e+01 -1.703950650e+02 -1.703950650e+02 -7.7121e-01 +2.1051e-02
350 +2.235840773e+00 +2.235840773e+00 -1.792641592e+02 -1.792641592e+02 -1.2155e+00 +2.1476e+00
355 +1.580408493e+00 +1.580408493e+00 -1.799195915e+02 -1.799195915e+02 -1.4505e+00 +3.2815e+00
411 +8.826218782e-01 +8.826218782e-01 -1.806173781e+02 -1.806173781e+02 -1.2347e+00 +2.2434e+00
431 +1.878052308e-02 +1.878052308e-02 -1.814812195e+02 -1.814812195e+02 -1.3769e+00 +2.9316e+00
629 +1.327786076e-04 +1.327786076e-04 -1.814998672e+02 -1.814998672e+02 -1.3775e+00 +2.9354e+00
735 +4.536532521e-05 +4.536532521e-05 -1.814999546e+02 -1.814999546e+02 -1.3759e+00 +2.9278e+00
836 +5.394940132e-06 +5.394940132e-06 -1.814999946e+02 -1.814999946e+02 -1.3768e+00 +2.9320e+00
858 +3.124594031e-06 +3.124594031e-06 -1.814999969e+02 -1.814999969e+02 -1.3772e+00 +2.9337e+00
903 +4.177300639e-07 +4.177300639e-07 -1.814999996e+02 -1.814999996e+02 -1.3769e+00 +2.9326e+00
1003 +3.244002187e-07 +3.244002187e-07 -1.814999997e+02 -1.814999997e+02 -1.3769e+00 +2.9325e+00
1031 +3.302602636e-09 +3.302602636e-09 -1.815000000e+02 -1.815000000e+02 -1.3768e+00 +2.9320e+00
% function evaluation | noise-free fitness - Fopt (4.526200000000e+02) | best noise-free fitness - Fopt | measured fitness | best measured fitness | x1 | x2...
1 +2.045052721e+07 +2.045052721e+07 +2.045097983e+07 +2.045097983e+07 -4.7518e+00 +3.4190e+00
2 +6.567027895e+06 +6.567027895e+06 +6.567480515e+06 +6.567480515e+06 +4.9726e+00 +7.8123e-02
4 +5.962828041e+06 +5.962828041e+06 +5.963280661e+06 +5.963280661e+06 +1.4763e+00 +3.9039e+00
5 +3.331671380e+05 +3.331671380e+05 +3.336197580e+05 +3.336197580e+05 -4.0982e+00 -1.9670e+00
10 +2.133511507e+04 +2.133511507e+04 +2.178773507e+04 +2.178773507e+04 +2.0232e+00 +1.7815e+00
54 +1.492883575e+04 +1.492883575e+04 +1.538145575e+04 +1.538145575e+04 +1.0089e+00 +1.2701e+00
64 +4.899534338e+03 +4.899534338e+03 +5.352154338e+03 +5.352154338e+03 -5.2026e+00 -1.8873e+00
88 +9.090042592e+02 +9.090042592e+02 +1.361624259e+03 +1.361624259e+03 -7.3591e+00 -2.7906e+00
120 +2.127205820e+02 +2.127205820e+02 +6.653405820e+02 +6.653405820e+02 -6.3926e-01 +3.7130e-01
165 +9.982698339e+01 +9.982698339e+01 +5.524469834e+02 +5.524469834e+02 +1.5260e+00 +1.3893e+00
182 +2.250926688e+01 +2.250926688e+01 +4.751292669e+02 +4.751292669e+02 +2.0360e+00 +1.6237e+00
241 +7.540987099e+00 +7.540987099e+00 +4.601609871e+02 +4.601609871e+02 -2.5690e+00 -5.5974e-01
303 +4.278311798e+00 +4.278311798e+00 +4.568983118e+02 +4.568983118e+02 -2.0245e+00 -3.0180e-01
354 +1.516372583e+00 +1.516372583e+00 +4.541363726e+02 +4.541363726e+02 -1.3686e+00 +9.0745e-03
364 +1.907687489e-01 +1.907687489e-01 +4.528107687e+02 +4.528107687e+02 -8.2047e-01 +2.6968e-01
414 +5.249276882e-02 +5.249276882e-02 +4.526724928e+02 +4.526724928e+02 -1.2089e+00 +8.6202e-02
444 +2.875963747e-02 +2.875963747e-02 +4.526487596e+02 +4.526487596e+02 -1.3299e+00 +2.8811e-02
497 +2.097664039e-02 +2.097664039e-02 +4.526409766e+02 +4.526409766e+02 -1.3231e+00 +3.1987e-02
520 +4.990303684e-03 +4.990303684e-03 +4.526249903e+02 +4.526249903e+02 -1.2266e+00 +7.7644e-02
566 +1.575375641e-03 +1.575375641e-03 +4.526215754e+02 +4.526215754e+02 -1.1610e+00 +1.0857e-01
611 +2.045254855e-04 +2.045254855e-04 +4.526202045e+02 +4.526202045e+02 -1.1861e+00 +9.6691e-02
651 +1.558591499e-04 +1.558591499e-04 +4.526201559e+02 +4.526201559e+02 -1.2018e+00 +8.9295e-02
672 +2.186171571e-06 +2.186171571e-06 +4.526200022e+02 +4.526200022e+02 -1.1936e+00 +9.3172e-02
787 +1.038415462e-06 +1.038415462e-06 +4.526200010e+02 +4.526200010e+02 -1.1937e+00 +9.3151e-02
797 +9.039374049e-07 +9.039374049e-07 +4.526200009e+02 +4.526200009e+02 -1.1938e+00 +9.3097e-02
874 +8.790959782e-08 +8.790959782e-08 +4.526200001e+02 +4.526200001e+02 -1.1946e+00 +9.2720e-02
941 +8.702727428e-09 +8.702727428e-09 +4.526200000e+02 +4.526200000e+02 -1.1945e+00 +9.2769e-02
% function evaluation | noise-free fitness - Fopt (-1.184600000000e+02) | best noise-free fitness - Fopt | measured fitness | best measured fitness | x1 | x2...
1 +8.577186572e+06 +8.577186572e+06 +8.577068112e+06 +8.577068112e+06 -4.7518e+00 +3.4190e+00
5 +5.605152587e+04 +5.605152587e+04 +5.593306587e+04 +5.593306587e+04 -4.0982e+00 -1.9670e+00
54 +1.327024450e+04 +1.327024450e+04 +1.315178450e+04 +1.315178450e+04 -7.5250e+00 +1.8775e+00
70 +3.454529923e+03 +3.454529923e+03 +3.336069923e+03 +3.336069923e+03 +1.0020e+00 -7.1642e+00
108 +1.654986441e+03 +1.654986441e+03 +1.536526441e+03 +1.536526441e+03 -1.3600e+00 -4.6035e+00
118 +1.083825908e+03 +1.083825908e+03 +9.653659081e+02 +9.653659081e+02 -2.4464e+00 -3.3334e+00
122 +6.477953887e+01 +6.477953887e+01 -5.368046113e+01 -5.368046113e+01 +1.1786e+00 -7.2709e+00
157 +1.361210767e+00 +1.361210767e+00 -1.170987892e+02 -1.170987892e+02 -2.9225e+00 -2.8788e+00
390 +3.409075780e-02 +3.409075780e-02 -1.184259092e+02 -1.184259092e+02 -2.7670e+00 -3.0434e+00
505 +1.098362890e-02 +1.098362890e-02 -1.184490164e+02 -1.184490164e+02 -2.7193e+00 -3.0945e+00
511 +4.657904328e-03 +4.657904328e-03 -1.184553421e+02 -1.184553421e+02 -2.6894e+00 -3.1264e+00
558 +3.049730593e-03 +3.049730593e-03 -1.184569503e+02 -1.184569503e+02 -2.6594e+00 -3.1584e+00
604 +3.467483964e-04 +3.467483964e-04 -1.184596533e+02 -1.184596533e+02 -2.6445e+00 -3.1745e+00
666 +4.757659332e-05 +4.757659332e-05 -1.184599524e+02 -1.184599524e+02 -2.6567e+00 -3.1614e+00
687 +7.680056441e-06 +7.680056441e-06 -1.184599923e+02 -1.184599923e+02 -2.6521e+00 -3.1663e+00
732 +4.647622006e-06 +4.647622006e-06 -1.184599954e+02 -1.184599954e+02 -2.6535e+00 -3.1648e+00
803 +1.284061810e-06 +1.284061810e-06 -1.184599987e+02 -1.184599987e+02 -2.6514e+00 -3.1671e+00
876 +7.757812597e-07 +7.757812597e-07 -1.184599992e+02 -1.184599992e+02 -2.6524e+00 -3.1659e+00
895 +2.888798178e-07 +2.888798178e-07 -1.184599997e+02 -1.184599997e+02 -2.6519e+00 -3.1665e+00
950 +1.537571563e-07 +1.537571563e-07 -1.184599998e+02 -1.184599998e+02 -2.6521e+00 -3.1663e+00
977 +3.492772294e-08 +3.492772294e-08 -1.184600000e+02 -1.184600000e+02 -2.6521e+00 -3.1663e+00
1027 +8.616709124e-09 +8.616709124e-09 -1.184600000e+02 -1.184600000e+02 -2.6520e+00 -3.1664e+00
% function evaluation | noise-free fitness - Fopt (9.973000000000e+01) | best noise-free fitness - Fopt | measured fitness | best measured fitness | x1 | x2...
1 +3.146764023e+06 +3.146764023e+06 +3.146863753e+06 +3.146863753e+06 -4.7518e+00 +3.4190e+00
5 +4.317362946e+05 +4.317362946e+05 +4.318360246e+05 +4.318360246e+05 -4.0982e+00 -1.9670e+00
12 +1.550947999e+05 +1.550947999e+05 +1.551945299e+05 +1.551945299e+05 -3.4714e+00 +3.3948e+00
14 +1.132771145e+04 +1.132771145e+04 +1.142744145e+04 +1.142744145e+04 -3.3639e+00 -3.5329e+00
64 +1.196249917e+03 +1.196249917e+03 +1.295979917e+03 +1.295979917e+03 -3.0343e+00 +3.7299e+00
121 +9.143977338e+02 +9.143977338e+02 +1.014127734e+03 +1.014127734e+03 -3.3236e+00 -1.5211e+00
132 +2.745999535e+02 +2.745999535e+02 +3.743299535e+02 +3.743299535e+02 -3.4995e+00 -3.9211e+00
137 +2.074403300e+02 +2.074403300e+02 +3.071703300e+02 +3.071703300e+02 -3.1968e+00 +1.1443e+00
142 +1.266857313e+02 +1.266857313e+02 +2.264157313e+02 +2.264157313e+02 -3.4544e+00 -3.1699e+00
146 +4.014663714e+01 +4.014663714e+01 +1.398766371e+02 +1.398766371e+02 -3.5240e+00 -4.7318e+00
148 +1.038300490e+01 +1.038300490e+01 +1.101130049e+02 +1.101130049e+02 -3.3895e+00 -2.1978e+00
197 +4.131888851e+00 +4.131888851e+00 +1.038618889e+02 +1.038618889e+02 -3.2624e+00 +1.5722e-01
247 +5.353587338e-01 +5.353587338e-01 +1.002653587e+02 +1.002653587e+02 -3.2151e+00 +1.0581e+00
295 +2.241797298e-01 +2.241797298e-01 +9.995417973e+01 +9.995417973e+01 -3.2585e+00 +2.6052e-01
409 +1.322727242e-01 +1.322727242e-01 +9.986227272e+01 +9.986227272e+01 -3.2234e+00 +9.1011e-01
415 +1.357181987e-02 +1.357181987e-02 +9.974357182e+01 +9.974357182e+01 -3.2293e+00 +8.0581e-01
570 +4.471168427e-03 +4.471168427e-03 +9.973447117e+01 +9.973447117e+01 -3.2330e+00 +7.3830e-01
574 +2.038880101e-03 +2.038880101e-03 +9.973203888e+01 +9.973203888e+01 -3.2369e+00 +6.6577e-01
618 +8.410220800e-04 +8.410220800e-04 +9.973084102e+01 +9.973084102e+01 -3.2364e+00 +6.7446e-01
642 +5.277519160e-04 +5.277519160e-04 +9.973052775e+01 +9.973052775e+01 -3.2343e+00 +7.1381e-01
649 +1.257783498e-04 +1.257783498e-04 +9.973012578e+01 +9.973012578e+01 -3.2351e+00 +6.9755e-01
773 +5.253854184e-06 +5.253854184e-06 +9.973000525e+01 +9.973000525e+01 -3.2353e+00 +6.9454e-01
864 +7.945740208e-07 +7.945740208e-07 +9.973000079e+01 +9.973000079e+01 -3.2352e+00 +6.9739e-01
932 +4.228067354e-07 +4.228067354e-07 +9.973000042e+01 +9.973000042e+01 -3.2352e+00 +6.9692e-01
959 +1.452646075e-07 +1.452646075e-07 +9.973000015e+01 +9.973000015e+01 -3.2352e+00 +6.9644e-01
999 +3.526001535e-08 +3.526001535e-08 +9.973000004e+01 +9.973000004e+01 -3.2352e+00 +6.9680e-01
1067 +5.832845318e-10 +5.832845318e-10 +9.973000000e+01 +9.973000000e+01 -3.2352e+00 +6.9682e-01
% function evaluation | noise-free fitness - Fopt (4.044000000000e+01) | best noise-free fitness - Fopt | measured fitness | best measured fitness | x1 | x2...
1 +3.295232597e+07 +3.295232597e+07 +3.295236641e+07 +3.295236641e+07 -4.7518e+00 +3.4190e+00
2 +2.165982297e+06 +2.165982297e+06 +2.166022737e+06 +2.166022737e+06 +4.9726e+00 +7.8123e-02
3 +6.927147926e+04 +6.927147926e+04 +6.931191926e+04 +6.931191926e+04 +4.9552e+00 -3.2494e+00
4 +2.202261904e+04 +2.202261904e+04 +2.206305904e+04 +2.206305904e+04 +1.4763e+00 +3.9039e+00
25 +3.984160555e+03 +3.984160555e+03 +4.024600555e+03 +4.024600555e+03 +2.0410e+00 +3.1098e+00
61 +4.984313407e+01 +4.984313407e+01 +9.028313407e+01 +9.028313407e+01 +1.9527e+00 +3.1600e+00
193 +6.629697244e+00 +6.629697244e+00 +4.706969724e+01 +4.706969724e+01 +2.1720e+00 +2.6331e+00
284 +3.080530648e+00 +3.080530648e+00 +4.352053065e+01 +4.352053065e+01 +2.2348e+00 +2.4742e+00
293 +1.568390106e+00 +1.568390106e+00 +4.200839011e+01 +4.200839011e+01 +2.5339e+00 +1.7750e+00
352 +7.976620974e-01 +7.976620974e-01 +4.123766210e+01 +4.123766210e+01 +1.9699e+00 +3.0991e+00
414 +6.201261664e-01 +6.201261664e-01 +4.106012617e+01 +4.106012617e+01 +1.7976e+00 +3.5056e+00
416 +1.784004421e-02 +1.784004421e-02 +4.045784004e+01 +4.045784004e+01 +2.1239e+00 +2.7398e+00
524 +1.142485046e-02 +1.142485046e-02 +4.045142485e+01 +4.045142485e+01 +2.0523e+00 +2.9077e+00
538 +6.948449519e-03 +6.948449519e-03 +4.044694845e+01 +4.044694845e+01 +2.1228e+00 +2.7420e+00
616 +4.287801805e-03 +4.287801805e-03 +4.044428780e+01 +4.044428780e+01 +2.0800e+00 +2.8424e+00
643 +1.552974854e-04 +1.552974854e-04 +4.044015530e+01 +4.044015530e+01 +2.0963e+00 +2.8043e+00
683 +7.225237187e-05 +7.225237187e-05 +4.044007225e+01 +4.044007225e+01 +2.0886e+00 +2.8225e+00
762 +4.255793511e-05 +4.255793511e-05 +4.044004256e+01 +4.044004256e+01 +2.0903e+00 +2.8183e+00
772 +3.202246471e-05 +3.202246471e-05 +4.044003202e+01 +4.044003202e+01 +2.0916e+00 +2.8154e+00
818 +5.159091039e-06 +5.159091039e-06 +4.044000516e+01 +4.044000516e+01 +2.0915e+00 +2.8155e+00
869 +1.861643966e-06 +1.861643966e-06 +4.044000186e+01 +4.044000186e+01 +2.0916e+00 +2.8154e+00
906 +1.510785907e-06 +1.510785907e-06 +4.044000151e+01 +4.044000151e+01 +2.0924e+00 +2.8134e+00
926 +8.604812152e-07 +8.604812152e-07 +4.044000086e+01 +4.044000086e+01 +2.0918e+00 +2.8149e+00
927 +2.649512822e-07 +2.649512822e-07 +4.044000026e+01 +4.044000026e+01 +2.0922e+00 +2.8140e+00
929 +1.479743901e-07 +1.479743901e-07 +4.044000015e+01 +4.044000015e+01 +2.0920e+00 +2.8144e+00
938 +9.214221564e-08 +9.214221564e-08 +4.044000009e+01 +4.044000009e+01 +2.0921e+00 +2.8141e+00
986 +4.458133418e-08 +4.458133418e-08 +4.044000004e+01 +4.044000004e+01 +2.0919e+00 +2.8146e+00
1006 +2.961448331e-08 +2.961448331e-08 +4.044000003e+01 +4.044000003e+01 +2.0920e+00 +2.8143e+00
1013 +2.036497193e-08 +2.036497193e-08 +4.044000002e+01 +4.044000002e+01 +2.0920e+00 +2.8143e+00
1015 +4.500577688e-11 +4.500577688e-11 +4.044000000e+01 +4.044000000e+01 +2.0920e+00 +2.8144e+00
% function evaluation | noise-free fitness - Fopt (-1.216000000000e+02) | best noise-free fitness - Fopt | measured fitness | best measured fitness | x1 | x2...
1 +2.202747683e+07 +2.202747683e+07 +2.202735523e+07 +2.202735523e+07 -4.7518e+00 +3.4190e+00
2 +8.003886207e+06 +8.003886207e+06 +8.003764607e+06 +8.003764607e+06 +4.9726e+00 +7.8123e-02
4 +4.842635004e+06 +4.842635004e+06 +4.842513404e+06 +4.842513404e+06 +1.4763e+00 +3.9039e+00
5 +9.949927365e+04 +9.949927365e+04 +9.937767365e+04 +9.937767365e+04 -4.0982e+00 -1.9670e+00
10 +1.136338904e+02 +1.136338904e+02 -7.966109595e+00 -7.966109595e+00 +2.0232e+00 +1.7815e+00
156 +7.465031067e+01 +7.465031067e+01 -4.694968933e+01 -4.694968933e+01 +4.3599e+00 +3.0618e+00
174 +4.852257504e+01 +4.852257504e+01 -7.307742496e+01 -7.307742496e+01 +2.7978e+00 +2.2023e+00
210 +3.423121453e+01 +3.423121453e+01 -8.736878547e+01 -8.736878547e+01 +1.8668e+00 +1.6828e+00
225 +1.631810985e+01 +1.631810985e+01 -1.052818902e+02 -1.052818902e+02 +2.8427e-01 +8.1063e-01
251 +8.498710158e+00 +8.498710158e+00 -1.131012898e+02 -1.131012898e+02 -8.6034e-01 +1.7907e-01
311 +3.742258407e+00 +3.742258407e+00 -1.178577416e+02 -1.178577416e+02 -1.6241e+00 -2.4498e-01
313 +2.368097540e+00 +2.368097540e+00 -1.192319025e+02 -1.192319025e+02 -2.4231e+00 -6.8766e-01
347 +3.634646181e-01 +3.634646181e-01 -1.212365354e+02 -1.212365354e+02 -2.7045e+00 -8.4154e-01
392 +1.352857410e-01 +1.352857410e-01 -1.214647143e+02 -1.214647143e+02 -3.5360e+00 -1.3012e+00
418 +6.581720051e-02 +6.581720051e-02 -1.215341828e+02 -1.215341828e+02 -3.0265e+00 -1.0196e+00
466 +6.034854462e-02 +6.034854462e-02 -1.215396515e+02 -1.215396515e+02 -3.0390e+00 -1.0265e+00
503 +6.609405397e-03 +6.609405397e-03 -1.215933906e+02 -1.215933906e+02 -3.1804e+00 -1.1049e+00
531 +3.798742428e-03 +3.798742428e-03 -1.215962013e+02 -1.215962013e+02 -3.1900e+00 -1.1101e+00
563 +1.476395357e-03 +1.476395357e-03 -1.215985236e+02 -1.215985236e+02 -3.1983e+00 -1.1147e+00
589 +8.077791861e-04 +8.077791861e-04 -1.215991922e+02 -1.215991922e+02 -3.2523e+00 -1.1446e+00
606 +4.908792791e-04 +4.908792791e-04 -1.215995091e+02 -1.215995091e+02 -3.2209e+00 -1.1272e+00
636 +7.198374861e-05 +7.198374861e-05 -1.215999280e+02 -1.215999280e+02 -3.2216e+00 -1.1276e+00
681 +2.908911175e-05 +2.908911175e-05 -1.215999709e+02 -1.215999709e+02 -3.2324e+00 -1.1336e+00
703 +2.024994174e-05 +2.024994174e-05 -1.215999798e+02 -1.215999798e+02 -3.2331e+00 -1.1339e+00
722 +1.487926491e-05 +1.487926491e-05 -1.215999851e+02 -1.215999851e+02 -3.2319e+00 -1.1333e+00
752 +5.001158073e-06 +5.001158073e-06 -1.215999950e+02 -1.215999950e+02 -3.2314e+00 -1.1330e+00
766 +3.497818867e-06 +3.497818867e-06 -1.215999965e+02 -1.215999965e+02 -3.2310e+00 -1.1328e+00
772 +2.429602887e-06 +2.429602887e-06 -1.215999976e+02 -1.215999976e+02 -3.2310e+00 -1.1328e+00
792 +1.139595412e-06 +1.139595412e-06 -1.215999989e+02 -1.215999989e+02 -3.2289e+00 -1.1316e+00
835 +5.774439558e-07 +5.774439558e-07 -1.215999994e+02 -1.215999994e+02 -3.2299e+00 -1.1322e+00
854 +1.471811260e-07 +1.471811260e-07 -1.215999999e+02 -1.215999999e+02 -3.2297e+00 -1.1321e+00
898 +1.561309659e-08 +1.561309659e-08 -1.216000000e+02 -1.216000000e+02 -3.2296e+00 -1.1320e+00
964 +3.528541015e-09 +3.528541015e-09 -1.216000000e+02 -1.216000000e+02 -3.2296e+00 -1.1320e+00
% function evaluation | noise-free fitness - Fopt (-3.811000000000e+01) | best noise-free fitness - Fopt | measured fitness | best measured fitness | x1 | x2...
1 +1.071666598e+07 +1.071666598e+07 +1.071662787e+07 +1.071662787e+07 -4.7518e+00 +3.4190e+00
4 +7.776316143e+06 +7.776316143e+06 +7.776278033e+06 +7.776278033e+06 +1.4763e+00 +3.9039e+00
5 +3.322809838e+06 +3.322809838e+06 +3.322771728e+06 +3.322771728e+06 -4.0982e+00 -1.9670e+00
13 +5.233875041e+04 +5.233875041e+04 +5.230064041e+04 +5.230064041e+04 -2.2359e+00 -2.6484e+00
23 +1.238073430e+01 +1.238073430e+01 -2.572926570e+01 -2.572926570e+01 -2.1154e+00 -6.8530e-01
227 +7.017100473e+00 +7.017100473e+00 -3.109289953e+01 -3.109289953e+01 -2.2293e+00 -1.3181e+00
229 +4.303772627e+00 +4.303772627e+00 -3.380622737e+01 -3.380622737e+01 -2.3993e+00 -2.2474e+00
242 +4.879997605e-01 +4.879997605e-01 -3.762200024e+01 -3.762200024e+01 -2.4057e+00 -2.2993e+00
327 +3.810973976e-01 +3.810973976e-01 -3.772890260e+01 -3.772890260e+01 -2.3164e+00 -1.7935e+00
409 +1.333473520e-01 +1.333473520e-01 -3.797665265e+01 -3.797665265e+01 -2.3654e+00 -2.0690e+00
435 +9.121723984e-02 +9.121723984e-02 -3.801878276e+01 -3.801878276e+01 -2.4677e+00 -2.6424e+00
444 +1.126363113e-02 +1.126363113e-02 -3.809873637e+01 -3.809873637e+01 -2.4165e+00 -2.3554e+00
509 +4.156771635e-03 +4.156771635e-03 -3.810584323e+01 -3.810584323e+01 -2.4369e+00 -2.4708e+00
535 +3.947420537e-03 +3.947420537e-03 -3.810605258e+01 -3.810605258e+01 -2.4374e+00 -2.4736e+00
553 +2.628532226e-04 +2.628532226e-04 -3.810973715e+01 -3.810973715e+01 -2.4285e+00 -2.4236e+00
625 +7.253861296e-05 +7.253861296e-05 -3.810992746e+01 -3.810992746e+01 -2.4262e+00 -2.4104e+00
669 +4.920215743e-05 +4.920215743e-05 -3.810995080e+01 -3.810995080e+01 -2.4268e+00 -2.4140e+00
705 +2.798354375e-05 +2.798354375e-05 -3.810997202e+01 -3.810997202e+01 -2.4265e+00 -2.4120e+00
720 +1.827521238e-06 +1.827521238e-06 -3.810999817e+01 -3.810999817e+01 -2.4258e+00 -2.4085e+00
750 +2.815289122e-07 +2.815289122e-07 -3.810999972e+01 -3.810999972e+01 -2.4255e+00 -2.4068e+00
821 +2.116778788e-07 +2.116778788e-07 -3.810999979e+01 -3.810999979e+01 -2.4256e+00 -2.4069e+00
866 +1.575475892e-07 +1.575475892e-07 -3.810999984e+01 -3.810999984e+01 -2.4256e+00 -2.4070e+00
870 +4.643274565e-08 +4.643274565e-08 -3.810999995e+01 -3.810999995e+01 -2.4256e+00 -2.4073e+00
896 +4.505245954e-09 +4.505245954e-09 -3.811000000e+01 -3.811000000e+01 -2.4256e+00 -2.4072e+00
