% function evaluation | noise-free fitness - Fopt (7.627000000000e+01) | best noise-free fitness - Fopt | measured fitness | best measured fitness | x1 | x2...
1 +2.333208817e+06 +2.333208817e+06 +2.333285087e+06 +2.333285087e+06
3 +1.149366930e+06 +1.149366930e+06 +1.149443200e+06 +1.149443200e+06
4 +5.249047498e+05 +5.249047498e+05 +5.249810198e+05 +5.249810198e+05
11 +1.652578033e+05 +1.652578033e+05 +1.653340733e+05 +1.653340733e+05
14 +5.940753197e+04 +5.940753197e+04 +5.948380197e+04 +5.948380197e+04
88 +7.347859886e+03 +7.347859886e+03 +7.424129886e+03 +7.424129886e+03
100 +3.390758746e+03 +3.390758746e+03 +3.467028746e+03 +3.467028746e+03
133 +4.731496325e+02 +4.731496325e+02 +5.494196325e+02 +5.494196325e+02
7278 +3.686131766e+02 +3.686131766e+02 +4.448831766e+02 +4.448831766e+02
10170 +2.441893928e+02 +2.441893928e+02 +3.204593928e+02 +3.204593928e+02
12669 +1.128790858e+02 +1.128790858e+02 +1.891490858e+02 +1.891490858e+02
15662 +9.699385032e+01 +9.699385032e+01 +1.732638503e+02 +1.732638503e+02
17649 +5.337999265e+01 +5.337999265e+01 +1.296499926e+02 +1.296499926e+02
19372 +3.927015716e+01 +3.927015716e+01 +1.155401572e+02 +1.155401572e+02
21430 +2.428979455e+01 +2.428979455e+01 +1.005597945e+02 +1.005597945e+02
23367 +1.571851475e+01 +1.571851475e+01 +9.198851475e+01 +9.198851475e+01
26160 +9.883132740e+00 +9.883132740e+00 +8.615313274e+01 +8.615313274e+01
28668 +5.903204715e+00 +5.903204715e+00 +8.217320472e+01 +8.217320472e+01
31365 +3.836050015e+00 +3.836050015e+00 +8.010605001e+01 +8.010605001e+01
34838 +2.435263052e+00 +2.435263052e+00 +7.870526305e+01 +7.870526305e+01
36273 +1.574751779e+00 +1.574751779e+00 +7.784475178e+01 +7.784475178e+01
39261 +9.606757203e-01 +9.606757203e-01 +7.723067572e+01 +7.723067572e+01
41601 +5.722379992e-01 +5.722379992e-01 +7.684223800e+01 +7.684223800e+01
44062 +3.081266758e-01 +3.081266758e-01 +7.657812668e+01 +7.657812668e+01
46901 +2.364212519e-01 +2.364212519e-01 +7.650642125e+01 +7.650642125e+01
49237 +1.560174225e-01 +1.560174225e-01 +7.642601742e+01 +7.642601742e+01
52023 +9.784186184e-02 +9.784186184e-02 +7.636784186e+01 +7.636784186e+01
54804 +6.149389905e-02 +6.149389905e-02 +7.633149390e+01 +7.633149390e+01
57020 +3.641041136e-02 +3.641041136e-02 +7.630641041e+01 +7.630641041e+01
60068 +1.971973777e-02 +1.971973777e-02 +7.628971974e+01 +7.628971974e+01
62453 +1.514939248e-02 +1.514939248e-02 +7.628514939e+01 +7.628514939e+01
66322 +9.931838440e-03 +9.931838440e-03 +7.627993184e+01 +7.627993184e+01
68844 +5.851791464e-03 +5.851791464e-03 +7.627585179e+01 +7.627585179e+01
71784 +3.781797117e-03 +3.781797117e-03 +7.627378180e+01 +7.627378180e+01
73526 +2.509694691e-03 +2.509694691e-03 +7.627250969e+01 +7.627250969e+01
76430 +1.493244664e-03 +1.493244664e-03 +7.627149324e+01 +7.627149324e+01
78417 +9.841518248e-04 +9.841518248e-04 +7.627098415e+01 +7.627098415e+01
81327 +5.804279513e-04 +5.804279513e-04 +7.627058043e+01 +7.627058043e+01
83787 +3.959892796e-04 +3.959892796e-04 +7.627039599e+01 +7.627039599e+01
85786 +2.467484089e-04 +2.467484089e-04 +7.627024675e+01 +7.627024675e+01
89129 +1.523307892e-04 +1.523307892e-04 +7.627015233e+01 +7.627015233e+01
91301 +9.543021852e-05 +9.543021852e-05 +7.627009543e+01 +7.627009543e+01
93109 +5.849215461e-05 +5.849215461e-05 +7.627005849e+01 +7.627005849e+01
96589 +3.704654925e-05 +3.704654925e-05 +7.627003705e+01 +7.627003705e+01
99540 +2.371398907e-05 +2.371398907e-05 +7.627002371e+01 +7.627002371e+01
101988 +1.458058789e-05 +1.458058789e-05 +7.627001458e+01 +7.627001458e+01
104109 +9.539655949e-06 +9.539655949e-06 +7.627000954e+01 +7.627000954e+01
106990 +5.831419088e-06 +5.831419088e-06 +7.627000583e+01 +7.627000583e+01
110750 +3.512108819e-06 +3.512108819e-06 +7.627000351e+01 +7.627000351e+01
112540 +2.428504558e-06 +2.428504558e-06 +7.627000243e+01 +7.627000243e+01
115741 +1.577329854e-06 +1.577329854e-06 +7.627000158e+01 +7.627000158e+01
119212 +9.084774177e-07 +9.084774177e-07 +7.627000091e+01 +7.627000091e+01
121241 +6.143262823e-07 +6.143262823e-07 +7.627000061e+01 +7.627000061e+01
124080 +3.670325981e-07 +3.670325981e-07 +7.627000037e+01 +7.627000037e+01
128012 +2.413507758e-07 +2.413507758e-07 +7.627000024e+01 +7.627000024e+01
130848 +1.391094600e-07 +1.391094600e-07 +7.627000014e+01 +7.627000014e+01
133045 +9.779154198e-08 +9.779154198e-08 +7.627000010e+01 +7.627000010e+01
134073 +5.814342785e-08 +5.814342785e-08 +7.627000006e+01 +7.627000006e+01
138215 +3.903859636e-08 +3.903859636e-08 +7.627000004e+01 +7.627000004e+01
141346 +2.341108996e-08 +2.341108996e-08 +7.627000002e+01 +7.627000002e+01
144443 +1.511945413e-08 +1.511945413e-08 +7.627000002e+01 +7.627000002e+01
146684 +9.810520396e-09 +9.810520396e-09 +7.627000001e+01 +7.627000001e+01
% function evaluation | noise-free fitness - Fopt (-2.255000000000e+01) | best noise-free fitness - Fopt | measured fitness | best measured fitness | x1 | x2...
1 +3.132045827e+06 +3.132045827e+06 +3.132023277e+06 +3.132023277e+06
3 +6.197416926e+05 +6.197416926e+05 +6.197191426e+05 +6.197191426e+05
6 +1.613223826e+04 +1.613223826e+04 +1.610968826e+04 +1.610968826e+04
44 +1.569433514e+03 +1.569433514e+03 +1.546883514e+03 +1.546883514e+03
101 +7.371964016e+02 +7.371964016e+02 +7.146464016e+02 +7.146464016e+02
6204 +5.409859443e+02 +5.409859443e+02 +5.184359443e+02 +5.184359443e+02
7119 +3.707975930e+02 +3.707975930e+02 +3.482475930e+02 +3.482475930e+02
9834 +2.357242497e+02 +2.357242497e+02 +2.131742497e+02 +2.131742497e+02
12612 +1.419047966e+02 +1.419047966e+02 +1.193547966e+02 +1.193547966e+02
16896 +8.385925911e+01 +8.385925911e+01 +6.130925911e+01 +6.130925911e+01
20348 +6.296833399e+01 +6.296833399e+01 +4.041833399e+01 +4.041833399e+01
22395 +3.493456346e+01 +3.493456346e+01 +1.238456346e+01 +1.238456346e+01
25735 +2.378581125e+01 +2.378581125e+01 +1.235811252e+00 +1.235811252e+00
28864 +1.561129798e+01 +1.561129798e+01 -6.938702018e+00 -6.938702018e+00
31726 +9.714269740e+00 +9.714269740e+00 -1.283573026e+01 -1.283573026e+01
34625 +6.213569786e+00 +6.213569786e+00 -1.633643021e+01 -1.633643021e+01
37719 +3.908878820e+00 +3.908878820e+00 -1.864112118e+01 -1.864112118e+01
40941 +2.462972083e+00 +2.462972083e+00 -2.008702792e+01 -2.008702792e+01
43636 +1.561176108e+00 +1.561176108e+00 -2.098882389e+01 -2.098882389e+01
45750 +9.987101089e-01 +9.987101089e-01 -2.155128989e+01 -2.155128989e+01
48627 +6.248067424e-01 +6.248067424e-01 -2.192519326e+01 -2.192519326e+01
51033 +3.863586304e-01 +3.863586304e-01 -2.216364137e+01 -2.216364137e+01
53975 +2.464175454e-01 +2.464175454e-01 -2.230358245e+01 -2.230358245e+01
56707 +1.479919287e-01 +1.479919287e-01 -2.240200807e+01 -2.240200807e+01
60602 +9.719198446e-02 +9.719198446e-02 -2.245280802e+01 -2.245280802e+01
64421 +6.231932130e-02 +6.231932130e-02 -2.248768068e+01 -2.248768068e+01
68482 +3.867285937e-02 +3.867285937e-02 -2.251132714e+01 -2.251132714e+01
71981 +2.501241347e-02 +2.501241347e-02 -2.252498759e+01 -2.252498759e+01
74009 +1.535077907e-02 +1.535077907e-02 -2.253464922e+01 -2.253464922e+01
76856 +9.960019517e-03 +9.960019517e-03 -2.254003998e+01 -2.254003998e+01
78233 +5.984084002e-03 +5.984084002e-03 -2.254401592e+01 -2.254401592e+01
81470 +3.979028505e-03 +3.979028505e-03 -2.254602097e+01 -2.254602097e+01
83358 +2.448018603e-03 +2.448018603e-03 -2.254755198e+01 -2.254755198e+01
86225 +1.510862582e-03 +1.510862582e-03 -2.254848914e+01 -2.254848914e+01
88067 +9.402461999e-04 +9.402461999e-04 -2.254905975e+01 -2.254905975e+01
90953 +6.304757021e-04 +6.304757021e-04 -2.254936952e+01 -2.254936952e+01
93993 +3.856887096e-04 +3.856887096e-04 -2.254961431e+01 -2.254961431e+01
96742 +2.456458202e-04 +2.456458202e-04 -2.254975435e+01 -2.254975435e+01
99847 +1.557097006e-04 +1.557097006e-04 -2.254984429e+01 -2.254984429e+01
101848 +9.915216908e-05 +9.915216908e-05 -2.254990085e+01 -2.254990085e+01
105994 +6.115841516e-05 +6.115841516e-05 -2.254993884e+01 -2.254993884e+01
109424 +3.644571717e-05 +3.644571717e-05 -2.254996355e+01 -2.254996355e+01
111649 +2.490525220e-05 +2.490525220e-05 -2.254997509e+01 -2.254997509e+01
115802 +1.529452245e-05 +1.529452245e-05 -2.254998471e+01 -2.254998471e+01
120198 +9.590418660e-06 +9.590418660e-06 -2.254999041e+01 -2.254999041e+01
123943 +6.030162567e-06 +6.030162567e-06 -2.254999397e+01 -2.254999397e+01
129536 +3.930607683e-06 +3.930607683e-06 -2.254999607e+01 -2.254999607e+01
134005 +2.431276151e-06 +2.431276151e-06 -2.254999757e+01 -2.254999757e+01
138537 +1.577710687e-06 +1.577710687e-06 -2.254999842e+01 -2.254999842e+01
142155 +9.589592764e-07 +9.589592764e-07 -2.254999904e+01 -2.254999904e+01
145399 +5.936535459e-07 +5.936535459e-07 -2.254999941e+01 -2.254999941e+01
147958 +3.850613268e-07 +3.850613268e-07 -2.254999961e+01 -2.254999961e+01
153551 +2.494556028e-07 +2.494556028e-07 -2.254999975e+01 -2.254999975e+01
156663 +1.511861960e-07 +1.511861960e-07 -2.254999985e+01 -2.254999985e+01
161080 +9.001559675e-08 +9.001559675e-08 -2.254999991e+01 -2.254999991e+01
164728 +6.157523558e-08 +6.157523558e-08 -2.254999994e+01 -2.254999994e+01
167838 +3.709466867e-08 +3.709466867e-08 -2.254999996e+01 -2.254999996e+01
170694 +2.419759682e-08 +2.419759682e-08 -2.254999998e+01 -2.254999998e+01
173251 +1.549536677e-08 +1.549536677e-08 -2.254999998e+01 -2.254999998e+01
176507 +9.572733717e-09 +9.572733717e-09 -2.254999999e+01 -2.254999999e+01
% function evaluation | noise-free fitness - Fopt (1.366000000000e+01) | best noise-free fitness - Fopt | measured fitness | best measured fitness | x1 | x2...
1 +3.609877661e+06 +3.609877661e+06 +3.609891321e+06 +3.609891321e+06
5 +7.895096264e+03 +7.895096264e+03 +7.908756264e+03 +7.908756264e+03
57 +2.274111541e+03 +2.274111541e+03 +2.287771541e+03 +2.287771541e+03
75 +1.326265938e+03 +1.326265938e+03 +1.339925938e+03 +1.339925938e+03
345 +4.505744944e+02 +4.505744944e+02 +4.642344944e+02 +4.642344944e+02
7716 +3.537699692e+02 +3.537699692e+02 +3.674299692e+02 +3.674299692e+02
10878 +2.448757572e+02 +2.448757572e+02 +2.585357572e+02 +2.585357572e+02
12535 +1.489314461e+02 +1.489314461e+02 +1.625914461e+02 +1.625914461e+02
14086 +9.280630366e+01 +9.280630366e+01 +1.064663037e+02 +1.064663037e+02
17915 +5.654881961e+01 +5.654881961e+01 +7.020881961e+01 +7.020881961e+01
19493 +3.718614998e+01 +3.718614998e+01 +5.084614998e+01 +5.084614998e+01
22097 +2.504785361e+01 +2.504785361e+01 +3.870785361e+01 +3.870785361e+01
24423 +1.553479603e+01 +1.553479603e+01 +2.919479603e+01 +2.919479603e+01
26917 +8.699624458e+00 +8.699624458e+00 +2.235962446e+01 +2.235962446e+01
28874 +5.878657152e+00 +5.878657152e+00 +1.953865715e+01 +1.953865715e+01
31791 +3.937620562e+00 +3.937620562e+00 +1.759762056e+01 +1.759762056e+01
33926 +2.249958278e+00 +2.249958278e+00 +1.590995828e+01 +1.590995828e+01
37427 +1.558771426e+00 +1.558771426e+00 +1.521877143e+01 +1.521877143e+01
39943 +8.798635743e-01 +8.798635743e-01 +1.453986357e+01 +1.453986357e+01
42032 +6.223090177e-01 +6.223090177e-01 +1.428230902e+01 +1.428230902e+01
44215 +3.426934189e-01 +3.426934189e-01 +1.400269342e+01 +1.400269342e+01
46272 +2.508664363e-01 +2.508664363e-01 +1.391086644e+01 +1.391086644e+01
49238 +1.422181605e-01 +1.422181605e-01 +1.380221816e+01 +1.380221816e+01
50167 +9.364948464e-02 +9.364948464e-02 +1.375364948e+01 +1.375364948e+01
53890 +5.466803530e-02 +5.466803530e-02 +1.371466804e+01 +1.371466804e+01
56421 +3.673655723e-02 +3.673655723e-02 +1.369673656e+01 +1.369673656e+01
58680 +2.051585231e-02 +2.051585231e-02 +1.368051585e+01 +1.368051585e+01
60641 +1.484483114e-02 +1.484483114e-02 +1.367484483e+01 +1.367484483e+01
63887 +9.809085221e-03 +9.809085221e-03 +1.366980909e+01 +1.366980909e+01
66124 +6.139709487e-03 +6.139709487e-03 +1.366613971e+01 +1.366613971e+01
68364 +3.281097552e-03 +3.281097552e-03 +1.366328110e+01 +1.366328110e+01
71404 +1.551913598e-03 +1.551913598e-03 +1.366155191e+01 +1.366155191e+01
75368 +8.667088330e-04 +8.667088330e-04 +1.366086671e+01 +1.366086671e+01
77045 +6.259794723e-04 +6.259794723e-04 +1.366062598e+01 +1.366062598e+01
79792 +3.432508057e-04 +3.432508057e-04 +1.366034325e+01 +1.366034325e+01
82887 +2.332374977e-04 +2.332374977e-04 +1.366023324e+01 +1.366023324e+01
86712 +1.581059777e-04 +1.581059777e-04 +1.366015811e+01 +1.366015811e+01
87410 +9.937720273e-05 +9.937720273e-05 +1.366009938e+01 +1.366009938e+01
91143 +6.006606107e-05 +6.006606107e-05 +1.366006007e+01 +1.366006007e+01
93631 +3.969281360e-05 +3.969281360e-05 +1.366003969e+01 +1.366003969e+01
95960 +2.324609532e-05 +2.324609532e-05 +1.366002325e+01 +1.366002325e+01
99251 +1.297248638e-05 +1.297248638e-05 +1.366001297e+01 +1.366001297e+01
102341 +7.963208075e-06 +7.963208075e-06 +1.366000796e+01 +1.366000796e+01
104654 +5.337949240e-06 +5.337949240e-06 +1.366000534e+01 +1.366000534e+01
107816 +3.908041460e-06 +3.908041460e-06 +1.366000391e+01 +1.366000391e+01
109960 +2.480372213e-06 +2.480372213e-06 +1.366000248e+01 +1.366000248e+01
112466 +1.568302782e-06 +1.568302782e-06 +1.366000157e+01 +1.366000157e+01
118048 +9.548958566e-07 +9.548958566e-07 +1.366000095e+01 +1.366000095e+01
121576 +6.172592304e-07 +6.172592304e-07 +1.366000062e+01 +1.366000062e+01
124935 +3.965384892e-07 +3.965384892e-07 +1.366000040e+01 +1.366000040e+01
127307 +2.477065326e-07 +2.477065326e-07 +1.366000025e+01 +1.366000025e+01
130481 +1.562943801e-07 +1.562943801e-07 +1.366000016e+01 +1.366000016e+01
133752 +8.545473129e-08 +8.545473129e-08 +1.366000009e+01 +1.366000009e+01
137352 +5.758859523e-08 +5.758859523e-08 +1.366000006e+01 +1.366000006e+01
139853 +3.595430975e-08 +3.595430975e-08 +1.366000004e+01 +1.366000004e+01
143671 +2.168599345e-08 +2.168599345e-08 +1.366000002e+01 +1.366000002e+01
146515 +1.483057055e-08 +1.483057055e-08 +1.366000001e+01 +1.366000001e+01
147932 +9.418883451e-09 +9.418883451e-09 +1.366000001e+01 +1.366000001e+01
% function evaluation | noise-free fitness - Fopt (9.378400000000e+02) | best noise-free fitness - Fopt | measured fitness | best measured fitness | x1 | x2...
1 +1.443628251e+07 +1.443628251e+07 +1.443722035e+07 +1.443722035e+07
3 +3.594652016e+06 +3.594652016e+06 +3.595589856e+06 +3.595589856e+06
5 +1.715958734e+05 +1.715958734e+05 +1.725337134e+05 +1.725337134e+05
19 +5.984189201e+04 +5.984189201e+04 +6.077973201e+04 +6.077973201e+04
76 +1.776749401e+04 +1.776749401e+04 +1.870533401e+04 +1.870533401e+04
100 +1.267137156e+04 +1.267137156e+04 +1.360921156e+04 +1.360921156e+04
142 +2.751020387e+03 +2.751020387e+03 +3.688860387e+03 +3.688860387e+03
170 +1.963103374e+03 +1.963103374e+03 +2.900943374e+03 +2.900943374e+03
337 +1.465458059e+03 +1.465458059e+03 +2.403298059e+03 +2.403298059e+03
497 +4.744290536e+02 +4.744290536e+02 +1.412269054e+03 +1.412269054e+03
7676 +3.818748266e+02 +3.818748266e+02 +1.319714827e+03 +1.319714827e+03
10524 +2.208698538e+02 +2.208698538e+02 +1.158709854e+03 +1.158709854e+03
11080 +1.475823973e+02 +1.475823973e+02 +1.085422397e+03 +1.085422397e+03
15058 +7.814329500e+01 +7.814329500e+01 +1.015983295e+03 +1.015983295e+03
16350 +6.222266904e+01 +6.222266904e+01 +1.000062669e+03 +1.000062669e+03
19074 +3.865225854e+01 +3.865225854e+01 +9.764922585e+02 +9.764922585e+02
21772 +2.439652794e+01 +2.439652794e+01 +9.622365279e+02 +9.622365279e+02
23114 +1.571974356e+01 +1.571974356e+01 +9.535597436e+02 +9.535597436e+02
25317 +9.670111125e+00 +9.670111125e+00 +9.475101111e+02 +9.475101111e+02
27330 +4.217315567e+00 +4.217315567e+00 +9.420573156e+02 +9.420573156e+02
31115 +3.836302153e+00 +3.836302153e+00 +9.416763022e+02 +9.416763022e+02
34175 +2.172446789e+00 +2.172446789e+00 +9.400124468e+02 +9.400124468e+02
35941 +1.574403266e+00 +1.574403266e+00 +9.394144033e+02 +9.394144033e+02
37894 +9.149184911e-01 +9.149184911e-01 +9.387549185e+02 +9.387549185e+02
41460 +6.228552755e-01 +6.228552755e-01 +9.384628553e+02 +9.384628553e+02
42376 +3.853857053e-01 +3.853857053e-01 +9.382253857e+02 +9.382253857e+02
45902 +2.425710551e-01 +2.425710551e-01 +9.380825711e+02 +9.380825711e+02
49156 +1.360793585e-01 +1.360793585e-01 +9.379760794e+02 +9.379760794e+02
51268 +9.454687830e-02 +9.454687830e-02 +9.379345469e+02 +9.379345469e+02
54601 +6.262045934e-02 +6.262045934e-02 +9.379026205e+02 +9.379026205e+02
57627 +3.917971136e-02 +3.917971136e-02 +9.378791797e+02 +9.378791797e+02
60986 +2.331755978e-02 +2.331755978e-02 +9.378633176e+02 +9.378633176e+02
64033 +1.232131110e-02 +1.232131110e-02 +9.378523213e+02 +9.378523213e+02
66059 +9.428338103e-03 +9.428338103e-03 +9.378494283e+02 +9.378494283e+02
68002 +5.882976846e-03 +5.882976846e-03 +9.378458830e+02 +9.378458830e+02
73646 +3.927068017e-03 +3.927068017e-03 +9.378439271e+02 +9.378439271e+02
77268 +2.358931670e-03 +2.358931670e-03 +9.378423589e+02 +9.378423589e+02
80811 +1.550061386e-03 +1.550061386e-03 +9.378415501e+02 +9.378415501e+02
83395 +9.885368482e-04 +9.885368482e-04 +9.378409885e+02 +9.378409885e+02
86771 +5.770461207e-04 +5.770461207e-04 +9.378405770e+02 +9.378405770e+02
89415 +3.900063431e-04 +3.900063431e-04 +9.378403900e+02 +9.378403900e+02
92892 +2.478153203e-04 +2.478153203e-04 +9.378402478e+02 +9.378402478e+02
95341 +1.320308082e-04 +1.320308082e-04 +9.378401320e+02 +9.378401320e+02
98149 +9.498584825e-05 +9.498584825e-05 +9.378400950e+02 +9.378400950e+02
102307 +6.060593341e-05 +6.060593341e-05 +9.378400606e+02 +9.378400606e+02
105230 +3.698622447e-05 +3.698622447e-05 +9.378400370e+02 +9.378400370e+02
108459 +2.418311362e-05 +2.418311362e-05 +9.378400242e+02 +9.378400242e+02
112333 +1.569983681e-05 +1.569983681e-05 +9.378400157e+02 +9.378400157e+02
114512 +9.992502100e-06 +9.992502100e-06 +9.378400100e+02 +9.378400100e+02
116881 +6.045064993e-06 +6.045064993e-06 +9.378400060e+02 +9.378400060e+02
120163 +3.821948667e-06 +3.821948667e-06 +9.378400038e+02 +9.378400038e+02
123596 +2.487669235e-06 +2.487669235e-06 +9.378400025e+02 +9.378400025e+02
126420 +1.499751761e-06 +1.499751761e-06 +9.378400015e+02 +9.378400015e+02
127496 +9.117742366e-07 +9.117742366e-07 +9.378400009e+02 +9.378400009e+02
131104 +5.421957212e-07 +5.421957212e-07 +9.378400005e+02 +9.378400005e+02
134841 +3.281026011e-07 +3.281026011e-07 +9.378400003e+02 +9.378400003e+02
137221 +2.263525403e-07 +2.263525403e-07 +9.378400002e+02 +9.378400002e+02
139889 +1.458518000e-07 +1.458518000e-07 +9.378400001e+02 +9.378400001e+02
143359 +9.745792795e-08 +9.745792795e-08 +9.378400001e+02 +9.378400001e+02
145654 +5.751110166e-08 +5.751110166e-08 +9.378400001e+02 +9.378400001e+02
148460 +3.953584837e-08 +3.953584837e-08 +9.378400000e+02 +9.378400000e+02
151604 +2.477588623e-08 +2.477588623e-08 +9.378400000e+02 +9.378400000e+02
155882 +1.466821686e-08 +1.466821686e-08 +9.378400000e+02 +9.378400000e+02
159245 +9.695099834e-09 +9.695099834e-09 +9.378400000e+02 +9.378400000e+02
% function evaluation | noise-free fitness - Fopt (-7.872000000000e+01) | best noise-free fitness - Fopt | measured fitness | best measured fitness | x1 | x2...
1 +3.068889047e+07 +3.068889047e+07 +3.068881175e+07 +3.068881175e+07
2 +2.591764680e+06 +2.591764680e+06 +2.591685960e+06 +2.591685960e+06
3 +4.167498837e+05 +4.167498837e+05 +4.166711637e+05 +4.166711637e+05
16 +5.219408763e+03 +5.219408763e+03 +5.140688763e+03 +5.140688763e+03
236 +7.537730074e+02 +7.537730074e+02 +6.750530074e+02 +6.750530074e+02
1553 +6.075652879e+02 +6.075652879e+02 +5.288452879e+02 +5.288452879e+02
10584 +3.813853644e+02 +3.813853644e+02 +3.026653644e+02 +3.026653644e+02
12040 +2.360453452e+02 +2.360453452e+02 +1.573253452e+02 +1.573253452e+02
14284 +1.515143031e+02 +1.515143031e+02 +7.279430311e+01 +7.279430311e+01
16898 +9.959615880e+01 +9.959615880e+01 +2.087615880e+01 +2.087615880e+01
18949 +6.216340480e+01 +6.216340480e+01 -1.655659520e+01 -1.655659520e+01
21615 +3.977518606e+01 +3.977518606e+01 -3.894481394e+01 -3.894481394e+01
24749 +2.165703782e+01 +2.165703782e+01 -5.706296218e+01 -5.706296218e+01
27994 +1.524805992e+01 +1.524805992e+01 -6.347194008e+01 -6.347194008e+01
30702 +9.975537102e+00 +9.975537102e+00 -6.874446290e+01 -6.874446290e+01
32931 +6.066615731e+00 +6.066615731e+00 -7.265338427e+01 -7.265338427e+01
35105 +3.963275490e+00 +3.963275490e+00 -7.475672451e+01 -7.475672451e+01
39361 +2.501760327e+00 +2.501760327e+00 -7.621823967e+01 -7.621823967e+01
41632 +1.374752696e+00 +1.374752696e+00 -7.734524730e+01 -7.734524730e+01
45082 +7.352667367e-01 +7.352667367e-01 -7.798473326e+01 -7.798473326e+01
46812 +6.012972547e-01 +6.012972547e-01 -7.811870275e+01 -7.811870275e+01
51115 +3.969947142e-01 +3.969947142e-01 -7.832300529e+01 -7.832300529e+01
55246 +2.058761308e-01 +2.058761308e-01 -7.851412387e+01 -7.851412387e+01
58028 +1.576235088e-01 +1.576235088e-01 -7.856237649e+01 -7.856237649e+01
59354 +9.685905104e-02 +9.685905104e-02 -7.862314095e+01 -7.862314095e+01
64472 +5.311803183e-02 +5.311803183e-02 -7.866688197e+01 -7.866688197e+01
67547 +3.822310043e-02 +3.822310043e-02 -7.868177690e+01 -7.868177690e+01
70339 +2.444565403e-02 +2.444565403e-02 -7.869555435e+01 -7.869555435e+01
73733 +1.494230714e-02 +1.494230714e-02 -7.870505769e+01 -7.870505769e+01
75427 +9.907080283e-03 +9.907080283e-03 -7.871009292e+01 -7.871009292e+01
79796 +5.717786250e-03 +5.717786250e-03 -7.871428221e+01 -7.871428221e+01
82537 +3.935926224e-03 +3.935926224e-03 -7.871606407e+01 -7.871606407e+01
84516 +2.499145938e-03 +2.499145938e-03 -7.871750085e+01 -7.871750085e+01
88201 +1.551527046e-03 +1.551527046e-03 -7.871844847e+01 -7.871844847e+01
92014 +9.649024357e-04 +9.649024357e-04 -7.871903510e+01 -7.871903510e+01
95046 +6.230818897e-04 +6.230818897e-04 -7.871937692e+01 -7.871937692e+01
98723 +3.864977703e-04 +3.864977703e-04 -7.871961350e+01 -7.871961350e+01
102039 +2.323586430e-04 +2.323586430e-04 -7.871976764e+01 -7.871976764e+01
104714 +1.431691251e-04 +1.431691251e-04 -7.871985683e+01 -7.871985683e+01
107622 +7.831591049e-05 +7.831591049e-05 -7.871992168e+01 -7.871992168e+01
109655 +5.913501271e-05 +5.913501271e-05 -7.871994086e+01 -7.871994086e+01
114288 +3.917621389e-05 +3.917621389e-05 -7.871996082e+01 -7.871996082e+01
117700 +2.347961070e-05 +2.347961070e-05 -7.871997652e+01 -7.871997652e+01
122465 +1.470328671e-05 +1.470328671e-05 -7.871998530e+01 -7.871998530e+01
125649 +9.219713888e-06 +9.219713888e-06 -7.871999078e+01 -7.871999078e+01
130661 +5.570206795e-06 +5.570206795e-06 -7.871999443e+01 -7.871999443e+01
134896 +3.807454448e-06 +3.807454448e-06 -7.871999619e+01 -7.871999619e+01
139072 +2.375436551e-06 +2.375436551e-06 -7.871999762e+01 -7.871999762e+01
143312 +1.463858368e-06 +1.463858368e-06 -7.871999854e+01 -7.871999854e+01
146422 +9.137186652e-07 +9.137186652e-07 -7.871999909e+01 -7.871999909e+01
150743 +6.281232174e-07 +6.281232174e-07 -7.871999937e+01 -7.871999937e+01
153998 +3.916184710e-07 +3.916184710e-07 -7.871999961e+01 -7.871999961e+01
158457 +2.447464027e-07 +2.447464027e-07 -7.871999976e+01 -7.871999976e+01
162151 +1.415362334e-07 +1.415362334e-07 -7.871999986e+01 -7.871999986e+01
166818 +9.979824256e-08 +9.979824256e-08 -7.871999990e+01 -7.871999990e+01
172290 +6.102099803e-08 +6.102099803e-08 -7.871999994e+01 -7.871999994e+01
175353 +3.895243594e-08 +3.895243594e-08 -7.871999996e+01 -7.871999996e+01
181148 +2.141942446e-08 +2.141942446e-08 -7.871999998e+01 -7.871999998e+01
185082 +1.527678251e-08 +1.527678251e-08 -7.871999998e+01 -7.871999998e+01
189641 +9.850623428e-09 +9.850623428e-09 -7.871999999e+01 -7.871999999e+01
% function evaluation | noise-free fitness - Fopt (-5.984300000000e+02) | best noise-free fitness - Fopt | measured fitness | best measured fitness | x1 | x2...
1 +6.705101439e+06 +6.705101439e+06 +6.704503009e+06 +6.704503009e+06
2 +7.286805847e+05 +7.286805847e+05 +7.280821547e+05 +7.280821547e+05
7 +2.111271978e+05 +2.111271978e+05 +2.105287678e+05 +2.105287678e+05
12 +1.756112811e+04 +1.756112811e+04 +1.696269811e+04 +1.696269811e+04
130 +3.853023420e+03 +3.853023420e+03 +3.254593420e+03 +3.254593420e+03
211 +1.159323544e+03 +1.159323544e+03 +5.608935443e+02 +5.608935443e+02
261 +5.871014457e+02 +5.871014457e+02 -1.132855430e+01 -1.132855430e+01
9815 +2.947641270e+02 +2.947641270e+02 -3.036658730e+02 -3.036658730e+02
11625 +2.408956938e+02 +2.408956938e+02 -3.575343062e+02 -3.575343062e+02
13924 +1.527937917e+02 +1.527937917e+02 -4.456362083e+02 -4.456362083e+02
16712 +8.930512726e+01 +8.930512726e+01 -5.091248727e+02 -5.091248727e+02
18211 +6.244684597e+01 +6.244684597e+01 -5.359831540e+02 -5.359831540e+02
20302 +3.782667920e+01 +3.782667920e+01 -5.606033208e+02 -5.606033208e+02
22041 +2.410966482e+01 +2.410966482e+01 -5.743203352e+02 -5.743203352e+02
25257 +1.580993479e+01 +1.580993479e+01 -5.826200652e+02 -5.826200652e+02
27828 +9.931902412e+00 +9.931902412e+00 -5.884980976e+02 -5.884980976e+02
30919 +5.391891061e+00 +5.391891061e+00 -5.930381089e+02 -5.930381089e+02
33254 +3.736319002e+00 +3.736319002e+00 -5.946936810e+02 -5.946936810e+02
36701 +2.490652777e+00 +2.490652777e+00 -5.959393472e+02 -5.959393472e+02
40215 +1.578260613e+00 +1.578260613e+00 -5.968517394e+02 -5.968517394e+02
42571 +9.643542716e-01 +9.643542716e-01 -5.974656457e+02 -5.974656457e+02
46963 +6.271034619e-01 +6.271034619e-01 -5.978028965e+02 -5.978028965e+02
51922 +3.954447957e-01 +3.954447957e-01 -5.980345552e+02 -5.980345552e+02
55066 +2.439377802e-01 +2.439377802e-01 -5.981860622e+02 -5.981860622e+02
58405 +1.548786842e-01 +1.548786842e-01 -5.982751213e+02 -5.982751213e+02
61095 +9.239488420e-02 +9.239488420e-02 -5.983376051e+02 -5.983376051e+02
64035 +5.857400649e-02 +5.857400649e-02 -5.983714260e+02 -5.983714260e+02
66436 +3.959315642e-02 +3.959315642e-02 -5.983904068e+02 -5.983904068e+02
70265 +2.466372977e-02 +2.466372977e-02 -5.984053363e+02 -5.984053363e+02
72558 +1.469228396e-02 +1.469228396e-02 -5.984153077e+02 -5.984153077e+02
75968 +9.357195402e-03 +9.357195402e-03 -5.984206428e+02 -5.984206428e+02
77287 +5.501076707e-03 +5.501076707e-03 -5.984244989e+02 -5.984244989e+02
80489 +3.914612078e-03 +3.914612078e-03 -5.984260854e+02 -5.984260854e+02
84686 +2.386943126e-03 +2.386943126e-03 -5.984276131e+02 -5.984276131e+02
86460 +1.524414398e-03 +1.524414398e-03 -5.984284756e+02 -5.984284756e+02
90364 +9.502518279e-04 +9.502518279e-04 -5.984290497e+02 -5.984290497e+02
93351 +5.981413547e-04 +5.981413547e-04 -5.984294019e+02 -5.984294019e+02
96554 +3.899548183e-04 +3.899548183e-04 -5.984296100e+02 -5.984296100e+02
98164 +2.324496095e-04 +2.324496095e-04 -5.984297676e+02 -5.984297676e+02
99366 +1.445710270e-04 +1.445710270e-04 -5.984298554e+02 -5.984298554e+02
102774 +9.393910204e-05 +9.393910204e-05 -5.984299061e+02 -5.984299061e+02
105013 +6.109879416e-05 +6.109879416e-05 -5.984299389e+02 -5.984299389e+02
106029 +3.311065404e-05 +3.311065404e-05 -5.984299669e+02 -5.984299669e+02
110430 +2.314208052e-05 +2.314208052e-05 -5.984299769e+02 -5.984299769e+02
112696 +1.487843622e-05 +1.487843622e-05 -5.984299851e+02 -5.984299851e+02
114786 +9.860186083e-06 +9.860186083e-06 -5.984299901e+02 -5.984299901e+02
116981 +6.026055416e-06 +6.026055416e-06 -5.984299940e+02 -5.984299940e+02
119613 +3.911232398e-06 +3.911232398e-06 -5.984299961e+02 -5.984299961e+02
122121 +2.233213877e-06 +2.233213877e-06 -5.984299978e+02 -5.984299978e+02
124445 +1.572727001e-06 +1.572727001e-06 -5.984299984e+02 -5.984299984e+02
126599 +9.768212976e-07 +9.768212976e-07 -5.984299990e+02 -5.984299990e+02
129125 +5.099109330e-07 +5.099109330e-07 -5.984299995e+02 -5.984299995e+02
132250 +3.759604397e-07 +3.759604397e-07 -5.984299996e+02 -5.984299996e+02
134856 +2.357342055e-07 +2.357342055e-07 -5.984299998e+02 -5.984299998e+02
137225 +1.503473186e-07 +1.503473186e-07 -5.984299998e+02 -5.984299998e+02
140354 +9.771997611e-08 +9.771997611e-08 -5.984299999e+02 -5.984299999e+02
143374 +6.229083738e-08 +6.229083738e-08 -5.984299999e+02 -5.984299999e+02
146967 +3.647880931e-08 +3.647880931e-08 -5.984300000e+02 -5.984300000e+02
150429 +2.505839802e-08 +2.505839802e-08 -5.984300000e+02 -5.984300000e+02
154905 +1.528258053e-08 +1.528258053e-08 -5.984300000e+02 -5.984300000e+02
158746 +9.889163266e-09 +9.889163266e-09 -5.984300000e+02 -5.984300000e+02
% function evaluation | noise-free fitness - Fopt (-8.542000000000e+01) | best noise-free fitness - Fopt | measured fitness | best measured fitness | x1 | x2...
1 +2.655810447e+07 +2.655810447e+07 +2.655801905e+07 +2.655801905e+07
2 +1.835868314e+07 +1.835868314e+07 +1.835859772e+07 +1.835859772e+07
3 +7.077567954e+06 +7.077567954e+06 +7.077482534e+06 +7.077482534e+06
7 +4.867399108e+05 +4.867399108e+05 +4.866544908e+05 +4.866544908e+05
16 +3.309680328e+05 +3.309680328e+05 +3.308826128e+05 +3.308826128e+05
22 +3.257605257e+04 +3.257605257e+04 +3.249063257e+04 +3.249063257e+04
61 +2.588244996e+03 +2.588244996e+03 +2.502824996e+03 +2.502824996e+03
239 +6.454069792e+02 +6.454069792e+02 +5.599869792e+02 +5.599869792e+02
807 +4.932962506e+02 +4.932962506e+02 +4.078762506e+02 +4.078762506e+02
7760 +3.757169723e+02 +3.757169723e+02 +2.902969723e+02 +2.902969723e+02
9856 +2.274182548e+02 +2.274182548e+02 +1.419982548e+02 +1.419982548e+02
12152 +1.425415445e+02 +1.425415445e+02 +5.712154448e+01 +5.712154448e+01
13483 +7.308785637e+01 +7.308785637e+01 -1.233214363e+01 -1.233214363e+01
15689 +5.356470415e+01 +5.356470415e+01 -3.185529585e+01 -3.185529585e+01
19730 +3.891079460e+01 +3.891079460e+01 -4.650920540e+01 -4.650920540e+01
21429 +2.389866758e+01 +2.389866758e+01 -6.152133242e+01 -6.152133242e+01
23955 +1.296760053e+01 +1.296760053e+01 -7.245239947e+01 -7.245239947e+01
26010 +9.239335655e+00 +9.239335655e+00 -7.618066434e+01 -7.618066434e+01
28359 +6.130360116e+00 +6.130360116e+00 -7.928963988e+01 -7.928963988e+01
30108 +3.896344316e+00 +3.896344316e+00 -8.152365568e+01 -8.152365568e+01
33218 +2.482272399e+00 +2.482272399e+00 -8.293772760e+01 -8.293772760e+01
36819 +1.504984828e+00 +1.504984828e+00 -8.391501517e+01 -8.391501517e+01
39498 +8.492668558e-01 +8.492668558e-01 -8.457073314e+01 -8.457073314e+01
42689 +5.766754108e-01 +5.766754108e-01 -8.484332459e+01 -8.484332459e+01
45937 +3.793374689e-01 +3.793374689e-01 -8.504066253e+01 -8.504066253e+01
47547 +2.510202994e-01 +2.510202994e-01 -8.516897970e+01 -8.516897970e+01
52118 +1.384088011e-01 +1.384088011e-01 -8.528159120e+01 -8.528159120e+01
55053 +9.766779684e-02 +9.766779684e-02 -8.532233220e+01 -8.532233220e+01
57752 +5.546512409e-02 +5.546512409e-02 -8.536453488e+01 -8.536453488e+01
62510 +3.812026368e-02 +3.812026368e-02 -8.538187974e+01 -8.538187974e+01
66457 +2.459592510e-02 +2.459592510e-02 -8.539540407e+01 -8.539540407e+01
68446 +1.571472151e-02 +1.571472151e-02 -8.540428528e+01 -8.540428528e+01
71602 +9.760746552e-03 +9.760746552e-03 -8.541023925e+01 -8.541023925e+01
74826 +6.244684872e-03 +6.244684872e-03 -8.541375532e+01 -8.541375532e+01
78183 +3.661586489e-03 +3.661586489e-03 -8.541633841e+01 -8.541633841e+01
81081 +2.316697938e-03 +2.316697938e-03 -8.541768330e+01 -8.541768330e+01
84892 +1.552107214e-03 +1.552107214e-03 -8.541844789e+01 -8.541844789e+01
88863 +9.722158790e-04 +9.722158790e-04 -8.541902778e+01 -8.541902778e+01
92589 +6.052758493e-04 +6.052758493e-04 -8.541939472e+01 -8.541939472e+01
96768 +3.843799442e-04 +3.843799442e-04 -8.541961562e+01 -8.541961562e+01
102489 +2.110734799e-04 +2.110734799e-04 -8.541978893e+01 -8.541978893e+01
106559 +1.505534630e-04 +1.505534630e-04 -8.541984945e+01 -8.541984945e+01
109807 +9.118739590e-05 +9.118739590e-05 -8.541990881e+01 -8.541990881e+01
112880 +5.878628714e-05 +5.878628714e-05 -8.541994121e+01 -8.541994121e+01
115053 +3.959555073e-05 +3.959555073e-05 -8.541996040e+01 -8.541996040e+01
119256 +2.118326763e-05 +2.118326763e-05 -8.541997882e+01 -8.541997882e+01
121331 +1.555718652e-05 +1.555718652e-05 -8.541998444e+01 -8.541998444e+01
123779 +9.595301918e-06 +9.595301918e-06 -8.541999040e+01 -8.541999040e+01
126855 +6.268093898e-06 +6.268093898e-06 -8.541999373e+01 -8.541999373e+01
130340 +3.693995595e-06 +3.693995595e-06 -8.541999631e+01 -8.541999631e+01
133313 +2.382093484e-06 +2.382093484e-06 -8.541999762e+01 -8.541999762e+01
134862 +1.553166783e-06 +1.553166783e-06 -8.541999845e+01 -8.541999845e+01
137624 +9.506540977e-07 +9.506540977e-07 -8.541999905e+01 -8.541999905e+01
140890 +5.581813269e-07 +5.581813269e-07 -8.541999944e+01 -8.541999944e+01
144037 +3.446562289e-07 +3.446562289e-07 -8.541999966e+01 -8.541999966e+01
148055 +2.466327800e-07 +2.466327800e-07 -8.541999975e+01 -8.541999975e+01
151202 +1.525290259e-07 +1.525290259e-07 -8.541999985e+01 -8.541999985e+01
152930 +9.563953540e-08 +9.563953540e-08 -8.541999990e+01 -8.541999990e+01
156444 +6.036655975e-08 +6.036655975e-08 -8.541999994e+01 -8.541999994e+01
158940 +3.959536343e-08 +3.959536343e-08 -8.541999996e+01 -8.541999996e+01
161904 +2.447688985e-08 +2.447688985e-08 -8.541999998e+01 -8.541999998e+01
164336 +1.531718397e-08 +1.531718397e-08 -8.541999998e+01 -8.541999998e+01
168442 +9.687340707e-09 +9.687340707e-09 -8.541999999e+01 -8.541999999e+01
% function evaluation | noise-free fitness - Fopt (1.932500000000e+02) | best noise-free fitness - Fopt | measured fitness | best measured fitness | x1 | x2...
1 +5.023372566e+06 +5.023372566e+06 +5.023565816e+06 +5.023565816e+06
4 +1.836584357e+06 +1.836584357e+06 +1.836777607e+06 +1.836777607e+06
6 +1.915313328e+05 +1.915313328e+05 +1.917245828e+05 +1.917245828e+05
11 +5.581163086e+03 +5.581163086e+03 +5.774413086e+03 +5.774413086e+03
77 +3.814252100e+02 +3.814252100e+02 +5.746752100e+02 +5.746752100e+02
10127 +2.439099719e+02 +2.439099719e+02 +4.371599719e+02 +4.371599719e+02
11270 +1.582917869e+02 +1.582917869e+02 +3.515417869e+02 +3.515417869e+02
14029 +8.144832198e+01 +8.144832198e+01 +2.746983220e+02 +2.746983220e+02
16525 +5.105763688e+01 +5.105763688e+01 +2.443076369e+02 +2.443076369e+02
18025 +2.771266202e+01 +2.771266202e+01 +2.209626620e+02 +2.209626620e+02
19316 +2.491163970e+01 +2.491163970e+01 +2.181616397e+02 +2.181616397e+02
22450 +1.529693819e+01 +1.529693819e+01 +2.085469382e+02 +2.085469382e+02
22838 +9.856924946e+00 +9.856924946e+00 +2.031069249e+02 +2.031069249e+02
26639 +5.996752180e+00 +5.996752180e+00 +1.992467522e+02 +1.992467522e+02
28687 +3.578274629e+00 +3.578274629e+00 +1.968282746e+02 +1.968282746e+02
30360 +2.277906494e+00 +2.277906494e+00 +1.955279065e+02 +1.955279065e+02
32446 +1.443244869e+00 +1.443244869e+00 +1.946932449e+02 +1.946932449e+02
35348 +9.958173584e-01 +9.958173584e-01 +1.942458174e+02 +1.942458174e+02
36806 +5.813053441e-01 +5.813053441e-01 +1.938313053e+02 +1.938313053e+02
39647 +3.868168588e-01 +3.868168588e-01 +1.936368169e+02 +1.936368169e+02
42012 +2.316728051e-01 +2.316728051e-01 +1.934816728e+02 +1.934816728e+02
44159 +1.559545885e-01 +1.559545885e-01 +1.934059546e+02 +1.934059546e+02
46924 +9.904178731e-02 +9.904178731e-02 +1.933490418e+02 +1.933490418e+02
49210 +6.182332636e-02 +6.182332636e-02 +1.933118233e+02 +1.933118233e+02
51860 +3.951187330e-02 +3.951187330e-02 +1.932895119e+02 +1.932895119e+02
55447 +2.488919768e-02 +2.488919768e-02 +1.932748892e+02 +1.932748892e+02
58090 +1.519261159e-02 +1.519261159e-02 +1.932651926e+02 +1.932651926e+02
61699 +9.936840447e-03 +9.936840447e-03 +1.932599368e+02 +1.932599368e+02
65343 +6.031683485e-03 +6.031683485e-03 +1.932560317e+02 +1.932560317e+02
70033 +3.659713667e-03 +3.659713667e-03 +1.932536597e+02 +1.932536597e+02
73646 +2.333521862e-03 +2.333521862e-03 +1.932523335e+02 +1.932523335e+02
76931 +1.511848943e-03 +1.511848943e-03 +1.932515118e+02 +1.932515118e+02
81740 +9.645529053e-04 +9.645529053e-04 +1.932509646e+02 +1.932509646e+02
84824 +5.913686118e-04 +5.913686118e-04 +1.932505914e+02 +1.932505914e+02
87624 +3.980406268e-04 +3.980406268e-04 +1.932503980e+02 +1.932503980e+02
90437 +2.445786863e-04 +2.445786863e-04 +1.932502446e+02 +1.932502446e+02
93618 +1.331309417e-04 +1.331309417e-04 +1.932501331e+02 +1.932501331e+02
96446 +9.807056412e-05 +9.807056412e-05 +1.932500981e+02 +1.932500981e+02
99685 +6.283269261e-05 +6.283269261e-05 +1.932500628e+02 +1.932500628e+02
102621 +3.721753106e-05 +3.721753106e-05 +1.932500372e+02 +1.932500372e+02
106439 +2.483014146e-05 +2.483014146e-05 +1.932500248e+02 +1.932500248e+02
109234 +1.554175000e-05 +1.554175000e-05 +1.932500155e+02 +1.932500155e+02
115737 +9.733561797e-06 +9.733561797e-06 +1.932500097e+02 +1.932500097e+02
120101 +6.187467676e-06 +6.187467676e-06 +1.932500062e+02 +1.932500062e+02
124564 +3.912708962e-06 +3.912708962e-06 +1.932500039e+02 +1.932500039e+02
129860 +2.409291795e-06 +2.409291795e-06 +1.932500024e+02 +1.932500024e+02
132471 +1.568062231e-06 +1.568062231e-06 +1.932500016e+02 +1.932500016e+02
135242 +9.891474235e-07 +9.891474235e-07 +1.932500010e+02 +1.932500010e+02
139214 +6.088634734e-07 +6.088634734e-07 +1.932500006e+02 +1.932500006e+02
144007 +3.938197892e-07 +3.938197892e-07 +1.932500004e+02 +1.932500004e+02
147635 +2.494099078e-07 +2.494099078e-07 +1.932500002e+02 +1.932500002e+02
150145 +1.571327743e-07 +1.571327743e-07 +1.932500002e+02 +1.932500002e+02
153541 +9.503017395e-08 +9.503017395e-08 +1.932500001e+02 +1.932500001e+02
155735 +6.295110211e-08 +6.295110211e-08 +1.932500001e+02 +1.932500001e+02
159351 +3.661841674e-08 +3.661841674e-08 +1.932500000e+02 +1.932500000e+02
162094 +2.505271368e-08 +2.505271368e-08 +1.932500000e+02 +1.932500000e+02
164969 +1.576984232e-08 +1.576984232e-08 +1.932500000e+02 +1.932500000e+02
168253 +9.898201370e-09 +9.898201370e-09 +1.932500000e+02 +1.932500000e+02
% function evaluation | noise-free fitness - Fopt (-1.815000000000e+02) | best noise-free fitness - Fopt | measured fitness | best measured fitness | x1 | x2...
1 +3.350260187e+07 +3.350260187e+07 +3.350242037e+07 +3.350242037e+07
2 +1.381182178e+07 +1.381182178e+07 +1.381164028e+07 +1.381164028e+07
3 +1.717842734e+05 +1.717842734e+05 +1.716027734e+05 +1.716027734e+05
5 +5.893356002e+04 +5.893356002e+04 +5.875206002e+04 +5.875206002e+04
23 +8.932924321e+02 +8.932924321e+02 +7.117924321e+02 +7.117924321e+02
1368 +6.036111457e+02 +6.036111457e+02 +4.221111457e+02 +4.221111457e+02
8606 +3.900511936e+02 +3.900511936e+02 +2.085511936e+02 +2.085511936e+02
10704 +2.448885021e+02 +2.448885021e+02 +6.338850207e+01 +6.338850207e+01
14691 +1.375063727e+02 +1.375063727e+02 -4.399362730e+01 -4.399362730e+01
16521 +9.804070080e+01 +9.804070080e+01 -8.345929920e+01 -8.345929920e+01
20160 +6.288376143e+01 +6.288376143e+01 -1.186162386e+02 -1.186162386e+02
22893 +3.705354691e+01 +3.705354691e+01 -1.444464531e+02 -1.444464531e+02
26359 +2.490589064e+01 +2.490589064e+01 -1.565941094e+02 -1.565941094e+02
30163 +1.553213032e+01 +1.553213032e+01 -1.659678697e+02 -1.659678697e+02
33089 +8.675645040e+00 +8.675645040e+00 -1.728243550e+02 -1.728243550e+02
36014 +5.641453667e+00 +5.641453667e+00 -1.758585463e+02 -1.758585463e+02
39613 +3.897447338e+00 +3.897447338e+00 -1.776025527e+02 -1.776025527e+02
41521 +2.506312754e+00 +2.506312754e+00 -1.789936872e+02 -1.789936872e+02
44020 +1.535940392e+00 +1.535940392e+00 -1.799640596e+02 -1.799640596e+02
47622 +9.705792566e-01 +9.705792566e-01 -1.805294207e+02 -1.805294207e+02
52147 +5.213344094e-01 +5.213344094e-01 -1.809786656e+02 -1.809786656e+02
54153 +3.748507074e-01 +3.748507074e-01 -1.811251493e+02 -1.811251493e+02
57458 +2.238337078e-01 +2.238337078e-01 -1.812761663e+02 -1.812761663e+02
60233 +1.564046208e-01 +1.564046208e-01 -1.813435954e+02 -1.813435954e+02
64000 +9.929816813e-02 +9.929816813e-02 -1.814007018e+02 -1.814007018e+02
67643 +6.056558214e-02 +6.056558214e-02 -1.814394344e+02 -1.814394344e+02
70955 +3.938029596e-02 +3.938029596e-02 -1.814606197e+02 -1.814606197e+02
75280 +2.502288542e-02 +2.502288542e-02 -1.814749771e+02 -1.814749771e+02
78828 +1.159491340e-02 +1.159491340e-02 -1.814884051e+02 -1.814884051e+02
82286 +9.848394932e-03 +9.848394932e-03 -1.814901516e+02 -1.814901516e+02
84987 +5.756160911e-03 +5.756160911e-03 -1.814942438e+02 -1.814942438e+02
89683 +3.920871598e-03 +3.920871598e-03 -1.814960791e+02 -1.814960791e+02
93863 +2.415606988e-03 +2.415606988e-03 -1.814975844e+02 -1.814975844e+02
97273 +1.551450986e-03 +1.551450986e-03 -1.814984485e+02 -1.814984485e+02
98469 +9.022603074e-04 +9.022603074e-04 -1.814990977e+02 -1.814990977e+02
102246 +5.559707836e-04 +5.559707836e-04 -1.814994440e+02 -1.814994440e+02
105646 +3.961110395e-04 +3.961110395e-04 -1.814996039e+02 -1.814996039e+02
108873 +2.403715288e-04 +2.403715288e-04 -1.814997596e+02 -1.814997596e+02
109949 +1.562230865e-04 +1.562230865e-04 -1.814998438e+02 -1.814998438e+02
113206 +9.868850398e-05 +9.868850398e-05 -1.814999013e+02 -1.814999013e+02
115694 +6.220291289e-05 +6.220291289e-05 -1.814999378e+02 -1.814999378e+02
119198 +3.849347311e-05 +3.849347311e-05 -1.814999615e+02 -1.814999615e+02
121439 +2.491760313e-05 +2.491760313e-05 -1.814999751e+02 -1.814999751e+02
123708 +1.485122786e-05 +1.485122786e-05 -1.814999851e+02 -1.814999851e+02
127381 +9.270678021e-06 +9.270678021e-06 -1.814999907e+02 -1.814999907e+02
129899 +6.070091047e-06 +6.070091047e-06 -1.814999939e+02 -1.814999939e+02
133428 +3.854512386e-06 +3.854512386e-06 -1.814999961e+02 -1.814999961e+02
136265 +2.469219112e-06 +2.469219112e-06 -1.814999975e+02 -1.814999975e+02
138469 +1.449812714e-06 +1.449812714e-06 -1.814999986e+02 -1.814999986e+02
141265 +9.673765931e-07 +9.673765931e-07 -1.814999990e+02 -1.814999990e+02
144647 +5.702502506e-07 +5.702502506e-07 -1.814999994e+02 -1.814999994e+02
147355 +3.926182615e-07 +3.926182615e-07 -1.814999996e+02 -1.814999996e+02
149831 +2.494395233e-07 +2.494395233e-07 -1.814999998e+02 -1.814999998e+02
151678 +1.400782423e-07 +1.400782423e-07 -1.814999999e+02 -1.814999999e+02
155346 +9.847948945e-08 +9.847948945e-08 -1.814999999e+02 -1.814999999e+02
156584 +6.194321145e-08 +6.194321145e-08 -1.814999999e+02 -1.814999999e+02
159871 +3.585640229e-08 +3.585640229e-08 -1.815000000e+02 -1.815000000e+02
162436 +2.456465609e-08 +2.456465609e-08 -1.815000000e+02 -1.815000000e+02
164109 +1.563140017e-08 +1.563140017e-08 -1.815000000e+02 -1.815000000e+02
167244 +9.549523838e-09 +9.549523838e-09 -1.815000000e+02 -1.815000000e+02
% function evaluation | noise-free fitness - Fopt (4.526200000000e+02) | best noise-free fitness - Fopt | measured fitness | best measured fitness | x1 | x2...
1 +1.329141568e+08 +1.329141568e+08 +1.329146094e+08 +1.329146094e+08
2 +6.883758835e+07 +6.883758835e+07 +6.883804097e+07 +6.883804097e+07
3 +1.295691372e+03 +1.295691372e+03 +1.748311372e+03 +1.748311372e+03
7324 +9.158659077e+02 +9.158659077e+02 +1.368485908e+03 +1.368485908e+03
11003 +6.249644609e+02 +6.249644609e+02 +1.077584461e+03 +1.077584461e+03
12697 +3.481002887e+02 +3.481002887e+02 +8.007202887e+02 +8.007202887e+02
15310 +2.422754230e+02 +2.422754230e+02 +6.948954230e+02 +6.948954230e+02
16235 +1.456840855e+02 +1.456840855e+02 +5.983040855e+02 +5.983040855e+02
19726 +9.679117243e+01 +9.679117243e+01 +5.494111724e+02 +5.494111724e+02
20872 +6.133551106e+01 +6.133551106e+01 +5.139555111e+02 +5.139555111e+02
24237 +3.847028954e+01 +3.847028954e+01 +4.910902895e+02 +4.910902895e+02
27072 +2.216720244e+01 +2.216720244e+01 +4.747872024e+02 +4.747872024e+02
29651 +1.576067946e+01 +1.576067946e+01 +4.683806795e+02 +4.683806795e+02
31134 +9.859257952e+00 +9.859257952e+00 +4.624792580e+02 +4.624792580e+02
34952 +6.038770692e+00 +6.038770692e+00 +4.586587707e+02 +4.586587707e+02
37998 +3.772133348e+00 +3.772133348e+00 +4.563921333e+02 +4.563921333e+02
40539 +2.065252305e+00 +2.065252305e+00 +4.546852523e+02 +4.546852523e+02
42211 +1.564535305e+00 +1.564535305e+00 +4.541845353e+02 +4.541845353e+02
45166 +8.028399161e-01 +8.028399161e-01 +4.534228399e+02 +4.534228399e+02
46846 +6.018579714e-01 +6.018579714e-01 +4.532218580e+02 +4.532218580e+02
49660 +3.858723329e-01 +3.858723329e-01 +4.530058723e+02 +4.530058723e+02
52064 +2.407864392e-01 +2.407864392e-01 +4.528607864e+02 +4.528607864e+02
55665 +1.562598806e-01 +1.562598806e-01 +4.527762599e+02 +4.527762599e+02
58269 +9.743124159e-02 +9.743124159e-02 +4.527174312e+02 +4.527174312e+02
61837 +5.944565660e-02 +5.944565660e-02 +4.526794457e+02 +4.526794457e+02
65609 +3.967260853e-02 +3.967260853e-02 +4.526596726e+02 +4.526596726e+02
69778 +2.302734483e-02 +2.302734483e-02 +4.526430273e+02 +4.526430273e+02
73243 +1.564649447e-02 +1.564649447e-02 +4.526356465e+02 +4.526356465e+02
77222 +9.362297733e-03 +9.362297733e-03 +4.526293623e+02 +4.526293623e+02
82403 +6.273394918e-03 +6.273394918e-03 +4.526262734e+02 +4.526262734e+02
88056 +3.974456828e-03 +3.974456828e-03 +4.526239745e+02 +4.526239745e+02
93341 +2.509331534e-03 +2.509331534e-03 +4.526225093e+02 +4.526225093e+02
98969 +1.565142633e-03 +1.565142633e-03 +4.526215651e+02 +4.526215651e+02
103418 +9.634603452e-04 +9.634603452e-04 +4.526209635e+02 +4.526209635e+02
107588 +6.083512785e-04 +6.083512785e-04 +4.526206084e+02 +4.526206084e+02
111733 +3.786533189e-04 +3.786533189e-04 +4.526203787e+02 +4.526203787e+02
117236 +2.456994687e-04 +2.456994687e-04 +4.526202457e+02 +4.526202457e+02
122338 +1.542971916e-04 +1.542971916e-04 +4.526201543e+02 +4.526201543e+02
128414 +9.671414966e-05 +9.671414966e-05 +4.526200967e+02 +4.526200967e+02
136984 +6.229029054e-05 +6.229029054e-05 +4.526200623e+02 +4.526200623e+02
143712 +3.843727734e-05 +3.843727734e-05 +4.526200384e+02 +4.526200384e+02
147165 +2.428333340e-05 +2.428333340e-05 +4.526200243e+02 +4.526200243e+02
152793 +1.555442941e-05 +1.555442941e-05 +4.526200156e+02 +4.526200156e+02
157033 +9.919706429e-06 +9.919706429e-06 +4.526200099e+02 +4.526200099e+02
161738 +5.919201215e-06 +5.919201215e-06 +4.526200059e+02 +4.526200059e+02
166597 +3.963882762e-06 +3.963882762e-06 +4.526200040e+02 +4.526200040e+02
170077 +2.392742431e-06 +2.392742431e-06 +4.526200024e+02 +4.526200024e+02
176487 +1.535251386e-06 +1.535251386e-06 +4.526200015e+02 +4.526200015e+02
183100 +9.954133589e-07 +9.954133589e-07 +4.526200010e+02 +4.526200010e+02
189522 +6.285786753e-07 +6.285786753e-07 +4.526200006e+02 +4.526200006e+02
195672 +3.887842581e-07 +3.887842581e-07 +4.526200004e+02 +4.526200004e+02
203677 +2.481891102e-07 +2.481891102e-07 +4.526200002e+02 +4.526200002e+02
208063 +1.565265393e-07 +1.565265393e-07 +4.526200002e+02 +4.526200002e+02
214006 +9.383722954e-08 +9.383722954e-08 +4.526200001e+02 +4.526200001e+02
219310 +5.673132364e-08 +5.673132364e-08 +4.526200001e+02 +4.526200001e+02
224959 +3.939010185e-08 +3.939010185e-08 +4.526200000e+02 +4.526200000e+02
230330 +2.433313284e-08 +2.433313284e-08 +4.526200000e+02 +4.526200000e+02
238044 +1.506248282e-08 +1.506248282e-08 +4.526200000e+02 +4.526200000e+02
244014 +9.513257737e-09 +9.513257737e-09 +4.526200000e+02 +4.526200000e+02
% function evaluation | noise-free fitness - Fopt (-1.184600000000e+02) | best noise-free fitness - Fopt | measured fitness | best measured fitness | x1 | x2...
1 +1.402438458e+07 +1.402438458e+07 +1.402426612e+07 +1.402426612e+07
2 +7.866320040e+05 +7.866320040e+05 +7.865135440e+05 +7.865135440e+05
4 +4.777400752e+05 +4.777400752e+05 +4.776216152e+05 +4.776216152e+05
12 +3.983401105e+04 +3.983401105e+04 +3.971555105e+04 +3.971555105e+04
24 +3.836133644e+04 +3.836133644e+04 +3.824287644e+04 +3.824287644e+04
44 +7.293488955e+02 +7.293488955e+02 +6.108888955e+02 +6.108888955e+02
3234 +5.579189991e+02 +5.579189991e+02 +4.394589991e+02 +4.394589991e+02
7321 +3.416548447e+02 +3.416548447e+02 +2.231948447e+02 +2.231948447e+02
10666 +2.177221393e+02 +2.177221393e+02 +9.926213926e+01 +9.926213926e+01
12931 +1.529124738e+02 +1.529124738e+02 +3.445247383e+01 +3.445247383e+01
15020 +9.436446048e+01 +9.436446048e+01 -2.409553952e+01 -2.409553952e+01
16470 +6.214244025e+01 +6.214244025e+01 -5.631755975e+01 -5.631755975e+01
19988 +3.664225187e+01 +3.664225187e+01 -8.181774813e+01 -8.181774813e+01
22905 +2.437871777e+01 +2.437871777e+01 -9.408128223e+01 -9.408128223e+01
25574 +1.570885218e+01 +1.570885218e+01 -1.027511478e+02 -1.027511478e+02
27765 +8.128905994e+00 +8.128905994e+00 -1.103310940e+02 -1.103310940e+02
30153 +5.558126863e+00 +5.558126863e+00 -1.129018731e+02 -1.129018731e+02
32716 +3.743892347e+00 +3.743892347e+00 -1.147161077e+02 -1.147161077e+02
34072 +2.292151707e+00 +2.292151707e+00 -1.161678483e+02 -1.161678483e+02
37579 +1.126272126e+00 +1.126272126e+00 -1.173337279e+02 -1.173337279e+02
40406 +9.472005288e-01 +9.472005288e-01 -1.175127995e+02 -1.175127995e+02
42827 +5.850729039e-01 +5.850729039e-01 -1.178749271e+02 -1.178749271e+02
45562 +3.711894049e-01 +3.711894049e-01 -1.180888106e+02 -1.180888106e+02
47983 +2.461246956e-01 +2.461246956e-01 -1.182138753e+02 -1.182138753e+02
50337 +1.447331001e-01 +1.447331001e-01 -1.183152669e+02 -1.183152669e+02
52592 +9.110959433e-02 +9.110959433e-02 -1.183688904e+02 -1.183688904e+02
55811 +6.268385929e-02 +6.268385929e-02 -1.183973161e+02 -1.183973161e+02
59627 +3.711006642e-02 +3.711006642e-02 -1.184228899e+02 -1.184228899e+02
62739 +2.108828164e-02 +2.108828164e-02 -1.184389117e+02 -1.184389117e+02
65393 +1.336681063e-02 +1.336681063e-02 -1.184466332e+02 -1.184466332e+02
69383 +9.538251674e-03 +9.538251674e-03 -1.184504617e+02 -1.184504617e+02
71766 +6.262835690e-03 +6.262835690e-03 -1.184537372e+02 -1.184537372e+02
75320 +3.890666993e-03 +3.890666993e-03 -1.184561093e+02 -1.184561093e+02
79778 +2.348538773e-03 +2.348538773e-03 -1.184576515e+02 -1.184576515e+02
83355 +1.484985494e-03 +1.484985494e-03 -1.184585150e+02 -1.184585150e+02
87308 +9.836991371e-04 +9.836991371e-04 -1.184590163e+02 -1.184590163e+02
92130 +6.273203540e-04 +6.273203540e-04 -1.184593727e+02 -1.184593727e+02
95203 +3.627945799e-04 +3.627945799e-04 -1.184596372e+02 -1.184596372e+02
98448 +2.395145803e-04 +2.395145803e-04 -1.184597605e+02 -1.184597605e+02
101485 +1.506096457e-04 +1.506096457e-04 -1.184598494e+02 -1.184598494e+02
104541 +9.147755731e-05 +9.147755731e-05 -1.184599085e+02 -1.184599085e+02
107523 +6.241987451e-05 +6.241987451e-05 -1.184599376e+02 -1.184599376e+02
109331 +3.799316997e-05 +3.799316997e-05 -1.184599620e+02 -1.184599620e+02
112624 +2.492610736e-05 +2.492610736e-05 -1.184599751e+02 -1.184599751e+02
115643 +1.513872053e-05 +1.513872053e-05 -1.184599849e+02 -1.184599849e+02
119229 +8.736536913e-06 +8.736536913e-06 -1.184599913e+02 -1.184599913e+02
121300 +6.174411965e-06 +6.174411965e-06 -1.184599938e+02 -1.184599938e+02
124606 +3.856670148e-06 +3.856670148e-06 -1.184599961e+02 -1.184599961e+02
127677 +2.433034112e-06 +2.433034112e-06 -1.184599976e+02 -1.184599976e+02
130922 +1.425828415e-06 +1.425828415e-06 -1.184599986e+02 -1.184599986e+02
133937 +9.624364168e-07 +9.624364168e-07 -1.184599990e+02 -1.184599990e+02
136849 +6.291701737e-07 +6.291701737e-07 -1.184599994e+02 -1.184599994e+02
139962 +3.921637841e-07 +3.921637841e-07 -1.184599996e+02 -1.184599996e+02
141875 +2.415571743e-07 +2.415571743e-07 -1.184599998e+02 -1.184599998e+02
146507 +1.565538241e-07 +1.565538241e-07 -1.184599998e+02 -1.184599998e+02
149164 +8.491657866e-08 +8.491657866e-08 -1.184599999e+02 -1.184599999e+02
150673 +5.563859418e-08 +5.563859418e-08 -1.184599999e+02 -1.184599999e+02
153237 +3.895819134e-08 +3.895819134e-08 -1.184600000e+02 -1.184600000e+02
156181 +2.388985365e-08 +2.388985365e-08 -1.184600000e+02 -1.184600000e+02
157122 +1.451741127e-08 +1.451741127e-08 -1.184600000e+02 -1.184600000e+02
161441 +9.502684861e-09 +9.502684861e-09 -1.184600000e+02 -1.184600000e+02
% function evaluation | noise-free fitness - Fopt (9.973000000000e+01) | best noise-free fitness - Fopt | measured fitness | best measured fitness | x1 | x2...
1 +1.805341712e+07 +1.805341712e+07 +1.805351685e+07 +1.805351685e+07
2 +2.339302260e+05 +2.339302260e+05 +2.340299560e+05 +2.340299560e+05
3 +4.463313248e+04 +4.463313248e+04 +4.473286248e+04 +4.473286248e+04
8 +5.035558871e+03 +5.035558871e+03 +5.135288871e+03 +5.135288871e+03
201 +5.498082618e+02 +5.498082618e+02 +6.495382618e+02 +6.495382618e+02
10337 +3.523275215e+02 +3.523275215e+02 +4.520575215e+02 +4.520575215e+02
11506 +2.410866581e+02 +2.410866581e+02 +3.408166581e+02 +3.408166581e+02
14466 +1.541061694e+02 +1.541061694e+02 +2.538361694e+02 +2.538361694e+02
15669 +9.950257861e+01 +9.950257861e+01 +1.992325786e+02 +1.992325786e+02
19662 +6.179488528e+01 +6.179488528e+01 +1.615248853e+02 +1.615248853e+02
21978 +3.694895032e+01 +3.694895032e+01 +1.366789503e+02 +1.366789503e+02
25212 +2.344521319e+01 +2.344521319e+01 +1.231752132e+02 +1.231752132e+02
27996 +1.502658363e+01 +1.502658363e+01 +1.147565836e+02 +1.147565836e+02
29658 +9.561597061e+00 +9.561597061e+00 +1.092915971e+02 +1.092915971e+02
32887 +6.296551882e+00 +6.296551882e+00 +1.060265519e+02 +1.060265519e+02
35200 +3.628263715e+00 +3.628263715e+00 +1.033582637e+02 +1.033582637e+02
38999 +2.365192676e+00 +2.365192676e+00 +1.020951927e+02 +1.020951927e+02
42847 +1.560414718e+00 +1.560414718e+00 +1.012904147e+02 +1.012904147e+02
46428 +9.567919916e-01 +9.567919916e-01 +1.006867920e+02 +1.006867920e+02
48649 +6.213077459e-01 +6.213077459e-01 +1.003513077e+02 +1.003513077e+02
52667 +3.970360201e-01 +3.970360201e-01 +1.001270360e+02 +1.001270360e+02
55160 +2.500523123e-01 +2.500523123e-01 +9.998005231e+01 +9.998005231e+01
58830 +1.570889287e-01 +1.570889287e-01 +9.988708893e+01 +9.988708893e+01
63068 +9.697529904e-02 +9.697529904e-02 +9.982697530e+01 +9.982697530e+01
68178 +6.188996471e-02 +6.188996471e-02 +9.979188996e+01 +9.979188996e+01
71840 +3.754715687e-02 +3.754715687e-02 +9.976754716e+01 +9.976754716e+01
76029 +2.446132824e-02 +2.446132824e-02 +9.975446133e+01 +9.975446133e+01
79604 +1.545214523e-02 +1.545214523e-02 +9.974545215e+01 +9.974545215e+01
82023 +9.920908126e-03 +9.920908126e-03 +9.973992091e+01 +9.973992091e+01
88072 +5.743493318e-03 +5.743493318e-03 +9.973574349e+01 +9.973574349e+01
92674 +3.729059031e-03 +3.729059031e-03 +9.973372906e+01 +9.973372906e+01
97252 +2.379168875e-03 +2.379168875e-03 +9.973237917e+01 +9.973237917e+01
102100 +1.584338292e-03 +1.584338292e-03 +9.973158434e+01 +9.973158434e+01
108803 +9.526484838e-04 +9.526484838e-04 +9.973095265e+01 +9.973095265e+01
115103 +6.156211165e-04 +6.156211165e-04 +9.973061562e+01 +9.973061562e+01
119316 +3.900102262e-04 +3.900102262e-04 +9.973039001e+01 +9.973039001e+01
124923 +2.401370641e-04 +2.401370641e-04 +9.973024014e+01 +9.973024014e+01
128343 +1.534969759e-04 +1.534969759e-04 +9.973015350e+01 +9.973015350e+01
133923 +9.971764875e-05 +9.971764875e-05 +9.973009972e+01 +9.973009972e+01
136004 +5.876887741e-05 +5.876887741e-05 +9.973005877e+01 +9.973005877e+01
139966 +3.945415099e-05 +3.945415099e-05 +9.973003945e+01 +9.973003945e+01
142123 +2.502285574e-05 +2.502285574e-05 +9.973002502e+01 +9.973002502e+01
146526 +1.494856168e-05 +1.494856168e-05 +9.973001495e+01 +9.973001495e+01
150435 +9.493647710e-06 +9.493647710e-06 +9.973000949e+01 +9.973000949e+01
152669 +6.007168878e-06 +6.007168878e-06 +9.973000601e+01 +9.973000601e+01
156364 +3.729407155e-06 +3.729407155e-06 +9.973000373e+01 +9.973000373e+01
159506 +2.431816498e-06 +2.431816498e-06 +9.973000243e+01 +9.973000243e+01
163162 +1.575347966e-06 +1.575347966e-06 +9.973000158e+01 +9.973000158e+01
166843 +8.818341826e-07 +8.818341826e-07 +9.973000088e+01 +9.973000088e+01
169567 +6.232935732e-07 +6.232935732e-07 +9.973000062e+01 +9.973000062e+01
172039 +3.889393412e-07 +3.889393412e-07 +9.973000039e+01 +9.973000039e+01
174964 +2.510579691e-07 +2.510579691e-07 +9.973000025e+01 +9.973000025e+01
177317 +1.560980394e-07 +1.560980394e-07 +9.973000016e+01 +9.973000016e+01
180324 +9.327102646e-08 +9.327102646e-08 +9.973000009e+01 +9.973000009e+01
183717 +5.634952061e-08 +5.634952061e-08 +9.973000006e+01 +9.973000006e+01
186229 +3.315268771e-08 +3.315268771e-08 +9.973000003e+01 +9.973000003e+01
188028 +2.235681507e-08 +2.235681507e-08 +9.973000002e+01 +9.973000002e+01
192462 +1.578496267e-08 +1.578496267e-08 +9.973000002e+01 +9.973000002e+01
194650 +8.541391594e-09 +8.541391594e-09 +9.973000001e+01 +9.973000001e+01
% function evaluation | noise-free fitness - Fopt (4.044000000000e+01) | best noise-free fitness - Fopt | measured fitness | best measured fitness | x1 | x2...
1 +2.506100072e+05 +2.506100072e+05 +2.506504472e+05 +2.506504472e+05
6 +6.545013081e+04 +6.545013081e+04 +6.549057081e+04 +6.549057081e+04
40 +1.463698252e+04 +1.463698252e+04 +1.467742252e+04 +1.467742252e+04
47 +2.678964700e+03 +2.678964700e+03 +2.719404700e+03 +2.719404700e+03
72 +1.463228455e+03 +1.463228455e+03 +1.503668455e+03 +1.503668455e+03
137 +6.896711644e+02 +6.896711644e+02 +7.301111644e+02 +7.301111644e+02
4872 +6.276523140e+02 +6.276523140e+02 +6.680923140e+02 +6.680923140e+02
9706 +3.278985264e+02 +3.278985264e+02 +3.683385264e+02 +3.683385264e+02
12215 +2.372985632e+02 +2.372985632e+02 +2.777385632e+02 +2.777385632e+02
14477 +1.561978232e+02 +1.561978232e+02 +1.966378232e+02 +1.966378232e+02
17409 +9.943051904e+01 +9.943051904e+01 +1.398705190e+02 +1.398705190e+02
19736 +6.224953965e+01 +6.224953965e+01 +1.026895396e+02 +1.026895396e+02
22043 +3.842083192e+01 +3.842083192e+01 +7.886083192e+01 +7.886083192e+01
24151 +2.479811903e+01 +2.479811903e+01 +6.523811903e+01 +6.523811903e+01
27110 +1.393706383e+01 +1.393706383e+01 +5.437706383e+01 +5.437706383e+01
29045 +9.677204984e+00 +9.677204984e+00 +5.011720498e+01 +5.011720498e+01
31907 +6.104854073e+00 +6.104854073e+00 +4.654485407e+01 +4.654485407e+01
34384 +3.705104625e+00 +3.705104625e+00 +4.414510463e+01 +4.414510463e+01
37115 +2.300788466e+00 +2.300788466e+00 +4.274078847e+01 +4.274078847e+01
38809 +1.359100502e+00 +1.359100502e+00 +4.179910050e+01 +4.179910050e+01
42031 +9.369499315e-01 +9.369499315e-01 +4.137694993e+01 +4.137694993e+01
44066 +5.980915424e-01 +5.980915424e-01 +4.103809154e+01 +4.103809154e+01
47655 +3.495654407e-01 +3.495654407e-01 +4.078956544e+01 +4.078956544e+01
49899 +2.405106701e-01 +2.405106701e-01 +4.068051067e+01 +4.068051067e+01
52005 +1.561546260e-01 +1.561546260e-01 +4.059615463e+01 +4.059615463e+01
54315 +8.805802652e-02 +8.805802652e-02 +4.052805803e+01 +4.052805803e+01
56310 +5.910516786e-02 +5.910516786e-02 +4.049910517e+01 +4.049910517e+01
60533 +3.856886124e-02 +3.856886124e-02 +4.047856886e+01 +4.047856886e+01
64428 +2.317291251e-02 +2.317291251e-02 +4.046317291e+01 +4.046317291e+01
67240 +1.543068191e-02 +1.543068191e-02 +4.045543068e+01 +4.045543068e+01
71203 +9.791387491e-03 +9.791387491e-03 +4.044979139e+01 +4.044979139e+01
74814 +5.901186777e-03 +5.901186777e-03 +4.044590119e+01 +4.044590119e+01
76752 +3.829572626e-03 +3.829572626e-03 +4.044382957e+01 +4.044382957e+01
80054 +2.324394980e-03 +2.324394980e-03 +4.044232439e+01 +4.044232439e+01
84179 +1.404016775e-03 +1.404016775e-03 +4.044140402e+01 +4.044140402e+01
86528 +9.685695883e-04 +9.685695883e-04 +4.044096857e+01 +4.044096857e+01
89877 +6.296920384e-04 +6.296920384e-04 +4.044062969e+01 +4.044062969e+01
93534 +3.803808702e-04 +3.803808702e-04 +4.044038038e+01 +4.044038038e+01
97364 +2.501559471e-04 +2.501559471e-04 +4.044025016e+01 +4.044025016e+01
100035 +1.428078421e-04 +1.428078421e-04 +4.044014281e+01 +4.044014281e+01
104376 +9.838714504e-05 +9.838714504e-05 +4.044009839e+01 +4.044009839e+01
109621 +6.059958667e-05 +6.059958667e-05 +4.044006060e+01 +4.044006060e+01
115005 +3.709265565e-05 +3.709265565e-05 +4.044003709e+01 +4.044003709e+01
118325 +2.398266784e-05 +2.398266784e-05 +4.044002398e+01 +4.044002398e+01
122593 +1.572198882e-05 +1.572198882e-05 +4.044001572e+01 +4.044001572e+01
125381 +9.809439028e-06 +9.809439028e-06 +4.044000981e+01 +4.044000981e+01
128450 +5.728947968e-06 +5.728947968e-06 +4.044000573e+01 +4.044000573e+01
131302 +3.645032294e-06 +3.645032294e-06 +4.044000365e+01 +4.044000365e+01
133630 +2.244669822e-06 +2.244669822e-06 +4.044000224e+01 +4.044000224e+01
136801 +1.360811247e-06 +1.360811247e-06 +4.044000136e+01 +4.044000136e+01
140193 +9.929502127e-07 +9.929502127e-07 +4.044000099e+01 +4.044000099e+01
142838 +6.206202841e-07 +6.206202841e-07 +4.044000062e+01 +4.044000062e+01
146946 +3.570074725e-07 +3.570074725e-07 +4.044000036e+01 +4.044000036e+01
150167 +2.288978180e-07 +2.288978180e-07 +4.044000023e+01 +4.044000023e+01
152519 +1.554831428e-07 +1.554831428e-07 +4.044000016e+01 +4.044000016e+01
155617 +9.152791591e-08 +9.152791591e-08 +4.044000009e+01 +4.044000009e+01
159684 +5.570350226e-08 +5.570350226e-08 +4.044000006e+01 +4.044000006e+01
163105 +3.726572828e-08 +3.726572828e-08 +4.044000004e+01 +4.044000004e+01
168493 +2.425668555e-08 +2.425668555e-08 +4.044000002e+01 +4.044000002e+01
173023 +1.571389419e-08 +1.571389419e-08 +4.044000002e+01 +4.044000002e+01
178936 +9.895714470e-09 +9.895714470e-09 +4.044000001e+01 +4.044000001e+01
% function evaluation | noise-free fitness - Fopt (-1.216000000000e+02) | best noise-free fitness - Fopt | measured fitness | best measured fitness | x1 | x2...
1 +2.129718506e+06 +2.129718506e+06 +2.129596906e+06 +2.129596906e+06
2 +1.297741153e+06 +1.297741153e+06 +1.297619553e+06 +1.297619553e+06
7 +2.571266771e+04 +2.571266771e+04 +2.559106771e+04 +2.559106771e+04
34 +7.784801557e+03 +7.784801557e+03 +7.663201557e+03 +7.663201557e+03
95 +6.239399289e+03 +6.239399289e+03 +6.117799289e+03 +6.117799289e+03
103 +2.801089388e+03 +2.801089388e+03 +2.679489388e+03 +2.679489388e+03
181 +1.247605216e+03 +1.247605216e+03 +1.126005216e+03 +1.126005216e+03
186 +6.566686649e+02 +6.566686649e+02 +5.350686649e+02 +5.350686649e+02
741 +4.921413440e+02 +4.921413440e+02 +3.705413440e+02 +3.705413440e+02
2175 +3.910811079e+02 +3.910811079e+02 +2.694811079e+02 +2.694811079e+02
9022 +2.477042403e+02 +2.477042403e+02 +1.261042403e+02 +1.261042403e+02
11807 +1.487969087e+02 +1.487969087e+02 +2.719690874e+01 +2.719690874e+01
14722 +9.967789568e+01 +9.967789568e+01 -2.192210432e+01 -2.192210432e+01
16779 +6.221660715e+01 +6.221660715e+01 -5.938339285e+01 -5.938339285e+01
18479 +3.791799922e+01 +3.791799922e+01 -8.368200078e+01 -8.368200078e+01
21348 +1.958111145e+01 +1.958111145e+01 -1.020188885e+02 -1.020188885e+02
23245 +1.366237080e+01 +1.366237080e+01 -1.079376292e+02 -1.079376292e+02
26237 +9.228571465e+00 +9.228571465e+00 -1.123714285e+02 -1.123714285e+02
28658 +5.785025664e+00 +5.785025664e+00 -1.158149743e+02 -1.158149743e+02
31069 +3.896285563e+00 +3.896285563e+00 -1.177037144e+02 -1.177037144e+02
33117 +2.470962947e+00 +2.470962947e+00 -1.191290371e+02 -1.191290371e+02
36265 +1.399325130e+00 +1.399325130e+00 -1.202006749e+02 -1.202006749e+02
37691 +9.861023650e-01 +9.861023650e-01 -1.206138976e+02 -1.206138976e+02
42308 +5.636513491e-01 +5.636513491e-01 -1.210363487e+02 -1.210363487e+02
43819 +3.975395459e-01 +3.975395459e-01 -1.212024605e+02 -1.212024605e+02
47911 +2.438831006e-01 +2.438831006e-01 -1.213561169e+02 -1.213561169e+02
49769 +1.512174785e-01 +1.512174785e-01 -1.214487825e+02 -1.214487825e+02
52023 +9.339095490e-02 +9.339095490e-02 -1.215066090e+02 -1.215066090e+02
55375 +6.232503226e-02 +6.232503226e-02 -1.215376750e+02 -1.215376750e+02
58059 +3.183292835e-02 +3.183292835e-02 -1.215681671e+02 -1.215681671e+02
60475 +2.470241336e-02 +2.470241336e-02 -1.215752976e+02 -1.215752976e+02
64168 +1.527598886e-02 +1.527598886e-02 -1.215847240e+02 -1.215847240e+02
66417 +7.426665567e-03 +7.426665567e-03 -1.215925733e+02 -1.215925733e+02
70345 +6.175244793e-03 +6.175244793e-03 -1.215938248e+02 -1.215938248e+02
73161 +3.655308198e-03 +3.655308198e-03 -1.215963447e+02 -1.215963447e+02
75372 +2.280875075e-03 +2.280875075e-03 -1.215977191e+02 -1.215977191e+02
77914 +1.476319558e-03 +1.476319558e-03 -1.215985237e+02 -1.215985237e+02
81209 +9.885550745e-04 +9.885550745e-04 -1.215990114e+02 -1.215990114e+02
83003 +6.109749757e-04 +6.109749757e-04 -1.215993890e+02 -1.215993890e+02
86930 +3.810945364e-04 +3.810945364e-04 -1.215996189e+02 -1.215996189e+02
88989 +2.235781033e-04 +2.235781033e-04 -1.215997764e+02 -1.215997764e+02
92223 +1.532898805e-04 +1.532898805e-04 -1.215998467e+02 -1.215998467e+02
95259 +9.933293082e-05 +9.933293082e-05 -1.215999007e+02 -1.215999007e+02
98516 +5.985640155e-05 +5.985640155e-05 -1.215999401e+02 -1.215999401e+02
101713 +3.486134339e-05 +3.486134339e-05 -1.215999651e+02 -1.215999651e+02
104623 +2.461143694e-05 +2.461143694e-05 -1.215999754e+02 -1.215999754e+02
107780 +1.567784605e-05 +1.567784605e-05 -1.215999843e+02 -1.215999843e+02
112801 +9.338132116e-06 +9.338132116e-06 -1.215999907e+02 -1.215999907e+02
118649 +6.144171962e-06 +6.144171962e-06 -1.215999939e+02 -1.215999939e+02
123692 +3.786446598e-06 +3.786446598e-06 -1.215999962e+02 -1.215999962e+02
129605 +2.448651372e-06 +2.448651372e-06 -1.215999976e+02 -1.215999976e+02
136537 +1.542324185e-06 +1.542324185e-06 -1.215999985e+02 -1.215999985e+02
143230 +9.741272891e-07 +9.741272891e-07 -1.215999990e+02 -1.215999990e+02
148687 +6.238233965e-07 +6.238233965e-07 -1.215999994e+02 -1.215999994e+02
152264 +3.856659276e-07 +3.856659276e-07 -1.215999996e+02 -1.215999996e+02
155809 +2.456774411e-07 +2.456774411e-07 -1.215999998e+02 -1.215999998e+02
159612 +1.550904329e-07 +1.550904329e-07 -1.215999998e+02 -1.215999998e+02
162986 +9.686721114e-08 +9.686721114e-08 -1.215999999e+02 -1.215999999e+02
165808 +6.308074774e-08 +6.308074774e-08 -1.215999999e+02 -1.215999999e+02
171142 +3.847462438e-08 +3.847462438e-08 -1.216000000e+02 -1.216000000e+02
174101 +2.499697871e-08 +2.499697871e-08 -1.216000000e+02 -1.216000000e+02
178870 +1.456939458e-08 +1.456939458e-08 -1.216000000e+02 -1.216000000e+02
183655 +9.506649690e-09 +9.506649690e-09 -1.216000000e+02 -1.216000000e+02
% function evaluation | noise-free fitness - Fopt (-3.811000000000e+01) | best noise-free fitness - Fopt | measured fitness | best measured fitness | x1 | x2...
1 +1.575826072e+07 +1.575826072e+07 +1.575822261e+07 +1.575822261e+07
3 +5.527653097e+06 +5.527653097e+06 +5.527614987e+06 +5.527614987e+06
4 +2.700967613e+06 +2.700967613e+06 +2.700929503e+06 +2.700929503e+06
8 +5.329856891e+05 +5.329856891e+05 +5.329475791e+05 +5.329475791e+05
11 +1.374371738e+05 +1.374371738e+05 +1.373990638e+05 +1.373990638e+05
120 +6.097540416e+04 +6.097540416e+04 +6.093729416e+04 +6.093729416e+04
127 +7.414195545e+03 +7.414195545e+03 +7.376085545e+03 +7.376085545e+03
212 +1.978112457e+03 +1.978112457e+03 +1.940002457e+03 +1.940002457e+03
504 +7.178388513e+02 +7.178388513e+02 +6.797288513e+02 +6.797288513e+02
1367 +6.152733660e+02 +6.152733660e+02 +5.771633660e+02 +5.771633660e+02
9487 +3.516849551e+02 +3.516849551e+02 +3.135749551e+02 +3.135749551e+02
11490 +2.406128629e+02 +2.406128629e+02 +2.025028629e+02 +2.025028629e+02
13936 +1.575302664e+02 +1.575302664e+02 +1.194202664e+02 +1.194202664e+02
17289 +9.443146516e+01 +9.443146516e+01 +5.632146516e+01 +5.632146516e+01
18920 +5.744882944e+01 +5.744882944e+01 +1.933882944e+01 +1.933882944e+01
21178 +3.261278600e+01 +3.261278600e+01 -5.497214002e+00 -5.497214002e+00
23619 +2.067473369e+01 +2.067473369e+01 -1.743526631e+01 -1.743526631e+01
26271 +1.537553238e+01 +1.537553238e+01 -2.273446762e+01 -2.273446762e+01
28940 +9.957849792e+00 +9.957849792e+00 -2.815215021e+01 -2.815215021e+01
32254 +5.003953607e+00 +5.003953607e+00 -3.310604639e+01 -3.310604639e+01
34471 +3.656391933e+00 +3.656391933e+00 -3.445360807e+01 -3.445360807e+01
37249 +2.425297567e+00 +2.425297567e+00 -3.568470243e+01 -3.568470243e+01
39933 +1.566505862e+00 +1.566505862e+00 -3.654349414e+01 -3.654349414e+01
43629 +9.501459176e-01 +9.501459176e-01 -3.715985408e+01 -3.715985408e+01
46077 +6.062229638e-01 +6.062229638e-01 -3.750377704e+01 -3.750377704e+01
49416 +3.790422902e-01 +3.790422902e-01 -3.773095771e+01 -3.773095771e+01
52193 +2.415493663e-01 +2.415493663e-01 -3.786845063e+01 -3.786845063e+01
54308 +1.518778902e-01 +1.518778902e-01 -3.795812211e+01 -3.795812211e+01
58270 +9.664768604e-02 +9.664768604e-02 -3.801335231e+01 -3.801335231e+01
62472 +6.129603961e-02 +6.129603961e-02 -3.804870396e+01 -3.804870396e+01
65810 +3.931376535e-02 +3.931376535e-02 -3.807068623e+01 -3.807068623e+01
70589 +2.363344941e-02 +2.363344941e-02 -3.808636655e+01 -3.808636655e+01
74347 +1.554607991e-02 +1.554607991e-02 -3.809445392e+01 -3.809445392e+01
79605 +9.781832401e-03 +9.781832401e-03 -3.810021817e+01 -3.810021817e+01
82492 +5.865233404e-03 +5.865233404e-03 -3.810413477e+01 -3.810413477e+01
85474 +3.818092201e-03 +3.818092201e-03 -3.810618191e+01 -3.810618191e+01
89246 +2.185177520e-03 +2.185177520e-03 -3.810781482e+01 -3.810781482e+01
91439 +1.495234559e-03 +1.495234559e-03 -3.810850477e+01 -3.810850477e+01
94577 +9.608077418e-04 +9.608077418e-04 -3.810903919e+01 -3.810903919e+01
97753 +6.284287212e-04 +6.284287212e-04 -3.810937157e+01 -3.810937157e+01
99905 +3.894561788e-04 +3.894561788e-04 -3.810961054e+01 -3.810961054e+01
104896 +2.481208749e-04 +2.481208749e-04 -3.810975188e+01 -3.810975188e+01
108785 +1.569832383e-04 +1.569832383e-04 -3.810984302e+01 -3.810984302e+01
110923 +9.341947536e-05 +9.341947536e-05 -3.810990658e+01 -3.810990658e+01
113398 +6.234319841e-05 +6.234319841e-05 -3.810993766e+01 -3.810993766e+01
116529 +3.940908714e-05 +3.940908714e-05 -3.810996059e+01 -3.810996059e+01
120892 +2.426978816e-05 +2.426978816e-05 -3.810997573e+01 -3.810997573e+01
123714 +1.349432588e-05 +1.349432588e-05 -3.810998651e+01 -3.810998651e+01
127627 +9.534754042e-06 +9.534754042e-06 -3.810999047e+01 -3.810999047e+01
130916 +5.971451259e-06 +5.971451259e-06 -3.810999403e+01 -3.810999403e+01
133760 +3.829348522e-06 +3.829348522e-06 -3.810999617e+01 -3.810999617e+01
136164 +2.382560758e-06 +2.382560758e-06 -3.810999762e+01 -3.810999762e+01
138191 +1.573748136e-06 +1.573748136e-06 -3.810999843e+01 -3.810999843e+01
141836 +9.762923767e-07 +9.762923767e-07 -3.810999902e+01 -3.810999902e+01
144631 +5.725698529e-07 +5.725698529e-07 -3.810999943e+01 -3.810999943e+01
147232 +3.978680709e-07 +3.978680709e-07 -3.810999960e+01 -3.810999960e+01
151171 +2.174785152e-07 +2.174785152e-07 -3.810999978e+01 -3.810999978e+01
154593 +1.565761494e-07 +1.565761494e-07 -3.810999984e+01 -3.810999984e+01
158926 +9.277328417e-08 +9.277328417e-08 -3.810999991e+01 -3.810999991e+01
162092 +5.108340417e-08 +5.108340417e-08 -3.810999995e+01 -3.810999995e+01
165233 +3.949374872e-08 +3.949374872e-08 -3.810999996e+01 -3.810999996e+01
168117 +2.405186450e-08 +2.405186450e-08 -3.810999998e+01 -3.810999998e+01
170094 +1.516963266e-08 +1.516963266e-08 -3.810999998e+01 -3.810999998e+01
172571 +9.358991804e-09 +9.358991804e-09 -3.810999999e+01 -3.810999999e+01
