% function evaluation | noise-free fitness - Fopt (1.491500000000e+02) | best noise-free fitness - Fopt | measured fitness | best measured fitness | x1 | x2...
1 +8.011175404e+05 +8.011175404e+05 +8.012666904e+05 +8.012666904e+05
49 +6.199361347e+05 +6.199361347e+05 +6.200852847e+05 +6.200852847e+05
179 +3.122241267e+05 +3.122241267e+05 +3.123732767e+05 +3.123732767e+05
187 +2.100414675e+05 +2.100414675e+05 +2.101906175e+05 +2.101906175e+05
264 +1.103159459e+05 +1.103159459e+05 +1.104650959e+05 +1.104650959e+05
311 +9.424342751e+04 +9.424342751e+04 +9.439257751e+04 +9.439257751e+04
331 +4.919277336e+04 +4.919277336e+04 +4.934192336e+04 +4.934192336e+04
358 +3.947264314e+04 +3.947264314e+04 +3.962179314e+04 +3.962179314e+04
456 +2.264088243e+04 +2.264088243e+04 +2.279003243e+04 +2.279003243e+04
546 +1.483311429e+04 +1.483311429e+04 +1.498226429e+04 +1.498226429e+04
619 +7.362318816e+03 +7.362318816e+03 +7.511468816e+03 +7.511468816e+03
662 +6.137910070e+03 +6.137910070e+03 +6.287060070e+03 +6.287060070e+03
744 +3.942019565e+03 +3.942019565e+03 +4.091169565e+03 +4.091169565e+03
865 +2.298823665e+03 +2.298823665e+03 +2.447973665e+03 +2.447973665e+03
936 +1.502693354e+03 +1.502693354e+03 +1.651843354e+03 +1.651843354e+03
1024 +9.382901163e+02 +9.382901163e+02 +1.087440116e+03 +1.087440116e+03
1057 +5.687140476e+02 +5.687140476e+02 +7.178640476e+02 +7.178640476e+02
1243 +3.752207815e+02 +3.752207815e+02 +5.243707815e+02 +5.243707815e+02
1337 +2.061056959e+02 +2.061056959e+02 +3.552556959e+02 +3.552556959e+02
1443 +1.520951215e+02 +1.520951215e+02 +3.012451215e+02 +3.012451215e+02
1537 +9.682261893e+01 +9.682261893e+01 +2.459726189e+02 +2.459726189e+02
1758 +6.297993566e+01 +6.297993566e+01 +2.121299357e+02 +2.121299357e+02
2446 +3.977064071e+01 +3.977064071e+01 +1.889206407e+02 +1.889206407e+02
22202 +2.511185261e+01 +2.511185261e+01 +1.742618526e+02 +1.742618526e+02
39167 +1.580343032e+01 +1.580343032e+01 +1.649534303e+02 +1.649534303e+02
50598 +9.995013922e+00 +9.995013922e+00 +1.591450139e+02 +1.591450139e+02
57434 +6.302818780e+00 +6.302818780e+00 +1.554528188e+02 +1.554528188e+02
61782 +3.977592723e+00 +3.977592723e+00 +1.531275927e+02 +1.531275927e+02
64650 +2.502419498e+00 +2.502419498e+00 +1.516524195e+02 +1.516524195e+02
66859 +1.573172748e+00 +1.573172748e+00 +1.507231727e+02 +1.507231727e+02
68474 +9.919877658e-01 +9.919877658e-01 +1.501419878e+02 +1.501419878e+02
69737 +6.143178843e-01 +6.143178843e-01 +1.497643179e+02 +1.497643179e+02
70921 +3.954146578e-01 +3.954146578e-01 +1.495454147e+02 +1.495454147e+02
71712 +2.490414279e-01 +2.490414279e-01 +1.493990414e+02 +1.493990414e+02
72216 +1.567112556e-01 +1.567112556e-01 +1.493067113e+02 +1.493067113e+02
72808 +9.886181379e-02 +9.886181379e-02 +1.492488618e+02 +1.492488618e+02
73293 +5.900172701e-02 +5.900172701e-02 +1.492090017e+02 +1.492090017e+02
73752 +3.912497320e-02 +3.912497320e-02 +1.491891250e+02 +1.491891250e+02
74089 +2.490257095e-02 +2.490257095e-02 +1.491749026e+02 +1.491749026e+02
74370 +1.581563070e-02 +1.581563070e-02 +1.491658156e+02 +1.491658156e+02
74663 +9.214237052e-03 +9.214237052e-03 +1.491592142e+02 +1.491592142e+02
74956 +6.024512088e-03 +6.024512088e-03 +1.491560245e+02 +1.491560245e+02
75167 +3.946691385e-03 +3.946691385e-03 +1.491539467e+02 +1.491539467e+02
75475 +2.482648806e-03 +2.482648806e-03 +1.491524826e+02 +1.491524826e+02
75634 +1.526964137e-03 +1.526964137e-03 +1.491515270e+02 +1.491515270e+02
75882 +9.082365046e-04 +9.082365046e-04 +1.491509082e+02 +1.491509082e+02
76116 +5.748983344e-04 +5.748983344e-04 +1.491505749e+02 +1.491505749e+02
76282 +3.458947356e-04 +3.458947356e-04 +1.491503459e+02 +1.491503459e+02
76434 +2.498337434e-04 +2.498337434e-04 +1.491502498e+02 +1.491502498e+02
76666 +1.581165594e-04 +1.581165594e-04 +1.491501581e+02 +1.491501581e+02
76851 +9.738133539e-05 +9.738133539e-05 +1.491500974e+02 +1.491500974e+02
77092 +5.915108272e-05 +5.915108272e-05 +1.491500592e+02 +1.491500592e+02
77249 +3.956628777e-05 +3.956628777e-05 +1.491500396e+02 +1.491500396e+02
77490 +2.492300374e-05 +2.492300374e-05 +1.491500249e+02 +1.491500249e+02
77707 +1.506961095e-05 +1.506961095e-05 +1.491500151e+02 +1.491500151e+02
77893 +9.481625057e-06 +9.481625057e-06 +1.491500095e+02 +1.491500095e+02
78139 +5.808676207e-06 +5.808676207e-06 +1.491500058e+02 +1.491500058e+02
78347 +3.925131296e-06 +3.925131296e-06 +1.491500039e+02 +1.491500039e+02
78514 +2.390957604e-06 +2.390957604e-06 +1.491500024e+02 +1.491500024e+02
78655 +1.494782254e-06 +1.494782254e-06 +1.491500015e+02 +1.491500015e+02
78857 +9.395392908e-07 +9.395392908e-07 +1.491500009e+02 +1.491500009e+02
78999 +6.005529372e-07 +6.005529372e-07 +1.491500006e+02 +1.491500006e+02
79220 +3.761695382e-07 +3.761695382e-07 +1.491500004e+02 +1.491500004e+02
79341 +2.376403359e-07 +2.376403359e-07 +1.491500002e+02 +1.491500002e+02
79410 +1.524331026e-07 +1.524331026e-07 +1.491500002e+02 +1.491500002e+02
79727 +9.944943713e-08 +9.944943713e-08 +1.491500001e+02 +1.491500001e+02
79892 +5.953341997e-08 +5.953341997e-08 +1.491500001e+02 +1.491500001e+02
79948 +3.938848181e-08 +3.938848181e-08 +1.491500000e+02 +1.491500000e+02
80155 +2.402424570e-08 +2.402424570e-08 +1.491500000e+02 +1.491500000e+02
80275 +1.570805352e-08 +1.570805352e-08 +1.491500000e+02 +1.491500000e+02
80300 +8.240590432e-09 +8.240590432e-09 +1.491500000e+02 +1.491500000e+02
80312 +5.792998081e-09 +5.792998081e-09 +1.491500000e+02 +1.491500000e+02
% function evaluation | noise-free fitness - Fopt (-1.000000000000e+03) | best noise-free fitness - Fopt | measured fitness | best measured fitness | x1 | x2...
1 +3.843442915e+05 +3.843442915e+05 +3.833442915e+05 +3.833442915e+05
91 +1.755087484e+05 +1.755087484e+05 +1.745087484e+05 +1.745087484e+05
101 +1.031279067e+05 +1.031279067e+05 +1.021279067e+05 +1.021279067e+05
153 +9.072122527e+04 +9.072122527e+04 +8.972122527e+04 +8.972122527e+04
187 +4.958353286e+04 +4.958353286e+04 +4.858353286e+04 +4.858353286e+04
255 +2.948939051e+04 +2.948939051e+04 +2.848939051e+04 +2.848939051e+04
293 +1.743766598e+04 +1.743766598e+04 +1.643766598e+04 +1.643766598e+04
334 +1.274971579e+04 +1.274971579e+04 +1.174971579e+04 +1.174971579e+04
438 +9.185738913e+03 +9.185738913e+03 +8.185738913e+03 +8.185738913e+03
565 +6.204896535e+03 +6.204896535e+03 +5.204896535e+03 +5.204896535e+03
692 +3.964541048e+03 +3.964541048e+03 +2.964541048e+03 +2.964541048e+03
731 +2.405751622e+03 +2.405751622e+03 +1.405751622e+03 +1.405751622e+03
877 +1.405086170e+03 +1.405086170e+03 +4.050861700e+02 +4.050861700e+02
922 +9.166812465e+02 +9.166812465e+02 -8.331875346e+01 -8.331875346e+01
1156 +5.899212499e+02 +5.899212499e+02 -4.100787501e+02 -4.100787501e+02
1257 +3.815739202e+02 +3.815739202e+02 -6.184260798e+02 -6.184260798e+02
1493 +2.451944186e+02 +2.451944186e+02 -7.548055814e+02 -7.548055814e+02
1688 +1.420617293e+02 +1.420617293e+02 -8.579382707e+02 -8.579382707e+02
1873 +9.549066856e+01 +9.549066856e+01 -9.045093314e+02 -9.045093314e+02
2012 +6.304146580e+01 +6.304146580e+01 -9.369585342e+02 -9.369585342e+02
2724 +3.956843187e+01 +3.956843187e+01 -9.604315681e+02 -9.604315681e+02
20724 +2.510068564e+01 +2.510068564e+01 -9.748993144e+02 -9.748993144e+02
37953 +1.584360357e+01 +1.584360357e+01 -9.841563964e+02 -9.841563964e+02
48113 +9.995424496e+00 +9.995424496e+00 -9.900045755e+02 -9.900045755e+02
55600 +6.270295437e+00 +6.270295437e+00 -9.937297046e+02 -9.937297046e+02
60245 +3.979530264e+00 +3.979530264e+00 -9.960204697e+02 -9.960204697e+02
62959 +2.505546312e+00 +2.505546312e+00 -9.974944537e+02 -9.974944537e+02
64605 +1.582981949e+00 +1.582981949e+00 -9.984170181e+02 -9.984170181e+02
66273 +9.781435884e-01 +9.781435884e-01 -9.990218564e+02 -9.990218564e+02
67398 +6.297741286e-01 +6.297741286e-01 -9.993702259e+02 -9.993702259e+02
68596 +3.895912888e-01 +3.895912888e-01 -9.996104087e+02 -9.996104087e+02
69509 +2.497096749e-01 +2.497096749e-01 -9.997502903e+02 -9.997502903e+02
70075 +1.573843318e-01 +1.573843318e-01 -9.998426157e+02 -9.998426157e+02
70583 +9.826260247e-02 +9.826260247e-02 -9.999017374e+02 -9.999017374e+02
71128 +6.219593027e-02 +6.219593027e-02 -9.999378041e+02 -9.999378041e+02
71668 +3.975419382e-02 +3.975419382e-02 -9.999602458e+02 -9.999602458e+02
72031 +2.454191691e-02 +2.454191691e-02 -9.999754581e+02 -9.999754581e+02
72284 +1.488737022e-02 +1.488737022e-02 -9.999851126e+02 -9.999851126e+02
72623 +9.930771003e-03 +9.930771003e-03 -9.999900692e+02 -9.999900692e+02
72857 +5.911621732e-03 +5.911621732e-03 -9.999940884e+02 -9.999940884e+02
73075 +3.914990926e-03 +3.914990926e-03 -9.999960850e+02 -9.999960850e+02
73390 +2.414602511e-03 +2.414602511e-03 -9.999975854e+02 -9.999975854e+02
73599 +1.487102551e-03 +1.487102551e-03 -9.999985129e+02 -9.999985129e+02
73811 +9.895956958e-04 +9.895956958e-04 -9.999990104e+02 -9.999990104e+02
74027 +5.713773841e-04 +5.713773841e-04 -9.999994286e+02 -9.999994286e+02
74230 +3.685267405e-04 +3.685267405e-04 -9.999996315e+02 -9.999996315e+02
74371 +2.315588328e-04 +2.315588328e-04 -9.999997684e+02 -9.999997684e+02
74629 +1.545456375e-04 +1.545456375e-04 -9.999998455e+02 -9.999998455e+02
74713 +9.542602641e-05 +9.542602641e-05 -9.999999046e+02 -9.999999046e+02
74969 +4.275674235e-05 +4.275674235e-05 -9.999999572e+02 -9.999999572e+02
75183 +3.688435720e-05 +3.688435720e-05 -9.999999631e+02 -9.999999631e+02
75282 +2.323158924e-05 +2.323158924e-05 -9.999999768e+02 -9.999999768e+02
75597 +1.472544056e-05 +1.472544056e-05 -9.999999853e+02 -9.999999853e+02
75651 +9.780588584e-06 +9.780588584e-06 -9.999999902e+02 -9.999999902e+02
75924 +4.764055006e-06 +4.764055006e-06 -9.999999952e+02 -9.999999952e+02
75988 +3.764816597e-06 +3.764816597e-06 -9.999999962e+02 -9.999999962e+02
76233 +2.184370373e-06 +2.184370373e-06 -9.999999978e+02 -9.999999978e+02
76405 +1.494243634e-06 +1.494243634e-06 -9.999999985e+02 -9.999999985e+02
76548 +9.979095239e-07 +9.979095239e-07 -9.999999990e+02 -9.999999990e+02
76766 +5.503259217e-07 +5.503259217e-07 -9.999999994e+02 -9.999999994e+02
76809 +3.718341759e-07 +3.718341759e-07 -9.999999996e+02 -9.999999996e+02
77061 +2.423414571e-07 +2.423414571e-07 -9.999999998e+02 -9.999999998e+02
77212 +1.129013754e-07 +1.129013754e-07 -9.999999999e+02 -9.999999999e+02
77371 +7.397704849e-08 +7.397704849e-08 -9.999999999e+02 -9.999999999e+02
77536 +5.833942396e-08 +5.833942396e-08 -9.999999999e+02 -9.999999999e+02
77769 +3.537684279e-08 +3.537684279e-08 -1.000000000e+03 -1.000000000e+03
77875 +2.164358648e-08 +2.164358648e-08 -1.000000000e+03 -1.000000000e+03
78017 +1.563773822e-08 +1.563773822e-08 -1.000000000e+03 -1.000000000e+03
78202 +9.623704500e-09 +9.623704500e-09 -1.000000000e+03 -1.000000000e+03
% function evaluation | noise-free fitness - Fopt (9.862000000000e+01) | best noise-free fitness - Fopt | measured fitness | best measured fitness | x1 | x2...
1 +7.997141573e+05 +7.997141573e+05 +7.998127773e+05 +7.998127773e+05
41 +5.380494470e+05 +5.380494470e+05 +5.381480670e+05 +5.381480670e+05
65 +3.942723441e+05 +3.942723441e+05 +3.943709641e+05 +3.943709641e+05
140 +1.967771401e+05 +1.967771401e+05 +1.968757601e+05 +1.968757601e+05
196 +1.564697533e+05 +1.564697533e+05 +1.565683733e+05 +1.565683733e+05
238 +9.818203295e+04 +9.818203295e+04 +9.828065295e+04 +9.828065295e+04
293 +5.538354205e+04 +5.538354205e+04 +5.548216205e+04 +5.548216205e+04
389 +3.770775713e+04 +3.770775713e+04 +3.780637713e+04 +3.780637713e+04
547 +2.412785310e+04 +2.412785310e+04 +2.422647310e+04 +2.422647310e+04
593 +1.157501675e+04 +1.157501675e+04 +1.167363675e+04 +1.167363675e+04
722 +9.222885999e+03 +9.222885999e+03 +9.321505999e+03 +9.321505999e+03
785 +5.952517657e+03 +5.952517657e+03 +6.051137657e+03 +6.051137657e+03
961 +3.974842418e+03 +3.974842418e+03 +4.073462418e+03 +4.073462418e+03
1062 +2.482023248e+03 +2.482023248e+03 +2.580643248e+03 +2.580643248e+03
1217 +1.218637543e+03 +1.218637543e+03 +1.317257543e+03 +1.317257543e+03
1265 +8.998252337e+02 +8.998252337e+02 +9.984452337e+02 +9.984452337e+02
1389 +6.271603534e+02 +6.271603534e+02 +7.257803534e+02 +7.257803534e+02
1557 +3.819782329e+02 +3.819782329e+02 +4.805982329e+02 +4.805982329e+02
1706 +2.455142005e+02 +2.455142005e+02 +3.441342005e+02 +3.441342005e+02
1810 +1.475553519e+02 +1.475553519e+02 +2.461753519e+02 +2.461753519e+02
1930 +9.699717771e+01 +9.699717771e+01 +1.956171777e+02 +1.956171777e+02
2137 +6.092049513e+01 +6.092049513e+01 +1.595404951e+02 +1.595404951e+02
2876 +3.972255020e+01 +3.972255020e+01 +1.383425502e+02 +1.383425502e+02
23277 +2.506781315e+01 +2.506781315e+01 +1.236878132e+02 +1.236878132e+02
40481 +1.583814007e+01 +1.583814007e+01 +1.144581401e+02 +1.144581401e+02
51659 +9.999594241e+00 +9.999594241e+00 +1.086195942e+02 +1.086195942e+02
59069 +6.304471851e+00 +6.304471851e+00 +1.049244719e+02 +1.049244719e+02
64043 +3.962650293e+00 +3.962650293e+00 +1.025826503e+02 +1.025826503e+02
66515 +2.500369874e+00 +2.500369874e+00 +1.011203699e+02 +1.011203699e+02
68347 +1.578234761e+00 +1.578234761e+00 +1.001982348e+02 +1.001982348e+02
69503 +9.859547904e-01 +9.859547904e-01 +9.960595479e+01 +9.960595479e+01
70646 +6.276694650e-01 +6.276694650e-01 +9.924766947e+01 +9.924766947e+01
72063 +3.977739296e-01 +3.977739296e-01 +9.901777393e+01 +9.901777393e+01
73138 +2.510553778e-01 +2.510553778e-01 +9.887105538e+01 +9.887105538e+01
73810 +1.499270365e-01 +1.499270365e-01 +9.876992704e+01 +9.876992704e+01
74219 +9.463854280e-02 +9.463854280e-02 +9.871463854e+01 +9.871463854e+01
74554 +6.261926675e-02 +6.261926675e-02 +9.868261927e+01 +9.868261927e+01
74993 +3.862702590e-02 +3.862702590e-02 +9.865862703e+01 +9.865862703e+01
75359 +2.458025014e-02 +2.458025014e-02 +9.864458025e+01 +9.864458025e+01
75790 +1.529108729e-02 +1.529108729e-02 +9.863529109e+01 +9.863529109e+01
76043 +9.989572635e-03 +9.989572635e-03 +9.862998957e+01 +9.862998957e+01
76534 +5.375518418e-03 +5.375518418e-03 +9.862537552e+01 +9.862537552e+01
76793 +3.819027037e-03 +3.819027037e-03 +9.862381903e+01 +9.862381903e+01
77071 +2.421731719e-03 +2.421731719e-03 +9.862242173e+01 +9.862242173e+01
77212 +1.523194628e-03 +1.523194628e-03 +9.862152319e+01 +9.862152319e+01
77461 +9.955348085e-04 +9.955348085e-04 +9.862099553e+01 +9.862099553e+01
77618 +6.174670588e-04 +6.174670588e-04 +9.862061747e+01 +9.862061747e+01
77823 +3.854174607e-04 +3.854174607e-04 +9.862038542e+01 +9.862038542e+01
77987 +2.450467987e-04 +2.450467987e-04 +9.862024505e+01 +9.862024505e+01
78204 +1.453419687e-04 +1.453419687e-04 +9.862014534e+01 +9.862014534e+01
78292 +9.919405149e-05 +9.919405149e-05 +9.862009919e+01 +9.862009919e+01
78587 +6.161102806e-05 +6.161102806e-05 +9.862006161e+01 +9.862006161e+01
78806 +3.568205992e-05 +3.568205992e-05 +9.862003568e+01 +9.862003568e+01
78957 +2.464000076e-05 +2.464000076e-05 +9.862002464e+01 +9.862002464e+01
79135 +1.289413812e-05 +1.289413812e-05 +9.862001289e+01 +9.862001289e+01
79239 +9.270682256e-06 +9.270682256e-06 +9.862000927e+01 +9.862000927e+01
79442 +5.820090124e-06 +5.820090124e-06 +9.862000582e+01 +9.862000582e+01
79620 +3.889106068e-06 +3.889106068e-06 +9.862000389e+01 +9.862000389e+01
79796 +2.233692598e-06 +2.233692598e-06 +9.862000223e+01 +9.862000223e+01
80027 +1.580372853e-06 +1.580372853e-06 +9.862000158e+01 +9.862000158e+01
80100 +8.141759622e-07 +8.141759622e-07 +9.862000081e+01 +9.862000081e+01
80198 +6.182132353e-07 +6.182132353e-07 +9.862000062e+01 +9.862000062e+01
80416 +3.931037611e-07 +3.931037611e-07 +9.862000039e+01 +9.862000039e+01
80567 +2.247075344e-07 +2.247075344e-07 +9.862000022e+01 +9.862000022e+01
80661 +1.496963051e-07 +1.496963051e-07 +9.862000015e+01 +9.862000015e+01
80796 +9.634840126e-08 +9.634840126e-08 +9.862000010e+01 +9.862000010e+01
80985 +5.391717650e-08 +5.391717650e-08 +9.862000005e+01 +9.862000005e+01
81130 +3.431424034e-08 +3.431424034e-08 +9.862000003e+01 +9.862000003e+01
81240 +2.468271987e-08 +2.468271987e-08 +9.862000002e+01 +9.862000002e+01
81418 +1.516838211e-08 +1.516838211e-08 +9.862000002e+01 +9.862000002e+01
81489 +8.804960316e-09 +8.804960316e-09 +9.862000001e+01 +9.862000001e+01
% function evaluation | noise-free fitness - Fopt (-4.715000000000e+01) | best noise-free fitness - Fopt | measured fitness | best measured fitness | x1 | x2...
1 +9.032125559e+05 +9.032125559e+05 +9.031654059e+05 +9.031654059e+05
44 +5.780924910e+05 +5.780924910e+05 +5.780453410e+05 +5.780453410e+05
83 +3.452237883e+05 +3.452237883e+05 +3.451766383e+05 +3.451766383e+05
133 +2.465399770e+05 +2.465399770e+05 +2.464928270e+05 +2.464928270e+05
182 +1.049176273e+05 +1.049176273e+05 +1.048704773e+05 +1.048704773e+05
276 +7.877161473e+04 +7.877161473e+04 +7.872446473e+04 +7.872446473e+04
343 +4.750615013e+04 +4.750615013e+04 +4.745900013e+04 +4.745900013e+04
367 +2.742365057e+04 +2.742365057e+04 +2.737650057e+04 +2.737650057e+04
460 +1.874293436e+04 +1.874293436e+04 +1.869578436e+04 +1.869578436e+04
471 +1.559660322e+04 +1.559660322e+04 +1.554945322e+04 +1.554945322e+04
619 +8.349228583e+03 +8.349228583e+03 +8.302078583e+03 +8.302078583e+03
660 +5.722674940e+03 +5.722674940e+03 +5.675524940e+03 +5.675524940e+03
667 +3.693601730e+03 +3.693601730e+03 +3.646451730e+03 +3.646451730e+03
889 +2.164439366e+03 +2.164439366e+03 +2.117289366e+03 +2.117289366e+03
1016 +1.503946208e+03 +1.503946208e+03 +1.456796208e+03 +1.456796208e+03
1183 +8.740462540e+02 +8.740462540e+02 +8.268962540e+02 +8.268962540e+02
1317 +6.156119567e+02 +6.156119567e+02 +5.684619567e+02 +5.684619567e+02
1616 +3.959646805e+02 +3.959646805e+02 +3.488146805e+02 +3.488146805e+02
1835 +2.313227407e+02 +2.313227407e+02 +1.841727407e+02 +1.841727407e+02
2019 +1.497321114e+02 +1.497321114e+02 +1.025821114e+02 +1.025821114e+02
2268 +9.815831564e+01 +9.815831564e+01 +5.100831564e+01 +5.100831564e+01
2512 +6.103082243e+01 +6.103082243e+01 +1.388082243e+01 +1.388082243e+01
3229 +3.976540084e+01 +3.976540084e+01 -7.384599158e+00 -7.384599158e+00
22565 +2.509822756e+01 +2.509822756e+01 -2.205177244e+01 -2.205177244e+01
39364 +1.584479261e+01 +1.584479261e+01 -3.130520739e+01 -3.130520739e+01
51091 +9.995860027e+00 +9.995860027e+00 -3.715413997e+01 -3.715413997e+01
58767 +6.309046169e+00 +6.309046169e+00 -4.084095383e+01 -4.084095383e+01
63610 +3.963521366e+00 +3.963521366e+00 -4.318647863e+01 -4.318647863e+01
66978 +2.508096452e+00 +2.508096452e+00 -4.464190355e+01 -4.464190355e+01
68578 +1.571486678e+00 +1.571486678e+00 -4.557851332e+01 -4.557851332e+01
69954 +9.987009412e-01 +9.987009412e-01 -4.615129906e+01 -4.615129906e+01
71489 +6.248903561e-01 +6.248903561e-01 -4.652510964e+01 -4.652510964e+01
72490 +3.943341320e-01 +3.943341320e-01 -4.675566587e+01 -4.675566587e+01
73274 +2.474748832e-01 +2.474748832e-01 -4.690252512e+01 -4.690252512e+01
73914 +1.531793802e-01 +1.531793802e-01 -4.699682062e+01 -4.699682062e+01
74425 +9.793664121e-02 +9.793664121e-02 -4.705206336e+01 -4.705206336e+01
75005 +6.223499923e-02 +6.223499923e-02 -4.708776500e+01 -4.708776500e+01
75401 +3.930313648e-02 +3.930313648e-02 -4.711069686e+01 -4.711069686e+01
75778 +2.499870543e-02 +2.499870543e-02 -4.712500129e+01 -4.712500129e+01
76145 +1.573992141e-02 +1.573992141e-02 -4.713426008e+01 -4.713426008e+01
76488 +9.729236505e-03 +9.729236505e-03 -4.714027076e+01 -4.714027076e+01
76736 +6.093353299e-03 +6.093353299e-03 -4.714390665e+01 -4.714390665e+01
76969 +3.866843464e-03 +3.866843464e-03 -4.714613316e+01 -4.714613316e+01
77273 +2.178328269e-03 +2.178328269e-03 -4.714782167e+01 -4.714782167e+01
77420 +1.567736749e-03 +1.567736749e-03 -4.714843226e+01 -4.714843226e+01
77766 +9.256256525e-04 +9.256256525e-04 -4.714907437e+01 -4.714907437e+01
77871 +6.209671481e-04 +6.209671481e-04 -4.714937903e+01 -4.714937903e+01
78122 +3.807832317e-04 +3.807832317e-04 -4.714961922e+01 -4.714961922e+01
78294 +2.354647116e-04 +2.354647116e-04 -4.714976454e+01 -4.714976454e+01
78502 +1.457519622e-04 +1.457519622e-04 -4.714985425e+01 -4.714985425e+01
78562 +9.979855799e-05 +9.979855799e-05 -4.714990020e+01 -4.714990020e+01
78800 +6.110451013e-05 +6.110451013e-05 -4.714993890e+01 -4.714993890e+01
78835 +3.918999285e-05 +3.918999285e-05 -4.714996081e+01 -4.714996081e+01
79160 +2.166608937e-05 +2.166608937e-05 -4.714997833e+01 -4.714997833e+01
79288 +1.384920537e-05 +1.384920537e-05 -4.714998615e+01 -4.714998615e+01
79457 +9.209773246e-06 +9.209773246e-06 -4.714999079e+01 -4.714999079e+01
79744 +5.262464519e-06 +5.262464519e-06 -4.714999474e+01 -4.714999474e+01
79976 +3.339971599e-06 +3.339971599e-06 -4.714999666e+01 -4.714999666e+01
80064 +2.477213329e-06 +2.477213329e-06 -4.714999752e+01 -4.714999752e+01
80305 +1.511053753e-06 +1.511053753e-06 -4.714999849e+01 -4.714999849e+01
80490 +9.305462001e-07 +9.305462001e-07 -4.714999907e+01 -4.714999907e+01
80565 +6.250727154e-07 +6.250727154e-07 -4.714999937e+01 -4.714999937e+01
80723 +3.976222800e-07 +3.976222800e-07 -4.714999960e+01 -4.714999960e+01
80812 +2.505576902e-07 +2.505576902e-07 -4.714999975e+01 -4.714999975e+01
81044 +1.526296316e-07 +1.526296316e-07 -4.714999985e+01 -4.714999985e+01
81244 +9.097117015e-08 +9.097117015e-08 -4.714999991e+01 -4.714999991e+01
81375 +6.037939926e-08 +6.037939926e-08 -4.714999994e+01 -4.714999994e+01
81507 +3.799906523e-08 +3.799906523e-08 -4.714999996e+01 -4.714999996e+01
81573 +2.410231303e-08 +2.410231303e-08 -4.714999998e+01 -4.714999998e+01
81770 +1.312790232e-08 +1.312790232e-08 -4.714999999e+01 -4.714999999e+01
81860 +9.940229972e-09 +9.940229972e-09 -4.714999999e+01 -4.714999999e+01
81872 +6.114873941e-09 +6.114873941e-09 -4.714999999e+01 -4.714999999e+01
% function evaluation | noise-free fitness - Fopt (3.752000000000e+01) | best noise-free fitness - Fopt | measured fitness | best measured fitness | x1 | x2...
1 +4.187139399e+05 +4.187139399e+05 +4.187514599e+05 +4.187514599e+05
42 +3.115104375e+05 +3.115104375e+05 +3.115479575e+05 +3.115479575e+05
91 +2.333941499e+05 +2.333941499e+05 +2.334316699e+05 +2.334316699e+05
155 +1.538047447e+05 +1.538047447e+05 +1.538422647e+05 +1.538422647e+05
234 +8.404626542e+04 +8.404626542e+04 +8.408378542e+04 +8.408378542e+04
244 +5.297729292e+04 +5.297729292e+04 +5.301481292e+04 +5.301481292e+04
325 +3.324718110e+04 +3.324718110e+04 +3.328470110e+04 +3.328470110e+04
386 +2.480957165e+04 +2.480957165e+04 +2.484709165e+04 +2.484709165e+04
484 +1.145172062e+04 +1.145172062e+04 +1.148924062e+04 +1.148924062e+04
523 +8.884114175e+03 +8.884114175e+03 +8.921634175e+03 +8.921634175e+03
582 +6.044598788e+03 +6.044598788e+03 +6.082118788e+03 +6.082118788e+03
686 +3.875540305e+03 +3.875540305e+03 +3.913060305e+03 +3.913060305e+03
860 +2.285094995e+03 +2.285094995e+03 +2.322614995e+03 +2.322614995e+03
884 +1.442767031e+03 +1.442767031e+03 +1.480287031e+03 +1.480287031e+03
1006 +8.331319453e+02 +8.331319453e+02 +8.706519453e+02 +8.706519453e+02
1149 +6.098358983e+02 +6.098358983e+02 +6.473558983e+02 +6.473558983e+02
1338 +3.817373342e+02 +3.817373342e+02 +4.192573342e+02 +4.192573342e+02
1506 +2.427104470e+02 +2.427104470e+02 +2.802304470e+02 +2.802304470e+02
1942 +1.518590051e+02 +1.518590051e+02 +1.893790051e+02 +1.893790051e+02
4611 +9.843195300e+01 +9.843195300e+01 +1.359519530e+02 +1.359519530e+02
5030 +6.141349520e+01 +6.141349520e+01 +9.893349520e+01 +9.893349520e+01
6305 +3.969203535e+01 +3.969203535e+01 +7.721203535e+01 +7.721203535e+01
36368 +2.510962069e+01 +2.510962069e+01 +6.262962069e+01 +6.262962069e+01
54377 +1.584608259e+01 +1.584608259e+01 +5.336608259e+01 +5.336608259e+01
65917 +9.962288401e+00 +9.962288401e+00 +4.748228840e+01 +4.748228840e+01
72804 +6.302852721e+00 +6.302852721e+00 +4.382285272e+01 +4.382285272e+01
77880 +3.977428043e+00 +3.977428043e+00 +4.149742804e+01 +4.149742804e+01
80734 +2.508931957e+00 +2.508931957e+00 +4.002893196e+01 +4.002893196e+01
82383 +1.584200706e+00 +1.584200706e+00 +3.910420071e+01 +3.910420071e+01
83975 +9.986396346e-01 +9.986396346e-01 +3.851863963e+01 +3.851863963e+01
85447 +6.122967898e-01 +6.122967898e-01 +3.813229679e+01 +3.813229679e+01
86567 +3.971744821e-01 +3.971744821e-01 +3.791717448e+01 +3.791717448e+01
87429 +2.437465247e-01 +2.437465247e-01 +3.776374652e+01 +3.776374652e+01
88036 +1.580166993e-01 +1.580166993e-01 +3.767801670e+01 +3.767801670e+01
88593 +9.500230713e-02 +9.500230713e-02 +3.761500231e+01 +3.761500231e+01
89218 +6.084064149e-02 +6.084064149e-02 +3.758084064e+01 +3.758084064e+01
89719 +3.886954940e-02 +3.886954940e-02 +3.755886955e+01 +3.755886955e+01
90158 +2.436014605e-02 +2.436014605e-02 +3.754436015e+01 +3.754436015e+01
90439 +1.566517389e-02 +1.566517389e-02 +3.753566517e+01 +3.753566517e+01
90760 +9.278534650e-03 +9.278534650e-03 +3.752927853e+01 +3.752927853e+01
91095 +6.086674712e-03 +6.086674712e-03 +3.752608667e+01 +3.752608667e+01
91302 +3.778466259e-03 +3.778466259e-03 +3.752377847e+01 +3.752377847e+01
91570 +2.499344371e-03 +2.499344371e-03 +3.752249934e+01 +3.752249934e+01
91703 +1.548217138e-03 +1.548217138e-03 +3.752154822e+01 +3.752154822e+01
91922 +9.852068083e-04 +9.852068083e-04 +3.752098521e+01 +3.752098521e+01
92049 +6.063648796e-04 +6.063648796e-04 +3.752060636e+01 +3.752060636e+01
92258 +3.374638179e-04 +3.374638179e-04 +3.752033746e+01 +3.752033746e+01
92362 +2.345474661e-04 +2.345474661e-04 +3.752023455e+01 +3.752023455e+01
92873 +1.411139461e-04 +1.411139461e-04 +3.752014111e+01 +3.752014111e+01
92959 +9.944794074e-05 +9.944794074e-05 +3.752009945e+01 +3.752009945e+01
93235 +5.928218726e-05 +5.928218726e-05 +3.752005928e+01 +3.752005928e+01
93264 +3.881447120e-05 +3.881447120e-05 +3.752003881e+01 +3.752003881e+01
93505 +2.058370237e-05 +2.058370237e-05 +3.752002058e+01 +3.752002058e+01
93756 +1.473701074e-05 +1.473701074e-05 +3.752001474e+01 +3.752001474e+01
93859 +9.856334167e-06 +9.856334167e-06 +3.752000986e+01 +3.752000986e+01
94035 +5.889312263e-06 +5.889312263e-06 +3.752000589e+01 +3.752000589e+01
94244 +3.668785325e-06 +3.668785325e-06 +3.752000367e+01 +3.752000367e+01
94334 +2.506430675e-06 +2.506430675e-06 +3.752000251e+01 +3.752000251e+01
94455 +1.540944403e-06 +1.540944403e-06 +3.752000154e+01 +3.752000154e+01
94593 +9.586008645e-07 +9.586008645e-07 +3.752000096e+01 +3.752000096e+01
94744 +5.881949505e-07 +5.881949505e-07 +3.752000059e+01 +3.752000059e+01
95042 +3.826794455e-07 +3.826794455e-07 +3.752000038e+01 +3.752000038e+01
95187 +2.455117212e-07 +2.455117212e-07 +3.752000025e+01 +3.752000025e+01
95395 +1.465636998e-07 +1.465636998e-07 +3.752000015e+01 +3.752000015e+01
95603 +7.884535336e-08 +7.884535336e-08 +3.752000008e+01 +3.752000008e+01
95675 +5.562813499e-08 +5.562813499e-08 +3.752000006e+01 +3.752000006e+01
95843 +2.983739478e-08 +2.983739478e-08 +3.752000003e+01 +3.752000003e+01
95988 +2.323482562e-08 +2.323482562e-08 +3.752000002e+01 +3.752000002e+01
96085 +1.453249610e-08 +1.453249610e-08 +3.752000001e+01 +3.752000001e+01
96300 +9.843148518e-09 +9.843148518e-09 +3.752000001e+01 +3.752000001e+01
% function evaluation | noise-free fitness - Fopt (-4.464000000000e+01) | best noise-free fitness - Fopt | measured fitness | best measured fitness | x1 | x2...
1 +8.251624692e+05 +8.251624692e+05 +8.251178292e+05 +8.251178292e+05
50 +4.407305004e+05 +4.407305004e+05 +4.406858604e+05 +4.406858604e+05
69 +3.917409768e+05 +3.917409768e+05 +3.916963368e+05 +3.916963368e+05
113 +2.024837598e+05 +2.024837598e+05 +2.024391198e+05 +2.024391198e+05
183 +1.532537082e+05 +1.532537082e+05 +1.532090682e+05 +1.532090682e+05
238 +8.480680648e+04 +8.480680648e+04 +8.476216648e+04 +8.476216648e+04
279 +6.043503049e+04 +6.043503049e+04 +6.039039049e+04 +6.039039049e+04
281 +3.588300569e+04 +3.588300569e+04 +3.583836569e+04 +3.583836569e+04
467 +1.973592816e+04 +1.973592816e+04 +1.969128816e+04 +1.969128816e+04
518 +1.565603936e+04 +1.565603936e+04 +1.561139936e+04 +1.561139936e+04
527 +9.512431362e+03 +9.512431362e+03 +9.467791362e+03 +9.467791362e+03
533 +5.648278540e+03 +5.648278540e+03 +5.603638540e+03 +5.603638540e+03
748 +3.273188195e+03 +3.273188195e+03 +3.228548195e+03 +3.228548195e+03
807 +2.407827689e+03 +2.407827689e+03 +2.363187689e+03 +2.363187689e+03
903 +1.243405291e+03 +1.243405291e+03 +1.198765291e+03 +1.198765291e+03
941 +9.829059566e+02 +9.829059566e+02 +9.382659566e+02 +9.382659566e+02
1063 +5.717740034e+02 +5.717740034e+02 +5.271340034e+02 +5.271340034e+02
1208 +3.464381160e+02 +3.464381160e+02 +3.017981160e+02 +3.017981160e+02
1323 +2.174700283e+02 +2.174700283e+02 +1.728300283e+02 +1.728300283e+02
1449 +1.440969488e+02 +1.440969488e+02 +9.945694880e+01 +9.945694880e+01
1622 +9.189384814e+01 +9.189384814e+01 +4.725384814e+01 +4.725384814e+01
1837 +5.879616369e+01 +5.879616369e+01 +1.415616369e+01 +1.415616369e+01
2413 +3.969021175e+01 +3.969021175e+01 -4.949788246e+00 -4.949788246e+00
23243 +2.510803118e+01 +2.510803118e+01 -1.953196882e+01 -1.953196882e+01
40495 +1.582574207e+01 +1.582574207e+01 -2.881425793e+01 -2.881425793e+01
52355 +9.997530591e+00 +9.997530591e+00 -3.464246941e+01 -3.464246941e+01
59988 +6.290555587e+00 +6.290555587e+00 -3.834944441e+01 -3.834944441e+01
64371 +3.974645054e+00 +3.974645054e+00 -4.066535495e+01 -4.066535495e+01
67089 +2.462227160e+00 +2.462227160e+00 -4.217777284e+01 -4.217777284e+01
68988 +1.565479028e+00 +1.565479028e+00 -4.307452097e+01 -4.307452097e+01
70624 +9.998499024e-01 +9.998499024e-01 -4.364015010e+01 -4.364015010e+01
71962 +6.222603075e-01 +6.222603075e-01 -4.401773969e+01 -4.401773969e+01
73102 +3.971121728e-01 +3.971121728e-01 -4.424288783e+01 -4.424288783e+01
73748 +2.456549997e-01 +2.456549997e-01 -4.439434500e+01 -4.439434500e+01
74375 +1.576381497e-01 +1.576381497e-01 -4.448236185e+01 -4.448236185e+01
75047 +9.883601691e-02 +9.883601691e-02 -4.454116398e+01 -4.454116398e+01
75554 +6.184349957e-02 +6.184349957e-02 -4.457815650e+01 -4.457815650e+01
75871 +3.877306988e-02 +3.877306988e-02 -4.460122693e+01 -4.460122693e+01
76149 +2.443248803e-02 +2.443248803e-02 -4.461556751e+01 -4.461556751e+01
76506 +1.483706730e-02 +1.483706730e-02 -4.462516293e+01 -4.462516293e+01
76775 +9.993700805e-03 +9.993700805e-03 -4.463000630e+01 -4.463000630e+01
77073 +5.902634923e-03 +5.902634923e-03 -4.463409737e+01 -4.463409737e+01
77375 +3.838706143e-03 +3.838706143e-03 -4.463616129e+01 -4.463616129e+01
77620 +2.252758276e-03 +2.252758276e-03 -4.463774724e+01 -4.463774724e+01
77828 +1.357901914e-03 +1.357901914e-03 -4.463864210e+01 -4.463864210e+01
78071 +9.965690259e-04 +9.965690259e-04 -4.463900343e+01 -4.463900343e+01
78187 +6.130026768e-04 +6.130026768e-04 -4.463938700e+01 -4.463938700e+01
78372 +3.818943918e-04 +3.818943918e-04 -4.463961811e+01 -4.463961811e+01
78582 +2.449963279e-04 +2.449963279e-04 -4.463975500e+01 -4.463975500e+01
78728 +1.479896455e-04 +1.479896455e-04 -4.463985201e+01 -4.463985201e+01
79040 +9.064692441e-05 +9.064692441e-05 -4.463990935e+01 -4.463990935e+01
79137 +5.861921132e-05 +5.861921132e-05 -4.463994138e+01 -4.463994138e+01
79276 +3.962229206e-05 +3.962229206e-05 -4.463996038e+01 -4.463996038e+01
79525 +2.392887773e-05 +2.392887773e-05 -4.463997607e+01 -4.463997607e+01
79665 +1.579520597e-05 +1.579520597e-05 -4.463998420e+01 -4.463998420e+01
79855 +8.506671293e-06 +8.506671293e-06 -4.463999149e+01 -4.463999149e+01
79997 +5.875407496e-06 +5.875407496e-06 -4.463999412e+01 -4.463999412e+01
80104 +3.516058605e-06 +3.516058605e-06 -4.463999648e+01 -4.463999648e+01
80299 +2.362326761e-06 +2.362326761e-06 -4.463999764e+01 -4.463999764e+01
80359 +1.421356423e-06 +1.421356423e-06 -4.463999858e+01 -4.463999858e+01
80499 +9.030243007e-07 +9.030243007e-07 -4.463999910e+01 -4.463999910e+01
80587 +4.400998179e-07 +4.400998179e-07 -4.463999956e+01 -4.463999956e+01
80823 +3.119788232e-07 +3.119788232e-07 -4.463999969e+01 -4.463999969e+01
80998 +2.447663547e-07 +2.447663547e-07 -4.463999976e+01 -4.463999976e+01
81168 +1.492802468e-07 +1.492802468e-07 -4.463999985e+01 -4.463999985e+01
81272 +8.382566818e-08 +8.382566818e-08 -4.463999992e+01 -4.463999992e+01
81395 +6.306938616e-08 +6.306938616e-08 -4.463999994e+01 -4.463999994e+01
81595 +3.549130412e-08 +3.549130412e-08 -4.463999996e+01 -4.463999996e+01
81697 +2.306880020e-08 +2.306880020e-08 -4.463999998e+01 -4.463999998e+01
81773 +1.552304951e-08 +1.552304951e-08 -4.463999998e+01 -4.463999998e+01
81990 +9.338414486e-09 +9.338414486e-09 -4.463999999e+01 -4.463999999e+01
81992 +4.666659947e-09 +4.666659947e-09 -4.464000000e+01 -4.464000000e+01
% function evaluation | noise-free fitness - Fopt (-1.731000000000e+02) | best noise-free fitness - Fopt | measured fitness | best measured fitness | x1 | x2...
1 +7.984402459e+05 +7.984402459e+05 +7.982671459e+05 +7.982671459e+05
47 +6.037674242e+05 +6.037674242e+05 +6.035943242e+05 +6.035943242e+05
79 +3.833299330e+05 +3.833299330e+05 +3.831568330e+05 +3.831568330e+05
168 +2.416478797e+05 +2.416478797e+05 +2.414747797e+05 +2.414747797e+05
265 +7.717856145e+04 +7.717856145e+04 +7.700546145e+04 +7.700546145e+04
342 +5.432152386e+04 +5.432152386e+04 +5.414842386e+04 +5.414842386e+04
367 +2.577364254e+04 +2.577364254e+04 +2.560054254e+04 +2.560054254e+04
457 +2.440660914e+04 +2.440660914e+04 +2.423350914e+04 +2.423350914e+04
626 +1.537337673e+04 +1.537337673e+04 +1.520027673e+04 +1.520027673e+04
657 +9.701040126e+03 +9.701040126e+03 +9.527940126e+03 +9.527940126e+03
678 +5.684833781e+03 +5.684833781e+03 +5.511733781e+03 +5.511733781e+03
784 +3.131467621e+03 +3.131467621e+03 +2.958367621e+03 +2.958367621e+03
815 +2.412436627e+03 +2.412436627e+03 +2.239336627e+03 +2.239336627e+03
881 +1.526393014e+03 +1.526393014e+03 +1.353293014e+03 +1.353293014e+03
1017 +9.914860170e+02 +9.914860170e+02 +8.183860170e+02 +8.183860170e+02
1129 +3.834331172e+02 +3.834331172e+02 +2.103331172e+02 +2.103331172e+02
1234 +2.479471917e+02 +2.479471917e+02 +7.484719166e+01 +7.484719166e+01
1444 +1.445071278e+02 +1.445071278e+02 -2.859287215e+01 -2.859287215e+01
1658 +9.421651530e+01 +9.421651530e+01 -7.888348470e+01 -7.888348470e+01
1837 +6.006079443e+01 +6.006079443e+01 -1.130392056e+02 -1.130392056e+02
2338 +3.977740581e+01 +3.977740581e+01 -1.333225942e+02 -1.333225942e+02
19477 +2.511771244e+01 +2.511771244e+01 -1.479822876e+02 -1.479822876e+02
36718 +1.584867135e+01 +1.584867135e+01 -1.572513287e+02 -1.572513287e+02
48694 +9.992885844e+00 +9.992885844e+00 -1.631071142e+02 -1.631071142e+02
55550 +6.308946918e+00 +6.308946918e+00 -1.667910531e+02 -1.667910531e+02
60316 +3.964746367e+00 +3.964746367e+00 -1.691352536e+02 -1.691352536e+02
62702 +2.510234605e+00 +2.510234605e+00 -1.705897654e+02 -1.705897654e+02
65217 +1.583070101e+00 +1.583070101e+00 -1.715169299e+02 -1.715169299e+02
66690 +9.791962572e-01 +9.791962572e-01 -1.721208037e+02 -1.721208037e+02
67991 +6.296707569e-01 +6.296707569e-01 -1.724703292e+02 -1.724703292e+02
69149 +3.938757890e-01 +3.938757890e-01 -1.727061242e+02 -1.727061242e+02
70015 +2.478912878e-01 +2.478912878e-01 -1.728521087e+02 -1.728521087e+02
70643 +1.551596348e-01 +1.551596348e-01 -1.729448404e+02 -1.729448404e+02
71297 +9.983383410e-02 +9.983383410e-02 -1.730001662e+02 -1.730001662e+02
71851 +6.301252549e-02 +6.301252549e-02 -1.730369875e+02 -1.730369875e+02
72334 +3.965298133e-02 +3.965298133e-02 -1.730603470e+02 -1.730603470e+02
72766 +2.500317239e-02 +2.500317239e-02 -1.730749968e+02 -1.730749968e+02
73262 +1.538927292e-02 +1.538927292e-02 -1.730846107e+02 -1.730846107e+02
73706 +9.853737820e-03 +9.853737820e-03 -1.730901463e+02 -1.730901463e+02
74143 +6.245107536e-03 +6.245107536e-03 -1.730937549e+02 -1.730937549e+02
74443 +3.917353303e-03 +3.917353303e-03 -1.730960826e+02 -1.730960826e+02
74639 +2.266905326e-03 +2.266905326e-03 -1.730977331e+02 -1.730977331e+02
74867 +1.568630062e-03 +1.568630062e-03 -1.730984314e+02 -1.730984314e+02
75088 +9.235776555e-04 +9.235776555e-04 -1.730990764e+02 -1.730990764e+02
75309 +5.871421001e-04 +5.871421001e-04 -1.730994129e+02 -1.730994129e+02
75416 +3.852444826e-04 +3.852444826e-04 -1.730996148e+02 -1.730996148e+02
75758 +2.464597866e-04 +2.464597866e-04 -1.730997535e+02 -1.730997535e+02
75874 +1.565182634e-04 +1.565182634e-04 -1.730998435e+02 -1.730998435e+02
76178 +9.289168716e-05 +9.289168716e-05 -1.730999071e+02 -1.730999071e+02
76249 +6.304945200e-05 +6.304945200e-05 -1.730999370e+02 -1.730999370e+02
76417 +3.623817022e-05 +3.623817022e-05 -1.730999638e+02 -1.730999638e+02
76623 +2.401549992e-05 +2.401549992e-05 -1.730999760e+02 -1.730999760e+02
76733 +1.307193008e-05 +1.307193008e-05 -1.730999869e+02 -1.730999869e+02
76873 +9.773401445e-06 +9.773401445e-06 -1.730999902e+02 -1.730999902e+02
77128 +6.208901681e-06 +6.208901681e-06 -1.730999938e+02 -1.730999938e+02
77245 +3.437908560e-06 +3.437908560e-06 -1.730999966e+02 -1.730999966e+02
77389 +2.088775801e-06 +2.088775801e-06 -1.730999979e+02 -1.730999979e+02
77507 +1.394546473e-06 +1.394546473e-06 -1.730999986e+02 -1.730999986e+02
77523 +9.025283987e-07 +9.025283987e-07 -1.730999991e+02 -1.730999991e+02
77760 +5.875546094e-07 +5.875546094e-07 -1.730999994e+02 -1.730999994e+02
77853 +3.708017573e-07 +3.708017573e-07 -1.730999996e+02 -1.730999996e+02
77959 +2.468165690e-07 +2.468165690e-07 -1.730999998e+02 -1.730999998e+02
78123 +1.414438202e-07 +1.414438202e-07 -1.730999999e+02 -1.730999999e+02
78365 +8.709102417e-08 +8.709102417e-08 -1.730999999e+02 -1.730999999e+02
78394 +5.962323257e-08 +5.962323257e-08 -1.730999999e+02 -1.730999999e+02
78619 +3.903483048e-08 +3.903483048e-08 -1.731000000e+02 -1.731000000e+02
78681 +2.361483098e-08 +2.361483098e-08 -1.731000000e+02 -1.731000000e+02
78867 +1.518063186e-08 +1.518063186e-08 -1.731000000e+02 -1.731000000e+02
78981 +8.957641739e-09 +8.957641739e-09 -1.731000000e+02 -1.731000000e+02
78992 +5.962988325e-09 +5.962988325e-09 -1.731000000e+02 -1.731000000e+02
% function evaluation | noise-free fitness - Fopt (2.990000000000e+01) | best noise-free fitness - Fopt | measured fitness | best measured fitness | x1 | x2...
1 +1.017231916e+06 +1.017231916e+06 +1.017261816e+06 +1.017261816e+06
26 +5.918303595e+05 +5.918303595e+05 +5.918602595e+05 +5.918602595e+05
70 +2.129346479e+05 +2.129346479e+05 +2.129645479e+05 +2.129645479e+05
221 +1.371334888e+05 +1.371334888e+05 +1.371633888e+05 +1.371633888e+05
240 +9.934404081e+04 +9.934404081e+04 +9.937394081e+04 +9.937394081e+04
315 +5.626661639e+04 +5.626661639e+04 +5.629651639e+04 +5.629651639e+04
399 +3.932893042e+04 +3.932893042e+04 +3.935883042e+04 +3.935883042e+04
445 +1.787997534e+04 +1.787997534e+04 +1.790987534e+04 +1.790987534e+04
530 +1.194802808e+04 +1.194802808e+04 +1.197792808e+04 +1.197792808e+04
563 +7.617972954e+03 +7.617972954e+03 +7.647872954e+03 +7.647872954e+03
697 +4.635960998e+03 +4.635960998e+03 +4.665860998e+03 +4.665860998e+03
706 +2.978162731e+03 +2.978162731e+03 +3.008062731e+03 +3.008062731e+03
847 +2.508817784e+03 +2.508817784e+03 +2.538717784e+03 +2.538717784e+03
908 +1.502209373e+03 +1.502209373e+03 +1.532109373e+03 +1.532109373e+03
988 +9.620100045e+02 +9.620100045e+02 +9.919100045e+02 +9.919100045e+02
1126 +5.539280357e+02 +5.539280357e+02 +5.838280357e+02 +5.838280357e+02
1188 +3.680822183e+02 +3.680822183e+02 +3.979822183e+02 +3.979822183e+02
1265 +2.328083678e+02 +2.328083678e+02 +2.627083678e+02 +2.627083678e+02
1508 +1.397647114e+02 +1.397647114e+02 +1.696647114e+02 +1.696647114e+02
1663 +9.935827758e+01 +9.935827758e+01 +1.292582776e+02 +1.292582776e+02
1832 +6.047952380e+01 +6.047952380e+01 +9.037952380e+01 +9.037952380e+01
2329 +3.969020361e+01 +3.969020361e+01 +6.959020361e+01 +6.959020361e+01
19765 +2.509553906e+01 +2.509553906e+01 +5.499553906e+01 +5.499553906e+01
36104 +1.581338696e+01 +1.581338696e+01 +4.571338696e+01 +4.571338696e+01
47655 +9.997666470e+00 +9.997666470e+00 +3.989766647e+01 +3.989766647e+01
54842 +6.287421335e+00 +6.287421335e+00 +3.618742133e+01 +3.618742133e+01
60241 +3.975721641e+00 +3.975721641e+00 +3.387572164e+01 +3.387572164e+01
63064 +2.486184380e+00 +2.486184380e+00 +3.238618438e+01 +3.238618438e+01
64623 +1.576075590e+00 +1.576075590e+00 +3.147607559e+01 +3.147607559e+01
66305 +9.967815581e-01 +9.967815581e-01 +3.089678156e+01 +3.089678156e+01
67673 +6.307817030e-01 +6.307817030e-01 +3.053078170e+01 +3.053078170e+01
68715 +3.948588850e-01 +3.948588850e-01 +3.029485888e+01 +3.029485888e+01
69246 +2.461095617e-01 +2.461095617e-01 +3.014610956e+01 +3.014610956e+01
69992 +1.563890166e-01 +1.563890166e-01 +3.005638902e+01 +3.005638902e+01
70637 +9.801132360e-02 +9.801132360e-02 +2.999801132e+01 +2.999801132e+01
71147 +6.163014794e-02 +6.163014794e-02 +2.996163015e+01 +2.996163015e+01
71552 +3.928785690e-02 +3.928785690e-02 +2.993928786e+01 +2.993928786e+01
71959 +2.424294806e-02 +2.424294806e-02 +2.992424295e+01 +2.992424295e+01
72410 +1.569083069e-02 +1.569083069e-02 +2.991569083e+01 +2.991569083e+01
72691 +9.583887369e-03 +9.583887369e-03 +2.990958389e+01 +2.990958389e+01
73074 +6.123866148e-03 +6.123866148e-03 +2.990612387e+01 +2.990612387e+01
73304 +3.910324578e-03 +3.910324578e-03 +2.990391032e+01 +2.990391032e+01
73458 +2.422918638e-03 +2.422918638e-03 +2.990242292e+01 +2.990242292e+01
73701 +1.552459185e-03 +1.552459185e-03 +2.990155246e+01 +2.990155246e+01
74112 +9.588639005e-04 +9.588639005e-04 +2.990095886e+01 +2.990095886e+01
74206 +5.768887794e-04 +5.768887794e-04 +2.990057689e+01 +2.990057689e+01
74470 +3.575966642e-04 +3.575966642e-04 +2.990035760e+01 +2.990035760e+01
74685 +2.409164751e-04 +2.409164751e-04 +2.990024092e+01 +2.990024092e+01
74851 +1.536115636e-04 +1.536115636e-04 +2.990015361e+01 +2.990015361e+01
75041 +8.597254577e-05 +8.597254577e-05 +2.990008597e+01 +2.990008597e+01
75206 +6.208757193e-05 +6.208757193e-05 +2.990006209e+01 +2.990006209e+01
75519 +3.833311978e-05 +3.833311978e-05 +2.990003833e+01 +2.990003833e+01
75669 +2.464581928e-05 +2.464581928e-05 +2.990002465e+01 +2.990002465e+01
75850 +1.442930305e-05 +1.442930305e-05 +2.990001443e+01 +2.990001443e+01
76058 +8.408461490e-06 +8.408461490e-06 +2.990000841e+01 +2.990000841e+01
76217 +5.309760340e-06 +5.309760340e-06 +2.990000531e+01 +2.990000531e+01
76379 +3.980489154e-06 +3.980489154e-06 +2.990000398e+01 +2.990000398e+01
76518 +2.227219042e-06 +2.227219042e-06 +2.990000223e+01 +2.990000223e+01
76794 +1.520435564e-06 +1.520435564e-06 +2.990000152e+01 +2.990000152e+01
77021 +9.233987690e-07 +9.233987690e-07 +2.990000092e+01 +2.990000092e+01
77172 +5.905725189e-07 +5.905725189e-07 +2.990000059e+01 +2.990000059e+01
77240 +3.793350878e-07 +3.793350878e-07 +2.990000038e+01 +2.990000038e+01
77549 +2.093759512e-07 +2.093759512e-07 +2.990000021e+01 +2.990000021e+01
77733 +1.319996947e-07 +1.319996947e-07 +2.990000013e+01 +2.990000013e+01
77941 +9.611409624e-08 +9.611409624e-08 +2.990000010e+01 +2.990000010e+01
78056 +6.195558200e-08 +6.195558200e-08 +2.990000006e+01 +2.990000006e+01
78169 +3.915434732e-08 +3.915434732e-08 +2.990000004e+01 +2.990000004e+01
78272 +2.280853906e-08 +2.280853906e-08 +2.990000002e+01 +2.990000002e+01
78527 +1.482417744e-08 +1.482417744e-08 +2.990000001e+01 +2.990000001e+01
78646 +9.533703604e-09 +9.533703604e-09 +2.990000001e+01 +2.990000001e+01
% function evaluation | noise-free fitness - Fopt (3.843000000000e+02) | best noise-free fitness - Fopt | measured fitness | best measured fitness | x1 | x2...
1 +1.181554850e+06 +1.181554850e+06 +1.181939150e+06 +1.181939150e+06
42 +9.063016407e+05 +9.063016407e+05 +9.066859407e+05 +9.066859407e+05
63 +4.496864753e+05 +4.496864753e+05 +4.500707753e+05 +4.500707753e+05
92 +3.892809651e+05 +3.892809651e+05 +3.896652651e+05 +3.896652651e+05
206 +1.564847530e+05 +1.564847530e+05 +1.568690530e+05 +1.568690530e+05
333 +6.968191419e+04 +6.968191419e+04 +7.006621419e+04 +7.006621419e+04
362 +6.030004903e+04 +6.030004903e+04 +6.068434903e+04 +6.068434903e+04
438 +3.484992267e+04 +3.484992267e+04 +3.523422267e+04 +3.523422267e+04
452 +1.612157039e+04 +1.612157039e+04 +1.650587039e+04 +1.650587039e+04
510 +1.453154824e+04 +1.453154824e+04 +1.491584824e+04 +1.491584824e+04
624 +7.884744198e+03 +7.884744198e+03 +8.269044198e+03 +8.269044198e+03
728 +5.597341776e+03 +5.597341776e+03 +5.981641776e+03 +5.981641776e+03
865 +3.803235987e+03 +3.803235987e+03 +4.187535987e+03 +4.187535987e+03
906 +2.272914678e+03 +2.272914678e+03 +2.657214678e+03 +2.657214678e+03
1034 +1.522006548e+03 +1.522006548e+03 +1.906306548e+03 +1.906306548e+03
1079 +9.868021381e+02 +9.868021381e+02 +1.371102138e+03 +1.371102138e+03
1268 +5.656724517e+02 +5.656724517e+02 +9.499724517e+02 +9.499724517e+02
1338 +3.684452584e+02 +3.684452584e+02 +7.527452584e+02 +7.527452584e+02
1444 +2.442851358e+02 +2.442851358e+02 +6.285851358e+02 +6.285851358e+02
1656 +1.353283389e+02 +1.353283389e+02 +5.196283389e+02 +5.196283389e+02
1839 +9.886747899e+01 +9.886747899e+01 +4.831674790e+02 +4.831674790e+02
2054 +6.296836955e+01 +6.296836955e+01 +4.472683695e+02 +4.472683695e+02
2899 +3.947814091e+01 +3.947814091e+01 +4.237781409e+02 +4.237781409e+02
23123 +2.511449847e+01 +2.511449847e+01 +4.094144985e+02 +4.094144985e+02
40272 +1.583279249e+01 +1.583279249e+01 +4.001327925e+02 +4.001327925e+02
51498 +9.986029723e+00 +9.986029723e+00 +3.942860297e+02 +3.942860297e+02
58374 +6.295327819e+00 +6.295327819e+00 +3.905953278e+02 +3.905953278e+02
63354 +3.971982911e+00 +3.971982911e+00 +3.882719829e+02 +3.882719829e+02
65959 +2.500383262e+00 +2.500383262e+00 +3.868003833e+02 +3.868003833e+02
68138 +1.582416076e+00 +1.582416076e+00 +3.858824161e+02 +3.858824161e+02
69496 +9.919613732e-01 +9.919613732e-01 +3.852919614e+02 +3.852919614e+02
70849 +6.286040549e-01 +6.286040549e-01 +3.849286041e+02 +3.849286041e+02
71759 +3.926394353e-01 +3.926394353e-01 +3.846926394e+02 +3.846926394e+02
72570 +2.474898110e-01 +2.474898110e-01 +3.845474898e+02 +3.845474898e+02
73210 +1.565986815e-01 +1.565986815e-01 +3.844565987e+02 +3.844565987e+02
73814 +9.942527880e-02 +9.942527880e-02 +3.843994253e+02 +3.843994253e+02
74338 +6.033930530e-02 +6.033930530e-02 +3.843603393e+02 +3.843603393e+02
74776 +3.836609933e-02 +3.836609933e-02 +3.843383661e+02 +3.843383661e+02
75077 +2.481724040e-02 +2.481724040e-02 +3.843248172e+02 +3.843248172e+02
75379 +1.572556730e-02 +1.572556730e-02 +3.843157256e+02 +3.843157256e+02
75711 +9.993935967e-03 +9.993935967e-03 +3.843099939e+02 +3.843099939e+02
75933 +6.168099117e-03 +6.168099117e-03 +3.843061681e+02 +3.843061681e+02
76217 +3.915623238e-03 +3.915623238e-03 +3.843039156e+02 +3.843039156e+02
76481 +2.231889685e-03 +2.231889685e-03 +3.843022319e+02 +3.843022319e+02
76783 +1.552741546e-03 +1.552741546e-03 +3.843015527e+02 +3.843015527e+02
77093 +9.577088849e-04 +9.577088849e-04 +3.843009577e+02 +3.843009577e+02
77275 +6.293406407e-04 +6.293406407e-04 +3.843006293e+02 +3.843006293e+02
77455 +3.774511336e-04 +3.774511336e-04 +3.843003775e+02 +3.843003775e+02
77645 +2.392219338e-04 +2.392219338e-04 +3.843002392e+02 +3.843002392e+02
77904 +1.521249678e-04 +1.521249678e-04 +3.843001521e+02 +3.843001521e+02
78072 +9.202471625e-05 +9.202471625e-05 +3.843000920e+02 +3.843000920e+02
78176 +5.778240239e-05 +5.778240239e-05 +3.843000578e+02 +3.843000578e+02
78457 +3.744349982e-05 +3.744349982e-05 +3.843000374e+02 +3.843000374e+02
78597 +2.415203198e-05 +2.415203198e-05 +3.843000242e+02 +3.843000242e+02
78752 +1.569422295e-05 +1.569422295e-05 +3.843000157e+02 +3.843000157e+02
78899 +9.571981536e-06 +9.571981536e-06 +3.843000096e+02 +3.843000096e+02
79161 +5.962696434e-06 +5.962696434e-06 +3.843000060e+02 +3.843000060e+02
79345 +3.837590953e-06 +3.837590953e-06 +3.843000038e+02 +3.843000038e+02
79463 +2.367795616e-06 +2.367795616e-06 +3.843000024e+02 +3.843000024e+02
79682 +1.563570891e-06 +1.563570891e-06 +3.843000016e+02 +3.843000016e+02
79731 +8.221556982e-07 +8.221556982e-07 +3.843000008e+02 +3.843000008e+02
80003 +4.706547543e-07 +4.706547543e-07 +3.843000005e+02 +3.843000005e+02
80103 +3.358402978e-07 +3.358402978e-07 +3.843000003e+02 +3.843000003e+02
80260 +2.237180183e-07 +2.237180183e-07 +3.843000002e+02 +3.843000002e+02
80394 +1.542033488e-07 +1.542033488e-07 +3.843000002e+02 +3.843000002e+02
80527 +8.941856322e-08 +8.941856322e-08 +3.843000001e+02 +3.843000001e+02
80679 +6.223990567e-08 +6.223990567e-08 +3.843000001e+02 +3.843000001e+02
80828 +3.381711622e-08 +3.381711622e-08 +3.843000000e+02 +3.843000000e+02
81023 +2.372439667e-08 +2.372439667e-08 +3.843000000e+02 +3.843000000e+02
81119 +1.538415972e-08 +1.538415972e-08 +3.843000000e+02 +3.843000000e+02
81208 +9.896496067e-09 +9.896496067e-09 +3.843000000e+02 +3.843000000e+02
% function evaluation | noise-free fitness - Fopt (1.751800000000e+02) | best noise-free fitness - Fopt | measured fitness | best measured fitness | x1 | x2...
1 +3.757598728e+05 +3.757598728e+05 +3.759350528e+05 +3.759350528e+05
138 +9.980036629e+04 +9.980036629e+04 +9.997554629e+04 +9.997554629e+04
320 +4.064030412e+04 +4.064030412e+04 +4.081548412e+04 +4.081548412e+04
356 +3.637321052e+04 +3.637321052e+04 +3.654839052e+04 +3.654839052e+04
435 +2.153887219e+04 +2.153887219e+04 +2.171405219e+04 +2.171405219e+04
478 +1.001975719e+04 +1.001975719e+04 +1.019493719e+04 +1.019493719e+04
559 +9.453482403e+03 +9.453482403e+03 +9.628662403e+03 +9.628662403e+03
608 +4.080508086e+03 +4.080508086e+03 +4.255688086e+03 +4.255688086e+03
687 +3.314716655e+03 +3.314716655e+03 +3.489896655e+03 +3.489896655e+03
792 +2.192189113e+03 +2.192189113e+03 +2.367369113e+03 +2.367369113e+03
905 +1.570703577e+03 +1.570703577e+03 +1.745883577e+03 +1.745883577e+03
951 +9.888694339e+02 +9.888694339e+02 +1.164049434e+03 +1.164049434e+03
1004 +6.295764869e+02 +6.295764869e+02 +8.047564869e+02 +8.047564869e+02
1277 +3.674608124e+02 +3.674608124e+02 +5.426408124e+02 +5.426408124e+02
1474 +2.498019317e+02 +2.498019317e+02 +4.249819317e+02 +4.249819317e+02
1685 +1.469260820e+02 +1.469260820e+02 +3.221060820e+02 +3.221060820e+02
3176 +9.988194543e+01 +9.988194543e+01 +2.750619454e+02 +2.750619454e+02
4523 +6.200819884e+01 +6.200819884e+01 +2.371881988e+02 +2.371881988e+02
5145 +3.949378606e+01 +3.949378606e+01 +2.146737861e+02 +2.146737861e+02
20111 +2.510662807e+01 +2.510662807e+01 +2.002866281e+02 +2.002866281e+02
37044 +1.578078429e+01 +1.578078429e+01 +1.909607843e+02 +1.909607843e+02
48258 +9.988167106e+00 +9.988167106e+00 +1.851681671e+02 +1.851681671e+02
55666 +6.286306415e+00 +6.286306415e+00 +1.814663064e+02 +1.814663064e+02
59918 +3.977018050e+00 +3.977018050e+00 +1.791570180e+02 +1.791570180e+02
62983 +2.498913573e+00 +2.498913573e+00 +1.776789136e+02 +1.776789136e+02
64352 +1.582736418e+00 +1.582736418e+00 +1.767627364e+02 +1.767627364e+02
65817 +9.961852876e-01 +9.961852876e-01 +1.761761853e+02 +1.761761853e+02
67065 +6.221577786e-01 +6.221577786e-01 +1.758021578e+02 +1.758021578e+02
68247 +3.866201258e-01 +3.866201258e-01 +1.755666201e+02 +1.755666201e+02
69070 +2.505600922e-01 +2.505600922e-01 +1.754305601e+02 +1.754305601e+02
69775 +1.563736705e-01 +1.563736705e-01 +1.753363737e+02 +1.753363737e+02
70178 +9.958359389e-02 +9.958359389e-02 +1.752795836e+02 +1.752795836e+02
70714 +5.984673210e-02 +5.984673210e-02 +1.752398467e+02 +1.752398467e+02
71222 +3.778560734e-02 +3.778560734e-02 +1.752177856e+02 +1.752177856e+02
71731 +2.506294394e-02 +2.506294394e-02 +1.752050629e+02 +1.752050629e+02
72109 +1.507984593e-02 +1.507984593e-02 +1.751950798e+02 +1.751950798e+02
72510 +9.677925353e-03 +9.677925353e-03 +1.751896779e+02 +1.751896779e+02
72712 +5.737600054e-03 +5.737600054e-03 +1.751857376e+02 +1.751857376e+02
72923 +3.956055335e-03 +3.956055335e-03 +1.751839561e+02 +1.751839561e+02
73229 +2.428120766e-03 +2.428120766e-03 +1.751824281e+02 +1.751824281e+02
73377 +1.563891818e-03 +1.563891818e-03 +1.751815639e+02 +1.751815639e+02
73614 +9.765862761e-04 +9.765862761e-04 +1.751809766e+02 +1.751809766e+02
73812 +5.885903619e-04 +5.885903619e-04 +1.751805886e+02 +1.751805886e+02
73909 +3.887759090e-04 +3.887759090e-04 +1.751803888e+02 +1.751803888e+02
74135 +2.354819317e-04 +2.354819317e-04 +1.751802355e+02 +1.751802355e+02
74526 +1.547922942e-04 +1.547922942e-04 +1.751801548e+02 +1.751801548e+02
74587 +9.745490038e-05 +9.745490038e-05 +1.751800975e+02 +1.751800975e+02
74819 +6.153105249e-05 +6.153105249e-05 +1.751800615e+02 +1.751800615e+02
74842 +3.906556307e-05 +3.906556307e-05 +1.751800391e+02 +1.751800391e+02
75109 +2.385013806e-05 +2.385013806e-05 +1.751800239e+02 +1.751800239e+02
75289 +1.194588563e-05 +1.194588563e-05 +1.751800119e+02 +1.751800119e+02
75482 +9.404223363e-06 +9.404223363e-06 +1.751800094e+02 +1.751800094e+02
75575 +6.282422561e-06 +6.282422561e-06 +1.751800063e+02 +1.751800063e+02
75712 +3.408199717e-06 +3.408199717e-06 +1.751800034e+02 +1.751800034e+02
75943 +2.397245936e-06 +2.397245936e-06 +1.751800024e+02 +1.751800024e+02
76028 +1.581115981e-06 +1.581115981e-06 +1.751800016e+02 +1.751800016e+02
76217 +9.253654980e-07 +9.253654980e-07 +1.751800009e+02 +1.751800009e+02
76338 +6.274324562e-07 +6.274324562e-07 +1.751800006e+02 +1.751800006e+02
76540 +3.431872528e-07 +3.431872528e-07 +1.751800003e+02 +1.751800003e+02
76628 +2.484161143e-07 +2.484161143e-07 +1.751800002e+02 +1.751800002e+02
76870 +1.539586663e-07 +1.539586663e-07 +1.751800002e+02 +1.751800002e+02
77027 +9.976554338e-08 +9.976554338e-08 +1.751800001e+02 +1.751800001e+02
77213 +6.096081506e-08 +6.096081506e-08 +1.751800001e+02 +1.751800001e+02
77391 +3.540199600e-08 +3.540199600e-08 +1.751800000e+02 +1.751800000e+02
77485 +2.099994845e-08 +2.099994845e-08 +1.751800000e+02 +1.751800000e+02
77575 +1.387826387e-08 +1.387826387e-08 +1.751800000e+02 +1.751800000e+02
77849 +8.765567827e-09 +8.765567827e-09 +1.751800000e+02 +1.751800000e+02
77852 +6.004285069e-09 +6.004285069e-09 +1.751800000e+02 +1.751800000e+02
% function evaluation | noise-free fitness - Fopt (-1.185700000000e+02) | best noise-free fitness - Fopt | measured fitness | best measured fitness | x1 | x2...
1 +9.806024074e+05 +9.806024074e+05 +9.804838374e+05 +9.804838374e+05
92 +5.716482957e+05 +5.716482957e+05 +5.715297257e+05 +5.715297257e+05
96 +3.769923198e+05 +3.769923198e+05 +3.768737498e+05 +3.768737498e+05
147 +2.196627860e+05 +2.196627860e+05 +2.195442160e+05 +2.195442160e+05
160 +1.488059159e+05 +1.488059159e+05 +1.486873459e+05 +1.486873459e+05
207 +7.370243048e+04 +7.370243048e+04 +7.358386048e+04 +7.358386048e+04
284 +3.942148774e+04 +3.942148774e+04 +3.930291774e+04 +3.930291774e+04
434 +1.698013931e+04 +1.698013931e+04 +1.686156931e+04 +1.686156931e+04
547 +1.522094621e+04 +1.522094621e+04 +1.510237621e+04 +1.510237621e+04
574 +8.655468459e+03 +8.655468459e+03 +8.536898459e+03 +8.536898459e+03
674 +5.771075364e+03 +5.771075364e+03 +5.652505364e+03 +5.652505364e+03
748 +3.560628499e+03 +3.560628499e+03 +3.442058499e+03 +3.442058499e+03
767 +2.117874048e+03 +2.117874048e+03 +1.999304048e+03 +1.999304048e+03
866 +1.250766167e+03 +1.250766167e+03 +1.132196167e+03 +1.132196167e+03
883 +9.927765764e+02 +9.927765764e+02 +8.742065764e+02 +8.742065764e+02
1064 +6.225256700e+02 +6.225256700e+02 +5.039556700e+02 +5.039556700e+02
1150 +3.934300052e+02 +3.934300052e+02 +2.748600052e+02 +2.748600052e+02
1236 +2.261900229e+02 +2.261900229e+02 +1.076200229e+02 +1.076200229e+02
1482 +1.550598092e+02 +1.550598092e+02 +3.648980915e+01 +3.648980915e+01
1624 +8.643219479e+01 +8.643219479e+01 -3.213780521e+01 -3.213780521e+01
1849 +5.777774819e+01 +5.777774819e+01 -6.079225181e+01 -6.079225181e+01
2341 +3.971656050e+01 +3.971656050e+01 -7.885343950e+01 -7.885343950e+01
21021 +2.509081133e+01 +2.509081133e+01 -9.347918867e+01 -9.347918867e+01
37870 +1.583683224e+01 +1.583683224e+01 -1.027331678e+02 -1.027331678e+02
48778 +9.997549555e+00 +9.997549555e+00 -1.085724504e+02 -1.085724504e+02
56435 +6.304582236e+00 +6.304582236e+00 -1.122654178e+02 -1.122654178e+02
61476 +3.951710461e+00 +3.951710461e+00 -1.146182895e+02 -1.146182895e+02
64144 +2.501248876e+00 +2.501248876e+00 -1.160687511e+02 -1.160687511e+02
66309 +1.557146234e+00 +1.557146234e+00 -1.170128538e+02 -1.170128538e+02
68228 +9.982470614e-01 +9.982470614e-01 -1.175717529e+02 -1.175717529e+02
69333 +6.265376359e-01 +6.265376359e-01 -1.179434624e+02 -1.179434624e+02
70232 +3.868619001e-01 +3.868619001e-01 -1.181831381e+02 -1.181831381e+02
71060 +2.440927775e-01 +2.440927775e-01 -1.183259072e+02 -1.183259072e+02
71634 +1.582433089e-01 +1.582433089e-01 -1.184117567e+02 -1.184117567e+02
72076 +9.245076192e-02 +9.245076192e-02 -1.184775492e+02 -1.184775492e+02
72512 +6.250553480e-02 +6.250553480e-02 -1.185074945e+02 -1.185074945e+02
72941 +3.848366246e-02 +3.848366246e-02 -1.185315163e+02 -1.185315163e+02
73371 +2.452133129e-02 +2.452133129e-02 -1.185454787e+02 -1.185454787e+02
73721 +1.551868148e-02 +1.551868148e-02 -1.185544813e+02 -1.185544813e+02
74003 +9.557643491e-03 +9.557643491e-03 -1.185604424e+02 -1.185604424e+02
74403 +6.128774123e-03 +6.128774123e-03 -1.185638712e+02 -1.185638712e+02
74643 +3.952932638e-03 +3.952932638e-03 -1.185660471e+02 -1.185660471e+02
74857 +2.294721856e-03 +2.294721856e-03 -1.185677053e+02 -1.185677053e+02
75061 +1.502785652e-03 +1.502785652e-03 -1.185684972e+02 -1.185684972e+02
75153 +8.928322193e-04 +8.928322193e-04 -1.185691072e+02 -1.185691072e+02
75494 +6.138699604e-04 +6.138699604e-04 -1.185693861e+02 -1.185693861e+02
75599 +3.538020206e-04 +3.538020206e-04 -1.185696462e+02 -1.185696462e+02
75946 +2.495421444e-04 +2.495421444e-04 -1.185697505e+02 -1.185697505e+02
76082 +1.355292867e-04 +1.355292867e-04 -1.185698645e+02 -1.185698645e+02
76275 +7.512248115e-05 +7.512248115e-05 -1.185699249e+02 -1.185699249e+02
76358 +5.950372781e-05 +5.950372781e-05 -1.185699405e+02 -1.185699405e+02
76619 +3.737104616e-05 +3.737104616e-05 -1.185699626e+02 -1.185699626e+02
76883 +2.470322613e-05 +2.470322613e-05 -1.185699753e+02 -1.185699753e+02
77070 +1.517175797e-05 +1.517175797e-05 -1.185699848e+02 -1.185699848e+02
77314 +9.865826826e-06 +9.865826826e-06 -1.185699901e+02 -1.185699901e+02
77581 +6.191455768e-06 +6.191455768e-06 -1.185699938e+02 -1.185699938e+02
77713 +3.434070564e-06 +3.434070564e-06 -1.185699966e+02 -1.185699966e+02
77866 +2.432884500e-06 +2.432884500e-06 -1.185699976e+02 -1.185699976e+02
77996 +1.442538661e-06 +1.442538661e-06 -1.185699986e+02 -1.185699986e+02
78130 +9.650009645e-07 +9.650009645e-07 -1.185699990e+02 -1.185699990e+02
78301 +6.287623364e-07 +6.287623364e-07 -1.185699994e+02 -1.185699994e+02
78545 +3.519006242e-07 +3.519006242e-07 -1.185699996e+02 -1.185699996e+02
78707 +2.470082592e-07 +2.470082592e-07 -1.185699998e+02 -1.185699998e+02
78817 +1.410826513e-07 +1.410826513e-07 -1.185699999e+02 -1.185699999e+02
78896 +9.046240734e-08 +9.046240734e-08 -1.185699999e+02 -1.185699999e+02
79087 +5.744924181e-08 +5.744924181e-08 -1.185699999e+02 -1.185699999e+02
79227 +3.371742707e-08 +3.371742707e-08 -1.185700000e+02 -1.185700000e+02
79342 +2.499162122e-08 +2.499162122e-08 -1.185700000e+02 -1.185700000e+02
79578 +1.531067539e-08 +1.531067539e-08 -1.185700000e+02 -1.185700000e+02
79765 +9.778844401e-09 +9.778844401e-09 -1.185700000e+02 -1.185700000e+02
% function evaluation | noise-free fitness - Fopt (-1.022300000000e+02) | best noise-free fitness - Fopt | measured fitness | best measured fitness | x1 | x2...
1 +6.878563598e+05 +6.878563598e+05 +6.877541298e+05 +6.877541298e+05
38 +5.666437421e+05 +5.666437421e+05 +5.665415121e+05 +5.665415121e+05
76 +3.761564652e+05 +3.761564652e+05 +3.760542352e+05 +3.760542352e+05
114 +2.421143168e+05 +2.421143168e+05 +2.420120868e+05 +2.420120868e+05
125 +1.307478056e+05 +1.307478056e+05 +1.306455756e+05 +1.306455756e+05
233 +7.681996386e+04 +7.681996386e+04 +7.671773386e+04 +7.671773386e+04
265 +5.011035800e+04 +5.011035800e+04 +5.000812800e+04 +5.000812800e+04
360 +3.854700774e+04 +3.854700774e+04 +3.844477774e+04 +3.844477774e+04
377 +1.862578346e+04 +1.862578346e+04 +1.852355346e+04 +1.852355346e+04
419 +9.377129027e+03 +9.377129027e+03 +9.274899027e+03 +9.274899027e+03
614 +5.483311742e+03 +5.483311742e+03 +5.381081742e+03 +5.381081742e+03
659 +3.568837044e+03 +3.568837044e+03 +3.466607044e+03 +3.466607044e+03
697 +2.000224931e+03 +2.000224931e+03 +1.897994931e+03 +1.897994931e+03
855 +1.153013127e+03 +1.153013127e+03 +1.050783127e+03 +1.050783127e+03
962 +9.335217255e+02 +9.335217255e+02 +8.312917255e+02 +8.312917255e+02
1145 +5.921152197e+02 +5.921152197e+02 +4.898852197e+02 +4.898852197e+02
1222 +3.835699592e+02 +3.835699592e+02 +2.813399592e+02 +2.813399592e+02
1615 +2.488458199e+02 +2.488458199e+02 +1.466158199e+02 +1.466158199e+02
2041 +1.535593995e+02 +1.535593995e+02 +5.132939955e+01 +5.132939955e+01
5755 +9.916345703e+01 +9.916345703e+01 -3.066542970e+00 -3.066542970e+00
6579 +6.158947075e+01 +6.158947075e+01 -4.064052925e+01 -4.064052925e+01
7270 +3.934131418e+01 +3.934131418e+01 -6.288868582e+01 -6.288868582e+01
23618 +2.511671185e+01 +2.511671185e+01 -7.711328815e+01 -7.711328815e+01
41155 +1.584790805e+01 +1.584790805e+01 -8.638209195e+01 -8.638209195e+01
52563 +9.964641289e+00 +9.964641289e+00 -9.226535871e+01 -9.226535871e+01
60083 +6.302494296e+00 +6.302494296e+00 -9.592750570e+01 -9.592750570e+01
64637 +3.973735993e+00 +3.973735993e+00 -9.825626401e+01 -9.825626401e+01
67616 +2.483683609e+00 +2.483683609e+00 -9.974631639e+01 -9.974631639e+01
69730 +1.549049108e+00 +1.549049108e+00 -1.006809509e+02 -1.006809509e+02
70944 +9.971908393e-01 +9.971908393e-01 -1.012328092e+02 -1.012328092e+02
72518 +6.209627400e-01 +6.209627400e-01 -1.016090373e+02 -1.016090373e+02
73224 +3.929070019e-01 +3.929070019e-01 -1.018370930e+02 -1.018370930e+02
73940 +2.478214503e-01 +2.478214503e-01 -1.019821785e+02 -1.019821785e+02
74765 +1.570455649e-01 +1.570455649e-01 -1.020729544e+02 -1.020729544e+02
75346 +9.688321255e-02 +9.688321255e-02 -1.021331168e+02 -1.021331168e+02
75778 +6.054920150e-02 +6.054920150e-02 -1.021694508e+02 -1.021694508e+02
76210 +3.873138240e-02 +3.873138240e-02 -1.021912686e+02 -1.021912686e+02
76524 +2.466507569e-02 +2.466507569e-02 -1.022053349e+02 -1.022053349e+02
76935 +1.554810749e-02 +1.554810749e-02 -1.022144519e+02 -1.022144519e+02
77088 +9.906308483e-03 +9.906308483e-03 -1.022200937e+02 -1.022200937e+02
77434 +6.240689108e-03 +6.240689108e-03 -1.022237593e+02 -1.022237593e+02
77643 +3.882657471e-03 +3.882657471e-03 -1.022261173e+02 -1.022261173e+02
77886 +2.016189107e-03 +2.016189107e-03 -1.022279838e+02 -1.022279838e+02
78068 +1.511225003e-03 +1.511225003e-03 -1.022284888e+02 -1.022284888e+02
78258 +9.309721136e-04 +9.309721136e-04 -1.022290690e+02 -1.022290690e+02
78670 +5.828718161e-04 +5.828718161e-04 -1.022294171e+02 -1.022294171e+02
78828 +3.685626565e-04 +3.685626565e-04 -1.022296314e+02 -1.022296314e+02
79063 +2.317470386e-04 +2.317470386e-04 -1.022297683e+02 -1.022297683e+02
79289 +1.546994531e-04 +1.546994531e-04 -1.022298453e+02 -1.022298453e+02
79400 +9.960962289e-05 +9.960962289e-05 -1.022299004e+02 -1.022299004e+02
79686 +5.521639079e-05 +5.521639079e-05 -1.022299448e+02 -1.022299448e+02
79811 +3.667826351e-05 +3.667826351e-05 -1.022299633e+02 -1.022299633e+02
79991 +2.463684139e-05 +2.463684139e-05 -1.022299754e+02 -1.022299754e+02
80290 +1.576730941e-05 +1.576730941e-05 -1.022299842e+02 -1.022299842e+02
80354 +9.308400820e-06 +9.308400820e-06 -1.022299907e+02 -1.022299907e+02
80688 +5.568356187e-06 +5.568356187e-06 -1.022299944e+02 -1.022299944e+02
80914 +3.774118355e-06 +3.774118355e-06 -1.022299962e+02 -1.022299962e+02
81102 +2.431926575e-06 +2.431926575e-06 -1.022299976e+02 -1.022299976e+02
81284 +1.477049125e-06 +1.477049125e-06 -1.022299985e+02 -1.022299985e+02
81417 +9.510888646e-07 +9.510888646e-07 -1.022299990e+02 -1.022299990e+02
81776 +6.209678816e-07 +6.209678816e-07 -1.022299994e+02 -1.022299994e+02
81877 +3.941866851e-07 +3.941866851e-07 -1.022299996e+02 -1.022299996e+02
82041 +2.450580325e-07 +2.450580325e-07 -1.022299998e+02 -1.022299998e+02
82274 +1.580328757e-07 +1.580328757e-07 -1.022299998e+02 -1.022299998e+02
82347 +9.857389216e-08 +9.857389216e-08 -1.022299999e+02 -1.022299999e+02
82392 +6.175923772e-08 +6.175923772e-08 -1.022299999e+02 -1.022299999e+02
82668 +3.327346576e-08 +3.327346576e-08 -1.022300000e+02 -1.022300000e+02
82883 +2.419521650e-08 +2.419521650e-08 -1.022300000e+02 -1.022300000e+02
82961 +1.446213105e-08 +1.446213105e-08 -1.022300000e+02 -1.022300000e+02
83189 +9.879343565e-09 +9.879343565e-09 -1.022300000e+02 -1.022300000e+02
% function evaluation | noise-free fitness - Fopt (-1.762200000000e+02) | best noise-free fitness - Fopt | measured fitness | best measured fitness | x1 | x2...
1 +6.448025795e+05 +6.448025795e+05 +6.446263595e+05 +6.446263595e+05
19 +5.233956719e+05 +5.233956719e+05 +5.232194519e+05 +5.232194519e+05
52 +1.760047513e+05 +1.760047513e+05 +1.758285313e+05 +1.758285313e+05
130 +1.356276790e+05 +1.356276790e+05 +1.354514590e+05 +1.354514590e+05
198 +8.211847553e+04 +8.211847553e+04 +8.194225553e+04 +8.194225553e+04
221 +4.807791111e+04 +4.807791111e+04 +4.790169111e+04 +4.790169111e+04
236 +3.878394276e+04 +3.878394276e+04 +3.860772276e+04 +3.860772276e+04
274 +1.528522868e+04 +1.528522868e+04 +1.510900868e+04 +1.510900868e+04
513 +9.792178267e+03 +9.792178267e+03 +9.615958267e+03 +9.615958267e+03
577 +5.800458161e+03 +5.800458161e+03 +5.624238161e+03 +5.624238161e+03
580 +2.334584557e+03 +2.334584557e+03 +2.158364557e+03 +2.158364557e+03
833 +1.402301701e+03 +1.402301701e+03 +1.226081701e+03 +1.226081701e+03
891 +9.588897281e+02 +9.588897281e+02 +7.826697281e+02 +7.826697281e+02
1121 +5.875582384e+02 +5.875582384e+02 +4.113382384e+02 +4.113382384e+02
1187 +3.776733487e+02 +3.776733487e+02 +2.014533487e+02 +2.014533487e+02
1501 +2.496016675e+02 +2.496016675e+02 +7.338166752e+01 +7.338166752e+01
1788 +1.557631750e+02 +1.557631750e+02 -2.045682496e+01 -2.045682496e+01
2134 +9.000945286e+01 +9.000945286e+01 -8.621054714e+01 -8.621054714e+01
2366 +5.971125984e+01 +5.971125984e+01 -1.165087402e+02 -1.165087402e+02
3260 +3.979392928e+01 +3.979392928e+01 -1.364260707e+02 -1.364260707e+02
31451 +2.511613531e+01 +2.511613531e+01 -1.511038647e+02 -1.511038647e+02
49104 +1.583036120e+01 +1.583036120e+01 -1.603896388e+02 -1.603896388e+02
60538 +9.983561601e+00 +9.983561601e+00 -1.662364384e+02 -1.662364384e+02
68118 +6.290744609e+00 +6.290744609e+00 -1.699292554e+02 -1.699292554e+02
72869 +3.978672395e+00 +3.978672395e+00 -1.722413276e+02 -1.722413276e+02
75906 +2.500251451e+00 +2.500251451e+00 -1.737197485e+02 -1.737197485e+02
77825 +1.559886942e+00 +1.559886942e+00 -1.746601131e+02 -1.746601131e+02
78973 +9.896354993e-01 +9.896354993e-01 -1.752303645e+02 -1.752303645e+02
80616 +6.214550080e-01 +6.214550080e-01 -1.755985450e+02 -1.755985450e+02
81635 +3.937517594e-01 +3.937517594e-01 -1.758262482e+02 -1.758262482e+02
82340 +2.503753683e-01 +2.503753683e-01 -1.759696246e+02 -1.759696246e+02
83047 +1.553840226e-01 +1.553840226e-01 -1.760646160e+02 -1.760646160e+02
83472 +9.933896202e-02 +9.933896202e-02 -1.761206610e+02 -1.761206610e+02
84041 +6.236877073e-02 +6.236877073e-02 -1.761576312e+02 -1.761576312e+02
84519 +3.939667361e-02 +3.939667361e-02 -1.761806033e+02 -1.761806033e+02
84787 +2.494441469e-02 +2.494441469e-02 -1.761950556e+02 -1.761950556e+02
85129 +1.531135965e-02 +1.531135965e-02 -1.762046886e+02 -1.762046886e+02
85498 +9.857708274e-03 +9.857708274e-03 -1.762101423e+02 -1.762101423e+02
85678 +6.162238741e-03 +6.162238741e-03 -1.762138378e+02 -1.762138378e+02
85887 +3.635532019e-03 +3.635532019e-03 -1.762163645e+02 -1.762163645e+02
86018 +2.479790039e-03 +2.479790039e-03 -1.762175202e+02 -1.762175202e+02
86318 +1.534698396e-03 +1.534698396e-03 -1.762184653e+02 -1.762184653e+02
86499 +9.592964771e-04 +9.592964771e-04 -1.762190407e+02 -1.762190407e+02
86774 +5.930647695e-04 +5.930647695e-04 -1.762194069e+02 -1.762194069e+02
86973 +3.922119503e-04 +3.922119503e-04 -1.762196078e+02 -1.762196078e+02
87208 +2.445901605e-04 +2.445901605e-04 -1.762197554e+02 -1.762197554e+02
87372 +1.563619266e-04 +1.563619266e-04 -1.762198436e+02 -1.762198436e+02
87569 +9.056033622e-05 +9.056033622e-05 -1.762199094e+02 -1.762199094e+02
87709 +5.826573897e-05 +5.826573897e-05 -1.762199417e+02 -1.762199417e+02
87865 +3.829566089e-05 +3.829566089e-05 -1.762199617e+02 -1.762199617e+02
88075 +2.493114036e-05 +2.493114036e-05 -1.762199751e+02 -1.762199751e+02
88136 +1.559864418e-05 +1.559864418e-05 -1.762199844e+02 -1.762199844e+02
88526 +9.845785826e-06 +9.845785826e-06 -1.762199902e+02 -1.762199902e+02
88694 +6.026561806e-06 +6.026561806e-06 -1.762199940e+02 -1.762199940e+02
88853 +3.743138706e-06 +3.743138706e-06 -1.762199963e+02 -1.762199963e+02
89018 +2.388860935e-06 +2.388860935e-06 -1.762199976e+02 -1.762199976e+02
89228 +1.057043789e-06 +1.057043789e-06 -1.762199989e+02 -1.762199989e+02
89267 +9.608714890e-07 +9.608714890e-07 -1.762199990e+02 -1.762199990e+02
89505 +6.068691221e-07 +6.068691221e-07 -1.762199994e+02 -1.762199994e+02
89736 +3.900492516e-07 +3.900492516e-07 -1.762199996e+02 -1.762199996e+02
89987 +2.245789688e-07 +2.245789688e-07 -1.762199998e+02 -1.762199998e+02
90107 +1.395211768e-07 +1.395211768e-07 -1.762199999e+02 -1.762199999e+02
90308 +9.723487437e-08 +9.723487437e-08 -1.762199999e+02 -1.762199999e+02
90425 +6.094950322e-08 +6.094950322e-08 -1.762199999e+02 -1.762199999e+02
90630 +2.976753422e-08 +2.976753422e-08 -1.762200000e+02 -1.762200000e+02
90673 +2.217515771e-08 +2.217515771e-08 -1.762200000e+02 -1.762200000e+02
90967 +1.576691488e-08 +1.576691488e-08 -1.762200000e+02 -1.762200000e+02
91147 +8.487631931e-09 +8.487631931e-09 -1.762200000e+02 -1.762200000e+02
91157 +5.686928262e-09 +5.686928262e-09 -1.762200000e+02 -1.762200000e+02
% function evaluation | noise-free fitness - Fopt (-5.721600000000e+02) | best noise-free fitness - Fopt | measured fitness | best measured fitness | x1 | x2...
1 +1.057187308e+06 +1.057187308e+06 +1.056615148e+06 +1.056615148e+06
21 +9.172945145e+05 +9.172945145e+05 +9.167223545e+05 +9.167223545e+05
22 +6.252194202e+05 +6.252194202e+05 +6.246472602e+05 +6.246472602e+05
86 +3.694147897e+05 +3.694147897e+05 +3.688426297e+05 +3.688426297e+05
152 +1.559972747e+05 +1.559972747e+05 +1.554251147e+05 +1.554251147e+05
247 +9.290264793e+04 +9.290264793e+04 +9.233048793e+04 +9.233048793e+04
321 +3.480127351e+04 +3.480127351e+04 +3.422911351e+04 +3.422911351e+04
505 +2.062548514e+04 +2.062548514e+04 +2.005332514e+04 +2.005332514e+04
572 +1.420465455e+04 +1.420465455e+04 +1.363249455e+04 +1.363249455e+04
622 +8.744026775e+03 +8.744026775e+03 +8.171866775e+03 +8.171866775e+03
718 +5.051278968e+03 +5.051278968e+03 +4.479118968e+03 +4.479118968e+03
802 +3.344362143e+03 +3.344362143e+03 +2.772202143e+03 +2.772202143e+03
864 +2.377623190e+03 +2.377623190e+03 +1.805463190e+03 +1.805463190e+03
878 +1.193736643e+03 +1.193736643e+03 +6.215766433e+02 +6.215766433e+02
978 +9.303579511e+02 +9.303579511e+02 +3.581979511e+02 +3.581979511e+02
1108 +6.049925328e+02 +6.049925328e+02 +3.283253275e+01 +3.283253275e+01
1215 +3.842510216e+02 +3.842510216e+02 -1.879089784e+02 -1.879089784e+02
1361 +2.484572678e+02 +2.484572678e+02 -3.237027322e+02 -3.237027322e+02
1469 +1.369991543e+02 +1.369991543e+02 -4.351608457e+02 -4.351608457e+02
1722 +9.020204607e+01 +9.020204607e+01 -4.819579539e+02 -4.819579539e+02
1931 +5.962414414e+01 +5.962414414e+01 -5.125358559e+02 -5.125358559e+02
2436 +3.979503130e+01 +3.979503130e+01 -5.323649687e+02 -5.323649687e+02
18163 +2.511449511e+01 +2.511449511e+01 -5.470455049e+02 -5.470455049e+02
35266 +1.584211172e+01 +1.584211172e+01 -5.563178883e+02 -5.563178883e+02
47326 +9.997883022e+00 +9.997883022e+00 -5.621621170e+02 -5.621621170e+02
54920 +6.300415995e+00 +6.300415995e+00 -5.658595840e+02 -5.658595840e+02
59708 +3.967740515e+00 +3.967740515e+00 -5.681922595e+02 -5.681922595e+02
62958 +2.505553027e+00 +2.505553027e+00 -5.696544470e+02 -5.696544470e+02
65302 +1.582534343e+00 +1.582534343e+00 -5.705774657e+02 -5.705774657e+02
66760 +9.998849093e-01 +9.998849093e-01 -5.711601151e+02 -5.711601151e+02
68122 +6.282151170e-01 +6.282151170e-01 -5.715317849e+02 -5.715317849e+02
69003 +3.952531182e-01 +3.952531182e-01 -5.717647469e+02 -5.717647469e+02
69691 +2.439437092e-01 +2.439437092e-01 -5.719160563e+02 -5.719160563e+02
70391 +1.567530380e-01 +1.567530380e-01 -5.720032470e+02 -5.720032470e+02
70948 +9.772763172e-02 +9.772763172e-02 -5.720622724e+02 -5.720622724e+02
71485 +6.286222608e-02 +6.286222608e-02 -5.720971378e+02 -5.720971378e+02
71912 +3.725720777e-02 +3.725720777e-02 -5.721227428e+02 -5.721227428e+02
72418 +2.508646843e-02 +2.508646843e-02 -5.721349135e+02 -5.721349135e+02
72682 +1.536830644e-02 +1.536830644e-02 -5.721446317e+02 -5.721446317e+02
73029 +9.877392767e-03 +9.877392767e-03 -5.721501226e+02 -5.721501226e+02
73367 +6.241004801e-03 +6.241004801e-03 -5.721537590e+02 -5.721537590e+02
73731 +3.802734947e-03 +3.802734947e-03 -5.721561973e+02 -5.721561973e+02
74019 +2.501032163e-03 +2.501032163e-03 -5.721574990e+02 -5.721574990e+02
74352 +1.388504159e-03 +1.388504159e-03 -5.721586115e+02 -5.721586115e+02
74534 +9.915231833e-04 +9.915231833e-04 -5.721590085e+02 -5.721590085e+02
74773 +6.275202355e-04 +6.275202355e-04 -5.721593725e+02 -5.721593725e+02
75057 +3.803543334e-04 +3.803543334e-04 -5.721596196e+02 -5.721596196e+02
75293 +2.336112913e-04 +2.336112913e-04 -5.721597664e+02 -5.721597664e+02
75456 +1.525845229e-04 +1.525845229e-04 -5.721598474e+02 -5.721598474e+02
75694 +9.915926546e-05 +9.915926546e-05 -5.721599008e+02 -5.721599008e+02
75895 +5.978935530e-05 +5.978935530e-05 -5.721599402e+02 -5.721599402e+02
76137 +3.857901720e-05 +3.857901720e-05 -5.721599614e+02 -5.721599614e+02
76232 +2.430815596e-05 +2.430815596e-05 -5.721599757e+02 -5.721599757e+02
76593 +1.474016176e-05 +1.474016176e-05 -5.721599853e+02 -5.721599853e+02
76704 +9.731852629e-06 +9.731852629e-06 -5.721599903e+02 -5.721599903e+02
76981 +5.109481435e-06 +5.109481435e-06 -5.721599949e+02 -5.721599949e+02
77212 +3.586268804e-06 +3.586268804e-06 -5.721599964e+02 -5.721599964e+02
77303 +2.381427180e-06 +2.381427180e-06 -5.721599976e+02 -5.721599976e+02
77430 +1.478675927e-06 +1.478675927e-06 -5.721599985e+02 -5.721599985e+02
77574 +9.324002122e-07 +9.324002122e-07 -5.721599991e+02 -5.721599991e+02
77810 +5.822220146e-07 +5.822220146e-07 -5.721599994e+02 -5.721599994e+02
77945 +3.823865882e-07 +3.823865882e-07 -5.721599996e+02 -5.721599996e+02
78197 +2.376482371e-07 +2.376482371e-07 -5.721599998e+02 -5.721599998e+02
78257 +1.391073283e-07 +1.391073283e-07 -5.721599999e+02 -5.721599999e+02
78454 +9.408370261e-08 +9.408370261e-08 -5.721599999e+02 -5.721599999e+02
78644 +5.782715107e-08 +5.782715107e-08 -5.721599999e+02 -5.721599999e+02
78833 +3.856803232e-08 +3.856803232e-08 -5.721600000e+02 -5.721600000e+02
79002 +2.371416485e-08 +2.371416485e-08 -5.721600000e+02 -5.721600000e+02
79184 +1.424984930e-08 +1.424984930e-08 -5.721600000e+02 -5.721600000e+02
79281 +9.917016541e-09 +9.917016541e-09 -5.721600000e+02 -5.721600000e+02
% function evaluation | noise-free fitness - Fopt (1.161600000000e+02) | best noise-free fitness - Fopt | measured fitness | best measured fitness | x1 | x2...
1 +3.914148297e+05 +3.914148297e+05 +3.915309897e+05 +3.915309897e+05
96 +2.239052399e+05 +2.239052399e+05 +2.240213999e+05 +2.240213999e+05
125 +9.121129007e+04 +9.121129007e+04 +9.132745007e+04 +9.132745007e+04
340 +5.644433479e+04 +5.644433479e+04 +5.656049479e+04 +5.656049479e+04
389 +3.508020605e+04 +3.508020605e+04 +3.519636605e+04 +3.519636605e+04
446 +2.374952366e+04 +2.374952366e+04 +2.386568366e+04 +2.386568366e+04
508 +1.267708384e+04 +1.267708384e+04 +1.279324384e+04 +1.279324384e+04
604 +8.993831785e+03 +8.993831785e+03 +9.109991785e+03 +9.109991785e+03
663 +6.131548747e+03 +6.131548747e+03 +6.247708747e+03 +6.247708747e+03
717 +3.802985993e+03 +3.802985993e+03 +3.919145993e+03 +3.919145993e+03
958 +2.036136643e+03 +2.036136643e+03 +2.152296643e+03 +2.152296643e+03
1002 +1.507415892e+03 +1.507415892e+03 +1.623575892e+03 +1.623575892e+03
1130 +8.473696718e+02 +8.473696718e+02 +9.635296718e+02 +9.635296718e+02
1161 +5.896603628e+02 +5.896603628e+02 +7.058203628e+02 +7.058203628e+02
1289 +3.888012958e+02 +3.888012958e+02 +5.049612958e+02 +5.049612958e+02
1427 +2.163718097e+02 +2.163718097e+02 +3.325318097e+02 +3.325318097e+02
1531 +1.423308298e+02 +1.423308298e+02 +2.584908298e+02 +2.584908298e+02
1689 +9.580461693e+01 +9.580461693e+01 +2.119646169e+02 +2.119646169e+02
1886 +5.981973734e+01 +5.981973734e+01 +1.759797373e+02 +1.759797373e+02
2448 +3.955847019e+01 +3.955847019e+01 +1.557184702e+02 +1.557184702e+02
21027 +2.509557774e+01 +2.509557774e+01 +1.412555777e+02 +1.412555777e+02
38193 +1.584530895e+01 +1.584530895e+01 +1.320053089e+02 +1.320053089e+02
49832 +9.980914623e+00 +9.980914623e+00 +1.261409146e+02 +1.261409146e+02
57053 +6.307250525e+00 +6.307250525e+00 +1.224672505e+02 +1.224672505e+02
61679 +3.981014270e+00 +3.981014270e+00 +1.201410143e+02 +1.201410143e+02
64520 +2.488951121e+00 +2.488951121e+00 +1.186489511e+02 +1.186489511e+02
66692 +1.578826759e+00 +1.578826759e+00 +1.177388268e+02 +1.177388268e+02
68442 +9.880248142e-01 +9.880248142e-01 +1.171480248e+02 +1.171480248e+02
69668 +6.228147057e-01 +6.228147057e-01 +1.167828147e+02 +1.167828147e+02
70640 +3.881163254e-01 +3.881163254e-01 +1.165481163e+02 +1.165481163e+02
71687 +2.481793561e-01 +2.481793561e-01 +1.164081794e+02 +1.164081794e+02
72408 +1.575835038e-01 +1.575835038e-01 +1.163175835e+02 +1.163175835e+02
72828 +9.986092706e-02 +9.986092706e-02 +1.162598609e+02 +1.162598609e+02
73297 +6.306337871e-02 +6.306337871e-02 +1.162230634e+02 +1.162230634e+02
73754 +3.646946869e-02 +3.646946869e-02 +1.161964695e+02 +1.161964695e+02
73968 +2.427709418e-02 +2.427709418e-02 +1.161842771e+02 +1.161842771e+02
74362 +1.583825847e-02 +1.583825847e-02 +1.161758383e+02 +1.161758383e+02
74664 +9.996701049e-03 +9.996701049e-03 +1.161699967e+02 +1.161699967e+02
75007 +6.054097590e-03 +6.054097590e-03 +1.161660541e+02 +1.161660541e+02
75204 +3.974274538e-03 +3.974274538e-03 +1.161639743e+02 +1.161639743e+02
75364 +2.434600534e-03 +2.434600534e-03 +1.161624346e+02 +1.161624346e+02
75552 +1.522499163e-03 +1.522499163e-03 +1.161615225e+02 +1.161615225e+02
75837 +9.568687543e-04 +9.568687543e-04 +1.161609569e+02 +1.161609569e+02
76027 +6.177893796e-04 +6.177893796e-04 +1.161606178e+02 +1.161606178e+02
76286 +3.932790552e-04 +3.932790552e-04 +1.161603933e+02 +1.161603933e+02
76505 +2.276949301e-04 +2.276949301e-04 +1.161602277e+02 +1.161602277e+02
76634 +1.461562860e-04 +1.461562860e-04 +1.161601462e+02 +1.161601462e+02
76758 +8.493371938e-05 +8.493371938e-05 +1.161600849e+02 +1.161600849e+02
77039 +6.147366469e-05 +6.147366469e-05 +1.161600615e+02 +1.161600615e+02
77240 +3.976867357e-05 +3.976867357e-05 +1.161600398e+02 +1.161600398e+02
77448 +2.498549846e-05 +2.498549846e-05 +1.161600250e+02 +1.161600250e+02
77594 +1.576344071e-05 +1.576344071e-05 +1.161600158e+02 +1.161600158e+02
77832 +9.704567532e-06 +9.704567532e-06 +1.161600097e+02 +1.161600097e+02
78005 +5.501578926e-06 +5.501578926e-06 +1.161600055e+02 +1.161600055e+02
78198 +3.662488425e-06 +3.662488425e-06 +1.161600037e+02 +1.161600037e+02
78396 +2.126077362e-06 +2.126077362e-06 +1.161600021e+02 +1.161600021e+02
78550 +1.568909042e-06 +1.568909042e-06 +1.161600016e+02 +1.161600016e+02
78672 +8.315209215e-07 +8.315209215e-07 +1.161600008e+02 +1.161600008e+02
78952 +5.724928940e-07 +5.724928940e-07 +1.161600006e+02 +1.161600006e+02
79089 +3.920533231e-07 +3.920533231e-07 +1.161600004e+02 +1.161600004e+02
79191 +2.365809735e-07 +2.365809735e-07 +1.161600002e+02 +1.161600002e+02
79308 +1.457424759e-07 +1.457424759e-07 +1.161600001e+02 +1.161600001e+02
79483 +6.773132100e-08 +6.773132100e-08 +1.161600001e+02 +1.161600001e+02
79553 +5.494565869e-08 +5.494565869e-08 +1.161600001e+02 +1.161600001e+02
79791 +3.888257538e-08 +3.888257538e-08 +1.161600000e+02 +1.161600000e+02
79892 +2.406127919e-08 +2.406127919e-08 +1.161600000e+02 +1.161600000e+02
79990 +1.550998263e-08 +1.550998263e-08 +1.161600000e+02 +1.161600000e+02
80166 +9.922601407e-09 +9.922601407e-09 +1.161600000e+02 +1.161600000e+02
