% function evaluation | noise-free fitness - Fopt (1.238300000000e+02) | best noise-free fitness - Fopt | measured fitness | best measured fitness | x1 | x2...
1 +7.319159164e+05 +7.319159164e+05 +7.320397464e+05 +7.320397464e+05
3 +6.051267931e+05 +6.051267931e+05 +6.052506231e+05 +6.052506231e+05
9 +3.755376208e+05 +3.755376208e+05 +3.756614508e+05 +3.756614508e+05
493 +2.406330092e+05 +2.406330092e+05 +2.407568392e+05 +2.407568392e+05
1419 +1.279959534e+05 +1.279959534e+05 +1.281197834e+05 +1.281197834e+05
2305 +9.545334397e+04 +9.545334397e+04 +9.557717397e+04 +9.557717397e+04
2736 +6.251641190e+04 +6.251641190e+04 +6.264024190e+04 +6.264024190e+04
3944 +3.493597953e+04 +3.493597953e+04 +3.505980953e+04 +3.505980953e+04
5672 +1.102285687e+04 +1.102285687e+04 +1.114668687e+04 +1.114668687e+04
7686 +8.622641361e+03 +8.622641361e+03 +8.746471361e+03 +8.746471361e+03
8350 +4.565766770e+03 +4.565766770e+03 +4.689596770e+03 +4.689596770e+03
10524 +3.570304130e+03 +3.570304130e+03 +3.694134130e+03 +3.694134130e+03
11093 +2.270067279e+03 +2.270067279e+03 +2.393897279e+03 +2.393897279e+03
12065 +1.519092605e+03 +1.519092605e+03 +1.642922605e+03 +1.642922605e+03
14631 +9.378447322e+02 +9.378447322e+02 +1.061674732e+03 +1.061674732e+03
16250 +5.760729467e+02 +5.760729467e+02 +6.999029467e+02 +6.999029467e+02
17020 +3.872530232e+02 +3.872530232e+02 +5.110830232e+02 +5.110830232e+02
19747 +2.481851445e+02 +2.481851445e+02 +3.720151445e+02 +3.720151445e+02
23621 +1.540592871e+02 +1.540592871e+02 +2.778892871e+02 +2.778892871e+02
27273 +9.804761138e+01 +9.804761138e+01 +2.218776114e+02 +2.218776114e+02
32008 +6.229792743e+01 +6.229792743e+01 +1.861279274e+02 +1.861279274e+02
45925 +3.976547188e+01 +3.976547188e+01 +1.635954719e+02 +1.635954719e+02
272070 +2.510636815e+01 +2.510636815e+01 +1.489363681e+02 +1.489363681e+02
481682 +1.582497533e+01 +1.582497533e+01 +1.396549753e+02 +1.396549753e+02
598424 +9.998515339e+00 +9.998515339e+00 +1.338285153e+02 +1.338285153e+02
683834 +6.306685590e+00 +6.306685590e+00 +1.301366856e+02 +1.301366856e+02
729373 +3.970790907e+00 +3.970790907e+00 +1.278007909e+02 +1.278007909e+02
760600 +2.506640454e+00 +2.506640454e+00 +1.263366405e+02 +1.263366405e+02
785488 +1.583786657e+00 +1.583786657e+00 +1.254137867e+02 +1.254137867e+02
803321 +9.899122688e-01 +9.899122688e-01 +1.248199123e+02 +1.248199123e+02
813139 +6.189261785e-01 +6.189261785e-01 +1.244489262e+02 +1.244489262e+02
821462 +3.877930424e-01 +3.877930424e-01 +1.242177930e+02 +1.242177930e+02
829265 +2.502711060e-01 +2.502711060e-01 +1.240802711e+02 +1.240802711e+02
843334 +1.549545037e-01 +1.549545037e-01 +1.239849545e+02 +1.239849545e+02
852220 +9.999181129e-02 +9.999181129e-02 +1.239299918e+02 +1.239299918e+02
861495 +6.268503253e-02 +6.268503253e-02 +1.238926850e+02 +1.238926850e+02
873302 +3.921520525e-02 +3.921520525e-02 +1.238692152e+02 +1.238692152e+02
878650 +2.445379836e-02 +2.445379836e-02 +1.238544538e+02 +1.238544538e+02
883018 +1.560208941e-02 +1.560208941e-02 +1.238456021e+02 +1.238456021e+02
887865 +9.222472446e-03 +9.222472446e-03 +1.238392225e+02 +1.238392225e+02
891646 +5.977077958e-03 +5.977077958e-03 +1.238359771e+02 +1.238359771e+02
895116 +3.847525366e-03 +3.847525366e-03 +1.238338475e+02 +1.238338475e+02
899616 +2.496160058e-03 +2.496160058e-03 +1.238324962e+02 +1.238324962e+02
906334 +1.552471904e-03 +1.552471904e-03 +1.238315525e+02 +1.238315525e+02
913437 +9.994021908e-04 +9.994021908e-04 +1.238309994e+02 +1.238309994e+02
919812 +6.102154370e-04 +6.102154370e-04 +1.238306102e+02 +1.238306102e+02
923481 +3.888223748e-04 +3.888223748e-04 +1.238303888e+02 +1.238303888e+02
926785 +2.369739879e-04 +2.369739879e-04 +1.238302370e+02 +1.238302370e+02
930517 +1.558461779e-04 +1.558461779e-04 +1.238301558e+02 +1.238301558e+02
935178 +9.614598754e-05 +9.614598754e-05 +1.238300961e+02 +1.238300961e+02
942682 +6.289712323e-05 +6.289712323e-05 +1.238300629e+02 +1.238300629e+02
949021 +3.954563509e-05 +3.954563509e-05 +1.238300395e+02 +1.238300395e+02
954360 +2.478200777e-05 +2.478200777e-05 +1.238300248e+02 +1.238300248e+02
960171 +1.562637568e-05 +1.562637568e-05 +1.238300156e+02 +1.238300156e+02
967286 +9.907912329e-06 +9.907912329e-06 +1.238300099e+02 +1.238300099e+02
974036 +6.134918593e-06 +6.134918593e-06 +1.238300061e+02 +1.238300061e+02
981216 +3.974094525e-06 +3.974094525e-06 +1.238300040e+02 +1.238300040e+02
986644 +2.482890267e-06 +2.482890267e-06 +1.238300025e+02 +1.238300025e+02
988107 +1.504138865e-06 +1.504138865e-06 +1.238300015e+02 +1.238300015e+02
991922 +9.277616186e-07 +9.277616186e-07 +1.238300009e+02 +1.238300009e+02
996100 +6.156018344e-07 +6.156018344e-07 +1.238300006e+02 +1.238300006e+02
998965 +3.688017216e-07 +3.688017216e-07 +1.238300004e+02 +1.238300004e+02
1002321 +2.495582549e-07 +2.495582549e-07 +1.238300002e+02 +1.238300002e+02
1006867 +1.525722837e-07 +1.525722837e-07 +1.238300002e+02 +1.238300002e+02
1010263 +9.772905685e-08 +9.772905685e-08 +1.238300001e+02 +1.238300001e+02
1016089 +5.930924374e-08 +5.930924374e-08 +1.238300001e+02 +1.238300001e+02
1023388 +3.895986822e-08 +3.895986822e-08 +1.238300000e+02 +1.238300000e+02
1030736 +2.508343755e-08 +2.508343755e-08 +1.238300000e+02 +1.238300000e+02
1037407 +1.503710223e-08 +1.503710223e-08 +1.238300000e+02 +1.238300000e+02
1043841 +9.690253933e-09 +9.690253933e-09 +1.238300000e+02 +1.238300000e+02
% function evaluation | noise-free fitness - Fopt (4.751000000000e+01) | best noise-free fitness - Fopt | measured fitness | best measured fitness | x1 | x2...
1 +4.137427486e+05 +4.137427486e+05 +4.137902586e+05 +4.137902586e+05
52 +3.380521698e+05 +3.380521698e+05 +3.380996798e+05 +3.380996798e+05
263 +1.963372418e+05 +1.963372418e+05 +1.963847518e+05 +1.963847518e+05
907 +1.252939341e+05 +1.252939341e+05 +1.253414441e+05 +1.253414441e+05
1203 +9.839196310e+04 +9.839196310e+04 +9.843947310e+04 +9.843947310e+04
3021 +5.292875086e+04 +5.292875086e+04 +5.297626086e+04 +5.297626086e+04
3369 +2.409734151e+04 +2.409734151e+04 +2.414485151e+04 +2.414485151e+04
5714 +1.207695712e+04 +1.207695712e+04 +1.212446712e+04 +1.212446712e+04
6837 +9.475140944e+03 +9.475140944e+03 +9.522650944e+03 +9.522650944e+03
8264 +5.705676597e+03 +5.705676597e+03 +5.753186597e+03 +5.753186597e+03
9609 +3.629148966e+03 +3.629148966e+03 +3.676658966e+03 +3.676658966e+03
11324 +2.306609856e+03 +2.306609856e+03 +2.354119856e+03 +2.354119856e+03
12277 +1.340475761e+03 +1.340475761e+03 +1.387985761e+03 +1.387985761e+03
14078 +9.324277277e+02 +9.324277277e+02 +9.799377277e+02 +9.799377277e+02
15679 +5.387760602e+02 +5.387760602e+02 +5.862860602e+02 +5.862860602e+02
17672 +3.925971438e+02 +3.925971438e+02 +4.401071438e+02 +4.401071438e+02
19269 +2.361297929e+02 +2.361297929e+02 +2.836397929e+02 +2.836397929e+02
22621 +1.446601349e+02 +1.446601349e+02 +1.921701349e+02 +1.921701349e+02
26372 +9.961229716e+01 +9.961229716e+01 +1.471222972e+02 +1.471222972e+02
31797 +6.277424043e+01 +6.277424043e+01 +1.102842404e+02 +1.102842404e+02
42746 +3.980447086e+01 +3.980447086e+01 +8.731447086e+01 +8.731447086e+01
215330 +2.511388642e+01 +2.511388642e+01 +7.262388642e+01 +7.262388642e+01
411709 +1.581222718e+01 +1.581222718e+01 +6.332222718e+01 +6.332222718e+01
500987 +9.997183696e+00 +9.997183696e+00 +5.750718370e+01 +5.750718370e+01
582430 +6.304127335e+00 +6.304127335e+00 +5.381412734e+01 +5.381412734e+01
643706 +3.980072301e+00 +3.980072301e+00 +5.149007230e+01 +5.149007230e+01
684463 +2.465452112e+00 +2.465452112e+00 +4.997545211e+01 +4.997545211e+01
700348 +1.574949709e+00 +1.574949709e+00 +4.908494971e+01 +4.908494971e+01
708705 +9.907540106e-01 +9.907540106e-01 +4.850075401e+01 +4.850075401e+01
721152 +6.307810180e-01 +6.307810180e-01 +4.814078102e+01 +4.814078102e+01
739692 +3.966633277e-01 +3.966633277e-01 +4.790666333e+01 +4.790666333e+01
750723 +2.467265121e-01 +2.467265121e-01 +4.775672651e+01 +4.775672651e+01
758242 +1.580350056e-01 +1.580350056e-01 +4.766803501e+01 +4.766803501e+01
767164 +9.925305008e-02 +9.925305008e-02 +4.760925305e+01 +4.760925305e+01
774831 +6.152803575e-02 +6.152803575e-02 +4.757152804e+01 +4.757152804e+01
780523 +3.926236022e-02 +3.926236022e-02 +4.754926236e+01 +4.754926236e+01
789627 +2.500986072e-02 +2.500986072e-02 +4.753500986e+01 +4.753500986e+01
804726 +1.570539387e-02 +1.570539387e-02 +4.752570539e+01 +4.752570539e+01
815677 +9.755593937e-03 +9.755593937e-03 +4.751975559e+01 +4.751975559e+01
825290 +6.198259872e-03 +6.198259872e-03 +4.751619826e+01 +4.751619826e+01
832523 +3.887366265e-03 +3.887366265e-03 +4.751388737e+01 +4.751388737e+01
838355 +2.379995159e-03 +2.379995159e-03 +4.751238000e+01 +4.751238000e+01
844796 +1.543684197e-03 +1.543684197e-03 +4.751154368e+01 +4.751154368e+01
848549 +9.894231374e-04 +9.894231374e-04 +4.751098942e+01 +4.751098942e+01
852500 +6.247387481e-04 +6.247387481e-04 +4.751062474e+01 +4.751062474e+01
857415 +3.569057686e-04 +3.569057686e-04 +4.751035691e+01 +4.751035691e+01
861659 +2.354396745e-04 +2.354396745e-04 +4.751023544e+01 +4.751023544e+01
864247 +1.527346535e-04 +1.527346535e-04 +4.751015273e+01 +4.751015273e+01
869108 +9.884986711e-05 +9.884986711e-05 +4.751009885e+01 +4.751009885e+01
872441 +6.071060620e-05 +6.071060620e-05 +4.751006071e+01 +4.751006071e+01
876598 +3.918178006e-05 +3.918178006e-05 +4.751003918e+01 +4.751003918e+01
880837 +2.452079404e-05 +2.452079404e-05 +4.751002452e+01 +4.751002452e+01
886805 +1.576282148e-05 +1.576282148e-05 +4.751001576e+01 +4.751001576e+01
891495 +9.731874208e-06 +9.731874208e-06 +4.751000973e+01 +4.751000973e+01
896138 +5.215725970e-06 +5.215725970e-06 +4.751000522e+01 +4.751000522e+01
899877 +3.950390230e-06 +3.950390230e-06 +4.751000395e+01 +4.751000395e+01
904605 +2.497394092e-06 +2.497394092e-06 +4.751000250e+01 +4.751000250e+01
910574 +1.545051305e-06 +1.545051305e-06 +4.751000155e+01 +4.751000155e+01
914078 +8.948032715e-07 +8.948032715e-07 +4.751000089e+01 +4.751000089e+01
916999 +5.387028779e-07 +5.387028779e-07 +4.751000054e+01 +4.751000054e+01
919708 +3.871143690e-07 +3.871143690e-07 +4.751000039e+01 +4.751000039e+01
921621 +2.490803723e-07 +2.490803723e-07 +4.751000025e+01 +4.751000025e+01
925347 +1.422962512e-07 +1.422962512e-07 +4.751000014e+01 +4.751000014e+01
927791 +8.701253762e-08 +8.701253762e-08 +4.751000009e+01 +4.751000009e+01
932792 +6.080885129e-08 +6.080885129e-08 +4.751000006e+01 +4.751000006e+01
936970 +3.920035141e-08 +3.920035141e-08 +4.751000004e+01 +4.751000004e+01
942381 +2.432622637e-08 +2.432622637e-08 +4.751000002e+01 +4.751000002e+01
947873 +1.553080864e-08 +1.553080864e-08 +4.751000002e+01 +4.751000002e+01
955062 +9.792337607e-09 +9.792337607e-09 +4.751000001e+01 +4.751000001e+01
% function evaluation | noise-free fitness - Fopt (5.534000000000e+01) | best noise-free fitness - Fopt | measured fitness | best measured fitness | x1 | x2...
1 +6.489465534e+05 +6.489465534e+05 +6.490018934e+05 +6.490018934e+05
5 +6.269994987e+05 +6.269994987e+05 +6.270548387e+05 +6.270548387e+05
31 +3.282358810e+05 +3.282358810e+05 +3.282912210e+05 +3.282912210e+05
401 +2.492628219e+05 +2.492628219e+05 +2.493181619e+05 +2.493181619e+05
631 +1.273183535e+05 +1.273183535e+05 +1.273736935e+05 +1.273736935e+05
1809 +9.051704294e+04 +9.051704294e+04 +9.057238294e+04 +9.057238294e+04
2426 +4.022602049e+04 +4.022602049e+04 +4.028136049e+04 +4.028136049e+04
3801 +3.654162498e+04 +3.654162498e+04 +3.659696498e+04 +3.659696498e+04
4736 +2.429257097e+04 +2.429257097e+04 +2.434791097e+04 +2.434791097e+04
6157 +1.539443914e+04 +1.539443914e+04 +1.544977914e+04 +1.544977914e+04
7317 +7.345425505e+03 +7.345425505e+03 +7.400765505e+03 +7.400765505e+03
8460 +5.268781081e+03 +5.268781081e+03 +5.324121081e+03 +5.324121081e+03
9001 +3.704100158e+03 +3.704100158e+03 +3.759440158e+03 +3.759440158e+03
10559 +2.475027899e+03 +2.475027899e+03 +2.530367899e+03 +2.530367899e+03
12566 +1.530171727e+03 +1.530171727e+03 +1.585511727e+03 +1.585511727e+03
13798 +9.576197127e+02 +9.576197127e+02 +1.012959713e+03 +1.012959713e+03
15948 +5.587463043e+02 +5.587463043e+02 +6.140863043e+02 +6.140863043e+02
17602 +3.824762471e+02 +3.824762471e+02 +4.378162471e+02 +4.378162471e+02
21453 +2.288238996e+02 +2.288238996e+02 +2.841638996e+02 +2.841638996e+02
23623 +1.551475109e+02 +1.551475109e+02 +2.104875109e+02 +2.104875109e+02
28302 +9.750131141e+01 +9.750131141e+01 +1.528413114e+02 +1.528413114e+02
34902 +6.256232555e+01 +6.256232555e+01 +1.179023256e+02 +1.179023256e+02
50816 +3.968511612e+01 +3.968511612e+01 +9.502511612e+01 +9.502511612e+01
281864 +2.511720779e+01 +2.511720779e+01 +8.045720779e+01 +8.045720779e+01
436150 +1.583933800e+01 +1.583933800e+01 +7.117933800e+01 +7.117933800e+01
573829 +9.994376493e+00 +9.994376493e+00 +6.533437649e+01 +6.533437649e+01
669615 +6.289163041e+00 +6.289163041e+00 +6.162916304e+01 +6.162916304e+01
711520 +3.966408859e+00 +3.966408859e+00 +5.930640886e+01 +5.930640886e+01
745807 +2.509736336e+00 +2.509736336e+00 +5.784973634e+01 +5.784973634e+01
768130 +1.584205701e+00 +1.584205701e+00 +5.692420570e+01 +5.692420570e+01
782291 +9.979366925e-01 +9.979366925e-01 +5.633793669e+01 +5.633793669e+01
792380 +6.291501772e-01 +6.291501772e-01 +5.596915018e+01 +5.596915018e+01
803147 +3.979898053e-01 +3.979898053e-01 +5.573798981e+01 +5.573798981e+01
812825 +2.487355461e-01 +2.487355461e-01 +5.558873555e+01 +5.558873555e+01
822040 +1.584404919e-01 +1.584404919e-01 +5.549844049e+01 +5.549844049e+01
829941 +9.656921466e-02 +9.656921466e-02 +5.543656921e+01 +5.543656921e+01
836790 +6.248021284e-02 +6.248021284e-02 +5.540248021e+01 +5.540248021e+01
842426 +3.884419019e-02 +3.884419019e-02 +5.537884419e+01 +5.537884419e+01
844943 +2.456452376e-02 +2.456452376e-02 +5.536456452e+01 +5.536456452e+01
850625 +1.553126253e-02 +1.553126253e-02 +5.535553126e+01 +5.535553126e+01
857682 +9.815366728e-03 +9.815366728e-03 +5.534981537e+01 +5.534981537e+01
863612 +6.278123133e-03 +6.278123133e-03 +5.534627812e+01 +5.534627812e+01
870762 +3.955369294e-03 +3.955369294e-03 +5.534395537e+01 +5.534395537e+01
874868 +2.501219703e-03 +2.501219703e-03 +5.534250122e+01 +5.534250122e+01
878329 +1.532394473e-03 +1.532394473e-03 +5.534153239e+01 +5.534153239e+01
881358 +9.988367306e-04 +9.988367306e-04 +5.534099884e+01 +5.534099884e+01
885002 +6.236329127e-04 +6.236329127e-04 +5.534062363e+01 +5.534062363e+01
888809 +3.495023306e-04 +3.495023306e-04 +5.534034950e+01 +5.534034950e+01
890766 +2.497332624e-04 +2.497332624e-04 +5.534024973e+01 +5.534024973e+01
894490 +1.443649244e-04 +1.443649244e-04 +5.534014436e+01 +5.534014436e+01
896905 +9.838858906e-05 +9.838858906e-05 +5.534009839e+01 +5.534009839e+01
899648 +6.135366478e-05 +6.135366478e-05 +5.534006135e+01 +5.534006135e+01
903306 +3.831249467e-05 +3.831249467e-05 +5.534003831e+01 +5.534003831e+01
905772 +2.456727264e-05 +2.456727264e-05 +5.534002457e+01 +5.534002457e+01
912518 +1.485946335e-05 +1.485946335e-05 +5.534001486e+01 +5.534001486e+01
915653 +9.674245327e-06 +9.674245327e-06 +5.534000967e+01 +5.534000967e+01
919610 +6.250153753e-06 +6.250153753e-06 +5.534000625e+01 +5.534000625e+01
922398 +3.714598314e-06 +3.714598314e-06 +5.534000371e+01 +5.534000371e+01
926131 +2.495823175e-06 +2.495823175e-06 +5.534000250e+01 +5.534000250e+01
929484 +1.576896558e-06 +1.576896558e-06 +5.534000158e+01 +5.534000158e+01
931800 +9.927034910e-07 +9.927034910e-07 +5.534000099e+01 +5.534000099e+01
935211 +5.852069833e-07 +5.852069833e-07 +5.534000059e+01 +5.534000059e+01
938258 +3.806059041e-07 +3.806059041e-07 +5.534000038e+01 +5.534000038e+01
940369 +2.251816440e-07 +2.251816440e-07 +5.534000023e+01 +5.534000023e+01
943354 +1.576325275e-07 +1.576325275e-07 +5.534000016e+01 +5.534000016e+01
946991 +9.283923674e-08 +9.283923674e-08 +5.534000009e+01 +5.534000009e+01
949089 +6.215491766e-08 +6.215491766e-08 +5.534000006e+01 +5.534000006e+01
952188 +3.889608990e-08 +3.889608990e-08 +5.534000004e+01 +5.534000004e+01
955107 +2.182930814e-08 +2.182930814e-08 +5.534000002e+01 +5.534000002e+01
957412 +1.408184147e-08 +1.408184147e-08 +5.534000001e+01 +5.534000001e+01
960036 +9.862958450e-09 +9.862958450e-09 +5.534000001e+01 +5.534000001e+01
% function evaluation | noise-free fitness - Fopt (-9.033000000000e+01) | best noise-free fitness - Fopt | measured fitness | best measured fitness | x1 | x2...
1 +1.076077932e+06 +1.076077932e+06 +1.075987602e+06 +1.075987602e+06
2 +8.123071709e+05 +8.123071709e+05 +8.122168409e+05 +8.122168409e+05
8 +5.123516298e+05 +5.123516298e+05 +5.122612998e+05 +5.122612998e+05
57 +3.360128981e+05 +3.360128981e+05 +3.359225681e+05 +3.359225681e+05
499 +1.539801580e+05 +1.539801580e+05 +1.538898280e+05 +1.538898280e+05
1646 +9.260212010e+04 +9.260212010e+04 +9.251179010e+04 +9.251179010e+04
3414 +4.887707222e+04 +4.887707222e+04 +4.878674222e+04 +4.878674222e+04
4523 +3.862801410e+04 +3.862801410e+04 +3.853768410e+04 +3.853768410e+04
4585 +2.506386135e+04 +2.506386135e+04 +2.497353135e+04 +2.497353135e+04
6222 +1.528038854e+04 +1.528038854e+04 +1.519005854e+04 +1.519005854e+04
7390 +9.183115894e+03 +9.183115894e+03 +9.092785894e+03 +9.092785894e+03
8126 +6.194000653e+03 +6.194000653e+03 +6.103670653e+03 +6.103670653e+03
9455 +3.651496903e+03 +3.651496903e+03 +3.561166903e+03 +3.561166903e+03
11348 +2.388213423e+03 +2.388213423e+03 +2.297883423e+03 +2.297883423e+03
12404 +1.544513544e+03 +1.544513544e+03 +1.454183544e+03 +1.454183544e+03
13863 +9.956465731e+02 +9.956465731e+02 +9.053165731e+02 +9.053165731e+02
15254 +6.288747781e+02 +6.288747781e+02 +5.385447781e+02 +5.385447781e+02
17383 +3.871943393e+02 +3.871943393e+02 +2.968643393e+02 +2.968643393e+02
20501 +2.243869892e+02 +2.243869892e+02 +1.340569892e+02 +1.340569892e+02
23181 +1.548771267e+02 +1.548771267e+02 +6.454712668e+01 +6.454712668e+01
26452 +9.852321338e+01 +9.852321338e+01 +8.193213379e+00 +8.193213379e+00
31995 +5.907767012e+01 +5.907767012e+01 -3.125232988e+01 -3.125232988e+01
48970 +3.976295412e+01 +3.976295412e+01 -5.056704588e+01 -5.056704588e+01
307305 +2.510824561e+01 +2.510824561e+01 -6.522175439e+01 -6.522175439e+01
496103 +1.584731446e+01 +1.584731446e+01 -7.448268554e+01 -7.448268554e+01
595092 +9.964627864e+00 +9.964627864e+00 -8.036537214e+01 -8.036537214e+01
665328 +6.271601676e+00 +6.271601676e+00 -8.405839832e+01 -8.405839832e+01
724032 +3.937998099e+00 +3.937998099e+00 -8.639200190e+01 -8.639200190e+01
751649 +2.503423226e+00 +2.503423226e+00 -8.782657677e+01 -8.782657677e+01
791456 +1.581501707e+00 +1.581501707e+00 -8.874849829e+01 -8.874849829e+01
812532 +9.947944260e-01 +9.947944260e-01 -8.933520557e+01 -8.933520557e+01
832650 +6.281493373e-01 +6.281493373e-01 -8.970185066e+01 -8.970185066e+01
848542 +3.955117243e-01 +3.955117243e-01 -8.993448828e+01 -8.993448828e+01
859073 +2.475257549e-01 +2.475257549e-01 -9.008247425e+01 -9.008247425e+01
870156 +1.570350509e-01 +1.570350509e-01 -9.017296495e+01 -9.017296495e+01
884004 +9.960447750e-02 +9.960447750e-02 -9.023039552e+01 -9.023039552e+01
906146 +6.309417291e-02 +6.309417291e-02 -9.026690583e+01 -9.026690583e+01
920027 +3.971922927e-02 +3.971922927e-02 -9.029028077e+01 -9.029028077e+01
932907 +2.481741396e-02 +2.481741396e-02 -9.030518259e+01 -9.030518259e+01
941904 +1.575803321e-02 +1.575803321e-02 -9.031424197e+01 -9.031424197e+01
948815 +9.842548407e-03 +9.842548407e-03 -9.032015745e+01 -9.032015745e+01
955389 +6.299007517e-03 +6.299007517e-03 -9.032370099e+01 -9.032370099e+01
960836 +3.875763394e-03 +3.875763394e-03 -9.032612424e+01 -9.032612424e+01
964894 +2.466293636e-03 +2.466293636e-03 -9.032753371e+01 -9.032753371e+01
972060 +1.558290630e-03 +1.558290630e-03 -9.032844171e+01 -9.032844171e+01
978306 +9.554771532e-04 +9.554771532e-04 -9.032904452e+01 -9.032904452e+01
982860 +6.241573863e-04 +6.241573863e-04 -9.032937584e+01 -9.032937584e+01
988959 +3.884639248e-04 +3.884639248e-04 -9.032961154e+01 -9.032961154e+01
994463 +2.464763850e-04 +2.464763850e-04 -9.032975352e+01 -9.032975352e+01
999653 +1.575724664e-04 +1.575724664e-04 -9.032984243e+01 -9.032984243e+01
1003601 +9.991384562e-05 +9.991384562e-05 -9.032990009e+01 -9.032990009e+01
1008088 +6.215031426e-05 +6.215031426e-05 -9.032993785e+01 -9.032993785e+01
1013430 +3.929741301e-05 +3.929741301e-05 -9.032996070e+01 -9.032996070e+01
1017759 +2.461389596e-05 +2.461389596e-05 -9.032997539e+01 -9.032997539e+01
1023536 +1.571452675e-05 +1.571452675e-05 -9.032998429e+01 -9.032998429e+01
1029259 +9.586526772e-06 +9.586526772e-06 -9.032999041e+01 -9.032999041e+01
1033296 +6.076492639e-06 +6.076492639e-06 -9.032999392e+01 -9.032999392e+01
1035538 +3.880214280e-06 +3.880214280e-06 -9.032999612e+01 -9.032999612e+01
1039522 +2.495263615e-06 +2.495263615e-06 -9.032999750e+01 -9.032999750e+01
1044540 +1.555469524e-06 +1.555469524e-06 -9.032999844e+01 -9.032999844e+01
1050135 +9.758343538e-07 +9.758343538e-07 -9.032999902e+01 -9.032999902e+01
1057308 +6.180845844e-07 +6.180845844e-07 -9.032999938e+01 -9.032999938e+01
1063920 +3.975575851e-07 +3.975575851e-07 -9.032999960e+01 -9.032999960e+01
1066895 +2.180444341e-07 +2.180444341e-07 -9.032999978e+01 -9.032999978e+01
1069913 +1.548453952e-07 +1.548453952e-07 -9.032999985e+01 -9.032999985e+01
1074922 +9.213415808e-08 +9.213415808e-08 -9.032999991e+01 -9.032999991e+01
1079308 +6.260823682e-08 +6.260823682e-08 -9.032999994e+01 -9.032999994e+01
1085545 +3.956037631e-08 +3.956037631e-08 -9.032999996e+01 -9.032999996e+01
1087384 +1.973408814e-08 +1.973408814e-08 -9.032999998e+01 -9.032999998e+01
1090259 +1.570184338e-08 +1.570184338e-08 -9.032999998e+01 -9.032999998e+01
1091704 +8.472284208e-09 +8.472284208e-09 -9.032999999e+01 -9.032999999e+01
% function evaluation | noise-free fitness - Fopt (6.561000000000e+01) | best noise-free fitness - Fopt | measured fitness | best measured fitness | x1 | x2...
1 +9.832847593e+05 +9.832847593e+05 +9.833503693e+05 +9.833503693e+05
4 +6.192224804e+05 +6.192224804e+05 +6.192880904e+05 +6.192880904e+05
12 +3.681064906e+05 +3.681064906e+05 +3.681721006e+05 +3.681721006e+05
160 +2.291300327e+05 +2.291300327e+05 +2.291956427e+05 +2.291956427e+05
503 +1.181747160e+05 +1.181747160e+05 +1.182403260e+05 +1.182403260e+05
1800 +9.688408755e+04 +9.688408755e+04 +9.694969755e+04 +9.694969755e+04
2955 +5.632299652e+04 +5.632299652e+04 +5.638860652e+04 +5.638860652e+04
4814 +1.173251508e+04 +1.173251508e+04 +1.179812508e+04 +1.179812508e+04
7249 +8.528025485e+03 +8.528025485e+03 +8.593635485e+03 +8.593635485e+03
7703 +5.970850940e+03 +5.970850940e+03 +6.036460940e+03 +6.036460940e+03
8790 +3.740785463e+03 +3.740785463e+03 +3.806395463e+03 +3.806395463e+03
10030 +2.435604164e+03 +2.435604164e+03 +2.501214164e+03 +2.501214164e+03
12028 +1.094823113e+03 +1.094823113e+03 +1.160433113e+03 +1.160433113e+03
13389 +9.576834858e+02 +9.576834858e+02 +1.023293486e+03 +1.023293486e+03
15028 +5.909350622e+02 +5.909350622e+02 +6.565450622e+02 +6.565450622e+02
18035 +3.308152112e+02 +3.308152112e+02 +3.964252112e+02 +3.964252112e+02
20604 +2.427595130e+02 +2.427595130e+02 +3.083695130e+02 +3.083695130e+02
23569 +1.486741307e+02 +1.486741307e+02 +2.142841307e+02 +2.142841307e+02
26641 +9.885909814e+01 +9.885909814e+01 +1.644690981e+02 +1.644690981e+02
32802 +6.241568008e+01 +6.241568008e+01 +1.280256801e+02 +1.280256801e+02
52001 +3.979202595e+01 +3.979202595e+01 +1.054020259e+02 +1.054020259e+02
373731 +2.509466111e+01 +2.509466111e+01 +9.070466111e+01 +9.070466111e+01
565707 +1.584038146e+01 +1.584038146e+01 +8.145038146e+01 +8.145038146e+01
732058 +9.996748926e+00 +9.996748926e+00 +7.560674893e+01 +7.560674893e+01
794449 +6.301284747e+00 +6.301284747e+00 +7.191128475e+01 +7.191128475e+01
842760 +3.980751828e+00 +3.980751828e+00 +6.959075183e+01 +6.959075183e+01
879887 +2.507864487e+00 +2.507864487e+00 +6.811786449e+01 +6.811786449e+01
898125 +1.531112162e+00 +1.531112162e+00 +6.714111216e+01 +6.714111216e+01
907881 +9.983061479e-01 +9.983061479e-01 +6.660830615e+01 +6.660830615e+01
915141 +6.259742850e-01 +6.259742850e-01 +6.623597428e+01 +6.623597428e+01
926779 +3.956615689e-01 +3.956615689e-01 +6.600566157e+01 +6.600566157e+01
939860 +2.507723535e-01 +2.507723535e-01 +6.586077235e+01 +6.586077235e+01
947469 +1.530476984e-01 +1.530476984e-01 +6.576304770e+01 +6.576304770e+01
956670 +9.987418875e-02 +9.987418875e-02 +6.570987419e+01 +6.570987419e+01
968871 +6.258141837e-02 +6.258141837e-02 +6.567258142e+01 +6.567258142e+01
974679 +3.851398893e-02 +3.851398893e-02 +6.564851399e+01 +6.564851399e+01
980063 +2.472049732e-02 +2.472049732e-02 +6.563472050e+01 +6.563472050e+01
986060 +1.515877347e-02 +1.515877347e-02 +6.562515877e+01 +6.562515877e+01
988472 +9.829056600e-03 +9.829056600e-03 +6.561982906e+01 +6.561982906e+01
992966 +5.700458736e-03 +5.700458736e-03 +6.561570046e+01 +6.561570046e+01
995092 +3.942995197e-03 +3.942995197e-03 +6.561394300e+01 +6.561394300e+01
1004319 +2.495577613e-03 +2.495577613e-03 +6.561249558e+01 +6.561249558e+01
1013241 +1.558842796e-03 +1.558842796e-03 +6.561155884e+01 +6.561155884e+01
1020737 +9.647427468e-04 +9.647427468e-04 +6.561096474e+01 +6.561096474e+01
1027920 +6.181639641e-04 +6.181639641e-04 +6.561061816e+01 +6.561061816e+01
1034540 +3.897291912e-04 +3.897291912e-04 +6.561038973e+01 +6.561038973e+01
1039655 +2.503281056e-04 +2.503281056e-04 +6.561025033e+01 +6.561025033e+01
1044283 +1.573133524e-04 +1.573133524e-04 +6.561015731e+01 +6.561015731e+01
1049125 +9.526294853e-05 +9.526294853e-05 +6.561009526e+01 +6.561009526e+01
1054699 +6.249361091e-05 +6.249361091e-05 +6.561006249e+01 +6.561006249e+01
1060463 +3.886526582e-05 +3.886526582e-05 +6.561003887e+01 +6.561003887e+01
1065303 +2.505671077e-05 +2.505671077e-05 +6.561002506e+01 +6.561002506e+01
1072410 +1.576113630e-05 +1.576113630e-05 +6.561001576e+01 +6.561001576e+01
1076867 +9.966610904e-06 +9.966610904e-06 +6.561000997e+01 +6.561000997e+01
1084443 +5.998802536e-06 +5.998802536e-06 +6.561000600e+01 +6.561000600e+01
1092292 +3.970403796e-06 +3.970403796e-06 +6.561000397e+01 +6.561000397e+01
1098925 +2.471015051e-06 +2.471015051e-06 +6.561000247e+01 +6.561000247e+01
1105112 +1.460010267e-06 +1.460010267e-06 +6.561000146e+01 +6.561000146e+01
1110833 +9.659326707e-07 +9.659326707e-07 +6.561000097e+01 +6.561000097e+01
1113993 +6.293926447e-07 +6.293926447e-07 +6.561000063e+01 +6.561000063e+01
1117175 +3.932153732e-07 +3.932153732e-07 +6.561000039e+01 +6.561000039e+01
1122724 +2.412117652e-07 +2.412117652e-07 +6.561000024e+01 +6.561000024e+01
1126904 +1.547755915e-07 +1.547755915e-07 +6.561000015e+01 +6.561000015e+01
1131868 +9.558314673e-08 +9.558314673e-08 +6.561000010e+01 +6.561000010e+01
1136110 +6.109758033e-08 +6.109758033e-08 +6.561000006e+01 +6.561000006e+01
1140806 +3.895907241e-08 +3.895907241e-08 +6.561000004e+01 +6.561000004e+01
1144679 +2.461052873e-08 +2.461052873e-08 +6.561000002e+01 +6.561000002e+01
1149770 +1.506791136e-08 +1.506791136e-08 +6.561000002e+01 +6.561000002e+01
1153986 +9.923141420e-09 +9.923141420e-09 +6.561000001e+01 +6.561000001e+01
% function evaluation | noise-free fitness - Fopt (-2.900800000000e+02) | best noise-free fitness - Fopt | measured fitness | best measured fitness | x1 | x2...
1 +6.050151713e+05 +6.050151713e+05 +6.047250913e+05 +6.047250913e+05
34 +3.647782607e+05 +3.647782607e+05 +3.644881807e+05 +3.644881807e+05
415 +2.406540780e+05 +2.406540780e+05 +2.403639980e+05 +2.403639980e+05
460 +1.491331033e+05 +1.491331033e+05 +1.488430233e+05 +1.488430233e+05
2247 +9.694646348e+04 +9.694646348e+04 +9.665638348e+04 +9.665638348e+04
3295 +4.629696896e+04 +4.629696896e+04 +4.600688896e+04 +4.600688896e+04
3634 +3.645676089e+04 +3.645676089e+04 +3.616668089e+04 +3.616668089e+04
3639 +1.889038143e+04 +1.889038143e+04 +1.860030143e+04 +1.860030143e+04
6133 +1.458459780e+04 +1.458459780e+04 +1.429451780e+04 +1.429451780e+04
7290 +7.837324684e+03 +7.837324684e+03 +7.547244684e+03 +7.547244684e+03
8221 +5.004252781e+03 +5.004252781e+03 +4.714172781e+03 +4.714172781e+03
9627 +3.550759515e+03 +3.550759515e+03 +3.260679515e+03 +3.260679515e+03
11020 +2.384528470e+03 +2.384528470e+03 +2.094448470e+03 +2.094448470e+03
12639 +1.501692358e+03 +1.501692358e+03 +1.211612358e+03 +1.211612358e+03
13223 +9.266590880e+02 +9.266590880e+02 +6.365790880e+02 +6.365790880e+02
15758 +5.600329582e+02 +5.600329582e+02 +2.699529582e+02 +2.699529582e+02
17680 +3.822788482e+02 +3.822788482e+02 +9.219884824e+01 +9.219884824e+01
20670 +2.388369503e+02 +2.388369503e+02 -5.124304973e+01 -5.124304973e+01
23555 +1.337471259e+02 +1.337471259e+02 -1.563328741e+02 -1.563328741e+02
27407 +9.522049374e+01 +9.522049374e+01 -1.948595063e+02 -1.948595063e+02
32411 +6.231492860e+01 +6.231492860e+01 -2.277650714e+02 -2.277650714e+02
44502 +3.958853355e+01 +3.958853355e+01 -2.504914665e+02 -2.504914665e+02
254577 +2.511159072e+01 +2.511159072e+01 -2.649684093e+02 -2.649684093e+02
436802 +1.584001297e+01 +1.584001297e+01 -2.742399870e+02 -2.742399870e+02
549720 +9.979290492e+00 +9.979290492e+00 -2.801007095e+02 -2.801007095e+02
617976 +6.308843552e+00 +6.308843552e+00 -2.837711564e+02 -2.837711564e+02
672044 +3.963174869e+00 +3.963174869e+00 -2.861168251e+02 -2.861168251e+02
702560 +2.511027657e+00 +2.511027657e+00 -2.875689723e+02 -2.875689723e+02
715439 +1.584007379e+00 +1.584007379e+00 -2.884959926e+02 -2.884959926e+02
731049 +9.917395500e-01 +9.917395500e-01 -2.890882604e+02 -2.890882604e+02
742838 +6.166073870e-01 +6.166073870e-01 -2.894633926e+02 -2.894633926e+02
757745 +3.961563574e-01 +3.961563574e-01 -2.896838436e+02 -2.896838436e+02
772478 +2.505643486e-01 +2.505643486e-01 -2.898294357e+02 -2.898294357e+02
782001 +1.477886453e-01 +1.477886453e-01 -2.899322114e+02 -2.899322114e+02
790073 +9.941773914e-02 +9.941773914e-02 -2.899805823e+02 -2.899805823e+02
797794 +6.305852978e-02 +6.305852978e-02 -2.900169415e+02 -2.900169415e+02
804488 +3.906416056e-02 +3.906416056e-02 -2.900409358e+02 -2.900409358e+02
807192 +2.413070124e-02 +2.413070124e-02 -2.900558693e+02 -2.900558693e+02
810896 +1.570087601e-02 +1.570087601e-02 -2.900642991e+02 -2.900642991e+02
815675 +9.892779055e-03 +9.892779055e-03 -2.900701072e+02 -2.900701072e+02
818493 +6.018965987e-03 +6.018965987e-03 -2.900739810e+02 -2.900739810e+02
823024 +3.897696769e-03 +3.897696769e-03 -2.900761023e+02 -2.900761023e+02
828025 +2.416429525e-03 +2.416429525e-03 -2.900775836e+02 -2.900775836e+02
832119 +1.568525645e-03 +1.568525645e-03 -2.900784315e+02 -2.900784315e+02
835697 +9.609900308e-04 +9.609900308e-04 -2.900790390e+02 -2.900790390e+02
838968 +6.306185336e-04 +6.306185336e-04 -2.900793694e+02 -2.900793694e+02
840328 +3.954061927e-04 +3.954061927e-04 -2.900796046e+02 -2.900796046e+02
844124 +2.424950378e-04 +2.424950378e-04 -2.900797575e+02 -2.900797575e+02
847204 +1.386096323e-04 +1.386096323e-04 -2.900798614e+02 -2.900798614e+02
851240 +9.700860147e-05 +9.700860147e-05 -2.900799030e+02 -2.900799030e+02
855386 +5.872261835e-05 +5.872261835e-05 -2.900799413e+02 -2.900799413e+02
859198 +3.940617142e-05 +3.940617142e-05 -2.900799606e+02 -2.900799606e+02
865250 +2.446523115e-05 +2.446523115e-05 -2.900799755e+02 -2.900799755e+02
868953 +1.539749803e-05 +1.539749803e-05 -2.900799846e+02 -2.900799846e+02
874191 +9.714980649e-06 +9.714980649e-06 -2.900799903e+02 -2.900799903e+02
879558 +6.005363332e-06 +6.005363332e-06 -2.900799940e+02 -2.900799940e+02
883249 +3.624248507e-06 +3.624248507e-06 -2.900799964e+02 -2.900799964e+02
888211 +2.464972169e-06 +2.464972169e-06 -2.900799975e+02 -2.900799975e+02
891284 +1.551664639e-06 +1.551664639e-06 -2.900799984e+02 -2.900799984e+02
895964 +9.942597217e-07 +9.942597217e-07 -2.900799990e+02 -2.900799990e+02
901252 +6.287035035e-07 +6.287035035e-07 -2.900799994e+02 -2.900799994e+02
907521 +3.976495577e-07 +3.976495577e-07 -2.900799996e+02 -2.900799996e+02
912266 +2.461069357e-07 +2.461069357e-07 -2.900799998e+02 -2.900799998e+02
915174 +1.469493327e-07 +1.469493327e-07 -2.900799999e+02 -2.900799999e+02
920960 +9.153723113e-08 +9.153723113e-08 -2.900799999e+02 -2.900799999e+02
925892 +6.101441841e-08 +6.101441841e-08 -2.900799999e+02 -2.900799999e+02
931024 +3.949287475e-08 +3.949287475e-08 -2.900800000e+02 -2.900800000e+02
937906 +2.295826107e-08 +2.295826107e-08 -2.900800000e+02 -2.900800000e+02
940936 +1.508601599e-08 +1.508601599e-08 -2.900800000e+02 -2.900800000e+02
943225 +9.509165011e-09 +9.509165011e-09 -2.900800000e+02 -2.900800000e+02
% function evaluation | noise-free fitness - Fopt (2.510000000000e+01) | best noise-free fitness - Fopt | measured fitness | best measured fitness | x1 | x2...
1 +8.151453421e+05 +8.151453421e+05 +8.151704421e+05 +8.151704421e+05
5 +6.276274717e+05 +6.276274717e+05 +6.276525717e+05 +6.276525717e+05
27 +3.816790572e+05 +3.816790572e+05 +3.817041572e+05 +3.817041572e+05
504 +1.824499494e+05 +1.824499494e+05 +1.824750494e+05 +1.824750494e+05
1264 +1.505524580e+05 +1.505524580e+05 +1.505775580e+05 +1.505775580e+05
2149 +9.216307932e+04 +9.216307932e+04 +9.218817932e+04 +9.218817932e+04
3236 +3.923872502e+04 +3.923872502e+04 +3.926382502e+04 +3.926382502e+04
4951 +2.176604367e+04 +2.176604367e+04 +2.179114367e+04 +2.179114367e+04
6207 +1.216312404e+04 +1.216312404e+04 +1.218822404e+04 +1.218822404e+04
6977 +8.949346273e+03 +8.949346273e+03 +8.974446273e+03 +8.974446273e+03
8321 +3.819205490e+03 +3.819205490e+03 +3.844305490e+03 +3.844305490e+03
10941 +2.026032188e+03 +2.026032188e+03 +2.051132188e+03 +2.051132188e+03
12191 +1.420169028e+03 +1.420169028e+03 +1.445269028e+03 +1.445269028e+03
14300 +8.379936863e+02 +8.379936863e+02 +8.630936863e+02 +8.630936863e+02
15262 +6.180142466e+02 +6.180142466e+02 +6.431142466e+02 +6.431142466e+02
17775 +3.935795487e+02 +3.935795487e+02 +4.186795487e+02 +4.186795487e+02
21528 +2.312679820e+02 +2.312679820e+02 +2.563679820e+02 +2.563679820e+02
23620 +1.458538363e+02 +1.458538363e+02 +1.709538363e+02 +1.709538363e+02
26318 +9.955759139e+01 +9.955759139e+01 +1.246575914e+02 +1.246575914e+02
32590 +6.283958112e+01 +6.283958112e+01 +8.793958112e+01 +8.793958112e+01
51772 +3.977861904e+01 +3.977861904e+01 +6.487861904e+01 +6.487861904e+01
344796 +2.511724760e+01 +2.511724760e+01 +5.021724760e+01 +5.021724760e+01
591450 +1.583367284e+01 +1.583367284e+01 +4.093367284e+01 +4.093367284e+01
689896 +9.946393087e+00 +9.946393087e+00 +3.504639309e+01 +3.504639309e+01
767014 +6.285723711e+00 +6.285723711e+00 +3.138572371e+01 +3.138572371e+01
809751 +3.973743708e+00 +3.973743708e+00 +2.907374371e+01 +2.907374371e+01
828396 +2.477182598e+00 +2.477182598e+00 +2.757718260e+01 +2.757718260e+01
846082 +1.582523672e+00 +1.582523672e+00 +2.668252367e+01 +2.668252367e+01
880233 +9.979328457e-01 +9.979328457e-01 +2.609793285e+01 +2.609793285e+01
902540 +6.242543229e-01 +6.242543229e-01 +2.572425432e+01 +2.572425432e+01
921154 +3.946705864e-01 +3.946705864e-01 +2.549467059e+01 +2.549467059e+01
929315 +2.497012503e-01 +2.497012503e-01 +2.534970125e+01 +2.534970125e+01
934966 +1.567411415e-01 +1.567411415e-01 +2.525674114e+01 +2.525674114e+01
938851 +9.714062104e-02 +9.714062104e-02 +2.519714062e+01 +2.519714062e+01
943403 +6.284276598e-02 +6.284276598e-02 +2.516284277e+01 +2.516284277e+01
950485 +3.978586747e-02 +3.978586747e-02 +2.513978587e+01 +2.513978587e+01
956529 +2.430104648e-02 +2.430104648e-02 +2.512430105e+01 +2.512430105e+01
961896 +1.575594882e-02 +1.575594882e-02 +2.511575595e+01 +2.511575595e+01
965193 +9.258028245e-03 +9.258028245e-03 +2.510925803e+01 +2.510925803e+01
968617 +5.665028579e-03 +5.665028579e-03 +2.510566503e+01 +2.510566503e+01
970963 +3.965701149e-03 +3.965701149e-03 +2.510396570e+01 +2.510396570e+01
975560 +2.274835198e-03 +2.274835198e-03 +2.510227484e+01 +2.510227484e+01
979117 +1.570934104e-03 +1.570934104e-03 +2.510157093e+01 +2.510157093e+01
982987 +9.386581953e-04 +9.386581953e-04 +2.510093866e+01 +2.510093866e+01
986622 +6.023757759e-04 +6.023757759e-04 +2.510060238e+01 +2.510060238e+01
990961 +3.940281624e-04 +3.940281624e-04 +2.510039403e+01 +2.510039403e+01
995440 +2.316210818e-04 +2.316210818e-04 +2.510023162e+01 +2.510023162e+01
999446 +1.549631251e-04 +1.549631251e-04 +2.510015496e+01 +2.510015496e+01
1003334 +9.928500632e-05 +9.928500632e-05 +2.510009929e+01 +2.510009929e+01
1008547 +6.297115510e-05 +6.297115510e-05 +2.510006297e+01 +2.510006297e+01
1012243 +3.896641249e-05 +3.896641249e-05 +2.510003897e+01 +2.510003897e+01
1015088 +2.047321926e-05 +2.047321926e-05 +2.510002047e+01 +2.510002047e+01
1016921 +1.523646330e-05 +1.523646330e-05 +2.510001524e+01 +2.510001524e+01
1018492 +9.677976653e-06 +9.677976653e-06 +2.510000968e+01 +2.510000968e+01
1021296 +5.828987359e-06 +5.828987359e-06 +2.510000583e+01 +2.510000583e+01
1024499 +3.769874390e-06 +3.769874390e-06 +2.510000377e+01 +2.510000377e+01
1026954 +2.394359122e-06 +2.394359122e-06 +2.510000239e+01 +2.510000239e+01
1031317 +1.572429319e-06 +1.572429319e-06 +2.510000157e+01 +2.510000157e+01
1033025 +9.919162061e-07 +9.919162061e-07 +2.510000099e+01 +2.510000099e+01
1035243 +5.716725155e-07 +5.716725155e-07 +2.510000057e+01 +2.510000057e+01
1038397 +3.846597210e-07 +3.846597210e-07 +2.510000038e+01 +2.510000038e+01
1041166 +2.150261835e-07 +2.150261835e-07 +2.510000022e+01 +2.510000022e+01
1043684 +1.538631800e-07 +1.538631800e-07 +2.510000015e+01 +2.510000015e+01
1046066 +8.341387669e-08 +8.341387669e-08 +2.510000008e+01 +2.510000008e+01
1048732 +6.207176995e-08 +6.207176995e-08 +2.510000006e+01 +2.510000006e+01
1049667 +3.791482683e-08 +3.791482683e-08 +2.510000004e+01 +2.510000004e+01
1054107 +2.322164860e-08 +2.322164860e-08 +2.510000002e+01 +2.510000002e+01
1058372 +1.543559591e-08 +1.543559591e-08 +2.510000002e+01 +2.510000002e+01
1060046 +9.952991320e-09 +9.952991320e-09 +2.510000001e+01 +2.510000001e+01
% function evaluation | noise-free fitness - Fopt (-8.756000000000e+01) | best noise-free fitness - Fopt | measured fitness | best measured fitness | x1 | x2...
1 +7.127435942e+05 +7.127435942e+05 +7.126560342e+05 +7.126560342e+05
2 +3.147319202e+05 +3.147319202e+05 +3.146443602e+05 +3.146443602e+05
482 +2.098292456e+05 +2.098292456e+05 +2.097416856e+05 +2.097416856e+05
873 +1.427896876e+05 +1.427896876e+05 +1.427021276e+05 +1.427021276e+05
2080 +9.866857975e+04 +9.866857975e+04 +9.858101975e+04 +9.858101975e+04
3203 +4.848231666e+04 +4.848231666e+04 +4.839475666e+04 +4.839475666e+04
4099 +3.796776435e+04 +3.796776435e+04 +3.788020435e+04 +3.788020435e+04
4365 +1.955227598e+04 +1.955227598e+04 +1.946471598e+04 +1.946471598e+04
6025 +1.545399482e+04 +1.545399482e+04 +1.536643482e+04 +1.536643482e+04
7741 +7.409749924e+03 +7.409749924e+03 +7.322189924e+03 +7.322189924e+03
8466 +5.287516181e+03 +5.287516181e+03 +5.199956181e+03 +5.199956181e+03
9635 +3.655529032e+03 +3.655529032e+03 +3.567969032e+03 +3.567969032e+03
11095 +2.363029210e+03 +2.363029210e+03 +2.275469210e+03 +2.275469210e+03
12642 +1.577672986e+03 +1.577672986e+03 +1.490112986e+03 +1.490112986e+03
14082 +8.754257409e+02 +8.754257409e+02 +7.878657409e+02 +7.878657409e+02
16218 +5.767474076e+02 +5.767474076e+02 +4.891874076e+02 +4.891874076e+02
16884 +3.841254049e+02 +3.841254049e+02 +2.965654049e+02 +2.965654049e+02
20000 +2.471975543e+02 +2.471975543e+02 +1.596375543e+02 +1.596375543e+02
23810 +1.442468323e+02 +1.442468323e+02 +5.668683227e+01 +5.668683227e+01
26988 +9.806873230e+01 +9.806873230e+01 +1.050873230e+01 +1.050873230e+01
32122 +6.064950527e+01 +6.064950527e+01 -2.691049473e+01 -2.691049473e+01
60062 +3.977431566e+01 +3.977431566e+01 -4.778568434e+01 -4.778568434e+01
325310 +2.508121984e+01 +2.508121984e+01 -6.247878016e+01 -6.247878016e+01
467261 +1.583865754e+01 +1.583865754e+01 -7.172134246e+01 -7.172134246e+01
564026 +9.993019238e+00 +9.993019238e+00 -7.756698076e+01 -7.756698076e+01
639947 +6.298238618e+00 +6.298238618e+00 -8.126176138e+01 -8.126176138e+01
697212 +3.980288764e+00 +3.980288764e+00 -8.357971124e+01 -8.357971124e+01
720445 +2.499907338e+00 +2.499907338e+00 -8.506009266e+01 -8.506009266e+01
739214 +1.581311865e+00 +1.581311865e+00 -8.597868813e+01 -8.597868813e+01
764067 +9.998738883e-01 +9.998738883e-01 -8.656012611e+01 -8.656012611e+01
776392 +6.221070634e-01 +6.221070634e-01 -8.693789294e+01 -8.693789294e+01
786422 +3.920897079e-01 +3.920897079e-01 -8.716791029e+01 -8.716791029e+01
797067 +2.438156135e-01 +2.438156135e-01 -8.731618439e+01 -8.731618439e+01
809763 +1.583096040e-01 +1.583096040e-01 -8.740169040e+01 -8.740169040e+01
819116 +9.858921087e-02 +9.858921087e-02 -8.746141079e+01 -8.746141079e+01
828218 +6.107659445e-02 +6.107659445e-02 -8.749892341e+01 -8.749892341e+01
832356 +3.924741707e-02 +3.924741707e-02 -8.752075258e+01 -8.752075258e+01
837748 +2.510871270e-02 +2.510871270e-02 -8.753489129e+01 -8.753489129e+01
842048 +1.511963054e-02 +1.511963054e-02 -8.754488037e+01 -8.754488037e+01
845332 +9.368793150e-03 +9.368793150e-03 -8.755063121e+01 -8.755063121e+01
852420 +6.242618759e-03 +6.242618759e-03 -8.755375738e+01 -8.755375738e+01
857664 +3.977661639e-03 +3.977661639e-03 -8.755602234e+01 -8.755602234e+01
864095 +2.503132665e-03 +2.503132665e-03 -8.755749687e+01 -8.755749687e+01
869780 +1.570863502e-03 +1.570863502e-03 -8.755842914e+01 -8.755842914e+01
875329 +9.844172438e-04 +9.844172438e-04 -8.755901558e+01 -8.755901558e+01
881793 +6.274212135e-04 +6.274212135e-04 -8.755937258e+01 -8.755937258e+01
889315 +3.897517948e-04 +3.897517948e-04 -8.755961025e+01 -8.755961025e+01
895719 +2.490071969e-04 +2.490071969e-04 -8.755975099e+01 -8.755975099e+01
900480 +1.543671543e-04 +1.543671543e-04 -8.755984563e+01 -8.755984563e+01
903862 +9.390743305e-05 +9.390743305e-05 -8.755990609e+01 -8.755990609e+01
908004 +6.307996469e-05 +6.307996469e-05 -8.755993692e+01 -8.755993692e+01
911036 +3.907501250e-05 +3.907501250e-05 -8.755996092e+01 -8.755996092e+01
915264 +2.411923928e-05 +2.411923928e-05 -8.755997588e+01 -8.755997588e+01
919880 +1.558090494e-05 +1.558090494e-05 -8.755998442e+01 -8.755998442e+01
924200 +9.104143771e-06 +9.104143771e-06 -8.755999090e+01 -8.755999090e+01
926557 +5.988651424e-06 +5.988651424e-06 -8.755999401e+01 -8.755999401e+01
930542 +3.649835392e-06 +3.649835392e-06 -8.755999635e+01 -8.755999635e+01
933686 +2.462819111e-06 +2.462819111e-06 -8.755999754e+01 -8.755999754e+01
936420 +1.574613805e-06 +1.574613805e-06 -8.755999843e+01 -8.755999843e+01
940801 +9.788305135e-07 +9.788305135e-07 -8.755999902e+01 -8.755999902e+01
945093 +5.662295877e-07 +5.662295877e-07 -8.755999943e+01 -8.755999943e+01
950600 +3.906246633e-07 +3.906246633e-07 -8.755999961e+01 -8.755999961e+01
956590 +2.447364409e-07 +2.447364409e-07 -8.755999976e+01 -8.755999976e+01
961590 +1.578511615e-07 +1.578511615e-07 -8.755999984e+01 -8.755999984e+01
966823 +9.976039905e-08 +9.976039905e-08 -8.755999990e+01 -8.755999990e+01
971899 +5.956555071e-08 +5.956555071e-08 -8.755999994e+01 -8.755999994e+01
977433 +3.927674186e-08 +3.927674186e-08 -8.755999996e+01 -8.755999996e+01
981260 +2.508629393e-08 +2.508629393e-08 -8.755999997e+01 -8.755999997e+01
985523 +1.535437377e-08 +1.535437377e-08 -8.755999998e+01 -8.755999998e+01
988907 +9.043304772e-09 +9.043304772e-09 -8.755999999e+01 -8.755999999e+01
% function evaluation | noise-free fitness - Fopt (6.007000000000e+01) | best noise-free fitness - Fopt | measured fitness | best measured fitness | x1 | x2...
1 +7.745949704e+05 +7.745949704e+05 +7.746550404e+05 +7.746550404e+05
7 +5.333890165e+05 +5.333890165e+05 +5.334490865e+05 +5.334490865e+05
65 +3.140591236e+05 +3.140591236e+05 +3.141191936e+05 +3.141191936e+05
624 +2.462020021e+05 +2.462020021e+05 +2.462620721e+05 +2.462620721e+05
1325 +1.530026574e+05 +1.530026574e+05 +1.530627274e+05 +1.530627274e+05
2077 +8.744193679e+04 +8.744193679e+04 +8.750200679e+04 +8.750200679e+04
3509 +5.696584013e+04 +5.696584013e+04 +5.702591013e+04 +5.702591013e+04
3776 +3.722984587e+04 +3.722984587e+04 +3.728991587e+04 +3.728991587e+04
5204 +2.286380116e+04 +2.286380116e+04 +2.292387116e+04 +2.292387116e+04
6132 +1.570104760e+04 +1.570104760e+04 +1.576111760e+04 +1.576111760e+04
6749 +8.194505759e+03 +8.194505759e+03 +8.254575759e+03 +8.254575759e+03
8237 +5.872663348e+03 +5.872663348e+03 +5.932733348e+03 +5.932733348e+03
10185 +3.456866282e+03 +3.456866282e+03 +3.516936282e+03 +3.516936282e+03
10873 +2.455863943e+03 +2.455863943e+03 +2.515933943e+03 +2.515933943e+03
12353 +1.384157740e+03 +1.384157740e+03 +1.444227740e+03 +1.444227740e+03
13716 +9.543266834e+02 +9.543266834e+02 +1.014396683e+03 +1.014396683e+03
15380 +5.782421864e+02 +5.782421864e+02 +6.383121864e+02 +6.383121864e+02
18083 +3.276497496e+02 +3.276497496e+02 +3.877197496e+02 +3.877197496e+02
20355 +2.487164474e+02 +2.487164474e+02 +3.087864474e+02 +3.087864474e+02
22714 +1.533363325e+02 +1.533363325e+02 +2.134063325e+02 +2.134063325e+02
25413 +8.927671148e+01 +8.927671148e+01 +1.493467115e+02 +1.493467115e+02
30586 +5.927694558e+01 +5.927694558e+01 +1.193469456e+02 +1.193469456e+02
43692 +3.978611887e+01 +3.978611887e+01 +9.985611887e+01 +9.985611887e+01
244233 +2.511515832e+01 +2.511515832e+01 +8.518515832e+01 +8.518515832e+01
463639 +1.583435425e+01 +1.583435425e+01 +7.590435425e+01 +7.590435425e+01
567583 +9.972818462e+00 +9.972818462e+00 +7.004281846e+01 +7.004281846e+01
638547 +6.292391306e+00 +6.292391306e+00 +6.636239131e+01 +6.636239131e+01
705955 +3.974210435e+00 +3.974210435e+00 +6.404421043e+01 +6.404421043e+01
735992 +2.511467492e+00 +2.511467492e+00 +6.258146749e+01 +6.258146749e+01
748902 +1.582730036e+00 +1.582730036e+00 +6.165273004e+01 +6.165273004e+01
758635 +9.882349231e-01 +9.882349231e-01 +6.105823492e+01 +6.105823492e+01
767986 +6.261698413e-01 +6.261698413e-01 +6.069616984e+01 +6.069616984e+01
778418 +3.966468010e-01 +3.966468010e-01 +6.046664680e+01 +6.046664680e+01
788347 +2.510739063e-01 +2.510739063e-01 +6.032107391e+01 +6.032107391e+01
803229 +1.582792842e-01 +1.582792842e-01 +6.022827928e+01 +6.022827928e+01
808784 +9.967155126e-02 +9.967155126e-02 +6.016967155e+01 +6.016967155e+01
817581 +6.295457309e-02 +6.295457309e-02 +6.013295457e+01 +6.013295457e+01
823747 +3.892627796e-02 +3.892627796e-02 +6.010892628e+01 +6.010892628e+01
828854 +2.481116583e-02 +2.481116583e-02 +6.009481117e+01 +6.009481117e+01
832258 +1.518423510e-02 +1.518423510e-02 +6.008518424e+01 +6.008518424e+01
836196 +9.592148583e-03 +9.592148583e-03 +6.007959215e+01 +6.007959215e+01
841241 +6.293349117e-03 +6.293349117e-03 +6.007629335e+01 +6.007629335e+01
848517 +3.929578110e-03 +3.929578110e-03 +6.007392958e+01 +6.007392958e+01
855177 +2.421052275e-03 +2.421052275e-03 +6.007242105e+01 +6.007242105e+01
859605 +1.535194175e-03 +1.535194175e-03 +6.007153519e+01 +6.007153519e+01
864675 +9.974333386e-04 +9.974333386e-04 +6.007099743e+01 +6.007099743e+01
868421 +6.271200720e-04 +6.271200720e-04 +6.007062712e+01 +6.007062712e+01
873747 +3.921588930e-04 +3.921588930e-04 +6.007039216e+01 +6.007039216e+01
880080 +2.479693646e-04 +2.479693646e-04 +6.007024797e+01 +6.007024797e+01
884641 +1.558217248e-04 +1.558217248e-04 +6.007015582e+01 +6.007015582e+01
889451 +9.607760169e-05 +9.607760169e-05 +6.007009608e+01 +6.007009608e+01
895510 +6.130369576e-05 +6.130369576e-05 +6.007006130e+01 +6.007006130e+01
900859 +3.956405975e-05 +3.956405975e-05 +6.007003956e+01 +6.007003956e+01
906042 +2.483993465e-05 +2.483993465e-05 +6.007002484e+01 +6.007002484e+01
911037 +1.501051532e-05 +1.501051532e-05 +6.007001501e+01 +6.007001501e+01
913853 +9.646092394e-06 +9.646092394e-06 +6.007000965e+01 +6.007000965e+01
918976 +6.237386813e-06 +6.237386813e-06 +6.007000624e+01 +6.007000624e+01
922579 +3.704301101e-06 +3.704301101e-06 +6.007000370e+01 +6.007000370e+01
927815 +2.490487134e-06 +2.490487134e-06 +6.007000249e+01 +6.007000249e+01
931485 +1.534019503e-06 +1.534019503e-06 +6.007000153e+01 +6.007000153e+01
935714 +9.288365703e-07 +9.288365703e-07 +6.007000093e+01 +6.007000093e+01
937810 +6.154815111e-07 +6.154815111e-07 +6.007000062e+01 +6.007000062e+01
940828 +3.824061778e-07 +3.824061778e-07 +6.007000038e+01 +6.007000038e+01
944511 +2.494293696e-07 +2.494293696e-07 +6.007000025e+01 +6.007000025e+01
948516 +1.527145415e-07 +1.527145415e-07 +6.007000015e+01 +6.007000015e+01
952523 +9.207736440e-08 +9.207736440e-08 +6.007000009e+01 +6.007000009e+01
956448 +6.052217572e-08 +6.052217572e-08 +6.007000006e+01 +6.007000006e+01
960446 +3.904250434e-08 +3.904250434e-08 +6.007000004e+01 +6.007000004e+01
966475 +2.397786147e-08 +2.397786147e-08 +6.007000002e+01 +6.007000002e+01
970421 +1.578786168e-08 +1.578786168e-08 +6.007000002e+01 +6.007000002e+01
973065 +9.598821293e-09 +9.598821293e-09 +6.007000001e+01 +6.007000001e+01
% function evaluation | noise-free fitness - Fopt (-1.366300000000e+02) | best noise-free fitness - Fopt | measured fitness | best measured fitness | x1 | x2...
1 +1.097180975e+06 +1.097180975e+06 +1.097044345e+06 +1.097044345e+06
2 +5.027209612e+05 +5.027209612e+05 +5.025843312e+05 +5.025843312e+05
90 +3.422686744e+05 +3.422686744e+05 +3.421320444e+05 +3.421320444e+05
292 +2.456141203e+05 +2.456141203e+05 +2.454774903e+05 +2.454774903e+05
963 +1.242892097e+05 +1.242892097e+05 +1.241525797e+05 +1.241525797e+05
2443 +9.921120288e+04 +9.921120288e+04 +9.907457288e+04 +9.907457288e+04
2490 +6.306875091e+04 +6.306875091e+04 +6.293212091e+04 +6.293212091e+04
3458 +3.681849022e+04 +3.681849022e+04 +3.668186022e+04 +3.668186022e+04
4949 +1.951556176e+04 +1.951556176e+04 +1.937893176e+04 +1.937893176e+04
6123 +1.455500988e+04 +1.455500988e+04 +1.441837988e+04 +1.441837988e+04
7221 +9.987604531e+03 +9.987604531e+03 +9.850974531e+03 +9.850974531e+03
8003 +5.502408919e+03 +5.502408919e+03 +5.365778919e+03 +5.365778919e+03
10133 +3.830503033e+03 +3.830503033e+03 +3.693873033e+03 +3.693873033e+03
11677 +2.405099216e+03 +2.405099216e+03 +2.268469216e+03 +2.268469216e+03
11972 +1.455056311e+03 +1.455056311e+03 +1.318426311e+03 +1.318426311e+03
15341 +9.921099773e+02 +9.921099773e+02 +8.554799773e+02 +8.554799773e+02
15711 +5.384615318e+02 +5.384615318e+02 +4.018315318e+02 +4.018315318e+02
18117 +3.291374963e+02 +3.291374963e+02 +1.925074963e+02 +1.925074963e+02
21793 +2.367042530e+02 +2.367042530e+02 +1.000742530e+02 +1.000742530e+02
24061 +1.571405206e+02 +1.571405206e+02 +2.051052063e+01 +2.051052063e+01
28934 +9.499778495e+01 +9.499778495e+01 -4.163221505e+01 -4.163221505e+01
34154 +6.153769189e+01 +6.153769189e+01 -7.509230811e+01 -7.509230811e+01
46407 +3.975718928e+01 +3.975718928e+01 -9.687281072e+01 -9.687281072e+01
278973 +2.511107415e+01 +2.511107415e+01 -1.115189259e+02 -1.115189259e+02
484442 +1.584598921e+01 +1.584598921e+01 -1.207840108e+02 -1.207840108e+02
619774 +9.996921721e+00 +9.996921721e+00 -1.266330783e+02 -1.266330783e+02
681179 +6.283141769e+00 +6.283141769e+00 -1.303468582e+02 -1.303468582e+02
717749 +3.961311144e+00 +3.961311144e+00 -1.326686889e+02 -1.326686889e+02
738853 +2.495112937e+00 +2.495112937e+00 -1.341348871e+02 -1.341348871e+02
753302 +1.576681712e+00 +1.576681712e+00 -1.350533183e+02 -1.350533183e+02
760571 +9.838666772e-01 +9.838666772e-01 -1.356461333e+02 -1.356461333e+02
771549 +6.286276312e-01 +6.286276312e-01 -1.360013724e+02 -1.360013724e+02
791068 +3.973751508e-01 +3.973751508e-01 -1.362326248e+02 -1.362326248e+02
802008 +2.472215664e-01 +2.472215664e-01 -1.363827784e+02 -1.363827784e+02
809247 +1.582987573e-01 +1.582987573e-01 -1.364717012e+02 -1.364717012e+02
817472 +9.892977323e-02 +9.892977323e-02 -1.365310702e+02 -1.365310702e+02
820459 +6.050978399e-02 +6.050978399e-02 -1.365694902e+02 -1.365694902e+02
825866 +3.683399479e-02 +3.683399479e-02 -1.365931660e+02 -1.365931660e+02
829657 +2.459797100e-02 +2.459797100e-02 -1.366054020e+02 -1.366054020e+02
833730 +1.509423701e-02 +1.509423701e-02 -1.366149058e+02 -1.366149058e+02
838375 +9.663792531e-03 +9.663792531e-03 -1.366203362e+02 -1.366203362e+02
843233 +6.288530107e-03 +6.288530107e-03 -1.366237115e+02 -1.366237115e+02
845987 +3.477878932e-03 +3.477878932e-03 -1.366265221e+02 -1.366265221e+02
848907 +2.500814709e-03 +2.500814709e-03 -1.366274992e+02 -1.366274992e+02
852371 +1.530727971e-03 +1.530727971e-03 -1.366284693e+02 -1.366284693e+02
855211 +9.960281135e-04 +9.960281135e-04 -1.366290040e+02 -1.366290040e+02
858209 +6.130981924e-04 +6.130981924e-04 -1.366293869e+02 -1.366293869e+02
860362 +3.727345408e-04 +3.727345408e-04 -1.366296273e+02 -1.366296273e+02
863971 +2.397200593e-04 +2.397200593e-04 -1.366297603e+02 -1.366297603e+02
866882 +1.504222150e-04 +1.504222150e-04 -1.366298496e+02 -1.366298496e+02
870417 +9.683148031e-05 +9.683148031e-05 -1.366299032e+02 -1.366299032e+02
873383 +5.652552474e-05 +5.652552474e-05 -1.366299435e+02 -1.366299435e+02
876617 +3.844824377e-05 +3.844824377e-05 -1.366299616e+02 -1.366299616e+02
879605 +2.256378789e-05 +2.256378789e-05 -1.366299774e+02 -1.366299774e+02
882582 +1.387886891e-05 +1.387886891e-05 -1.366299861e+02 -1.366299861e+02
885546 +9.635330912e-06 +9.635330912e-06 -1.366299904e+02 -1.366299904e+02
889231 +6.091847752e-06 +6.091847752e-06 -1.366299939e+02 -1.366299939e+02
891497 +3.962775935e-06 +3.962775935e-06 -1.366299960e+02 -1.366299960e+02
896445 +2.504693896e-06 +2.504693896e-06 -1.366299975e+02 -1.366299975e+02
899307 +1.316897141e-06 +1.316897141e-06 -1.366299987e+02 -1.366299987e+02
901856 +9.845247746e-07 +9.845247746e-07 -1.366299990e+02 -1.366299990e+02
904676 +6.202153600e-07 +6.202153600e-07 -1.366299994e+02 -1.366299994e+02
908277 +3.893814551e-07 +3.893814551e-07 -1.366299996e+02 -1.366299996e+02
912231 +2.447597467e-07 +2.447597467e-07 -1.366299998e+02 -1.366299998e+02
915309 +1.521849811e-07 +1.521849811e-07 -1.366299998e+02 -1.366299998e+02
917481 +8.744601132e-08 +8.744601132e-08 -1.366299999e+02 -1.366299999e+02
920327 +6.275101327e-08 +6.275101327e-08 -1.366299999e+02 -1.366299999e+02
922606 +3.216305799e-08 +3.216305799e-08 -1.366300000e+02 -1.366300000e+02
925056 +2.150756018e-08 +2.150756018e-08 -1.366300000e+02 -1.366300000e+02
927492 +1.436029606e-08 +1.436029606e-08 -1.366300000e+02 -1.366300000e+02
929787 +9.720366734e-09 +9.720366734e-09 -1.366300000e+02 -1.366300000e+02
% function evaluation | noise-free fitness - Fopt (1.639300000000e+02) | best noise-free fitness - Fopt | measured fitness | best measured fitness | x1 | x2...
1 +6.479373060e+05 +6.479373060e+05 +6.481012360e+05 +6.481012360e+05
7 +6.129659368e+05 +6.129659368e+05 +6.131298668e+05 +6.131298668e+05
51 +2.662322769e+05 +2.662322769e+05 +2.663962069e+05 +2.663962069e+05
73 +2.412409432e+05 +2.412409432e+05 +2.414048732e+05 +2.414048732e+05
686 +1.268735704e+05 +1.268735704e+05 +1.270375004e+05 +1.270375004e+05
1747 +9.723850625e+04 +9.723850625e+04 +9.740243625e+04 +9.740243625e+04
1841 +5.429133687e+04 +5.429133687e+04 +5.445526687e+04 +5.445526687e+04
4023 +3.729277833e+04 +3.729277833e+04 +3.745670833e+04 +3.745670833e+04
4942 +2.144208876e+04 +2.144208876e+04 +2.160601876e+04 +2.160601876e+04
5947 +1.400406133e+04 +1.400406133e+04 +1.416799133e+04 +1.416799133e+04
7404 +6.311374163e+03 +6.311374163e+03 +6.475304163e+03 +6.475304163e+03
8113 +5.036215214e+03 +5.036215214e+03 +5.200145214e+03 +5.200145214e+03
9315 +3.539448717e+03 +3.539448717e+03 +3.703378717e+03 +3.703378717e+03
10272 +2.223069213e+03 +2.223069213e+03 +2.386999213e+03 +2.386999213e+03
12255 +1.089603857e+03 +1.089603857e+03 +1.253533857e+03 +1.253533857e+03
13499 +8.397963927e+02 +8.397963927e+02 +1.003726393e+03 +1.003726393e+03
15142 +5.651913643e+02 +5.651913643e+02 +7.291213643e+02 +7.291213643e+02
17957 +3.938454501e+02 +3.938454501e+02 +5.577754501e+02 +5.577754501e+02
21004 +2.494942025e+02 +2.494942025e+02 +4.134242025e+02 +4.134242025e+02
24106 +1.393195144e+02 +1.393195144e+02 +3.032495144e+02 +3.032495144e+02
28826 +9.413834520e+01 +9.413834520e+01 +2.580683452e+02 +2.580683452e+02
34184 +6.128480567e+01 +6.128480567e+01 +2.252148057e+02 +2.252148057e+02
53634 +3.968838611e+01 +3.968838611e+01 +2.036183861e+02 +2.036183861e+02
285893 +2.510001921e+01 +2.510001921e+01 +1.890300192e+02 +1.890300192e+02
462889 +1.584771365e+01 +1.584771365e+01 +1.797777136e+02 +1.797777136e+02
566732 +9.988671697e+00 +9.988671697e+00 +1.739186717e+02 +1.739186717e+02
627689 +6.309544481e+00 +6.309544481e+00 +1.702395445e+02 +1.702395445e+02
664781 +3.970130369e+00 +3.970130369e+00 +1.679001304e+02 +1.679001304e+02
691931 +2.492223623e+00 +2.492223623e+00 +1.664222236e+02 +1.664222236e+02
708011 +1.573065107e+00 +1.573065107e+00 +1.655030651e+02 +1.655030651e+02
719640 +9.942918847e-01 +9.942918847e-01 +1.649242919e+02 +1.649242919e+02
728802 +6.216108967e-01 +6.216108967e-01 +1.645516109e+02 +1.645516109e+02
736535 +3.889382681e-01 +3.889382681e-01 +1.643189383e+02 +1.643189383e+02
742706 +2.434046119e-01 +2.434046119e-01 +1.641734046e+02 +1.641734046e+02
749275 +1.520233215e-01 +1.520233215e-01 +1.640820233e+02 +1.640820233e+02
759088 +9.604219852e-02 +9.604219852e-02 +1.640260422e+02 +1.640260422e+02
772125 +6.297678966e-02 +6.297678966e-02 +1.639929768e+02 +1.639929768e+02
785573 +3.980034278e-02 +3.980034278e-02 +1.639698003e+02 +1.639698003e+02
799040 +2.475635969e-02 +2.475635969e-02 +1.639547564e+02 +1.639547564e+02
807466 +1.549178570e-02 +1.549178570e-02 +1.639454918e+02 +1.639454918e+02
813125 +9.613278361e-03 +9.613278361e-03 +1.639396133e+02 +1.639396133e+02
820011 +6.122964476e-03 +6.122964476e-03 +1.639361230e+02 +1.639361230e+02
827468 +3.890428873e-03 +3.890428873e-03 +1.639338904e+02 +1.639338904e+02
836032 +2.504853375e-03 +2.504853375e-03 +1.639325049e+02 +1.639325049e+02
841914 +1.525598593e-03 +1.525598593e-03 +1.639315256e+02 +1.639315256e+02
847275 +9.763980160e-04 +9.763980160e-04 +1.639309764e+02 +1.639309764e+02
850180 +6.230409254e-04 +6.230409254e-04 +1.639306230e+02 +1.639306230e+02
852809 +3.612183930e-04 +3.612183930e-04 +1.639303612e+02 +1.639303612e+02
857003 +2.358711454e-04 +2.358711454e-04 +1.639302359e+02 +1.639302359e+02
859929 +1.519226270e-04 +1.519226270e-04 +1.639301519e+02 +1.639301519e+02
861408 +9.583388501e-05 +9.583388501e-05 +1.639300958e+02 +1.639300958e+02
867094 +6.221361130e-05 +6.221361130e-05 +1.639300622e+02 +1.639300622e+02
869975 +3.366995000e-05 +3.366995000e-05 +1.639300337e+02 +1.639300337e+02
873186 +2.311038577e-05 +2.311038577e-05 +1.639300231e+02 +1.639300231e+02
875230 +1.386667930e-05 +1.386667930e-05 +1.639300139e+02 +1.639300139e+02
878220 +9.460500962e-06 +9.460500962e-06 +1.639300095e+02 +1.639300095e+02
881807 +6.021931426e-06 +6.021931426e-06 +1.639300060e+02 +1.639300060e+02
886532 +3.920896887e-06 +3.920896887e-06 +1.639300039e+02 +1.639300039e+02
889580 +2.262128561e-06 +2.262128561e-06 +1.639300023e+02 +1.639300023e+02
893922 +1.578894427e-06 +1.578894427e-06 +1.639300016e+02 +1.639300016e+02
897999 +9.753447898e-07 +9.753447898e-07 +1.639300010e+02 +1.639300010e+02
901574 +6.138858737e-07 +6.138858737e-07 +1.639300006e+02 +1.639300006e+02
904766 +3.751146949e-07 +3.751146949e-07 +1.639300004e+02 +1.639300004e+02
907382 +2.430500103e-07 +2.430500103e-07 +1.639300002e+02 +1.639300002e+02
910848 +1.338567017e-07 +1.338567017e-07 +1.639300001e+02 +1.639300001e+02
913046 +9.999902773e-08 +9.999902773e-08 +1.639300001e+02 +1.639300001e+02
914498 +5.989645047e-08 +5.989645047e-08 +1.639300001e+02 +1.639300001e+02
918248 +3.798058401e-08 +3.798058401e-08 +1.639300000e+02 +1.639300000e+02
921979 +2.391698217e-08 +2.391698217e-08 +1.639300000e+02 +1.639300000e+02
925362 +1.484747258e-08 +1.484747258e-08 +1.639300000e+02 +1.639300000e+02
927057 +8.358256309e-09 +8.358256309e-09 +1.639300000e+02 +1.639300000e+02
% function evaluation | noise-free fitness - Fopt (-5.002000000000e+01) | best noise-free fitness - Fopt | measured fitness | best measured fitness | x1 | x2...
1 +1.200762223e+06 +1.200762223e+06 +1.200712203e+06 +1.200712203e+06
2 +7.223324980e+05 +7.223324980e+05 +7.222824780e+05 +7.222824780e+05
19 +4.745714936e+05 +4.745714936e+05 +4.745214736e+05 +4.745214736e+05
60 +3.004326367e+05 +3.004326367e+05 +3.003826167e+05 +3.003826167e+05
294 +2.058120434e+05 +2.058120434e+05 +2.057620234e+05 +2.057620234e+05
603 +1.434278610e+05 +1.434278610e+05 +1.433778410e+05 +1.433778410e+05
2583 +7.074578360e+04 +7.074578360e+04 +7.069576360e+04 +7.069576360e+04
3615 +4.778568798e+04 +4.778568798e+04 +4.773566798e+04 +4.773566798e+04
4118 +3.692389429e+04 +3.692389429e+04 +3.687387429e+04 +3.687387429e+04
5704 +2.490938445e+04 +2.490938445e+04 +2.485936445e+04 +2.485936445e+04
6211 +1.582994298e+04 +1.582994298e+04 +1.577992298e+04 +1.577992298e+04
6944 +8.493440703e+03 +8.493440703e+03 +8.443420703e+03 +8.443420703e+03
7482 +6.283596968e+03 +6.283596968e+03 +6.233576968e+03 +6.233576968e+03
10420 +3.957540328e+03 +3.957540328e+03 +3.907520328e+03 +3.907520328e+03
10711 +2.367812583e+03 +2.367812583e+03 +2.317792583e+03 +2.317792583e+03
12334 +1.469190442e+03 +1.469190442e+03 +1.419170442e+03 +1.419170442e+03
14284 +9.527938248e+02 +9.527938248e+02 +9.027738248e+02 +9.027738248e+02
14961 +6.004549119e+02 +6.004549119e+02 +5.504349119e+02 +5.504349119e+02
17332 +3.622150364e+02 +3.622150364e+02 +3.121950364e+02 +3.121950364e+02
19539 +2.491553609e+02 +2.491553609e+02 +1.991353609e+02 +1.991353609e+02
22614 +1.490809321e+02 +1.490809321e+02 +9.906093206e+01 +9.906093206e+01
25804 +9.814640600e+01 +9.814640600e+01 +4.812640600e+01 +4.812640600e+01
32554 +6.067954816e+01 +6.067954816e+01 +1.065954816e+01 +1.065954816e+01
47727 +3.911037064e+01 +3.911037064e+01 -1.090962936e+01 -1.090962936e+01
266793 +2.511843886e+01 +2.511843886e+01 -2.490156114e+01 -2.490156114e+01
429172 +1.583463758e+01 +1.583463758e+01 -3.418536242e+01 -3.418536242e+01
540002 +9.996752453e+00 +9.996752453e+00 -4.002324755e+01 -4.002324755e+01
619876 +6.301824610e+00 +6.301824610e+00 -4.371817539e+01 -4.371817539e+01
687642 +3.978003458e+00 +3.978003458e+00 -4.604199654e+01 -4.604199654e+01
722420 +2.501161657e+00 +2.501161657e+00 -4.751883834e+01 -4.751883834e+01
753701 +1.581140455e+00 +1.581140455e+00 -4.843885954e+01 -4.843885954e+01
776920 +9.982198283e-01 +9.982198283e-01 -4.902178017e+01 -4.902178017e+01
788340 +6.290422761e-01 +6.290422761e-01 -4.939095772e+01 -4.939095772e+01
802511 +3.951052095e-01 +3.951052095e-01 -4.962489479e+01 -4.962489479e+01
824046 +2.494848502e-01 +2.494848502e-01 -4.977051515e+01 -4.977051515e+01
841312 +1.571012987e-01 +1.571012987e-01 -4.986289870e+01 -4.986289870e+01
855000 +9.942745933e-02 +9.942745933e-02 -4.992057254e+01 -4.992057254e+01
872047 +6.266087808e-02 +6.266087808e-02 -4.995733912e+01 -4.995733912e+01
884167 +3.937726392e-02 +3.937726392e-02 -4.998062274e+01 -4.998062274e+01
890937 +2.506887829e-02 +2.506887829e-02 -4.999493112e+01 -4.999493112e+01
897398 +1.530351226e-02 +1.530351226e-02 -5.000469649e+01 -5.000469649e+01
903611 +9.915555906e-03 +9.915555906e-03 -5.001008444e+01 -5.001008444e+01
909754 +6.196776606e-03 +6.196776606e-03 -5.001380322e+01 -5.001380322e+01
917776 +3.942966283e-03 +3.942966283e-03 -5.001605703e+01 -5.001605703e+01
924006 +2.485394046e-03 +2.485394046e-03 -5.001751461e+01 -5.001751461e+01
928983 +1.466213801e-03 +1.466213801e-03 -5.001853379e+01 -5.001853379e+01
931768 +9.804419087e-04 +9.804419087e-04 -5.001901956e+01 -5.001901956e+01
935046 +6.201227005e-04 +6.201227005e-04 -5.001937988e+01 -5.001937988e+01
938654 +3.963362450e-04 +3.963362450e-04 -5.001960366e+01 -5.001960366e+01
941749 +2.474868348e-04 +2.474868348e-04 -5.001975251e+01 -5.001975251e+01
946034 +1.573589799e-04 +1.573589799e-04 -5.001984264e+01 -5.001984264e+01
950419 +9.754950640e-05 +9.754950640e-05 -5.001990245e+01 -5.001990245e+01
953171 +6.162415593e-05 +6.162415593e-05 -5.001993838e+01 -5.001993838e+01
956998 +3.860672948e-05 +3.860672948e-05 -5.001996139e+01 -5.001996139e+01
959128 +2.443097953e-05 +2.443097953e-05 -5.001997557e+01 -5.001997557e+01
962516 +1.479992295e-05 +1.479992295e-05 -5.001998520e+01 -5.001998520e+01
965877 +9.693306019e-06 +9.693306019e-06 -5.001999031e+01 -5.001999031e+01
968967 +6.132988453e-06 +6.132988453e-06 -5.001999387e+01 -5.001999387e+01
972686 +3.901566345e-06 +3.901566345e-06 -5.001999610e+01 -5.001999610e+01
976489 +2.447095476e-06 +2.447095476e-06 -5.001999755e+01 -5.001999755e+01
981407 +1.521457826e-06 +1.521457826e-06 -5.001999848e+01 -5.001999848e+01
987690 +9.702653543e-07 +9.702653543e-07 -5.001999903e+01 -5.001999903e+01
991463 +6.172390243e-07 +6.172390243e-07 -5.001999938e+01 -5.001999938e+01
996998 +3.768704531e-07 +3.768704531e-07 -5.001999962e+01 -5.001999962e+01
1002048 +2.471595550e-07 +2.471595550e-07 -5.001999975e+01 -5.001999975e+01
1006417 +1.523853399e-07 +1.523853399e-07 -5.001999985e+01 -5.001999985e+01
1010456 +9.327469996e-08 +9.327469996e-08 -5.001999991e+01 -5.001999991e+01
1014156 +6.086695237e-08 +6.086695237e-08 -5.001999994e+01 -5.001999994e+01
1017679 +3.823977579e-08 +3.823977579e-08 -5.001999996e+01 -5.001999996e+01
1020902 +2.445660385e-08 +2.445660385e-08 -5.001999998e+01 -5.001999998e+01
1024041 +1.489728874e-08 +1.489728874e-08 -5.001999999e+01 -5.001999999e+01
1028707 +9.935931189e-09 +9.935931189e-09 -5.001999999e+01 -5.001999999e+01
% function evaluation | noise-free fitness - Fopt (5.888600000000e+02) | best noise-free fitness - Fopt | measured fitness | best measured fitness | x1 | x2...
1 +7.872278459e+05 +7.872278459e+05 +7.878167059e+05 +7.878167059e+05
7 +5.951162898e+05 +5.951162898e+05 +5.957051498e+05 +5.957051498e+05
27 +3.727238953e+05 +3.727238953e+05 +3.733127553e+05 +3.733127553e+05
449 +2.229175426e+05 +2.229175426e+05 +2.235064026e+05 +2.235064026e+05
982 +1.470786653e+05 +1.470786653e+05 +1.476675253e+05 +1.476675253e+05
2532 +8.407594841e+04 +8.407594841e+04 +8.466480841e+04 +8.466480841e+04
2730 +5.268942212e+04 +5.268942212e+04 +5.327828212e+04 +5.327828212e+04
3966 +2.931852244e+04 +2.931852244e+04 +2.990738244e+04 +2.990738244e+04
5636 +2.191610312e+04 +2.191610312e+04 +2.250496312e+04 +2.250496312e+04
6514 +1.474239156e+04 +1.474239156e+04 +1.533125156e+04 +1.533125156e+04
6861 +8.159619974e+03 +8.159619974e+03 +8.748479974e+03 +8.748479974e+03
7991 +4.387984991e+03 +4.387984991e+03 +4.976844991e+03 +4.976844991e+03
10006 +3.689489868e+03 +3.689489868e+03 +4.278349868e+03 +4.278349868e+03
10863 +2.065565595e+03 +2.065565595e+03 +2.654425595e+03 +2.654425595e+03
11888 +1.077336059e+03 +1.077336059e+03 +1.666196059e+03 +1.666196059e+03
13735 +7.679388424e+02 +7.679388424e+02 +1.356798842e+03 +1.356798842e+03
14899 +6.186934936e+02 +6.186934936e+02 +1.207553494e+03 +1.207553494e+03
17020 +3.006059130e+02 +3.006059130e+02 +8.894659130e+02 +8.894659130e+02
19748 +2.163939501e+02 +2.163939501e+02 +8.052539501e+02 +8.052539501e+02
22757 +1.011155204e+02 +1.011155204e+02 +6.899755204e+02 +6.899755204e+02
26078 +9.847460878e+01 +9.847460878e+01 +6.873346088e+02 +6.873346088e+02
30708 +6.150586675e+01 +6.150586675e+01 +6.503658668e+02 +6.503658668e+02
48462 +3.977321477e+01 +3.977321477e+01 +6.286332148e+02 +6.286332148e+02
271799 +2.509996307e+01 +2.509996307e+01 +6.139599631e+02 +6.139599631e+02
476971 +1.580634817e+01 +1.580634817e+01 +6.046663482e+02 +6.046663482e+02
589382 +9.991889570e+00 +9.991889570e+00 +5.988518896e+02 +5.988518896e+02
676868 +6.304683552e+00 +6.304683552e+00 +5.951646836e+02 +5.951646836e+02
709252 +3.976912177e+00 +3.976912177e+00 +5.928369122e+02 +5.928369122e+02
752411 +2.502153588e+00 +2.502153588e+00 +5.913621536e+02 +5.913621536e+02
773498 +1.580900257e+00 +1.580900257e+00 +5.904409003e+02 +5.904409003e+02
790303 +9.899239999e-01 +9.899239999e-01 +5.898499240e+02 +5.898499240e+02
806526 +6.245944619e-01 +6.245944619e-01 +5.894845945e+02 +5.894845945e+02
822382 +3.961759211e-01 +3.961759211e-01 +5.892561759e+02 +5.892561759e+02
834226 +2.492335443e-01 +2.492335443e-01 +5.891092335e+02 +5.891092335e+02
843312 +1.544398647e-01 +1.544398647e-01 +5.890144399e+02 +5.890144399e+02
851676 +9.826147562e-02 +9.826147562e-02 +5.889582615e+02 +5.889582615e+02
864864 +6.246505508e-02 +6.246505508e-02 +5.889224651e+02 +5.889224651e+02
878465 +3.977077558e-02 +3.977077558e-02 +5.888997708e+02 +5.888997708e+02
884582 +2.414109961e-02 +2.414109961e-02 +5.888841411e+02 +5.888841411e+02
890247 +1.584526438e-02 +1.584526438e-02 +5.888758453e+02 +5.888758453e+02
894018 +9.936743699e-03 +9.936743699e-03 +5.888699367e+02 +5.888699367e+02
898214 +6.222851999e-03 +6.222851999e-03 +5.888662229e+02 +5.888662229e+02
904492 +3.936267343e-03 +3.936267343e-03 +5.888639363e+02 +5.888639363e+02
910090 +2.501871262e-03 +2.501871262e-03 +5.888625019e+02 +5.888625019e+02
915635 +1.559705769e-03 +1.559705769e-03 +5.888615597e+02 +5.888615597e+02
920911 +9.754856725e-04 +9.754856725e-04 +5.888609755e+02 +5.888609755e+02
926701 +6.065441954e-04 +6.065441954e-04 +5.888606065e+02 +5.888606065e+02
930501 +3.975883245e-04 +3.975883245e-04 +5.888603976e+02 +5.888603976e+02
935008 +2.486721218e-04 +2.486721218e-04 +5.888602487e+02 +5.888602487e+02
940213 +1.495578324e-04 +1.495578324e-04 +5.888601496e+02 +5.888601496e+02
946980 +9.850484491e-05 +9.850484491e-05 +5.888600985e+02 +5.888600985e+02
952508 +6.248174543e-05 +6.248174543e-05 +5.888600625e+02 +5.888600625e+02
958225 +3.917443632e-05 +3.917443632e-05 +5.888600392e+02 +5.888600392e+02
963732 +2.478534748e-05 +2.478534748e-05 +5.888600248e+02 +5.888600248e+02
967628 +1.583763662e-05 +1.583763662e-05 +5.888600158e+02 +5.888600158e+02
972913 +9.848849004e-06 +9.848849004e-06 +5.888600098e+02 +5.888600098e+02
978557 +6.224633353e-06 +6.224633353e-06 +5.888600062e+02 +5.888600062e+02
980471 +3.762841970e-06 +3.762841970e-06 +5.888600038e+02 +5.888600038e+02
984681 +2.426914875e-06 +2.426914875e-06 +5.888600024e+02 +5.888600024e+02
990014 +1.568655193e-06 +1.568655193e-06 +5.888600016e+02 +5.888600016e+02
997935 +9.879872778e-07 +9.879872778e-07 +5.888600010e+02 +5.888600010e+02
1005234 +6.143125120e-07 +6.143125120e-07 +5.888600006e+02 +5.888600006e+02
1011225 +3.801595767e-07 +3.801595767e-07 +5.888600004e+02 +5.888600004e+02
1016055 +2.482755690e-07 +2.482755690e-07 +5.888600002e+02 +5.888600002e+02
1021456 +1.576133855e-07 +1.576133855e-07 +5.888600002e+02 +5.888600002e+02
1025414 +9.897360087e-08 +9.897360087e-08 +5.888600001e+02 +5.888600001e+02
1029016 +6.220830073e-08 +6.220830073e-08 +5.888600001e+02 +5.888600001e+02
1032770 +3.839261353e-08 +3.839261353e-08 +5.888600000e+02 +5.888600000e+02
1036418 +2.302579105e-08 +2.302579105e-08 +5.888600000e+02 +5.888600000e+02
1040978 +1.537034677e-08 +1.537034677e-08 +5.888600000e+02 +5.888600000e+02
1046229 +9.895984476e-09 +9.895984476e-09 +5.888600000e+02 +5.888600000e+02
% function evaluation | noise-free fitness - Fopt (-3.294000000000e+01) | best noise-free fitness - Fopt | measured fitness | best measured fitness | x1 | x2...
1 +7.702134275e+05 +7.702134275e+05 +7.701804875e+05 +7.701804875e+05
2 +5.292756797e+05 +5.292756797e+05 +5.292427397e+05 +5.292427397e+05
13 +3.969426630e+05 +3.969426630e+05 +3.969097230e+05 +3.969097230e+05
495 +2.298064358e+05 +2.298064358e+05 +2.297734958e+05 +2.297734958e+05
930 +1.154507598e+05 +1.154507598e+05 +1.154178198e+05 +1.154178198e+05
2130 +8.466006076e+04 +8.466006076e+04 +8.462712076e+04 +8.462712076e+04
2829 +6.273954947e+04 +6.273954947e+04 +6.270660947e+04 +6.270660947e+04
3229 +2.659803225e+04 +2.659803225e+04 +2.656509225e+04 +2.656509225e+04
5440 +2.135601387e+04 +2.135601387e+04 +2.132307387e+04 +2.132307387e+04
6485 +1.473462968e+04 +1.473462968e+04 +1.470168968e+04 +1.470168968e+04
6707 +9.575101652e+03 +9.575101652e+03 +9.542161652e+03 +9.542161652e+03
8018 +5.381533639e+03 +5.381533639e+03 +5.348593639e+03 +5.348593639e+03
8912 +3.369729660e+03 +3.369729660e+03 +3.336789660e+03 +3.336789660e+03
10686 +2.370415052e+03 +2.370415052e+03 +2.337475052e+03 +2.337475052e+03
12443 +1.096062206e+03 +1.096062206e+03 +1.063122206e+03 +1.063122206e+03
13969 +9.486830855e+02 +9.486830855e+02 +9.157430855e+02 +9.157430855e+02
15221 +5.299151362e+02 +5.299151362e+02 +4.969751362e+02 +4.969751362e+02
18107 +3.757039142e+02 +3.757039142e+02 +3.427639142e+02 +3.427639142e+02
21376 +2.448300450e+02 +2.448300450e+02 +2.118900450e+02 +2.118900450e+02
23331 +1.554852875e+02 +1.554852875e+02 +1.225452875e+02 +1.225452875e+02
26933 +8.981052116e+01 +8.981052116e+01 +5.687052116e+01 +5.687052116e+01
34240 +6.246591899e+01 +6.246591899e+01 +2.952591899e+01 +2.952591899e+01
52849 +3.979197347e+01 +3.979197347e+01 +6.851973471e+00 +6.851973471e+00
312376 +2.506639927e+01 +2.506639927e+01 -7.873600734e+00 -7.873600734e+00
560596 +1.584511088e+01 +1.584511088e+01 -1.709488912e+01 -1.709488912e+01
682362 +9.996185516e+00 +9.996185516e+00 -2.294381448e+01 -2.294381448e+01
741323 +6.308778595e+00 +6.308778595e+00 -2.663122141e+01 -2.663122141e+01
784624 +3.978846762e+00 +3.978846762e+00 -2.896115324e+01 -2.896115324e+01
847411 +2.494329341e+00 +2.494329341e+00 -3.044567066e+01 -3.044567066e+01
879868 +1.573884688e+00 +1.573884688e+00 -3.136611531e+01 -3.136611531e+01
897825 +9.963170878e-01 +9.963170878e-01 -3.194368291e+01 -3.194368291e+01
917631 +6.306674150e-01 +6.306674150e-01 -3.230933259e+01 -3.230933259e+01
930603 +3.971546245e-01 +3.971546245e-01 -3.254284538e+01 -3.254284538e+01
941823 +2.490746324e-01 +2.490746324e-01 -3.269092537e+01 -3.269092537e+01
949174 +1.557842993e-01 +1.557842993e-01 -3.278421570e+01 -3.278421570e+01
955601 +9.806418853e-02 +9.806418853e-02 -3.284193581e+01 -3.284193581e+01
968500 +6.292478112e-02 +6.292478112e-02 -3.287707522e+01 -3.287707522e+01
982568 +3.942241506e-02 +3.942241506e-02 -3.290057758e+01 -3.290057758e+01
994728 +2.508654549e-02 +2.508654549e-02 -3.291491345e+01 -3.291491345e+01
1001159 +1.583851927e-02 +1.583851927e-02 -3.292416148e+01 -3.292416148e+01
1007244 +9.991880914e-03 +9.991880914e-03 -3.293000812e+01 -3.293000812e+01
1011616 +6.099063669e-03 +6.099063669e-03 -3.293390094e+01 -3.293390094e+01
1014758 +3.526468434e-03 +3.526468434e-03 -3.293647353e+01 -3.293647353e+01
1018359 +2.360028465e-03 +2.360028465e-03 -3.293763997e+01 -3.293763997e+01
1022983 +1.490805682e-03 +1.490805682e-03 -3.293850919e+01 -3.293850919e+01
1026450 +9.368280768e-04 +9.368280768e-04 -3.293906317e+01 -3.293906317e+01
1030630 +6.263370787e-04 +6.263370787e-04 -3.293937366e+01 -3.293937366e+01
1036188 +3.865419841e-04 +3.865419841e-04 -3.293961346e+01 -3.293961346e+01
1044152 +2.494300725e-04 +2.494300725e-04 -3.293975057e+01 -3.293975057e+01
1047630 +1.491241857e-04 +1.491241857e-04 -3.293985088e+01 -3.293985088e+01
1050003 +9.647481034e-05 +9.647481034e-05 -3.293990353e+01 -3.293990353e+01
1053012 +6.303216431e-05 +6.303216431e-05 -3.293993697e+01 -3.293993697e+01
1056710 +3.831780048e-05 +3.831780048e-05 -3.293996168e+01 -3.293996168e+01
1062178 +2.423574245e-05 +2.423574245e-05 -3.293997576e+01 -3.293997576e+01
1065306 +1.568668426e-05 +1.568668426e-05 -3.293998431e+01 -3.293998431e+01
1069240 +9.930061623e-06 +9.930061623e-06 -3.293999007e+01 -3.293999007e+01
1072658 +5.939299186e-06 +5.939299186e-06 -3.293999406e+01 -3.293999406e+01
1076885 +3.801788949e-06 +3.801788949e-06 -3.293999620e+01 -3.293999620e+01
1081201 +2.488782748e-06 +2.488782748e-06 -3.293999751e+01 -3.293999751e+01
1084652 +1.550536460e-06 +1.550536460e-06 -3.293999845e+01 -3.293999845e+01
1087169 +9.983171765e-07 +9.983171765e-07 -3.293999900e+01 -3.293999900e+01
1090417 +6.307476710e-07 +6.307476710e-07 -3.293999937e+01 -3.293999937e+01
1094050 +3.838054141e-07 +3.838054141e-07 -3.293999962e+01 -3.293999962e+01
1097746 +2.312679257e-07 +2.312679257e-07 -3.293999977e+01 -3.293999977e+01
1102167 +1.490541379e-07 +1.490541379e-07 -3.293999985e+01 -3.293999985e+01
1104783 +9.744085361e-08 +9.744085361e-08 -3.293999990e+01 -3.293999990e+01
1109100 +6.206072101e-08 +6.206072101e-08 -3.293999994e+01 -3.293999994e+01
1113054 +3.742344745e-08 +3.742344745e-08 -3.293999996e+01 -3.293999996e+01
1117041 +2.440103231e-08 +2.440103231e-08 -3.293999998e+01 -3.293999998e+01
1120038 +1.554663953e-08 +1.554663953e-08 -3.293999998e+01 -3.293999998e+01
1122252 +9.884530527e-09 +9.884530527e-09 -3.293999999e+01 -3.293999999e+01
% function evaluation | noise-free fitness - Fopt (-1.116200000000e+02) | best noise-free fitness - Fopt | measured fitness | best measured fitness | x1 | x2...
1 +9.389541434e+05 +9.389541434e+05 +9.388425234e+05 +9.388425234e+05
4 +5.338290879e+05 +5.338290879e+05 +5.337174679e+05 +5.337174679e+05
51 +3.705302051e+05 +3.705302051e+05 +3.704185851e+05 +3.704185851e+05
512 +2.511075549e+05 +2.511075549e+05 +2.509959349e+05 +2.509959349e+05
1175 +1.506923557e+05 +1.506923557e+05 +1.505807357e+05 +1.505807357e+05
1879 +8.896837375e+04 +8.896837375e+04 +8.885675375e+04 +8.885675375e+04
3044 +5.136504980e+04 +5.136504980e+04 +5.125342980e+04 +5.125342980e+04
3838 +3.167762198e+04 +3.167762198e+04 +3.156600198e+04 +3.156600198e+04
5084 +2.389480860e+04 +2.389480860e+04 +2.378318860e+04 +2.378318860e+04
5287 +1.555762150e+04 +1.555762150e+04 +1.544600150e+04 +1.544600150e+04
6056 +7.567964301e+03 +7.567964301e+03 +7.456344301e+03 +7.456344301e+03
8340 +5.569142042e+03 +5.569142042e+03 +5.457522042e+03 +5.457522042e+03
8478 +3.644682355e+03 +3.644682355e+03 +3.533062355e+03 +3.533062355e+03
9618 +2.366350595e+03 +2.366350595e+03 +2.254730595e+03 +2.254730595e+03
12529 +1.492951415e+03 +1.492951415e+03 +1.381331415e+03 +1.381331415e+03
14556 +9.836803677e+02 +9.836803677e+02 +8.720603677e+02 +8.720603677e+02
14697 +5.888138719e+02 +5.888138719e+02 +4.771938719e+02 +4.771938719e+02
15948 +3.556872599e+02 +3.556872599e+02 +2.440672599e+02 +2.440672599e+02
19155 +2.360273698e+02 +2.360273698e+02 +1.244073698e+02 +1.244073698e+02
22901 +1.514344729e+02 +1.514344729e+02 +3.981447292e+01 +3.981447292e+01
26339 +9.600364074e+01 +9.600364074e+01 -1.561635926e+01 -1.561635926e+01
31612 +6.070573057e+01 +6.070573057e+01 -5.091426943e+01 -5.091426943e+01
48344 +3.969196566e+01 +3.969196566e+01 -7.192803434e+01 -7.192803434e+01
284556 +2.510631492e+01 +2.510631492e+01 -8.651368508e+01 -8.651368508e+01
463620 +1.583859164e+01 +1.583859164e+01 -9.578140836e+01 -9.578140836e+01
558673 +9.949292552e+00 +9.949292552e+00 -1.016707074e+02 -1.016707074e+02
616219 +6.288862708e+00 +6.288862708e+00 -1.053311373e+02 -1.053311373e+02
679005 +3.971417606e+00 +3.971417606e+00 -1.076485824e+02 -1.076485824e+02
728852 +2.495389195e+00 +2.495389195e+00 -1.091246108e+02 -1.091246108e+02
756007 +1.581951489e+00 +1.581951489e+00 -1.100380485e+02 -1.100380485e+02
773065 +9.988158145e-01 +9.988158145e-01 -1.106211842e+02 -1.106211842e+02
789172 +6.224725542e-01 +6.224725542e-01 -1.109975274e+02 -1.109975274e+02
809668 +3.920298155e-01 +3.920298155e-01 -1.112279702e+02 -1.112279702e+02
822094 +2.507703654e-01 +2.507703654e-01 -1.113692296e+02 -1.113692296e+02
829679 +1.559373661e-01 +1.559373661e-01 -1.114640626e+02 -1.114640626e+02
834199 +9.966900937e-02 +9.966900937e-02 -1.115203310e+02 -1.115203310e+02
845804 +6.293862331e-02 +6.293862331e-02 -1.115570614e+02 -1.115570614e+02
856293 +3.839880029e-02 +3.839880029e-02 -1.115816012e+02 -1.115816012e+02
861905 +2.456555139e-02 +2.456555139e-02 -1.115954344e+02 -1.115954344e+02
869781 +1.561149037e-02 +1.561149037e-02 -1.116043885e+02 -1.116043885e+02
875262 +9.691301881e-03 +9.691301881e-03 -1.116103087e+02 -1.116103087e+02
879714 +6.169888014e-03 +6.169888014e-03 -1.116138301e+02 -1.116138301e+02
883685 +3.728906019e-03 +3.728906019e-03 -1.116162711e+02 -1.116162711e+02
888415 +2.423900960e-03 +2.423900960e-03 -1.116175761e+02 -1.116175761e+02
890700 +1.545001411e-03 +1.545001411e-03 -1.116184550e+02 -1.116184550e+02
894480 +9.703425327e-04 +9.703425327e-04 -1.116190297e+02 -1.116190297e+02
897683 +6.168725738e-04 +6.168725738e-04 -1.116193831e+02 -1.116193831e+02
901592 +3.874271366e-04 +3.874271366e-04 -1.116196126e+02 -1.116196126e+02
904211 +2.417321860e-04 +2.417321860e-04 -1.116197583e+02 -1.116197583e+02
907299 +1.581288352e-04 +1.581288352e-04 -1.116198419e+02 -1.116198419e+02
910078 +8.771843081e-05 +8.771843081e-05 -1.116199123e+02 -1.116199123e+02
912588 +6.289570780e-05 +6.289570780e-05 -1.116199371e+02 -1.116199371e+02
917118 +3.928287586e-05 +3.928287586e-05 -1.116199607e+02 -1.116199607e+02
920999 +2.135624153e-05 +2.135624153e-05 -1.116199786e+02 -1.116199786e+02
923671 +1.536996082e-05 +1.536996082e-05 -1.116199846e+02 -1.116199846e+02
927984 +9.865158745e-06 +9.865158745e-06 -1.116199901e+02 -1.116199901e+02
931156 +6.227095852e-06 +6.227095852e-06 -1.116199938e+02 -1.116199938e+02
935506 +3.915395283e-06 +3.915395283e-06 -1.116199961e+02 -1.116199961e+02
938592 +2.375338354e-06 +2.375338354e-06 -1.116199976e+02 -1.116199976e+02
940215 +1.583381305e-06 +1.583381305e-06 -1.116199984e+02 -1.116199984e+02
944361 +9.580583509e-07 +9.580583509e-07 -1.116199990e+02 -1.116199990e+02
947907 +5.316207137e-07 +5.316207137e-07 -1.116199995e+02 -1.116199995e+02
950887 +3.809127662e-07 +3.809127662e-07 -1.116199996e+02 -1.116199996e+02
955113 +2.497706220e-07 +2.497706220e-07 -1.116199998e+02 -1.116199998e+02
959877 +1.584551086e-07 +1.584551086e-07 -1.116199998e+02 -1.116199998e+02
964401 +9.973237525e-08 +9.973237525e-08 -1.116199999e+02 -1.116199999e+02
969617 +6.269392827e-08 +6.269392827e-08 -1.116199999e+02 -1.116199999e+02
972990 +3.899936019e-08 +3.899936019e-08 -1.116200000e+02 -1.116200000e+02
977456 +2.334219573e-08 +2.334219573e-08 -1.116200000e+02 -1.116200000e+02
981603 +1.463709509e-08 +1.463709509e-08 -1.116200000e+02 -1.116200000e+02
987264 +9.838984738e-09 +9.838984738e-09 -1.116200000e+02 -1.116200000e+02
