% function evaluation | noise-free fitness - Fopt (-4.620900000000e+02) | best noise-free fitness - Fopt | measured fitness | best measured fitness | x1 | x2...
1 +7.913454010e+03 +7.913454010e+03 +7.451364010e+03 +7.451364010e+03 -4.7518e+00 +3.4190e+00 +4.9726e+00 +7.8123e-02 +4.9552e+00 -3.2494e+00 +1.4763e+00 +3.9039e+00 -4.0982e+00 -1.9670e+00 +1.6766e-01 -2.2473e+00 +3.4143e+00 -1.9282e+00 +2.0343e+00 +3.4351e+00 -4.2410e+00 -2.1758e+00 +2.0232e+00 +1.7815e+00
2 +5.282849834e+03 +5.282849834e+03 +4.820759834e+03 +4.820759834e+03 +2.1706e-01 -2.1019e+00 -3.4714e+00 +3.3948e+00 -2.2359e+00 -2.6484e+00 -3.3639e+00 -3.5329e+00 +4.5703e+00 -3.8085e+00 -1.1039e+00 -2.1638e+00 +6.6075e-02 -3.5801e+00 +2.7993e+00 -1.4197e-01 +1.5159e+00 -1.6019e+00 -4.0518e-01 +2.8696e+00
12 +1.551197351e+03 +1.551197351e+03 +1.089107351e+03 +1.089107351e+03 -1.2457e+00 -2.6574e+00 -3.2679e+00 -4.4560e+00 -4.1642e+00 +1.3185e+00 -3.9319e+00 +3.2798e+00 +1.9197e+00 +2.6421e+00 +1.0920e+00 -3.3916e+00 -3.9609e+00 +4.9640e+00 -1.7742e-01 -3.9277e-01 -4.3614e-01 -2.5753e+00 -3.6987e+00 -6.2807e-01
198 +9.371694702e+02 +9.371694702e+02 +4.750794702e+02 +4.750794702e+02 -4.9013e+00 +7.3657e-01 -9.9991e-01 +7.5085e-02 -3.5476e+00 -4.2805e+00 -4.1005e+00 +1.9697e+00 -4.7584e+00 -1.2317e-01 +3.0156e+00 +9.8495e-01 -3.1267e+00 -3.8535e+00 -3.1681e+00 -3.4632e+00 -3.3390e+00 +4.1639e+00 +1.2504e+00 +3.5783e-01
1788 +6.189167284e+02 +6.189167284e+02 +1.568267284e+02 +1.568267284e+02 -3.5225e+00 +2.5619e+00 +1.8344e+00 -3.6815e-02 -3.2010e+00 -8.8118e-01 +7.9990e-01 +4.3246e-01 +1.1781e+00 -9.6508e-01 +2.7405e-01 -2.6807e+00 -3.2815e+00 +2.1043e-01 +1.1362e+00 +3.9424e-01 -9.7750e-01 +1.4653e+00 +2.6208e+00 +2.2617e+00
3820 +3.962136748e+02 +3.962136748e+02 -6.587632523e+01 -6.587632523e+01 +3.5737e-02 +2.3393e+00 -1.2911e+00 -4.7619e-02 +1.6589e+00 -1.3016e+00 +5.1091e-01 -9.3355e-02 -7.3618e-01 +2.6756e+00 +1.3595e+00 -2.9805e+00 -2.8120e+00 -2.0161e+00 +4.9826e-02 -3.5898e+00 -1.7349e+00 +1.9947e+00 +8.5750e-01 +2.5653e+00
8426 +2.266274144e+02 +2.266274144e+02 -2.354625856e+02 -2.354625856e+02 -6.3147e-01 +3.4816e-01 +6.6477e-01 +1.3224e+00 -5.2415e-02 -2.0794e-01 +1.0805e+00 +1.7189e+00 +1.1195e+00 -1.4841e+00 +2.8001e+00 -3.3679e+00 -9.4776e-01 -3.5613e+00 +7.6875e-01 -3.7878e+00 -9.0317e-01 +3.1812e+00 +2.5396e+00 +2.1546e+00
16066 +1.461991957e+02 +1.461991957e+02 -3.158908043e+02 -3.158908043e+02 +1.1852e+00 +1.4152e+00 -5.4280e-01 +6.8444e-01 +1.5344e+00 +3.0631e+00 +8.2648e-01 +2.5417e+00 +1.8023e+00 -1.0943e+00 +1.2613e+00 -3.6207e+00 -1.1882e+00 -4.2776e+00 +8.9032e-01 -3.8467e+00 +2.8221e-01 +4.2800e+00 +2.7646e+00 +1.5332e+00
149510 +9.964805934e+01 +9.964805934e+01 -3.624419407e+02 -3.624419407e+02 +1.2475e+00 +1.3834e+00 +4.7591e-01 -1.5281e-01 +1.0796e+00 +3.5173e+00 +1.7917e+00 +3.4706e+00 +1.0347e+00 -6.6926e-01 +2.1869e+00 -4.3258e+00 -7.8812e-01 -3.8037e+00 +5.0561e-01 -4.0364e+00 +4.6491e-03 +3.3207e+00 +2.8195e+00 +1.8163e+00
593276 +6.063587789e+01 +6.063587789e+01 -4.014541221e+02 -4.014541221e+02 +1.3834e+00 +4.6179e-01 +6.7111e-01 +1.5193e+00 +1.4299e+00 +2.9948e+00 +1.7804e+00 +2.7387e+00 +1.1877e+00 -5.6566e-01 +2.2343e+00 -3.8224e+00 -3.6771e-01 -3.3556e+00 +5.1142e-01 -3.8995e+00 -2.4988e-02 +3.3151e+00 +2.7949e+00 +2.0356e+00
861219 +3.940882532e+01 +3.940882532e+01 -4.226811747e+02 -4.226811747e+02 +1.3358e+00 +4.4827e-01 +6.2312e-01 +1.5445e+00 +1.4344e+00 +2.9918e+00 +1.7813e+00 +2.6572e+00 +1.1006e+00 -5.6758e-01 +2.2490e+00 -3.7611e+00 -3.3322e-01 -3.0252e+00 +4.9544e-01 -3.9573e+00 -6.7469e-02 +3.2961e+00 +2.8075e+00 +2.1241e+00
973205 +2.511381311e+01 +2.511381311e+01 -4.369761869e+02 -4.369761869e+02 +1.3425e+00 +5.0632e-01 +5.8806e-01 +1.6192e+00 +1.4533e+00 +2.9643e+00 +1.7943e+00 +2.5960e+00 +1.1072e+00 -5.4849e-01 +2.2087e+00 -3.7893e+00 -3.4711e-01 -2.9597e+00 +4.9241e-01 -3.9159e+00 -2.9815e-02 +3.3233e+00 +2.8198e+00 +2.1287e+00
% function evaluation | noise-free fitness - Fopt (7.766000000000e+01) | best noise-free fitness - Fopt | measured fitness | best measured fitness | x1 | x2...
1 +7.780755920e+03 +7.780755920e+03 +7.858415920e+03 +7.858415920e+03 -4.7518e+00 +3.4190e+00 +4.9726e+00 +7.8123e-02 +4.9552e+00 -3.2494e+00 +1.4763e+00 +3.9039e+00 -4.0982e+00 -1.9670e+00 +1.6766e-01 -2.2473e+00 +3.4143e+00 -1.9282e+00 +2.0343e+00 +3.4351e+00 -4.2410e+00 -2.1758e+00 +2.0232e+00 +1.7815e+00
12 +2.108277034e+03 +2.108277034e+03 +2.185937034e+03 +2.185937034e+03 -1.2457e+00 -2.6574e+00 -3.2679e+00 -4.4560e+00 -4.1642e+00 +1.3185e+00 -3.9319e+00 +3.2798e+00 +1.9197e+00 +2.6421e+00 +1.0920e+00 -3.3916e+00 -3.9609e+00 +4.9640e+00 -1.7742e-01 -3.9277e-01 -4.3614e-01 -2.5753e+00 -3.6987e+00 -6.2807e-01
57 +7.474873744e+02 +7.474873744e+02 +8.251473744e+02 +8.251473744e+02 -3.8407e+00 -3.1887e+00 -2.5940e+00 +4.2663e+00 -2.6667e+00 +2.4919e-01 -1.3917e+00 -4.5947e+00 +3.9760e-01 +7.7155e-01 +9.2223e-02 -3.4271e+00 -4.1391e+00 -4.6924e+00 +2.3971e+00 +4.9671e+00 -2.0370e+00 -7.1298e-01 +2.6563e+00 -4.8463e+00
521 +4.997673576e+02 +4.997673576e+02 +5.774273576e+02 +5.774273576e+02 +4.4751e-01 +2.3041e+00 -1.5088e+00 +3.6438e+00 +1.0183e+00 +1.6698e-01 -2.6953e-02 -2.9530e+00 +5.1257e-01 -8.9533e-01 +8.4884e-02 +3.2326e-02 -1.5978e+00 -2.1786e+00 +2.4947e+00 +3.2784e+00 -7.9860e-01 -2.3871e+00 -5.0352e-02 +1.5195e-01
3113 +3.233350825e+02 +3.233350825e+02 +4.009950825e+02 +4.009950825e+02 +2.9055e+00 +2.7865e+00 -1.8937e+00 +1.3385e+00 +2.3796e+00 -3.7469e-01 -1.5858e-01 +1.2146e+00 -6.4495e-01 -1.1601e+00 +1.4837e+00 +1.6592e+00 +5.2101e-01 -6.2752e-01 +2.4343e+00 +2.3945e+00 -1.2787e-01 -1.6974e+00 +2.0022e+00 -1.8969e+00
6020 +2.074188928e+02 +2.074188928e+02 +2.850788928e+02 +2.850788928e+02 +2.8170e+00 +3.0511e+00 +4.2011e-01 +3.3112e+00 +1.4770e+00 -6.8708e-01 +5.2758e-01 -3.5447e-02 -7.1536e-01 -1.0397e+00 +1.8540e+00 -3.4862e-01 -3.5431e-02 -1.2173e-01 +1.2350e+00 +9.6579e-01 -1.1547e+00 -3.0419e+00 +2.7418e+00 -4.4389e+00
13229 +1.463608673e+02 +1.463608673e+02 +2.240208673e+02 +2.240208673e+02 +6.8636e-01 -7.2946e-01 -7.6353e-01 +2.3799e+00 -2.0054e-02 -5.6754e-01 -9.3899e-01 +7.2563e-01 -5.2815e-01 -3.5619e+00 +1.9188e+00 -2.3181e-01 -6.7091e-01 -3.6371e-01 +1.6305e+00 +1.3064e+00 -1.2595e-01 -3.1215e+00 +1.9937e+00 -3.1651e+00
26770 +8.860255028e+01 +8.860255028e+01 +1.662625503e+02 +1.662625503e+02 +1.4277e+00 -1.7884e+00 -3.1230e-01 +3.9943e+00 +1.5206e+00 +1.9576e-01 -1.9653e-01 -6.4601e-01 -4.2542e-01 -3.3264e+00 +2.2262e+00 +2.3378e-01 -6.7349e-01 -1.5497e+00 +2.4766e+00 +1.2331e+00 -1.0259e-01 -2.0608e+00 +2.5229e+00 -3.1455e+00
640050 +5.915568157e+01 +5.915568157e+01 +1.368156816e+02 +1.368156816e+02 +1.4007e+00 -9.9426e-01 -4.0365e-01 +3.2786e+00 +1.6988e+00 -6.4133e-01 -1.3604e-01 -5.3345e-01 -4.5918e-01 -3.4379e+00 +2.4718e+00 +8.5444e-02 -2.3292e-01 -1.6123e+00 +2.3755e+00 +1.3549e+00 -8.7819e-02 -2.0005e+00 +2.4083e+00 -3.5048e+00
899675 +3.795310692e+01 +3.795310692e+01 +1.156131069e+02 +1.156131069e+02 +1.3225e+00 -7.8091e-01 +3.8948e-01 +4.1738e+00 +1.5966e+00 -5.6119e-01 -1.9430e-01 +3.6939e-02 -4.3454e-01 -3.7570e+00 +2.3812e+00 +1.1044e-01 -2.5699e-01 -1.6580e+00 +2.4004e+00 +1.3388e+00 -8.5447e-02 -2.0419e+00 +2.7561e+00 -3.7608e+00
1074306 +2.383379724e+01 +2.383379724e+01 +1.014937972e+02 +1.014937972e+02 +1.3712e+00 -8.9978e-01 +3.2248e-01 +3.3084e+00 +1.6360e+00 +2.6602e-01 -1.5928e-01 +8.6158e-02 -5.0738e-01 -3.8280e+00 +2.3472e+00 +1.9445e-01 -1.4929e-01 -1.6212e+00 +2.3605e+00 +1.3461e+00 -4.8098e-02 -2.0438e+00 +2.4511e+00 -3.4335e+00
1183875 +1.584123374e+01 +1.584123374e+01 +9.350123374e+01 +9.350123374e+01 +1.4019e+00 -8.4076e-01 +3.6075e-01 +3.3415e+00 +1.6264e+00 +2.4786e-01 -1.5540e-01 +1.2945e-01 -4.7123e-01 -3.3179e+00 +2.3697e+00 +1.4777e-01 -1.8071e-01 -1.5955e+00 +2.4093e+00 +1.3575e+00 -6.4438e-02 -2.0547e+00 +2.7670e+00 -3.4459e+00
% function evaluation | noise-free fitness - Fopt (1.156800000000e+02) | best noise-free fitness - Fopt | measured fitness | best measured fitness | x1 | x2...
1 +4.227936173e+03 +4.227936173e+03 +4.343616173e+03 +4.343616173e+03 -4.7518e+00 +3.4190e+00 +4.9726e+00 +7.8123e-02 +4.9552e+00 -3.2494e+00 +1.4763e+00 +3.9039e+00 -4.0982e+00 -1.9670e+00 +1.6766e-01 -2.2473e+00 +3.4143e+00 -1.9282e+00 +2.0343e+00 +3.4351e+00 -4.2410e+00 -2.1758e+00 +2.0232e+00 +1.7815e+00
2 +2.429154532e+03 +2.429154532e+03 +2.544834532e+03 +2.544834532e+03 +2.1706e-01 -2.1019e+00 -3.4714e+00 +3.3948e+00 -2.2359e+00 -2.6484e+00 -3.3639e+00 -3.5329e+00 +4.5703e+00 -3.8085e+00 -1.1039e+00 -2.1638e+00 +6.6075e-02 -3.5801e+00 +2.7993e+00 -1.4197e-01 +1.5159e+00 -1.6019e+00 -4.0518e-01 +2.8696e+00
28 +1.438172454e+03 +1.438172454e+03 +1.553852454e+03 +1.553852454e+03 -1.7540e+00 +4.5333e+00 -4.6369e+00 -2.9826e+00 +2.0830e+00 +2.6125e+00 -3.0909e+00 -8.4735e-01 +4.0763e+00 -3.3625e+00 -4.0600e+00 +8.7956e-01 -4.1933e+00 -3.8046e+00 -1.3491e+00 +4.2136e+00 -7.8945e-01 +3.9414e+00 -1.2131e+00 -3.4242e+00
106 +9.984865319e+02 +9.984865319e+02 +1.114166532e+03 +1.114166532e+03 +2.0751e+00 +1.4686e+00 -2.7834e+00 +2.7718e+00 -1.3033e+00 +4.9574e+00 -3.1122e+00 +3.2208e+00 +3.6703e+00 +2.5436e+00 -2.8426e+00 -3.9247e+00 +8.0243e-02 -3.3497e+00 -1.6686e-01 -1.2212e+00 -2.1790e+00 +2.9667e+00 +2.2687e+00 -4.6127e+00
684 +6.259706032e+02 +6.259706032e+02 +7.416506032e+02 +7.416506032e+02 +1.5400e+00 +4.6951e+00 -4.4645e+00 -1.6179e-01 +3.4110e-01 -3.4540e+00 -1.9256e+00 -9.3833e-01 +2.8940e+00 +1.1324e+00 +4.7315e-01 -4.0645e-01 +1.8364e+00 -1.5452e+00 +2.5102e+00 -4.3917e-01 -1.7018e+00 +3.6536e+00 +2.5414e+00 -8.3948e-01
4511 +3.595004183e+02 +3.595004183e+02 +4.751804183e+02 +4.751804183e+02 -8.5543e-01 +5.5825e-01 -1.3825e+00 +9.0863e-01 +3.3213e+00 +4.5723e-01 +2.2265e+00 +4.9792e-01 +2.9688e+00 -2.0853e+00 +2.5489e+00 -2.7229e+00 +9.5354e-01 +2.8749e+00 +2.2215e+00 -1.3829e+00 -1.9439e+00 +2.9727e+00 +2.2475e+00 -5.5947e-01
6582 +2.481456886e+02 +2.481456886e+02 +3.638256886e+02 +3.638256886e+02 +3.8443e-01 -4.9431e-01 -7.1451e-01 +1.5315e+00 +1.1198e+00 -2.3890e+00 +2.8107e+00 +4.7316e-01 +2.7200e+00 -3.1306e+00 +2.6759e+00 -1.7870e+00 +3.5756e-01 +1.6656e+00 +1.3606e+00 -1.1702e+00 -1.2586e+00 +2.8477e+00 +3.2353e+00 -2.1771e+00
18096 +1.378800187e+02 +1.378800187e+02 +2.535600187e+02 +2.535600187e+02 +1.2395e+00 -8.8088e-01 -1.4782e+00 +4.0570e+00 +3.1240e+00 -2.3048e+00 +2.3897e+00 +1.5283e+00 +2.1747e+00 -1.5711e+00 +2.6828e+00 -2.3581e+00 +2.7915e+00 +6.0726e-01 +1.6695e+00 -4.4490e-01 +4.0830e-02 +4.4209e+00 +3.2060e+00 -6.0546e-01
116747 +9.629934781e+01 +9.629934781e+01 +2.119793478e+02 +2.119793478e+02 +1.0455e+00 -8.0986e-01 -1.3092e+00 +3.2120e+00 +2.9881e+00 -1.8850e+00 +2.9249e+00 +2.3888e+00 +2.8469e+00 -1.9204e+00 +2.6777e+00 -2.8715e+00 +2.9397e+00 +6.3329e-01 +1.6535e+00 -1.5265e-01 +3.7615e-01 +4.2101e+00 +3.0675e+00 -5.9529e-01
530980 +5.951844708e+01 +5.951844708e+01 +1.751984471e+02 +1.751984471e+02 +1.1768e+00 -1.0151e+00 -1.3375e+00 +4.0098e+00 +3.2307e+00 -2.4273e+00 +2.8815e+00 +2.4265e+00 +3.2854e+00 -1.9245e+00 +2.7144e+00 -2.8656e+00 +2.8862e+00 +6.4576e-01 +1.6186e+00 -3.7479e-01 -2.8753e-01 +4.1551e+00 +3.1051e+00 -9.3712e-01
824020 +3.918670930e+01 +3.918670930e+01 +1.548667093e+02 +1.548667093e+02 +1.1843e+00 -1.0005e+00 -1.3677e+00 +2.9374e+00 +2.7837e+00 -2.4760e+00 +2.8788e+00 +2.2772e+00 +3.2781e+00 -2.4752e+00 +2.6400e+00 -2.8404e+00 +2.8845e+00 +6.8477e-01 +1.6570e+00 -3.6874e-01 +6.9105e-02 +3.7930e+00 +3.1249e+00 -5.6243e-01
919386 +2.414470858e+01 +2.414470858e+01 +1.398247086e+02 +1.398247086e+02 +1.1964e+00 -1.0403e+00 -1.4447e+00 +3.0681e+00 +2.7972e+00 -2.5129e+00 +2.8059e+00 +2.2939e+00 +3.2195e+00 -2.5167e+00 +2.6682e+00 -2.8099e+00 +2.8862e+00 +6.5373e-01 +1.6685e+00 -3.6909e-01 +6.6457e-02 +3.8712e+00 +3.1111e+00 -5.9809e-01
% function evaluation | noise-free fitness - Fopt (-3.710000000000e+00) | best noise-free fitness - Fopt | measured fitness | best measured fitness | x1 | x2...
1 +4.849540550e+03 +4.849540550e+03 +4.845830550e+03 +4.845830550e+03 -4.7518e+00 +3.4190e+00 +4.9726e+00 +7.8123e-02 +4.9552e+00 -3.2494e+00 +1.4763e+00 +3.9039e+00 -4.0982e+00 -1.9670e+00 +1.6766e-01 -2.2473e+00 +3.4143e+00 -1.9282e+00 +2.0343e+00 +3.4351e+00 -4.2410e+00 -2.1758e+00 +2.0232e+00 +1.7815e+00
4 +1.632932385e+03 +1.632932385e+03 +1.629222385e+03 +1.629222385e+03 -1.5768e+00 -4.4066e+00 -3.7784e+00 -4.7071e+00 -2.7482e+00 +1.4017e+00 -7.5121e-01 -4.2133e+00 -2.6142e+00 -4.7088e+00 -1.0543e+00 +1.0264e+00 +3.1087e+00 +3.5881e+00 -1.3424e+00 +2.1166e+00 -3.0815e+00 +2.4587e-01 +4.3025e+00 -2.3845e-01
24 +1.128522352e+03 +1.128522352e+03 +1.124812352e+03 +1.124812352e+03 -1.0293e+00 -3.5467e+00 +3.3950e+00 +3.9030e+00 +1.0799e+00 -4.7499e+00 +8.2327e-01 -5.0313e-01 -4.7182e+00 -8.4404e-01 +3.7274e+00 +1.4984e+00 +1.3684e+00 -2.2851e+00 -5.4363e-01 +1.6938e+00 -2.1551e+00 +1.3068e+00 +3.5323e+00 -1.2626e+00
93 +9.382715503e+02 +9.382715503e+02 +9.345615503e+02 +9.345615503e+02 +8.8842e-01 +2.4004e+00 -1.6604e+00 -2.3288e+00 +2.2913e+00 +3.5112e+00 +3.9184e-01 -2.5081e+00 +6.4228e-02 -3.5589e+00 +1.9076e+00 +1.4494e+00 +7.2889e-02 -2.4159e+00 -2.5361e+00 -4.8643e+00 +2.0935e+00 +1.3239e+00 -4.7541e-01 -4.7058e+00
1936 +4.851707159e+02 +4.851707159e+02 +4.814607159e+02 +4.814607159e+02 +1.2820e-02 +2.8472e+00 -5.6058e-01 +2.7191e+00 -5.6458e-01 +2.2135e+00 +2.0135e-01 -9.5104e-01 -3.3564e-01 -2.2607e-01 +3.1506e+00 +1.6394e+00 +3.5296e+00 -6.4090e-01 -3.1403e+00 -7.2901e-01 +5.9572e-02 +9.5907e-01 +2.6231e+00 -2.9339e+00
4124 +3.251829200e+02 +3.251829200e+02 +3.214729200e+02 +3.214729200e+02 -1.7145e+00 -1.0487e+00 -2.5591e+00 +3.7110e+00 -1.4737e+00 +1.3174e+00 +2.8284e-01 -2.4139e+00 +1.2241e+00 -7.7708e-01 +4.7402e-01 +6.7088e-02 +3.1357e+00 -2.9660e+00 -6.3262e-01 -1.5507e+00 +1.0617e+00 +7.2702e-01 +2.6415e+00 -2.8866e+00
8011 +2.272302954e+02 +2.272302954e+02 +2.235202954e+02 +2.235202954e+02 +4.4710e-01 -3.1981e+00 -9.2128e-02 +2.6904e+00 +5.3385e-01 +4.6080e+00 -6.8106e-01 -5.7406e-01 +1.0496e+00 -1.5383e-02 +2.1076e+00 +1.6192e+00 +3.1236e+00 -1.8581e+00 -1.0345e+00 -1.6433e+00 +1.1399e+00 +1.2446e+00 +3.1718e+00 -3.1112e+00
13358 +1.529601053e+02 +1.529601053e+02 +1.492501053e+02 +1.492501053e+02 +1.1562e+00 -3.1251e+00 +6.3368e-01 +3.9080e+00 +1.8835e+00 +3.7030e+00 -1.1369e+00 -2.5990e+00 +1.7520e+00 -5.8156e-02 +9.6298e-01 +1.4529e+00 +2.6329e+00 -3.7319e-01 +2.0188e-01 -2.4115e+00 +1.2429e+00 +1.1166e+00 +2.8715e+00 -3.2154e+00
237168 +9.241032312e+01 +9.241032312e+01 +8.870032312e+01 +8.870032312e+01 +1.2200e+00 -3.9960e+00 +7.6325e-01 +3.8431e+00 +2.5274e+00 +3.7074e+00 -5.7787e-01 -1.3714e+00 +1.1816e+00 +6.6071e-01 +3.0633e+00 +1.0221e+00 +2.9726e+00 -2.1314e+00 +4.4205e-02 -2.7466e+00 +1.1747e+00 +1.5343e+00 +3.2392e+00 -2.7836e+00
434952 +5.993400480e+01 +5.993400480e+01 +5.622400480e+01 +5.622400480e+01 +1.1540e+00 -3.7986e+00 +8.3859e-01 +3.9195e+00 +2.2858e+00 +4.2957e+00 -5.8145e-01 -1.4294e+00 +1.1319e+00 +7.1159e-02 +3.2354e+00 +1.0875e+00 +3.1384e+00 -2.1531e+00 +8.4854e-02 -2.8966e+00 +1.1409e+00 +1.8498e+00 +3.5132e+00 -2.9802e+00
501366 +3.755534899e+01 +3.755534899e+01 +3.384534899e+01 +3.384534899e+01 +1.0758e+00 -4.0399e+00 +8.7102e-01 +3.8505e+00 +2.3223e+00 +4.4113e+00 -5.6558e-01 -1.3856e+00 +1.1665e+00 +3.4945e-02 +3.1563e+00 +1.0345e+00 +3.1158e+00 -2.1517e+00 +7.2826e-02 -2.8762e+00 +1.1282e+00 +1.8847e+00 +3.4953e+00 -2.9217e+00
% function evaluation | noise-free fitness - Fopt (1.321800000000e+02) | best noise-free fitness - Fopt | measured fitness | best measured fitness | x1 | x2...
1 +5.636606647e+03 +5.636606647e+03 +5.768786647e+03 +5.768786647e+03 -4.7518e+00 +3.4190e+00 +4.9726e+00 +7.8123e-02 +4.9552e+00 -3.2494e+00 +1.4763e+00 +3.9039e+00 -4.0982e+00 -1.9670e+00 +1.6766e-01 -2.2473e+00 +3.4143e+00 -1.9282e+00 +2.0343e+00 +3.4351e+00 -4.2410e+00 -2.1758e+00 +2.0232e+00 +1.7815e+00
12 +1.684193762e+03 +1.684193762e+03 +1.816373762e+03 +1.816373762e+03 -1.2457e+00 -2.6574e+00 -3.2679e+00 -4.4560e+00 -4.1642e+00 +1.3185e+00 -3.9319e+00 +3.2798e+00 +1.9197e+00 +2.6421e+00 +1.0920e+00 -3.3916e+00 -3.9609e+00 +4.9640e+00 -1.7742e-01 -3.9277e-01 -4.3614e-01 -2.5753e+00 -3.6987e+00 -6.2807e-01
13 +1.417583986e+03 +1.417583986e+03 +1.549763986e+03 +1.549763986e+03 -4.8780e+00 +1.5553e-01 -7.4034e-01 -1.7351e+00 +3.0626e+00 +2.3734e+00 -2.2475e+00 -2.2768e+00 -3.9747e+00 -4.0129e+00 -7.4736e-01 +3.2666e+00 -3.9873e+00 +1.0535e+00 -2.8406e+00 +8.3915e-01 -4.9474e+00 +2.7858e+00 -3.4816e+00 +1.6306e+00
76 +9.273215833e+02 +9.273215833e+02 +1.059501583e+03 +1.059501583e+03 +4.9371e+00 +2.3781e+00 -2.4660e+00 +1.1577e+00 -1.9094e+00 -9.2288e-02 -3.7965e+00 -1.5013e+00 +1.3196e+00 -2.0006e+00 +2.0337e-01 +3.0233e+00 -1.3659e+00 +3.7097e+00 -1.2448e+00 +2.8205e+00 -1.3995e+00 +1.4344e+00 -2.9988e+00 +1.3637e+00
1175 +5.773079188e+02 +5.773079188e+02 +7.094879188e+02 +7.094879188e+02 -3.5399e+00 +9.5504e-02 +3.1310e+00 -1.9358e+00 +2.4554e+00 +4.0196e+00 -1.9619e+00 +3.5164e-01 +1.1187e+00 +1.2600e+00 -5.5367e-01 +5.2503e-01 -1.2067e+00 -1.3953e+00 +4.9487e-01 +2.3684e+00 +9.7555e-01 +3.4640e+00 -9.9098e-01 +2.2177e-01
3530 +3.710601461e+02 +3.710601461e+02 +5.032401461e+02 +5.032401461e+02 +1.8412e+00 +2.5344e+00 +2.3637e+00 -1.9963e+00 +3.3415e-01 -1.4164e+00 -1.7706e+00 +3.2246e+00 +1.4334e-01 -7.9030e-01 -5.7848e-01 +1.0324e+00 +5.9207e-01 +1.5402e+00 +9.3515e-01 -5.2928e-01 +8.0565e-01 +2.9959e+00 +4.8543e-01 +7.9879e-01
5472 +2.386211025e+02 +2.386211025e+02 +3.708011025e+02 +3.708011025e+02 +1.8356e+00 +1.7076e+00 +5.8294e-01 -8.1735e-01 +1.1411e+00 -4.1609e-01 +2.4673e+00 -4.9590e-01 -6.9922e-01 +3.8280e-01 -6.7926e-01 +1.9033e+00 +3.1636e-01 +2.9272e+00 +1.6329e+00 +3.1806e+00 +3.4705e-01 +3.1099e+00 +8.7798e-01 -1.0953e-01
10446 +1.446339747e+02 +1.446339747e+02 +2.768139747e+02 +2.768139747e+02 +1.9087e+00 +1.5199e+00 +2.4984e+00 -5.0225e-01 +2.3248e+00 +8.8374e-01 +1.5229e+00 +9.4671e-01 -8.5905e-01 -2.2734e-01 +2.4402e-01 +2.6196e+00 +2.8616e-01 +2.7586e+00 +2.6986e+00 +2.3722e+00 +1.3992e+00 +3.1140e+00 +4.2361e-01 +4.5327e-01
129058 +9.152355942e+01 +9.152355942e+01 +2.237035594e+02 +2.237035594e+02 +2.0541e+00 +2.3863e+00 +2.4434e+00 -1.9528e+00 +1.8813e+00 +2.4734e-01 +1.4218e+00 +7.3414e-01 +2.3210e-01 +3.5374e-01 +2.2616e-01 +2.5832e+00 +4.8694e-01 +2.9137e+00 +2.6938e+00 +2.8540e+00 +1.3543e+00 +3.5181e+00 +6.8465e-01 +1.0328e+00
492530 +6.078466791e+01 +6.078466791e+01 +1.929646679e+02 +1.929646679e+02 +1.7061e+00 +2.4101e+00 +2.6062e+00 -1.9934e+00 +1.8763e+00 -2.8396e-01 +1.5537e+00 +1.6742e-01 +2.3211e-01 +2.5973e-01 +2.0140e-01 +2.5689e+00 +3.8900e-01 +2.8308e+00 +3.1227e+00 +2.7729e+00 +1.2947e+00 +3.4467e+00 +6.2582e-01 +7.6253e-01
545376 +3.685302055e+01 +3.685302055e+01 +1.690330205e+02 +1.690330205e+02 +2.0052e+00 +1.5125e+00 +2.4951e+00 -2.0290e+00 +1.6542e+00 -2.4095e-01 +1.5957e+00 +6.4039e-01 +2.8192e-01 +4.2300e-01 +2.0416e-01 +2.5565e+00 +4.9221e-01 +2.8179e+00 +3.1156e+00 +2.7207e+00 +1.2926e+00 +3.1253e+00 +6.4862e-01 +1.0844e+00
601587 +2.489112289e+01 +2.489112289e+01 +1.570711229e+02 +1.570711229e+02 +1.8725e+00 +1.4697e+00 +2.5212e+00 -1.9619e+00 +1.6837e+00 -2.6792e-01 +1.5333e+00 +7.5253e-01 +2.7803e-01 +4.2939e-01 +2.1333e-01 +2.5407e+00 +4.8319e-01 +2.8217e+00 +3.1831e+00 +2.7282e+00 +1.2979e+00 +3.1014e+00 +6.5247e-01 +1.0806e+00
% function evaluation | noise-free fitness - Fopt (-5.847300000000e+02) | best noise-free fitness - Fopt | measured fitness | best measured fitness | x1 | x2...
1 +9.191970223e+03 +9.191970223e+03 +8.607240223e+03 +8.607240223e+03 -4.7518e+00 +3.4190e+00 +4.9726e+00 +7.8123e-02 +4.9552e+00 -3.2494e+00 +1.4763e+00 +3.9039e+00 -4.0982e+00 -1.9670e+00 +1.6766e-01 -2.2473e+00 +3.4143e+00 -1.9282e+00 +2.0343e+00 +3.4351e+00 -4.2410e+00 -2.1758e+00 +2.0232e+00 +1.7815e+00
2 +4.419118674e+03 +4.419118674e+03 +3.834388674e+03 +3.834388674e+03 +2.1706e-01 -2.1019e+00 -3.4714e+00 +3.3948e+00 -2.2359e+00 -2.6484e+00 -3.3639e+00 -3.5329e+00 +4.5703e+00 -3.8085e+00 -1.1039e+00 -2.1638e+00 +6.6075e-02 -3.5801e+00 +2.7993e+00 -1.4197e-01 +1.5159e+00 -1.6019e+00 -4.0518e-01 +2.8696e+00
3 +3.297824865e+03 +3.297824865e+03 +2.713094865e+03 +2.713094865e+03 -4.7257e+00 -3.3348e+00 -3.6585e+00 -2.5308e+00 -4.8896e+00 +3.1732e-01 -3.4667e+00 +6.8246e-01 -6.9552e-01 -3.3823e+00 -2.5413e+00 +2.1374e-02 -5.8656e-01 +5.2793e-01 -3.3948e-01 -4.6054e+00 +4.5124e+00 +1.0595e+00 +4.9704e-01 -1.9615e+00
12 +1.482473161e+03 +1.482473161e+03 +8.977431615e+02 +8.977431615e+02 -1.2457e+00 -2.6574e+00 -3.2679e+00 -4.4560e+00 -4.1642e+00 +1.3185e+00 -3.9319e+00 +3.2798e+00 +1.9197e+00 +2.6421e+00 +1.0920e+00 -3.3916e+00 -3.9609e+00 +4.9640e+00 -1.7742e-01 -3.9277e-01 -4.3614e-01 -2.5753e+00 -3.6987e+00 -6.2807e-01
27 +9.672952189e+02 +9.672952189e+02 +3.825652189e+02 +3.825652189e+02 -7.4885e-01 +2.6024e+00 -6.1863e-01 +1.1968e-01 -4.7632e+00 +1.7844e+00 +1.4730e+00 -3.0265e+00 +3.3349e-01 +1.4780e-01 +1.1894e+00 +2.0468e+00 -3.6969e+00 -9.7148e-01 -2.5598e+00 -2.0258e+00 +2.7407e+00 +6.0303e-01 -5.7738e-01 -2.6331e+00
1674 +4.600212460e+02 +4.600212460e+02 -1.247087540e+02 -1.247087540e+02 -1.2853e+00 -2.7632e+00 +1.5998e+00 -3.7020e-01 +6.6545e-01 -2.9891e+00 +2.1188e+00 +1.0680e-01 -4.7525e+00 -1.8350e+00 -1.2934e+00 -2.4404e+00 -2.0981e+00 +2.2404e+00 +1.2712e+00 -2.1249e+00 +2.6688e+00 +1.4426e+00 -2.5792e-01 -3.8104e+00
4428 +3.656154345e+02 +3.656154345e+02 -2.191145655e+02 -2.191145655e+02 -1.4254e-01 -2.3965e+00 -1.2363e+00 -3.2114e+00 -3.6340e+00 -4.6402e-01 +9.5606e-01 -1.4532e+00 -7.8664e-01 -7.0091e-01 -1.3570e+00 -6.5631e-01 -1.6621e+00 +1.2164e+00 +1.7492e+00 +2.1926e-01 +1.5425e+00 +2.6817e+00 -6.6338e-02 -2.2570e+00
7784 +2.322808384e+02 +2.322808384e+02 -3.524491616e+02 -3.524491616e+02 -1.4178e+00 -7.7206e-02 +9.2162e-01 -4.1709e+00 -1.7538e+00 -4.1397e+00 +1.9035e+00 -1.7668e+00 +4.9102e-01 -1.5740e+00 -6.8240e-01 -1.2798e+00 +2.3498e-01 +2.6959e+00 +1.4766e+00 +1.2257e-01 +1.5683e+00 +3.3655e+00 +3.2369e-01 -3.2973e+00
12821 +1.394207896e+02 +1.394207896e+02 -4.453092104e+02 -4.453092104e+02 +2.5216e+00 -3.0049e+00 +1.6420e+00 -3.8046e+00 -2.0107e-01 -1.3359e+00 +1.8578e+00 -4.3217e-01 -3.6329e-03 -2.7207e+00 +7.9412e-01 -7.3972e-01 +6.1848e-01 +4.1910e+00 +2.0980e+00 -1.3125e+00 +1.4873e+00 +4.4144e+00 +7.1693e-01 -3.5582e+00
44579 +9.994906517e+01 +9.994906517e+01 -4.847809348e+02 -4.847809348e+02 +6.5152e-01 -2.1772e+00 +1.3232e+00 -3.7324e+00 -4.8624e-01 -4.8912e+00 +2.5121e+00 +9.8262e-01 +2.9425e-01 -2.3057e+00 +3.8927e-01 -1.3378e+00 +6.2447e-01 +3.4827e+00 +2.4791e+00 -4.9239e-01 +2.5202e+00 +3.7480e+00 +2.8650e-01 -3.2121e+00
322909 +5.841574603e+01 +5.841574603e+01 -5.263142540e+02 -5.263142540e+02 +1.5366e+00 -2.9319e+00 +5.2693e-01 -3.8258e+00 -1.0495e-01 -3.4714e+00 +2.4947e+00 +9.2196e-01 +4.4892e-01 -2.4295e+00 +3.1411e-01 -1.3264e+00 +5.2409e-01 +3.8733e+00 +2.1683e+00 -1.9780e-01 +2.2357e+00 +3.6911e+00 +9.3371e-01 -3.1493e+00
397437 +3.810305881e+01 +3.810305881e+01 -5.466269412e+02 -5.466269412e+02 +5.9452e-01 -2.1668e+00 +1.3667e+00 -3.8855e+00 -2.2670e-01 -3.3628e+00 +2.4767e+00 +3.9342e-01 +3.8486e-01 -2.3896e+00 +2.8033e-01 -1.2328e+00 +5.1788e-01 +3.9302e+00 +2.1874e+00 -5.8859e-01 +2.2370e+00 +3.7609e+00 +6.2104e-01 -3.1940e+00
508746 +2.345697529e+01 +2.345697529e+01 -5.612730247e+02 -5.612730247e+02 +7.2480e-01 -3.0610e+00 +1.3957e+00 -3.8700e+00 -1.7755e-01 -3.4287e+00 +2.4404e+00 +3.0633e-01 +3.9953e-01 -2.2939e+00 +2.5572e-01 -1.2199e+00 +5.4367e-01 +3.8719e+00 +2.1411e+00 -5.4891e-01 +2.2116e+00 +4.0777e+00 +6.5318e-01 -3.2269e+00
% function evaluation | noise-free fitness - Fopt (-3.654000000000e+01) | best noise-free fitness - Fopt | measured fitness | best measured fitness | x1 | x2...
1 +1.037472191e+04 +1.037472191e+04 +1.033818191e+04 +1.033818191e+04 -4.7518e+00 +3.4190e+00 +4.9726e+00 +7.8123e-02 +4.9552e+00 -3.2494e+00 +1.4763e+00 +3.9039e+00 -4.0982e+00 -1.9670e+00 +1.6766e-01 -2.2473e+00 +3.4143e+00 -1.9282e+00 +2.0343e+00 +3.4351e+00 -4.2410e+00 -2.1758e+00 +2.0232e+00 +1.7815e+00
2 +3.983974740e+03 +3.983974740e+03 +3.947434740e+03 +3.947434740e+03 +2.1706e-01 -2.1019e+00 -3.4714e+00 +3.3948e+00 -2.2359e+00 -2.6484e+00 -3.3639e+00 -3.5329e+00 +4.5703e+00 -3.8085e+00 -1.1039e+00 -2.1638e+00 +6.6075e-02 -3.5801e+00 +2.7993e+00 -1.4197e-01 +1.5159e+00 -1.6019e+00 -4.0518e-01 +2.8696e+00
3 +1.511789802e+03 +1.511789802e+03 +1.475249802e+03 +1.475249802e+03 -4.7257e+00 -3.3348e+00 -3.6585e+00 -2.5308e+00 -4.8896e+00 +3.1732e-01 -3.4667e+00 +6.8246e-01 -6.9552e-01 -3.3823e+00 -2.5413e+00 +2.1374e-02 -5.8656e-01 +5.2793e-01 -3.3948e-01 -4.6054e+00 +4.5124e+00 +1.0595e+00 +4.9704e-01 -1.9615e+00
27 +8.328563151e+02 +8.328563151e+02 +7.963163151e+02 +7.963163151e+02 -7.4885e-01 +2.6024e+00 -6.1863e-01 +1.1968e-01 -4.7632e+00 +1.7844e+00 +1.4730e+00 -3.0265e+00 +3.3349e-01 +1.4780e-01 +1.1894e+00 +2.0468e+00 -3.6969e+00 -9.7148e-01 -2.5598e+00 -2.0258e+00 +2.7407e+00 +6.0303e-01 -5.7738e-01 -2.6331e+00
1017 +4.640885487e+02 +4.640885487e+02 +4.275485487e+02 +4.275485487e+02 -1.6861e+00 +6.5547e-01 +1.8747e-01 -1.1057e+00 +1.8575e-01 -4.5411e+00 +5.5244e-01 -5.2680e-01 -2.2033e+00 -2.5835e+00 -4.8431e-01 -7.9480e-01 +1.6186e-01 +1.6209e+00 -8.1656e-01 -3.8429e+00 -1.8133e-01 +2.0128e-01 +2.7181e+00 +2.9868e-01
2537 +3.781480313e+02 +3.781480313e+02 +3.416080313e+02 +3.416080313e+02 +6.4124e-02 -8.7237e-01 -3.4187e+00 -1.6951e+00 -1.2246e+00 -7.3164e-01 +1.0074e-01 -1.5687e+00 +5.4993e-01 -1.9979e+00 +1.3128e+00 +8.1293e-01 +1.3499e-01 +5.7077e-01 -1.3315e+00 -3.7485e+00 +7.2963e-01 -2.8869e+00 +2.9605e+00 -3.7977e-01
6356 +2.488883679e+02 +2.488883679e+02 +2.123483679e+02 +2.123483679e+02 -7.8142e-01 -4.1128e+00 -2.3560e+00 -1.0568e-01 -1.4283e+00 -4.8030e-01 +2.1915e+00 -1.5568e+00 -7.0786e-01 -1.0685e+00 +1.2034e+00 -1.9354e+00 -7.6077e-02 +1.5116e+00 -6.0694e-03 -2.4808e+00 +2.1644e+00 -2.2454e+00 +2.2244e+00 -1.8846e-01
14172 +1.431724923e+02 +1.431724923e+02 +1.066324923e+02 +1.066324923e+02 -2.9754e+00 -3.1132e+00 -8.5531e-01 +2.3352e+00 -6.5271e-01 -3.2625e+00 +2.0932e+00 -1.0391e+00 +3.5738e-01 -2.6346e+00 +5.9434e-01 -9.8802e-01 -5.0122e-01 +5.7732e-01 +3.4976e-01 -1.6210e+00 +3.1123e+00 -1.3030e+00 +3.0468e+00 +1.4270e-01
65375 +9.786684426e+01 +9.786684426e+01 +6.132684426e+01 +6.132684426e+01 -2.6986e+00 -3.2063e+00 -8.3461e-01 -5.0167e-01 -8.0834e-01 -5.1444e-01 +1.9305e+00 -2.1910e+00 +1.0538e+00 -2.5606e+00 +2.5105e-01 -2.0145e+00 +4.1959e-01 -8.1159e-01 +9.1647e-01 -1.9671e+00 +3.0912e+00 -1.2041e+00 +2.8228e+00 +7.3966e-01
421745 +5.956078388e+01 +5.956078388e+01 +2.302078388e+01 +2.302078388e+01 -2.1724e+00 -3.2627e+00 -7.8314e-01 -1.2088e+00 -8.7329e-02 -1.1608e+00 +2.0231e+00 -1.6553e+00 +1.0128e+00 -2.4798e+00 +6.7692e-01 -2.5691e+00 +4.3744e-01 +7.0471e-02 +8.6735e-01 -1.9540e+00 +3.0805e+00 -1.3295e+00 +2.8115e+00 +1.0961e+00
702253 +3.952385780e+01 +3.952385780e+01 +2.983857797e+00 +2.983857797e+00 -1.7285e+00 -3.0990e+00 -1.5704e+00 -1.1467e+00 -9.5199e-02 -1.0546e+00 +2.0406e+00 -1.6356e+00 +1.0201e+00 -2.5447e+00 +7.1762e-01 -2.0901e+00 +3.8341e-01 -3.4739e-01 +8.0795e-01 -2.3777e+00 +3.0513e+00 -8.7637e-01 +3.1244e+00 +1.1107e+00
846505 +2.489152221e+01 +2.489152221e+01 -1.164847779e+01 -1.164847779e+01 -1.7788e+00 -2.2564e+00 -8.9422e-01 -2.4681e-01 -7.3595e-02 -1.0635e+00 +2.0578e+00 -1.6511e+00 +1.0464e+00 -3.1092e+00 +7.3174e-01 -2.5400e+00 +3.6426e-01 -2.9701e-01 +8.1591e-01 -2.3729e+00 +3.0944e+00 -8.7923e-01 +2.7978e+00 +7.6164e-01
% function evaluation | noise-free fitness - Fopt (1.000000000000e+03) | best noise-free fitness - Fopt | measured fitness | best measured fitness | x1 | x2...
1 +5.299981510e+03 +5.299981510e+03 +6.299981510e+03 +6.299981510e+03 -4.7518e+00 +3.4190e+00 +4.9726e+00 +7.8123e-02 +4.9552e+00 -3.2494e+00 +1.4763e+00 +3.9039e+00 -4.0982e+00 -1.9670e+00 +1.6766e-01 -2.2473e+00 +3.4143e+00 -1.9282e+00 +2.0343e+00 +3.4351e+00 -4.2410e+00 -2.1758e+00 +2.0232e+00 +1.7815e+00
2 +1.510546969e+03 +1.510546969e+03 +2.510546969e+03 +2.510546969e+03 +2.1706e-01 -2.1019e+00 -3.4714e+00 +3.3948e+00 -2.2359e+00 -2.6484e+00 -3.3639e+00 -3.5329e+00 +4.5703e+00 -3.8085e+00 -1.1039e+00 -2.1638e+00 +6.6075e-02 -3.5801e+00 +2.7993e+00 -1.4197e-01 +1.5159e+00 -1.6019e+00 -4.0518e-01 +2.8696e+00
102 +9.637001540e+02 +9.637001540e+02 +1.963700154e+03 +1.963700154e+03 +1.6530e+00 -1.6533e+00 -2.0329e+00 -4.6639e+00 -4.3686e+00 +6.5919e-01 +2.0438e+00 +7.0109e-01 -2.2176e+00 -5.3174e-01 +2.3931e+00 -2.3213e-01 -4.8671e+00 -2.0452e+00 -1.7348e-01 +1.5651e+00 +2.8532e+00 +1.2851e+00 +1.3222e+00 -4.1022e-02
768 +5.923071419e+02 +5.923071419e+02 +1.592307142e+03 +1.592307142e+03 -3.6655e+00 +2.2915e-01 -3.6450e+00 +2.7872e+00 -3.2509e+00 -4.2426e-01 -6.0427e-01 -5.3173e-01 +1.6832e+00 +2.7598e+00 -5.1153e-01 -1.2856e+00 +3.0032e+00 +3.6042e+00 +1.1976e+00 +2.7451e+00 +3.0637e+00 -1.0325e+00 +1.0768e+00 -1.6228e+00
3659 +3.945346406e+02 +3.945346406e+02 +1.394534641e+03 +1.394534641e+03 -1.3865e+00 +3.8924e-01 -2.1861e+00 +3.8535e+00 -1.2350e+00 +1.6849e+00 +2.4313e+00 -1.5352e+00 -1.1426e-01 -1.7671e+00 +1.2747e+00 -1.0328e+00 +1.5063e-01 +2.9879e+00 +1.7564e+00 +1.8097e+00 +1.6098e+00 +1.4127e+00 +1.5372e-01 -2.7037e+00
6229 +2.404787972e+02 +2.404787972e+02 +1.240478797e+03 +1.240478797e+03 -1.4467e+00 -2.1912e+00 +1.4392e-01 +2.2463e+00 +7.1963e-01 +5.6725e-01 +9.0419e-01 -6.1033e-01 +2.0301e+00 -1.8070e+00 +1.7769e+00 -2.5241e+00 +2.1197e+00 +3.8575e+00 +1.1931e+00 +1.0950e+00 +2.1450e+00 +4.5374e-01 -4.8417e-01 -1.4150e+00
21335 +1.520526369e+02 +1.520526369e+02 +1.152052637e+03 +1.152052637e+03 -9.8710e-02 -1.2371e+00 -1.6477e+00 +2.4623e+00 +1.5241e+00 -1.5416e-01 +2.5266e+00 -2.1506e+00 +3.2131e+00 -2.9717e+00 +2.1321e+00 -3.6932e+00 +2.4950e+00 +3.3902e+00 +1.8746e+00 +8.7169e-01 +2.6144e+00 +2.1557e+00 +1.0681e+00 -1.3745e+00
53176 +9.974602930e+01 +9.974602930e+01 +1.099746029e+03 +1.099746029e+03 +4.8721e-01 -8.5937e-01 -7.5749e-01 +2.1810e+00 +2.0448e+00 +2.5480e+00 +2.3671e+00 -3.2601e+00 +3.0154e+00 -2.9510e+00 +2.2399e+00 -3.2393e+00 +2.7368e+00 +3.8612e+00 +1.5344e+00 +1.0959e+00 +2.6483e+00 +2.4388e+00 +7.4256e-01 -1.7483e+00
306083 +5.969780875e+01 +5.969780875e+01 +1.059697809e+03 +1.059697809e+03 +6.0103e-01 -8.0051e-01 -1.4827e+00 +2.8907e+00 +2.1390e+00 +1.8831e+00 +2.9141e+00 -2.8724e+00 +3.2306e+00 -2.4391e+00 +2.1956e+00 -3.3324e+00 +2.6540e+00 +3.7897e+00 +1.5899e+00 +8.0646e-01 +2.5729e+00 +2.4953e+00 +1.0141e+00 -1.1447e+00
385961 +3.918048498e+01 +3.918048498e+01 +1.039180485e+03 +1.039180485e+03 +5.6356e-01 -9.2099e-01 -1.4882e+00 +2.2059e+00 +1.9613e+00 +1.7170e+00 +2.9764e+00 -2.8247e+00 +3.1336e+00 -2.4608e+00 +2.2328e+00 -3.2773e+00 +2.6444e+00 +3.8594e+00 +1.5685e+00 +7.9433e-01 +2.5895e+00 +2.4308e+00 +1.0293e+00 -1.1007e+00
411346 +2.462638631e+01 +2.462638631e+01 +1.024626386e+03 +1.024626386e+03 +5.5670e-01 -8.3307e-01 -1.5205e+00 +3.1398e+00 +2.0901e+00 +1.7934e+00 +2.9782e+00 -2.8351e+00 +3.1813e+00 -2.5200e+00 +2.2119e+00 -3.3310e+00 +2.6382e+00 +3.8582e+00 +1.5863e+00 +8.4978e-01 +2.5828e+00 +2.5133e+00 +1.0432e+00 -1.0899e+00
% function evaluation | noise-free fitness - Fopt (4.661000000000e+01) | best noise-free fitness - Fopt | measured fitness | best measured fitness | x1 | x2...
1 +9.098426011e+03 +9.098426011e+03 +9.145036011e+03 +9.145036011e+03 -4.7518e+00 +3.4190e+00 +4.9726e+00 +7.8123e-02 +4.9552e+00 -3.2494e+00 +1.4763e+00 +3.9039e+00 -4.0982e+00 -1.9670e+00 +1.6766e-01 -2.2473e+00 +3.4143e+00 -1.9282e+00 +2.0343e+00 +3.4351e+00 -4.2410e+00 -2.1758e+00 +2.0232e+00 +1.7815e+00
4 +6.165227227e+03 +6.165227227e+03 +6.211837227e+03 +6.211837227e+03 -1.5768e+00 -4.4066e+00 -3.7784e+00 -4.7071e+00 -2.7482e+00 +1.4017e+00 -7.5121e-01 -4.2133e+00 -2.6142e+00 -4.7088e+00 -1.0543e+00 +1.0264e+00 +3.1087e+00 +3.5881e+00 -1.3424e+00 +2.1166e+00 -3.0815e+00 +2.4587e-01 +4.3025e+00 -2.3845e-01
12 +2.158928453e+03 +2.158928453e+03 +2.205538453e+03 +2.205538453e+03 -1.2457e+00 -2.6574e+00 -3.2679e+00 -4.4560e+00 -4.1642e+00 +1.3185e+00 -3.9319e+00 +3.2798e+00 +1.9197e+00 +2.6421e+00 +1.0920e+00 -3.3916e+00 -3.9609e+00 +4.9640e+00 -1.7742e-01 -3.9277e-01 -4.3614e-01 -2.5753e+00 -3.6987e+00 -6.2807e-01
46 +1.348691076e+03 +1.348691076e+03 +1.395301076e+03 +1.395301076e+03 -4.5856e+00 -1.1117e+00 -3.6772e+00 +3.8950e+00 +8.6331e-01 +2.4762e+00 -4.2948e+00 +7.9725e-01 -3.1798e+00 +4.6072e+00 -4.1155e+00 +2.0993e+00 -1.0923e+00 +2.3030e+00 -4.0464e+00 +1.3970e+00 +5.3434e-02 +3.9669e+00 -1.7671e+00 -9.8493e-01
274 +8.834288541e+02 +8.834288541e+02 +9.300388541e+02 +9.300388541e+02 +1.2192e+00 +4.9147e-01 -3.3865e+00 +6.4026e-01 -2.3048e+00 -1.7313e+00 +1.7318e-01 +5.2736e+00 -4.2104e+00 -1.7975e+00 -2.9643e-01 +1.3682e+00 +1.5124e-01 +7.4380e-01 +9.2798e-01 +2.3384e+00 +1.4395e-01 -2.7623e+00 -1.7824e+00 -3.0464e-01
1657 +6.287866414e+02 +6.287866414e+02 +6.753966414e+02 +6.753966414e+02 +7.6641e-01 -8.7083e-01 -3.3038e-01 +2.4111e-01 -4.9321e-01 -7.6016e-01 -3.5697e+00 +1.4645e+00 -1.8931e-01 -1.9480e+00 -3.7330e+00 +2.4763e-01 -9.3717e-02 -2.9751e+00 -7.3866e-01 +2.6669e+00 +6.3690e-01 -1.7194e+00 +9.1070e-01 +4.9887e+00
2860 +3.877950932e+02 +3.877950932e+02 +4.344050932e+02 +4.344050932e+02 -1.1382e+00 -1.4852e+00 -3.6075e+00 +4.6706e-01 +1.6234e-02 -3.4836e+00 +1.0654e+00 -2.0363e+00 -1.0787e+00 -7.1731e-01 -1.1217e+00 +9.5666e-01 -8.8368e-01 -2.9415e+00 +9.8301e-02 -1.9506e+00 -2.8031e-01 +2.5571e-01 +1.4247e-01 +1.0268e+00
6967 +2.376102139e+02 +2.376102139e+02 +2.842202139e+02 +2.842202139e+02 -1.0362e+00 +1.4129e+00 -1.1160e+00 +7.1083e-01 +9.9873e-01 -8.9247e-01 +1.7482e+00 +1.9979e-01 -1.9545e+00 -2.5553e+00 -1.0340e+00 -6.4774e-02 -4.9765e-01 -1.2110e+00 -6.3690e-02 +2.0684e-01 -5.6259e-01 -1.4735e-01 +9.8260e-01 +2.0027e+00
18359 +1.538136847e+02 +1.538136847e+02 +2.004236847e+02 +2.004236847e+02 -9.1300e-01 +1.9634e+00 +9.2161e-01 +2.7797e+00 +1.0297e+00 -3.2571e+00 +2.7960e+00 -2.5705e+00 +1.6183e-01 -3.1311e+00 -8.8581e-01 +1.2030e+00 -4.4838e-01 -2.0641e+00 -3.6635e-01 -5.5870e-01 -5.9162e-01 -4.1544e-01 +2.0473e+00 +1.9912e+00
63994 +8.236761718e+01 +8.236761718e+01 +1.289776172e+02 +1.289776172e+02 -1.0607e+00 +1.9863e+00 +9.2421e-01 +3.7706e+00 +9.3989e-01 -2.4289e+00 +2.8552e+00 -1.8287e+00 -8.0632e-03 -2.1395e+00 -2.1691e-01 +1.3197e+00 -4.7950e-01 -1.3996e+00 -1.4946e-02 -2.7792e-01 +6.8739e-02 -8.0707e-01 +2.3112e+00 +1.7903e+00
751832 +6.267080686e+01 +6.267080686e+01 +1.092808069e+02 +1.092808069e+02 -2.0066e-01 +2.9170e+00 +8.1655e-01 +2.9993e+00 +9.6609e-01 -2.3933e+00 +2.8959e+00 -2.6492e+00 -3.5436e-02 -2.7037e+00 -1.4460e-01 +7.8492e-01 +1.3488e-01 -1.7150e+00 +4.6545e-01 -2.1860e-01 -9.8579e-02 -5.1077e-01 +2.3015e+00 +2.0576e+00
1049002 +3.523366176e+01 +3.523366176e+01 +8.184366176e+01 +8.184366176e+01 -1.3302e-01 +2.9950e+00 +8.2166e-01 +2.9243e+00 +9.7251e-01 -2.4955e+00 +2.8368e+00 -2.0560e+00 -8.7452e-02 -2.7297e+00 -2.0104e-01 +7.3923e-01 +6.2288e-03 -1.6631e+00 +3.7442e-01 -2.4784e-01 +1.8012e-02 -4.8045e-01 +2.3413e+00 +2.0237e+00
1116001 +2.500835287e+01 +2.500835287e+01 +7.161835287e+01 +7.161835287e+01 -1.2170e-01 +3.0139e+00 +8.9711e-02 +2.8717e+00 +1.9058e-01 -1.8075e+00 +2.8274e+00 -2.6866e+00 -8.5566e-02 -2.1028e+00 -4.2057e-02 +7.7707e-01 +1.2086e-02 -1.6706e+00 +4.2475e-01 -6.0674e-01 +8.5646e-02 -1.1917e-01 +2.3068e+00 +2.0295e+00
% function evaluation | noise-free fitness - Fopt (-2.643100000000e+02) | best noise-free fitness - Fopt | measured fitness | best measured fitness | x1 | x2...
1 +2.824428732e+03 +2.824428732e+03 +2.560118732e+03 +2.560118732e+03 -4.7518e+00 +3.4190e+00 +4.9726e+00 +7.8123e-02 +4.9552e+00 -3.2494e+00 +1.4763e+00 +3.9039e+00 -4.0982e+00 -1.9670e+00 +1.6766e-01 -2.2473e+00 +3.4143e+00 -1.9282e+00 +2.0343e+00 +3.4351e+00 -4.2410e+00 -2.1758e+00 +2.0232e+00 +1.7815e+00
12 +2.029852953e+03 +2.029852953e+03 +1.765542953e+03 +1.765542953e+03 -1.2457e+00 -2.6574e+00 -3.2679e+00 -4.4560e+00 -4.1642e+00 +1.3185e+00 -3.9319e+00 +3.2798e+00 +1.9197e+00 +2.6421e+00 +1.0920e+00 -3.3916e+00 -3.9609e+00 +4.9640e+00 -1.7742e-01 -3.9277e-01 -4.3614e-01 -2.5753e+00 -3.6987e+00 -6.2807e-01
31 +1.470711922e+03 +1.470711922e+03 +1.206401922e+03 +1.206401922e+03 +3.0299e+00 +7.9351e-01 -8.9825e-01 -6.2341e-01 -9.3146e-01 +1.1760e+00 +4.8522e-02 +4.7806e+00 -4.8056e+00 -2.5042e+00 -2.6950e+00 +1.2209e+00 +2.9143e+00 +3.2695e+00 -3.6684e+00 -1.7722e+00 +6.3593e-01 +6.6859e-01 -4.9618e+00 -4.1351e+00
274 +9.754401235e+02 +9.754401235e+02 +7.111301235e+02 +7.111301235e+02 +1.4681e+00 +2.1615e+00 -3.3825e+00 +9.9534e-01 -1.7377e+00 -1.4701e+00 -1.3167e-01 +4.2595e+00 -4.3533e+00 -4.1586e+00 -1.1082e+00 -1.3863e+00 -6.5077e-01 +2.5673e+00 +2.2874e+00 +4.8614e+00 +1.3295e-01 -4.8136e+00 -1.0404e+00 -4.1054e+00
1141 +6.114389270e+02 +6.114389270e+02 +3.471289270e+02 +3.471289270e+02 -4.4912e+00 +5.7712e-01 -3.4380e+00 -3.2217e+00 -2.3424e+00 -4.0466e+00 -5.1551e-01 -1.5105e+00 -6.3888e-01 +3.9524e+00 -1.2300e+00 +2.2085e+00 -1.2019e+00 -4.6360e+00 +2.3177e+00 +8.1362e-01 -2.0902e+00 -2.1415e+00 +2.0213e+00 -5.0426e+00
4421 +3.645788111e+02 +3.645788111e+02 +1.002688111e+02 +1.002688111e+02 +1.4106e+00 -1.3354e+00 -3.5443e-01 -3.4447e+00 -2.7372e+00 -7.2066e-01 +2.2405e+00 +7.1335e-02 -1.0686e+00 +3.1838e+00 -9.4283e-01 +3.6771e+00 +1.8410e+00 -1.9627e+00 +9.4633e-02 +8.7404e-01 +2.0079e-01 -2.8402e+00 +1.4044e+00 -1.7055e+00
6215 +2.423569272e+02 +2.423569272e+02 -2.195307285e+01 -2.195307285e+01 -7.2708e-01 -1.3825e+00 +6.1947e-01 -2.8988e+00 +3.0985e-01 -2.2851e+00 +1.2186e+00 +1.6920e+00 -6.1935e-01 +1.4146e+00 +9.7714e-01 +2.7829e+00 +1.6773e+00 -2.0396e-01 +5.2832e-01 +1.2093e+00 +7.3989e-02 -1.8544e+00 +2.1560e+00 -2.7419e+00
17509 +1.250469734e+02 +1.250469734e+02 -1.392630266e+02 -1.392630266e+02 +1.2297e+00 -1.2407e+00 -6.7691e-02 +5.8693e-02 +1.5241e+00 -2.9774e+00 +1.6915e+00 -1.2407e-01 -1.2505e-01 +1.7912e+00 +8.1485e-01 +2.2405e+00 +1.5376e+00 -9.4279e-01 +2.3441e+00 +1.1874e+00 +1.7095e-01 -1.6038e+00 +2.1824e+00 -3.3808e+00
93710 +9.176317180e+01 +9.176317180e+01 -1.725468282e+02 -1.725468282e+02 +2.3032e+00 -2.3871e+00 +9.1899e-01 -8.2991e-01 +1.3466e+00 -3.0621e+00 +2.9055e+00 +1.0355e+00 -1.9618e-01 +1.6204e+00 +2.1813e-01 +2.3929e+00 +1.9111e+00 -1.2560e+00 +1.7862e+00 +4.3050e-01 +5.0338e-02 -2.0436e+00 +2.1990e+00 -3.3632e+00
663433 +5.889555087e+01 +5.889555087e+01 -2.054144491e+02 -2.054144491e+02 +2.2410e+00 -1.4163e+00 +1.0560e+00 -8.3916e-01 +2.0605e+00 -2.5361e+00 +2.9395e+00 +1.2566e+00 -2.9021e-02 +1.5100e+00 +3.9511e-01 +2.2881e+00 +1.8947e+00 -1.4357e+00 +1.9368e+00 +6.8871e-01 +4.7275e-01 -2.0778e+00 +1.8627e+00 -3.3208e+00
817309 +3.836052386e+01 +3.836052386e+01 -2.259494761e+02 -2.259494761e+02 +2.3229e+00 -1.4909e+00 +1.0589e+00 -8.7182e-01 +2.0177e+00 -2.4910e+00 +2.9063e+00 +1.0255e+00 -1.0628e-01 +1.4134e+00 +3.1622e-01 +2.2588e+00 +1.9189e+00 -1.4236e+00 +1.9174e+00 +7.5966e-01 +5.5156e-01 -2.0555e+00 +1.9306e+00 -3.3519e+00
878975 +2.435543407e+01 +2.435543407e+01 -2.399545659e+02 -2.399545659e+02 +2.2396e+00 -1.5041e+00 +1.0514e+00 -8.9582e-01 +2.0429e+00 -2.3029e+00 +2.9413e+00 +1.0331e+00 -7.4356e-02 +1.5189e+00 +2.9848e-01 +2.3122e+00 +1.9422e+00 -1.3936e+00 +1.9230e+00 +7.2578e-01 +5.1887e-01 -2.0674e+00 +1.9137e+00 -3.3053e+00
% function evaluation | noise-free fitness - Fopt (7.273000000000e+01) | best noise-free fitness - Fopt | measured fitness | best measured fitness | x1 | x2...
1 +8.632974164e+03 +8.632974164e+03 +8.705704164e+03 +8.705704164e+03 -4.7518e+00 +3.4190e+00 +4.9726e+00 +7.8123e-02 +4.9552e+00 -3.2494e+00 +1.4763e+00 +3.9039e+00 -4.0982e+00 -1.9670e+00 +1.6766e-01 -2.2473e+00 +3.4143e+00 -1.9282e+00 +2.0343e+00 +3.4351e+00 -4.2410e+00 -2.1758e+00 +2.0232e+00 +1.7815e+00
3 +2.091536040e+03 +2.091536040e+03 +2.164266040e+03 +2.164266040e+03 -4.7257e+00 -3.3348e+00 -3.6585e+00 -2.5308e+00 -4.8896e+00 +3.1732e-01 -3.4667e+00 +6.8246e-01 -6.9552e-01 -3.3823e+00 -2.5413e+00 +2.1374e-02 -5.8656e-01 +5.2793e-01 -3.3948e-01 -4.6054e+00 +4.5124e+00 +1.0595e+00 +4.9704e-01 -1.9615e+00
27 +1.294437826e+03 +1.294437826e+03 +1.367167826e+03 +1.367167826e+03 -7.4885e-01 +2.6024e+00 -6.1863e-01 +1.1968e-01 -4.7632e+00 +1.7844e+00 +1.4730e+00 -3.0265e+00 +3.3349e-01 +1.4780e-01 +1.1894e+00 +2.0468e+00 -3.6969e+00 -9.7148e-01 -2.5598e+00 -2.0258e+00 +2.7407e+00 +6.0303e-01 -5.7738e-01 -2.6331e+00
72 +7.009738980e+02 +7.009738980e+02 +7.737038980e+02 +7.737038980e+02 -3.9859e+00 -3.3462e+00 -3.1029e+00 +3.8098e+00 +1.7957e+00 -1.2713e+00 +3.2821e+00 -1.4588e+00 -1.4151e-01 -4.1384e+00 +1.3333e+00 -1.5520e+00 -1.7205e+00 +4.5333e+00 +1.8456e-01 -6.6140e-01 +3.0092e+00 +1.2040e+00 +3.4288e+00 +3.6146e+00
1740 +6.306176152e+02 +6.306176152e+02 +7.033476152e+02 +7.033476152e+02 +1.9382e+00 +5.6735e-01 -4.6804e+00 +3.8739e+00 +4.7712e-02 +2.4654e+00 -1.6886e+00 +1.5223e+00 +6.9104e-01 -2.1573e-01 -1.9643e+00 -4.6704e-01 -1.8628e+00 -4.4994e-01 -1.1168e+00 +1.0573e+00 +2.1416e+00 +4.6881e-01 -1.4377e-01 +2.9209e+00
3750 +3.747429904e+02 +3.747429904e+02 +4.474729904e+02 +4.474729904e+02 -1.5397e+00 -1.1806e+00 +5.1895e-01 +1.0266e+00 +1.6983e+00 -9.3874e-01 -1.5817e+00 -2.5820e+00 -8.8081e-01 +2.2771e+00 -1.6389e+00 -1.8197e+00 -6.3242e-01 +1.0409e+00 -2.6595e+00 +1.1155e+00 +2.2255e+00 -1.7270e+00 +3.6881e+00 +2.9706e+00
6817 +2.499385832e+02 +2.499385832e+02 +3.226685832e+02 +3.226685832e+02 +8.2677e-01 -2.0219e+00 +6.0556e-01 +1.6247e+00 -4.1879e-01 +1.4090e+00 +9.6080e-01 -2.5261e+00 -5.9880e-01 -1.4674e+00 -1.2821e+00 -3.1059e+00 -4.3141e-01 +1.4589e+00 -7.5738e-01 +1.0220e+00 +2.2831e+00 -2.6089e+00 +2.6807e+00 +2.1964e+00
16368 +1.422819082e+02 +1.422819082e+02 +2.150119082e+02 +2.150119082e+02 +2.3583e-01 -3.1213e+00 +1.3947e+00 +2.8139e+00 +8.8545e-01 +3.2760e+00 +2.4345e+00 -2.6932e+00 -4.4903e-01 -1.3238e+00 -1.0853e+00 -3.0697e+00 -1.7074e-01 +1.9846e+00 +4.7289e-02 +9.4975e-01 +2.6529e+00 -1.2006e+00 +2.8558e+00 +2.2333e+00
103197 +9.484944821e+01 +9.484944821e+01 +1.675794482e+02 +1.675794482e+02 +1.5178e+00 -3.0760e+00 +1.1664e+00 +9.0317e-01 +7.3401e-01 +3.3078e+00 +2.8758e+00 -2.7613e+00 -4.7997e-02 -6.3713e-01 -9.9440e-02 -2.8211e+00 -4.5438e-01 +2.3997e+00 -2.5745e-01 +5.4160e-01 +3.3891e+00 -6.6014e-01 +2.8762e+00 +3.1933e+00
354476 +5.814244957e+01 +5.814244957e+01 +1.308724496e+02 +1.308724496e+02 +1.5682e+00 -2.3192e+00 +3.6407e-01 +1.0130e+00 +3.2058e-01 +3.5098e+00 +2.8766e+00 -3.3051e+00 -1.3756e-02 -7.8798e-01 -1.1217e-01 -3.6314e+00 +1.1802e-02 +1.9913e+00 +1.0140e-01 +2.4620e-01 +3.0436e+00 -5.7117e-01 +2.9116e+00 +2.8937e+00
898174 +3.935230002e+01 +3.935230002e+01 +1.120823000e+02 +1.120823000e+02 +1.6756e+00 -2.2947e+00 +3.7837e-01 +8.7475e-01 +1.9833e-01 +3.4293e+00 +2.8904e+00 -3.2434e+00 -1.8447e-02 -6.4860e-01 -6.0442e-02 -3.4962e+00 +4.1727e-02 +1.9811e+00 -8.2891e-03 +1.9188e-01 +3.0446e+00 -5.9372e-01 +2.8609e+00 +2.9120e+00
968225 +2.488688404e+01 +2.488688404e+01 +9.761688404e+01 +9.761688404e+01 +1.5763e+00 -2.2933e+00 +4.4665e-01 +9.2628e-01 +2.5588e-01 +3.4019e+00 +2.9236e+00 -3.3001e+00 -8.1142e-02 -6.9296e-01 -9.6872e-02 -3.5456e+00 +2.1362e-02 +1.9625e+00 +2.5232e-02 +2.2904e-01 +3.0577e+00 -6.0830e-01 +2.8847e+00 +2.9014e+00
% function evaluation | noise-free fitness - Fopt (1.368700000000e+02) | best noise-free fitness - Fopt | measured fitness | best measured fitness | x1 | x2...
1 +5.080718542e+03 +5.080718542e+03 +5.217588542e+03 +5.217588542e+03 -4.7518e+00 +3.4190e+00 +4.9726e+00 +7.8123e-02 +4.9552e+00 -3.2494e+00 +1.4763e+00 +3.9039e+00 -4.0982e+00 -1.9670e+00 +1.6766e-01 -2.2473e+00 +3.4143e+00 -1.9282e+00 +2.0343e+00 +3.4351e+00 -4.2410e+00 -2.1758e+00 +2.0232e+00 +1.7815e+00
11 +2.977257839e+03 +2.977257839e+03 +3.114127839e+03 +3.114127839e+03 -8.3280e-01 +2.9695e+00 -4.0438e+00 +1.8484e+00 -3.6598e+00 +1.9398e+00 -4.3996e+00 -3.8443e+00 -1.0937e+00 -1.8874e-01 +1.6367e+00 +2.6764e+00 +4.5291e+00 -3.2896e+00 -3.4750e+00 -4.1982e+00 +2.7190e+00 -1.4222e+00 +1.7985e-01 +4.1118e+00
12 +1.989738239e+03 +1.989738239e+03 +2.126608239e+03 +2.126608239e+03 -1.2457e+00 -2.6574e+00 -3.2679e+00 -4.4560e+00 -4.1642e+00 +1.3185e+00 -3.9319e+00 +3.2798e+00 +1.9197e+00 +2.6421e+00 +1.0920e+00 -3.3916e+00 -3.9609e+00 +4.9640e+00 -1.7742e-01 -3.9277e-01 -4.3614e-01 -2.5753e+00 -3.6987e+00 -6.2807e-01
31 +1.281391229e+03 +1.281391229e+03 +1.418261229e+03 +1.418261229e+03 +3.0299e+00 +7.9351e-01 -8.9825e-01 -6.2341e-01 -9.3146e-01 +1.1760e+00 +4.8522e-02 +4.7806e+00 -4.8056e+00 -2.5042e+00 -2.6950e+00 +1.2209e+00 +2.9143e+00 +3.2695e+00 -3.6684e+00 -1.7722e+00 +6.3593e-01 +6.6859e-01 -4.9618e+00 -4.1351e+00
414 +9.438465210e+02 +9.438465210e+02 +1.080716521e+03 +1.080716521e+03 +4.6314e+00 -2.5629e+00 +4.0224e+00 +1.3714e+00 -2.0136e+00 +2.5632e+00 -6.3781e-01 -3.5680e-01 -9.7685e-01 +1.6772e+00 -5.2756e-03 -1.9161e+00 +3.0572e-01 +1.6992e+00 +2.4891e-01 +4.5792e-01 +1.3815e+00 -1.7087e+00 -1.0498e+00 +1.9380e+00
1080 +6.289154295e+02 +6.289154295e+02 +7.657854295e+02 +7.657854295e+02 +1.2257e+00 +3.4460e+00 +2.5127e+00 -1.9744e-02 -3.8742e+00 +8.7651e-01 -4.7157e+00 +3.6010e+00 +8.4188e-01 +1.7514e+00 -5.2057e+00 -1.4347e+00 +2.2523e+00 -7.4066e-01 +3.0619e+00 -2.3760e+00 +1.5590e+00 -2.7290e+00 -6.4270e-01 -3.5062e+00
3201 +3.782254465e+02 +3.782254465e+02 +5.150954465e+02 +5.150954465e+02 +2.2080e+00 +1.2058e+00 +2.5546e-01 +1.4885e+00 -2.6156e+00 -9.3595e-01 -4.5430e+00 +4.9729e+00 -1.9429e+00 -2.6827e+00 -2.5434e+00 -1.7014e+00 +1.4438e+00 -3.2241e-01 +2.4977e+00 +2.2573e+00 -8.8849e-02 -4.4117e+00 +3.3589e-02 -3.2519e+00
6168 +2.124555092e+02 +2.124555092e+02 +3.493255092e+02 +3.493255092e+02 +3.9391e-01 +6.4639e-01 +1.8841e+00 -1.6411e+00 -2.5763e+00 +1.0122e+00 -1.5198e+00 +2.5496e+00 -1.2036e+00 -2.9509e+00 -1.7171e-01 -2.5102e+00 +3.1459e+00 +6.3886e-03 +2.8989e+00 +1.5370e+00 +1.6801e+00 -2.8630e+00 -7.2031e-02 -2.3938e+00
14442 +1.404263159e+02 +1.404263159e+02 +2.772963159e+02 +2.772963159e+02 +1.5587e+00 +3.5337e+00 +3.0868e+00 +1.5746e+00 -6.7642e-01 +1.4314e+00 -3.2385e-01 +2.7475e+00 +5.8676e-01 -3.0155e+00 -5.0996e-01 -1.8715e+00 +2.7528e+00 -3.2622e-01 +3.6639e+00 +7.6585e-01 +1.7433e+00 -3.0312e+00 +1.0911e+00 -3.3265e+00
58584 +8.937761497e+01 +8.937761497e+01 +2.262476150e+02 +2.262476150e+02 +1.5949e+00 +3.5563e+00 +2.1105e+00 +1.4624e-01 -8.9159e-01 +3.0696e+00 -1.6680e-01 +3.7272e+00 +2.3402e-01 -3.4699e+00 -5.6890e-01 -2.7333e+00 +3.3696e+00 -3.6167e-01 +3.2852e+00 +1.1887e+00 +1.4497e+00 -3.1563e+00 +7.6885e-01 -2.9409e+00
459161 +6.123605978e+01 +6.123605978e+01 +1.981060598e+02 +1.981060598e+02 +1.5666e+00 +2.6994e+00 +3.0399e+00 +8.2659e-01 -3.1940e-01 +3.1486e+00 -3.1007e-01 +3.7130e+00 +6.0105e-02 -2.9530e+00 -3.8913e-01 -2.9608e+00 +3.2020e+00 -3.7636e-01 +3.3421e+00 +1.2407e+00 +1.4111e+00 -2.9716e+00 +1.0790e+00 -2.6325e+00
726462 +3.427274120e+01 +3.427274120e+01 +1.711427412e+02 +1.711427412e+02 +1.6045e+00 +2.6314e+00 +2.0994e+00 +7.3504e-01 -2.6882e-01 +2.3100e+00 -2.7743e-01 +3.0356e+00 +9.1604e-02 -3.5198e+00 -3.8801e-01 -2.6659e+00 +3.2754e+00 -3.1845e-01 +3.3279e+00 +1.1713e+00 +1.4913e+00 -3.1823e+00 +7.9990e-01 -2.6295e+00
889909 +2.203650007e+01 +2.203650007e+01 +1.589065001e+02 +1.589065001e+02 +1.5528e+00 +3.5923e+00 +2.1406e+00 +8.5567e-01 -2.8547e-01 +2.2768e+00 -2.8914e-01 +3.0423e+00 -6.8075e-03 -3.5207e+00 -3.6684e-01 -2.6106e+00 +3.2145e+00 -3.1061e-01 +3.3209e+00 +1.1686e+00 +1.4715e+00 -3.2223e+00 +7.7741e-01 -2.6481e+00
% function evaluation | noise-free fitness - Fopt (2.196000000000e+01) | best noise-free fitness - Fopt | measured fitness | best measured fitness | x1 | x2...
1 +5.077113252e+03 +5.077113252e+03 +5.099073252e+03 +5.099073252e+03 -4.7518e+00 +3.4190e+00 +4.9726e+00 +7.8123e-02 +4.9552e+00 -3.2494e+00 +1.4763e+00 +3.9039e+00 -4.0982e+00 -1.9670e+00 +1.6766e-01 -2.2473e+00 +3.4143e+00 -1.9282e+00 +2.0343e+00 +3.4351e+00 -4.2410e+00 -2.1758e+00 +2.0232e+00 +1.7815e+00
3 +2.962762740e+03 +2.962762740e+03 +2.984722740e+03 +2.984722740e+03 -4.7257e+00 -3.3348e+00 -3.6585e+00 -2.5308e+00 -4.8896e+00 +3.1732e-01 -3.4667e+00 +6.8246e-01 -6.9552e-01 -3.3823e+00 -2.5413e+00 +2.1374e-02 -5.8656e-01 +5.2793e-01 -3.3948e-01 -4.6054e+00 +4.5124e+00 +1.0595e+00 +4.9704e-01 -1.9615e+00
5 +1.271380479e+03 +1.271380479e+03 +1.293340479e+03 +1.293340479e+03 +4.6832e+00 -8.2328e-01 +2.1835e-01 +1.3382e+00 +7.0815e-01 -4.2227e+00 +1.6377e+00 +2.2668e-01 -2.2126e+00 -1.5323e+00 +2.5748e+00 +2.9907e+00 +3.6513e+00 +4.7933e+00 +1.6070e+00 -2.6902e+00 +3.0237e+00 -3.0709e+00 +7.4286e-02 +2.0044e+00
27 +8.897586042e+02 +8.897586042e+02 +9.117186042e+02 +9.117186042e+02 -7.4885e-01 +2.6024e+00 -6.1863e-01 +1.1968e-01 -4.7632e+00 +1.7844e+00 +1.4730e+00 -3.0265e+00 +3.3349e-01 +1.4780e-01 +1.1894e+00 +2.0468e+00 -3.6969e+00 -9.7148e-01 -2.5598e+00 -2.0258e+00 +2.7407e+00 +6.0303e-01 -5.7738e-01 -2.6331e+00
1218 +5.081935047e+02 +5.081935047e+02 +5.301535047e+02 +5.301535047e+02 -1.1338e+00 -2.6639e-01 +1.9760e-01 +3.3388e+00 -1.1342e+00 +2.1261e+00 +1.7959e+00 +7.2753e-01 -2.3778e+00 -1.8030e+00 +1.0643e+00 -8.0557e-01 -5.9068e-01 -1.9909e+00 -2.2551e-01 +8.5637e-01 +1.3100e+00 +7.3182e-01 -1.5000e+00 -4.4321e-01
3491 +3.949641830e+02 +3.949641830e+02 +4.169241830e+02 +4.169241830e+02 +1.2628e+00 +1.3513e+00 -8.6831e-01 -2.6960e-02 +2.6316e+00 +4.0512e+00 -3.1176e-01 -1.5513e+00 -2.0749e+00 -7.2654e-01 +2.3714e-01 +3.1212e+00 +3.7902e+00 -2.0784e+00 +5.8792e-01 +1.7895e+00 +9.3983e-01 +1.0117e-01 -5.5715e-01 -2.4759e-01
6450 +2.093647661e+02 +2.093647661e+02 +2.313247661e+02 +2.313247661e+02 +2.8685e+00 +2.1884e+00 -9.6454e-02 +3.2138e+00 +1.3471e+00 +4.4266e+00 +1.9588e+00 -1.2249e+00 -8.0256e-01 +7.9363e-01 +1.1987e+00 -8.9232e-01 +2.1434e+00 -1.7116e+00 +1.9162e+00 -6.2520e-01 +1.2196e+00 -7.9293e-01 +2.5400e-01 -1.8585e+00
13192 +1.558437885e+02 +1.558437885e+02 +1.778037885e+02 +1.778037885e+02 +1.2462e+00 -1.8612e+00 +1.3797e-01 +1.4308e+00 +1.3042e+00 +2.4768e+00 +3.1300e+00 -7.3465e-01 -1.1571e+00 -2.9233e-01 +1.6995e+00 +4.9845e-01 +3.7659e+00 -2.4994e+00 +1.5823e+00 -3.8262e-01 +2.3151e+00 -1.2308e+00 -1.1942e-01 -9.0565e-01
76419 +9.609659750e+01 +9.609659750e+01 +1.180565975e+02 +1.180565975e+02 +1.3250e+00 -5.9069e-01 -6.6162e-02 +1.4615e+00 +1.2526e+00 +3.7088e+00 +2.5518e+00 -6.3262e-01 -7.5923e-01 +3.1679e-01 +1.3533e+00 -8.3889e-01 +3.3522e+00 -2.9968e+00 +1.5368e+00 -6.3004e-01 +1.8408e+00 -8.8083e-01 +5.5486e-01 -1.2118e+00
366078 +5.461957630e+01 +5.461957630e+01 +7.657957630e+01 +7.657957630e+01 +1.2812e+00 -5.8983e-01 -2.9782e-02 +1.3056e+00 +1.8442e+00 +2.9133e+00 +3.2877e+00 +5.9276e-02 -5.3487e-01 +2.8435e-01 +1.3212e+00 -5.4499e-01 +3.3276e+00 -3.0141e+00 +1.9925e+00 -6.2868e-01 +2.2727e+00 -1.3026e+00 +2.8147e-01 -8.9344e-01
482483 +3.531798311e+01 +3.531798311e+01 +5.727798311e+01 +5.727798311e+01 +1.2567e+00 -6.1908e-01 +1.7359e-02 +1.4247e+00 +1.7658e+00 +2.8462e+00 +3.1757e+00 -1.5438e-01 -5.0444e-01 +2.8068e-01 +1.3823e+00 -5.6080e-01 +3.3903e+00 -3.0236e+00 +1.9295e+00 -6.2774e-01 +2.3324e+00 -1.3408e+00 +2.3071e-01 -8.9532e-01
515004 +2.475534737e+01 +2.475534737e+01 +4.671534737e+01 +4.671534737e+01 +1.2729e+00 -6.0819e-01 +2.0832e-02 +1.4623e+00 +1.7692e+00 +2.7891e+00 +3.1163e+00 -1.4428e-01 -5.3549e-01 +2.8724e-01 +1.3152e+00 -5.2425e-01 +3.3509e+00 -3.0204e+00 +1.9526e+00 -6.4224e-01 +2.3050e+00 -1.2699e+00 +2.5298e-01 -8.9491e-01
% function evaluation | noise-free fitness - Fopt (-2.139000000000e+01) | best noise-free fitness - Fopt | measured fitness | best measured fitness | x1 | x2...
1 +5.217622525e+03 +5.217622525e+03 +5.196232525e+03 +5.196232525e+03 -4.7518e+00 +3.4190e+00 +4.9726e+00 +7.8123e-02 +4.9552e+00 -3.2494e+00 +1.4763e+00 +3.9039e+00 -4.0982e+00 -1.9670e+00 +1.6766e-01 -2.2473e+00 +3.4143e+00 -1.9282e+00 +2.0343e+00 +3.4351e+00 -4.2410e+00 -2.1758e+00 +2.0232e+00 +1.7815e+00
2 +1.202898793e+03 +1.202898793e+03 +1.181508793e+03 +1.181508793e+03 +2.1706e-01 -2.1019e+00 -3.4714e+00 +3.3948e+00 -2.2359e+00 -2.6484e+00 -3.3639e+00 -3.5329e+00 +4.5703e+00 -3.8085e+00 -1.1039e+00 -2.1638e+00 +6.6075e-02 -3.5801e+00 +2.7993e+00 -1.4197e-01 +1.5159e+00 -1.6019e+00 -4.0518e-01 +2.8696e+00
123 +9.741278186e+02 +9.741278186e+02 +9.527378186e+02 +9.527378186e+02 +7.4953e-01 +4.1989e+00 -4.8835e+00 +2.3311e+00 -3.9656e+00 +3.8046e-01 +3.4061e+00 -3.7028e+00 +1.2770e-01 +2.1618e+00 +4.2224e-01 +2.1632e+00 +1.6672e+00 -4.0527e+00 +6.1709e-01 -1.9302e+00 -2.5468e+00 +2.1876e+00 -3.3037e+00 +2.6940e+00
1665 +5.785530765e+02 +5.785530765e+02 +5.571630765e+02 +5.571630765e+02 +2.4867e+00 +3.5367e+00 -1.3491e+00 -1.6490e+00 -9.7687e-01 -1.3629e+00 -1.4742e+00 +1.4540e+00 +3.4041e+00 +2.3603e+00 +9.8373e-01 +2.9844e+00 -1.5739e+00 -1.4031e+00 +3.3530e-01 +1.2323e+00 -2.5805e+00 +1.8384e+00 +1.2202e+00 +3.5687e+00
3537 +3.796034348e+02 +3.796034348e+02 +3.582134348e+02 +3.582134348e+02 +1.2468e+00 +1.0641e+00 +6.5620e-01 -2.8034e+00 +6.9870e-01 +2.0431e+00 -5.9094e-01 +1.9531e-01 +1.3320e+00 +8.0295e-01 +1.3745e-01 -7.0772e-01 +1.5496e+00 -1.1667e+00 -7.4852e-01 +1.5086e+00 -6.7954e-01 +1.6599e+00 +6.6815e-01 +3.4375e+00
6071 +2.474973183e+02 +2.474973183e+02 +2.261073183e+02 +2.261073183e+02 +1.0967e+00 +1.0655e+00 +1.6174e-01 -1.7056e-01 +2.2722e-01 +4.1621e+00 +2.3109e+00 +6.3833e-01 +1.6030e+00 +1.2427e+00 -1.5860e-01 -1.1704e+00 +8.4966e-01 -1.1923e+00 +1.7611e+00 +1.5505e-01 +8.1027e-01 +2.1389e+00 +1.2965e+00 +4.0533e+00
14248 +1.471035339e+02 +1.471035339e+02 +1.257135339e+02 +1.257135339e+02 +2.1672e+00 +1.7703e+00 -5.8960e-01 -2.1392e+00 +8.4835e-01 +3.9967e-01 +2.3463e+00 +7.9078e-01 +3.1750e+00 -2.9931e-02 -2.0098e-01 -6.7832e-01 +8.3757e-01 -1.4054e+00 +1.4384e+00 +1.3409e+00 +4.7106e-01 +2.7332e+00 +1.5968e+00 +2.8199e+00
77640 +9.954389929e+01 +9.954389929e+01 +7.815389929e+01 +7.815389929e+01 +1.3123e+00 +2.9856e+00 +9.7268e-01 -3.0561e+00 +7.9323e-01 +1.6252e+00 +2.6579e+00 +1.2165e+00 +2.8915e+00 -2.8808e-01 +2.9794e-01 -1.7972e+00 +1.5272e+00 -1.8718e+00 +1.7787e+00 +9.4853e-01 +4.2588e-01 +2.3070e+00 +2.0304e+00 +3.2445e+00
416138 +5.865973553e+01 +5.865973553e+01 +3.726973553e+01 +3.726973553e+01 +1.5513e+00 +2.5499e+00 +2.9181e-01 -2.1310e+00 +8.0436e-01 +1.8812e+00 +2.6930e+00 +1.9331e+00 +2.7997e+00 -4.9182e-01 +2.6888e-01 -1.6295e+00 +1.6065e+00 -2.3404e+00 +2.1949e+00 +1.3500e+00 +9.6619e-01 +3.0316e+00 +1.9748e+00 +3.2254e+00
603791 +3.959132717e+01 +3.959132717e+01 +1.820132717e+01 +1.820132717e+01 +1.3333e+00 +2.6065e+00 +2.0751e-01 -2.2219e+00 +8.0594e-01 +1.9606e+00 +2.5852e+00 +1.9134e+00 +2.7357e+00 +1.0764e-01 +3.3716e-01 -2.2062e+00 +1.5925e+00 -2.3231e+00 +2.2327e+00 +1.3510e+00 +9.1070e-01 +2.6759e+00 +2.0362e+00 +3.1903e+00
661732 +2.510773899e+01 +2.510773899e+01 +3.717738990e+00 +3.717738990e+00 +1.2953e+00 +2.7953e+00 +2.3339e-01 -2.2466e+00 +8.0275e-01 +1.1811e+00 +2.6095e+00 +1.8677e+00 +2.7603e+00 +9.6345e-02 +3.2094e-01 -2.1602e+00 +1.5692e+00 -2.3543e+00 +2.1609e+00 +1.3785e+00 +8.7316e-01 +2.6277e+00 +1.9891e+00 +3.2155e+00
% function evaluation | noise-free fitness - Fopt (5.176600000000e+02) | best noise-free fitness - Fopt | measured fitness | best measured fitness | x1 | x2...
1 +5.150540639e+03 +5.150540639e+03 +5.668200639e+03 +5.668200639e+03 -4.7518e+00 +3.4190e+00 +4.9726e+00 +7.8123e-02 +4.9552e+00 -3.2494e+00 +1.4763e+00 +3.9039e+00 -4.0982e+00 -1.9670e+00 +1.6766e-01 -2.2473e+00 +3.4143e+00 -1.9282e+00 +2.0343e+00 +3.4351e+00 -4.2410e+00 -2.1758e+00 +2.0232e+00 +1.7815e+00
4 +2.888018267e+03 +2.888018267e+03 +3.405678267e+03 +3.405678267e+03 -1.5768e+00 -4.4066e+00 -3.7784e+00 -4.7071e+00 -2.7482e+00 +1.4017e+00 -7.5121e-01 -4.2133e+00 -2.6142e+00 -4.7088e+00 -1.0543e+00 +1.0264e+00 +3.1087e+00 +3.5881e+00 -1.3424e+00 +2.1166e+00 -3.0815e+00 +2.4587e-01 +4.3025e+00 -2.3845e-01
12 +2.212038008e+03 +2.212038008e+03 +2.729698008e+03 +2.729698008e+03 -1.2457e+00 -2.6574e+00 -3.2679e+00 -4.4560e+00 -4.1642e+00 +1.3185e+00 -3.9319e+00 +3.2798e+00 +1.9197e+00 +2.6421e+00 +1.0920e+00 -3.3916e+00 -3.9609e+00 +4.9640e+00 -1.7742e-01 -3.9277e-01 -4.3614e-01 -2.5753e+00 -3.6987e+00 -6.2807e-01
27 +1.537236711e+03 +1.537236711e+03 +2.054896711e+03 +2.054896711e+03 -7.4885e-01 +2.6024e+00 -6.1863e-01 +1.1968e-01 -4.7632e+00 +1.7844e+00 +1.4730e+00 -3.0265e+00 +3.3349e-01 +1.4780e-01 +1.1894e+00 +2.0468e+00 -3.6969e+00 -9.7148e-01 -2.5598e+00 -2.0258e+00 +2.7407e+00 +6.0303e-01 -5.7738e-01 -2.6331e+00
187 +8.608599046e+02 +8.608599046e+02 +1.378519905e+03 +1.378519905e+03 -4.7338e-02 +1.2335e+00 -3.2456e+00 -1.1304e+00 -3.4015e-02 -4.0974e+00 +5.5819e-01 -1.4029e-02 -4.8490e+00 -3.7468e+00 -1.8276e+00 -1.2866e+00 -2.7615e+00 +4.4115e+00 -1.3109e+00 +3.3674e-01 +6.5349e-02 -1.4351e-01 +1.6516e+00 -4.8914e+00
864 +6.209913519e+02 +6.209913519e+02 +1.138651352e+03 +1.138651352e+03 -1.7152e+00 +2.7402e-02 -2.2112e+00 +1.2847e+00 -4.8936e+00 +4.0501e+00 -2.0748e+00 -2.3040e-01 +3.8622e-01 -1.3700e+00 -6.6451e-01 +1.7073e+00 +1.2437e+00 +3.5873e-02 +6.1280e-01 +1.0942e+00 -1.2722e+00 -1.3017e+00 +1.6034e+00 -3.6559e+00
3152 +3.495016007e+02 +3.495016007e+02 +8.671616007e+02 +8.671616007e+02 -2.4005e+00 -1.2650e-01 -1.8014e+00 +2.0780e+00 +2.1583e+00 -1.7525e+00 +1.7906e+00 +4.4740e-01 -1.4576e+00 -1.3134e+00 -6.9682e-01 -2.7378e+00 +2.8552e+00 -4.3115e-02 -6.1997e-01 +8.3291e-01 +6.6481e-01 +1.7481e+00 +2.3159e+00 -4.0299e+00
7366 +2.416171713e+02 +2.416171713e+02 +7.592771713e+02 +7.592771713e+02 -4.1704e-01 +1.2212e+00 -2.5784e+00 +2.1246e+00 -4.0011e-01 -1.4545e+00 +9.5025e-01 -1.2936e+00 +4.5806e-01 +1.1754e+00 -7.8296e-01 -1.4448e+00 +2.6049e+00 -4.1525e-01 +4.6168e-02 +1.1608e+00 +9.8751e-01 +1.9116e+00 +2.1939e+00 -3.6985e+00
13938 +1.489970177e+02 +1.489970177e+02 +6.666570177e+02 +6.666570177e+02 +1.5867e+00 +2.2626e+00 -7.0263e-01 +2.8063e+00 -4.7512e-01 +7.3412e-01 +2.7405e+00 +2.0089e-01 -7.1944e-02 +1.0646e+00 -1.1927e+00 -2.3552e+00 +2.7451e+00 -1.1620e-02 +1.4740e+00 +1.5669e+00 +1.5958e+00 +6.8488e-01 +2.1068e+00 -2.6596e+00
134272 +9.443900513e+01 +9.443900513e+01 +6.120990051e+02 +6.120990051e+02 +1.9056e+00 +3.2560e+00 +9.4406e-02 +3.6536e+00 +5.9387e-01 +5.5794e-01 +3.1736e+00 -7.2842e-01 +4.8602e-01 +3.2051e-01 -2.4117e-01 -1.9486e+00 +3.3684e+00 -4.1706e-02 +1.0535e+00 +1.1929e+00 +1.6192e+00 +9.9021e-01 +2.0240e+00 -3.0929e+00
326008 +6.027145436e+01 +6.027145436e+01 +5.779314544e+02 +5.779314544e+02 +1.9549e+00 +3.1296e+00 -2.4070e-01 +3.6462e+00 +3.5887e-01 +1.9512e-01 +3.1383e+00 -6.3670e-01 -1.0737e-01 +5.0915e-01 -3.3000e-01 -1.8204e+00 +2.9981e+00 +3.8613e-02 +1.0651e+00 +1.5090e+00 +1.6461e+00 +9.7380e-01 +2.0951e+00 -2.8012e+00
354583 +3.959319472e+01 +3.959319472e+01 +5.572531947e+02 +5.572531947e+02 +1.9736e+00 +3.2702e+00 -3.6618e-01 +3.7202e+00 +3.1834e-01 +2.0022e-01 +3.1506e+00 -8.1292e-01 -1.0119e-01 +4.8308e-01 -2.9614e-01 -1.8556e+00 +3.4690e+00 -1.1307e-02 +1.0333e+00 +1.1440e+00 +1.6530e+00 +9.3651e-01 +2.0439e+00 -3.0632e+00
379317 +2.449701875e+01 +2.449701875e+01 +5.421570188e+02 +5.421570188e+02 +1.9309e+00 +3.1630e+00 -3.3377e-01 +3.7251e+00 +5.1316e-01 +1.3815e-01 +3.1853e+00 -7.9162e-01 -9.2713e-02 +4.5794e-01 -2.9796e-01 -1.9006e+00 +3.4633e+00 -1.0186e-02 +1.0665e+00 +1.1384e+00 +1.6398e+00 +9.4415e-01 +2.0899e+00 -3.0431e+00
