% function evaluation | noise-free fitness - Fopt (7.135000000000e+01) | best noise-free fitness - Fopt | measured fitness | best measured fitness | x1 | x2...
1 +1.310075497e+02 +1.310075497e+02 +2.023575497e+02 +2.023575497e+02 +3.2377e+00 -4.0198e+00 +3.7475e+00
2 +6.241462213e+01 +6.241462213e+01 +1.337646221e+02 +1.337646221e+02 +4.2580e+00 +4.2717e+00 -8.4968e-01
7 +2.258545302e+01 +2.258545302e+01 +9.393545302e+01 +9.393545302e+01 +4.4592e+00 -1.1297e+00 -1.3212e+00
38 +1.279489780e+01 +1.279489780e+01 +8.414489780e+01 +8.414489780e+01 +5.6575e+00 -4.4684e+00 +5.6769e+00
90 +6.847899133e+00 +6.847899133e+00 +7.819789913e+01 +7.819789913e+01 +3.6613e+00 -3.2435e+00 -4.4159e+00
654 +2.501978925e-01 +2.501978925e-01 +7.160019789e+01 +7.160019789e+01 +2.8365e+00 +1.7537e-01 +1.9682e+00
4736 +1.081545272e-01 +1.081545272e-01 +7.145815453e+01 +7.145815453e+01 -1.9777e+00 -2.3772e-01 -8.7059e-01
5050 +3.994988207e-02 +3.994988207e-02 +7.138994988e+01 +7.138994988e+01 -1.9359e+00 -2.4100e-01 -9.0658e-01
5291 +1.343157711e-02 +1.343157711e-02 +7.136343158e+01 +7.136343158e+01 -1.9097e+00 -2.8078e-01 -9.2839e-01
5526 +8.173476841e-03 +8.173476841e-03 +7.135817348e+01 +7.135817348e+01 -1.9054e+00 -2.6859e-01 -9.3382e-01
5589 +5.878086037e-03 +5.878086037e-03 +7.135587809e+01 +7.135587809e+01 -1.8949e+00 -3.1229e-01 -9.3115e-01
5611 +2.470900186e-03 +2.470900186e-03 +7.135247090e+01 +7.135247090e+01 -1.8862e+00 -3.0720e-01 -9.3757e-01
5714 +8.599815991e-04 +8.599815991e-04 +7.135085998e+01 +7.135085998e+01 -1.8836e+00 -2.9475e-01 -9.4263e-01
5853 +4.499734463e-04 +4.499734463e-04 +7.135044997e+01 +7.135044997e+01 -1.8839e+00 -2.9991e-01 -9.4012e-01
5861 +2.912790383e-04 +2.912790383e-04 +7.135029128e+01 +7.135029128e+01 -1.8833e+00 -3.0395e-01 -9.4499e-01
5878 +2.198031862e-04 +2.198031862e-04 +7.135021980e+01 +7.135021980e+01 -1.8875e+00 -2.9754e-01 -9.3854e-01
5957 +2.801902718e-05 +2.801902718e-05 +7.135002802e+01 +7.135002802e+01 -1.8854e+00 -2.9944e-01 -9.4131e-01
5973 +2.020570602e-05 +2.020570602e-05 +7.135002021e+01 +7.135002021e+01 -1.8853e+00 -2.9906e-01 -9.4091e-01
6043 +6.018245557e-06 +6.018245557e-06 +7.135000602e+01 +7.135000602e+01 -1.8856e+00 -2.9912e-01 -9.4080e-01
6125 +2.865967687e-06 +2.865967687e-06 +7.135000287e+01 +7.135000287e+01 -1.8861e+00 -2.9927e-01 -9.4023e-01
6260 +1.315628268e-06 +1.315628268e-06 +7.135000132e+01 +7.135000132e+01 -1.8860e+00 -2.9920e-01 -9.4041e-01
6275 +6.612018097e-07 +6.612018097e-07 +7.135000066e+01 +7.135000066e+01 -1.8859e+00 -2.9916e-01 -9.4055e-01
6372 +3.509498043e-07 +3.509498043e-07 +7.135000035e+01 +7.135000035e+01 -1.8860e+00 -2.9918e-01 -9.4046e-01
6575 +2.592338433e-08 +2.592338433e-08 +7.135000003e+01 +7.135000003e+01 -1.8859e+00 -2.9920e-01 -9.4049e-01
6609 +1.599521227e-08 +1.599521227e-08 +7.135000002e+01 +7.135000002e+01 -1.8859e+00 -2.9918e-01 -9.4048e-01
6701 +7.754778153e-09 +7.754778153e-09 +7.135000001e+01 +7.135000001e+01 -1.8859e+00 -2.9921e-01 -9.4048e-01
% function evaluation | noise-free fitness - Fopt (-3.552200000000e+02) | best noise-free fitness - Fopt | measured fitness | best measured fitness | x1 | x2...
1 +1.599499496e+02 +1.599499496e+02 -1.952700504e+02 -1.952700504e+02 +4.1199e+00 -4.8625e+00 -9.1615e-01
2 +4.386824413e+01 +4.386824413e+01 -3.113517559e+02 -3.113517559e+02 +9.6431e-02 +1.8642e+00 +5.7680e-02
4 +3.136793714e+01 +3.136793714e+01 -3.238520629e+02 -3.238520629e+02 +1.5518e+00 +1.6963e+00 +4.3600e+00
7 +1.320603378e+01 +1.320603378e+01 -3.420139662e+02 -3.420139662e+02 -1.5567e+00 -1.9371e+00 -3.9203e+00
12 +8.599694551e+00 +8.599694551e+00 -3.466203054e+02 -3.466203054e+02 +3.3710e+00 -2.3768e+00 -4.9742e-02
27 +3.037493749e+00 +3.037493749e+00 -3.521825063e+02 -3.521825063e+02 -3.1408e+00 -3.7561e+00 -3.2499e+00
191 +2.257525138e+00 +2.257525138e+00 -3.529624749e+02 -3.529624749e+02 -7.9448e-01 +3.2541e+00 +4.1655e+00
1346 +3.318019939e-01 +3.318019939e-01 -3.548881980e+02 -3.548881980e+02 +1.1759e+00 +5.2009e+00 +3.9344e+00
2340 +1.554590997e-01 +1.554590997e-01 -3.550645409e+02 -3.550645409e+02 +1.7990e-01 +3.7865e+00 +3.8937e+00
2647 +5.779600961e-02 +5.779600961e-02 -3.551622040e+02 -3.551622040e+02 -3.9771e+00 -7.9285e-01 +4.2946e+00
2777 +2.920124390e-02 +2.920124390e-02 -3.551907988e+02 -3.551907988e+02 -3.9848e+00 -9.0263e-01 +4.2154e+00
2836 +5.647316773e-04 +5.647316773e-04 -3.552194353e+02 -3.552194353e+02 +2.0930e-01 +3.8247e+00 +3.9024e+00
3527 +2.569002718e-04 +2.569002718e-04 -3.552197431e+02 -3.552197431e+02 +2.0820e-01 +3.8262e+00 +3.9043e+00
3544 +2.470400280e-04 +2.470400280e-04 -3.552197530e+02 -3.552197530e+02 +2.0783e-01 +3.8196e+00 +3.8973e+00
3663 +6.107456011e-05 +6.107456011e-05 -3.552199389e+02 -3.552199389e+02 +2.0853e-01 +3.8234e+00 +3.9009e+00
3801 +3.323302923e-05 +3.323302923e-05 -3.552199668e+02 -3.552199668e+02 +2.0844e-01 +3.8226e+00 +3.8992e+00
3814 +2.070583849e-05 +2.070583849e-05 -3.552199793e+02 -3.552199793e+02 +2.0820e-01 +3.8220e+00 +3.8993e+00
3816 +3.972188040e-06 +3.972188040e-06 -3.552199960e+02 -3.552199960e+02 +2.0844e-01 +3.8238e+00 +3.9009e+00
3986 +8.782177474e-07 +8.782177474e-07 -3.552199991e+02 -3.552199991e+02 +2.0834e-01 +3.8234e+00 +3.9004e+00
4009 +4.174777928e-07 +4.174777928e-07 -3.552199996e+02 -3.552199996e+02 +2.0831e-01 +3.8234e+00 +3.9001e+00
4051 +3.270938578e-07 +3.270938578e-07 -3.552199997e+02 -3.552199997e+02 +2.0834e-01 +3.8235e+00 +3.9004e+00
4165 +1.291369358e-07 +1.291369358e-07 -3.552199999e+02 -3.552199999e+02 +2.0832e-01 +3.8234e+00 +3.9003e+00
4352 +3.495779310e-08 +3.495779310e-08 -3.552200000e+02 -3.552200000e+02 +2.0832e-01 +3.8234e+00 +3.9002e+00
4443 +2.134333954e-08 +2.134333954e-08 -3.552200000e+02 -3.552200000e+02 +2.0833e-01 +3.8234e+00 +3.9003e+00
4459 +7.859568996e-09 +7.859568996e-09 -3.552200000e+02 -3.552200000e+02 +2.0831e-01 +3.8234e+00 +3.9003e+00
% function evaluation | noise-free fitness - Fopt (9.917000000000e+01) | best noise-free fitness - Fopt | measured fitness | best measured fitness | x1 | x2...
1 +1.048723917e+02 +1.048723917e+02 +2.040423917e+02 +2.040423917e+02 -6.7942e-01 -2.9492e+00 -2.7319e+00
2 +5.595467201e+01 +5.595467201e+01 +1.551246720e+02 +1.551246720e+02 -1.7939e+00 +3.5101e+00 +3.0080e+00
3 +3.309409465e+01 +3.309409465e+01 +1.322640946e+02 +1.322640946e+02 +3.0507e-01 +3.5512e+00 -4.4914e+00
8 +1.555728251e+01 +1.555728251e+01 +1.147272825e+02 +1.147272825e+02 +5.6187e-01 -1.4452e+00 -3.3434e-01
81 +8.437850313e+00 +8.437850313e+00 +1.076078503e+02 +1.076078503e+02 -3.7022e+00 -3.1505e+00 +4.9122e+00
138 +6.179081516e+00 +6.179081516e+00 +1.053490815e+02 +1.053490815e+02 +5.0254e+00 +2.8098e+00 +2.4431e+00
538 +2.459184930e+00 +2.459184930e+00 +1.016291849e+02 +1.016291849e+02 -1.2470e+00 -3.0369e-01 -2.1078e+00
1759 +1.167549139e+00 +1.167549139e+00 +1.003375491e+02 +1.003375491e+02 +2.2768e+00 +4.2993e-01 -4.4342e+00
1979 +9.388172505e-01 +9.388172505e-01 +1.001088173e+02 +1.001088173e+02 +3.6986e+00 -1.1077e+00 -2.5258e+00
2619 +5.448634134e-01 +5.448634134e-01 +9.971486341e+01 +9.971486341e+01 -2.4311e+00 -1.5576e+00 +1.4351e+00
3277 +2.310728184e-01 +2.310728184e-01 +9.940107282e+01 +9.940107282e+01 +3.7351e+00 -1.0671e+00 -2.5136e+00
4541 +6.326648245e-02 +6.326648245e-02 +9.923326648e+01 +9.923326648e+01 +2.3763e+00 +4.7955e-01 -4.6049e+00
5216 +2.926118032e-02 +2.926118032e-02 +9.919926118e+01 +9.919926118e+01 -3.9502e+00 +2.4161e+00 +6.5456e-01
5298 +8.485588597e-03 +8.485588597e-03 +9.917848559e+01 +9.917848559e+01 -3.9224e+00 +2.4380e+00 +6.1355e-01
6284 +3.103775430e-03 +3.103775430e-03 +9.917310378e+01 +9.917310378e+01 -3.9157e+00 +2.4499e+00 +6.1077e-01
6330 +1.686391444e-03 +1.686391444e-03 +9.917168639e+01 +9.917168639e+01 -3.9279e+00 +2.4381e+00 +6.2309e-01
6347 +6.337280418e-04 +6.337280418e-04 +9.917063373e+01 +9.917063373e+01 -3.9233e+00 +2.4454e+00 +6.2159e-01
6407 +3.003291215e-04 +3.003291215e-04 +9.917030033e+01 +9.917030033e+01 -3.9260e+00 +2.4417e+00 +6.2321e-01
6532 +1.235558346e-04 +1.235558346e-04 +9.917012356e+01 +9.917012356e+01 -3.9243e+00 +2.4416e+00 +6.2086e-01
6619 +3.067116354e-05 +3.067116354e-05 +9.917003067e+01 +9.917003067e+01 -3.9247e+00 +2.4417e+00 +6.2195e-01
6658 +1.282011378e-05 +1.282011378e-05 +9.917001282e+01 +9.917001282e+01 -3.9247e+00 +2.4423e+00 +6.2212e-01
6829 +3.760431539e-06 +3.760431539e-06 +9.917000376e+01 +9.917000376e+01 -3.9251e+00 +2.4415e+00 +6.2240e-01
6949 +1.208523642e-06 +1.208523642e-06 +9.917000121e+01 +9.917000121e+01 -3.9249e+00 +2.4418e+00 +6.2210e-01
7124 +4.785306373e-07 +4.785306373e-07 +9.917000048e+01 +9.917000048e+01 -3.9249e+00 +2.4418e+00 +6.2202e-01
7133 +3.936541475e-07 +3.936541475e-07 +9.917000039e+01 +9.917000039e+01 -3.9250e+00 +2.4418e+00 +6.2217e-01
7182 +2.171922091e-07 +2.171922091e-07 +9.917000022e+01 +9.917000022e+01 -3.9250e+00 +2.4417e+00 +6.2215e-01
7202 +6.453254286e-08 +6.453254286e-08 +9.917000006e+01 +9.917000006e+01 -3.9249e+00 +2.4417e+00 +6.2208e-01
7277 +1.965833007e-08 +1.965833007e-08 +9.917000002e+01 +9.917000002e+01 -3.9250e+00 +2.4416e+00 +6.2212e-01
7425 +1.534930050e-08 +1.534930050e-08 +9.917000002e+01 +9.917000002e+01 -3.9250e+00 +2.4417e+00 +6.2214e-01
7482 +7.372989330e-09 +7.372989330e-09 +9.917000001e+01 +9.917000001e+01 -3.9250e+00 +2.4417e+00 +6.2212e-01
% function evaluation | noise-free fitness - Fopt (-5.179100000000e+02) | best noise-free fitness - Fopt | measured fitness | best measured fitness | x1 | x2...
1 +1.476875255e+02 +1.476875255e+02 -3.702224745e+02 -3.702224745e+02 +2.2371e+00 +3.5047e+00 -2.7335e+00
2 +2.224201008e+01 +2.224201008e+01 -4.956679899e+02 -4.956679899e+02 -3.2039e+00 +3.9187e+00 +3.2071e+00
45 +1.218794543e+01 +1.218794543e+01 -5.057220546e+02 -5.057220546e+02 +1.7795e+00 -1.9981e+00 +5.4746e+00
58 +5.016248161e+00 +5.016248161e+00 -5.128937518e+02 -5.128937518e+02 +1.1527e+00 +6.1070e-01 +2.5715e+00
157 +3.901586349e+00 +3.901586349e+00 -5.140084137e+02 -5.140084137e+02 -1.2743e-01 -2.3058e-01 -8.3597e-01
353 +4.040549016e-01 +4.040549016e-01 -5.175059451e+02 -5.175059451e+02 +2.7422e+00 +2.6150e+00 +4.4224e+00
2291 +3.076918006e-01 +3.076918006e-01 -5.176023082e+02 -5.176023082e+02 +1.3575e+00 +1.8095e-01 +2.8629e+00
2429 +1.445772495e-01 +1.445772495e-01 -5.177654228e+02 -5.177654228e+02 +2.7151e+00 +2.6187e+00 +4.3396e+00
2729 +8.148349882e-02 +8.148349882e-02 -5.178285165e+02 -5.178285165e+02 +2.7894e+00 +2.4923e+00 +4.3577e+00
2764 +4.709192140e-02 +4.709192140e-02 -5.178629081e+02 -5.178629081e+02 +1.3201e+00 +2.0656e-01 +2.8227e+00
2828 +3.020127747e-02 +3.020127747e-02 -5.178797987e+02 -5.178797987e+02 +2.7790e+00 +2.5130e+00 +4.4259e+00
3197 +1.221368109e-02 +1.221368109e-02 -5.178977863e+02 -5.178977863e+02 +2.7634e+00 +2.5353e+00 +4.3943e+00
3320 +7.257025355e-03 +7.257025355e-03 -5.179027430e+02 -5.179027430e+02 +2.7577e+00 +2.5360e+00 +4.3757e+00
3431 +3.556724887e-03 +3.556724887e-03 -5.179064433e+02 -5.179064433e+02 +2.7407e+00 +2.5667e+00 +4.3707e+00
3585 +1.238800611e-03 +1.238800611e-03 -5.179087612e+02 -5.179087612e+02 +2.7496e+00 +2.5546e+00 +4.3710e+00
3620 +4.842267223e-04 +4.842267223e-04 -5.179095158e+02 -5.179095158e+02 +2.7475e+00 +2.5561e+00 +4.3632e+00
3740 +3.076497530e-04 +3.076497530e-04 -5.179096924e+02 -5.179096924e+02 +2.7521e+00 +2.5487e+00 +4.3737e+00
3887 +2.012905891e-04 +2.012905891e-04 -5.179097987e+02 -5.179097987e+02 +2.7508e+00 +2.5505e+00 +4.3676e+00
4008 +8.618684512e-05 +8.618684512e-05 -5.179099138e+02 -5.179099138e+02 +2.7494e+00 +2.5520e+00 +4.3684e+00
4048 +6.124447771e-05 +6.124447771e-05 -5.179099388e+02 -5.179099388e+02 +2.7496e+00 +2.5522e+00 +4.3681e+00
4108 +4.620519348e-06 +4.620519348e-06 -5.179099954e+02 -5.179099954e+02 +2.7508e+00 +2.5506e+00 +4.3700e+00
4378 +1.594366267e-06 +1.594366267e-06 -5.179099984e+02 -5.179099984e+02 +2.7504e+00 +2.5510e+00 +4.3698e+00
4423 +1.165642061e-06 +1.165642061e-06 -5.179099988e+02 -5.179099988e+02 +2.7506e+00 +2.5510e+00 +4.3700e+00
4437 +6.544945563e-07 +6.544945563e-07 -5.179099993e+02 -5.179099993e+02 +2.7506e+00 +2.5509e+00 +4.3698e+00
4506 +3.800253126e-07 +3.800253126e-07 -5.179099996e+02 -5.179099996e+02 +2.7504e+00 +2.5512e+00 +4.3697e+00
4547 +7.474181984e-08 +7.474181984e-08 -5.179099999e+02 -5.179099999e+02 +2.7505e+00 +2.5510e+00 +4.3698e+00
4704 +6.301672784e-08 +6.301672784e-08 -5.179099999e+02 -5.179099999e+02 +2.7504e+00 +2.5511e+00 +4.3698e+00
4721 +2.212379968e-08 +2.212379968e-08 -5.179100000e+02 -5.179100000e+02 +2.7505e+00 +2.5511e+00 +4.3698e+00
4736 +1.222645096e-08 +1.222645096e-08 -5.179100000e+02 -5.179100000e+02 +2.7505e+00 +2.5510e+00 +4.3698e+00
4770 +4.909793461e-09 +4.909793461e-09 -5.179100000e+02 -5.179100000e+02 +2.7505e+00 +2.5510e+00 +4.3699e+00
% function evaluation | noise-free fitness - Fopt (-5.721000000000e+01) | best noise-free fitness - Fopt | measured fitness | best measured fitness | x1 | x2...
1 +1.840295620e+02 +1.840295620e+02 +1.268195620e+02 +1.268195620e+02 +3.9432e+00 +1.4089e+00 -3.4790e+00
2 +3.757616580e+01 +3.757616580e+01 -1.963383420e+01 -1.963383420e+01 -1.0340e+00 -4.5032e+00 -1.5860e+00
9 +2.272254322e+01 +2.272254322e+01 -3.448745678e+01 -3.448745678e+01 -1.1506e+00 -3.2681e-01 +4.4393e+00
60 +1.191478322e+01 +1.191478322e+01 -4.529521678e+01 -4.529521678e+01 -2.5239e+00 -1.5295e+00 +8.9541e-01
318 +4.139979087e+00 +4.139979087e+00 -5.307002091e+01 -5.307002091e+01 -3.9202e+00 -3.3436e+00 +5.0867e+00
706 +3.933262011e+00 +3.933262011e+00 -5.327673799e+01 -5.327673799e+01 -1.8126e-01 +3.1042e+00 -2.7779e+00
1383 +8.516795949e-01 +8.516795949e-01 -5.635832041e+01 -5.635832041e+01 -3.4573e+00 -2.6830e+00 +4.0514e+00
2151 +5.139989061e-01 +5.139989061e-01 -5.669600109e+01 -5.669600109e+01 -3.2161e+00 +3.8159e-03 +5.2614e+00
2576 +3.826549646e-01 +3.826549646e-01 -5.682734504e+01 -5.682734504e+01 -3.0776e+00 +1.1777e-01 +4.9701e+00
2671 +2.110469882e-01 +2.110469882e-01 -5.699895301e+01 -5.699895301e+01 -3.1492e+00 +4.0215e-02 +5.1420e+00
2892 +1.431426604e-01 +1.431426604e-01 -5.706685734e+01 -5.706685734e+01 -3.1956e+00 +5.2675e-02 +5.0459e+00
3121 +8.578698815e-02 +8.578698815e-02 -5.712421301e+01 -5.712421301e+01 -3.1803e+00 +5.3373e-02 +5.0712e+00
3192 +5.369526170e-02 +5.369526170e-02 -5.715630474e+01 -5.715630474e+01 -3.1034e+00 +8.1281e-02 +5.0916e+00
3551 +3.833003783e-02 +3.833003783e-02 -5.717166996e+01 -5.717166996e+01 -3.0958e+00 +8.9311e-02 +5.0668e+00
3620 +8.505052091e-03 +8.505052091e-03 -5.720149495e+01 -5.720149495e+01 -3.7546e+00 -3.0457e+00 +4.6189e+00
3733 +5.108624865e-03 +5.108624865e-03 -5.720489138e+01 -5.720489138e+01 -3.7528e+00 -3.0437e+00 +4.6105e+00
3834 +2.285140824e-03 +2.285140824e-03 -5.720771486e+01 -5.720771486e+01 -3.7566e+00 -3.0459e+00 +4.6158e+00
4216 +1.539344575e-03 +1.539344575e-03 -5.720846066e+01 -5.720846066e+01 -3.7551e+00 -3.0458e+00 +4.6153e+00
4679 +9.855337466e-04 +9.855337466e-04 -5.720901447e+01 -5.720901447e+01 -3.7550e+00 -3.0457e+00 +4.6150e+00
% function evaluation | noise-free fitness - Fopt (-2.778000000000e+01) | best noise-free fitness - Fopt | measured fitness | best measured fitness | x1 | x2...
1 +3.388342730e+01 +3.388342730e+01 +6.103427299e+00 +6.103427299e+00 -2.9542e+00 +3.8113e+00 +4.5914e+00
25 +2.434374242e+01 +2.434374242e+01 -3.436257575e+00 -3.436257575e+00 -1.9549e+00 +4.9417e+00 -8.4537e-01
131 +6.832179816e+00 +6.832179816e+00 -2.094782018e+01 -2.094782018e+01 -4.5066e-01 -1.5581e+00 +1.2934e+00
308 +5.461225809e+00 +5.461225809e+00 -2.231877419e+01 -2.231877419e+01 -4.2076e-01 -3.8188e+00 -1.3638e+00
527 +3.249879837e+00 +3.249879837e+00 -2.453012016e+01 -2.453012016e+01 -5.0507e-01 -2.2793e+00 +1.1634e+00
1063 +1.385279271e-01 +1.385279271e-01 -2.764147207e+01 -2.764147207e+01 +8.6836e-01 +5.1408e-01 -1.9722e+00
2451 +7.348523111e-02 +7.348523111e-02 -2.770651477e+01 -2.770651477e+01 +1.2776e+00 +3.5826e+00 +1.4053e+00
2517 +5.476928288e-02 +5.476928288e-02 -2.772523072e+01 -2.772523072e+01 +1.2754e+00 +3.6514e+00 +1.4515e+00
2628 +2.816701170e-02 +2.816701170e-02 -2.775183299e+01 -2.775183299e+01 +1.2995e+00 +3.6572e+00 +1.4784e+00
2852 +1.815154254e-02 +1.815154254e-02 -2.776184846e+01 -2.776184846e+01 +1.2743e+00 +3.6029e+00 +1.3984e+00
3084 +5.701188002e-03 +5.701188002e-03 -2.777429881e+01 -2.777429881e+01 +1.2762e+00 +3.6252e+00 +1.4336e+00
3144 +2.809157692e-03 +2.809157692e-03 -2.777719084e+01 -2.777719084e+01 +1.2692e+00 +3.6075e+00 +1.4053e+00
3204 +1.294406930e-03 +1.294406930e-03 -2.777870559e+01 -2.777870559e+01 +1.2768e+00 +3.6196e+00 +1.4229e+00
3282 +7.422276401e-04 +7.422276401e-04 -2.777925777e+01 -2.777925777e+01 +1.2734e+00 +3.6197e+00 +1.4151e+00
3334 +5.858851890e-04 +5.858851890e-04 -2.777941411e+01 -2.777941411e+01 +1.2738e+00 +3.6115e+00 +1.4172e+00
3378 +1.851705263e-04 +1.851705263e-04 -2.777981483e+01 -2.777981483e+01 +1.2741e+00 +3.6169e+00 +1.4195e+00
3479 +4.623894112e-05 +4.623894112e-05 -2.777995376e+01 -2.777995376e+01 +1.2738e+00 +3.6142e+00 +1.4179e+00
3569 +3.244448172e-05 +3.244448172e-05 -2.777996756e+01 -2.777996756e+01 +1.2739e+00 +3.6151e+00 +1.4180e+00
3613 +8.233492078e-06 +8.233492078e-06 -2.777999177e+01 -2.777999177e+01 +1.2734e+00 +3.6143e+00 +1.4164e+00
3692 +4.942301686e-06 +4.942301686e-06 -2.777999506e+01 -2.777999506e+01 +1.2736e+00 +3.6149e+00 +1.4172e+00
3756 +3.015257871e-06 +3.015257871e-06 -2.777999698e+01 -2.777999698e+01 +1.2735e+00 +3.6148e+00 +1.4169e+00
3793 +8.552166122e-07 +8.552166122e-07 -2.777999914e+01 -2.777999914e+01 +1.2733e+00 +3.6143e+00 +1.4163e+00
3836 +1.837163701e-07 +1.837163701e-07 -2.777999982e+01 -2.777999982e+01 +1.2734e+00 +3.6145e+00 +1.4165e+00
3962 +9.881006235e-08 +9.881006235e-08 -2.777999990e+01 -2.777999990e+01 +1.2734e+00 +3.6145e+00 +1.4166e+00
4037 +1.861114640e-08 +1.861114640e-08 -2.777999998e+01 -2.777999998e+01 +1.2734e+00 +3.6145e+00 +1.4166e+00
4140 +5.922128565e-09 +5.922128565e-09 -2.777999999e+01 -2.777999999e+01 +1.2734e+00 +3.6145e+00 +1.4166e+00
% function evaluation | noise-free fitness - Fopt (-4.871000000000e+01) | best noise-free fitness - Fopt | measured fitness | best measured fitness | x1 | x2...
1 +2.830344906e+01 +2.830344906e+01 -2.040655094e+01 -2.040655094e+01 -2.2321e+00 +3.3359e+00 +2.1065e+00
5 +2.064502175e+01 +2.064502175e+01 -2.806497825e+01 -2.806497825e+01 +2.9129e-01 -3.1761e-01 +4.6787e+00
101 +8.846181256e+00 +8.846181256e+00 -3.986381874e+01 -3.986381874e+01 -1.0271e+00 +4.0714e+00 -2.0030e+00
133 +4.174151429e+00 +4.174151429e+00 -4.453584857e+01 -4.453584857e+01 -4.7574e-01 -4.6529e+00 -5.4839e+00
383 +2.483933477e+00 +2.483933477e+00 -4.622606652e+01 -4.622606652e+01 +7.1201e-01 -1.2967e+00 +2.0833e+00
829 +1.378447825e+00 +1.378447825e+00 -4.733155217e+01 -4.733155217e+01 +4.6612e-01 +4.8964e+00 +5.2999e+00
1852 +4.689492857e-01 +4.689492857e-01 -4.824105071e+01 -4.824105071e+01 -2.2825e+00 -5.5389e-01 -3.3752e+00
2501 +1.095534757e-01 +1.095534757e-01 -4.860044652e+01 -4.860044652e+01 +5.9014e-05 +5.0017e+00 +5.0168e+00
6242 +9.800299635e-03 +9.800299635e-03 -4.870019970e+01 -4.870019970e+01 +1.3235e+00 +3.6943e+00 +3.0485e+00
6794 +4.701634257e-03 +4.701634257e-03 -4.870529837e+01 -4.870529837e+01 +1.3038e+00 +3.6879e+00 +3.0375e+00
6918 +8.786249327e-04 +8.786249327e-04 -4.870912138e+01 -4.870912138e+01 +1.3293e+00 +3.6903e+00 +3.0558e+00
7031 +5.645278034e-04 +5.645278034e-04 -4.870943547e+01 -4.870943547e+01 +1.3232e+00 +3.6923e+00 +3.0531e+00
7061 +3.021971959e-04 +3.021971959e-04 -4.870969780e+01 -4.870969780e+01 +1.3202e+00 +3.6929e+00 +3.0518e+00
7077 +1.951935607e-04 +1.951935607e-04 -4.870980481e+01 -4.870980481e+01 +1.3305e+00 +3.6907e+00 +3.0552e+00
7129 +1.479067243e-04 +1.479067243e-04 -4.870985209e+01 -4.870985209e+01 +1.3267e+00 +3.6909e+00 +3.0535e+00
7214 +5.798222215e-05 +5.798222215e-05 -4.870994202e+01 -4.870994202e+01 +1.3269e+00 +3.6909e+00 +3.0527e+00
7271 +2.487903408e-05 +2.487903408e-05 -4.870997512e+01 -4.870997512e+01 +1.3256e+00 +3.6913e+00 +3.0527e+00
7408 +1.492455546e-05 +1.492455546e-05 -4.870998508e+01 -4.870998508e+01 +1.3258e+00 +3.6910e+00 +3.0527e+00
7451 +8.794135042e-06 +8.794135042e-06 -4.870999121e+01 -4.870999121e+01 +1.3273e+00 +3.6907e+00 +3.0531e+00
7455 +3.685270009e-06 +3.685270009e-06 -4.870999631e+01 -4.870999631e+01 +1.3268e+00 +3.6905e+00 +3.0527e+00
7537 +1.230199437e-06 +1.230199437e-06 -4.870999877e+01 -4.870999877e+01 +1.3267e+00 +3.6907e+00 +3.0527e+00
7546 +8.356605932e-07 +8.356605932e-07 -4.870999916e+01 -4.870999916e+01 +1.3263e+00 +3.6908e+00 +3.0527e+00
7688 +4.758097560e-08 +4.758097560e-08 -4.870999995e+01 -4.870999995e+01 +1.3267e+00 +3.6907e+00 +3.0528e+00
8017 +1.315947173e-08 +1.315947173e-08 -4.870999999e+01 -4.870999999e+01 +1.3266e+00 +3.6907e+00 +3.0527e+00
8152 +1.074596412e-09 +1.074596412e-09 -4.871000000e+01 -4.871000000e+01 +1.3266e+00 +3.6907e+00 +3.0528e+00
% function evaluation | noise-free fitness - Fopt (-1.667900000000e+02) | best noise-free fitness - Fopt | measured fitness | best measured fitness | x1 | x2...
1 +1.954713521e+02 +1.954713521e+02 +2.868135209e+01 +2.868135209e+01 -2.9132e+00 -6.7476e-02 +4.1201e+00
3 +5.074478603e+01 +5.074478603e+01 -1.160452140e+02 -1.160452140e+02 -4.1712e-01 +4.0042e-01 +1.2773e+00
9 +3.966301804e+01 +3.966301804e+01 -1.271269820e+02 -1.271269820e+02 +2.7795e+00 +1.6318e+00 -3.2158e+00
18 +1.489494765e+01 +1.489494765e+01 -1.518950524e+02 -1.518950524e+02 -2.3171e+00 -3.0558e+00 -3.8352e+00
264 +2.563767680e+00 +2.563767680e+00 -1.642262323e+02 -1.642262323e+02 -5.1709e-01 -1.9254e+00 -6.3223e-02
675 +2.391679890e+00 +2.391679890e+00 -1.643983201e+02 -1.643983201e+02 +8.8625e-01 -7.2197e-01 -2.8429e+00
1032 +7.959141372e-01 +7.959141372e-01 -1.659940859e+02 -1.659940859e+02 +2.8863e+00 -2.8640e+00 -2.5864e+00
1127 +3.908092143e-01 +3.908092143e-01 -1.663991908e+02 -1.663991908e+02 +2.7879e+00 -2.5378e+00 +3.9593e+00
2482 +2.286307864e-01 +2.286307864e-01 -1.665613692e+02 -1.665613692e+02 +2.7398e+00 -2.6031e+00 +4.0078e+00
2808 +3.689254419e-02 +3.689254419e-02 -1.667531075e+02 -1.667531075e+02 +2.7130e+00 -2.6951e+00 +4.0339e+00
3285 +1.052879642e-02 +1.052879642e-02 -1.667794712e+02 -1.667794712e+02 +2.7407e+00 -2.5775e+00 +4.0568e+00
3878 +6.739905132e-03 +6.739905132e-03 -1.667832601e+02 -1.667832601e+02 -1.4458e+00 -6.1080e-01 -3.4154e+00
3944 +3.569645195e-03 +3.569645195e-03 -1.667864304e+02 -1.667864304e+02 +2.7357e+00 -2.5929e+00 +4.0459e+00
4072 +6.431485796e-04 +6.431485796e-04 -1.667893569e+02 -1.667893569e+02 +2.7339e+00 -2.5909e+00 +4.0529e+00
4165 +5.471428528e-04 +5.471428528e-04 -1.667894529e+02 -1.667894529e+02 +2.7306e+00 -2.5946e+00 +4.0535e+00
4243 +1.436865350e-04 +1.436865350e-04 -1.667898563e+02 -1.667898563e+02 +2.7307e+00 -2.5974e+00 +4.0513e+00
4340 +8.035877190e-05 +8.035877190e-05 -1.667899196e+02 -1.667899196e+02 +2.7308e+00 -2.5975e+00 +4.0517e+00
4416 +4.199311024e-05 +4.199311024e-05 -1.667899580e+02 -1.667899580e+02 +2.7319e+00 -2.5948e+00 +4.0517e+00
4424 +3.234542646e-05 +3.234542646e-05 -1.667899677e+02 -1.667899677e+02 +2.7318e+00 -2.5952e+00 +4.0523e+00
4477 +6.280586234e-06 +6.280586234e-06 -1.667899937e+02 -1.667899937e+02 +2.7318e+00 -2.5945e+00 +4.0520e+00
4524 +3.503060242e-06 +3.503060242e-06 -1.667899965e+02 -1.667899965e+02 +2.7316e+00 -2.5945e+00 +4.0525e+00
4672 +8.901543254e-07 +8.901543254e-07 -1.667899991e+02 -1.667899991e+02 +2.7317e+00 -2.5945e+00 +4.0524e+00
4807 +3.531102948e-07 +3.531102948e-07 -1.667899996e+02 -1.667899996e+02 +2.7317e+00 -2.5942e+00 +4.0524e+00
4848 +1.867311994e-08 +1.867311994e-08 -1.667900000e+02 -1.667900000e+02 +2.7317e+00 -2.5944e+00 +4.0524e+00
4984 +3.907160817e-09 +3.907160817e-09 -1.667900000e+02 -1.667900000e+02 +2.7317e+00 -2.5944e+00 +4.0524e+00
% function evaluation | noise-free fitness - Fopt (1.000000000000e+03) | best noise-free fitness - Fopt | measured fitness | best measured fitness | x1 | x2...
1 +7.702047679e+01 +7.702047679e+01 +1.077020477e+03 +1.077020477e+03 +4.3998e+00 +1.2701e+00 +2.8578e-01
2 +3.131378529e+01 +3.131378529e+01 +1.031313785e+03 +1.031313785e+03 -7.8622e-02 +3.5300e+00 -3.0297e+00
33 +2.342750304e+01 +2.342750304e+01 +1.023427503e+03 +1.023427503e+03 -4.7586e+00 +4.8777e-01 -1.2212e+00
64 +6.994943557e+00 +6.994943557e+00 +1.006994944e+03 +1.006994944e+03 -5.2535e-01 +9.6116e-01 -3.4873e-01
570 +5.458264549e+00 +5.458264549e+00 +1.005458265e+03 +1.005458265e+03 -1.1627e+00 +4.5689e+00 +4.6598e+00
1561 +3.644257085e+00 +3.644257085e+00 +1.003644257e+03 +1.003644257e+03 -7.6364e-01 +8.0299e-01 -7.4936e-01
2132 +1.410216873e+00 +1.410216873e+00 +1.001410217e+03 +1.001410217e+03 +4.3607e+00 +3.8968e-01 -5.4299e-01
2688 +5.396814342e-01 +5.396814342e-01 +1.000539681e+03 +1.000539681e+03 +4.3469e+00 +4.5747e-01 -4.6145e-01
3553 +1.326479262e-01 +1.326479262e-01 +1.000132648e+03 +1.000132648e+03 +3.6581e+00 +3.0380e+00 -2.5757e+00
4553 +8.970005739e-02 +8.970005739e-02 +1.000089700e+03 +1.000089700e+03 +4.4493e+00 +4.5007e-01 -4.8301e-01
5232 +4.985310797e-02 +4.985310797e-02 +1.000049853e+03 +1.000049853e+03 +4.4389e+00 +4.6258e-01 -4.9655e-01
5363 +3.110479349e-02 +3.110479349e-02 +1.000031105e+03 +1.000031105e+03 +4.4248e+00 +4.4870e-01 -5.1436e-01
5428 +3.902760623e-03 +3.902760623e-03 +1.000003903e+03 +1.000003903e+03 +3.6771e+00 +3.0597e+00 -2.5631e+00
5439 +7.765185624e-04 +7.765185624e-04 +1.000000777e+03 +1.000000777e+03 +3.6735e+00 +3.0559e+00 -2.5696e+00
6014 +6.000934969e-04 +6.000934969e-04 +1.000000600e+03 +1.000000600e+03 +3.6807e+00 +3.0578e+00 -2.5719e+00
6139 +1.342625915e-04 +1.342625915e-04 +1.000000134e+03 +1.000000134e+03 +3.6756e+00 +3.0571e+00 -2.5762e+00
6168 +6.243441703e-05 +6.243441703e-05 +1.000000062e+03 +1.000000062e+03 +3.6784e+00 +3.0578e+00 -2.5726e+00
6372 +7.973897709e-06 +7.973897709e-06 +1.000000008e+03 +1.000000008e+03 +3.6773e+00 +3.0578e+00 -2.5734e+00
6638 +3.788635013e-06 +3.788635013e-06 +1.000000004e+03 +1.000000004e+03 +3.6777e+00 +3.0580e+00 -2.5724e+00
6642 +1.236788535e-06 +1.236788535e-06 +1.000000001e+03 +1.000000001e+03 +3.6775e+00 +3.0579e+00 -2.5730e+00
6729 +8.897319503e-07 +8.897319503e-07 +1.000000001e+03 +1.000000001e+03 +3.6779e+00 +3.0580e+00 -2.5725e+00
6846 +6.047099532e-07 +6.047099532e-07 +1.000000001e+03 +1.000000001e+03 +3.6778e+00 +3.0580e+00 -2.5725e+00
6854 +8.756319403e-08 +8.756319403e-08 +1.000000000e+03 +1.000000000e+03 +3.6776e+00 +3.0579e+00 -2.5729e+00
6913 +6.291293175e-08 +6.291293175e-08 +1.000000000e+03 +1.000000000e+03 +3.6777e+00 +3.0580e+00 -2.5728e+00
6919 +2.873036919e-08 +2.873036919e-08 +1.000000000e+03 +1.000000000e+03 +3.6776e+00 +3.0579e+00 -2.5729e+00
6988 +1.147043349e-08 +1.147043349e-08 +1.000000000e+03 +1.000000000e+03 +3.6776e+00 +3.0579e+00 -2.5729e+00
7023 +9.361542652e-09 +9.361542652e-09 +1.000000000e+03 +1.000000000e+03 +3.6776e+00 +3.0579e+00 -2.5729e+00
% function evaluation | noise-free fitness - Fopt (-1.847000000000e+01) | best noise-free fitness - Fopt | measured fitness | best measured fitness | x1 | x2...
1 +2.638683029e+01 +2.638683029e+01 +7.916830293e+00 +7.916830293e+00 +4.8577e+00 +1.8364e+00 +2.8149e+00
5 +2.471732899e+01 +2.471732899e+01 +6.247328988e+00 +6.247328988e+00 +1.1294e+00 -2.6750e+00 +1.9698e+00
9 +1.568619655e+01 +1.568619655e+01 -2.783803453e+00 -2.783803453e+00 +2.9911e+00 +4.6312e+00 +2.1770e+00
92 +8.106022500e+00 +8.106022500e+00 -1.036397750e+01 -1.036397750e+01 -4.9337e-01 +4.7997e+00 +4.2768e-01
134 +6.265416373e+00 +6.265416373e+00 -1.220458363e+01 -1.220458363e+01 +3.3672e+00 -1.3600e+00 -4.6949e+00
237 +1.023886907e+00 +1.023886907e+00 -1.744611309e+01 -1.744611309e+01 -4.0190e+00 +7.6716e-01 +2.0567e+00
2533 +2.965125119e-01 +2.965125119e-01 -1.817348749e+01 -1.817348749e+01 +1.4715e+00 +1.0051e+00 -1.5859e+00
5883 +1.124062321e-01 +1.124062321e-01 -1.835759377e+01 -1.835759377e+01 -9.6413e-01 +4.1175e+00 -3.0058e+00
6716 +9.503681273e-02 +9.503681273e-02 -1.837496319e+01 -1.837496319e+01 +1.3100e+00 +1.0422e+00 -1.5061e+00
6915 +3.937757894e-02 +3.937757894e-02 -1.843062242e+01 -1.843062242e+01 +3.5990e+00 -2.0501e+00 -2.2415e-02
6979 +9.258503584e-03 +9.258503584e-03 -1.846074150e+01 -1.846074150e+01 +3.5048e+00 -2.0434e+00 -1.2025e-02
7239 +2.384620288e-03 +2.384620288e-03 -1.846761538e+01 -1.846761538e+01 +3.5300e+00 -2.0439e+00 -1.0461e-02
7601 +1.363414202e-03 +1.363414202e-03 -1.846863659e+01 -1.846863659e+01 +1.2398e+00 +1.0384e+00 -1.5253e+00
7606 +2.352667090e-04 +2.352667090e-04 -1.846976473e+01 -1.846976473e+01 +1.2320e+00 +1.0421e+00 -1.5159e+00
7657 +1.438886131e-04 +1.438886131e-04 -1.846985611e+01 -1.846985611e+01 +1.2377e+00 +1.0400e+00 -1.5197e+00
7796 +3.076178851e-05 +3.076178851e-05 -1.846996924e+01 -1.846996924e+01 +1.2429e+00 +1.0395e+00 -1.5208e+00
7930 +1.041514835e-06 +1.041514835e-06 -1.846999896e+01 -1.846999896e+01 +1.2414e+00 +1.0397e+00 -1.5200e+00
8195 +8.343555002e-07 +8.343555002e-07 -1.846999917e+01 -1.846999917e+01 +1.2418e+00 +1.0397e+00 -1.5202e+00
8210 +4.305357137e-07 +4.305357137e-07 -1.846999957e+01 -1.846999957e+01 +1.2415e+00 +1.0398e+00 -1.5200e+00
8323 +2.459263939e-07 +2.459263939e-07 -1.846999975e+01 -1.846999975e+01 +1.2418e+00 +1.0397e+00 -1.5201e+00
8324 +1.142832531e-07 +1.142832531e-07 -1.846999989e+01 -1.846999989e+01 +1.2418e+00 +1.0397e+00 -1.5201e+00
8343 +8.141319441e-08 +8.141319441e-08 -1.846999992e+01 -1.846999992e+01 +1.2416e+00 +1.0398e+00 -1.5200e+00
8413 +1.069477307e-08 +1.069477307e-08 -1.846999999e+01 -1.846999999e+01 +1.2417e+00 +1.0397e+00 -1.5201e+00
8494 +2.504844332e-09 +2.504844332e-09 -1.847000000e+01 -1.847000000e+01 +1.2417e+00 +1.0397e+00 -1.5201e+00
% function evaluation | noise-free fitness - Fopt (-5.971000000000e+01) | best noise-free fitness - Fopt | measured fitness | best measured fitness | x1 | x2...
1 +6.388752193e+01 +6.388752193e+01 +4.177521928e+00 +4.177521928e+00 -4.5229e+00 -1.3915e+00 +3.5043e+00
4 +4.424874541e+01 +4.424874541e+01 -1.546125459e+01 -1.546125459e+01 -4.3622e+00 -1.0903e+00 +6.7283e-01
21 +1.755896575e+01 +1.755896575e+01 -4.215103425e+01 -4.215103425e+01 +1.3649e+00 +1.6221e+00 +4.2997e+00
42 +1.408857406e+01 +1.408857406e+01 -4.562142594e+01 -4.562142594e+01 -7.8704e-01 -1.4504e+00 -6.2779e-01
170 +7.843697864e+00 +7.843697864e+00 -5.186630214e+01 -5.186630214e+01 -2.0353e+00 -2.3227e+00 -1.5362e+00
233 +6.037712739e+00 +6.037712739e+00 -5.367228726e+01 -5.367228726e+01 +2.7879e+00 +1.5335e+00 +4.1189e+00
502 +5.532222727e-01 +5.532222727e-01 -5.915677773e+01 -5.915677773e+01 +3.2147e+00 +1.4370e+00 +2.6241e+00
1460 +3.257836636e-01 +3.257836636e-01 -5.938421634e+01 -5.938421634e+01 -3.7483e+00 -4.1657e+00 -2.7433e+00
1871 +1.018521774e-01 +1.018521774e-01 -5.960814782e+01 -5.960814782e+01 +1.0832e+00 -1.5436e-01 +7.9640e-01
1951 +1.831772883e-02 +1.831772883e-02 -5.969168227e+01 -5.969168227e+01 +3.2055e+00 +1.5563e+00 +2.4733e+00
2275 +1.204858635e-02 +1.204858635e-02 -5.969795141e+01 -5.969795141e+01 +1.0167e+00 -2.8016e-01 +8.3954e-01
2318 +7.097375383e-03 +7.097375383e-03 -5.970290262e+01 -5.970290262e+01 +3.1869e+00 +1.5128e+00 +2.5111e+00
2677 +2.235781223e-03 +2.235781223e-03 -5.970776422e+01 -5.970776422e+01 +3.1935e+00 +1.5650e+00 +2.4139e+00
3023 +1.550084513e-04 +1.550084513e-04 -5.970984499e+01 -5.970984499e+01 +3.1830e+00 +1.5201e+00 +2.4787e+00
3287 +3.366428097e-05 +3.366428097e-05 -5.970996634e+01 -5.970996634e+01 +3.1844e+00 +1.5192e+00 +2.4861e+00
3480 +1.955398009e-05 +1.955398009e-05 -5.970998045e+01 -5.970998045e+01 +3.1832e+00 +1.5170e+00 +2.4863e+00
3515 +2.627665914e-06 +2.627665914e-06 -5.970999737e+01 -5.970999737e+01 +3.1835e+00 +1.5194e+00 +2.4826e+00
3752 +1.056158673e-06 +1.056158673e-06 -5.970999894e+01 -5.970999894e+01 +3.1835e+00 +1.5186e+00 +2.4842e+00
3753 +4.092544543e-07 +4.092544543e-07 -5.970999959e+01 -5.970999959e+01 +3.1835e+00 +1.5192e+00 +2.4829e+00
3863 +3.273869424e-07 +3.273869424e-07 -5.970999967e+01 -5.970999967e+01 +3.1834e+00 +1.5186e+00 +2.4836e+00
3875 +4.887664318e-08 +4.887664318e-08 -5.970999995e+01 -5.970999995e+01 +3.1835e+00 +1.5190e+00 +2.4832e+00
3932 +6.854087076e-09 +6.854087076e-09 -5.970999999e+01 -5.970999999e+01 +3.1834e+00 +1.5187e+00 +2.4836e+00
% function evaluation | noise-free fitness - Fopt (-9.684000000000e+01) | best noise-free fitness - Fopt | measured fitness | best measured fitness | x1 | x2...
1 +1.196419221e+02 +1.196419221e+02 +2.280192207e+01 +2.280192207e+01 -7.9191e-01 +2.2882e+00 +4.2210e-01
2 +9.695258938e+01 +9.695258938e+01 +1.125893755e-01 +1.125893755e-01 +4.2739e+00 +4.0809e+00 +4.5908e+00
4 +2.864004751e+01 +2.864004751e+01 -6.819995249e+01 -6.819995249e+01 -4.5199e+00 -6.6371e-01 -1.6227e+00
21 +7.330992420e+00 +7.330992420e+00 -8.950900758e+01 -8.950900758e+01 -4.9145e+00 -1.9732e-02 -1.5748e+00
558 +3.832909748e+00 +3.832909748e+00 -9.300709025e+01 -9.300709025e+01 +6.1616e-01 +5.2355e+00 +2.4850e+00
1335 +1.862967881e+00 +1.862967881e+00 -9.497703212e+01 -9.497703212e+01 +3.5693e+00 -3.1577e+00 +3.2184e-01
1877 +4.317206859e-01 +4.317206859e-01 -9.640827931e+01 -9.640827931e+01 +2.8388e+00 +1.3527e+00 -4.1099e+00
3262 +1.297900901e-01 +1.297900901e-01 -9.671020991e+01 -9.671020991e+01 +2.4963e+00 -3.5309e-02 -3.7942e+00
3724 +6.604083551e-02 +6.604083551e-02 -9.677395916e+01 -9.677395916e+01 +3.9850e+00 -3.3841e+00 -5.4333e-02
4940 +3.510864794e-02 +3.510864794e-02 -9.680489135e+01 -9.680489135e+01 +4.0885e+00 -3.4728e+00 -1.3481e-01
5084 +1.095101199e-02 +1.095101199e-02 -9.682904899e+01 -9.682904899e+01 +4.0759e+00 -3.4630e+00 -1.2631e-01
5182 +7.254002742e-03 +7.254002742e-03 -9.683274600e+01 -9.683274600e+01 +2.4751e+00 -1.2452e-02 -3.7925e+00
5294 +1.195045101e-03 +1.195045101e-03 -9.683880495e+01 -9.683880495e+01 +4.0331e+00 -3.4310e+00 -9.1730e-02
5375 +8.363268011e-04 +8.363268011e-04 -9.683916367e+01 -9.683916367e+01 +4.0379e+00 -3.4361e+00 -8.9685e-02
5478 +2.859314346e-04 +2.859314346e-04 -9.683971407e+01 -9.683971407e+01 +4.0419e+00 -3.4375e+00 -9.4673e-02
5532 +2.478908932e-04 +2.478908932e-04 -9.683975211e+01 -9.683975211e+01 +2.4718e+00 -5.7447e-03 -3.7875e+00
5635 +1.251286476e-04 +1.251286476e-04 -9.683987487e+01 -9.683987487e+01 +4.0432e+00 -3.4389e+00 -9.5239e-02
5744 +6.209048483e-05 +6.209048483e-05 -9.683993791e+01 -9.683993791e+01 +4.0435e+00 -3.4392e+00 -9.5635e-02
6113 +1.869604708e-05 +1.869604708e-05 -9.683998130e+01 -9.683998130e+01 +4.0447e+00 -3.4398e+00 -9.6012e-02
6150 +1.533809133e-05 +1.533809133e-05 -9.683998466e+01 -9.683998466e+01 +4.0448e+00 -3.4399e+00 -9.6506e-02
6196 +9.030286023e-06 +9.030286023e-06 -9.683999097e+01 -9.683999097e+01 +2.4669e+00 -3.1929e-03 -3.7829e+00
6344 +4.838191430e-06 +4.838191430e-06 -9.683999516e+01 -9.683999516e+01 +4.0455e+00 -3.4405e+00 -9.7073e-02
6347 +7.963432012e-07 +7.963432012e-07 -9.683999920e+01 -9.683999920e+01 +4.0454e+00 -3.4403e+00 -9.6878e-02
6518 +6.073293974e-07 +6.073293974e-07 -9.683999939e+01 -9.683999939e+01 +4.0454e+00 -3.4404e+00 -9.6748e-02
6728 +8.775066362e-08 +8.775066362e-08 -9.683999991e+01 -9.683999991e+01 +4.0455e+00 -3.4404e+00 -9.6852e-02
6968 +4.482915017e-08 +4.482915017e-08 -9.683999996e+01 -9.683999996e+01 +4.0455e+00 -3.4404e+00 -9.6794e-02
6970 +2.957607137e-08 +2.957607137e-08 -9.683999997e+01 -9.683999997e+01 +4.0455e+00 -3.4404e+00 -9.6813e-02
7046 +2.153620926e-08 +2.153620926e-08 -9.683999998e+01 -9.683999998e+01 +2.4671e+00 -3.3464e-03 -3.7832e+00
7186 +1.082743495e-08 +1.082743495e-08 -9.683999999e+01 -9.683999999e+01 +4.0454e+00 -3.4404e+00 -9.6818e-02
7289 +2.275626798e-09 +2.275626798e-09 -9.684000000e+01 -9.684000000e+01 +4.0455e+00 -3.4404e+00 -9.6812e-02
% function evaluation | noise-free fitness - Fopt (3.207000000000e+01) | best noise-free fitness - Fopt | measured fitness | best measured fitness | x1 | x2...
1 +6.233107038e+01 +6.233107038e+01 +9.440107038e+01 +9.440107038e+01 +8.9667e-01 -2.0644e+00 +4.0537e+00
2 +1.434892772e+01 +1.434892772e+01 +4.641892772e+01 +4.641892772e+01 +1.6010e+00 -4.2770e+00 +3.2830e+00
3 +5.873393770e+00 +5.873393770e+00 +3.794339377e+01 +3.794339377e+01 -1.9070e+00 +1.8778e+00 -5.9363e-01
666 +2.924045301e+00 +2.924045301e+00 +3.499404530e+01 +3.499404530e+01 +6.3900e-02 +3.5581e-01 +4.8116e+00
743 +1.587012314e+00 +1.587012314e+00 +3.365701231e+01 +3.365701231e+01 -4.5404e-01 +2.8586e+00 -3.9174e+00
795 +1.351760642e+00 +1.351760642e+00 +3.342176064e+01 +3.342176064e+01 -2.0183e+00 +1.5884e+00 -7.0848e-01
1259 +9.094784820e-01 +9.094784820e-01 +3.297947848e+01 +3.297947848e+01 -2.4498e+00 +2.5965e+00 -4.5985e+00
1719 +3.155209626e-02 +3.155209626e-02 +3.210155210e+01 +3.210155210e+01 -4.2789e+00 +5.1442e-01 +3.8895e+00
3727 +1.434748892e-02 +1.434748892e-02 +3.208434749e+01 +3.208434749e+01 -2.4408e+00 +2.5957e+00 -4.7312e+00
4468 +4.851353395e-03 +4.851353395e-03 +3.207485135e+01 +3.207485135e+01 -2.4421e+00 +2.5856e+00 -4.7368e+00
4609 +1.566735344e-03 +1.566735344e-03 +3.207156674e+01 +3.207156674e+01 -2.4506e+00 +2.5859e+00 -4.7264e+00
4734 +3.282862115e-04 +3.282862115e-04 +3.207032829e+01 +3.207032829e+01 -2.4504e+00 +2.5828e+00 -4.7279e+00
4738 +8.185860856e-05 +8.185860856e-05 +3.207008186e+01 +3.207008186e+01 -2.4520e+00 +2.5822e+00 -4.7277e+00
4889 +6.055892798e-05 +6.055892798e-05 +3.207006056e+01 +3.207006056e+01 -2.4524e+00 +2.5817e+00 -4.7256e+00
5001 +3.328488708e-05 +3.328488708e-05 +3.207003328e+01 +3.207003328e+01 -2.4516e+00 +2.5816e+00 -4.7289e+00
5078 +1.572986757e-05 +1.572986757e-05 +3.207001573e+01 +3.207001573e+01 -2.4516e+00 +2.5816e+00 -4.7285e+00
5136 +2.338131090e-06 +2.338131090e-06 +3.207000234e+01 +3.207000234e+01 -2.4521e+00 +2.5815e+00 -4.7275e+00
5147 +1.829874208e-07 +1.829874208e-07 +3.207000018e+01 +3.207000018e+01 -2.4519e+00 +2.5816e+00 -4.7277e+00
5341 +1.284608189e-07 +1.284608189e-07 +3.207000013e+01 +3.207000013e+01 -2.4519e+00 +2.5816e+00 -4.7278e+00
5435 +8.714965816e-08 +8.714965816e-08 +3.207000009e+01 +3.207000009e+01 -2.4519e+00 +2.5817e+00 -4.7278e+00
5446 +1.152250917e-08 +1.152250917e-08 +3.207000001e+01 +3.207000001e+01 -2.4519e+00 +2.5816e+00 -4.7278e+00
5619 +2.388986786e-09 +2.388986786e-09 +3.207000000e+01 +3.207000000e+01 -2.4519e+00 +2.5816e+00 -4.7277e+00
% function evaluation | noise-free fitness - Fopt (2.624000000000e+01) | best noise-free fitness - Fopt | measured fitness | best measured fitness | x1 | x2...
1 +7.693046418e+01 +7.693046418e+01 +1.031704642e+02 +1.031704642e+02 -4.0214e+00 -3.1925e-01 -3.0479e+00
2 +4.940990423e+01 +4.940990423e+01 +7.564990423e+01 +7.564990423e+01 -3.3444e+00 -4.5150e+00 +3.8077e+00
3 +3.929650863e+01 +3.929650863e+01 +6.553650863e+01 +6.553650863e+01 +3.7681e+00 -3.4757e+00 -3.3529e+00
14 +1.163180820e+01 +1.163180820e+01 +3.787180820e+01 +3.787180820e+01 +1.0811e+00 -1.2820e+00 +4.7385e+00
43 +8.195481471e+00 +8.195481471e+00 +3.443548147e+01 +3.443548147e+01 +2.7482e+00 -2.2305e+00 -1.2198e+00
131 +3.770579206e+00 +3.770579206e+00 +3.001057921e+01 +3.001057921e+01 +3.9197e+00 +1.3619e+00 +2.2296e+00
531 +1.943086686e+00 +1.943086686e+00 +2.818308669e+01 +2.818308669e+01 +4.1483e+00 +1.5152e+00 +2.7102e+00
1093 +6.483283937e-01 +6.483283937e-01 +2.688832839e+01 +2.688832839e+01 +3.0666e+00 -2.2197e+00 -1.2611e+00
1272 +5.945435850e-01 +5.945435850e-01 +2.683454359e+01 +2.683454359e+01 +2.2512e+00 +1.1573e+00 -1.0980e+00
1352 +2.237504964e-01 +2.237504964e-01 +2.646375050e+01 +2.646375050e+01 -1.7036e+00 +3.3324e+00 +2.3142e+00
3003 +1.478266262e-01 +1.478266262e-01 +2.638782663e+01 +2.638782663e+01 +2.4405e+00 -4.2906e+00 -3.3369e+00
3952 +3.181715503e-02 +3.181715503e-02 +2.627181716e+01 +2.627181716e+01 +2.4823e+00 -4.2172e+00 -3.3117e+00
4112 +3.044309412e-03 +3.044309412e-03 +2.624304431e+01 +2.624304431e+01 +2.4935e+00 -4.2076e+00 -3.2879e+00
4722 +1.040370382e-03 +1.040370382e-03 +2.624104037e+01 +2.624104037e+01 +2.4805e+00 -4.2319e+00 -3.3019e+00
4818 +6.552238509e-04 +6.552238509e-04 +2.624065522e+01 +2.624065522e+01 +2.4831e+00 -4.2266e+00 -3.2979e+00
4831 +4.588281633e-04 +4.588281633e-04 +2.624045883e+01 +2.624045883e+01 +2.4824e+00 -4.2269e+00 -3.3031e+00
4892 +3.733190730e-04 +3.733190730e-04 +2.624037332e+01 +2.624037332e+01 +2.4760e+00 -4.2368e+00 -3.3122e+00
4897 +2.182067693e-05 +2.182067693e-05 +2.624002182e+01 +2.624002182e+01 +2.4796e+00 -4.2308e+00 -3.3067e+00
5143 +1.400437528e-05 +1.400437528e-05 +2.624001400e+01 +2.624001400e+01 +2.4799e+00 -4.2309e+00 -3.3065e+00
5167 +1.676299007e-06 +1.676299007e-06 +2.624000168e+01 +2.624000168e+01 +2.4798e+00 -4.2308e+00 -3.3066e+00
5291 +1.082734798e-06 +1.082734798e-06 +2.624000108e+01 +2.624000108e+01 +2.4799e+00 -4.2306e+00 -3.3062e+00
5430 +9.522680138e-07 +9.522680138e-07 +2.624000095e+01 +2.624000095e+01 +2.4799e+00 -4.2308e+00 -3.3061e+00
5507 +3.279485199e-07 +3.279485199e-07 +2.624000033e+01 +2.624000033e+01 +2.4798e+00 -4.2308e+00 -3.3062e+00
5529 +9.710117155e-08 +9.710117155e-08 +2.624000010e+01 +2.624000010e+01 +2.4797e+00 -4.2310e+00 -3.3064e+00
5763 +1.819835660e-08 +1.819835660e-08 +2.624000002e+01 +2.624000002e+01 +2.4798e+00 -4.2309e+00 -3.3064e+00
5888 +9.876938378e-09 +9.876938378e-09 +2.624000001e+01 +2.624000001e+01 +2.4798e+00 -4.2309e+00 -3.3064e+00
% function evaluation | noise-free fitness - Fopt (-1.610000000000e+01) | best noise-free fitness - Fopt | measured fitness | best measured fitness | x1 | x2...
1 +9.185594325e+01 +9.185594325e+01 +7.575594325e+01 +7.575594325e+01 -4.6165e+00 -4.6467e+00 +2.6499e+00
2 +5.655441376e+01 +5.655441376e+01 +4.045441376e+01 +4.045441376e+01 -1.9218e+00 +4.4202e+00 -4.8062e+00
11 +3.350883603e+01 +3.350883603e+01 +1.740883603e+01 +1.740883603e+01 +2.6160e+00 -2.5117e+00 -2.0035e+00
20 +1.600675579e+01 +1.600675579e+01 -9.324421202e-02 -9.324421202e-02 -4.2777e+00 -3.1423e+00 +2.5247e+00
46 +1.007614237e+01 +1.007614237e+01 -6.023857630e+00 -6.023857630e+00 -1.1578e+00 -2.0640e+00 +3.8881e+00
71 +3.892879707e+00 +3.892879707e+00 -1.220712029e+01 -1.220712029e+01 +6.4761e-01 +2.3888e-01 -4.3041e+00
1044 +1.964406190e+00 +1.964406190e+00 -1.413559381e+01 -1.413559381e+01 +1.6305e+00 -9.8698e-01 +4.2733e+00
1454 +5.954424399e-01 +5.954424399e-01 -1.550455756e+01 -1.550455756e+01 +3.1035e-01 +3.5933e+00 -5.5075e-01
3710 +2.633699528e-01 +2.633699528e-01 -1.583663005e+01 -1.583663005e+01 +1.1005e+00 -1.5038e-01 +2.7344e-02
5820 +2.458442184e-01 +2.458442184e-01 -1.585415578e+01 -1.585415578e+01 +2.6486e+00 +4.1634e+00 +1.9782e+00
5973 +1.150775202e-01 +1.150775202e-01 -1.598492248e+01 -1.598492248e+01 +1.5141e+00 -6.2650e-01 +4.3868e-01
6334 +8.231551831e-02 +8.231551831e-02 -1.601768448e+01 -1.601768448e+01 +1.3761e+00 -5.1487e-01 +3.8152e-01
6336 +5.965939460e-02 +5.965939460e-02 -1.604034061e+01 -1.604034061e+01 +1.2912e+00 -3.8257e-01 +3.4472e-01
6501 +5.197093038e-03 +5.197093038e-03 -1.609480291e+01 -1.609480291e+01 +5.7327e-01 +3.5582e+00 -2.3639e-01
7850 +9.289868116e-04 +9.289868116e-04 -1.609907101e+01 -1.609907101e+01 +1.2962e+00 -3.5434e-01 +2.4399e-01
7980 +5.626644391e-04 +5.626644391e-04 -1.609943734e+01 -1.609943734e+01 +1.3076e+00 -3.9400e-01 +2.9820e-01
8097 +1.438300123e-04 +1.438300123e-04 -1.609985617e+01 -1.609985617e+01 +1.3011e+00 -3.7980e-01 +2.8567e-01
8120 +9.424572953e-05 +9.424572953e-05 -1.609990575e+01 -1.609990575e+01 +1.3033e+00 -3.8216e-01 +2.8572e-01
8254 +6.134772944e-05 +6.134772944e-05 -1.609993865e+01 -1.609993865e+01 +1.3011e+00 -3.7966e-01 +2.8743e-01
8274 +2.172812820e-05 +2.172812820e-05 -1.609997827e+01 -1.609997827e+01 +1.2994e+00 -3.7337e-01 +2.7816e-01
8283 +1.522395331e-05 +1.522395331e-05 -1.609998478e+01 -1.609998478e+01 +1.3014e+00 -3.7936e-01 +2.8489e-01
8426 +7.075308627e-06 +7.075308627e-06 -1.609999292e+01 -1.609999292e+01 +1.2997e+00 -3.7446e-01 +2.7954e-01
8432 +1.868182764e-06 +1.868182764e-06 -1.609999813e+01 -1.609999813e+01 +1.3007e+00 -3.7692e-01 +2.8185e-01
8457 +1.530366340e-06 +1.530366340e-06 -1.609999847e+01 -1.609999847e+01 +1.3003e+00 -3.7536e-01 +2.7963e-01
8484 +6.362882097e-07 +6.362882097e-07 -1.609999936e+01 -1.609999936e+01 +1.3005e+00 -3.7646e-01 +2.8164e-01
8617 +1.078771277e-07 +1.078771277e-07 -1.609999989e+01 -1.609999989e+01 +1.3005e+00 -3.7622e-01 +2.8106e-01
8767 +9.413083291e-08 +9.413083291e-08 -1.609999991e+01 -1.609999991e+01 +1.3005e+00 -3.7632e-01 +2.8131e-01
8809 +5.408158188e-08 +5.408158188e-08 -1.609999995e+01 -1.609999995e+01 +1.3004e+00 -3.7604e-01 +2.8084e-01
8882 +7.701313365e-09 +7.701313365e-09 -1.609999999e+01 -1.609999999e+01 +1.3004e+00 -3.7621e-01 +2.8115e-01
