% function evaluation | noise-free fitness - Fopt (-5.465000000000e+02) | best noise-free fitness - Fopt | measured fitness | best measured fitness | x1 | x2...
1 +3.423241508e+04 +3.423241508e+04 +3.368591508e+04 +3.368591508e+04 -4.7518e+00 +3.4190e+00 +4.9726e+00 +7.8123e-02 +4.9552e+00
3 +1.534211810e+03 +1.534211810e+03 +9.877118102e+02 +9.877118102e+02 +1.6766e-01 -2.2473e+00 +3.4143e+00 -1.9282e+00 +2.0343e+00
124 +3.898328005e+01 +3.898328005e+01 -5.075167200e+02 -5.075167200e+02 -8.0795e-01 +1.0541e+00 +1.1802e+00 -3.6522e-01 +9.9029e-01
243 +4.107840997e+00 +4.107840997e+00 -5.423921590e+02 -5.423921590e+02 -1.1201e+00 +2.3911e+00 +1.2275e+00 -4.5826e-01 +1.5261e+00
311 +3.040383815e+00 +3.040383815e+00 -5.434596162e+02 -5.434596162e+02 +1.4512e+00 +2.8386e+00 -6.8769e-01 -2.0195e+00 +1.3124e+00
989 +1.450846608e+00 +1.450846608e+00 -5.450491534e+02 -5.450491534e+02 +1.3423e+00 +2.0042e-01 +2.6135e+00 -8.0528e-01 +2.4388e+00
5234 +9.037751228e-01 +9.037751228e-01 -5.455962249e+02 -5.455962249e+02 -1.9871e+00 -5.1927e-01 +2.6856e+00 -1.9922e+00 +9.9269e-01
32533 +4.624219621e-01 +4.624219621e-01 -5.460375780e+02 -5.460375780e+02 +1.4736e+00 +2.8931e+00 +1.9019e+00 -2.1395e+00 +2.0919e+00
44865 +3.868300027e-01 +3.868300027e-01 -5.461131700e+02 -5.461131700e+02 +1.4903e+00 +2.9616e+00 +1.8371e+00 -2.1595e+00 +2.1036e+00
60934 +2.492313668e-01 +2.492313668e-01 -5.462507686e+02 -5.462507686e+02 +1.5061e+00 +2.9848e+00 +1.8850e+00 -2.1530e+00 +2.0921e+00
% function evaluation | noise-free fitness - Fopt (1.000000000000e+03) | best noise-free fitness - Fopt | measured fitness | best measured fitness | x1 | x2...
1 +1.862895037e+05 +1.862895037e+05 +1.872895037e+05 +1.872895037e+05 -4.7518e+00 +3.4190e+00 +4.9726e+00 +7.8123e-02 +4.9552e+00
2 +1.686196260e+04 +1.686196260e+04 +1.786196260e+04 +1.786196260e+04 -3.2494e+00 +1.4763e+00 +3.9039e+00 -4.0982e+00 -1.9670e+00
10 +1.110401513e+04 +1.110401513e+04 +1.210401513e+04 +1.210401513e+04 +3.1732e-01 -3.4667e+00 +6.8246e-01 -6.9552e-01 -3.3823e+00
11 +6.328360015e+03 +6.328360015e+03 +7.328360015e+03 +7.328360015e+03 -2.5413e+00 +2.1374e-02 -5.8656e-01 +5.2793e-01 -3.3948e-01
18 +1.191864876e+03 +1.191864876e+03 +2.191864876e+03 +2.191864876e+03 -4.2227e+00 +1.6377e+00 +2.2668e-01 -2.2126e+00 -1.5323e+00
30 +1.562944310e+02 +1.562944310e+02 +1.156294431e+03 +1.156294431e+03 -1.8212e+00 -2.9991e-01 -2.9250e+00 -5.2240e-01 -8.4945e-01
213 +5.004918863e+00 +5.004918863e+00 +1.005004919e+03 +1.005004919e+03 +4.0029e-01 -5.1340e-01 -2.8872e+00 -4.4858e-02 -1.8972e+00
421 +3.473317421e+00 +3.473317421e+00 +1.003473317e+03 +1.003473317e+03 -2.1653e+00 +8.0616e-01 -1.8562e+00 -7.6748e-01 -2.2889e+00
591 +2.337024007e+00 +2.337024007e+00 +1.002337024e+03 +1.002337024e+03 -2.0929e+00 +2.0139e+00 +6.4575e-03 -1.8914e+00 -1.4067e+00
3420 +1.184670036e+00 +1.184670036e+00 +1.001184670e+03 +1.001184670e+03 +1.6177e+00 +3.0117e+00 -1.9528e+00 -2.1993e+00 -1.7585e+00
9014 +8.266353767e-01 +8.266353767e-01 +1.000826635e+03 +1.000826635e+03 +1.5967e+00 +3.0824e+00 -1.8286e+00 -2.1810e+00 -2.0161e+00
10494 +5.560587335e-01 +5.560587335e-01 +1.000556059e+03 +1.000556059e+03 +1.6101e+00 +3.0256e+00 -1.9158e+00 -2.1252e+00 -2.0633e+00
11108 +3.777262486e-01 +3.777262486e-01 +1.000377726e+03 +1.000377726e+03 +1.5527e+00 +3.0377e+00 -1.8151e+00 -2.1588e+00 -2.0904e+00
12004 +1.669173408e-01 +1.669173408e-01 +1.000166917e+03 +1.000166917e+03 -2.0549e+00 +2.1971e+00 -2.0721e+00 -2.0999e+00 -2.0931e+00
12290 +1.322567182e-01 +1.322567182e-01 +1.000132257e+03 +1.000132257e+03 -2.0756e+00 +2.1617e+00 -2.0971e+00 -2.1323e+00 -2.0775e+00
12349 +6.532641244e-02 +6.532641244e-02 +1.000065326e+03 +1.000065326e+03 -2.0821e+00 +2.1536e+00 -2.0994e+00 -2.1164e+00 -2.0880e+00
12620 +5.022706196e-02 +5.022706196e-02 +1.000050227e+03 +1.000050227e+03 -2.0973e+00 +2.1414e+00 -2.0964e+00 -2.1134e+00 -2.0867e+00
12919 +3.143881087e-02 +3.143881087e-02 +1.000031439e+03 +1.000031439e+03 -2.1067e+00 +2.1053e+00 -2.1064e+00 -2.1168e+00 -2.0868e+00
12969 +1.281556030e-02 +1.281556030e-02 +1.000012816e+03 +1.000012816e+03 -2.0989e+00 +2.1080e+00 -2.1066e+00 -2.1187e+00 -2.0990e+00
12998 +7.231163350e-03 +7.231163350e-03 +1.000007231e+03 +1.000007231e+03 -2.1213e+00 +2.1110e+00 -2.1102e+00 -2.1070e+00 -2.1024e+00
13130 +4.367299046e-03 +4.367299046e-03 +1.000004367e+03 +1.000004367e+03 -2.1102e+00 +2.1135e+00 -2.0998e+00 -2.1003e+00 -2.1050e+00
13163 +3.355818504e-03 +3.355818504e-03 +1.000003356e+03 +1.000003356e+03 -2.1024e+00 +2.1056e+00 -2.1102e+00 -2.1030e+00 -2.1005e+00
13478 +1.147369597e-03 +1.147369597e-03 +1.000001147e+03 +1.000001147e+03 -2.1059e+00 +2.1069e+00 -2.1015e+00 -2.1022e+00 -2.1046e+00
13719 +9.886063245e-04 +9.886063245e-04 +1.000000989e+03 +1.000000989e+03 -2.1088e+00 +2.1026e+00 -2.1043e+00 -2.1052e+00 -2.1020e+00
13820 +4.158327436e-04 +4.158327436e-04 +1.000000416e+03 +1.000000416e+03 -2.1022e+00 +2.1055e+00 -2.1071e+00 -2.1050e+00 -2.1060e+00
13881 +3.056965245e-04 +3.056965245e-04 +1.000000306e+03 +1.000000306e+03 -2.1039e+00 +2.1052e+00 -2.1045e+00 -2.1030e+00 -2.1062e+00
14004 +1.505759225e-04 +1.505759225e-04 +1.000000151e+03 +1.000000151e+03 -2.1025e+00 +2.1077e+00 -2.1039e+00 -2.1052e+00 -2.1049e+00
14118 +5.422030256e-05 +5.422030256e-05 +1.000000054e+03 +1.000000054e+03 -2.1056e+00 +2.1055e+00 -2.1046e+00 -2.1052e+00 -2.1042e+00
14352 +1.895088565e-05 +1.895088565e-05 +1.000000019e+03 +1.000000019e+03 -2.1043e+00 +2.1044e+00 -2.1046e+00 -2.1046e+00 -2.1051e+00
14483 +9.668379903e-06 +9.668379903e-06 +1.000000010e+03 +1.000000010e+03 -2.1048e+00 +2.1053e+00 -2.1047e+00 -2.1051e+00 -2.1049e+00
14896 +3.283501542e-06 +3.283501542e-06 +1.000000003e+03 +1.000000003e+03 -2.1051e+00 +2.1049e+00 -2.1050e+00 -2.1049e+00 -2.1048e+00
14992 +1.050269816e-06 +1.050269816e-06 +1.000000001e+03 +1.000000001e+03 -2.1048e+00 +2.1050e+00 -2.1049e+00 -2.1049e+00 -2.1049e+00
15294 +8.000794196e-07 +8.000794196e-07 +1.000000001e+03 +1.000000001e+03 -2.1047e+00 +2.1049e+00 -2.1047e+00 -2.1049e+00 -2.1048e+00
15468 +6.064271929e-07 +6.064271929e-07 +1.000000001e+03 +1.000000001e+03 -2.1049e+00 +2.1048e+00 -2.1048e+00 -2.1049e+00 -2.1048e+00
15473 +3.919894880e-07 +3.919894880e-07 +1.000000000e+03 +1.000000000e+03 -2.1047e+00 +2.1049e+00 -2.1048e+00 -2.1048e+00 -2.1049e+00
15739 +1.451177241e-07 +1.451177241e-07 +1.000000000e+03 +1.000000000e+03 -2.1048e+00 +2.1049e+00 -2.1049e+00 -2.1048e+00 -2.1049e+00
15797 +7.000937785e-08 +7.000937785e-08 +1.000000000e+03 +1.000000000e+03 -2.1049e+00 +2.1048e+00 -2.1049e+00 -2.1048e+00 -2.1048e+00
15920 +1.609032552e-08 +1.609032552e-08 +1.000000000e+03 +1.000000000e+03 -2.1048e+00 +2.1049e+00 -2.1048e+00 -2.1048e+00 -2.1049e+00
16121 +6.770505934e-09 +6.770505934e-09 +1.000000000e+03 +1.000000000e+03 -2.1048e+00 +2.1048e+00 -2.1048e+00 -2.1048e+00 -2.1048e+00
% function evaluation | noise-free fitness - Fopt (2.083800000000e+02) | best noise-free fitness - Fopt | measured fitness | best measured fitness | x1 | x2...
1 +3.491955339e+04 +3.491955339e+04 +3.512793339e+04 +3.512793339e+04 -4.7518e+00 +3.4190e+00 +4.9726e+00 +7.8123e-02 +4.9552e+00
3 +8.529484769e+03 +8.529484769e+03 +8.737864769e+03 +8.737864769e+03 +1.6766e-01 -2.2473e+00 +3.4143e+00 -1.9282e+00 +2.0343e+00
17 +2.955450182e+03 +2.955450182e+03 +3.163830182e+03 +3.163830182e+03 +4.6832e+00 -8.2328e-01 +2.1835e-01 +1.3382e+00 +7.0815e-01
116 +2.076920334e+03 +2.076920334e+03 +2.285300334e+03 +2.285300334e+03 -1.1412e-01 +4.3507e+00 +8.1354e-02 +3.2585e+00 +2.4473e-01
139 +3.837879350e+02 +3.837879350e+02 +5.921679350e+02 +5.921679350e+02 +2.6463e+00 +1.7034e+00 +2.3085e+00 +2.6283e+00 +1.8873e+00
218 +1.178278923e+01 +1.178278923e+01 +2.201627892e+02 +2.201627892e+02 -3.9694e-03 +3.0281e+00 +7.2601e-03 +1.4517e+00 +2.2070e+00
233 +5.532726879e+00 +5.532726879e+00 +2.139127269e+02 +2.139127269e+02 -7.5617e-01 -7.5586e-01 +1.9583e+00 +1.5256e+00 +1.5886e+00
312 +3.747235909e+00 +3.747235909e+00 +2.121272359e+02 +2.121272359e+02 -2.1124e+00 +2.0898e+00 +4.5727e-01 +2.0091e+00 +2.2682e+00
398 +1.885272789e+00 +1.885272789e+00 +2.102652728e+02 +2.102652728e+02 -2.1586e+00 -5.6748e-01 +7.2229e-01 +2.3508e+00 +1.3838e+00
1725 +1.366952934e+00 +1.366952934e+00 +2.097469529e+02 +2.097469529e+02 +1.5915e+00 +2.9226e+00 +1.8674e+00 +2.2298e+00 +1.1995e+00
5183 +7.888659026e-01 +7.888659026e-01 +2.091688659e+02 +2.091688659e+02 -2.0714e+00 +2.1208e+00 +1.5420e+00 +2.2382e+00 +9.1432e-01
6485 +5.717269217e-01 +5.717269217e-01 +2.089517269e+02 +2.089517269e+02 -1.9924e+00 +2.1924e+00 +2.1046e+00 +2.1515e+00 +9.3821e-01
7402 +3.619075032e-01 +3.619075032e-01 +2.087419075e+02 +2.087419075e+02 -2.0542e+00 +2.1490e+00 +2.1016e+00 +2.1057e+00 +9.3247e-01
8203 +2.508200903e-01 +2.508200903e-01 +2.086308201e+02 +2.086308201e+02 -2.0873e+00 +2.1067e+00 +2.0978e+00 +2.1179e+00 +9.5313e-01
% function evaluation | noise-free fitness - Fopt (-1.449600000000e+02) | best noise-free fitness - Fopt | measured fitness | best measured fitness | x1 | x2...
1 +2.073781942e+05 +2.073781942e+05 +2.072332342e+05 +2.072332342e+05 -4.7518e+00 +3.4190e+00 +4.9726e+00 +7.8123e-02 +4.9552e+00
2 +2.423655818e+04 +2.423655818e+04 +2.409159818e+04 +2.409159818e+04 -3.2494e+00 +1.4763e+00 +3.9039e+00 -4.0982e+00 -1.9670e+00
10 +2.775955624e+03 +2.775955624e+03 +2.630995624e+03 +2.630995624e+03 +3.1732e-01 -3.4667e+00 +6.8246e-01 -6.9552e-01 -3.3823e+00
18 +1.774947929e+03 +1.774947929e+03 +1.629987929e+03 +1.629987929e+03 -4.2227e+00 +1.6377e+00 +2.2668e-01 -2.2126e+00 -1.5323e+00
29 +1.036852602e+03 +1.036852602e+03 +8.918926021e+02 +8.918926021e+02 -1.9819e+00 -2.6319e+00 -2.5188e+00 +5.6271e-01 -2.3522e+00
30 +1.842550827e+02 +1.842550827e+02 +3.929508271e+01 +3.929508271e+01 -1.8212e+00 -2.9991e-01 -2.9250e+00 -5.2240e-01 -8.4945e-01
71 +6.794472500e+00 +6.794472500e+00 -1.381655275e+02 -1.381655275e+02 +1.6655e+00 -1.1123e+00 +9.4019e-02 -2.8520e+00 -8.2187e-01
127 +3.433065754e+00 +3.433065754e+00 -1.415269342e+02 -1.415269342e+02 -1.5544e+00 -1.4949e+00 -2.6489e-01 -2.6528e+00 -1.5571e+00
582 +2.470355099e+00 +2.470355099e+00 -1.424896449e+02 -1.424896449e+02 +2.4338e+00 -2.4856e+00 -7.7215e-03 -1.0158e+00 -2.3207e+00
727 +1.395696605e+00 +1.395696605e+00 -1.435643034e+02 -1.435643034e+02 -2.1174e+00 +5.3813e-01 -2.8148e+00 -1.5014e+00 -2.3289e+00
5164 +7.456080069e-01 +7.456080069e-01 -1.442143920e+02 -1.442143920e+02 -2.0006e+00 -2.0866e+00 -2.1194e+00 -1.6493e+00 -2.2596e+00
5826 +5.409883592e-01 +5.409883592e-01 -1.444190116e+02 -1.444190116e+02 -2.0776e+00 -2.2565e+00 -2.0571e+00 -2.0634e+00 -2.1011e+00
8770 +9.068223630e-02 +9.068223630e-02 -1.448693178e+02 -1.448693178e+02 -2.0964e+00 -2.0816e+00 -2.0804e+00 -2.0976e+00 -2.1265e+00
10600 +5.940875543e-02 +5.940875543e-02 -1.449005912e+02 -1.449005912e+02 -2.0461e+00 -2.1251e+00 -2.0776e+00 -2.1120e+00 -2.1124e+00
14029 +3.520991612e-02 +3.520991612e-02 -1.449247901e+02 -1.449247901e+02 -2.0699e+00 -2.0877e+00 -2.0965e+00 -2.1063e+00 -2.0968e+00
14280 +1.146362363e-02 +1.146362363e-02 -1.449485364e+02 -1.449485364e+02 -2.0938e+00 -2.0870e+00 -2.1151e+00 -2.0982e+00 -2.1040e+00
14721 +7.773873990e-03 +7.773873990e-03 -1.449522261e+02 -1.449522261e+02 -2.0817e+00 -2.1218e+00 -2.1003e+00 -2.1065e+00 -2.1035e+00
14916 +3.345957108e-03 +3.345957108e-03 -1.449566540e+02 -1.449566540e+02 -2.0983e+00 -2.1074e+00 -2.0962e+00 -2.1083e+00 -2.1012e+00
15355 +1.956652867e-03 +1.956652867e-03 -1.449580433e+02 -1.449580433e+02 -2.1100e+00 -2.0961e+00 -2.1093e+00 -2.1016e+00 -2.1040e+00
15814 +1.061527166e-03 +1.061527166e-03 -1.449589385e+02 -1.449589385e+02 -2.1015e+00 -2.1081e+00 -2.1002e+00 -2.1072e+00 -2.1026e+00
15957 +3.914597296e-04 +3.914597296e-04 -1.449596085e+02 -1.449596085e+02 -2.1071e+00 -2.1002e+00 -2.1067e+00 -2.1039e+00 -2.1054e+00
16582 +1.628514613e-04 +1.628514613e-04 -1.449598371e+02 -1.449598371e+02 -2.1023e+00 -2.1032e+00 -2.1056e+00 -2.1047e+00 -2.1051e+00
16642 +1.557329368e-04 +1.557329368e-04 -1.449598443e+02 -1.449598443e+02 -2.1060e+00 -2.1054e+00 -2.1028e+00 -2.1051e+00 -2.1046e+00
16812 +5.963299444e-05 +5.963299444e-05 -1.449599404e+02 -1.449599404e+02 -2.1035e+00 -2.1043e+00 -2.1049e+00 -2.1044e+00 -2.1046e+00
17064 +3.162653579e-05 +3.162653579e-05 -1.449599684e+02 -1.449599684e+02 -2.1055e+00 -2.1045e+00 -2.1050e+00 -2.1053e+00 -2.1044e+00
17405 +9.086135975e-06 +9.086135975e-06 -1.449599909e+02 -1.449599909e+02 -2.1048e+00 -2.1051e+00 -2.1048e+00 -2.1049e+00 -2.1051e+00
17563 +4.698705283e-06 +4.698705283e-06 -1.449599953e+02 -1.449599953e+02 -2.1050e+00 -2.1046e+00 -2.1049e+00 -2.1050e+00 -2.1047e+00
17913 +3.719216124e-06 +3.719216124e-06 -1.449599963e+02 -1.449599963e+02 -2.1046e+00 -2.1050e+00 -2.1050e+00 -2.1049e+00 -2.1048e+00
18102 +2.490393143e-06 +2.490393143e-06 -1.449599975e+02 -1.449599975e+02 -2.1052e+00 -2.1046e+00 -2.1050e+00 -2.1049e+00 -2.1049e+00
18107 +5.775158058e-07 +5.775158058e-07 -1.449599994e+02 -1.449599994e+02 -2.1049e+00 -2.1049e+00 -2.1048e+00 -2.1049e+00 -2.1048e+00
18814 +3.469150158e-07 +3.469150158e-07 -1.449599997e+02 -1.449599997e+02 -2.1048e+00 -2.1047e+00 -2.1048e+00 -2.1048e+00 -2.1049e+00
18902 +1.158990415e-07 +1.158990415e-07 -1.449599999e+02 -1.449599999e+02 -2.1048e+00 -2.1049e+00 -2.1048e+00 -2.1049e+00 -2.1049e+00
19279 +4.511898055e-08 +4.511898055e-08 -1.449600000e+02 -1.449600000e+02 -2.1048e+00 -2.1049e+00 -2.1048e+00 -2.1049e+00 -2.1048e+00
19641 +3.583713237e-08 +3.583713237e-08 -1.449600000e+02 -1.449600000e+02 -2.1048e+00 -2.1048e+00 -2.1049e+00 -2.1048e+00 -2.1048e+00
19729 +2.266591537e-08 +2.266591537e-08 -1.449600000e+02 -1.449600000e+02 -2.1048e+00 -2.1049e+00 -2.1048e+00 -2.1048e+00 -2.1049e+00
19934 +9.772833209e-09 +9.772833209e-09 -1.449600000e+02 -1.449600000e+02 -2.1049e+00 -2.1048e+00 -2.1048e+00 -2.1048e+00 -2.1048e+00
% function evaluation | noise-free fitness - Fopt (-6.300000000000e+00) | best noise-free fitness - Fopt | measured fitness | best measured fitness | x1 | x2...
1 +2.128833807e+05 +2.128833807e+05 +2.128770807e+05 +2.128770807e+05 -4.7518e+00 +3.4190e+00 +4.9726e+00 +7.8123e-02 +4.9552e+00
2 +1.002422918e+05 +1.002422918e+05 +1.002359918e+05 +1.002359918e+05 -3.2494e+00 +1.4763e+00 +3.9039e+00 -4.0982e+00 -1.9670e+00
3 +9.220643061e+04 +9.220643061e+04 +9.220013061e+04 +9.220013061e+04 +1.6766e-01 -2.2473e+00 +3.4143e+00 -1.9282e+00 +2.0343e+00
4 +2.791667400e+04 +2.791667400e+04 +2.791037400e+04 +2.791037400e+04 +3.4351e+00 -4.2410e+00 -2.1758e+00 +2.0232e+00 +1.7815e+00
5 +6.918160802e+03 +6.918160802e+03 +6.911860802e+03 +6.911860802e+03 +2.1706e-01 -2.1019e+00 -3.4714e+00 +3.3948e+00 -2.2359e+00
11 +1.982271953e+03 +1.982271953e+03 +1.975971953e+03 +1.975971953e+03 -2.5413e+00 +2.1374e-02 -5.8656e-01 +5.2793e-01 -3.3948e-01
29 +1.383470241e+02 +1.383470241e+02 +1.320470241e+02 +1.320470241e+02 -1.9819e+00 -2.6319e+00 -2.5188e+00 +5.6271e-01 -2.3522e+00
61 +4.211991139e+01 +4.211991139e+01 +3.581991139e+01 +3.581991139e+01 -2.7913e+00 -3.0234e+00 +7.7957e-01 +1.9179e+00 -1.6784e+00
196 +3.249671917e+00 +3.249671917e+00 -3.050328083e+00 -3.050328083e+00 +1.2305e+00 -1.2578e+00 -1.6493e+00 +2.2669e+00 -8.4763e-01
593 +2.129910494e+00 +2.129910494e+00 -4.170089506e+00 -4.170089506e+00 +2.1315e+00 -1.2485e-03 -1.2093e+00 +2.2572e+00 -2.1263e+00
1441 +1.104987249e+00 +1.104987249e+00 -5.195012751e+00 -5.195012751e+00 +2.1762e+00 -2.0645e+00 -5.1894e-01 +2.5285e+00 -2.0542e+00
9768 +9.460245826e-01 +9.460245826e-01 -5.353975417e+00 -5.353975417e+00 +2.0107e+00 +5.9242e-01 -2.6389e+00 +1.9608e+00 -2.1133e+00
14094 +4.826807581e-01 +4.826807581e-01 -5.817319242e+00 -5.817319242e+00 +2.0625e+00 +4.9365e-01 -2.7437e+00 +1.9196e+00 -2.1596e+00
16673 +3.854147335e-01 +3.854147335e-01 -5.914585266e+00 -5.914585266e+00 +2.0322e+00 +5.4346e-01 -2.7721e+00 +1.9173e+00 -2.1335e+00
19200 +2.502794378e-01 +2.502794378e-01 -6.049720562e+00 -6.049720562e+00 +2.1198e+00 +6.2326e-01 -2.8025e+00 +1.9265e+00 -2.1487e+00
% function evaluation | noise-free fitness - Fopt (-2.206000000000e+01) | best noise-free fitness - Fopt | measured fitness | best measured fitness | x1 | x2...
1 +5.201672206e+04 +5.201672206e+04 +5.199466206e+04 +5.199466206e+04 -4.7518e+00 +3.4190e+00 +4.9726e+00 +7.8123e-02 +4.9552e+00
2 +3.456941142e+04 +3.456941142e+04 +3.454735142e+04 +3.454735142e+04 -3.2494e+00 +1.4763e+00 +3.9039e+00 -4.0982e+00 -1.9670e+00
3 +2.178081842e+04 +2.178081842e+04 +2.175875842e+04 +2.175875842e+04 +1.6766e-01 -2.2473e+00 +3.4143e+00 -1.9282e+00 +2.0343e+00
4 +1.559533546e+04 +1.559533546e+04 +1.557327546e+04 +1.557327546e+04 +3.4351e+00 -4.2410e+00 -2.1758e+00 +2.0232e+00 +1.7815e+00
7 +7.238737215e+03 +7.238737215e+03 +7.216677215e+03 +7.216677215e+03 -1.1039e+00 -2.1638e+00 +6.6075e-02 -3.5801e+00 +2.7993e+00
8 +1.892726346e+02 +1.892726346e+02 +1.672126346e+02 +1.672126346e+02 -1.4197e-01 +1.5159e+00 -1.6019e+00 -4.0518e-01 +2.8696e+00
89 +5.240433784e+00 +5.240433784e+00 -1.681956622e+01 -1.681956622e+01 -3.6840e-01 +3.4560e-01 -1.4797e+00 -1.6513e+00 +1.2060e+00
175 +3.125000129e+00 +3.125000129e+00 -1.893499987e+01 -1.893499987e+01 -1.3525e+00 +1.6774e+00 -1.0551e+00 -1.6571e+00 +1.0928e+00
508 +2.505761320e+00 +2.505761320e+00 -1.955423868e+01 -1.955423868e+01 +8.6560e-01 -4.1365e-01 -2.7418e+00 -6.7223e-01 +1.3056e+00
7154 +1.474416807e+00 +1.474416807e+00 -2.058558319e+01 -2.058558319e+01 -3.5286e-01 +2.7071e+00 -1.3122e+00 -2.3310e+00 +2.0426e+00
38947 +9.583273808e-01 +9.583273808e-01 -2.110167262e+01 -2.110167262e+01 +2.1012e+00 +2.0742e+00 -2.1663e+00 -4.9714e-01 +2.4431e+00
45426 +5.706857606e-01 +5.706857606e-01 -2.148931424e+01 -2.148931424e+01 +2.0952e+00 +2.1763e+00 -2.0930e+00 -1.6201e+00 +2.2247e+00
62114 +3.691694361e-01 +3.691694361e-01 -2.169083056e+01 -2.169083056e+01 +2.1615e+00 +2.0952e+00 -2.1247e+00 -2.0904e+00 +2.0495e+00
64125 +2.130246033e-01 +2.130246033e-01 -2.184697540e+01 -2.184697540e+01 +2.0959e+00 +2.1268e+00 -2.1187e+00 -2.0909e+00 +2.1520e+00
64785 +6.529187307e-02 +6.529187307e-02 -2.199470813e+01 -2.199470813e+01 +2.0744e+00 +2.1142e+00 -2.0972e+00 -2.1253e+00 +2.1185e+00
65947 +2.899381954e-02 +2.899381954e-02 -2.203100618e+01 -2.203100618e+01 +2.0662e+00 +2.1184e+00 -2.1073e+00 -2.1053e+00 +2.1159e+00
65975 +2.434350990e-02 +2.434350990e-02 -2.203565649e+01 -2.203565649e+01 +2.1079e+00 +2.0993e+00 -2.0821e+00 -2.1193e+00 +2.1043e+00
66324 +6.424534743e-03 +6.424534743e-03 -2.205357547e+01 -2.205357547e+01 +2.0988e+00 +2.0890e+00 -2.1081e+00 -2.1072e+00 +2.1051e+00
66507 +6.200053351e-03 +6.200053351e-03 -2.205379995e+01 -2.205379995e+01 +2.1108e+00 +2.0966e+00 -2.1174e+00 -2.0970e+00 +2.1053e+00
67028 +2.864972995e-03 +2.864972995e-03 -2.205713503e+01 -2.205713503e+01 +2.1054e+00 +2.0977e+00 -2.1029e+00 -2.1017e+00 +2.1028e+00
67093 +2.248788700e-03 +2.248788700e-03 -2.205775121e+01 -2.205775121e+01 +2.1042e+00 +2.0975e+00 -2.1088e+00 -2.1052e+00 +2.1016e+00
67269 +9.267825449e-04 +9.267825449e-04 -2.205907322e+01 -2.205907322e+01 +2.1044e+00 +2.1073e+00 -2.0996e+00 -2.1046e+00 +2.1049e+00
67474 +2.600955502e-04 +2.600955502e-04 -2.205973990e+01 -2.205973990e+01 +2.1043e+00 +2.1052e+00 -2.1044e+00 -2.1029e+00 +2.1051e+00
67577 +1.287337869e-04 +1.287337869e-04 -2.205987127e+01 -2.205987127e+01 +2.1052e+00 +2.1039e+00 -2.1034e+00 -2.1052e+00 +2.1052e+00
68183 +4.081337581e-05 +4.081337581e-05 -2.205995919e+01 -2.205995919e+01 +2.1050e+00 +2.1060e+00 -2.1045e+00 -2.1053e+00 +2.1049e+00
68212 +2.972630212e-05 +2.972630212e-05 -2.205997027e+01 -2.205997027e+01 +2.1040e+00 +2.1060e+00 -2.1041e+00 -2.1051e+00 +2.1049e+00
69096 +1.596727847e-05 +1.596727847e-05 -2.205998403e+01 -2.205998403e+01 +2.1049e+00 +2.1055e+00 -2.1047e+00 -2.1047e+00 +2.1046e+00
69170 +9.087866800e-06 +9.087866800e-06 -2.205999091e+01 -2.205999091e+01 +2.1046e+00 +2.1051e+00 -2.1052e+00 -2.1048e+00 +2.1047e+00
69357 +5.832684536e-06 +5.832684536e-06 -2.205999417e+01 -2.205999417e+01 +2.1051e+00 +2.1046e+00 -2.1052e+00 -2.1049e+00 +2.1049e+00
69544 +2.600925065e-06 +2.600925065e-06 -2.205999740e+01 -2.205999740e+01 +2.1047e+00 +2.1046e+00 -2.1050e+00 -2.1048e+00 +2.1048e+00
69753 +8.745776121e-07 +8.745776121e-07 -2.205999913e+01 -2.205999913e+01 +2.1047e+00 +2.1048e+00 -2.1050e+00 -2.1048e+00 +2.1049e+00
70391 +2.136496065e-07 +2.136496065e-07 -2.205999979e+01 -2.205999979e+01 +2.1049e+00 +2.1048e+00 -2.1049e+00 -2.1048e+00 +2.1049e+00
70425 +1.385845714e-07 +1.385845714e-07 -2.205999986e+01 -2.205999986e+01 +2.1049e+00 +2.1049e+00 -2.1048e+00 -2.1049e+00 +2.1048e+00
70635 +8.312689204e-08 +8.312689204e-08 -2.205999992e+01 -2.205999992e+01 +2.1048e+00 +2.1048e+00 -2.1048e+00 -2.1049e+00 +2.1048e+00
71048 +5.723668650e-08 +5.723668650e-08 -2.205999994e+01 -2.205999994e+01 +2.1048e+00 +2.1048e+00 -2.1048e+00 -2.1048e+00 +2.1048e+00
71050 +2.100614083e-08 +2.100614083e-08 -2.205999998e+01 -2.205999998e+01 +2.1048e+00 +2.1048e+00 -2.1048e+00 -2.1048e+00 +2.1048e+00
71734 +1.039894570e-08 +1.039894570e-08 -2.205999999e+01 -2.205999999e+01 +2.1048e+00 +2.1049e+00 -2.1048e+00 -2.1048e+00 +2.1048e+00
71782 +4.374399509e-09 +4.374399509e-09 -2.206000000e+01 -2.206000000e+01 +2.1048e+00 +2.1049e+00 -2.1049e+00 -2.1048e+00 +2.1048e+00
% function evaluation | noise-free fitness - Fopt (7.129000000000e+01) | best noise-free fitness - Fopt | measured fitness | best measured fitness | x1 | x2...
1 +1.645826456e+05 +1.645826456e+05 +1.646539356e+05 +1.646539356e+05 -4.7518e+00 +3.4190e+00 +4.9726e+00 +7.8123e-02 +4.9552e+00
2 +3.566756732e+04 +3.566756732e+04 +3.573885732e+04 +3.573885732e+04 -3.2494e+00 +1.4763e+00 +3.9039e+00 -4.0982e+00 -1.9670e+00
5 +2.232779069e+04 +2.232779069e+04 +2.239908069e+04 +2.239908069e+04 +2.1706e-01 -2.1019e+00 -3.4714e+00 +3.3948e+00 -2.2359e+00
10 +9.480812965e+03 +9.480812965e+03 +9.552102965e+03 +9.552102965e+03 +3.1732e-01 -3.4667e+00 +6.8246e-01 -6.9552e-01 -3.3823e+00
11 +2.688920777e+03 +2.688920777e+03 +2.760210777e+03 +2.760210777e+03 -2.5413e+00 +2.1374e-02 -5.8656e-01 +5.2793e-01 -3.3948e-01
57 +1.229712700e+02 +1.229712700e+02 +1.942612700e+02 +1.942612700e+02 +2.8762e+00 +7.2492e-01 +1.4169e+00 +1.2705e+00 -7.3011e-01
293 +3.887343458e+01 +3.887343458e+01 +1.101634346e+02 +1.101634346e+02 +2.7965e+00 +2.8112e+00 -1.0290e-01 +1.7063e+00 -9.0100e-01
352 +5.369914165e+00 +5.369914165e+00 +7.665991416e+01 +7.665991416e+01 +9.1315e-01 +8.0409e-01 +7.2168e-01 +1.7407e+00 -8.6188e-01
486 +3.872327978e+00 +3.872327978e+00 +7.516232798e+01 +7.516232798e+01 +1.7090e-01 -7.8492e-02 +8.7289e-01 +1.4558e+00 -1.7287e+00
845 +1.841295025e+00 +1.841295025e+00 +7.313129503e+01 +7.313129503e+01 +1.7628e-02 +2.6044e+00 +1.8957e+00 +1.7174e+00 -1.0855e+00
2462 +1.354788026e+00 +1.354788026e+00 +7.264478803e+01 +7.264478803e+01 +1.6489e+00 +2.9490e+00 +1.9200e+00 +1.4288e+00 -2.2648e+00
17481 +8.901819459e-01 +8.901819459e-01 +7.218018195e+01 +7.218018195e+01 -2.2977e+00 +2.0375e+00 +2.0707e+00 +5.3264e-01 -2.4771e+00
31204 +5.822056131e-01 +5.822056131e-01 +7.187220561e+01 +7.187220561e+01 -2.2339e+00 +2.0943e+00 +2.1196e+00 +6.1032e-01 -2.4463e+00
67469 +3.055136342e-01 +3.055136342e-01 +7.159551363e+01 +7.159551363e+01 -2.1441e+00 +2.0410e+00 +2.1252e+00 +5.7027e-01 -2.4882e+00
77072 +2.489788992e-01 +2.489788992e-01 +7.153897890e+01 +7.153897890e+01 -2.1088e+00 +2.0969e+00 +2.1067e+00 +5.9018e-01 -2.4897e+00
% function evaluation | noise-free fitness - Fopt (-1.054000000000e+01) | best noise-free fitness - Fopt | measured fitness | best measured fitness | x1 | x2...
1 +2.161583183e+05 +2.161583183e+05 +2.161477783e+05 +2.161477783e+05 -4.7518e+00 +3.4190e+00 +4.9726e+00 +7.8123e-02 +4.9552e+00
2 +2.576498930e+04 +2.576498930e+04 +2.575444930e+04 +2.575444930e+04 -3.2494e+00 +1.4763e+00 +3.9039e+00 -4.0982e+00 -1.9670e+00
5 +2.493055183e+04 +2.493055183e+04 +2.492001183e+04 +2.492001183e+04 +2.1706e-01 -2.1019e+00 -3.4714e+00 +3.3948e+00 -2.2359e+00
10 +2.896406370e+03 +2.896406370e+03 +2.885866370e+03 +2.885866370e+03 +3.1732e-01 -3.4667e+00 +6.8246e-01 -6.9552e-01 -3.3823e+00
29 +1.009229443e+03 +1.009229443e+03 +9.986894433e+02 +9.986894433e+02 -1.9819e+00 -2.6319e+00 -2.5188e+00 +5.6271e-01 -2.3522e+00
30 +1.840114373e+02 +1.840114373e+02 +1.734714373e+02 +1.734714373e+02 -1.8212e+00 -2.9991e-01 -2.9250e+00 -5.2240e-01 -8.4945e-01
71 +7.851358110e+00 +7.851358110e+00 -2.688641890e+00 -2.688641890e+00 +1.6655e+00 -1.1123e+00 +9.4019e-02 -2.8520e+00 -8.2187e-01
127 +2.607937369e+00 +2.607937369e+00 -7.932062631e+00 -7.932062631e+00 -1.5544e+00 -1.4949e+00 -2.6489e-01 -2.6528e+00 -1.5571e+00
401 +2.304084608e+00 +2.304084608e+00 -8.235915392e+00 -8.235915392e+00 +1.0009e+00 -7.3394e-01 -1.8449e+00 -2.2281e+00 -1.7364e+00
1833 +1.461712490e+00 +1.461712490e+00 -9.078287510e+00 -9.078287510e+00 -4.8198e-01 -2.6918e+00 -1.3125e+00 -2.3102e+00 -2.0936e+00
6735 +6.132316075e-01 +6.132316075e-01 -9.926768392e+00 -9.926768392e+00 +2.0556e+00 +5.9195e-01 -2.7501e+00 -2.0041e+00 -2.0945e+00
8350 +3.252419187e-01 +3.252419187e-01 -1.021475808e+01 -1.021475808e+01 +2.1384e+00 -2.0405e+00 -2.1894e+00 -2.0401e+00 -2.1295e+00
8651 +1.818850807e-01 +1.818850807e-01 -1.035811492e+01 -1.035811492e+01 +2.2076e+00 -2.1298e+00 -2.0857e+00 -2.1230e+00 -2.0880e+00
9000 +1.218772112e-01 +1.218772112e-01 -1.041812279e+01 -1.041812279e+01 +2.1993e+00 -2.0666e+00 -2.1320e+00 -2.1120e+00 -2.0941e+00
9194 +2.741653096e-02 +2.741653096e-02 -1.051258347e+01 -1.051258347e+01 +2.1497e+00 -2.0844e+00 -2.0969e+00 -2.1083e+00 -2.1048e+00
9352 +1.998843828e-02 +1.998843828e-02 -1.052001156e+01 -1.052001156e+01 +2.1136e+00 -2.1131e+00 -2.1042e+00 -2.1048e+00 -2.0917e+00
9383 +1.300716727e-02 +1.300716727e-02 -1.052699283e+01 -1.052699283e+01 +2.1396e+00 -2.1007e+00 -2.1039e+00 -2.1058e+00 -2.1064e+00
9565 +9.949350374e-03 +9.949350374e-03 -1.053005065e+01 -1.053005065e+01 +2.1070e+00 -2.1255e+00 -2.0945e+00 -2.1113e+00 -2.1044e+00
9755 +4.014333023e-03 +4.014333023e-03 -1.053598567e+01 -1.053598567e+01 +2.1099e+00 -2.0898e+00 -2.1117e+00 -2.1036e+00 -2.1046e+00
9868 +3.604833563e-03 +3.604833563e-03 -1.053639517e+01 -1.053639517e+01 +2.1009e+00 -2.1134e+00 -2.0967e+00 -2.1108e+00 -2.1014e+00
9921 +6.455581623e-04 +6.455581623e-04 -1.053935444e+01 -1.053935444e+01 +2.0997e+00 -2.1067e+00 -2.1060e+00 -2.1050e+00 -2.1031e+00
9992 +1.068940303e-04 +1.068940303e-04 -1.053989311e+01 -1.053989311e+01 +2.1058e+00 -2.1059e+00 -2.1032e+00 -2.1048e+00 -2.1048e+00
10623 +7.988809158e-05 +7.988809158e-05 -1.053992011e+01 -1.053992011e+01 +2.1067e+00 -2.1033e+00 -2.1047e+00 -2.1053e+00 -2.1050e+00
10998 +5.526200487e-05 +5.526200487e-05 -1.053994474e+01 -1.053994474e+01 +2.1044e+00 -2.1050e+00 -2.1046e+00 -2.1058e+00 -2.1044e+00
11016 +3.260819034e-05 +3.260819034e-05 -1.053996739e+01 -1.053996739e+01 +2.1057e+00 -2.1054e+00 -2.1053e+00 -2.1049e+00 -2.1047e+00
11107 +2.385136236e-05 +2.385136236e-05 -1.053997615e+01 -1.053997615e+01 +2.1048e+00 -2.1043e+00 -2.1043e+00 -2.1051e+00 -2.1046e+00
11229 +1.251195454e-05 +1.251195454e-05 -1.053998749e+01 -1.053998749e+01 +2.1040e+00 -2.1046e+00 -2.1050e+00 -2.1050e+00 -2.1048e+00
11401 +8.561411136e-06 +8.561411136e-06 -1.053999144e+01 -1.053999144e+01 +2.1049e+00 -2.1044e+00 -2.1046e+00 -2.1050e+00 -2.1047e+00
11425 +6.203589896e-06 +6.203589896e-06 -1.053999380e+01 -1.053999380e+01 +2.1050e+00 -2.1048e+00 -2.1046e+00 -2.1046e+00 -2.1049e+00
11511 +2.234349179e-06 +2.234349179e-06 -1.053999777e+01 -1.053999777e+01 +2.1048e+00 -2.1047e+00 -2.1050e+00 -2.1049e+00 -2.1048e+00
11600 +9.404276238e-07 +9.404276238e-07 -1.053999906e+01 -1.053999906e+01 +2.1048e+00 -2.1047e+00 -2.1050e+00 -2.1048e+00 -2.1048e+00
12042 +6.111088400e-07 +6.111088400e-07 -1.053999939e+01 -1.053999939e+01 +2.1050e+00 -2.1049e+00 -2.1049e+00 -2.1049e+00 -2.1048e+00
12139 +2.354159605e-07 +2.354159605e-07 -1.053999976e+01 -1.053999976e+01 +2.1047e+00 -2.1049e+00 -2.1049e+00 -2.1049e+00 -2.1048e+00
12190 +4.042588664e-08 +4.042588664e-08 -1.053999996e+01 -1.053999996e+01 +2.1048e+00 -2.1048e+00 -2.1049e+00 -2.1049e+00 -2.1049e+00
12618 +1.396979954e-08 +1.396979954e-08 -1.053999999e+01 -1.053999999e+01 +2.1048e+00 -2.1048e+00 -2.1049e+00 -2.1048e+00 -2.1049e+00
12655 +8.562983211e-09 +8.562983211e-09 -1.053999999e+01 -1.053999999e+01 +2.1048e+00 -2.1048e+00 -2.1049e+00 -2.1048e+00 -2.1048e+00
% function evaluation | noise-free fitness - Fopt (3.860100000000e+02) | best noise-free fitness - Fopt | measured fitness | best measured fitness | x1 | x2...
1 +8.322028849e+04 +8.322028849e+04 +8.360629849e+04 +8.360629849e+04 -4.7518e+00 +3.4190e+00 +4.9726e+00 +7.8123e-02 +4.9552e+00
3 +3.770428533e+04 +3.770428533e+04 +3.809029533e+04 +3.809029533e+04 +1.6766e-01 -2.2473e+00 +3.4143e+00 -1.9282e+00 +2.0343e+00
4 +3.891642121e+03 +3.891642121e+03 +4.277652121e+03 +4.277652121e+03 +3.4351e+00 -4.2410e+00 -2.1758e+00 +2.0232e+00 +1.7815e+00
8 +1.467216152e+03 +1.467216152e+03 +1.853226152e+03 +1.853226152e+03 -1.4197e-01 +1.5159e+00 -1.6019e+00 -4.0518e-01 +2.8696e+00
105 +2.169697734e+02 +2.169697734e+02 +6.029797734e+02 +6.029797734e+02 +2.6809e+00 -1.3116e+00 -2.9233e-01 +2.1143e+00 +4.2302e-01
233 +4.342898043e+00 +4.342898043e+00 +3.903528980e+02 +3.903528980e+02 -4.6244e-01 -2.1464e+00 -1.2051e+00 +6.4910e-01 +1.3091e+00
253 +3.670852202e+00 +3.670852202e+00 +3.896808522e+02 +3.896808522e+02 -2.3859e+00 -7.0682e-01 -1.1665e+00 +2.4207e+00 +1.4435e+00
556 +2.508645838e+00 +2.508645838e+00 +3.885186458e+02 +3.885186458e+02 -6.3453e-01 -1.2709e+00 -1.6766e+00 +7.2187e-01 +1.3301e+00
3323 +1.500528488e+00 +1.500528488e+00 +3.875105285e+02 +3.875105285e+02 -1.4393e+00 -3.0266e+00 -1.8385e+00 +8.0788e-01 +2.4137e+00
8175 +8.613949421e-01 +8.613949421e-01 +3.868713949e+02 +3.868713949e+02 +2.1578e+00 -2.0750e+00 -2.0930e+00 +8.9153e-01 +2.4141e+00
10368 +3.533615347e-01 +3.533615347e-01 +3.863633615e+02 +3.863633615e+02 +2.0872e+00 -2.0684e+00 -2.1636e+00 +2.0249e+00 +2.1372e+00
10827 +2.241542456e-01 +2.241542456e-01 +3.862341542e+02 +3.862341542e+02 +2.0101e+00 -2.0886e+00 -2.1328e+00 +2.0805e+00 +2.0839e+00
10959 +1.508485076e-01 +1.508485076e-01 +3.861608485e+02 +3.861608485e+02 +2.0826e+00 -2.0998e+00 -2.0502e+00 +2.1400e+00 +2.0817e+00
11070 +1.062532813e-02 +1.062532813e-02 +3.860206253e+02 +3.860206253e+02 +2.1003e+00 -2.1281e+00 -2.0927e+00 +2.1102e+00 +2.1041e+00
11830 +5.517737502e-03 +5.517737502e-03 +3.860155177e+02 +3.860155177e+02 +2.0994e+00 -2.1139e+00 -2.1013e+00 +2.0991e+00 +2.1103e+00
12104 +3.605404495e-03 +3.605404495e-03 +3.860136054e+02 +3.860136054e+02 +2.1068e+00 -2.1116e+00 -2.0966e+00 +2.1056e+00 +2.1081e+00
12179 +1.183258225e-03 +1.183258225e-03 +3.860111833e+02 +3.860111833e+02 +2.1078e+00 -2.1091e+00 -2.1051e+00 +2.1051e+00 +2.1023e+00
12250 +1.618909479e-04 +1.618909479e-04 +3.860101619e+02 +3.860101619e+02 +2.1056e+00 -2.1059e+00 -2.1029e+00 +2.1060e+00 +2.1043e+00
12661 +1.309336433e-04 +1.309336433e-04 +3.860101309e+02 +3.860101309e+02 +2.1044e+00 -2.1043e+00 -2.1033e+00 +2.1050e+00 +2.1043e+00
12832 +9.253500446e-05 +9.253500446e-05 +3.860100925e+02 +3.860100925e+02 +2.1053e+00 -2.1058e+00 -2.1049e+00 +2.1043e+00 +2.1043e+00
12997 +1.784800213e-05 +1.784800213e-05 +3.860100178e+02 +3.860100178e+02 +2.1040e+00 -2.1055e+00 -2.1048e+00 +2.1052e+00 +2.1046e+00
13358 +5.342978739e-06 +5.342978739e-06 +3.860100053e+02 +3.860100053e+02 +2.1048e+00 -2.1052e+00 -2.1046e+00 +2.1050e+00 +2.1050e+00
13701 +2.453227125e-06 +2.453227125e-06 +3.860100025e+02 +3.860100025e+02 +2.1048e+00 -2.1052e+00 -2.1048e+00 +2.1048e+00 +2.1049e+00
13956 +8.833522998e-07 +8.833522998e-07 +3.860100009e+02 +3.860100009e+02 +2.1048e+00 -2.1048e+00 -2.1048e+00 +2.1050e+00 +2.1048e+00
14040 +5.781217283e-07 +5.781217283e-07 +3.860100006e+02 +3.860100006e+02 +2.1049e+00 -2.1047e+00 -2.1048e+00 +2.1048e+00 +2.1048e+00
14228 +2.849910743e-07 +2.849910743e-07 +3.860100003e+02 +3.860100003e+02 +2.1048e+00 -2.1049e+00 -2.1048e+00 +2.1049e+00 +2.1048e+00
14303 +1.016404099e-07 +1.016404099e-07 +3.860100001e+02 +3.860100001e+02 +2.1048e+00 -2.1048e+00 -2.1048e+00 +2.1048e+00 +2.1048e+00
14510 +8.725118050e-08 +8.725118050e-08 +3.860100001e+02 +3.860100001e+02 +2.1048e+00 -2.1048e+00 -2.1049e+00 +2.1048e+00 +2.1048e+00
14580 +3.657652314e-08 +3.657652314e-08 +3.860100000e+02 +3.860100000e+02 +2.1049e+00 -2.1049e+00 -2.1048e+00 +2.1048e+00 +2.1048e+00
15038 +2.275618272e-08 +2.275618272e-08 +3.860100000e+02 +3.860100000e+02 +2.1048e+00 -2.1048e+00 -2.1048e+00 +2.1049e+00 +2.1048e+00
15088 +1.064495336e-08 +1.064495336e-08 +3.860100000e+02 +3.860100000e+02 +2.1048e+00 -2.1048e+00 -2.1048e+00 +2.1049e+00 +2.1048e+00
15147 +9.507118648e-09 +9.507118648e-09 +3.860100000e+02 +3.860100000e+02 +2.1048e+00 -2.1048e+00 -2.1049e+00 +2.1048e+00 +2.1048e+00
% function evaluation | noise-free fitness - Fopt (-1.257000000000e+01) | best noise-free fitness - Fopt | measured fitness | best measured fitness | x1 | x2...
1 +5.201672206e+04 +5.201672206e+04 +5.200415206e+04 +5.200415206e+04 -4.7518e+00 +3.4190e+00 +4.9726e+00 +7.8123e-02 +4.9552e+00
2 +3.456941142e+04 +3.456941142e+04 +3.455684142e+04 +3.455684142e+04 -3.2494e+00 +1.4763e+00 +3.9039e+00 -4.0982e+00 -1.9670e+00
3 +2.178081842e+04 +2.178081842e+04 +2.176824842e+04 +2.176824842e+04 +1.6766e-01 -2.2473e+00 +3.4143e+00 -1.9282e+00 +2.0343e+00
4 +1.559533546e+04 +1.559533546e+04 +1.558276546e+04 +1.558276546e+04 +3.4351e+00 -4.2410e+00 -2.1758e+00 +2.0232e+00 +1.7815e+00
7 +7.238737215e+03 +7.238737215e+03 +7.226167215e+03 +7.226167215e+03 -1.1039e+00 -2.1638e+00 +6.6075e-02 -3.5801e+00 +2.7993e+00
8 +1.892726346e+02 +1.892726346e+02 +1.767026346e+02 +1.767026346e+02 -1.4197e-01 +1.5159e+00 -1.6019e+00 -4.0518e-01 +2.8696e+00
89 +5.240433784e+00 +5.240433784e+00 -7.329566216e+00 -7.329566216e+00 -3.6840e-01 +3.4560e-01 -1.4797e+00 -1.6513e+00 +1.2060e+00
175 +3.125000129e+00 +3.125000129e+00 -9.444999871e+00 -9.444999871e+00 -1.3525e+00 +1.6774e+00 -1.0551e+00 -1.6571e+00 +1.0928e+00
508 +2.505761320e+00 +2.505761320e+00 -1.006423868e+01 -1.006423868e+01 +8.6560e-01 -4.1365e-01 -2.7418e+00 -6.7223e-01 +1.3056e+00
7154 +1.474416807e+00 +1.474416807e+00 -1.109558319e+01 -1.109558319e+01 -3.5286e-01 +2.7071e+00 -1.3122e+00 -2.3310e+00 +2.0426e+00
38947 +9.583273808e-01 +9.583273808e-01 -1.161167262e+01 -1.161167262e+01 +2.1012e+00 +2.0742e+00 -2.1663e+00 -4.9714e-01 +2.4431e+00
45426 +5.706857606e-01 +5.706857606e-01 -1.199931424e+01 -1.199931424e+01 +2.0952e+00 +2.1763e+00 -2.0930e+00 -1.6201e+00 +2.2247e+00
62114 +3.691694361e-01 +3.691694361e-01 -1.220083056e+01 -1.220083056e+01 +2.1615e+00 +2.0952e+00 -2.1247e+00 -2.0904e+00 +2.0495e+00
64125 +2.130246033e-01 +2.130246033e-01 -1.235697540e+01 -1.235697540e+01 +2.0959e+00 +2.1268e+00 -2.1187e+00 -2.0909e+00 +2.1520e+00
64785 +6.529187307e-02 +6.529187307e-02 -1.250470813e+01 -1.250470813e+01 +2.0744e+00 +2.1142e+00 -2.0972e+00 -2.1253e+00 +2.1185e+00
65947 +2.899381954e-02 +2.899381954e-02 -1.254100618e+01 -1.254100618e+01 +2.0662e+00 +2.1184e+00 -2.1073e+00 -2.1053e+00 +2.1159e+00
65975 +2.434350990e-02 +2.434350990e-02 -1.254565649e+01 -1.254565649e+01 +2.1079e+00 +2.0993e+00 -2.0821e+00 -2.1193e+00 +2.1043e+00
66324 +6.424534743e-03 +6.424534743e-03 -1.256357547e+01 -1.256357547e+01 +2.0988e+00 +2.0890e+00 -2.1081e+00 -2.1072e+00 +2.1051e+00
66507 +6.200053351e-03 +6.200053351e-03 -1.256379995e+01 -1.256379995e+01 +2.1108e+00 +2.0966e+00 -2.1174e+00 -2.0970e+00 +2.1053e+00
67028 +2.864972995e-03 +2.864972995e-03 -1.256713503e+01 -1.256713503e+01 +2.1054e+00 +2.0977e+00 -2.1029e+00 -2.1017e+00 +2.1028e+00
67093 +2.248788700e-03 +2.248788700e-03 -1.256775121e+01 -1.256775121e+01 +2.1042e+00 +2.0975e+00 -2.1088e+00 -2.1052e+00 +2.1016e+00
67269 +9.267825449e-04 +9.267825449e-04 -1.256907322e+01 -1.256907322e+01 +2.1044e+00 +2.1073e+00 -2.0996e+00 -2.1046e+00 +2.1049e+00
67474 +2.600955502e-04 +2.600955502e-04 -1.256973990e+01 -1.256973990e+01 +2.1043e+00 +2.1052e+00 -2.1044e+00 -2.1029e+00 +2.1051e+00
67577 +1.287337869e-04 +1.287337869e-04 -1.256987127e+01 -1.256987127e+01 +2.1052e+00 +2.1039e+00 -2.1034e+00 -2.1052e+00 +2.1052e+00
68183 +4.081337581e-05 +4.081337581e-05 -1.256995919e+01 -1.256995919e+01 +2.1050e+00 +2.1060e+00 -2.1045e+00 -2.1053e+00 +2.1049e+00
68212 +2.972630212e-05 +2.972630212e-05 -1.256997027e+01 -1.256997027e+01 +2.1040e+00 +2.1060e+00 -2.1041e+00 -2.1051e+00 +2.1049e+00
69096 +1.596727847e-05 +1.596727847e-05 -1.256998403e+01 -1.256998403e+01 +2.1049e+00 +2.1055e+00 -2.1047e+00 -2.1047e+00 +2.1046e+00
69170 +9.087866799e-06 +9.087866799e-06 -1.256999091e+01 -1.256999091e+01 +2.1046e+00 +2.1051e+00 -2.1052e+00 -2.1048e+00 +2.1047e+00
69357 +5.832684536e-06 +5.832684536e-06 -1.256999417e+01 -1.256999417e+01 +2.1051e+00 +2.1046e+00 -2.1052e+00 -2.1049e+00 +2.1049e+00
69544 +2.600925065e-06 +2.600925065e-06 -1.256999740e+01 -1.256999740e+01 +2.1047e+00 +2.1046e+00 -2.1050e+00 -2.1048e+00 +2.1048e+00
69753 +8.745776139e-07 +8.745776139e-07 -1.256999913e+01 -1.256999913e+01 +2.1047e+00 +2.1048e+00 -2.1050e+00 -2.1048e+00 +2.1049e+00
70391 +2.136496082e-07 +2.136496082e-07 -1.256999979e+01 -1.256999979e+01 +2.1049e+00 +2.1048e+00 -2.1049e+00 -2.1048e+00 +2.1049e+00
70425 +1.385845714e-07 +1.385845714e-07 -1.256999986e+01 -1.256999986e+01 +2.1049e+00 +2.1049e+00 -2.1048e+00 -2.1049e+00 +2.1048e+00
70635 +8.312689026e-08 +8.312689026e-08 -1.256999992e+01 -1.256999992e+01 +2.1048e+00 +2.1048e+00 -2.1048e+00 -2.1049e+00 +2.1048e+00
71048 +5.723668473e-08 +5.723668473e-08 -1.256999994e+01 -1.256999994e+01 +2.1048e+00 +2.1048e+00 -2.1048e+00 -2.1048e+00 +2.1048e+00
71050 +2.100614260e-08 +2.100614260e-08 -1.256999998e+01 -1.256999998e+01 +2.1048e+00 +2.1048e+00 -2.1048e+00 -2.1048e+00 +2.1048e+00
71734 +1.039894393e-08 +1.039894393e-08 -1.256999999e+01 -1.256999999e+01 +2.1048e+00 +2.1049e+00 -2.1048e+00 -2.1048e+00 +2.1048e+00
71782 +4.374401286e-09 +4.374401286e-09 -1.257000000e+01 -1.257000000e+01 +2.1048e+00 +2.1049e+00 -2.1049e+00 -2.1048e+00 +2.1048e+00
% function evaluation | noise-free fitness - Fopt (-1.270400000000e+02) | best noise-free fitness - Fopt | measured fitness | best measured fitness | x1 | x2...
1 +1.548239117e+05 +1.548239117e+05 +1.546968717e+05 +1.546968717e+05 -4.7518e+00 +3.4190e+00 +4.9726e+00 +7.8123e-02 +4.9552e+00
2 +3.370511785e+04 +3.370511785e+04 +3.357807785e+04 +3.357807785e+04 -3.2494e+00 +1.4763e+00 +3.9039e+00 -4.0982e+00 -1.9670e+00
5 +1.172685836e+04 +1.172685836e+04 +1.159981836e+04 +1.159981836e+04 +2.1706e-01 -2.1019e+00 -3.4714e+00 +3.3948e+00 -2.2359e+00
10 +4.291300831e+03 +4.291300831e+03 +4.164260831e+03 +4.164260831e+03 +3.1732e-01 -3.4667e+00 +6.8246e-01 -6.9552e-01 -3.3823e+00
11 +2.705819138e+03 +2.705819138e+03 +2.578779138e+03 +2.578779138e+03 -2.5413e+00 +2.1374e-02 -5.8656e-01 +5.2793e-01 -3.3948e-01
57 +3.995667304e+02 +3.995667304e+02 +2.725267304e+02 +2.725267304e+02 +2.8762e+00 +7.2492e-01 +1.4169e+00 +1.2705e+00 -7.3011e-01
61 +1.376478498e+02 +1.376478498e+02 +1.060784984e+01 +1.060784984e+01 -3.0710e+00 -1.6968e+00 +1.7457e+00 +1.9006e+00 -6.7206e-01
173 +4.464121762e+00 +4.464121762e+00 -1.225758782e+02 -1.225758782e+02 -1.1705e+00 -1.2469e+00 +8.2418e-01 +2.2307e+00 -1.2651e+00
262 +3.665434597e+00 +3.665434597e+00 -1.233745654e+02 -1.233745654e+02 +3.4619e-01 -1.7240e+00 +6.2430e-01 +1.0537e+00 -2.0399e+00
510 +2.311618925e+00 +2.311618925e+00 -1.247283811e+02 -1.247283811e+02 -5.0009e-01 -2.5274e+00 +3.6826e-02 +1.6830e+00 -2.2523e+00
808 +1.514634915e+00 +1.514634915e+00 -1.255253651e+02 -1.255253651e+02 -1.0228e+00 -2.3067e+00 +2.1127e-02 +1.1119e+00 -2.2762e+00
12216 +8.830177529e-01 +8.830177529e-01 -1.261569822e+02 -1.261569822e+02 -1.9709e+00 -2.1672e+00 +1.2587e-01 +1.0460e+00 -2.3536e+00
17357 +6.142605722e-01 +6.142605722e-01 -1.264257394e+02 -1.264257394e+02 -2.1242e+00 -2.0447e+00 +1.0157e-01 +1.0815e+00 -2.3332e+00
% function evaluation | noise-free fitness - Fopt (-3.752000000000e+01) | best noise-free fitness - Fopt | measured fitness | best measured fitness | x1 | x2...
1 +8.322028849e+04 +8.322028849e+04 +8.318276849e+04 +8.318276849e+04 -4.7518e+00 +3.4190e+00 +4.9726e+00 +7.8123e-02 +4.9552e+00
3 +3.770428533e+04 +3.770428533e+04 +3.766676533e+04 +3.766676533e+04 +1.6766e-01 -2.2473e+00 +3.4143e+00 -1.9282e+00 +2.0343e+00
4 +3.891642121e+03 +3.891642121e+03 +3.854122121e+03 +3.854122121e+03 +3.4351e+00 -4.2410e+00 -2.1758e+00 +2.0232e+00 +1.7815e+00
8 +1.467216152e+03 +1.467216152e+03 +1.429696152e+03 +1.429696152e+03 -1.4197e-01 +1.5159e+00 -1.6019e+00 -4.0518e-01 +2.8696e+00
105 +2.169697734e+02 +2.169697734e+02 +1.794497734e+02 +1.794497734e+02 +2.6809e+00 -1.3116e+00 -2.9233e-01 +2.1143e+00 +4.2302e-01
233 +4.342898043e+00 +4.342898043e+00 -3.317710196e+01 -3.317710196e+01 -4.6244e-01 -2.1464e+00 -1.2051e+00 +6.4910e-01 +1.3091e+00
253 +3.670852202e+00 +3.670852202e+00 -3.384914780e+01 -3.384914780e+01 -2.3859e+00 -7.0682e-01 -1.1665e+00 +2.4207e+00 +1.4435e+00
556 +2.508645838e+00 +2.508645838e+00 -3.501135416e+01 -3.501135416e+01 -6.3453e-01 -1.2709e+00 -1.6766e+00 +7.2187e-01 +1.3301e+00
3323 +1.500528488e+00 +1.500528488e+00 -3.601947151e+01 -3.601947151e+01 -1.4393e+00 -3.0266e+00 -1.8385e+00 +8.0788e-01 +2.4137e+00
8175 +8.613949421e-01 +8.613949421e-01 -3.665860506e+01 -3.665860506e+01 +2.1578e+00 -2.0750e+00 -2.0930e+00 +8.9153e-01 +2.4141e+00
10368 +3.533615347e-01 +3.533615347e-01 -3.716663847e+01 -3.716663847e+01 +2.0872e+00 -2.0684e+00 -2.1636e+00 +2.0249e+00 +2.1372e+00
10827 +2.241542456e-01 +2.241542456e-01 -3.729584575e+01 -3.729584575e+01 +2.0101e+00 -2.0886e+00 -2.1328e+00 +2.0805e+00 +2.0839e+00
10959 +1.508485076e-01 +1.508485076e-01 -3.736915149e+01 -3.736915149e+01 +2.0826e+00 -2.0998e+00 -2.0502e+00 +2.1400e+00 +2.0817e+00
11070 +1.062532813e-02 +1.062532813e-02 -3.750937467e+01 -3.750937467e+01 +2.1003e+00 -2.1281e+00 -2.0927e+00 +2.1102e+00 +2.1041e+00
11830 +5.517737502e-03 +5.517737502e-03 -3.751448226e+01 -3.751448226e+01 +2.0994e+00 -2.1139e+00 -2.1013e+00 +2.0991e+00 +2.1103e+00
12104 +3.605404495e-03 +3.605404495e-03 -3.751639460e+01 -3.751639460e+01 +2.1068e+00 -2.1116e+00 -2.0966e+00 +2.1056e+00 +2.1081e+00
12179 +1.183258225e-03 +1.183258225e-03 -3.751881674e+01 -3.751881674e+01 +2.1078e+00 -2.1091e+00 -2.1051e+00 +2.1051e+00 +2.1023e+00
12250 +1.618909480e-04 +1.618909480e-04 -3.751983811e+01 -3.751983811e+01 +2.1056e+00 -2.1059e+00 -2.1029e+00 +2.1060e+00 +2.1043e+00
12661 +1.309336433e-04 +1.309336433e-04 -3.751986907e+01 -3.751986907e+01 +2.1044e+00 -2.1043e+00 -2.1033e+00 +2.1050e+00 +2.1043e+00
12832 +9.253500445e-05 +9.253500445e-05 -3.751990746e+01 -3.751990746e+01 +2.1053e+00 -2.1058e+00 -2.1049e+00 +2.1043e+00 +2.1043e+00
12997 +1.784800213e-05 +1.784800213e-05 -3.751998215e+01 -3.751998215e+01 +2.1040e+00 -2.1055e+00 -2.1048e+00 +2.1052e+00 +2.1046e+00
13358 +5.342978753e-06 +5.342978753e-06 -3.751999466e+01 -3.751999466e+01 +2.1048e+00 -2.1052e+00 -2.1046e+00 +2.1050e+00 +2.1050e+00
13701 +2.453227118e-06 +2.453227118e-06 -3.751999755e+01 -3.751999755e+01 +2.1048e+00 -2.1052e+00 -2.1048e+00 +2.1048e+00 +2.1049e+00
13956 +8.833522998e-07 +8.833522998e-07 -3.751999912e+01 -3.751999912e+01 +2.1048e+00 -2.1048e+00 -2.1048e+00 +2.1050e+00 +2.1048e+00
14040 +5.781217283e-07 +5.781217283e-07 -3.751999942e+01 -3.751999942e+01 +2.1049e+00 -2.1047e+00 -2.1048e+00 +2.1048e+00 +2.1048e+00
14228 +2.849910814e-07 +2.849910814e-07 -3.751999972e+01 -3.751999972e+01 +2.1048e+00 -2.1049e+00 -2.1048e+00 +2.1049e+00 +2.1048e+00
14303 +1.016404099e-07 +1.016404099e-07 -3.751999990e+01 -3.751999990e+01 +2.1048e+00 -2.1048e+00 -2.1048e+00 +2.1048e+00 +2.1048e+00
14510 +8.725118050e-08 +8.725118050e-08 -3.751999991e+01 -3.751999991e+01 +2.1048e+00 -2.1048e+00 -2.1049e+00 +2.1048e+00 +2.1048e+00
14580 +3.657652314e-08 +3.657652314e-08 -3.751999996e+01 -3.751999996e+01 +2.1049e+00 -2.1049e+00 -2.1048e+00 +2.1048e+00 +2.1048e+00
15038 +2.275618982e-08 +2.275618982e-08 -3.751999998e+01 -3.751999998e+01 +2.1048e+00 -2.1048e+00 -2.1048e+00 +2.1049e+00 +2.1048e+00
15088 +1.064497468e-08 +1.064497468e-08 -3.751999999e+01 -3.751999999e+01 +2.1048e+00 -2.1048e+00 -2.1048e+00 +2.1049e+00 +2.1048e+00
15147 +9.507147070e-09 +9.507147070e-09 -3.751999999e+01 -3.751999999e+01 +2.1048e+00 -2.1048e+00 -2.1049e+00 +2.1048e+00 +2.1048e+00
% function evaluation | noise-free fitness - Fopt (-3.311600000000e+02) | best noise-free fitness - Fopt | measured fitness | best measured fitness | x1 | x2...
1 +8.322028849e+04 +8.322028849e+04 +8.288912849e+04 +8.288912849e+04 -4.7518e+00 +3.4190e+00 +4.9726e+00 +7.8123e-02 +4.9552e+00
3 +3.770428533e+04 +3.770428533e+04 +3.737312533e+04 +3.737312533e+04 +1.6766e-01 -2.2473e+00 +3.4143e+00 -1.9282e+00 +2.0343e+00
4 +3.891642121e+03 +3.891642121e+03 +3.560482121e+03 +3.560482121e+03 +3.4351e+00 -4.2410e+00 -2.1758e+00 +2.0232e+00 +1.7815e+00
8 +1.467216152e+03 +1.467216152e+03 +1.136056152e+03 +1.136056152e+03 -1.4197e-01 +1.5159e+00 -1.6019e+00 -4.0518e-01 +2.8696e+00
105 +2.169697734e+02 +2.169697734e+02 -1.141902266e+02 -1.141902266e+02 +2.6809e+00 -1.3116e+00 -2.9233e-01 +2.1143e+00 +4.2302e-01
233 +4.342898043e+00 +4.342898043e+00 -3.268171020e+02 -3.268171020e+02 -4.6244e-01 -2.1464e+00 -1.2051e+00 +6.4910e-01 +1.3091e+00
253 +3.670852202e+00 +3.670852202e+00 -3.274891478e+02 -3.274891478e+02 -2.3859e+00 -7.0682e-01 -1.1665e+00 +2.4207e+00 +1.4435e+00
556 +2.508645838e+00 +2.508645838e+00 -3.286513542e+02 -3.286513542e+02 -6.3453e-01 -1.2709e+00 -1.6766e+00 +7.2187e-01 +1.3301e+00
3323 +1.500528488e+00 +1.500528488e+00 -3.296594715e+02 -3.296594715e+02 -1.4393e+00 -3.0266e+00 -1.8385e+00 +8.0788e-01 +2.4137e+00
8175 +8.613949421e-01 +8.613949421e-01 -3.302986051e+02 -3.302986051e+02 +2.1578e+00 -2.0750e+00 -2.0930e+00 +8.9153e-01 +2.4141e+00
10368 +3.533615347e-01 +3.533615347e-01 -3.308066385e+02 -3.308066385e+02 +2.0872e+00 -2.0684e+00 -2.1636e+00 +2.0249e+00 +2.1372e+00
10827 +2.241542456e-01 +2.241542456e-01 -3.309358458e+02 -3.309358458e+02 +2.0101e+00 -2.0886e+00 -2.1328e+00 +2.0805e+00 +2.0839e+00
10959 +1.508485076e-01 +1.508485076e-01 -3.310091515e+02 -3.310091515e+02 +2.0826e+00 -2.0998e+00 -2.0502e+00 +2.1400e+00 +2.0817e+00
11070 +1.062532813e-02 +1.062532813e-02 -3.311493747e+02 -3.311493747e+02 +2.1003e+00 -2.1281e+00 -2.0927e+00 +2.1102e+00 +2.1041e+00
11830 +5.517737502e-03 +5.517737502e-03 -3.311544823e+02 -3.311544823e+02 +2.0994e+00 -2.1139e+00 -2.1013e+00 +2.0991e+00 +2.1103e+00
12104 +3.605404495e-03 +3.605404495e-03 -3.311563946e+02 -3.311563946e+02 +2.1068e+00 -2.1116e+00 -2.0966e+00 +2.1056e+00 +2.1081e+00
12179 +1.183258225e-03 +1.183258225e-03 -3.311588167e+02 -3.311588167e+02 +2.1078e+00 -2.1091e+00 -2.1051e+00 +2.1051e+00 +2.1023e+00
12250 +1.618909479e-04 +1.618909479e-04 -3.311598381e+02 -3.311598381e+02 +2.1056e+00 -2.1059e+00 -2.1029e+00 +2.1060e+00 +2.1043e+00
12661 +1.309336433e-04 +1.309336433e-04 -3.311598691e+02 -3.311598691e+02 +2.1044e+00 -2.1043e+00 -2.1033e+00 +2.1050e+00 +2.1043e+00
12832 +9.253500446e-05 +9.253500446e-05 -3.311599075e+02 -3.311599075e+02 +2.1053e+00 -2.1058e+00 -2.1049e+00 +2.1043e+00 +2.1043e+00
12997 +1.784800213e-05 +1.784800213e-05 -3.311599822e+02 -3.311599822e+02 +2.1040e+00 -2.1055e+00 -2.1048e+00 +2.1052e+00 +2.1046e+00
13358 +5.342978739e-06 +5.342978739e-06 -3.311599947e+02 -3.311599947e+02 +2.1048e+00 -2.1052e+00 -2.1046e+00 +2.1050e+00 +2.1050e+00
13701 +2.453227125e-06 +2.453227125e-06 -3.311599975e+02 -3.311599975e+02 +2.1048e+00 -2.1052e+00 -2.1048e+00 +2.1048e+00 +2.1049e+00
13956 +8.833522998e-07 +8.833522998e-07 -3.311599991e+02 -3.311599991e+02 +2.1048e+00 -2.1048e+00 -2.1048e+00 +2.1050e+00 +2.1048e+00
14040 +5.781217283e-07 +5.781217283e-07 -3.311599994e+02 -3.311599994e+02 +2.1049e+00 -2.1047e+00 -2.1048e+00 +2.1048e+00 +2.1048e+00
14228 +2.849910743e-07 +2.849910743e-07 -3.311599997e+02 -3.311599997e+02 +2.1048e+00 -2.1049e+00 -2.1048e+00 +2.1049e+00 +2.1048e+00
14303 +1.016404099e-07 +1.016404099e-07 -3.311599999e+02 -3.311599999e+02 +2.1048e+00 -2.1048e+00 -2.1048e+00 +2.1048e+00 +2.1048e+00
14510 +8.725118050e-08 +8.725118050e-08 -3.311599999e+02 -3.311599999e+02 +2.1048e+00 -2.1048e+00 -2.1049e+00 +2.1048e+00 +2.1048e+00
14580 +3.657652314e-08 +3.657652314e-08 -3.311600000e+02 -3.311600000e+02 +2.1049e+00 -2.1049e+00 -2.1048e+00 +2.1048e+00 +2.1048e+00
15038 +2.275618272e-08 +2.275618272e-08 -3.311600000e+02 -3.311600000e+02 +2.1048e+00 -2.1048e+00 -2.1048e+00 +2.1049e+00 +2.1048e+00
15088 +1.064495336e-08 +1.064495336e-08 -3.311600000e+02 -3.311600000e+02 +2.1048e+00 -2.1048e+00 -2.1048e+00 +2.1049e+00 +2.1048e+00
15147 +9.507118648e-09 +9.507118648e-09 -3.311600000e+02 -3.311600000e+02 +2.1048e+00 -2.1048e+00 -2.1049e+00 +2.1048e+00 +2.1048e+00
% function evaluation | noise-free fitness - Fopt (4.481000000000e+01) | best noise-free fitness - Fopt | measured fitness | best measured fitness | x1 | x2...
1 +3.491955339e+04 +3.491955339e+04 +3.496436339e+04 +3.496436339e+04 -4.7518e+00 +3.4190e+00 +4.9726e+00 +7.8123e-02 +4.9552e+00
3 +8.529484769e+03 +8.529484769e+03 +8.574294769e+03 +8.574294769e+03 +1.6766e-01 -2.2473e+00 +3.4143e+00 -1.9282e+00 +2.0343e+00
17 +2.955450182e+03 +2.955450182e+03 +3.000260182e+03 +3.000260182e+03 +4.6832e+00 -8.2328e-01 +2.1835e-01 +1.3382e+00 +7.0815e-01
116 +2.076920334e+03 +2.076920334e+03 +2.121730334e+03 +2.121730334e+03 -1.1412e-01 +4.3507e+00 +8.1354e-02 +3.2585e+00 +2.4473e-01
139 +3.837879350e+02 +3.837879350e+02 +4.285979350e+02 +4.285979350e+02 +2.6463e+00 +1.7034e+00 +2.3085e+00 +2.6283e+00 +1.8873e+00
218 +1.178278923e+01 +1.178278923e+01 +5.659278923e+01 +5.659278923e+01 -3.9694e-03 +3.0281e+00 +7.2601e-03 +1.4517e+00 +2.2070e+00
233 +5.532726879e+00 +5.532726879e+00 +5.034272688e+01 +5.034272688e+01 -7.5617e-01 -7.5586e-01 +1.9583e+00 +1.5256e+00 +1.5886e+00
312 +3.747235909e+00 +3.747235909e+00 +4.855723591e+01 +4.855723591e+01 -2.1124e+00 +2.0898e+00 +4.5727e-01 +2.0091e+00 +2.2682e+00
398 +1.885272789e+00 +1.885272789e+00 +4.669527279e+01 +4.669527279e+01 -2.1586e+00 -5.6748e-01 +7.2229e-01 +2.3508e+00 +1.3838e+00
1725 +1.366952934e+00 +1.366952934e+00 +4.617695293e+01 +4.617695293e+01 +1.5915e+00 +2.9226e+00 +1.8674e+00 +2.2298e+00 +1.1995e+00
5183 +7.888659026e-01 +7.888659026e-01 +4.559886590e+01 +4.559886590e+01 -2.0714e+00 +2.1208e+00 +1.5420e+00 +2.2382e+00 +9.1432e-01
6485 +5.717269217e-01 +5.717269217e-01 +4.538172692e+01 +4.538172692e+01 -1.9924e+00 +2.1924e+00 +2.1046e+00 +2.1515e+00 +9.3821e-01
7402 +3.619075032e-01 +3.619075032e-01 +4.517190750e+01 +4.517190750e+01 -2.0542e+00 +2.1490e+00 +2.1016e+00 +2.1057e+00 +9.3247e-01
8203 +2.508200903e-01 +2.508200903e-01 +4.506082009e+01 +4.506082009e+01 -2.0873e+00 +2.1067e+00 +2.0978e+00 +2.1179e+00 +9.5313e-01
% function evaluation | noise-free fitness - Fopt (-1.764600000000e+02) | best noise-free fitness - Fopt | measured fitness | best measured fitness | x1 | x2...
1 +5.335147393e+04 +5.335147393e+04 +5.317501393e+04 +5.317501393e+04 -4.7518e+00 +3.4190e+00 +4.9726e+00 +7.8123e-02 +4.9552e+00
4 +1.337087987e+04 +1.337087987e+04 +1.319441987e+04 +1.319441987e+04 +3.4351e+00 -4.2410e+00 -2.1758e+00 +2.0232e+00 +1.7815e+00
8 +1.087518141e+03 +1.087518141e+03 +9.110581412e+02 +9.110581412e+02 -1.4197e-01 +1.5159e+00 -1.6019e+00 -4.0518e-01 +2.8696e+00
37 +2.090369209e+00 +2.090369209e+00 -1.743696308e+02 -1.743696308e+02 -1.8942e+00 +2.1487e+00 -2.0723e+00 +1.6621e+00 +1.9817e+00
2577 +1.413426483e+00 +1.413426483e+00 -1.750465735e+02 -1.750465735e+02 -1.8464e+00 +2.1373e+00 -2.0189e+00 +2.1115e+00 +1.8045e+00
3327 +7.413339090e-01 +7.413339090e-01 -1.757186661e+02 -1.757186661e+02 -1.9761e+00 +2.0264e+00 -2.0942e+00 +2.0294e+00 +2.1073e+00
15916 +4.966823210e-01 +4.966823210e-01 -1.759633177e+02 -1.759633177e+02 -2.1895e+00 +1.9426e+00 -2.2007e+00 +2.0857e+00 +2.1103e+00
17868 +3.863356028e-01 +3.863356028e-01 -1.760736644e+02 -1.760736644e+02 -2.0581e+00 +1.9990e+00 -2.1255e+00 +2.0709e+00 +2.0841e+00
20827 +2.049774768e-01 +2.049774768e-01 -1.762550225e+02 -1.762550225e+02 -2.0650e+00 +2.0717e+00 -2.1168e+00 +2.0541e+00 +2.0999e+00
22256 +9.040482795e-02 +9.040482795e-02 -1.763695952e+02 -1.763695952e+02 -2.1782e+00 +2.0618e+00 -2.0892e+00 +2.1105e+00 +2.1091e+00
22617 +5.978036357e-02 +5.978036357e-02 -1.764002196e+02 -1.764002196e+02 -2.1404e+00 +2.1226e+00 -2.1315e+00 +2.0945e+00 +2.1125e+00
24525 +3.405123156e-02 +3.405123156e-02 -1.764259488e+02 -1.764259488e+02 -2.1006e+00 +2.0740e+00 -2.1155e+00 +2.1116e+00 +2.0930e+00
24727 +5.308602518e-03 +5.308602518e-03 -1.764546914e+02 -1.764546914e+02 -2.1201e+00 +2.1052e+00 -2.1105e+00 +2.0983e+00 +2.1076e+00
25380 +2.088101118e-03 +2.088101118e-03 -1.764579119e+02 -1.764579119e+02 -2.1048e+00 +2.1070e+00 -2.1051e+00 +2.1085e+00 +2.1073e+00
25836 +1.118670730e-03 +1.118670730e-03 -1.764588813e+02 -1.764588813e+02 -2.1011e+00 +2.0999e+00 -2.1035e+00 +2.1068e+00 +2.1043e+00
26634 +5.575769293e-04 +5.575769293e-04 -1.764594424e+02 -1.764594424e+02 -2.1045e+00 +2.1063e+00 -2.1052e+00 +2.1018e+00 +2.1059e+00
27729 +2.668546465e-04 +2.668546465e-04 -1.764597331e+02 -1.764597331e+02 -2.1047e+00 +2.1025e+00 -2.1055e+00 +2.1052e+00 +2.1060e+00
27763 +2.476786041e-04 +2.476786041e-04 -1.764597523e+02 -1.764597523e+02 -2.1067e+00 +2.1042e+00 -2.1071e+00 +2.1034e+00 +2.1047e+00
28050 +1.286922444e-04 +1.286922444e-04 -1.764598713e+02 -1.764598713e+02 -2.1041e+00 +2.1038e+00 -2.1063e+00 +2.1037e+00 +2.1055e+00
28191 +8.465408180e-05 +8.465408180e-05 -1.764599153e+02 -1.764599153e+02 -2.1062e+00 +2.1052e+00 -2.1042e+00 +2.1045e+00 +2.1055e+00
28729 +2.517288664e-05 +2.517288664e-05 -1.764599748e+02 -1.764599748e+02 -2.1059e+00 +2.1048e+00 -2.1042e+00 +2.1051e+00 +2.1048e+00
29171 +1.448154427e-05 +1.448154427e-05 -1.764599855e+02 -1.764599855e+02 -2.1046e+00 +2.1051e+00 -2.1044e+00 +2.1045e+00 +2.1050e+00
29655 +9.991565236e-06 +9.991565236e-06 -1.764599900e+02 -1.764599900e+02 -2.1055e+00 +2.1045e+00 -2.1051e+00 +2.1050e+00 +2.1049e+00
29921 +3.446299928e-06 +3.446299928e-06 -1.764599966e+02 -1.764599966e+02 -2.1050e+00 +2.1046e+00 -2.1050e+00 +2.1047e+00 +2.1050e+00
30817 +1.038139345e-06 +1.038139345e-06 -1.764599990e+02 -1.764599990e+02 -2.1049e+00 +2.1049e+00 -2.1047e+00 +2.1048e+00 +2.1049e+00
31703 +9.132927232e-07 +9.132927232e-07 -1.764599991e+02 -1.764599991e+02 -2.1050e+00 +2.1049e+00 -2.1049e+00 +2.1048e+00 +2.1049e+00
32060 +5.206011906e-07 +5.206011906e-07 -1.764599995e+02 -1.764599995e+02 -2.1049e+00 +2.1049e+00 -2.1049e+00 +2.1048e+00 +2.1049e+00
32947 +3.962557855e-07 +3.962557855e-07 -1.764599996e+02 -1.764599996e+02 -2.1049e+00 +2.1049e+00 -2.1048e+00 +2.1048e+00 +2.1049e+00
34932 +2.465802709e-07 +2.465802709e-07 -1.764599998e+02 -1.764599998e+02 -2.1049e+00 +2.1049e+00 -2.1049e+00 +2.1048e+00 +2.1049e+00
36284 +1.293091714e-07 +1.293091714e-07 -1.764599999e+02 -1.764599999e+02 -2.1049e+00 +2.1049e+00 -2.1049e+00 +2.1048e+00 +2.1049e+00
36924 +9.934140621e-08 +9.934140621e-08 -1.764599999e+02 -1.764599999e+02 -2.1049e+00 +2.1049e+00 -2.1048e+00 +2.1048e+00 +2.1049e+00
38255 +6.211604386e-08 +6.211604386e-08 -1.764599999e+02 -1.764599999e+02 -2.1049e+00 +2.1048e+00 -2.1048e+00 +2.1048e+00 +2.1048e+00
43230 +3.915505431e-08 +3.915505431e-08 -1.764600000e+02 -1.764600000e+02 -2.1048e+00 +2.1048e+00 -2.1049e+00 +2.1048e+00 +2.1048e+00
43280 +1.581636866e-08 +1.581636866e-08 -1.764600000e+02 -1.764600000e+02 -2.1049e+00 +2.1048e+00 -2.1049e+00 +2.1048e+00 +2.1048e+00
