% function evaluation | noise-free fitness - Fopt (-1.694000000000e+01) | best noise-free fitness - Fopt | measured fitness | best measured fitness | x1 | x2...
1 +5.852603203e+01 +5.852603203e+01 +4.158603203e+01 +4.158603203e+01 +1.0653e+00 +4.5534e+00
3 +1.566669467e+01 +1.566669467e+01 -1.273305332e+00 -1.273305332e+00 +1.5505e+00 +3.3627e+00
7 +4.760869831e+00 +4.760869831e+00 -1.217913017e+01 -1.217913017e+01 +3.1761e+00 +3.6158e+00
27 +3.350591142e+00 +3.350591142e+00 -1.358940886e+01 -1.358940886e+01 +2.8870e+00 +4.4246e+00
33 +2.347350281e+00 +2.347350281e+00 -1.459264972e+01 -1.459264972e+01 +3.1742e+00 +4.3039e+00
70 +1.402630194e+00 +1.402630194e+00 -1.553736981e+01 -1.553736981e+01 +3.9123e+00 +3.2416e+00
95 +8.737288424e-01 +8.737288424e-01 -1.606627116e+01 -1.606627116e+01 +3.3632e+00 +2.7959e+00
119 +2.436745719e-01 +2.436745719e-01 -1.669632543e+01 -1.669632543e+01 +3.6966e+00 +2.6840e+00
161 +9.779110039e-02 +9.779110039e-02 -1.684220890e+01 -1.684220890e+01 +3.6515e+00 +2.4720e+00
263 +5.902759170e-02 +5.902759170e-02 -1.688097241e+01 -1.688097241e+01 +3.6365e+00 +2.5374e+00
302 +3.203237938e-02 +3.203237938e-02 -1.690796762e+01 -1.690796762e+01 +3.6498e+00 +2.5805e+00
335 +1.565386494e-02 +1.565386494e-02 -1.692434614e+01 -1.692434614e+01 +3.6562e+00 +2.5569e+00
349 +9.746127906e-03 +9.746127906e-03 -1.693025387e+01 -1.693025387e+01 +3.6534e+00 +2.5503e+00
424 +3.030407396e-03 +3.030407396e-03 -1.693696959e+01 -1.693696959e+01 +3.6567e+00 +2.5467e+00
474 +1.612432894e-03 +1.612432894e-03 -1.693838757e+01 -1.693838757e+01 +3.6558e+00 +2.5496e+00
504 +1.480305742e-03 +1.480305742e-03 -1.693851969e+01 -1.693851969e+01 +3.6557e+00 +2.5496e+00
531 +4.891915444e-04 +4.891915444e-04 -1.693951081e+01 -1.693951081e+01 +3.6559e+00 +2.5498e+00
583 +3.239745691e-04 +3.239745691e-04 -1.693967603e+01 -1.693967603e+01 +3.6559e+00 +2.5496e+00
602 +2.468735797e-04 +2.468735797e-04 -1.693975313e+01 -1.693975313e+01 +3.6559e+00 +2.5498e+00
733 +6.316539386e-05 +6.316539386e-05 -1.693993683e+01 -1.693993683e+01 +3.6560e+00 +2.5496e+00
763 +3.325676929e-05 +3.325676929e-05 -1.693996674e+01 -1.693996674e+01 +3.6560e+00 +2.5496e+00
2586 +6.611998543e-06 +6.611998543e-06 -1.693999339e+01 -1.693999339e+01 +3.6560e+00 +2.5496e+00
2611 +5.732706466e-06 +5.732706466e-06 -1.693999427e+01 -1.693999427e+01 +3.6560e+00 +2.5496e+00
2666 +7.978465213e-07 +7.978465213e-07 -1.693999920e+01 -1.693999920e+01 +3.6560e+00 +2.5496e+00
2755 +5.092338498e-07 +5.092338498e-07 -1.693999949e+01 -1.693999949e+01 +3.6560e+00 +2.5496e+00
2789 +3.594143294e-07 +3.594143294e-07 -1.693999964e+01 -1.693999964e+01 +3.6560e+00 +2.5496e+00
2802 +1.551420397e-07 +1.551420397e-07 -1.693999984e+01 -1.693999984e+01 +3.6560e+00 +2.5496e+00
2888 +5.494095845e-08 +5.494095845e-08 -1.693999995e+01 -1.693999995e+01 +3.6560e+00 +2.5496e+00
2917 +1.399199689e-08 +1.399199689e-08 -1.693999999e+01 -1.693999999e+01 +3.6560e+00 +2.5496e+00
2951 +9.913922128e-09 +9.913922128e-09 -1.693999999e+01 -1.693999999e+01 +3.6560e+00 +2.5496e+00
% function evaluation | noise-free fitness - Fopt (1.881000000000e+01) | best noise-free fitness - Fopt | measured fitness | best measured fitness | x1 | x2...
1 +7.297944221e+01 +7.297944221e+01 +9.178944221e+01 +9.178944221e+01 -8.0633e-01 -4.9112e+00
2 +2.714878008e+01 +2.714878008e+01 +4.595878008e+01 +4.595878008e+01 -4.8210e+00 -4.5074e-01
5 +8.502394948e+00 +8.502394948e+00 +2.731239495e+01 +2.731239495e+01 -3.3514e+00 +1.0283e+00
7 +4.777329705e+00 +4.777329705e+00 +2.358732970e+01 +2.358732970e+01 -2.3367e+00 +1.4285e+00
23 +3.653658269e+00 +3.653658269e+00 +2.246365827e+01 +2.246365827e+01 -2.4197e-01 +2.3312e+00
46 +1.936847909e+00 +1.936847909e+00 +2.074684791e+01 +2.074684791e+01 -1.4287e-01 +1.5475e+00
57 +4.895065967e-01 +4.895065967e-01 +1.929950660e+01 +1.929950660e+01 -3.0142e-02 +1.7696e+00
102 +2.643693277e-01 +2.643693277e-01 +1.907436933e+01 +1.907436933e+01 -1.9109e-01 +1.7020e+00
124 +7.271722761e-02 +7.271722761e-02 +1.888271723e+01 +1.888271723e+01 -1.4287e-01 +1.7727e+00
174 +6.026194732e-02 +6.026194732e-02 +1.887026195e+01 +1.887026195e+01 -1.7596e-01 +1.7978e+00
201 +3.195421752e-02 +3.195421752e-02 +1.884195422e+01 +1.884195422e+01 -1.5010e-01 +1.7731e+00
205 +1.101718188e-02 +1.101718188e-02 +1.882101718e+01 +1.882101718e+01 -1.8388e-01 +1.7818e+00
231 +7.600021972e-03 +7.600021972e-03 +1.881760002e+01 +1.881760002e+01 -1.8240e-01 +1.7796e+00
296 +6.071930906e-03 +6.071930906e-03 +1.881607193e+01 +1.881607193e+01 -1.8951e-01 +1.7808e+00
310 +1.023939391e-03 +1.023939391e-03 +1.881102394e+01 +1.881102394e+01 -1.9186e-01 +1.7811e+00
389 +6.075843111e-05 +6.075843111e-05 +1.881006076e+01 +1.881006076e+01 -1.9121e-01 +1.7808e+00
513 +3.500015148e-05 +3.500015148e-05 +1.881003500e+01 +1.881003500e+01 -1.9123e-01 +1.7808e+00
697 +1.205818391e-05 +1.205818391e-05 +1.881001206e+01 +1.881001206e+01 -1.9120e-01 +1.7808e+00
795 +9.709220823e-06 +9.709220823e-06 +1.881000971e+01 +1.881000971e+01 -1.9120e-01 +1.7808e+00
799 +9.189920362e-07 +9.189920362e-07 +1.881000092e+01 +1.881000092e+01 -1.9120e-01 +1.7808e+00
985 +4.774510707e-07 +4.774510707e-07 +1.881000048e+01 +1.881000048e+01 -1.9120e-01 +1.7808e+00
1056 +2.122139833e-07 +2.122139833e-07 +1.881000021e+01 +1.881000021e+01 -1.9120e-01 +1.7808e+00
1103 +1.358702839e-07 +1.358702839e-07 +1.881000014e+01 +1.881000014e+01 -1.9120e-01 +1.7808e+00
1149 +5.189721364e-08 +5.189721364e-08 +1.881000005e+01 +1.881000005e+01 -1.9120e-01 +1.7808e+00
1182 +3.542483640e-08 +3.542483640e-08 +1.881000004e+01 +1.881000004e+01 -1.9120e-01 +1.7808e+00
1198 +1.104711345e-08 +1.104711345e-08 +1.881000001e+01 +1.881000001e+01 -1.9120e-01 +1.7808e+00
1249 +4.914934237e-09 +4.914934237e-09 +1.881000000e+01 +1.881000000e+01 -1.9120e-01 +1.7808e+00
% function evaluation | noise-free fitness - Fopt (2.731500000000e+02) | best noise-free fitness - Fopt | measured fitness | best measured fitness | x1 | x2...
1 +1.046324494e+01 +1.046324494e+01 +2.836132449e+02 +2.836132449e+02 -1.5988e-02 +4.4053e+00
5 +7.295795359e+00 +7.295795359e+00 +2.804457954e+02 +2.804457954e+02 -2.3169e+00 +4.5047e+00
24 +5.528925669e+00 +5.528925669e+00 +2.786789257e+02 +2.786789257e+02 -2.2382e+00 +2.8011e+00
41 +2.960870452e+00 +2.960870452e+00 +2.761108705e+02 +2.761108705e+02 -3.7547e+00 +5.0281e+00
61 +1.477720583e+00 +1.477720583e+00 +2.746277206e+02 +2.746277206e+02 -3.7547e+00 +3.3269e+00
91 +8.011557798e-01 +8.011557798e-01 +2.739511558e+02 +2.739511558e+02 -3.7188e+00 +3.6783e+00
106 +4.762749936e-01 +4.762749936e-01 +2.736262750e+02 +2.736262750e+02 -3.7312e+00 +3.6576e+00
134 +2.832997205e-01 +2.832997205e-01 +2.734332997e+02 +2.734332997e+02 -3.6644e+00 +3.6207e+00
154 +2.466718885e-01 +2.466718885e-01 +2.733966719e+02 +2.733966719e+02 -3.6977e+00 +3.6292e+00
225 +5.759829575e-02 +5.759829575e-02 +2.732075983e+02 +2.732075983e+02 -3.5430e+00 +3.8118e+00
245 +2.235258835e-02 +2.235258835e-02 +2.731723526e+02 +2.731723526e+02 -3.5714e+00 +3.7618e+00
293 +7.894291417e-03 +7.894291417e-03 +2.731578943e+02 +2.731578943e+02 -3.5793e+00 +3.7586e+00
349 +5.851655320e-03 +5.851655320e-03 +2.731558517e+02 +2.731558517e+02 -3.5785e+00 +3.7539e+00
386 +3.255440010e-03 +3.255440010e-03 +2.731532554e+02 +2.731532554e+02 -3.5806e+00 +3.7527e+00
391 +1.434899848e-03 +1.434899848e-03 +2.731514349e+02 +2.731514349e+02 -3.5798e+00 +3.7527e+00
499 +3.276804103e-04 +3.276804103e-04 +2.731503277e+02 +2.731503277e+02 -3.5792e+00 +3.7537e+00
524 +2.308842382e-04 +2.308842382e-04 +2.731502309e+02 +2.731502309e+02 -3.5793e+00 +3.7535e+00
615 +3.859406110e-05 +3.859406110e-05 +2.731500386e+02 +2.731500386e+02 -3.5792e+00 +3.7536e+00
766 +2.118467637e-05 +2.118467637e-05 +2.731500212e+02 +2.731500212e+02 -3.5792e+00 +3.7536e+00
785 +5.959474549e-06 +5.959474549e-06 +2.731500060e+02 +2.731500060e+02 -3.5792e+00 +3.7536e+00
832 +3.194895214e-06 +3.194895214e-06 +2.731500032e+02 +2.731500032e+02 -3.5792e+00 +3.7536e+00
864 +1.613216057e-06 +1.613216057e-06 +2.731500016e+02 +2.731500016e+02 -3.5792e+00 +3.7536e+00
871 +8.719987363e-07 +8.719987363e-07 +2.731500009e+02 +2.731500009e+02 -3.5792e+00 +3.7536e+00
937 +5.848283422e-07 +5.848283422e-07 +2.731500006e+02 +2.731500006e+02 -3.5792e+00 +3.7536e+00
993 +3.229303616e-07 +3.229303616e-07 +2.731500003e+02 +2.731500003e+02 -3.5792e+00 +3.7536e+00
1047 +2.210514936e-07 +2.210514936e-07 +2.731500002e+02 +2.731500002e+02 -3.5792e+00 +3.7536e+00
1048 +9.451969163e-08 +9.451969163e-08 +2.731500001e+02 +2.731500001e+02 -3.5792e+00 +3.7536e+00
1071 +4.544563126e-08 +4.544563126e-08 +2.731500000e+02 +2.731500000e+02 -3.5792e+00 +3.7536e+00
1121 +2.664677368e-08 +2.664677368e-08 +2.731500000e+02 +2.731500000e+02 -3.5792e+00 +3.7536e+00
1151 +1.695775609e-08 +1.695775609e-08 +2.731500000e+02 +2.731500000e+02 -3.5792e+00 +3.7536e+00
1163 +8.193353551e-09 +8.193353551e-09 +2.731500000e+02 +2.731500000e+02 -3.5792e+00 +3.7536e+00
% function evaluation | noise-free fitness - Fopt (3.718000000000e+01) | best noise-free fitness - Fopt | measured fitness | best measured fitness | x1 | x2...
1 +1.145484680e+01 +1.145484680e+01 +4.863484680e+01 +4.863484680e+01 -4.2813e+00 -9.9859e-01
13 +9.781002447e+00 +9.781002447e+00 +4.696100245e+01 +4.696100245e+01 +3.1428e-01 +9.8113e-01
15 +5.924154354e+00 +5.924154354e+00 +4.310415435e+01 +4.310415435e+01 +8.6325e-01 +1.9802e+00
32 +1.760188695e+00 +1.760188695e+00 +3.894018870e+01 +3.894018870e+01 -3.7935e+00 +1.7467e+00
42 +9.197863591e-01 +9.197863591e-01 +3.809978636e+01 +3.809978636e+01 -3.5323e+00 +1.9802e+00
128 +5.398179351e-01 +5.398179351e-01 +3.771981794e+01 +3.771981794e+01 -4.4100e+00 +2.0596e+00
142 +3.629901136e-01 +3.629901136e-01 +3.754299011e+01 +3.754299011e+01 -3.5780e+00 +1.9802e+00
198 +2.074960955e-01 +2.074960955e-01 +3.738749610e+01 +3.738749610e+01 -3.9170e+00 +2.0884e+00
211 +8.253358790e-02 +8.253358790e-02 +3.726253359e+01 +3.726253359e+01 -3.9170e+00 +2.0851e+00
212 +6.017065093e-02 +6.017065093e-02 +3.724017065e+01 +3.724017065e+01 -3.8599e+00 +2.0777e+00
288 +3.280211062e-02 +3.280211062e-02 +3.721280211e+01 +3.721280211e+01 -3.8673e+00 +2.0615e+00
335 +2.009194130e-02 +2.009194130e-02 +3.720009194e+01 +3.720009194e+01 -3.8991e+00 +2.0618e+00
402 +8.143173565e-03 +8.143173565e-03 +3.718814317e+01 +3.718814317e+01 -3.9028e+00 +2.0628e+00
439 +3.232964399e-03 +3.232964399e-03 +3.718323296e+01 +3.718323296e+01 -3.8998e+00 +2.0610e+00
520 +1.069003997e-03 +1.069003997e-03 +3.718106900e+01 +3.718106900e+01 -3.8984e+00 +2.0602e+00
554 +9.959708835e-04 +9.959708835e-04 +3.718099597e+01 +3.718099597e+01 -3.9000e+00 +2.0600e+00
606 +5.863642093e-04 +5.863642093e-04 +3.718058636e+01 +3.718058636e+01 -3.8994e+00 +2.0599e+00
620 +3.136449121e-04 +3.136449121e-04 +3.718031364e+01 +3.718031364e+01 -3.8990e+00 +2.0600e+00
682 +4.847519523e-05 +4.847519523e-05 +3.718004848e+01 +3.718004848e+01 -3.8992e+00 +2.0600e+00
705 +2.976523003e-05 +2.976523003e-05 +3.718002977e+01 +3.718002977e+01 -3.8992e+00 +2.0600e+00
771 +2.359295618e-05 +2.359295618e-05 +3.718002359e+01 +3.718002359e+01 -3.8992e+00 +2.0600e+00
782 +2.415306923e-06 +2.415306923e-06 +3.718000242e+01 +3.718000242e+01 -3.8992e+00 +2.0600e+00
963 +7.217947342e-07 +7.217947342e-07 +3.718000072e+01 +3.718000072e+01 -3.8992e+00 +2.0600e+00
1033 +5.655397146e-07 +5.655397146e-07 +3.718000057e+01 +3.718000057e+01 -3.8992e+00 +2.0600e+00
1082 +3.914162292e-07 +3.914162292e-07 +3.718000039e+01 +3.718000039e+01 -3.8992e+00 +2.0600e+00
1118 +4.766366146e-08 +4.766366146e-08 +3.718000005e+01 +3.718000005e+01 -3.8992e+00 +2.0600e+00
1202 +3.776627011e-08 +3.776627011e-08 +3.718000004e+01 +3.718000004e+01 -3.8992e+00 +2.0600e+00
1224 +3.321076747e-10 +3.321076747e-10 +3.718000000e+01 +3.718000000e+01 -3.8992e+00 +2.0600e+00
% function evaluation | noise-free fitness - Fopt (-1.479000000000e+02) | best noise-free fitness - Fopt | measured fitness | best measured fitness | x1 | x2...
1 +1.718682752e+01 +1.718682752e+01 -1.307131725e+02 -1.307131725e+02 -2.9774e+00 +3.0353e+00
2 +3.848566286e+00 +3.848566286e+00 -1.440514337e+02 -1.440514337e+02 -9.2424e-01 -9.0837e-01
21 +2.235507646e+00 +2.235507646e+00 -1.456644924e+02 -1.456644924e+02 -7.5698e-01 -9.0837e-01
54 +1.427195881e+00 +1.427195881e+00 -1.464728041e+02 -1.464728041e+02 -5.8300e-01 -5.2372e-01
103 +6.093541301e-01 +6.093541301e-01 -1.472906459e+02 -1.472906459e+02 -1.7239e+00 +1.0646e-01
164 +2.463718487e-01 +2.463718487e-01 -1.476536282e+02 -1.476536282e+02 -1.6295e+00 -1.3532e-03
229 +1.445751228e-01 +1.445751228e-01 -1.477554249e+02 -1.477554249e+02 -1.6930e+00 +1.3811e-01
246 +7.191888890e-02 +7.191888890e-02 -1.478280811e+02 -1.478280811e+02 -1.6295e+00 +1.2456e-01
256 +4.725783962e-02 +4.725783962e-02 -1.478527422e+02 -1.478527422e+02 -1.6516e+00 +1.3668e-01
293 +3.237385033e-02 +3.237385033e-02 -1.478676261e+02 -1.478676261e+02 -1.6867e+00 +1.5884e-01
328 +1.917371989e-02 +1.917371989e-02 -1.478808263e+02 -1.478808263e+02 -1.6753e+00 +1.3657e-01
364 +7.930349678e-03 +7.930349678e-03 -1.478920697e+02 -1.478920697e+02 -1.6754e+00 +1.3776e-01
431 +4.197382713e-03 +4.197382713e-03 -1.478958026e+02 -1.478958026e+02 -1.6692e+00 +1.3294e-01
451 +9.959617744e-04 +9.959617744e-04 -1.478990040e+02 -1.478990040e+02 -1.6697e+00 +1.3475e-01
494 +2.445195278e-04 +2.445195278e-04 -1.478997555e+02 -1.478997555e+02 -1.6703e+00 +1.3502e-01
701 +3.185234928e-05 +3.185234928e-05 -1.478999681e+02 -1.478999681e+02 -1.6704e+00 +1.3519e-01
846 +1.165821720e-05 +1.165821720e-05 -1.478999883e+02 -1.478999883e+02 -1.6704e+00 +1.3520e-01
904 +9.536223757e-06 +9.536223757e-06 -1.478999905e+02 -1.478999905e+02 -1.6704e+00 +1.3520e-01
984 +2.850374472e-06 +2.850374472e-06 -1.478999971e+02 -1.478999971e+02 -1.6704e+00 +1.3520e-01
1028 +9.997016832e-07 +9.997016832e-07 -1.478999990e+02 -1.478999990e+02 -1.6704e+00 +1.3520e-01
1128 +6.274187854e-07 +6.274187854e-07 -1.478999994e+02 -1.478999994e+02 -1.6704e+00 +1.3520e-01
1148 +3.541827027e-07 +3.541827027e-07 -1.478999996e+02 -1.478999996e+02 -1.6704e+00 +1.3520e-01
1191 +1.960619613e-07 +1.960619613e-07 -1.478999998e+02 -1.478999998e+02 -1.6704e+00 +1.3520e-01
1233 +1.239493770e-07 +1.239493770e-07 -1.478999999e+02 -1.478999999e+02 -1.6704e+00 +1.3520e-01
1246 +9.223313668e-08 +9.223313668e-08 -1.478999999e+02 -1.478999999e+02 -1.6704e+00 +1.3520e-01
1251 +2.537188948e-08 +2.537188948e-08 -1.479000000e+02 -1.479000000e+02 -1.6704e+00 +1.3520e-01
1308 +7.515382094e-09 +7.515382094e-09 -1.479000000e+02 -1.479000000e+02 -1.6704e+00 +1.3520e-01
% function evaluation | noise-free fitness - Fopt (4.060000000000e+01) | best noise-free fitness - Fopt | measured fitness | best measured fitness | x1 | x2...
1 +2.918753867e+01 +2.918753867e+01 +6.978753867e+01 +6.978753867e+01 -3.5784e+00 +2.6567e+00
3 +2.135201358e+01 +2.135201358e+01 +6.195201358e+01 +6.195201358e+01 +1.8271e+00 -2.7985e+00
7 +1.428804247e+01 +1.428804247e+01 +5.488804247e+01 +5.488804247e+01 +1.6319e+00 -4.7985e+00
10 +1.485946924e+00 +1.485946924e+00 +4.208594692e+01 +4.208594692e+01 +3.3993e+00 -1.2398e+00
32 +5.620040772e-01 +5.620040772e-01 +4.116200408e+01 +4.116200408e+01 +3.3993e+00 -1.0947e+00
108 +3.044323969e-01 +3.044323969e-01 +4.090443240e+01 +4.090443240e+01 +3.5823e+00 -7.7204e-01
174 +1.218920868e-01 +1.218920868e-01 +4.072189209e+01 +4.072189209e+01 +3.5429e+00 -8.7013e-01
214 +8.954332031e-02 +8.954332031e-02 +4.068954332e+01 +4.068954332e+01 +3.5715e+00 -8.6689e-01
222 +3.313866867e-02 +3.313866867e-02 +4.063313867e+01 +4.063313867e+01 +3.5541e+00 -7.9308e-01
251 +1.920052838e-02 +1.920052838e-02 +4.061920053e+01 +4.061920053e+01 +3.5559e+00 -8.1090e-01
319 +1.463098607e-02 +1.463098607e-02 +4.061463099e+01 +4.061463099e+01 +3.5582e+00 -8.1965e-01
342 +1.242547476e-03 +1.242547476e-03 +4.060124255e+01 +4.060124255e+01 +3.5598e+00 -8.1602e-01
401 +9.962961358e-04 +9.962961358e-04 +4.060099630e+01 +4.060099630e+01 +3.5599e+00 -8.1602e-01
533 +3.454446602e-04 +3.454446602e-04 +4.060034544e+01 +4.060034544e+01 +3.5599e+00 -8.1676e-01
561 +2.309824049e-04 +2.309824049e-04 +4.060023098e+01 +4.060023098e+01 +3.5599e+00 -8.1676e-01
621 +4.704061640e-05 +4.704061640e-05 +4.060004704e+01 +4.060004704e+01 +3.5600e+00 -8.1676e-01
645 +3.412774350e-05 +3.412774350e-05 +4.060003413e+01 +4.060003413e+01 +3.5600e+00 -8.1682e-01
785 +1.982462803e-05 +1.982462803e-05 +4.060001982e+01 +4.060001982e+01 +3.5600e+00 -8.1680e-01
801 +1.242522005e-05 +1.242522005e-05 +4.060001243e+01 +4.060001243e+01 +3.5600e+00 -8.1680e-01
917 +6.085077544e-07 +6.085077544e-07 +4.060000061e+01 +4.060000061e+01 +3.5600e+00 -8.1680e-01
1063 +3.174010246e-07 +3.174010246e-07 +4.060000032e+01 +4.060000032e+01 +3.5600e+00 -8.1680e-01
1064 +1.777115983e-07 +1.777115983e-07 +4.060000018e+01 +4.060000018e+01 +3.5600e+00 -8.1680e-01
1072 +7.162562810e-08 +7.162562810e-08 +4.060000007e+01 +4.060000007e+01 +3.5600e+00 -8.1680e-01
1143 +4.451938196e-08 +4.451938196e-08 +4.060000004e+01 +4.060000004e+01 +3.5600e+00 -8.1680e-01
1167 +2.663642107e-08 +2.663642107e-08 +4.060000003e+01 +4.060000003e+01 +3.5600e+00 -8.1680e-01
1199 +1.581683051e-08 +1.581683051e-08 +4.060000002e+01 +4.060000002e+01 +3.5600e+00 -8.1680e-01
1205 +1.482433731e-09 +1.482433731e-09 +4.060000000e+01 +4.060000000e+01 +3.5600e+00 -8.1680e-01
% function evaluation | noise-free fitness - Fopt (4.634000000000e+01) | best noise-free fitness - Fopt | measured fitness | best measured fitness | x1 | x2...
1 +1.197764401e+02 +1.197764401e+02 +1.661164401e+02 +1.661164401e+02 -2.5370e+00 -2.8151e+00
2 +3.325246998e+01 +3.325246998e+01 +7.959246998e+01 +7.959246998e+01 -1.6541e+00 -1.7212e+00
3 +8.460043838e+00 +8.460043838e+00 +5.480004384e+01 +5.480004384e+01 +3.9800e-01 -2.4860e+00
16 +4.797863834e+00 +4.797863834e+00 +5.113786383e+01 +5.113786383e+01 +1.9125e+00 +1.5842e+00
30 +3.750242973e+00 +3.750242973e+00 +5.009024297e+01 +5.009024297e+01 +1.3170e+00 -2.8151e+00
41 +1.420483158e+00 +1.420483158e+00 +4.776048316e+01 +4.776048316e+01 +1.8964e+00 -2.8151e+00
83 +5.258290742e-01 +5.258290742e-01 +4.686582907e+01 +4.686582907e+01 +1.6233e+00 -1.9153e+00
95 +3.631883137e-01 +3.631883137e-01 +4.670318831e+01 +4.670318831e+01 +1.7146e+00 -2.2328e+00
163 +2.489489274e-01 +2.489489274e-01 +4.658894893e+01 +4.658894893e+01 +1.7296e+00 -1.9153e+00
191 +1.013768073e-01 +1.013768073e-01 +4.644137681e+01 +4.644137681e+01 +1.8915e+00 -1.7535e+00
342 +9.913836265e-02 +9.913836265e-02 +4.643913836e+01 +4.643913836e+01 +1.8743e+00 -1.7773e+00
350 +2.772324194e-02 +2.772324194e-02 +4.636772324e+01 +4.636772324e+01 +1.8559e+00 -1.7950e+00
385 +2.012636272e-02 +2.012636272e-02 +4.636012636e+01 +4.636012636e+01 +1.8564e+00 -1.8056e+00
402 +1.002207105e-02 +1.002207105e-02 +4.635002207e+01 +4.635002207e+01 +1.8517e+00 -1.8154e+00
403 +7.374333735e-03 +7.374333735e-03 +4.634737433e+01 +4.634737433e+01 +1.8542e+00 -1.8069e+00
468 +1.307943111e-03 +1.307943111e-03 +4.634130794e+01 +4.634130794e+01 +1.8545e+00 -1.8070e+00
520 +9.920114395e-04 +9.920114395e-04 +4.634099201e+01 +4.634099201e+01 +1.8548e+00 -1.8076e+00
601 +4.970667631e-05 +4.970667631e-05 +4.634004971e+01 +4.634004971e+01 +1.8544e+00 -1.8080e+00
724 +3.883679936e-05 +3.883679936e-05 +4.634003884e+01 +4.634003884e+01 +1.8544e+00 -1.8080e+00
862 +1.740231752e-05 +1.740231752e-05 +4.634001740e+01 +4.634001740e+01 +1.8544e+00 -1.8080e+00
896 +1.558528194e-05 +1.558528194e-05 +4.634001559e+01 +4.634001559e+01 +1.8544e+00 -1.8080e+00
903 +3.047296367e-06 +3.047296367e-06 +4.634000305e+01 +4.634000305e+01 +1.8544e+00 -1.8080e+00
943 +1.388724094e-06 +1.388724094e-06 +4.634000139e+01 +4.634000139e+01 +1.8544e+00 -1.8080e+00
961 +8.712098989e-07 +8.712098989e-07 +4.634000087e+01 +4.634000087e+01 +1.8544e+00 -1.8080e+00
1041 +6.249040041e-07 +6.249040041e-07 +4.634000062e+01 +4.634000062e+01 +1.8544e+00 -1.8080e+00
1072 +7.099994548e-08 +7.099994548e-08 +4.634000007e+01 +4.634000007e+01 +1.8544e+00 -1.8080e+00
1154 +5.401926018e-08 +5.401926018e-08 +4.634000005e+01 +4.634000005e+01 +1.8544e+00 -1.8080e+00
1224 +1.478180423e-08 +1.478180423e-08 +4.634000001e+01 +4.634000001e+01 +1.8544e+00 -1.8080e+00
1251 +9.659565592e-09 +9.659565592e-09 +4.634000001e+01 +4.634000001e+01 +1.8544e+00 -1.8080e+00
% function evaluation | noise-free fitness - Fopt (-2.410900000000e+02) | best noise-free fitness - Fopt | measured fitness | best measured fitness | x1 | x2...
1 +2.083749345e+01 +2.083749345e+01 -2.202525066e+02 -2.202525066e+02 -1.7089e+00 -3.9563e+00
2 +6.487376998e+00 +6.487376998e+00 -2.346026230e+02 -2.346026230e+02 -4.7391e+00 +1.1692e+00
3 +5.329493993e+00 +5.329493993e+00 -2.357605060e+02 -2.357605060e+02 -4.5943e-01 +2.0624e+00
32 +3.449417350e+00 +3.449417350e+00 -2.376405826e+02 -2.376405826e+02 +1.5525e+00 +2.8089e+00
50 +1.027773071e+00 +1.027773071e+00 -2.400622269e+02 -2.400622269e+02 +7.7770e-01 +3.1436e+00
84 +7.862316406e-01 +7.862316406e-01 -2.403037684e+02 -2.403037684e+02 +3.9031e-01 +2.4538e+00
121 +2.793572976e-01 +2.793572976e-01 -2.408106427e+02 -2.408106427e+02 +1.1624e+00 +2.8834e+00
144 +2.439311000e-01 +2.439311000e-01 -2.408460689e+02 -2.408460689e+02 +8.9357e-01 +2.8446e+00
174 +5.246487176e-02 +5.246487176e-02 -2.410375351e+02 -2.410375351e+02 +9.8449e-01 +2.8002e+00
320 +1.786713051e-02 +1.786713051e-02 -2.410721329e+02 -2.410721329e+02 +1.0139e+00 +2.8070e+00
407 +6.813115719e-03 +6.813115719e-03 -2.410831869e+02 -2.410831869e+02 +1.0047e+00 +2.8080e+00
472 +5.070728572e-03 +5.070728572e-03 -2.410849293e+02 -2.410849293e+02 +1.0050e+00 +2.8068e+00
480 +3.299544520e-03 +3.299544520e-03 -2.410867005e+02 -2.410867005e+02 +1.0007e+00 +2.8068e+00
535 +1.025353190e-03 +1.025353190e-03 -2.410889746e+02 -2.410889746e+02 +1.0030e+00 +2.8074e+00
570 +9.894391953e-04 +9.894391953e-04 -2.410890106e+02 -2.410890106e+02 +1.0041e+00 +2.8076e+00
619 +2.476775483e-04 +2.476775483e-04 -2.410897523e+02 -2.410897523e+02 +1.0033e+00 +2.8073e+00
780 +9.976040761e-05 +9.976040761e-05 -2.410899002e+02 -2.410899002e+02 +1.0032e+00 +2.8072e+00
794 +3.408657980e-05 +3.408657980e-05 -2.410899659e+02 -2.410899659e+02 +1.0032e+00 +2.8072e+00
888 +7.890322337e-06 +7.890322337e-06 -2.410899921e+02 -2.410899921e+02 +1.0032e+00 +2.8072e+00
896 +4.959515536e-07 +4.959515536e-07 -2.410899995e+02 -2.410899995e+02 +1.0032e+00 +2.8072e+00
1051 +1.549198601e-07 +1.549198601e-07 -2.410899998e+02 -2.410899998e+02 +1.0032e+00 +2.8072e+00
1120 +6.826917343e-08 +6.826917343e-08 -2.410899999e+02 -2.410899999e+02 +1.0032e+00 +2.8072e+00
1147 +4.565896461e-08 +4.565896461e-08 -2.410900000e+02 -2.410900000e+02 +1.0032e+00 +2.8072e+00
1171 +2.647246333e-08 +2.647246333e-08 -2.410900000e+02 -2.410900000e+02 +1.0032e+00 +2.8072e+00
1222 +2.024077617e-08 +2.024077617e-08 -2.410900000e+02 -2.410900000e+02 +1.0032e+00 +2.8072e+00
1231 +1.485153689e-08 +1.485153689e-08 -2.410900000e+02 -2.410900000e+02 +1.0032e+00 +2.8072e+00
1251 +9.487450825e-09 +9.487450825e-09 -2.410900000e+02 -2.410900000e+02 +1.0032e+00 +2.8072e+00
% function evaluation | noise-free fitness - Fopt (-1.668800000000e+02) | best noise-free fitness - Fopt | measured fitness | best measured fitness | x1 | x2...
1 +2.367220087e+01 +2.367220087e+01 -1.432077991e+02 -1.432077991e+02 +1.3605e+00 -1.9415e+00
3 +1.022758562e+01 +1.022758562e+01 -1.566524144e+02 -1.566524144e+02 -8.2772e-01 +4.4788e+00
9 +9.635196597e+00 +9.635196597e+00 -1.572448034e+02 -1.572448034e+02 +1.2448e+00 +4.6285e+00
12 +1.542590288e+00 +1.542590288e+00 -1.653374097e+02 -1.653374097e+02 -6.5006e-01 +2.7614e+00
72 +5.942390046e-01 +5.942390046e-01 -1.662857610e+02 -1.662857610e+02 -2.4124e-01 +2.8198e+00
131 +3.656147720e-01 +3.656147720e-01 -1.665143852e+02 -1.665143852e+02 -3.2476e-01 +2.8529e+00
156 +5.891546034e-02 +5.891546034e-02 -1.668210845e+02 -1.668210845e+02 -5.3969e-01 +2.9500e+00
241 +1.673314348e-02 +1.673314348e-02 -1.668632669e+02 -1.668632669e+02 -4.8102e-01 +2.9118e+00
314 +9.111862214e-03 +9.111862214e-03 -1.668708881e+02 -1.668708881e+02 -4.9867e-01 +2.9178e+00
468 +4.993173948e-03 +4.993173948e-03 -1.668750068e+02 -1.668750068e+02 -4.9278e-01 +2.9151e+00
496 +3.679500429e-03 +3.679500429e-03 -1.668763205e+02 -1.668763205e+02 -4.9260e-01 +2.9146e+00
569 +1.075077758e-03 +1.075077758e-03 -1.668789249e+02 -1.668789249e+02 -4.9147e-01 +2.9152e+00
586 +9.846866740e-04 +9.846866740e-04 -1.668790153e+02 -1.668790153e+02 -4.9146e-01 +2.9146e+00
607 +2.936131903e-04 +2.936131903e-04 -1.668797064e+02 -1.668797064e+02 -4.9180e-01 +2.9150e+00
676 +2.412032400e-04 +2.412032400e-04 -1.668797588e+02 -1.668797588e+02 -4.9185e-01 +2.9151e+00
706 +5.499425697e-05 +5.499425697e-05 -1.668799450e+02 -1.668799450e+02 -4.9197e-01 +2.9152e+00
738 +3.765413734e-05 +3.765413734e-05 -1.668799623e+02 -1.668799623e+02 -4.9201e-01 +2.9152e+00
885 +7.772518757e-06 +7.772518757e-06 -1.668799922e+02 -1.668799922e+02 -4.9200e-01 +2.9152e+00
921 +4.866942817e-06 +4.866942817e-06 -1.668799951e+02 -1.668799951e+02 -4.9200e-01 +2.9152e+00
1005 +8.304673713e-07 +8.304673713e-07 -1.668799992e+02 -1.668799992e+02 -4.9200e-01 +2.9152e+00
1129 +5.924985942e-07 +5.924985942e-07 -1.668799994e+02 -1.668799994e+02 -4.9200e-01 +2.9152e+00
1197 +3.433503935e-07 +3.433503935e-07 -1.668799997e+02 -1.668799997e+02 -4.9200e-01 +2.9152e+00
1253 +2.357559765e-07 +2.357559765e-07 -1.668799998e+02 -1.668799998e+02 -4.9200e-01 +2.9152e+00
1266 +1.189774821e-07 +1.189774821e-07 -1.668799999e+02 -1.668799999e+02 -4.9200e-01 +2.9152e+00
1284 +1.215752832e-08 +1.215752832e-08 -1.668800000e+02 -1.668800000e+02 -4.9200e-01 +2.9152e+00
1341 +4.472781256e-09 +4.472781256e-09 -1.668800000e+02 -1.668800000e+02 -4.9200e-01 +2.9152e+00
% function evaluation | noise-free fitness - Fopt (-3.464100000000e+02) | best noise-free fitness - Fopt | measured fitness | best measured fitness | x1 | x2...
1 +1.098496638e+01 +1.098496638e+01 -3.354250336e+02 -3.354250336e+02 +3.7930e+00 -6.4232e-01
11 +7.176931757e+00 +7.176931757e+00 -3.392330682e+02 -3.392330682e+02 +2.9815e+00 -1.6116e+00
21 +5.001328075e-01 +5.001328075e-01 -3.459098672e+02 -3.459098672e+02 +2.9815e+00 -3.5972e+00
54 +3.653194021e-01 +3.653194021e-01 -3.460446806e+02 -3.460446806e+02 +2.9636e+00 -3.6988e+00
122 +1.993799429e-01 +1.993799429e-01 -3.462106201e+02 -3.462106201e+02 +3.3146e+00 -3.6510e+00
124 +1.290377354e-01 +1.290377354e-01 -3.462809623e+02 -3.462809623e+02 +3.4109e+00 -3.7105e+00
134 +7.038848016e-02 +7.038848016e-02 -3.463396115e+02 -3.463396115e+02 +3.3552e+00 -3.7039e+00
167 +3.433923292e-02 +3.433923292e-02 -3.463756608e+02 -3.463756608e+02 +3.3768e+00 -3.6976e+00
173 +9.577613714e-03 +9.577613714e-03 -3.464004224e+02 -3.464004224e+02 +3.3754e+00 -3.6865e+00
355 +4.098951123e-03 +4.098951123e-03 -3.464059010e+02 -3.464059010e+02 +3.3802e+00 -3.6881e+00
371 +2.118472967e-03 +2.118472967e-03 -3.464078815e+02 -3.464078815e+02 +3.3834e+00 -3.6887e+00
406 +2.897308452e-04 +2.897308452e-04 -3.464097103e+02 -3.464097103e+02 +3.3840e+00 -3.6889e+00
471 +2.489157355e-04 +2.489157355e-04 -3.464097511e+02 -3.464097511e+02 +3.3840e+00 -3.6889e+00
502 +3.344512686e-05 +3.344512686e-05 -3.464099666e+02 -3.464099666e+02 +3.3840e+00 -3.6888e+00
681 +1.314474684e-05 +1.314474684e-05 -3.464099869e+02 -3.464099869e+02 +3.3840e+00 -3.6888e+00
722 +3.407223176e-06 +3.407223176e-06 -3.464099966e+02 -3.464099966e+02 +3.3840e+00 -3.6888e+00
791 +2.135073714e-06 +2.135073714e-06 -3.464099979e+02 -3.464099979e+02 +3.3840e+00 -3.6888e+00
803 +1.582875541e-06 +1.582875541e-06 -3.464099984e+02 -3.464099984e+02 +3.3840e+00 -3.6888e+00
826 +7.795537158e-07 +7.795537158e-07 -3.464099992e+02 -3.464099992e+02 +3.3840e+00 -3.6888e+00
829 +5.501116220e-07 +5.501116220e-07 -3.464099994e+02 -3.464099994e+02 +3.3840e+00 -3.6888e+00
876 +2.117133704e-07 +2.117133704e-07 -3.464099998e+02 -3.464099998e+02 +3.3840e+00 -3.6888e+00
957 +1.287501732e-07 +1.287501732e-07 -3.464099999e+02 -3.464099999e+02 +3.3840e+00 -3.6888e+00
962 +3.040241836e-08 +3.040241836e-08 -3.464100000e+02 -3.464100000e+02 +3.3840e+00 -3.6888e+00
1017 +1.764811941e-08 +1.764811941e-08 -3.464100000e+02 -3.464100000e+02 +3.3840e+00 -3.6888e+00
1032 +1.024073981e-08 +1.024073981e-08 -3.464100000e+02 -3.464100000e+02 +3.3840e+00 -3.6888e+00
1064 +5.344247711e-09 +5.344247711e-09 -3.464100000e+02 -3.464100000e+02 +3.3840e+00 -3.6888e+00
% function evaluation | noise-free fitness - Fopt (6.618000000000e+01) | best noise-free fitness - Fopt | measured fitness | best measured fitness | x1 | x2...
1 +1.584859406e+00 +1.584859406e+00 +6.776485941e+01 +6.776485941e+01 -6.9322e-01 -8.4502e-01
44 +7.860310072e-01 +7.860310072e-01 +6.696603101e+01 +6.696603101e+01 -5.3976e-01 -3.9901e-01
75 +1.938643804e-01 +1.938643804e-01 +6.637386438e+01 +6.637386438e+01 -3.4870e-01 -4.3418e-01
142 +1.413948207e-01 +1.413948207e-01 +6.632139482e+01 +6.632139482e+01 -5.0475e-01 -4.5410e-01
251 +8.703194719e-02 +8.703194719e-02 +6.626703195e+01 +6.626703195e+01 -4.2397e-01 -4.6196e-01
331 +5.759937702e-02 +5.759937702e-02 +6.623759938e+01 +6.623759938e+01 -4.5702e-01 -4.8505e-01
346 +7.713875126e-03 +7.713875126e-03 +6.618771388e+01 +6.618771388e+01 -4.2610e-01 -4.8001e-01
421 +3.629956196e-03 +3.629956196e-03 +6.618362996e+01 +6.618362996e+01 -4.2174e-01 -4.8001e-01
547 +1.663403864e-03 +1.663403864e-03 +6.618166340e+01 +6.618166340e+01 -4.1963e-01 -4.8070e-01
586 +9.899391632e-04 +9.899391632e-04 +6.618098994e+01 +6.618098994e+01 -4.2015e-01 -4.8060e-01
636 +4.680851161e-04 +4.680851161e-04 +6.618046809e+01 +6.618046809e+01 -4.1946e-01 -4.8069e-01
642 +2.952084299e-04 +2.952084299e-04 +6.618029521e+01 +6.618029521e+01 -4.1935e-01 -4.8074e-01
663 +2.339427140e-04 +2.339427140e-04 +6.618023394e+01 +6.618023394e+01 -4.1939e-01 -4.8080e-01
707 +3.477123529e-05 +3.477123529e-05 +6.618003477e+01 +6.618003477e+01 -4.1921e-01 -4.8080e-01
922 +2.504123648e-05 +2.504123648e-05 +6.618002504e+01 +6.618002504e+01 -4.1920e-01 -4.8080e-01
958 +1.318876367e-05 +1.318876367e-05 +6.618001319e+01 +6.618001319e+01 -4.1920e-01 -4.8080e-01
1033 +2.312290945e-06 +2.312290945e-06 +6.618000231e+01 +6.618000231e+01 -4.1920e-01 -4.8080e-01
1056 +1.458921290e-06 +1.458921290e-06 +6.618000146e+01 +6.618000146e+01 -4.1920e-01 -4.8080e-01
1087 +9.125083551e-07 +9.125083551e-07 +6.618000091e+01 +6.618000091e+01 -4.1920e-01 -4.8080e-01
1175 +5.652406685e-07 +5.652406685e-07 +6.618000057e+01 +6.618000057e+01 -4.1920e-01 -4.8080e-01
1219 +1.265076577e-07 +1.265076577e-07 +6.618000013e+01 +6.618000013e+01 -4.1920e-01 -4.8080e-01
1262 +1.788313853e-08 +1.788313853e-08 +6.618000002e+01 +6.618000002e+01 -4.1920e-01 -4.8080e-01
1291 +9.389125921e-09 +9.389125921e-09 +6.618000001e+01 +6.618000001e+01 -4.1920e-01 -4.8080e-01
% function evaluation | noise-free fitness - Fopt (-1.123000000000e+01) | best noise-free fitness - Fopt | measured fitness | best measured fitness | x1 | x2...
1 +2.429861928e+01 +2.429861928e+01 +1.306861928e+01 +1.306861928e+01 +4.3287e+00 +2.6495e+00
3 +5.394875889e+00 +5.394875889e+00 -5.835124111e+00 -5.835124111e+00 +2.6963e+00 +2.3599e+00
21 +3.619309576e+00 +3.619309576e+00 -7.610690424e+00 -7.610690424e+00 +1.9825e+00 +1.8629e+00
31 +2.176118465e+00 +2.176118465e+00 -9.053881535e+00 -9.053881535e+00 +1.8116e+00 +2.6233e+00
60 +7.121691602e-01 +7.121691602e-01 -1.051783084e+01 -1.051783084e+01 +4.7033e-01 +1.8631e+00
62 +3.187908826e-01 +3.187908826e-01 -1.091120912e+01 -1.091120912e+01 +1.8414e-01 +1.5410e+00
121 +1.833087459e-02 +1.833087459e-02 -1.121166913e+01 -1.121166913e+01 +3.2319e-01 +1.6508e+00
315 +7.570929672e-03 +7.570929672e-03 -1.122242907e+01 -1.122242907e+01 +3.2887e-01 +1.6538e+00
323 +4.030551184e-03 +4.030551184e-03 -1.122596945e+01 -1.122596945e+01 +3.2318e-01 +1.6502e+00
432 +1.445336685e-03 +1.445336685e-03 -1.122855466e+01 -1.122855466e+01 +3.2228e-01 +1.6483e+00
566 +9.842721881e-04 +9.842721881e-04 -1.122901573e+01 -1.122901573e+01 +3.2241e-01 +1.6483e+00
574 +3.469799740e-04 +3.469799740e-04 -1.122965302e+01 -1.122965302e+01 +3.2318e-01 +1.6488e+00
613 +2.470896804e-04 +2.470896804e-04 -1.122975291e+01 -1.122975291e+01 +3.2317e-01 +1.6487e+00
655 +1.473129987e-04 +1.473129987e-04 -1.122985269e+01 -1.122985269e+01 +3.2316e-01 +1.6488e+00
693 +5.806301272e-05 +5.806301272e-05 -1.122994194e+01 -1.122994194e+01 +3.2319e-01 +1.6488e+00
721 +2.908504726e-05 +2.908504726e-05 -1.122997091e+01 -1.122997091e+01 +3.2319e-01 +1.6488e+00
877 +1.453020997e-05 +1.453020997e-05 -1.122998547e+01 -1.122998547e+01 +3.2320e-01 +1.6488e+00
938 +3.121770627e-06 +3.121770627e-06 -1.122999688e+01 -1.122999688e+01 +3.2320e-01 +1.6488e+00
957 +1.683949217e-06 +1.683949217e-06 -1.122999832e+01 -1.122999832e+01 +3.2320e-01 +1.6488e+00
1003 +6.593116151e-07 +6.593116151e-07 -1.122999934e+01 -1.122999934e+01 +3.2320e-01 +1.6488e+00
1026 +4.401242766e-07 +4.401242766e-07 -1.122999956e+01 -1.122999956e+01 +3.2320e-01 +1.6488e+00
1091 +2.879564995e-07 +2.879564995e-07 -1.122999971e+01 -1.122999971e+01 +3.2320e-01 +1.6488e+00
1108 +2.491841897e-07 +2.491841897e-07 -1.122999975e+01 -1.122999975e+01 +3.2320e-01 +1.6488e+00
1135 +1.167715311e-07 +1.167715311e-07 -1.122999988e+01 -1.122999988e+01 +3.2320e-01 +1.6488e+00
1148 +5.880704279e-08 +5.880704279e-08 -1.122999994e+01 -1.122999994e+01 +3.2320e-01 +1.6488e+00
1221 +6.500981087e-09 +6.500981087e-09 -1.122999999e+01 -1.122999999e+01 +3.2320e-01 +1.6488e+00
% function evaluation | noise-free fitness - Fopt (1.628000000000e+01) | best noise-free fitness - Fopt | measured fitness | best measured fitness | x1 | x2...
1 +1.739496397e+01 +1.739496397e+01 +3.367496397e+01 +3.367496397e+01 +3.9636e-01 +1.0973e+00
2 +1.176035109e+01 +1.176035109e+01 +2.804035109e+01 +2.804035109e+01 -1.0628e+00 -4.5400e+00
20 +4.483838149e+00 +4.483838149e+00 +2.076383815e+01 +2.076383815e+01 -1.4123e+00 -3.0773e-01
46 +3.892667475e+00 +3.892667475e+00 +2.017266748e+01 +2.017266748e+01 -8.5948e-01 -5.9598e-01
56 +1.993684967e+00 +1.993684967e+00 +1.827368497e+01 +1.827368497e+01 -1.6352e+00 -1.0313e+00
65 +7.658012976e-01 +7.658012976e-01 +1.704580130e+01 +1.704580130e+01 -1.3074e+00 -1.5894e+00
66 +3.629322928e-01 +3.629322928e-01 +1.664293229e+01 +1.664293229e+01 -1.1836e+00 -1.3767e+00
81 +2.482271070e-01 +2.482271070e-01 +1.652822711e+01 +1.652822711e+01 -1.5348e+00 -1.6490e+00
205 +1.577370113e-01 +1.577370113e-01 +1.643773701e+01 +1.643773701e+01 -1.3427e+00 -1.5538e+00
244 +9.762190958e-02 +9.762190958e-02 +1.637762191e+01 +1.637762191e+01 -1.3970e+00 -1.6097e+00
261 +5.815308528e-02 +5.815308528e-02 +1.633815309e+01 +1.633815309e+01 -1.4753e+00 -1.6788e+00
320 +3.414947791e-02 +3.414947791e-02 +1.631414948e+01 +1.631414948e+01 -1.4885e+00 -1.7255e+00
341 +2.168054063e-02 +2.168054063e-02 +1.630168054e+01 +1.630168054e+01 -1.4639e+00 -1.6994e+00
389 +3.430448321e-03 +3.430448321e-03 +1.628343045e+01 +1.628343045e+01 -1.4749e+00 -1.7051e+00
441 +2.292180349e-03 +2.292180349e-03 +1.628229218e+01 +1.628229218e+01 -1.4749e+00 -1.7064e+00
515 +1.067926102e-03 +1.067926102e-03 +1.628106793e+01 +1.628106793e+01 -1.4752e+00 -1.7069e+00
532 +9.878894795e-04 +9.878894795e-04 +1.628098789e+01 +1.628098789e+01 -1.4753e+00 -1.7069e+00
608 +3.485314370e-04 +3.485314370e-04 +1.628034853e+01 +1.628034853e+01 -1.4761e+00 -1.7073e+00
631 +2.335305590e-04 +2.335305590e-04 +1.628023353e+01 +1.628023353e+01 -1.4760e+00 -1.7073e+00
642 +1.438876105e-04 +1.438876105e-04 +1.628014389e+01 +1.628014389e+01 -1.4760e+00 -1.7072e+00
735 +3.966751478e-05 +3.966751478e-05 +1.628003967e+01 +1.628003967e+01 -1.4760e+00 -1.7072e+00
952 +1.225740578e-05 +1.225740578e-05 +1.628001226e+01 +1.628001226e+01 -1.4760e+00 -1.7072e+00
1011 +3.516525016e-06 +3.516525016e-06 +1.628000352e+01 +1.628000352e+01 -1.4760e+00 -1.7072e+00
1041 +2.102155172e-06 +2.102155172e-06 +1.628000210e+01 +1.628000210e+01 -1.4760e+00 -1.7072e+00
1091 +7.013212908e-07 +7.013212908e-07 +1.628000070e+01 +1.628000070e+01 -1.4760e+00 -1.7072e+00
1195 +4.301312266e-07 +4.301312266e-07 +1.628000043e+01 +1.628000043e+01 -1.4760e+00 -1.7072e+00
1207 +2.184236294e-07 +2.184236294e-07 +1.628000022e+01 +1.628000022e+01 -1.4760e+00 -1.7072e+00
1244 +1.320101717e-07 +1.320101717e-07 +1.628000013e+01 +1.628000013e+01 -1.4760e+00 -1.7072e+00
1304 +8.617980640e-08 +8.617980640e-08 +1.628000009e+01 +1.628000009e+01 -1.4760e+00 -1.7072e+00
1318 +1.792609083e-08 +1.792609083e-08 +1.628000002e+01 +1.628000002e+01 -1.4760e+00 -1.7072e+00
1371 +6.786795126e-09 +6.786795126e-09 +1.628000001e+01 +1.628000001e+01 -1.4760e+00 -1.7072e+00
% function evaluation | noise-free fitness - Fopt (1.776600000000e+02) | best noise-free fitness - Fopt | measured fitness | best measured fitness | x1 | x2...
1 +4.096254561e+01 +4.096254561e+01 +2.186225456e+02 +2.186225456e+02 -2.1979e+00 +2.8473e+00
3 +1.196598750e+01 +1.196598750e+01 +1.896259875e+02 +1.896259875e+02 -4.1907e+00 -1.4591e+00
4 +5.740725876e+00 +5.740725876e+00 +1.834007259e+02 +1.834007259e+02 -4.4563e+00 +9.0455e-01
6 +3.253049044e+00 +3.253049044e+00 +1.809130490e+02 +1.809130490e+02 -2.3739e+00 +9.2648e-02
15 +2.502196141e+00 +2.502196141e+00 +1.801621961e+02 +1.801621961e+02 -3.1922e+00 +3.4863e-01
82 +1.398395502e+00 +1.398395502e+00 +1.790583955e+02 +1.790583955e+02 +5.2312e-02 +1.4377e+00
87 +8.221581068e-01 +8.221581068e-01 +1.784821581e+02 +1.784821581e+02 -1.1465e+00 +6.6765e-01
112 +2.233263197e-01 +2.233263197e-01 +1.778833263e+02 +1.778833263e+02 -1.0562e+00 +9.1607e-01
184 +2.086784393e-02 +2.086784393e-02 +1.776808678e+02 +1.776808678e+02 -9.3187e-01 +9.2419e-01
201 +3.043463168e-03 +3.043463168e-03 +1.776630435e+02 +1.776630435e+02 -9.4925e-01 +9.2419e-01
439 +2.046078221e-03 +2.046078221e-03 +1.776620461e+02 +1.776620461e+02 -9.4655e-01 +9.2499e-01
461 +1.370097430e-03 +1.370097430e-03 +1.776613701e+02 +1.776613701e+02 -9.4655e-01 +9.2491e-01
484 +9.828776836e-04 +9.828776836e-04 +1.776609829e+02 +1.776609829e+02 -9.4661e-01 +9.2509e-01
492 +6.187890413e-04 +6.187890413e-04 +1.776606188e+02 +1.776606188e+02 -9.4609e-01 +9.2482e-01
501 +2.926957092e-04 +2.926957092e-04 +1.776602927e+02 +1.776602927e+02 -9.4657e-01 +9.2477e-01
531 +2.336700159e-04 +2.336700159e-04 +1.776602337e+02 +1.776602337e+02 -9.4661e-01 +9.2477e-01
768 +1.404835050e-04 +1.404835050e-04 +1.776601405e+02 +1.776601405e+02 -9.4645e-01 +9.2478e-01
774 +3.711358016e-05 +3.711358016e-05 +1.776600371e+02 +1.776600371e+02 -9.4641e-01 +9.2480e-01
4961 +1.282194273e-05 +1.282194273e-05 +1.776600128e+02 +1.776600128e+02 -9.4640e-01 +9.2480e-01
5135 +5.350449783e-06 +5.350449783e-06 +1.776600054e+02 +1.776600054e+02 -9.4640e-01 +9.2480e-01
5163 +9.016893614e-07 +9.016893614e-07 +1.776600009e+02 +1.776600009e+02 -9.4640e-01 +9.2480e-01
5282 +4.974054661e-07 +4.974054661e-07 +1.776600005e+02 +1.776600005e+02 -9.4640e-01 +9.2480e-01
5366 +2.625091895e-07 +2.625091895e-07 +1.776600003e+02 +1.776600003e+02 -9.4640e-01 +9.2480e-01
5421 +2.123636307e-07 +2.123636307e-07 +1.776600002e+02 +1.776600002e+02 -9.4640e-01 +9.2480e-01
5452 +1.471933331e-07 +1.471933331e-07 +1.776600001e+02 +1.776600001e+02 -9.4640e-01 +9.2480e-01
5503 +5.807126513e-08 +5.807126513e-08 +1.776600001e+02 +1.776600001e+02 -9.4640e-01 +9.2480e-01
5520 +1.630016300e-08 +1.630016300e-08 +1.776600000e+02 +1.776600000e+02 -9.4640e-01 +9.2480e-01
5582 +9.818279523e-09 +9.818279523e-09 +1.776600000e+02 +1.776600000e+02 -9.4640e-01 +9.2480e-01
% function evaluation | noise-free fitness - Fopt (-1.000000000000e+03) | best noise-free fitness - Fopt | measured fitness | best measured fitness | x1 | x2...
1 +3.282785658e+01 +3.282785658e+01 -9.671721434e+02 -9.671721434e+02 -4.0925e+00 +3.0648e+00
2 +1.332109520e+01 +1.332109520e+01 -9.866789048e+02 -9.866789048e+02 -4.4912e+00 -3.0584e+00
12 +3.697074896e+00 +3.697074896e+00 -9.963029251e+02 -9.963029251e+02 -1.2162e+00 +2.7057e+00
41 +2.462906800e+00 +2.462906800e+00 -9.975370932e+02 -9.975370932e+02 -5.7155e-01 +7.3393e-01
62 +1.478636105e+00 +1.478636105e+00 -9.985213639e+02 -9.985213639e+02 -1.2390e+00 +2.2840e+00
118 +9.699819665e-01 +9.699819665e-01 -9.990300180e+02 -9.990300180e+02 -6.6832e-01 +2.9813e+00
124 +2.946510127e-01 +2.946510127e-01 -9.997053490e+02 -9.997053490e+02 -8.5606e-01 +2.5465e+00
161 +2.495553972e-01 +2.495553972e-01 -9.997504446e+02 -9.997504446e+02 -8.5606e-01 +2.6523e+00
235 +3.359313963e-02 +3.359313963e-02 -9.999664069e+02 -9.999664069e+02 -8.0417e-01 +2.4065e+00
333 +1.669125538e-02 +1.669125538e-02 -9.999833087e+02 -9.999833087e+02 -8.0176e-01 +2.4218e+00
342 +7.583226171e-03 +7.583226171e-03 -9.999924168e+02 -9.999924168e+02 -8.0753e-01 +2.4479e+00
468 +4.062565643e-03 +4.062565643e-03 -9.999959374e+02 -9.999959374e+02 -8.0557e-01 +2.4397e+00
482 +3.958744633e-03 +3.958744633e-03 -9.999960413e+02 -9.999960413e+02 -8.0489e-01 +2.4433e+00
505 +1.034203765e-03 +1.034203765e-03 -9.999989658e+02 -9.999989658e+02 -8.0573e-01 +2.4416e+00
517 +5.255201324e-04 +5.255201324e-04 -9.999994745e+02 -9.999994745e+02 -8.0554e-01 +2.4421e+00
576 +2.349125136e-04 +2.349125136e-04 -9.999997651e+02 -9.999997651e+02 -8.0566e-01 +2.4426e+00
668 +1.181534560e-04 +1.181534560e-04 -9.999998818e+02 -9.999998818e+02 -8.0561e-01 +2.4424e+00
691 +3.603349273e-05 +3.603349273e-05 -9.999999640e+02 -9.999999640e+02 -8.0559e-01 +2.4424e+00
968 +2.255567688e-05 +2.255567688e-05 -9.999999774e+02 -9.999999774e+02 -8.0560e-01 +2.4424e+00
1118 +8.647261893e-06 +8.647261893e-06 -9.999999914e+02 -9.999999914e+02 -8.0560e-01 +2.4424e+00
1156 +6.261262570e-06 +6.261262570e-06 -9.999999937e+02 -9.999999937e+02 -8.0560e-01 +2.4424e+00
1167 +3.798612966e-06 +3.798612966e-06 -9.999999962e+02 -9.999999962e+02 -8.0560e-01 +2.4424e+00
1168 +1.821167189e-06 +1.821167189e-06 -9.999999982e+02 -9.999999982e+02 -8.0560e-01 +2.4424e+00
1211 +1.360661372e-06 +1.360661372e-06 -9.999999986e+02 -9.999999986e+02 -8.0560e-01 +2.4424e+00
1212 +8.798494946e-07 +8.798494946e-07 -9.999999991e+02 -9.999999991e+02 -8.0560e-01 +2.4424e+00
1239 +5.555272082e-07 +5.555272082e-07 -9.999999994e+02 -9.999999994e+02 -8.0560e-01 +2.4424e+00
1281 +2.537135515e-07 +2.537135515e-07 -9.999999997e+02 -9.999999997e+02 -8.0560e-01 +2.4424e+00
1301 +2.280253284e-07 +2.280253284e-07 -9.999999998e+02 -9.999999998e+02 -8.0560e-01 +2.4424e+00
1366 +1.178478897e-07 +1.178478897e-07 -9.999999999e+02 -9.999999999e+02 -8.0560e-01 +2.4424e+00
1384 +8.978327060e-08 +8.978327060e-08 -9.999999999e+02 -9.999999999e+02 -8.0560e-01 +2.4424e+00
1402 +3.155366812e-08 +3.155366812e-08 -1.000000000e+03 -1.000000000e+03 -8.0560e-01 +2.4424e+00
1406 +1.807279659e-08 +1.807279659e-08 -1.000000000e+03 -1.000000000e+03 -8.0560e-01 +2.4424e+00
1416 +4.574758350e-09 +4.574758350e-09 -1.000000000e+03 -1.000000000e+03 -8.0560e-01 +2.4424e+00
