% function evaluation | noise-free fitness - Fopt (-2.098800000000e+02) | best noise-free fitness - Fopt | measured fitness | best measured fitness | x1 | x2...
1 +3.072411432e+07 +3.072411432e+07 +3.072390444e+07 +3.072390444e+07
5 +2.014740311e+07 +2.014740311e+07 +2.014719323e+07 +2.014719323e+07
10 +1.088212516e+07 +1.088212516e+07 +1.088191528e+07 +1.088191528e+07
31 +6.443576764e+06 +6.443576764e+06 +6.443366884e+06 +6.443366884e+06
233 +4.856492229e+06 +4.856492229e+06 +4.856282349e+06 +4.856282349e+06
2865 +3.736060040e+06 +3.736060040e+06 +3.735850160e+06 +3.735850160e+06
3818 +1.933488703e+06 +1.933488703e+06 +1.933278823e+06 +1.933278823e+06
5227 +1.136416432e+06 +1.136416432e+06 +1.136206552e+06 +1.136206552e+06
6868 +9.441270527e+05 +9.441270527e+05 +9.439171727e+05 +9.439171727e+05
7812 +5.974969192e+05 +5.974969192e+05 +5.972870392e+05 +5.972870392e+05
9302 +3.898415477e+05 +3.898415477e+05 +3.896316677e+05 +3.896316677e+05
10539 +2.257215303e+05 +2.257215303e+05 +2.255116503e+05 +2.255116503e+05
12508 +1.416464085e+05 +1.416464085e+05 +1.414365285e+05 +1.414365285e+05
15315 +7.366646386e+04 +7.366646386e+04 +7.345658386e+04 +7.345658386e+04
15755 +5.665710417e+04 +5.665710417e+04 +5.644722417e+04 +5.644722417e+04
17680 +3.647198993e+04 +3.647198993e+04 +3.626210993e+04 +3.626210993e+04
19947 +2.352423908e+04 +2.352423908e+04 +2.331435908e+04 +2.331435908e+04
21613 +1.477585442e+04 +1.477585442e+04 +1.456597442e+04 +1.456597442e+04
23898 +9.533373793e+03 +9.533373793e+03 +9.323493793e+03 +9.323493793e+03
25978 +6.014365532e+03 +6.014365532e+03 +5.804485532e+03 +5.804485532e+03
27216 +3.579227444e+03 +3.579227444e+03 +3.369347444e+03 +3.369347444e+03
29496 +2.379487963e+03 +2.379487963e+03 +2.169607963e+03 +2.169607963e+03
32851 +1.580553274e+03 +1.580553274e+03 +1.370673274e+03 +1.370673274e+03
34549 +9.721972006e+02 +9.721972006e+02 +7.623172006e+02 +7.623172006e+02
39456 +6.200909554e+02 +6.200909554e+02 +4.102109554e+02 +4.102109554e+02
42467 +3.696689150e+02 +3.696689150e+02 +1.597889150e+02 +1.597889150e+02
47936 +2.383248775e+02 +2.383248775e+02 +2.844487747e+01 +2.844487747e+01
53949 +1.537983193e+02 +1.537983193e+02 -5.608168070e+01 -5.608168070e+01
64010 +9.986901978e+01 +9.986901978e+01 -1.100109802e+02 -1.100109802e+02
73146 +6.168883547e+01 +6.168883547e+01 -1.481911645e+02 -1.481911645e+02
79494 +3.958905006e+01 +3.958905006e+01 -1.702909499e+02 -1.702909499e+02
85365 +2.444932892e+01 +2.444932892e+01 -1.854306711e+02 -1.854306711e+02
93601 +1.560577457e+01 +1.560577457e+01 -1.942742254e+02 -1.942742254e+02
97666 +9.651903912e+00 +9.651903912e+00 -2.002280961e+02 -2.002280961e+02
107432 +6.267461221e+00 +6.267461221e+00 -2.036125388e+02 -2.036125388e+02
116006 +3.972700518e+00 +3.972700518e+00 -2.059072995e+02 -2.059072995e+02
121085 +2.462947186e+00 +2.462947186e+00 -2.074170528e+02 -2.074170528e+02
131930 +1.572228032e+00 +1.572228032e+00 -2.083077720e+02 -2.083077720e+02
141904 +9.601918288e-01 +9.601918288e-01 -2.089198082e+02 -2.089198082e+02
147203 +6.137722904e-01 +6.137722904e-01 -2.092662277e+02 -2.092662277e+02
150359 +3.768202773e-01 +3.768202773e-01 -2.095031797e+02 -2.095031797e+02
153352 +2.467293040e-01 +2.467293040e-01 -2.096332707e+02 -2.096332707e+02
158936 +1.513690776e-01 +1.513690776e-01 -2.097286309e+02 -2.097286309e+02
163451 +9.975048622e-02 +9.975048622e-02 -2.097802495e+02 -2.097802495e+02
169488 +6.073989234e-02 +6.073989234e-02 -2.098192601e+02 -2.098192601e+02
172980 +3.496079718e-02 +3.496079718e-02 -2.098450392e+02 -2.098450392e+02
176860 +2.441561023e-02 +2.441561023e-02 -2.098555844e+02 -2.098555844e+02
181484 +1.559967016e-02 +1.559967016e-02 -2.098644003e+02 -2.098644003e+02
185268 +9.657056021e-03 +9.657056021e-03 -2.098703429e+02 -2.098703429e+02
191155 +6.133470237e-03 +6.133470237e-03 -2.098738665e+02 -2.098738665e+02
195343 +3.578324504e-03 +3.578324504e-03 -2.098764217e+02 -2.098764217e+02
200021 +2.343239446e-03 +2.343239446e-03 -2.098776568e+02 -2.098776568e+02
204854 +1.494319054e-03 +1.494319054e-03 -2.098785057e+02 -2.098785057e+02
210257 +9.250485220e-04 +9.250485220e-04 -2.098790750e+02 -2.098790750e+02
214212 +6.287347311e-04 +6.287347311e-04 -2.098793713e+02 -2.098793713e+02
221438 +3.822102773e-04 +3.822102773e-04 -2.098796178e+02 -2.098796178e+02
225211 +2.496801159e-04 +2.496801159e-04 -2.098797503e+02 -2.098797503e+02
231980 +1.452254304e-04 +1.452254304e-04 -2.098798548e+02 -2.098798548e+02
234049 +9.756156169e-05 +9.756156169e-05 -2.098799024e+02 -2.098799024e+02
238474 +6.031476931e-05 +6.031476931e-05 -2.098799397e+02 -2.098799397e+02
242102 +3.962062721e-05 +3.962062721e-05 -2.098799604e+02 -2.098799604e+02
243878 +2.044422629e-05 +2.044422629e-05 -2.098799796e+02 -2.098799796e+02
247048 +1.576339270e-05 +1.576339270e-05 -2.098799842e+02 -2.098799842e+02
248305 +9.966035492e-06 +9.966035492e-06 -2.098799900e+02 -2.098799900e+02
251898 +5.741859951e-06 +5.741859951e-06 -2.098799943e+02 -2.098799943e+02
255238 +3.509386147e-06 +3.509386147e-06 -2.098799965e+02 -2.098799965e+02
258900 +2.367752472e-06 +2.367752472e-06 -2.098799976e+02 -2.098799976e+02
262426 +1.540722138e-06 +1.540722138e-06 -2.098799985e+02 -2.098799985e+02
266176 +9.965452534e-07 +9.965452534e-07 -2.098799990e+02 -2.098799990e+02
270005 +5.980876949e-07 +5.980876949e-07 -2.098799994e+02 -2.098799994e+02
272689 +3.478238000e-07 +3.478238000e-07 -2.098799997e+02 -2.098799997e+02
276035 +2.477556791e-07 +2.477556791e-07 -2.098799998e+02 -2.098799998e+02
280706 +1.549663580e-07 +1.549663580e-07 -2.098799998e+02 -2.098799998e+02
285145 +9.673772183e-08 +9.673772183e-08 -2.098799999e+02 -2.098799999e+02
287250 +6.209518233e-08 +6.209518233e-08 -2.098799999e+02 -2.098799999e+02
290816 +3.862905373e-08 +3.862905373e-08 -2.098800000e+02 -2.098800000e+02
296024 +2.503372798e-08 +2.503372798e-08 -2.098800000e+02 -2.098800000e+02
300868 +1.497446078e-08 +1.497446078e-08 -2.098800000e+02 -2.098800000e+02
303205 +8.140290220e-09 +8.140290220e-09 -2.098800000e+02 -2.098800000e+02
% function evaluation | noise-free fitness - Fopt (-9.209000000000e+01) | best noise-free fitness - Fopt | measured fitness | best measured fitness | x1 | x2...
1 +7.057379694e+07 +7.057379694e+07 +7.057370485e+07 +7.057370485e+07
2 +2.210787202e+07 +2.210787202e+07 +2.210777993e+07 +2.210777993e+07
20 +7.906689091e+06 +7.906689091e+06 +7.906597001e+06 +7.906597001e+06
178 +6.006361772e+06 +6.006361772e+06 +6.006269682e+06 +6.006269682e+06
1362 +3.142911600e+06 +3.142911600e+06 +3.142819510e+06 +3.142819510e+06
2401 +2.315744106e+06 +2.315744106e+06 +2.315652016e+06 +2.315652016e+06
4140 +1.538128778e+06 +1.538128778e+06 +1.538036688e+06 +1.538036688e+06
6503 +8.512878061e+05 +8.512878061e+05 +8.511957161e+05 +8.511957161e+05
9111 +5.979380110e+05 +5.979380110e+05 +5.978459210e+05 +5.978459210e+05
10099 +3.479106785e+05 +3.479106785e+05 +3.478185885e+05 +3.478185885e+05
11749 +2.408502987e+05 +2.408502987e+05 +2.407582087e+05 +2.407582087e+05
13209 +1.398419926e+05 +1.398419926e+05 +1.397499026e+05 +1.397499026e+05
15628 +9.493280382e+04 +9.493280382e+04 +9.484071382e+04 +9.484071382e+04
17205 +5.873498841e+04 +5.873498841e+04 +5.864289841e+04 +5.864289841e+04
19183 +3.965071033e+04 +3.965071033e+04 +3.955862033e+04 +3.955862033e+04
21283 +2.320577788e+04 +2.320577788e+04 +2.311368788e+04 +2.311368788e+04
23056 +1.219545601e+04 +1.219545601e+04 +1.210336601e+04 +1.210336601e+04
25141 +8.229098317e+03 +8.229098317e+03 +8.137008317e+03 +8.137008317e+03
26228 +5.103817398e+03 +5.103817398e+03 +5.011727398e+03 +5.011727398e+03
28970 +3.931021251e+03 +3.931021251e+03 +3.838931251e+03 +3.838931251e+03
31695 +2.385897697e+03 +2.385897697e+03 +2.293807697e+03 +2.293807697e+03
34452 +1.528438038e+03 +1.528438038e+03 +1.436348038e+03 +1.436348038e+03
37878 +9.110319331e+02 +9.110319331e+02 +8.189419331e+02 +8.189419331e+02
39925 +5.620773011e+02 +5.620773011e+02 +4.699873011e+02 +4.699873011e+02
44359 +3.819436982e+02 +3.819436982e+02 +2.898536982e+02 +2.898536982e+02
50403 +2.386832923e+02 +2.386832923e+02 +1.465932923e+02 +1.465932923e+02
56794 +1.581191778e+02 +1.581191778e+02 +6.602917780e+01 +6.602917780e+01
61968 +9.603209135e+01 +9.603209135e+01 +3.942091352e+00 +3.942091352e+00
67482 +6.250935517e+01 +6.250935517e+01 -2.958064483e+01 -2.958064483e+01
70237 +3.662074036e+01 +3.662074036e+01 -5.546925964e+01 -5.546925964e+01
77232 +2.435534103e+01 +2.435534103e+01 -6.773465897e+01 -6.773465897e+01
84403 +1.523833067e+01 +1.523833067e+01 -7.685166933e+01 -7.685166933e+01
103418 +9.984006941e+00 +9.984006941e+00 -8.210599306e+01 -8.210599306e+01
104783 +6.290782101e+00 +6.290782101e+00 -8.579921790e+01 -8.579921790e+01
113891 +3.857392486e+00 +3.857392486e+00 -8.823260751e+01 -8.823260751e+01
130224 +2.499841702e+00 +2.499841702e+00 -8.959015830e+01 -8.959015830e+01
136428 +1.501375623e+00 +1.501375623e+00 -9.058862438e+01 -9.058862438e+01
142939 +9.831452235e-01 +9.831452235e-01 -9.110685478e+01 -9.110685478e+01
149389 +6.292330953e-01 +6.292330953e-01 -9.146076690e+01 -9.146076690e+01
155593 +3.787034184e-01 +3.787034184e-01 -9.171129658e+01 -9.171129658e+01
159443 +2.489845906e-01 +2.489845906e-01 -9.184101541e+01 -9.184101541e+01
162460 +1.524752705e-01 +1.524752705e-01 -9.193752473e+01 -9.193752473e+01
166012 +9.935803501e-02 +9.935803501e-02 -9.199064196e+01 -9.199064196e+01
170032 +6.220654757e-02 +6.220654757e-02 -9.202779345e+01 -9.202779345e+01
173763 +3.811233465e-02 +3.811233465e-02 -9.205188767e+01 -9.205188767e+01
176894 +2.491173789e-02 +2.491173789e-02 -9.206508826e+01 -9.206508826e+01
181001 +1.537405201e-02 +1.537405201e-02 -9.207462595e+01 -9.207462595e+01
186221 +8.890865246e-03 +8.890865246e-03 -9.208110913e+01 -9.208110913e+01
192077 +5.982664465e-03 +5.982664465e-03 -9.208401734e+01 -9.208401734e+01
199484 +3.960155014e-03 +3.960155014e-03 -9.208603984e+01 -9.208603984e+01
211489 +2.509615959e-03 +2.509615959e-03 -9.208749038e+01 -9.208749038e+01
220179 +1.559486821e-03 +1.559486821e-03 -9.208844051e+01 -9.208844051e+01
223570 +9.919630715e-04 +9.919630715e-04 -9.208900804e+01 -9.208900804e+01
228034 +6.192455847e-04 +6.192455847e-04 -9.208938075e+01 -9.208938075e+01
232917 +3.717815366e-04 +3.717815366e-04 -9.208962822e+01 -9.208962822e+01
235568 +2.444069695e-04 +2.444069695e-04 -9.208975559e+01 -9.208975559e+01
239802 +1.534265310e-04 +1.534265310e-04 -9.208984657e+01 -9.208984657e+01
243268 +9.904522906e-05 +9.904522906e-05 -9.208990095e+01 -9.208990095e+01
250576 +6.052738435e-05 +6.052738435e-05 -9.208993947e+01 -9.208993947e+01
257864 +3.969111606e-05 +3.969111606e-05 -9.208996031e+01 -9.208996031e+01
261606 +2.405030955e-05 +2.405030955e-05 -9.208997595e+01 -9.208997595e+01
266486 +1.481292385e-05 +1.481292385e-05 -9.208998519e+01 -9.208998519e+01
270099 +9.929146103e-06 +9.929146103e-06 -9.208999007e+01 -9.208999007e+01
272712 +6.100650722e-06 +6.100650722e-06 -9.208999390e+01 -9.208999390e+01
279063 +3.866614009e-06 +3.866614009e-06 -9.208999613e+01 -9.208999613e+01
285132 +2.404906368e-06 +2.404906368e-06 -9.208999760e+01 -9.208999760e+01
288544 +1.524743240e-06 +1.524743240e-06 -9.208999848e+01 -9.208999848e+01
291004 +9.854201295e-07 +9.854201295e-07 -9.208999901e+01 -9.208999901e+01
295962 +6.225440359e-07 +6.225440359e-07 -9.208999938e+01 -9.208999938e+01
299538 +3.911971191e-07 +3.911971191e-07 -9.208999961e+01 -9.208999961e+01
302420 +2.365583640e-07 +2.365583640e-07 -9.208999976e+01 -9.208999976e+01
305977 +1.454491354e-07 +1.454491354e-07 -9.208999985e+01 -9.208999985e+01
309330 +9.055663952e-08 +9.055663952e-08 -9.208999991e+01 -9.208999991e+01
311802 +6.224240678e-08 +6.224240678e-08 -9.208999994e+01 -9.208999994e+01
316446 +3.777965674e-08 +3.777965674e-08 -9.208999996e+01 -9.208999996e+01
320509 +2.231391250e-08 +2.231391250e-08 -9.208999998e+01 -9.208999998e+01
325213 +1.514658265e-08 +1.514658265e-08 -9.208999998e+01 -9.208999998e+01
327326 +9.686530689e-09 +9.686530689e-09 -9.208999999e+01 -9.208999999e+01
% function evaluation | noise-free fitness - Fopt (-8.789000000000e+01) | best noise-free fitness - Fopt | measured fitness | best measured fitness | x1 | x2...
1 +2.882809743e+07 +2.882809743e+07 +2.882800954e+07 +2.882800954e+07
6 +2.150922800e+07 +2.150922800e+07 +2.150914011e+07 +2.150914011e+07
16 +1.483290556e+07 +1.483290556e+07 +1.483281767e+07 +1.483281767e+07
122 +9.700476554e+06 +9.700476554e+06 +9.700388664e+06 +9.700388664e+06
644 +4.257318488e+06 +4.257318488e+06 +4.257230598e+06 +4.257230598e+06
2123 +3.477982606e+06 +3.477982606e+06 +3.477894716e+06 +3.477894716e+06
3889 +2.012318117e+06 +2.012318117e+06 +2.012230227e+06 +2.012230227e+06
4035 +1.378403683e+06 +1.378403683e+06 +1.378315793e+06 +1.378315793e+06
6007 +7.848331399e+05 +7.848331399e+05 +7.847452499e+05 +7.847452499e+05
7801 +5.990758776e+05 +5.990758776e+05 +5.989879876e+05 +5.989879876e+05
9415 +3.287683694e+05 +3.287683694e+05 +3.286804794e+05 +3.286804794e+05
10773 +2.340588099e+05 +2.340588099e+05 +2.339709199e+05 +2.339709199e+05
12257 +1.107156252e+05 +1.107156252e+05 +1.106277352e+05 +1.106277352e+05
13651 +7.131592822e+04 +7.131592822e+04 +7.122803822e+04 +7.122803822e+04
15448 +6.148568087e+04 +6.148568087e+04 +6.139779087e+04 +6.139779087e+04
17722 +3.770354280e+04 +3.770354280e+04 +3.761565280e+04 +3.761565280e+04
19604 +2.356850853e+04 +2.356850853e+04 +2.348061853e+04 +2.348061853e+04
21214 +1.530047082e+04 +1.530047082e+04 +1.521258082e+04 +1.521258082e+04
22801 +9.113423752e+03 +9.113423752e+03 +9.025533752e+03 +9.025533752e+03
25656 +5.583167224e+03 +5.583167224e+03 +5.495277224e+03 +5.495277224e+03
28100 +3.959640558e+03 +3.959640558e+03 +3.871750558e+03 +3.871750558e+03
30800 +2.182912838e+03 +2.182912838e+03 +2.095022838e+03 +2.095022838e+03
33520 +1.582256005e+03 +1.582256005e+03 +1.494366005e+03 +1.494366005e+03
38209 +9.865861149e+02 +9.865861149e+02 +8.986961149e+02 +8.986961149e+02
42022 +6.278479609e+02 +6.278479609e+02 +5.399579609e+02 +5.399579609e+02
48359 +3.743964792e+02 +3.743964792e+02 +2.865064792e+02 +2.865064792e+02
56216 +2.490116592e+02 +2.490116592e+02 +1.611216592e+02 +1.611216592e+02
64321 +1.565237486e+02 +1.565237486e+02 +6.863374855e+01 +6.863374855e+01
69222 +9.911391151e+01 +9.911391151e+01 +1.122391151e+01 +1.122391151e+01
78275 +6.270851940e+01 +6.270851940e+01 -2.518148060e+01 -2.518148060e+01
90040 +3.912172895e+01 +3.912172895e+01 -4.876827105e+01 -4.876827105e+01
95830 +2.472609195e+01 +2.472609195e+01 -6.316390805e+01 -6.316390805e+01
102836 +1.552085835e+01 +1.552085835e+01 -7.236914165e+01 -7.236914165e+01
117515 +9.941016451e+00 +9.941016451e+00 -7.794898355e+01 -7.794898355e+01
123727 +6.235653603e+00 +6.235653603e+00 -8.165434640e+01 -8.165434640e+01
128057 +3.947233018e+00 +3.947233018e+00 -8.394276698e+01 -8.394276698e+01
133275 +2.308165589e+00 +2.308165589e+00 -8.558183441e+01 -8.558183441e+01
136425 +1.535157876e+00 +1.535157876e+00 -8.635484212e+01 -8.635484212e+01
140942 +9.445545112e-01 +9.445545112e-01 -8.694544549e+01 -8.694544549e+01
145430 +6.154964358e-01 +6.154964358e-01 -8.727450356e+01 -8.727450356e+01
148363 +3.928703772e-01 +3.928703772e-01 -8.749712962e+01 -8.749712962e+01
152551 +2.287324056e-01 +2.287324056e-01 -8.766126759e+01 -8.766126759e+01
156163 +1.515351299e-01 +1.515351299e-01 -8.773846487e+01 -8.773846487e+01
160147 +9.656790429e-02 +9.656790429e-02 -8.779343210e+01 -8.779343210e+01
163098 +5.968730174e-02 +5.968730174e-02 -8.783031270e+01 -8.783031270e+01
165682 +3.748256055e-02 +3.748256055e-02 -8.785251744e+01 -8.785251744e+01
168616 +2.483608641e-02 +2.483608641e-02 -8.786516391e+01 -8.786516391e+01
173139 +1.493578429e-02 +1.493578429e-02 -8.787506422e+01 -8.787506422e+01
176220 +9.980320202e-03 +9.980320202e-03 -8.788001968e+01 -8.788001968e+01
179164 +6.177271677e-03 +6.177271677e-03 -8.788382273e+01 -8.788382273e+01
182293 +3.880600907e-03 +3.880600907e-03 -8.788611940e+01 -8.788611940e+01
184476 +2.480822552e-03 +2.480822552e-03 -8.788751918e+01 -8.788751918e+01
187317 +1.368662243e-03 +1.368662243e-03 -8.788863134e+01 -8.788863134e+01
189161 +8.252264004e-04 +8.252264004e-04 -8.788917477e+01 -8.788917477e+01
192438 +5.868232522e-04 +5.868232522e-04 -8.788941318e+01 -8.788941318e+01
194644 +3.952791807e-04 +3.952791807e-04 -8.788960472e+01 -8.788960472e+01
197146 +2.473102401e-04 +2.473102401e-04 -8.788975269e+01 -8.788975269e+01
199721 +1.410884565e-04 +1.410884565e-04 -8.788985891e+01 -8.788985891e+01
201068 +9.345888712e-05 +9.345888712e-05 -8.788990654e+01 -8.788990654e+01
204852 +5.454351096e-05 +5.454351096e-05 -8.788994546e+01 -8.788994546e+01
207447 +3.877326883e-05 +3.877326883e-05 -8.788996123e+01 -8.788996123e+01
209444 +2.486767926e-05 +2.486767926e-05 -8.788997513e+01 -8.788997513e+01
212492 +1.408087344e-05 +1.408087344e-05 -8.788998592e+01 -8.788998592e+01
216510 +9.830952948e-06 +9.830952948e-06 -8.788999017e+01 -8.788999017e+01
219021 +6.278562054e-06 +6.278562054e-06 -8.788999372e+01 -8.788999372e+01
222596 +3.966285846e-06 +3.966285846e-06 -8.788999603e+01 -8.788999603e+01
227111 +2.508066487e-06 +2.508066487e-06 -8.788999749e+01 -8.788999749e+01
230878 +1.470059971e-06 +1.470059971e-06 -8.788999853e+01 -8.788999853e+01
235412 +9.637404474e-07 +9.637404474e-07 -8.788999904e+01 -8.788999904e+01
239355 +5.863475110e-07 +5.863475110e-07 -8.788999941e+01 -8.788999941e+01
244018 +3.779295952e-07 +3.779295952e-07 -8.788999962e+01 -8.788999962e+01
249170 +2.460312629e-07 +2.460312629e-07 -8.788999975e+01 -8.788999975e+01
253265 +1.441104871e-07 +1.441104871e-07 -8.788999986e+01 -8.788999986e+01
260589 +9.732892181e-08 +9.732892181e-08 -8.788999990e+01 -8.788999990e+01
266159 +6.185160828e-08 +6.185160828e-08 -8.788999994e+01 -8.788999994e+01
269767 +3.889908839e-08 +3.889908839e-08 -8.788999996e+01 -8.788999996e+01
273349 +2.498499896e-08 +2.498499896e-08 -8.788999998e+01 -8.788999998e+01
278426 +1.566102981e-08 +1.566102981e-08 -8.788999998e+01 -8.788999998e+01
282311 +9.774510090e-09 +9.774510090e-09 -8.788999999e+01 -8.788999999e+01
% function evaluation | noise-free fitness - Fopt (3.201900000000e+02) | best noise-free fitness - Fopt | measured fitness | best measured fitness | x1 | x2...
1 +4.843037170e+07 +4.843037170e+07 +4.843069189e+07 +4.843069189e+07
5 +3.210234966e+07 +3.210234966e+07 +3.210266985e+07 +3.210266985e+07
15 +1.867821129e+07 +1.867821129e+07 +1.867853148e+07 +1.867853148e+07
18 +9.710157053e+06 +9.710157053e+06 +9.710477243e+06 +9.710477243e+06
1388 +5.739045097e+06 +5.739045097e+06 +5.739365287e+06 +5.739365287e+06
3314 +2.976762129e+06 +2.976762129e+06 +2.977082319e+06 +2.977082319e+06
3798 +2.480596601e+06 +2.480596601e+06 +2.480916791e+06 +2.480916791e+06
5172 +1.366185618e+06 +1.366185618e+06 +1.366505808e+06 +1.366505808e+06
6566 +6.284900366e+05 +6.284900366e+05 +6.288102266e+05 +6.288102266e+05
9005 +3.227056108e+05 +3.227056108e+05 +3.230258008e+05 +3.230258008e+05
10085 +2.505027589e+05 +2.505027589e+05 +2.508229489e+05 +2.508229489e+05
12352 +1.464670763e+05 +1.464670763e+05 +1.467872663e+05 +1.467872663e+05
14188 +8.962484317e+04 +8.962484317e+04 +8.994503317e+04 +8.994503317e+04
15659 +5.616301554e+04 +5.616301554e+04 +5.648320554e+04 +5.648320554e+04
17625 +3.372430633e+04 +3.372430633e+04 +3.404449633e+04 +3.404449633e+04
19241 +2.335037592e+04 +2.335037592e+04 +2.367056592e+04 +2.367056592e+04
20948 +1.543680861e+04 +1.543680861e+04 +1.575699861e+04 +1.575699861e+04
24073 +9.820817939e+03 +9.820817939e+03 +1.014100794e+04 +1.014100794e+04
26420 +5.979313841e+03 +5.979313841e+03 +6.299503841e+03 +6.299503841e+03
28640 +3.714350817e+03 +3.714350817e+03 +4.034540817e+03 +4.034540817e+03
31762 +2.500302634e+03 +2.500302634e+03 +2.820492634e+03 +2.820492634e+03
35585 +1.504519165e+03 +1.504519165e+03 +1.824709165e+03 +1.824709165e+03
41630 +9.948981314e+02 +9.948981314e+02 +1.315088131e+03 +1.315088131e+03
47310 +6.182523013e+02 +6.182523013e+02 +9.384423013e+02 +9.384423013e+02
53935 +3.975777965e+02 +3.975777965e+02 +7.177677965e+02 +7.177677965e+02
59680 +2.478877945e+02 +2.478877945e+02 +5.680777945e+02 +5.680777945e+02
63376 +1.516984097e+02 +1.516984097e+02 +4.718884097e+02 +4.718884097e+02
67251 +9.987327233e+01 +9.987327233e+01 +4.200632723e+02 +4.200632723e+02
71675 +5.980897329e+01 +5.980897329e+01 +3.799989733e+02 +3.799989733e+02
75760 +3.671261960e+01 +3.671261960e+01 +3.569026196e+02 +3.569026196e+02
79644 +2.404340934e+01 +2.404340934e+01 +3.442334093e+02 +3.442334093e+02
82737 +1.573318162e+01 +1.573318162e+01 +3.359231816e+02 +3.359231816e+02
87055 +9.051979368e+00 +9.051979368e+00 +3.292419794e+02 +3.292419794e+02
89942 +6.207234984e+00 +6.207234984e+00 +3.263972350e+02 +3.263972350e+02
93889 +3.835175517e+00 +3.835175517e+00 +3.240251755e+02 +3.240251755e+02
97929 +2.099470224e+00 +2.099470224e+00 +3.222894702e+02 +3.222894702e+02
101820 +1.443141934e+00 +1.443141934e+00 +3.216331419e+02 +3.216331419e+02
105304 +9.879701401e-01 +9.879701401e-01 +3.211779701e+02 +3.211779701e+02
107726 +6.176886762e-01 +6.176886762e-01 +3.208076887e+02 +3.208076887e+02
110571 +3.936116473e-01 +3.936116473e-01 +3.205836116e+02 +3.205836116e+02
113837 +2.293699660e-01 +2.293699660e-01 +3.204193700e+02 +3.204193700e+02
119003 +1.562994749e-01 +1.562994749e-01 +3.203462995e+02 +3.203462995e+02
123213 +9.250399701e-02 +9.250399701e-02 +3.202825040e+02 +3.202825040e+02
126543 +6.171233814e-02 +6.171233814e-02 +3.202517123e+02 +3.202517123e+02
129463 +3.617322060e-02 +3.617322060e-02 +3.202261732e+02 +3.202261732e+02
134264 +2.392757170e-02 +2.392757170e-02 +3.202139276e+02 +3.202139276e+02
138135 +1.547811408e-02 +1.547811408e-02 +3.202054781e+02 +3.202054781e+02
140826 +9.371618336e-03 +9.371618336e-03 +3.201993716e+02 +3.201993716e+02
144654 +5.029669268e-03 +5.029669268e-03 +3.201950297e+02 +3.201950297e+02
147462 +3.626862809e-03 +3.626862809e-03 +3.201936269e+02 +3.201936269e+02
153329 +2.505568494e-03 +2.505568494e-03 +3.201925056e+02 +3.201925056e+02
158499 +1.584171821e-03 +1.584171821e-03 +3.201915842e+02 +3.201915842e+02
163530 +9.876644687e-04 +9.876644687e-04 +3.201909877e+02 +3.201909877e+02
167143 +6.305842025e-04 +6.305842025e-04 +3.201906306e+02 +3.201906306e+02
171985 +3.975647528e-04 +3.975647528e-04 +3.201903976e+02 +3.201903976e+02
178171 +2.436891086e-04 +2.436891086e-04 +3.201902437e+02 +3.201902437e+02
182738 +1.573887469e-04 +1.573887469e-04 +3.201901574e+02 +3.201901574e+02
187375 +9.918642218e-05 +9.918642218e-05 +3.201900992e+02 +3.201900992e+02
190632 +6.123764410e-05 +6.123764410e-05 +3.201900612e+02 +3.201900612e+02
195685 +3.976948722e-05 +3.976948722e-05 +3.201900398e+02 +3.201900398e+02
200544 +2.301821655e-05 +2.301821655e-05 +3.201900230e+02 +3.201900230e+02
204653 +1.568506275e-05 +1.568506275e-05 +3.201900157e+02 +3.201900157e+02
206821 +9.971832753e-06 +9.971832753e-06 +3.201900100e+02 +3.201900100e+02
210901 +6.130573581e-06 +6.130573581e-06 +3.201900061e+02 +3.201900061e+02
213731 +3.936472638e-06 +3.936472638e-06 +3.201900039e+02 +3.201900039e+02
216144 +2.505093619e-06 +2.505093619e-06 +3.201900025e+02 +3.201900025e+02
220171 +1.552817594e-06 +1.552817594e-06 +3.201900016e+02 +3.201900016e+02
225128 +9.549269748e-07 +9.549269748e-07 +3.201900010e+02 +3.201900010e+02
231980 +6.145475027e-07 +6.145475027e-07 +3.201900006e+02 +3.201900006e+02
235075 +3.924445764e-07 +3.924445764e-07 +3.201900004e+02 +3.201900004e+02
239396 +2.492405997e-07 +2.492405997e-07 +3.201900002e+02 +3.201900002e+02
240543 +1.538407446e-07 +1.538407446e-07 +3.201900002e+02 +3.201900002e+02
243745 +9.482357655e-08 +9.482357655e-08 +3.201900001e+02 +3.201900001e+02
246909 +6.178674994e-08 +6.178674994e-08 +3.201900001e+02 +3.201900001e+02
249669 +3.952317229e-08 +3.952317229e-08 +3.201900000e+02 +3.201900000e+02
252198 +2.417783662e-08 +2.417783662e-08 +3.201900000e+02 +3.201900000e+02
254814 +1.568605512e-08 +1.568605512e-08 +3.201900000e+02 +3.201900000e+02
259025 +9.911389043e-09 +9.911389043e-09 +3.201900000e+02 +3.201900000e+02
% function evaluation | noise-free fitness - Fopt (-1.042400000000e+02) | best noise-free fitness - Fopt | measured fitness | best measured fitness | x1 | x2...
1 +4.495986305e+07 +4.495986305e+07 +4.495975881e+07 +4.495975881e+07
2 +1.255890926e+07 +1.255890926e+07 +1.255880502e+07 +1.255880502e+07
62 +7.508103583e+06 +7.508103583e+06 +7.507999343e+06 +7.507999343e+06
145 +5.627824182e+06 +5.627824182e+06 +5.627719942e+06 +5.627719942e+06
2015 +3.758066552e+06 +3.758066552e+06 +3.757962312e+06 +3.757962312e+06
3394 +1.691455343e+06 +1.691455343e+06 +1.691351103e+06 +1.691351103e+06
4821 +1.459895073e+06 +1.459895073e+06 +1.459790833e+06 +1.459790833e+06
6121 +7.960443660e+05 +7.960443660e+05 +7.959401260e+05 +7.959401260e+05
6728 +5.503003752e+05 +5.503003752e+05 +5.501961352e+05 +5.501961352e+05
9637 +3.481204609e+05 +3.481204609e+05 +3.480162209e+05 +3.480162209e+05
10258 +2.440752926e+05 +2.440752926e+05 +2.439710526e+05 +2.439710526e+05
12513 +1.561682247e+05 +1.561682247e+05 +1.560639847e+05 +1.560639847e+05
13741 +9.854817027e+04 +9.854817027e+04 +9.844393027e+04 +9.844393027e+04
15826 +5.209306539e+04 +5.209306539e+04 +5.198882539e+04 +5.198882539e+04
16907 +3.776354622e+04 +3.776354622e+04 +3.765930622e+04 +3.765930622e+04
17512 +2.398544964e+04 +2.398544964e+04 +2.388120964e+04 +2.388120964e+04
19736 +1.404030433e+04 +1.404030433e+04 +1.393606433e+04 +1.393606433e+04
23132 +9.556215497e+03 +9.556215497e+03 +9.451975497e+03 +9.451975497e+03
25674 +6.098389372e+03 +6.098389372e+03 +5.994149372e+03 +5.994149372e+03
28641 +3.848765873e+03 +3.848765873e+03 +3.744525873e+03 +3.744525873e+03
31243 +2.492188124e+03 +2.492188124e+03 +2.387948124e+03 +2.387948124e+03
35709 +1.474323509e+03 +1.474323509e+03 +1.370083509e+03 +1.370083509e+03
40420 +9.913886366e+02 +9.913886366e+02 +8.871486366e+02 +8.871486366e+02
47104 +6.119821343e+02 +6.119821343e+02 +5.077421343e+02 +5.077421343e+02
52064 +3.913544350e+02 +3.913544350e+02 +2.871144350e+02 +2.871144350e+02
54525 +2.413133581e+02 +2.413133581e+02 +1.370733581e+02 +1.370733581e+02
58931 +1.442045577e+02 +1.442045577e+02 +3.996455771e+01 +3.996455771e+01
63201 +8.956351924e+01 +8.956351924e+01 -1.467648076e+01 -1.467648076e+01
69490 +5.924343859e+01 +5.924343859e+01 -4.499656141e+01 -4.499656141e+01
75603 +3.883221151e+01 +3.883221151e+01 -6.540778849e+01 -6.540778849e+01
82024 +2.477884780e+01 +2.477884780e+01 -7.946115220e+01 -7.946115220e+01
89192 +1.577870123e+01 +1.577870123e+01 -8.846129877e+01 -8.846129877e+01
98069 +9.999209937e+00 +9.999209937e+00 -9.424079006e+01 -9.424079006e+01
105292 +6.192567448e+00 +6.192567448e+00 -9.804743255e+01 -9.804743255e+01
114637 +3.955050815e+00 +3.955050815e+00 -1.002849492e+02 -1.002849492e+02
117480 +2.280254128e+00 +2.280254128e+00 -1.019597459e+02 -1.019597459e+02
123241 +1.519118406e+00 +1.519118406e+00 -1.027208816e+02 -1.027208816e+02
126915 +9.886826390e-01 +9.886826390e-01 -1.032513174e+02 -1.032513174e+02
131457 +6.275632797e-01 +6.275632797e-01 -1.036124367e+02 -1.036124367e+02
135683 +3.898175921e-01 +3.898175921e-01 -1.038501824e+02 -1.038501824e+02
140571 +2.505165198e-01 +2.505165198e-01 -1.039894835e+02 -1.039894835e+02
146810 +1.576252109e-01 +1.576252109e-01 -1.040823748e+02 -1.040823748e+02
149749 +9.526969402e-02 +9.526969402e-02 -1.041447303e+02 -1.041447303e+02
153743 +6.134297764e-02 +6.134297764e-02 -1.041786570e+02 -1.041786570e+02
157032 +3.925587049e-02 +3.925587049e-02 -1.042007441e+02 -1.042007441e+02
162199 +2.498814007e-02 +2.498814007e-02 -1.042150119e+02 -1.042150119e+02
165788 +1.460739692e-02 +1.460739692e-02 -1.042253926e+02 -1.042253926e+02
169865 +9.932465336e-03 +9.932465336e-03 -1.042300675e+02 -1.042300675e+02
173451 +6.028968759e-03 +6.028968759e-03 -1.042339710e+02 -1.042339710e+02
178502 +3.970905087e-03 +3.970905087e-03 -1.042360291e+02 -1.042360291e+02
183079 +2.420636897e-03 +2.420636897e-03 -1.042375794e+02 -1.042375794e+02
189866 +1.572763822e-03 +1.572763822e-03 -1.042384272e+02 -1.042384272e+02
201318 +9.843566973e-04 +9.843566973e-04 -1.042390156e+02 -1.042390156e+02
208878 +5.688859291e-04 +5.688859291e-04 -1.042394311e+02 -1.042394311e+02
212888 +3.816940364e-04 +3.816940364e-04 -1.042396183e+02 -1.042396183e+02
220804 +2.453154287e-04 +2.453154287e-04 -1.042397547e+02 -1.042397547e+02
223898 +1.516927475e-04 +1.516927475e-04 -1.042398483e+02 -1.042398483e+02
227629 +9.840189367e-05 +9.840189367e-05 -1.042399016e+02 -1.042399016e+02
232483 +5.919236969e-05 +5.919236969e-05 -1.042399408e+02 -1.042399408e+02
237078 +3.888438221e-05 +3.888438221e-05 -1.042399611e+02 -1.042399611e+02
242403 +2.302198526e-05 +2.302198526e-05 -1.042399770e+02 -1.042399770e+02
247000 +1.557345149e-05 +1.557345149e-05 -1.042399844e+02 -1.042399844e+02
252327 +9.897321675e-06 +9.897321675e-06 -1.042399901e+02 -1.042399901e+02
259196 +6.205094095e-06 +6.205094095e-06 -1.042399938e+02 -1.042399938e+02
265224 +3.879763369e-06 +3.879763369e-06 -1.042399961e+02 -1.042399961e+02
269382 +2.441143650e-06 +2.441143650e-06 -1.042399976e+02 -1.042399976e+02
273519 +1.573586559e-06 +1.573586559e-06 -1.042399984e+02 -1.042399984e+02
276831 +9.505941563e-07 +9.505941563e-07 -1.042399990e+02 -1.042399990e+02
280896 +5.799140581e-07 +5.799140581e-07 -1.042399994e+02 -1.042399994e+02
285637 +3.837938323e-07 +3.837938323e-07 -1.042399996e+02 -1.042399996e+02
288935 +2.467604929e-07 +2.467604929e-07 -1.042399998e+02 -1.042399998e+02
292372 +1.525668125e-07 +1.525668125e-07 -1.042399998e+02 -1.042399998e+02
297031 +9.321725258e-08 +9.321725258e-08 -1.042399999e+02 -1.042399999e+02
302081 +6.292117405e-08 +6.292117405e-08 -1.042399999e+02 -1.042399999e+02
305758 +3.974561480e-08 +3.974561480e-08 -1.042400000e+02 -1.042400000e+02
309355 +2.484543415e-08 +2.484543415e-08 -1.042400000e+02 -1.042400000e+02
311920 +1.507426362e-08 +1.507426362e-08 -1.042400000e+02 -1.042400000e+02
316054 +9.905974707e-09 +9.905974707e-09 -1.042400000e+02 -1.042400000e+02
% function evaluation | noise-free fitness - Fopt (-3.570000000000e+01) | best noise-free fitness - Fopt | measured fitness | best measured fitness | x1 | x2...
1 +5.468403034e+07 +5.468403034e+07 +5.468399464e+07 +5.468399464e+07
3 +2.455688414e+07 +2.455688414e+07 +2.455684844e+07 +2.455684844e+07
94 +1.470495265e+07 +1.470495265e+07 +1.470491695e+07 +1.470491695e+07
878 +9.780834714e+06 +9.780834714e+06 +9.780799014e+06 +9.780799014e+06
1421 +4.470970844e+06 +4.470970844e+06 +4.470935144e+06 +4.470935144e+06
1656 +3.846328810e+06 +3.846328810e+06 +3.846293110e+06 +3.846293110e+06
4044 +1.729969942e+06 +1.729969942e+06 +1.729934242e+06 +1.729934242e+06
4704 +8.553453288e+05 +8.553453288e+05 +8.553096288e+05 +8.553096288e+05
7342 +5.991497790e+05 +5.991497790e+05 +5.991140790e+05 +5.991140790e+05
9444 +3.614698462e+05 +3.614698462e+05 +3.614341462e+05 +3.614341462e+05
11072 +2.324856686e+05 +2.324856686e+05 +2.324499686e+05 +2.324499686e+05
11861 +1.519196893e+05 +1.519196893e+05 +1.518839893e+05 +1.518839893e+05
14837 +9.732756817e+04 +9.732756817e+04 +9.729186817e+04 +9.729186817e+04
16861 +5.850567030e+04 +5.850567030e+04 +5.846997030e+04 +5.846997030e+04
17643 +3.584287308e+04 +3.584287308e+04 +3.580717308e+04 +3.580717308e+04
19750 +2.499109146e+04 +2.499109146e+04 +2.495539146e+04 +2.495539146e+04
22725 +1.558950979e+04 +1.558950979e+04 +1.555380979e+04 +1.555380979e+04
24093 +9.714423851e+03 +9.714423851e+03 +9.678723851e+03 +9.678723851e+03
27212 +5.555269099e+03 +5.555269099e+03 +5.519569099e+03 +5.519569099e+03
29646 +3.662761575e+03 +3.662761575e+03 +3.627061575e+03 +3.627061575e+03
31648 +2.388591893e+03 +2.388591893e+03 +2.352891893e+03 +2.352891893e+03
34953 +1.503927478e+03 +1.503927478e+03 +1.468227478e+03 +1.468227478e+03
39011 +9.280630665e+02 +9.280630665e+02 +8.923630665e+02 +8.923630665e+02
42666 +6.296063843e+02 +6.296063843e+02 +5.939063843e+02 +5.939063843e+02
46277 +3.770743609e+02 +3.770743609e+02 +3.413743609e+02 +3.413743609e+02
50546 +2.413291830e+02 +2.413291830e+02 +2.056291830e+02 +2.056291830e+02
54646 +1.523253871e+02 +1.523253871e+02 +1.166253871e+02 +1.166253871e+02
56650 +9.300276318e+01 +9.300276318e+01 +5.730276318e+01 +5.730276318e+01
60437 +6.258753216e+01 +6.258753216e+01 +2.688753216e+01 +2.688753216e+01
66202 +3.760918063e+01 +3.760918063e+01 +1.909180635e+00 +1.909180635e+00
71475 +2.478098884e+01 +2.478098884e+01 -1.091901116e+01 -1.091901116e+01
75752 +1.566730255e+01 +1.566730255e+01 -2.003269745e+01 -2.003269745e+01
79746 +8.738227432e+00 +8.738227432e+00 -2.696177257e+01 -2.696177257e+01
83336 +5.182528410e+00 +5.182528410e+00 -3.051747159e+01 -3.051747159e+01
87041 +3.803370106e+00 +3.803370106e+00 -3.189662989e+01 -3.189662989e+01
91317 +2.456861299e+00 +2.456861299e+00 -3.324313870e+01 -3.324313870e+01
94740 +1.553239038e+00 +1.553239038e+00 -3.414676096e+01 -3.414676096e+01
98163 +9.598779439e-01 +9.598779439e-01 -3.474012206e+01 -3.474012206e+01
103845 +6.254882964e-01 +6.254882964e-01 -3.507451170e+01 -3.507451170e+01
109117 +3.956116512e-01 +3.956116512e-01 -3.530438835e+01 -3.530438835e+01
116952 +2.435509874e-01 +2.435509874e-01 -3.545644901e+01 -3.545644901e+01
118741 +1.524910845e-01 +1.524910845e-01 -3.554750892e+01 -3.554750892e+01
123053 +9.705254878e-02 +9.705254878e-02 -3.560294745e+01 -3.560294745e+01
125004 +6.149319238e-02 +6.149319238e-02 -3.563850681e+01 -3.563850681e+01
128014 +3.971520238e-02 +3.971520238e-02 -3.566028480e+01 -3.566028480e+01
132299 +2.423183131e-02 +2.423183131e-02 -3.567576817e+01 -3.567576817e+01
135266 +1.552853517e-02 +1.552853517e-02 -3.568447146e+01 -3.568447146e+01
139222 +9.519238578e-03 +9.519238578e-03 -3.569048076e+01 -3.569048076e+01
141847 +5.744863852e-03 +5.744863852e-03 -3.569425514e+01 -3.569425514e+01
145660 +3.868111736e-03 +3.868111736e-03 -3.569613189e+01 -3.569613189e+01
150119 +2.428800960e-03 +2.428800960e-03 -3.569757120e+01 -3.569757120e+01
155100 +1.526934200e-03 +1.526934200e-03 -3.569847307e+01 -3.569847307e+01
159907 +9.564850151e-04 +9.564850151e-04 -3.569904351e+01 -3.569904351e+01
163718 +6.044042066e-04 +6.044042066e-04 -3.569939560e+01 -3.569939560e+01
166167 +3.795173098e-04 +3.795173098e-04 -3.569962048e+01 -3.569962048e+01
169672 +2.245825706e-04 +2.245825706e-04 -3.569977542e+01 -3.569977542e+01
172966 +1.530632755e-04 +1.530632755e-04 -3.569984694e+01 -3.569984694e+01
176244 +9.937753898e-05 +9.937753898e-05 -3.569990062e+01 -3.569990062e+01
181029 +6.124441141e-05 +6.124441141e-05 -3.569993876e+01 -3.569993876e+01
184823 +3.964945093e-05 +3.964945093e-05 -3.569996035e+01 -3.569996035e+01
189628 +2.446463812e-05 +2.446463812e-05 -3.569997554e+01 -3.569997554e+01
192237 +1.505013881e-05 +1.505013881e-05 -3.569998495e+01 -3.569998495e+01
196472 +9.894831578e-06 +9.894831578e-06 -3.569999011e+01 -3.569999011e+01
198443 +6.037042525e-06 +6.037042525e-06 -3.569999396e+01 -3.569999396e+01
202462 +3.930817215e-06 +3.930817215e-06 -3.569999607e+01 -3.569999607e+01
205819 +2.461601838e-06 +2.461601838e-06 -3.569999754e+01 -3.569999754e+01
208288 +1.567445132e-06 +1.567445132e-06 -3.569999843e+01 -3.569999843e+01
212550 +9.718195884e-07 +9.718195884e-07 -3.569999903e+01 -3.569999903e+01
216808 +5.787399431e-07 +5.787399431e-07 -3.569999942e+01 -3.569999942e+01
220098 +3.720116268e-07 +3.720116268e-07 -3.569999963e+01 -3.569999963e+01
225188 +2.507660071e-07 +2.507660071e-07 -3.569999975e+01 -3.569999975e+01
227926 +1.579700211e-07 +1.579700211e-07 -3.569999984e+01 -3.569999984e+01
232772 +9.960349701e-08 +9.960349701e-08 -3.569999990e+01 -3.569999990e+01
236182 +6.193441493e-08 +6.193441493e-08 -3.569999994e+01 -3.569999994e+01
239045 +3.863895870e-08 +3.863895870e-08 -3.569999996e+01 -3.569999996e+01
242924 +2.164480861e-08 +2.164480861e-08 -3.569999998e+01 -3.569999998e+01
246010 +1.562535346e-08 +1.562535346e-08 -3.569999998e+01 -3.569999998e+01
249645 +9.672071144e-09 +9.672071144e-09 -3.569999999e+01 -3.569999999e+01
% function evaluation | noise-free fitness - Fopt (2.070000000000e+01) | best noise-free fitness - Fopt | measured fitness | best measured fitness | x1 | x2...
1 +3.639164592e+07 +3.639164592e+07 +3.639166662e+07 +3.639166662e+07
2 +2.501540960e+07 +2.501540960e+07 +2.501543030e+07 +2.501543030e+07
6 +1.495509968e+07 +1.495509968e+07 +1.495512038e+07 +1.495512038e+07
20 +8.072054969e+06 +8.072054969e+06 +8.072075669e+06 +8.072075669e+06
325 +5.470834990e+06 +5.470834990e+06 +5.470855690e+06 +5.470855690e+06
2194 +3.386480554e+06 +3.386480554e+06 +3.386501254e+06 +3.386501254e+06
3943 +2.442311799e+06 +2.442311799e+06 +2.442332499e+06 +2.442332499e+06
4849 +1.534519106e+06 +1.534519106e+06 +1.534539806e+06 +1.534539806e+06
5861 +9.532774663e+05 +9.532774663e+05 +9.532981663e+05 +9.532981663e+05
7941 +5.189638089e+05 +5.189638089e+05 +5.189845089e+05 +5.189845089e+05
9369 +3.882463897e+05 +3.882463897e+05 +3.882670897e+05 +3.882670897e+05
11404 +1.889282182e+05 +1.889282182e+05 +1.889489182e+05 +1.889489182e+05
12124 +1.248887805e+05 +1.248887805e+05 +1.249094805e+05 +1.249094805e+05
14886 +8.558443901e+04 +8.558443901e+04 +8.560513901e+04 +8.560513901e+04
16410 +4.663623550e+04 +4.663623550e+04 +4.665693550e+04 +4.665693550e+04
16627 +3.819453891e+04 +3.819453891e+04 +3.821523891e+04 +3.821523891e+04
19541 +1.864507431e+04 +1.864507431e+04 +1.866577431e+04 +1.866577431e+04
21682 +1.304793141e+04 +1.304793141e+04 +1.306863141e+04 +1.306863141e+04
24261 +9.549041559e+03 +9.549041559e+03 +9.569741559e+03 +9.569741559e+03
25896 +6.058147480e+03 +6.058147480e+03 +6.078847480e+03 +6.078847480e+03
28269 +3.942410968e+03 +3.942410968e+03 +3.963110968e+03 +3.963110968e+03
30409 +2.234687633e+03 +2.234687633e+03 +2.255387633e+03 +2.255387633e+03
31601 +1.455693178e+03 +1.455693178e+03 +1.476393178e+03 +1.476393178e+03
35236 +9.913371966e+02 +9.913371966e+02 +1.012037197e+03 +1.012037197e+03
38695 +6.147216022e+02 +6.147216022e+02 +6.354216022e+02 +6.354216022e+02
42928 +3.954182101e+02 +3.954182101e+02 +4.161182101e+02 +4.161182101e+02
46114 +2.501431874e+02 +2.501431874e+02 +2.708431874e+02 +2.708431874e+02
49896 +1.561731572e+02 +1.561731572e+02 +1.768731572e+02 +1.768731572e+02
56177 +9.349738756e+01 +9.349738756e+01 +1.141973876e+02 +1.141973876e+02
63137 +6.084938533e+01 +6.084938533e+01 +8.154938533e+01 +8.154938533e+01
67695 +3.890372219e+01 +3.890372219e+01 +5.960372219e+01 +5.960372219e+01
73649 +2.402122037e+01 +2.402122037e+01 +4.472122037e+01 +4.472122037e+01
81585 +1.576656092e+01 +1.576656092e+01 +3.646656092e+01 +3.646656092e+01
86728 +9.891224966e+00 +9.891224966e+00 +3.059122497e+01 +3.059122497e+01
92876 +6.299080060e+00 +6.299080060e+00 +2.699908006e+01 +2.699908006e+01
101806 +3.921285874e+00 +3.921285874e+00 +2.462128587e+01 +2.462128587e+01
110447 +2.256438157e+00 +2.256438157e+00 +2.295643816e+01 +2.295643816e+01
113348 +1.583958298e+00 +1.583958298e+00 +2.228395830e+01 +2.228395830e+01
120082 +9.885555005e-01 +9.885555005e-01 +2.168855550e+01 +2.168855550e+01
130256 +5.739378813e-01 +5.739378813e-01 +2.127393788e+01 +2.127393788e+01
133802 +3.903825665e-01 +3.903825665e-01 +2.109038257e+01 +2.109038257e+01
143561 +2.503444537e-01 +2.503444537e-01 +2.095034445e+01 +2.095034445e+01
149093 +1.557924984e-01 +1.557924984e-01 +2.085579250e+01 +2.085579250e+01
154617 +9.932049296e-02 +9.932049296e-02 +2.079932049e+01 +2.079932049e+01
158988 +5.842742071e-02 +5.842742071e-02 +2.075842742e+01 +2.075842742e+01
164423 +3.809631890e-02 +3.809631890e-02 +2.073809632e+01 +2.073809632e+01
168190 +2.463213639e-02 +2.463213639e-02 +2.072463214e+01 +2.072463214e+01
171574 +1.517417679e-02 +1.517417679e-02 +2.071517418e+01 +2.071517418e+01
176478 +9.908759232e-03 +9.908759232e-03 +2.070990876e+01 +2.070990876e+01
181867 +6.184986215e-03 +6.184986215e-03 +2.070618499e+01 +2.070618499e+01
186374 +3.892259983e-03 +3.892259983e-03 +2.070389226e+01 +2.070389226e+01
189374 +2.504141312e-03 +2.504141312e-03 +2.070250414e+01 +2.070250414e+01
193174 +1.505303209e-03 +1.505303209e-03 +2.070150530e+01 +2.070150530e+01
197715 +9.897438585e-04 +9.897438585e-04 +2.070098974e+01 +2.070098974e+01
201193 +6.227761805e-04 +6.227761805e-04 +2.070062278e+01 +2.070062278e+01
206649 +3.953982296e-04 +3.953982296e-04 +2.070039540e+01 +2.070039540e+01
210709 +2.384236513e-04 +2.384236513e-04 +2.070023842e+01 +2.070023842e+01
214124 +1.584146775e-04 +1.584146775e-04 +2.070015841e+01 +2.070015841e+01
219993 +9.135957906e-05 +9.135957906e-05 +2.070009136e+01 +2.070009136e+01
223972 +6.145921358e-05 +6.145921358e-05 +2.070006146e+01 +2.070006146e+01
229020 +3.849596503e-05 +3.849596503e-05 +2.070003850e+01 +2.070003850e+01
235885 +2.491350345e-05 +2.491350345e-05 +2.070002491e+01 +2.070002491e+01
242263 +1.577997917e-05 +1.577997917e-05 +2.070001578e+01 +2.070001578e+01
245471 +9.840435119e-06 +9.840435119e-06 +2.070000984e+01 +2.070000984e+01
250515 +6.051351001e-06 +6.051351001e-06 +2.070000605e+01 +2.070000605e+01
256418 +3.956111957e-06 +3.956111957e-06 +2.070000396e+01 +2.070000396e+01
261381 +2.474221741e-06 +2.474221741e-06 +2.070000247e+01 +2.070000247e+01
266698 +1.584524618e-06 +1.584524618e-06 +2.070000158e+01 +2.070000158e+01
269681 +9.579164271e-07 +9.579164271e-07 +2.070000096e+01 +2.070000096e+01
273957 +6.163861670e-07 +6.163861670e-07 +2.070000062e+01 +2.070000062e+01
279105 +3.762112968e-07 +3.762112968e-07 +2.070000038e+01 +2.070000038e+01
283898 +2.430271060e-07 +2.430271060e-07 +2.070000024e+01 +2.070000024e+01
287940 +1.554864255e-07 +1.554864255e-07 +2.070000016e+01 +2.070000016e+01
292959 +9.741443208e-08 +9.741443208e-08 +2.070000010e+01 +2.070000010e+01
297605 +6.206856185e-08 +6.206856185e-08 +2.070000006e+01 +2.070000006e+01
306307 +3.842370688e-08 +3.842370688e-08 +2.070000004e+01 +2.070000004e+01
309894 +2.481468897e-08 +2.481468897e-08 +2.070000002e+01 +2.070000002e+01
317136 +1.577343411e-08 +1.577343411e-08 +2.070000002e+01 +2.070000002e+01
321669 +9.985640759e-09 +9.985640759e-09 +2.070000001e+01 +2.070000001e+01
% function evaluation | noise-free fitness - Fopt (3.807000000000e+01) | best noise-free fitness - Fopt | measured fitness | best measured fitness | x1 | x2...
1 +3.286541247e+07 +3.286541247e+07 +3.286545054e+07 +3.286545054e+07
9 +2.183181536e+07 +2.183181536e+07 +2.183185343e+07 +2.183185343e+07
11 +1.160999492e+07 +1.160999492e+07 +1.161003299e+07 +1.161003299e+07
13 +7.494288016e+06 +7.494288016e+06 +7.494326086e+06 +7.494326086e+06
223 +5.120311265e+06 +5.120311265e+06 +5.120349335e+06 +5.120349335e+06
1813 +3.047154605e+06 +3.047154605e+06 +3.047192675e+06 +3.047192675e+06
3563 +1.936911081e+06 +1.936911081e+06 +1.936949151e+06 +1.936949151e+06
5780 +1.215644437e+06 +1.215644437e+06 +1.215682507e+06 +1.215682507e+06
6801 +7.509312986e+05 +7.509312986e+05 +7.509693686e+05 +7.509693686e+05
7963 +6.147666861e+05 +6.147666861e+05 +6.148047561e+05 +6.148047561e+05
9620 +3.296924465e+05 +3.296924465e+05 +3.297305165e+05 +3.297305165e+05
10901 +2.486138424e+05 +2.486138424e+05 +2.486519124e+05 +2.486519124e+05
12241 +1.493350610e+05 +1.493350610e+05 +1.493731310e+05 +1.493731310e+05
15039 +9.551705854e+04 +9.551705854e+04 +9.555512854e+04 +9.555512854e+04
16895 +4.007558792e+04 +4.007558792e+04 +4.011365792e+04 +4.011365792e+04
18182 +3.609664159e+04 +3.609664159e+04 +3.613471159e+04 +3.613471159e+04
20070 +1.818859612e+04 +1.818859612e+04 +1.822666612e+04 +1.822666612e+04
22200 +1.551423774e+04 +1.551423774e+04 +1.555230774e+04 +1.555230774e+04
24020 +9.298219635e+03 +9.298219635e+03 +9.336289635e+03 +9.336289635e+03
26002 +6.240793165e+03 +6.240793165e+03 +6.278863165e+03 +6.278863165e+03
28278 +3.973050489e+03 +3.973050489e+03 +4.011120489e+03 +4.011120489e+03
30374 +1.781366610e+03 +1.781366610e+03 +1.819436610e+03 +1.819436610e+03
32479 +1.515728234e+03 +1.515728234e+03 +1.553798234e+03 +1.553798234e+03
34821 +8.626739042e+02 +8.626739042e+02 +9.007439042e+02 +9.007439042e+02
37296 +5.562962925e+02 +5.562962925e+02 +5.943662925e+02 +5.943662925e+02
40548 +3.943919365e+02 +3.943919365e+02 +4.324619365e+02 +4.324619365e+02
43630 +2.412589620e+02 +2.412589620e+02 +2.793289620e+02 +2.793289620e+02
48007 +1.570263784e+02 +1.570263784e+02 +1.950963784e+02 +1.950963784e+02
51447 +9.716577388e+01 +9.716577388e+01 +1.352357739e+02 +1.352357739e+02
56357 +6.305126091e+01 +6.305126091e+01 +1.011212609e+02 +1.011212609e+02
59066 +3.876789276e+01 +3.876789276e+01 +7.683789276e+01 +7.683789276e+01
65181 +2.496411207e+01 +2.496411207e+01 +6.303411207e+01 +6.303411207e+01
70952 +1.571693679e+01 +1.571693679e+01 +5.378693679e+01 +5.378693679e+01
75369 +9.919641126e+00 +9.919641126e+00 +4.798964113e+01 +4.798964113e+01
79219 +6.277592152e+00 +6.277592152e+00 +4.434759215e+01 +4.434759215e+01
82590 +3.945281076e+00 +3.945281076e+00 +4.201528108e+01 +4.201528108e+01
89628 +2.511766797e+00 +2.511766797e+00 +4.058176680e+01 +4.058176680e+01
93036 +1.574210200e+00 +1.574210200e+00 +3.964421020e+01 +3.964421020e+01
95468 +8.780873094e-01 +8.780873094e-01 +3.894808731e+01 +3.894808731e+01
98779 +5.775237196e-01 +5.775237196e-01 +3.864752372e+01 +3.864752372e+01
101560 +3.825785506e-01 +3.825785506e-01 +3.845257855e+01 +3.845257855e+01
104312 +2.508865201e-01 +2.508865201e-01 +3.832088652e+01 +3.832088652e+01
107385 +1.324445889e-01 +1.324445889e-01 +3.820244459e+01 +3.820244459e+01
110848 +8.171147928e-02 +8.171147928e-02 +3.815171148e+01 +3.815171148e+01
115843 +6.060253459e-02 +6.060253459e-02 +3.813060253e+01 +3.813060253e+01
119346 +3.831826061e-02 +3.831826061e-02 +3.810831826e+01 +3.810831826e+01
122409 +2.307183060e-02 +2.307183060e-02 +3.809307183e+01 +3.809307183e+01
127054 +1.417563175e-02 +1.417563175e-02 +3.808417563e+01 +3.808417563e+01
130107 +9.685590937e-03 +9.685590937e-03 +3.807968559e+01 +3.807968559e+01
134735 +6.076876904e-03 +6.076876904e-03 +3.807607688e+01 +3.807607688e+01
140447 +3.807372123e-03 +3.807372123e-03 +3.807380737e+01 +3.807380737e+01
145763 +2.453451601e-03 +2.453451601e-03 +3.807245345e+01 +3.807245345e+01
151039 +1.577582734e-03 +1.577582734e-03 +3.807157758e+01 +3.807157758e+01
155583 +9.875583715e-04 +9.875583715e-04 +3.807098756e+01 +3.807098756e+01
158973 +6.229415720e-04 +6.229415720e-04 +3.807062294e+01 +3.807062294e+01
163077 +3.955665584e-04 +3.955665584e-04 +3.807039557e+01 +3.807039557e+01
167715 +2.474745043e-04 +2.474745043e-04 +3.807024747e+01 +3.807024747e+01
174025 +1.538008653e-04 +1.538008653e-04 +3.807015380e+01 +3.807015380e+01
180013 +9.829722097e-05 +9.829722097e-05 +3.807009830e+01 +3.807009830e+01
185347 +6.123550283e-05 +6.123550283e-05 +3.807006124e+01 +3.807006124e+01
202643 +3.960513474e-05 +3.960513474e-05 +3.807003961e+01 +3.807003961e+01
203627 +2.455793364e-05 +2.455793364e-05 +3.807002456e+01 +3.807002456e+01
209101 +1.574325099e-05 +1.574325099e-05 +3.807001574e+01 +3.807001574e+01
212210 +9.413803660e-06 +9.413803660e-06 +3.807000941e+01 +3.807000941e+01
215804 +6.192069385e-06 +6.192069385e-06 +3.807000619e+01 +3.807000619e+01
220517 +3.768626492e-06 +3.768626492e-06 +3.807000377e+01 +3.807000377e+01
226710 +2.477262697e-06 +2.477262697e-06 +3.807000248e+01 +3.807000248e+01
229688 +1.500950248e-06 +1.500950248e-06 +3.807000150e+01 +3.807000150e+01
233293 +9.621483485e-07 +9.621483485e-07 +3.807000096e+01 +3.807000096e+01
237371 +6.280256457e-07 +6.280256457e-07 +3.807000063e+01 +3.807000063e+01
241867 +3.793042893e-07 +3.793042893e-07 +3.807000038e+01 +3.807000038e+01
244794 +2.403398227e-07 +2.403398227e-07 +3.807000024e+01 +3.807000024e+01
249229 +1.526085853e-07 +1.526085853e-07 +3.807000015e+01 +3.807000015e+01
251443 +9.726214500e-08 +9.726214500e-08 +3.807000010e+01 +3.807000010e+01
254528 +6.174236944e-08 +6.174236944e-08 +3.807000006e+01 +3.807000006e+01
256089 +3.749707389e-08 +3.749707389e-08 +3.807000004e+01 +3.807000004e+01
259681 +2.458509840e-08 +2.458509840e-08 +3.807000002e+01 +3.807000002e+01
264024 +1.549388884e-08 +1.549388884e-08 +3.807000002e+01 +3.807000002e+01
267273 +9.753790664e-09 +9.753790664e-09 +3.807000001e+01 +3.807000001e+01
% function evaluation | noise-free fitness - Fopt (-4.542000000000e+01) | best noise-free fitness - Fopt | measured fitness | best measured fitness | x1 | x2...
1 +1.272372448e+07 +1.272372448e+07 +1.272367906e+07 +1.272367906e+07
91 +9.707997847e+06 +9.707997847e+06 +9.707952427e+06 +9.707952427e+06
997 +4.200037467e+06 +4.200037467e+06 +4.199992047e+06 +4.199992047e+06
2015 +3.397459154e+06 +3.397459154e+06 +3.397413734e+06 +3.397413734e+06
3135 +1.854176145e+06 +1.854176145e+06 +1.854130725e+06 +1.854130725e+06
4104 +1.446682604e+06 +1.446682604e+06 +1.446637184e+06 +1.446637184e+06
5963 +9.381981741e+05 +9.381981741e+05 +9.381527541e+05 +9.381527541e+05
6864 +6.110840815e+05 +6.110840815e+05 +6.110386615e+05 +6.110386615e+05
9039 +3.641360597e+05 +3.641360597e+05 +3.640906397e+05 +3.640906397e+05
10566 +2.080141450e+05 +2.080141450e+05 +2.079687250e+05 +2.079687250e+05
13182 +1.519748903e+05 +1.519748903e+05 +1.519294703e+05 +1.519294703e+05
13620 +9.855861579e+04 +9.855861579e+04 +9.851319579e+04 +9.851319579e+04
17192 +5.496397705e+04 +5.496397705e+04 +5.491855705e+04 +5.491855705e+04
17351 +3.977094024e+04 +3.977094024e+04 +3.972552024e+04 +3.972552024e+04
20696 +2.364933188e+04 +2.364933188e+04 +2.360391188e+04 +2.360391188e+04
22116 +1.565738632e+04 +1.565738632e+04 +1.561196632e+04 +1.561196632e+04
25761 +9.591458823e+03 +9.591458823e+03 +9.546038823e+03 +9.546038823e+03
28474 +5.832524868e+03 +5.832524868e+03 +5.787104868e+03 +5.787104868e+03
30895 +3.778984367e+03 +3.778984367e+03 +3.733564367e+03 +3.733564367e+03
33326 +2.462601080e+03 +2.462601080e+03 +2.417181080e+03 +2.417181080e+03
35480 +1.452657852e+03 +1.452657852e+03 +1.407237852e+03 +1.407237852e+03
39666 +9.900030587e+02 +9.900030587e+02 +9.445830587e+02 +9.445830587e+02
43279 +6.015579058e+02 +6.015579058e+02 +5.561379058e+02 +5.561379058e+02
47630 +3.890414380e+02 +3.890414380e+02 +3.436214380e+02 +3.436214380e+02
53871 +2.451032659e+02 +2.451032659e+02 +1.996832659e+02 +1.996832659e+02
60192 +1.541066654e+02 +1.541066654e+02 +1.086866654e+02 +1.086866654e+02
64559 +9.811122043e+01 +9.811122043e+01 +5.269122043e+01 +5.269122043e+01
69390 +6.239067775e+01 +6.239067775e+01 +1.697067775e+01 +1.697067775e+01
74469 +3.873876262e+01 +3.873876262e+01 -6.681237378e+00 -6.681237378e+00
76064 +2.353112231e+01 +2.353112231e+01 -2.188887769e+01 -2.188887769e+01
79256 +1.483057253e+01 +1.483057253e+01 -3.058942747e+01 -3.058942747e+01
84013 +9.879320430e+00 +9.879320430e+00 -3.554067957e+01 -3.554067957e+01
92813 +6.270422030e+00 +6.270422030e+00 -3.914957797e+01 -3.914957797e+01
96938 +3.585451135e+00 +3.585451135e+00 -4.183454886e+01 -4.183454886e+01
100128 +2.502485543e+00 +2.502485543e+00 -4.291751446e+01 -4.291751446e+01
104779 +1.569037889e+00 +1.569037889e+00 -4.385096211e+01 -4.385096211e+01
109148 +9.654205605e-01 +9.654205605e-01 -4.445457944e+01 -4.445457944e+01
114836 +6.008395023e-01 +6.008395023e-01 -4.481916050e+01 -4.481916050e+01
121710 +3.947428208e-01 +3.947428208e-01 -4.502525718e+01 -4.502525718e+01
129809 +2.485166112e-01 +2.485166112e-01 -4.517148339e+01 -4.517148339e+01
135370 +1.542976808e-01 +1.542976808e-01 -4.526570232e+01 -4.526570232e+01
139876 +9.914818036e-02 +9.914818036e-02 -4.532085182e+01 -4.532085182e+01
143237 +6.175922320e-02 +6.175922320e-02 -4.535824078e+01 -4.535824078e+01
148453 +3.777538387e-02 +3.777538387e-02 -4.538222462e+01 -4.538222462e+01
152144 +2.434935081e-02 +2.434935081e-02 -4.539565065e+01 -4.539565065e+01
158074 +1.568072509e-02 +1.568072509e-02 -4.540431927e+01 -4.540431927e+01
162853 +9.932235850e-03 +9.932235850e-03 -4.541006776e+01 -4.541006776e+01
169556 +5.982155456e-03 +5.982155456e-03 -4.541401784e+01 -4.541401784e+01
176035 +3.863838765e-03 +3.863838765e-03 -4.541613616e+01 -4.541613616e+01
180069 +2.486059531e-03 +2.486059531e-03 -4.541751394e+01 -4.541751394e+01
185325 +1.581071777e-03 +1.581071777e-03 -4.541841893e+01 -4.541841893e+01
188837 +9.913487816e-04 +9.913487816e-04 -4.541900865e+01 -4.541900865e+01
191204 +6.281204337e-04 +6.281204337e-04 -4.541937188e+01 -4.541937188e+01
194027 +3.694543936e-04 +3.694543936e-04 -4.541963055e+01 -4.541963055e+01
198419 +2.342044085e-04 +2.342044085e-04 -4.541976580e+01 -4.541976580e+01
202609 +1.495635532e-04 +1.495635532e-04 -4.541985044e+01 -4.541985044e+01
206244 +9.722607598e-05 +9.722607598e-05 -4.541990277e+01 -4.541990277e+01
211829 +6.198764304e-05 +6.198764304e-05 -4.541993801e+01 -4.541993801e+01
215843 +3.904380635e-05 +3.904380635e-05 -4.541996096e+01 -4.541996096e+01
220156 +2.484786992e-05 +2.484786992e-05 -4.541997515e+01 -4.541997515e+01
224150 +1.473372716e-05 +1.473372716e-05 -4.541998527e+01 -4.541998527e+01
228812 +9.700837893e-06 +9.700837893e-06 -4.541999030e+01 -4.541999030e+01
234548 +6.248298078e-06 +6.248298078e-06 -4.541999375e+01 -4.541999375e+01
236878 +3.895608458e-06 +3.895608458e-06 -4.541999610e+01 -4.541999610e+01
243037 +2.502697079e-06 +2.502697079e-06 -4.541999750e+01 -4.541999750e+01
247128 +1.584401140e-06 +1.584401140e-06 -4.541999842e+01 -4.541999842e+01
254791 +9.999398429e-07 +9.999398429e-07 -4.541999900e+01 -4.541999900e+01
260857 +6.160150647e-07 +6.160150647e-07 -4.541999938e+01 -4.541999938e+01
266439 +3.973492966e-07 +3.973492966e-07 -4.541999960e+01 -4.541999960e+01
269817 +2.496346383e-07 +2.496346383e-07 -4.541999975e+01 -4.541999975e+01
275413 +1.583824485e-07 +1.583824485e-07 -4.541999984e+01 -4.541999984e+01
281602 +9.257030342e-08 +9.257030342e-08 -4.541999991e+01 -4.541999991e+01
284455 +5.904821165e-08 +5.904821165e-08 -4.541999994e+01 -4.541999994e+01
290908 +3.975114993e-08 +3.975114993e-08 -4.541999996e+01 -4.541999996e+01
297794 +2.361175433e-08 +2.361175433e-08 -4.541999998e+01 -4.541999998e+01
303468 +1.564835372e-08 +1.564835372e-08 -4.541999998e+01 -4.541999998e+01
308075 +9.869935980e-09 +9.869935980e-09 -4.541999999e+01 -4.541999999e+01
% function evaluation | noise-free fitness - Fopt (6.695000000000e+01) | best noise-free fitness - Fopt | measured fitness | best measured fitness | x1 | x2...
1 +5.895433415e+07 +5.895433415e+07 +5.895440110e+07 +5.895440110e+07
2 +3.448651550e+07 +3.448651550e+07 +3.448658245e+07 +3.448658245e+07
5 +9.149144831e+06 +9.149144831e+06 +9.149211781e+06 +9.149211781e+06
707 +5.406955830e+06 +5.406955830e+06 +5.407022780e+06 +5.407022780e+06
1546 +3.476784397e+06 +3.476784397e+06 +3.476851347e+06 +3.476851347e+06
3667 +1.627730998e+06 +1.627730998e+06 +1.627797948e+06 +1.627797948e+06
4880 +1.388907556e+06 +1.388907556e+06 +1.388974506e+06 +1.388974506e+06
6531 +8.846880169e+05 +8.846880169e+05 +8.847549669e+05 +8.847549669e+05
7805 +6.279990191e+05 +6.279990191e+05 +6.280659691e+05 +6.280659691e+05
9438 +3.504458883e+05 +3.504458883e+05 +3.505128383e+05 +3.505128383e+05
10487 +2.464047990e+05 +2.464047990e+05 +2.464717490e+05 +2.464717490e+05
11829 +1.478357815e+05 +1.478357815e+05 +1.479027315e+05 +1.479027315e+05
14321 +9.510263802e+04 +9.510263802e+04 +9.516958802e+04 +9.516958802e+04
15715 +5.600199524e+04 +5.600199524e+04 +5.606894524e+04 +5.606894524e+04
17730 +3.881153201e+04 +3.881153201e+04 +3.887848201e+04 +3.887848201e+04
19902 +2.474275453e+04 +2.474275453e+04 +2.480970453e+04 +2.480970453e+04
21618 +1.511664567e+04 +1.511664567e+04 +1.518359567e+04 +1.518359567e+04
23697 +9.833945433e+03 +9.833945433e+03 +9.900895433e+03 +9.900895433e+03
26175 +5.614862905e+03 +5.614862905e+03 +5.681812905e+03 +5.681812905e+03
29201 +3.805788917e+03 +3.805788917e+03 +3.872738917e+03 +3.872738917e+03
32294 +2.311207045e+03 +2.311207045e+03 +2.378157045e+03 +2.378157045e+03
36664 +1.548825795e+03 +1.548825795e+03 +1.615775795e+03 +1.615775795e+03
40007 +9.778247106e+02 +9.778247106e+02 +1.044774711e+03 +1.044774711e+03
44901 +5.747462415e+02 +5.747462415e+02 +6.416962415e+02 +6.416962415e+02
49432 +3.772079263e+02 +3.772079263e+02 +4.441579263e+02 +4.441579263e+02
54442 +2.423103778e+02 +2.423103778e+02 +3.092603778e+02 +3.092603778e+02
59709 +1.498790792e+02 +1.498790792e+02 +2.168290792e+02 +2.168290792e+02
63469 +9.783554635e+01 +9.783554635e+01 +1.647855464e+02 +1.647855464e+02
69516 +6.160564324e+01 +6.160564324e+01 +1.285556432e+02 +1.285556432e+02
77171 +3.943412823e+01 +3.943412823e+01 +1.063841282e+02 +1.063841282e+02
87799 +2.479421171e+01 +2.479421171e+01 +9.174421171e+01 +9.174421171e+01
93753 +1.535377897e+01 +1.535377897e+01 +8.230377897e+01 +8.230377897e+01
102955 +9.855375754e+00 +9.855375754e+00 +7.680537575e+01 +7.680537575e+01
123778 +6.288321034e+00 +6.288321034e+00 +7.323832103e+01 +7.323832103e+01
129061 +3.969939511e+00 +3.969939511e+00 +7.091993951e+01 +7.091993951e+01
135843 +2.411102338e+00 +2.411102338e+00 +6.936110234e+01 +6.936110234e+01
141771 +1.551234221e+00 +1.551234221e+00 +6.850123422e+01 +6.850123422e+01
143609 +9.845795971e-01 +9.845795971e-01 +6.793457960e+01 +6.793457960e+01
146906 +5.439753841e-01 +5.439753841e-01 +6.749397538e+01 +6.749397538e+01
149615 +3.969846216e-01 +3.969846216e-01 +6.734698462e+01 +6.734698462e+01
151808 +2.469545795e-01 +2.469545795e-01 +6.719695458e+01 +6.719695458e+01
156390 +1.521856043e-01 +1.521856043e-01 +6.710218560e+01 +6.710218560e+01
160163 +9.828898981e-02 +9.828898981e-02 +6.704828899e+01 +6.704828899e+01
163664 +5.742437489e-02 +5.742437489e-02 +6.700742437e+01 +6.700742437e+01
169066 +3.961164179e-02 +3.961164179e-02 +6.698961164e+01 +6.698961164e+01
172338 +2.441691535e-02 +2.441691535e-02 +6.697441692e+01 +6.697441692e+01
176382 +1.539487739e-02 +1.539487739e-02 +6.696539488e+01 +6.696539488e+01
181824 +9.797188723e-03 +9.797188723e-03 +6.695979719e+01 +6.695979719e+01
185573 +6.264009429e-03 +6.264009429e-03 +6.695626401e+01 +6.695626401e+01
189690 +3.653709633e-03 +3.653709633e-03 +6.695365371e+01 +6.695365371e+01
192839 +2.488614152e-03 +2.488614152e-03 +6.695248861e+01 +6.695248861e+01
198199 +1.528225311e-03 +1.528225311e-03 +6.695152823e+01 +6.695152823e+01
201432 +9.686766049e-04 +9.686766049e-04 +6.695096868e+01 +6.695096868e+01
207158 +6.283710471e-04 +6.283710471e-04 +6.695062837e+01 +6.695062837e+01
209796 +3.943972377e-04 +3.943972377e-04 +6.695039440e+01 +6.695039440e+01
215698 +2.454440567e-04 +2.454440567e-04 +6.695024544e+01 +6.695024544e+01
217786 +1.488603131e-04 +1.488603131e-04 +6.695014886e+01 +6.695014886e+01
221165 +9.552035326e-05 +9.552035326e-05 +6.695009552e+01 +6.695009552e+01
224088 +6.171628515e-05 +6.171628515e-05 +6.695006172e+01 +6.695006172e+01
227019 +3.681628218e-05 +3.681628218e-05 +6.695003682e+01 +6.695003682e+01
229842 +2.485732108e-05 +2.485732108e-05 +6.695002486e+01 +6.695002486e+01
233783 +1.532976094e-05 +1.532976094e-05 +6.695001533e+01 +6.695001533e+01
240093 +9.928862909e-06 +9.928862909e-06 +6.695000993e+01 +6.695000993e+01
244441 +6.168787891e-06 +6.168787891e-06 +6.695000617e+01 +6.695000617e+01
249714 +3.929210834e-06 +3.929210834e-06 +6.695000393e+01 +6.695000393e+01
254105 +2.491447546e-06 +2.491447546e-06 +6.695000249e+01 +6.695000249e+01
261412 +1.581476198e-06 +1.581476198e-06 +6.695000158e+01 +6.695000158e+01
267016 +9.496134368e-07 +9.496134368e-07 +6.695000095e+01 +6.695000095e+01
271945 +5.931912881e-07 +5.931912881e-07 +6.695000059e+01 +6.695000059e+01
276214 +3.876314167e-07 +3.876314167e-07 +6.695000039e+01 +6.695000039e+01
281000 +2.448320231e-07 +2.448320231e-07 +6.695000024e+01 +6.695000024e+01
284792 +1.502315996e-07 +1.502315996e-07 +6.695000015e+01 +6.695000015e+01
287328 +9.379603227e-08 +9.379603227e-08 +6.695000009e+01 +6.695000009e+01
292684 +5.948828630e-08 +5.948828630e-08 +6.695000006e+01 +6.695000006e+01
297615 +3.768414558e-08 +3.768414558e-08 +6.695000004e+01 +6.695000004e+01
304228 +2.483398021e-08 +2.483398021e-08 +6.695000002e+01 +6.695000002e+01
309244 +1.569726749e-08 +1.569726749e-08 +6.695000002e+01 +6.695000002e+01
312214 +9.844342230e-09 +9.844342230e-09 +6.695000001e+01 +6.695000001e+01
% function evaluation | noise-free fitness - Fopt (5.832000000000e+01) | best noise-free fitness - Fopt | measured fitness | best measured fitness | x1 | x2...
1 +2.464156014e+07 +2.464156014e+07 +2.464161846e+07 +2.464161846e+07
8 +7.744287929e+06 +7.744287929e+06 +7.744346249e+06 +7.744346249e+06
443 +6.245534752e+06 +6.245534752e+06 +6.245593072e+06 +6.245593072e+06
1293 +3.492598802e+06 +3.492598802e+06 +3.492657122e+06 +3.492657122e+06
4201 +2.363697532e+06 +2.363697532e+06 +2.363755852e+06 +2.363755852e+06
4842 +1.541834684e+06 +1.541834684e+06 +1.541893004e+06 +1.541893004e+06
5587 +9.412829603e+05 +9.412829603e+05 +9.413412803e+05 +9.413412803e+05
7893 +5.829321497e+05 +5.829321497e+05 +5.829904697e+05 +5.829904697e+05
8856 +3.189889949e+05 +3.189889949e+05 +3.190473149e+05 +3.190473149e+05
10699 +2.331474091e+05 +2.331474091e+05 +2.332057291e+05 +2.332057291e+05
11728 +1.513980019e+05 +1.513980019e+05 +1.514563219e+05 +1.514563219e+05
12816 +8.487560148e+04 +8.487560148e+04 +8.493392148e+04 +8.493392148e+04
15456 +5.494651538e+04 +5.494651538e+04 +5.500483538e+04 +5.500483538e+04
17316 +3.929118974e+04 +3.929118974e+04 +3.934950974e+04 +3.934950974e+04
19564 +2.227443264e+04 +2.227443264e+04 +2.233275264e+04 +2.233275264e+04
21551 +1.328720341e+04 +1.328720341e+04 +1.334552341e+04 +1.334552341e+04
24176 +9.847433362e+03 +9.847433362e+03 +9.905753362e+03 +9.905753362e+03
26453 +5.562812845e+03 +5.562812845e+03 +5.621132845e+03 +5.621132845e+03
27971 +3.902384003e+03 +3.902384003e+03 +3.960704003e+03 +3.960704003e+03
31245 +2.418038393e+03 +2.418038393e+03 +2.476358393e+03 +2.476358393e+03
35003 +1.377029167e+03 +1.377029167e+03 +1.435349167e+03 +1.435349167e+03
38081 +9.883633430e+02 +9.883633430e+02 +1.046683343e+03 +1.046683343e+03
42891 +5.997775345e+02 +5.997775345e+02 +6.580975345e+02 +6.580975345e+02
46865 +3.889433617e+02 +3.889433617e+02 +4.472633617e+02 +4.472633617e+02
51315 +2.502211507e+02 +2.502211507e+02 +3.085411507e+02 +3.085411507e+02
56168 +1.552337440e+02 +1.552337440e+02 +2.135537440e+02 +2.135537440e+02
64633 +9.984259685e+01 +9.984259685e+01 +1.581625968e+02 +1.581625968e+02
76753 +6.243971083e+01 +6.243971083e+01 +1.207597108e+02 +1.207597108e+02
87669 +3.938774620e+01 +3.938774620e+01 +9.770774620e+01 +9.770774620e+01
100227 +2.506088984e+01 +2.506088984e+01 +8.338088984e+01 +8.338088984e+01
107799 +1.576247555e+01 +1.576247555e+01 +7.408247555e+01 +7.408247555e+01
111074 +9.748365081e+00 +9.748365081e+00 +6.806836508e+01 +6.806836508e+01
114490 +6.289931181e+00 +6.289931181e+00 +6.460993118e+01 +6.460993118e+01
116547 +3.808907796e+00 +3.808907796e+00 +6.212890780e+01 +6.212890780e+01
122276 +2.504918068e+00 +2.504918068e+00 +6.082491807e+01 +6.082491807e+01
127042 +1.559169579e+00 +1.559169579e+00 +5.987916958e+01 +5.987916958e+01
130394 +9.874740304e-01 +9.874740304e-01 +5.930747403e+01 +5.930747403e+01
134072 +6.195292419e-01 +6.195292419e-01 +5.893952924e+01 +5.893952924e+01
136820 +3.898988148e-01 +3.898988148e-01 +5.870989881e+01 +5.870989881e+01
139019 +2.470011883e-01 +2.470011883e-01 +5.856700119e+01 +5.856700119e+01
143157 +1.319086632e-01 +1.319086632e-01 +5.845190866e+01 +5.845190866e+01
145306 +9.383543494e-02 +9.383543494e-02 +5.841383543e+01 +5.841383543e+01
147796 +6.231774378e-02 +6.231774378e-02 +5.838231774e+01 +5.838231774e+01
150561 +3.943010093e-02 +3.943010093e-02 +5.835943010e+01 +5.835943010e+01
154564 +2.454768213e-02 +2.454768213e-02 +5.834454768e+01 +5.834454768e+01
156536 +1.542849015e-02 +1.542849015e-02 +5.833542849e+01 +5.833542849e+01
159234 +9.989116885e-03 +9.989116885e-03 +5.832998912e+01 +5.832998912e+01
162839 +5.549418694e-03 +5.549418694e-03 +5.832554942e+01 +5.832554942e+01
167154 +3.937916034e-03 +3.937916034e-03 +5.832393792e+01 +5.832393792e+01
170125 +2.510640916e-03 +2.510640916e-03 +5.832251064e+01 +5.832251064e+01
174476 +1.512072481e-03 +1.512072481e-03 +5.832151207e+01 +5.832151207e+01
179151 +9.423849806e-04 +9.423849806e-04 +5.832094238e+01 +5.832094238e+01
183263 +6.238787310e-04 +6.238787310e-04 +5.832062388e+01 +5.832062388e+01
185998 +3.931858980e-04 +3.931858980e-04 +5.832039319e+01 +5.832039319e+01
189458 +2.355831149e-04 +2.355831149e-04 +5.832023558e+01 +5.832023558e+01
192001 +1.497238612e-04 +1.497238612e-04 +5.832014972e+01 +5.832014972e+01
194824 +9.882384812e-05 +9.882384812e-05 +5.832009882e+01 +5.832009882e+01
197237 +5.708994659e-05 +5.708994659e-05 +5.832005709e+01 +5.832005709e+01
200146 +3.901299353e-05 +3.901299353e-05 +5.832003901e+01 +5.832003901e+01
203349 +2.455259225e-05 +2.455259225e-05 +5.832002455e+01 +5.832002455e+01
206834 +1.573472068e-05 +1.573472068e-05 +5.832001573e+01 +5.832001573e+01
210986 +9.597412301e-06 +9.597412301e-06 +5.832000960e+01 +5.832000960e+01
214803 +6.149816336e-06 +6.149816336e-06 +5.832000615e+01 +5.832000615e+01
217408 +3.676750573e-06 +3.676750573e-06 +5.832000368e+01 +5.832000368e+01
222935 +2.432376611e-06 +2.432376611e-06 +5.832000243e+01 +5.832000243e+01
225557 +1.554355087e-06 +1.554355087e-06 +5.832000155e+01 +5.832000155e+01
228442 +9.799797809e-07 +9.799797809e-07 +5.832000098e+01 +5.832000098e+01
234041 +6.251687168e-07 +6.251687168e-07 +5.832000063e+01 +5.832000063e+01
238560 +3.920894400e-07 +3.920894400e-07 +5.832000039e+01 +5.832000039e+01
244350 +2.417857701e-07 +2.417857701e-07 +5.832000024e+01 +5.832000024e+01
247796 +1.520934703e-07 +1.520934703e-07 +5.832000015e+01 +5.832000015e+01
252274 +9.757435038e-08 +9.757435038e-08 +5.832000010e+01 +5.832000010e+01
256386 +6.193228330e-08 +6.193228330e-08 +5.832000006e+01 +5.832000006e+01
259781 +3.908492374e-08 +3.908492374e-08 +5.832000004e+01 +5.832000004e+01
264901 +2.392513920e-08 +2.392513920e-08 +5.832000002e+01 +5.832000002e+01
269602 +1.583670439e-08 +1.583670439e-08 +5.832000002e+01 +5.832000002e+01
273879 +9.781061294e-09 +9.781061294e-09 +5.832000001e+01 +5.832000001e+01
% function evaluation | noise-free fitness - Fopt (1.932700000000e+02) | best noise-free fitness - Fopt | measured fitness | best measured fitness | x1 | x2...
1 +5.940810699e+07 +5.940810699e+07 +5.940830026e+07 +5.940830026e+07
4 +2.230269843e+07 +2.230269843e+07 +2.230289170e+07 +2.230289170e+07
9 +1.566699147e+07 +1.566699147e+07 +1.566718474e+07 +1.566718474e+07
49 +8.082654791e+06 +8.082654791e+06 +8.082848061e+06 +8.082848061e+06
449 +5.946877556e+06 +5.946877556e+06 +5.947070826e+06 +5.947070826e+06
1881 +3.792381786e+06 +3.792381786e+06 +3.792575056e+06 +3.792575056e+06
2969 +2.202196417e+06 +2.202196417e+06 +2.202389687e+06 +2.202389687e+06
4711 +1.491225631e+06 +1.491225631e+06 +1.491418901e+06 +1.491418901e+06
5456 +9.738320929e+05 +9.738320929e+05 +9.740253629e+05 +9.740253629e+05
7266 +5.681476839e+05 +5.681476839e+05 +5.683409539e+05 +5.683409539e+05
8933 +2.611032491e+05 +2.611032491e+05 +2.612965191e+05 +2.612965191e+05
10435 +1.705009594e+05 +1.705009594e+05 +1.706942294e+05 +1.706942294e+05
11603 +1.472237829e+05 +1.472237829e+05 +1.474170529e+05 +1.474170529e+05
13463 +9.830517957e+04 +9.830517957e+04 +9.849844957e+04 +9.849844957e+04
15699 +5.870643708e+04 +5.870643708e+04 +5.889970708e+04 +5.889970708e+04
17495 +3.861383880e+04 +3.861383880e+04 +3.880710880e+04 +3.880710880e+04
19596 +2.391985189e+04 +2.391985189e+04 +2.411312189e+04 +2.411312189e+04
21769 +1.549819446e+04 +1.549819446e+04 +1.569146446e+04 +1.569146446e+04
23613 +8.995139514e+03 +8.995139514e+03 +9.188409514e+03 +9.188409514e+03
26400 +6.089274846e+03 +6.089274846e+03 +6.282544846e+03 +6.282544846e+03
29340 +3.794430940e+03 +3.794430940e+03 +3.987700940e+03 +3.987700940e+03
32580 +2.490937879e+03 +2.490937879e+03 +2.684207879e+03 +2.684207879e+03
34580 +1.472389700e+03 +1.472389700e+03 +1.665659700e+03 +1.665659700e+03
39522 +9.972361037e+02 +9.972361037e+02 +1.190506104e+03 +1.190506104e+03
43795 +6.292384450e+02 +6.292384450e+02 +8.225084450e+02 +8.225084450e+02
48862 +3.639088648e+02 +3.639088648e+02 +5.571788648e+02 +5.571788648e+02
53781 +2.504096377e+02 +2.504096377e+02 +4.436796377e+02 +4.436796377e+02
60183 +1.562385061e+02 +1.562385061e+02 +3.495085061e+02 +3.495085061e+02
64123 +9.680821421e+01 +9.680821421e+01 +2.900782142e+02 +2.900782142e+02
68508 +6.239338158e+01 +6.239338158e+01 +2.556633816e+02 +2.556633816e+02
71586 +3.964834562e+01 +3.964834562e+01 +2.329183456e+02 +2.329183456e+02
75313 +2.433025516e+01 +2.433025516e+01 +2.176002552e+02 +2.176002552e+02
81114 +1.515187226e+01 +1.515187226e+01 +2.084218723e+02 +2.084218723e+02
87256 +9.964268691e+00 +9.964268691e+00 +2.032342687e+02 +2.032342687e+02
94686 +6.285807987e+00 +6.285807987e+00 +1.995558080e+02 +1.995558080e+02
99617 +3.902412143e+00 +3.902412143e+00 +1.971724121e+02 +1.971724121e+02
105000 +2.499225819e+00 +2.499225819e+00 +1.957692258e+02 +1.957692258e+02
107300 +1.577656068e+00 +1.577656068e+00 +1.948476561e+02 +1.948476561e+02
110377 +9.649771897e-01 +9.649771897e-01 +1.942349772e+02 +1.942349772e+02
114703 +5.454807138e-01 +5.454807138e-01 +1.938154807e+02 +1.938154807e+02
117889 +3.699484813e-01 +3.699484813e-01 +1.936399485e+02 +1.936399485e+02
121546 +2.326289750e-01 +2.326289750e-01 +1.935026290e+02 +1.935026290e+02
125440 +1.552594752e-01 +1.552594752e-01 +1.934252595e+02 +1.934252595e+02
130067 +9.961036008e-02 +9.961036008e-02 +1.933696104e+02 +1.933696104e+02
134156 +5.910268675e-02 +5.910268675e-02 +1.933291027e+02 +1.933291027e+02
137726 +3.784003189e-02 +3.784003189e-02 +1.933078400e+02 +1.933078400e+02
140489 +2.353193507e-02 +2.353193507e-02 +1.932935319e+02 +1.932935319e+02
144245 +1.533418634e-02 +1.533418634e-02 +1.932853342e+02 +1.932853342e+02
148325 +9.841475114e-03 +9.841475114e-03 +1.932798415e+02 +1.932798415e+02
152483 +6.284004424e-03 +6.284004424e-03 +1.932762840e+02 +1.932762840e+02
156093 +3.937987046e-03 +3.937987046e-03 +1.932739380e+02 +1.932739380e+02
161301 +2.355044233e-03 +2.355044233e-03 +1.932723550e+02 +1.932723550e+02
167832 +1.526944856e-03 +1.526944856e-03 +1.932715269e+02 +1.932715269e+02
172038 +9.380183019e-04 +9.380183019e-04 +1.932709380e+02 +1.932709380e+02
177785 +6.200004657e-04 +6.200004657e-04 +1.932706200e+02 +1.932706200e+02
184135 +3.972927058e-04 +3.972927058e-04 +1.932703973e+02 +1.932703973e+02
195145 +2.455951821e-04 +2.455951821e-04 +1.932702456e+02 +1.932702456e+02
202418 +1.543483291e-04 +1.543483291e-04 +1.932701543e+02 +1.932701543e+02
206618 +9.872914322e-05 +9.872914322e-05 +1.932700987e+02 +1.932700987e+02
210782 +5.984080727e-05 +5.984080727e-05 +1.932700598e+02 +1.932700598e+02
215393 +3.926385253e-05 +3.926385253e-05 +1.932700393e+02 +1.932700393e+02
220935 +2.486801554e-05 +2.486801554e-05 +1.932700249e+02 +1.932700249e+02
227723 +1.584482681e-05 +1.584482681e-05 +1.932700158e+02 +1.932700158e+02
231992 +9.545012119e-06 +9.545012119e-06 +1.932700095e+02 +1.932700095e+02
241530 +6.226951569e-06 +6.226951569e-06 +1.932700062e+02 +1.932700062e+02
248112 +3.861720074e-06 +3.861720074e-06 +1.932700039e+02 +1.932700039e+02
252556 +2.496564633e-06 +2.496564633e-06 +1.932700025e+02 +1.932700025e+02
256691 +1.571274424e-06 +1.571274424e-06 +1.932700016e+02 +1.932700016e+02
260010 +9.231413571e-07 +9.231413571e-07 +1.932700009e+02 +1.932700009e+02
265448 +6.115537872e-07 +6.115537872e-07 +1.932700006e+02 +1.932700006e+02
269621 +3.843375112e-07 +3.843375112e-07 +1.932700004e+02 +1.932700004e+02
275363 +2.490417046e-07 +2.490417046e-07 +1.932700002e+02 +1.932700002e+02
284109 +1.538053027e-07 +1.538053027e-07 +1.932700002e+02 +1.932700002e+02
288425 +9.767575193e-08 +9.767575193e-08 +1.932700001e+02 +1.932700001e+02
291355 +6.251028140e-08 +6.251028140e-08 +1.932700001e+02 +1.932700001e+02
296893 +3.953491046e-08 +3.953491046e-08 +1.932700000e+02 +1.932700000e+02
301473 +2.489974804e-08 +2.489974804e-08 +1.932700000e+02 +1.932700000e+02
308731 +1.581250331e-08 +1.581250331e-08 +1.932700000e+02 +1.932700000e+02
313694 +9.977185300e-09 +9.977185300e-09 +1.932700000e+02 +1.932700000e+02
% function evaluation | noise-free fitness - Fopt (-4.190100000000e+02) | best noise-free fitness - Fopt | measured fitness | best measured fitness | x1 | x2...
1 +4.001720612e+07 +4.001720612e+07 +4.001678711e+07 +4.001678711e+07
2 +2.568994204e+07 +2.568994204e+07 +2.568952303e+07 +2.568952303e+07
12 +9.304098752e+06 +9.304098752e+06 +9.303679742e+06 +9.303679742e+06
862 +6.125313333e+06 +6.125313333e+06 +6.124894323e+06 +6.124894323e+06
2007 +3.509138317e+06 +3.509138317e+06 +3.508719307e+06 +3.508719307e+06
3624 +2.200721417e+06 +2.200721417e+06 +2.200302407e+06 +2.200302407e+06
4165 +1.432539761e+06 +1.432539761e+06 +1.432120751e+06 +1.432120751e+06
6016 +9.091250012e+05 +9.091250012e+05 +9.087059912e+05 +9.087059912e+05
6723 +6.282354519e+05 +6.282354519e+05 +6.278164419e+05 +6.278164419e+05
8309 +3.864493062e+05 +3.864493062e+05 +3.860302962e+05 +3.860302962e+05
10786 +2.433762604e+05 +2.433762604e+05 +2.429572504e+05 +2.429572504e+05
11352 +1.497580352e+05 +1.497580352e+05 +1.493390252e+05 +1.493390252e+05
13066 +6.731837017e+04 +6.731837017e+04 +6.689936017e+04 +6.689936017e+04
14455 +5.266494694e+04 +5.266494694e+04 +5.224593694e+04 +5.224593694e+04
16813 +3.880343862e+04 +3.880343862e+04 +3.838442862e+04 +3.838442862e+04
18464 +1.915780940e+04 +1.915780940e+04 +1.873879940e+04 +1.873879940e+04
20124 +1.515692677e+04 +1.515692677e+04 +1.473791677e+04 +1.473791677e+04
22222 +9.769698227e+03 +9.769698227e+03 +9.350688227e+03 +9.350688227e+03
24583 +5.778923050e+03 +5.778923050e+03 +5.359913050e+03 +5.359913050e+03
25879 +3.866770842e+03 +3.866770842e+03 +3.447760842e+03 +3.447760842e+03
29131 +2.380239480e+03 +2.380239480e+03 +1.961229480e+03 +1.961229480e+03
30857 +1.449237176e+03 +1.449237176e+03 +1.030227176e+03 +1.030227176e+03
34721 +9.824777867e+02 +9.824777867e+02 +5.634677867e+02 +5.634677867e+02
38577 +6.309298120e+02 +6.309298120e+02 +2.119198120e+02 +2.119198120e+02
41516 +3.895470736e+02 +3.895470736e+02 -2.946292642e+01 -2.946292642e+01
42514 +2.424157994e+02 +2.424157994e+02 -1.765942006e+02 -1.765942006e+02
47230 +1.500566484e+02 +1.500566484e+02 -2.689533516e+02 -2.689533516e+02
50641 +9.837119815e+01 +9.837119815e+01 -3.206388018e+02 -3.206388018e+02
56368 +6.199191857e+01 +6.199191857e+01 -3.570180814e+02 -3.570180814e+02
61598 +3.853889585e+01 +3.853889585e+01 -3.804711042e+02 -3.804711042e+02
69603 +2.476120657e+01 +2.476120657e+01 -3.942487934e+02 -3.942487934e+02
76631 +1.570036528e+01 +1.570036528e+01 -4.033096347e+02 -4.033096347e+02
83964 +9.929408000e+00 +9.929408000e+00 -4.090805920e+02 -4.090805920e+02
89722 +6.158748609e+00 +6.158748609e+00 -4.128512514e+02 -4.128512514e+02
92953 +3.864145390e+00 +3.864145390e+00 -4.151458546e+02 -4.151458546e+02
99670 +2.506468981e+00 +2.506468981e+00 -4.165035310e+02 -4.165035310e+02
109412 +1.542267904e+00 +1.542267904e+00 -4.174677321e+02 -4.174677321e+02
122818 +9.699014228e-01 +9.699014228e-01 -4.180400986e+02 -4.180400986e+02
126184 +6.209771029e-01 +6.209771029e-01 -4.183890229e+02 -4.183890229e+02
134615 +3.955664129e-01 +3.955664129e-01 -4.186144336e+02 -4.186144336e+02
140499 +2.415336675e-01 +2.415336675e-01 -4.187684663e+02 -4.187684663e+02
147428 +1.559922615e-01 +1.559922615e-01 -4.188540077e+02 -4.188540077e+02
151449 +9.978040189e-02 +9.978040189e-02 -4.189102196e+02 -4.189102196e+02
157230 +5.948599026e-02 +5.948599026e-02 -4.189505140e+02 -4.189505140e+02
162045 +3.359987042e-02 +3.359987042e-02 -4.189764001e+02 -4.189764001e+02
166845 +2.447093573e-02 +2.447093573e-02 -4.189855291e+02 -4.189855291e+02
172186 +1.555073156e-02 +1.555073156e-02 -4.189944493e+02 -4.189944493e+02
174942 +9.162638175e-03 +9.162638175e-03 -4.190008374e+02 -4.190008374e+02
180436 +5.798515625e-03 +5.798515625e-03 -4.190042015e+02 -4.190042015e+02
185881 +3.912581457e-03 +3.912581457e-03 -4.190060874e+02 -4.190060874e+02
189386 +2.456319664e-03 +2.456319664e-03 -4.190075437e+02 -4.190075437e+02
192244 +1.541656716e-03 +1.541656716e-03 -4.190084583e+02 -4.190084583e+02
195351 +9.860778525e-04 +9.860778525e-04 -4.190090139e+02 -4.190090139e+02
199608 +5.875336405e-04 +5.875336405e-04 -4.190094125e+02 -4.190094125e+02
202083 +3.925724666e-04 +3.925724666e-04 -4.190096074e+02 -4.190096074e+02
204034 +2.337552071e-04 +2.337552071e-04 -4.190097662e+02 -4.190097662e+02
208267 +1.527624987e-04 +1.527624987e-04 -4.190098472e+02 -4.190098472e+02
210853 +9.971255071e-05 +9.971255071e-05 -4.190099003e+02 -4.190099003e+02
215165 +6.122514816e-05 +6.122514816e-05 -4.190099388e+02 -4.190099388e+02
220185 +3.950710658e-05 +3.950710658e-05 -4.190099605e+02 -4.190099605e+02
224207 +2.440293372e-05 +2.440293372e-05 -4.190099756e+02 -4.190099756e+02
228440 +1.580636888e-05 +1.580636888e-05 -4.190099842e+02 -4.190099842e+02
231945 +9.770282475e-06 +9.770282475e-06 -4.190099902e+02 -4.190099902e+02
235637 +6.254663901e-06 +6.254663901e-06 -4.190099937e+02 -4.190099937e+02
240733 +3.923773818e-06 +3.923773818e-06 -4.190099961e+02 -4.190099961e+02
245120 +2.479258683e-06 +2.479258683e-06 -4.190099975e+02 -4.190099975e+02
248207 +1.572291012e-06 +1.572291012e-06 -4.190099984e+02 -4.190099984e+02
252408 +9.798539509e-07 +9.798539509e-07 -4.190099990e+02 -4.190099990e+02
256323 +5.903145279e-07 +5.903145279e-07 -4.190099994e+02 -4.190099994e+02
260613 +3.664378028e-07 +3.664378028e-07 -4.190099996e+02 -4.190099996e+02
263417 +2.226628339e-07 +2.226628339e-07 -4.190099998e+02 -4.190099998e+02
265784 +1.579965101e-07 +1.579965101e-07 -4.190099998e+02 -4.190099998e+02
269046 +9.419522939e-08 +9.419522939e-08 -4.190099999e+02 -4.190099999e+02
273110 +5.963983085e-08 +5.963983085e-08 -4.190099999e+02 -4.190099999e+02
277402 +3.654469083e-08 +3.654469083e-08 -4.190100000e+02 -4.190100000e+02
279668 +2.494448381e-08 +2.494448381e-08 -4.190100000e+02 -4.190100000e+02
282966 +1.568224661e-08 +1.568224661e-08 -4.190100000e+02 -4.190100000e+02
287369 +9.878192486e-09 +9.878192486e-09 -4.190100000e+02 -4.190100000e+02
% function evaluation | noise-free fitness - Fopt (4.076100000000e+02) | best noise-free fitness - Fopt | measured fitness | best measured fitness | x1 | x2...
1 +5.900199012e+07 +5.900199012e+07 +5.900239773e+07 +5.900239773e+07
2 +2.707530112e+07 +2.707530112e+07 +2.707570873e+07 +2.707570873e+07
3 +1.899167043e+07 +1.899167043e+07 +1.899207804e+07 +1.899207804e+07
29 +1.320147863e+07 +1.320147863e+07 +1.320188624e+07 +1.320188624e+07
96 +9.402430163e+06 +9.402430163e+06 +9.402837773e+06 +9.402837773e+06
1980 +5.638502215e+06 +5.638502215e+06 +5.638909825e+06 +5.638909825e+06
3286 +3.017792263e+06 +3.017792263e+06 +3.018199873e+06 +3.018199873e+06
3479 +2.152126632e+06 +2.152126632e+06 +2.152534242e+06 +2.152534242e+06
6425 +1.527700490e+06 +1.527700490e+06 +1.528108100e+06 +1.528108100e+06
7718 +9.646908643e+05 +9.646908643e+05 +9.650984743e+05 +9.650984743e+05
8648 +6.283534876e+05 +6.283534876e+05 +6.287610976e+05 +6.287610976e+05
11172 +3.330062868e+05 +3.330062868e+05 +3.334138968e+05 +3.334138968e+05
12616 +2.454819786e+05 +2.454819786e+05 +2.458895886e+05 +2.458895886e+05
13647 +1.539096264e+05 +1.539096264e+05 +1.543172364e+05 +1.543172364e+05
15226 +8.743075708e+04 +8.743075708e+04 +8.783836708e+04 +8.783836708e+04
16880 +6.183714681e+04 +6.183714681e+04 +6.224475681e+04 +6.224475681e+04
18690 +3.974383628e+04 +3.974383628e+04 +4.015144628e+04 +4.015144628e+04
22022 +1.859450544e+04 +1.859450544e+04 +1.900211544e+04 +1.900211544e+04
23608 +1.576951654e+04 +1.576951654e+04 +1.617712654e+04 +1.617712654e+04
25989 +8.042547833e+03 +8.042547833e+03 +8.450157833e+03 +8.450157833e+03
28507 +5.533179471e+03 +5.533179471e+03 +5.940789471e+03 +5.940789471e+03
30407 +3.960765956e+03 +3.960765956e+03 +4.368375956e+03 +4.368375956e+03
32931 +2.268656546e+03 +2.268656546e+03 +2.676266546e+03 +2.676266546e+03
36951 +1.496677264e+03 +1.496677264e+03 +1.904287264e+03 +1.904287264e+03
40507 +9.914770364e+02 +9.914770364e+02 +1.399087036e+03 +1.399087036e+03
42815 +6.061031191e+02 +6.061031191e+02 +1.013713119e+03 +1.013713119e+03
46139 +3.952151115e+02 +3.952151115e+02 +8.028251115e+02 +8.028251115e+02
50755 +2.423358771e+02 +2.423358771e+02 +6.499458771e+02 +6.499458771e+02
53553 +1.566503800e+02 +1.566503800e+02 +5.642603800e+02 +5.642603800e+02
56070 +9.872386374e+01 +9.872386374e+01 +5.063338637e+02 +5.063338637e+02
61100 +6.196858823e+01 +6.196858823e+01 +4.695785882e+02 +4.695785882e+02
64739 +3.650609106e+01 +3.650609106e+01 +4.441160911e+02 +4.441160911e+02
69309 +2.466408072e+01 +2.466408072e+01 +4.322740807e+02 +4.322740807e+02
74180 +1.581433839e+01 +1.581433839e+01 +4.234243384e+02 +4.234243384e+02
77054 +9.641340889e+00 +9.641340889e+00 +4.172513409e+02 +4.172513409e+02
78683 +6.258328616e+00 +6.258328616e+00 +4.138683286e+02 +4.138683286e+02
81144 +3.439976420e+00 +3.439976420e+00 +4.110499764e+02 +4.110499764e+02
84477 +2.389241880e+00 +2.389241880e+00 +4.099992419e+02 +4.099992419e+02
87648 +1.417378990e+00 +1.417378990e+00 +4.090273790e+02 +4.090273790e+02
90002 +9.972485159e-01 +9.972485159e-01 +4.086072485e+02 +4.086072485e+02
92674 +5.498111010e-01 +5.498111010e-01 +4.081598111e+02 +4.081598111e+02
96114 +3.697381310e-01 +3.697381310e-01 +4.079797381e+02 +4.079797381e+02
99783 +2.239644439e-01 +2.239644439e-01 +4.078339644e+02 +4.078339644e+02
102719 +1.553100265e-01 +1.553100265e-01 +4.077653100e+02 +4.077653100e+02
107724 +9.936877891e-02 +9.936877891e-02 +4.077093688e+02 +4.077093688e+02
111072 +6.159385237e-02 +6.159385237e-02 +4.076715939e+02 +4.076715939e+02
114824 +3.908383324e-02 +3.908383324e-02 +4.076490838e+02 +4.076490838e+02
119824 +2.469150216e-02 +2.469150216e-02 +4.076346915e+02 +4.076346915e+02
123850 +1.475732426e-02 +1.475732426e-02 +4.076247573e+02 +4.076247573e+02
127037 +9.941412187e-03 +9.941412187e-03 +4.076199414e+02 +4.076199414e+02
132745 +6.168290222e-03 +6.168290222e-03 +4.076161683e+02 +4.076161683e+02
136889 +3.848155690e-03 +3.848155690e-03 +4.076138482e+02 +4.076138482e+02
140675 +2.509426768e-03 +2.509426768e-03 +4.076125094e+02 +4.076125094e+02
144095 +1.574314259e-03 +1.574314259e-03 +4.076115743e+02 +4.076115743e+02
150065 +9.829566906e-04 +9.829566906e-04 +4.076109830e+02 +4.076109830e+02
154076 +6.274585266e-04 +6.274585266e-04 +4.076106275e+02 +4.076106275e+02
156880 +3.691688696e-04 +3.691688696e-04 +4.076103692e+02 +4.076103692e+02
162116 +2.268509115e-04 +2.268509115e-04 +4.076102269e+02 +4.076102269e+02
167334 +1.449321480e-04 +1.449321480e-04 +4.076101449e+02 +4.076101449e+02
170895 +9.925741102e-05 +9.925741102e-05 +4.076100993e+02 +4.076100993e+02
174420 +6.294364334e-05 +6.294364334e-05 +4.076100629e+02 +4.076100629e+02
178166 +3.873641924e-05 +3.873641924e-05 +4.076100387e+02 +4.076100387e+02
182718 +2.409083930e-05 +2.409083930e-05 +4.076100241e+02 +4.076100241e+02
187681 +1.535302806e-05 +1.535302806e-05 +4.076100154e+02 +4.076100154e+02
190192 +9.376354114e-06 +9.376354114e-06 +4.076100094e+02 +4.076100094e+02
194146 +5.792800437e-06 +5.792800437e-06 +4.076100058e+02 +4.076100058e+02
196289 +3.968266014e-06 +3.968266014e-06 +4.076100040e+02 +4.076100040e+02
202351 +2.404467466e-06 +2.404467466e-06 +4.076100024e+02 +4.076100024e+02
206109 +1.551544017e-06 +1.551544017e-06 +4.076100016e+02 +4.076100016e+02
209485 +9.998778410e-07 +9.998778410e-07 +4.076100010e+02 +4.076100010e+02
213150 +5.280654136e-07 +5.280654136e-07 +4.076100005e+02 +4.076100005e+02
216237 +3.904422670e-07 +3.904422670e-07 +4.076100004e+02 +4.076100004e+02
219241 +2.446884650e-07 +2.446884650e-07 +4.076100002e+02 +4.076100002e+02
221645 +1.426495828e-07 +1.426495828e-07 +4.076100001e+02 +4.076100001e+02
223495 +9.485137298e-08 +9.485137298e-08 +4.076100001e+02 +4.076100001e+02
226651 +6.077880244e-08 +6.077880244e-08 +4.076100001e+02 +4.076100001e+02
230334 +3.742127319e-08 +3.742127319e-08 +4.076100000e+02 +4.076100000e+02
232933 +2.479089289e-08 +2.479089289e-08 +4.076100000e+02 +4.076100000e+02
236077 +1.327634891e-08 +1.327634891e-08 +4.076100000e+02 +4.076100000e+02
238650 +9.650477750e-09 +9.650477750e-09 +4.076100000e+02 +4.076100000e+02
% function evaluation | noise-free fitness - Fopt (2.872000000000e+01) | best noise-free fitness - Fopt | measured fitness | best measured fitness | x1 | x2...
1 +5.451048245e+07 +5.451048245e+07 +5.451051117e+07 +5.451051117e+07
2 +3.484761735e+07 +3.484761735e+07 +3.484764607e+07 +3.484764607e+07
9 +8.711526578e+06 +8.711526578e+06 +8.711555298e+06 +8.711555298e+06
220 +4.585997609e+06 +4.585997609e+06 +4.586026329e+06 +4.586026329e+06
1645 +3.458997346e+06 +3.458997346e+06 +3.459026066e+06 +3.459026066e+06
1697 +2.342528933e+06 +2.342528933e+06 +2.342557653e+06 +2.342557653e+06
4617 +1.344500784e+06 +1.344500784e+06 +1.344529504e+06 +1.344529504e+06
6468 +9.155832052e+05 +9.155832052e+05 +9.156119252e+05 +9.156119252e+05
7509 +4.756611418e+05 +4.756611418e+05 +4.756898618e+05 +4.756898618e+05
10106 +3.098426329e+05 +3.098426329e+05 +3.098713529e+05 +3.098713529e+05
10911 +2.382363820e+05 +2.382363820e+05 +2.382651020e+05 +2.382651020e+05
12182 +1.557308869e+05 +1.557308869e+05 +1.557596069e+05 +1.557596069e+05
14023 +9.528677081e+04 +9.528677081e+04 +9.531549081e+04 +9.531549081e+04
15695 +6.206106098e+04 +6.206106098e+04 +6.208978098e+04 +6.208978098e+04
17799 +3.966016189e+04 +3.966016189e+04 +3.968888189e+04 +3.968888189e+04
19895 +2.260910999e+04 +2.260910999e+04 +2.263782999e+04 +2.263782999e+04
22465 +1.571139298e+04 +1.571139298e+04 +1.574011298e+04 +1.574011298e+04
23761 +9.436302392e+03 +9.436302392e+03 +9.465022392e+03 +9.465022392e+03
25272 +6.039443840e+03 +6.039443840e+03 +6.068163840e+03 +6.068163840e+03
28750 +3.890496145e+03 +3.890496145e+03 +3.919216145e+03 +3.919216145e+03
31099 +2.304367805e+03 +2.304367805e+03 +2.333087805e+03 +2.333087805e+03
32876 +1.506267600e+03 +1.506267600e+03 +1.534987600e+03 +1.534987600e+03
37841 +9.923816285e+02 +9.923816285e+02 +1.021101628e+03 +1.021101628e+03
42005 +6.285033496e+02 +6.285033496e+02 +6.572233496e+02 +6.572233496e+02
46639 +3.812821836e+02 +3.812821836e+02 +4.100021836e+02 +4.100021836e+02
51909 +2.461061819e+02 +2.461061819e+02 +2.748261819e+02 +2.748261819e+02
56211 +1.548839469e+02 +1.548839469e+02 +1.836039469e+02 +1.836039469e+02
59661 +9.901529583e+01 +9.901529583e+01 +1.277352958e+02 +1.277352958e+02
64555 +6.299140708e+01 +6.299140708e+01 +9.171140708e+01 +9.171140708e+01
71459 +3.872277746e+01 +3.872277746e+01 +6.744277746e+01 +6.744277746e+01
75680 +2.468571062e+01 +2.468571062e+01 +5.340571062e+01 +5.340571062e+01
80791 +1.567056947e+01 +1.567056947e+01 +4.439056947e+01 +4.439056947e+01
84431 +9.963522687e+00 +9.963522687e+00 +3.868352269e+01 +3.868352269e+01
88764 +6.065307452e+00 +6.065307452e+00 +3.478530745e+01 +3.478530745e+01
91922 +3.953463104e+00 +3.953463104e+00 +3.267346310e+01 +3.267346310e+01
96024 +2.423275876e+00 +2.423275876e+00 +3.114327588e+01 +3.114327588e+01
101199 +1.568372304e+00 +1.568372304e+00 +3.028837230e+01 +3.028837230e+01
103794 +9.777317339e-01 +9.777317339e-01 +2.969773173e+01 +2.969773173e+01
109257 +6.284513840e-01 +6.284513840e-01 +2.934845138e+01 +2.934845138e+01
111760 +3.979902611e-01 +3.979902611e-01 +2.911799026e+01 +2.911799026e+01
116428 +2.341146099e-01 +2.341146099e-01 +2.895411461e+01 +2.895411461e+01
121170 +1.582167519e-01 +1.582167519e-01 +2.887821675e+01 +2.887821675e+01
127907 +9.736735264e-02 +9.736735264e-02 +2.881736735e+01 +2.881736735e+01
133638 +6.218307914e-02 +6.218307914e-02 +2.878218308e+01 +2.878218308e+01
138242 +3.605404707e-02 +3.605404707e-02 +2.875605405e+01 +2.875605405e+01
145221 +2.446412491e-02 +2.446412491e-02 +2.874446412e+01 +2.874446412e+01
148149 +1.482334840e-02 +1.482334840e-02 +2.873482335e+01 +2.873482335e+01
151267 +9.644983837e-03 +9.644983837e-03 +2.872964498e+01 +2.872964498e+01
154840 +6.267028955e-03 +6.267028955e-03 +2.872626703e+01 +2.872626703e+01
159189 +3.874073497e-03 +3.874073497e-03 +2.872387407e+01 +2.872387407e+01
162901 +2.490668594e-03 +2.490668594e-03 +2.872249067e+01 +2.872249067e+01
167053 +1.551035908e-03 +1.551035908e-03 +2.872155104e+01 +2.872155104e+01
174088 +9.713829803e-04 +9.713829803e-04 +2.872097138e+01 +2.872097138e+01
180310 +6.138151521e-04 +6.138151521e-04 +2.872061382e+01 +2.872061382e+01
187551 +3.776581443e-04 +3.776581443e-04 +2.872037766e+01 +2.872037766e+01
192884 +2.491152358e-04 +2.491152358e-04 +2.872024912e+01 +2.872024912e+01
196921 +1.581348369e-04 +1.581348369e-04 +2.872015813e+01 +2.872015813e+01
202165 +9.615690226e-05 +9.615690226e-05 +2.872009616e+01 +2.872009616e+01
207302 +6.101923718e-05 +6.101923718e-05 +2.872006102e+01 +2.872006102e+01
215244 +3.901298863e-05 +3.901298863e-05 +2.872003901e+01 +2.872003901e+01
222951 +2.469170531e-05 +2.469170531e-05 +2.872002469e+01 +2.872002469e+01
227687 +1.583824011e-05 +1.583824011e-05 +2.872001584e+01 +2.872001584e+01
232007 +9.750954085e-06 +9.750954085e-06 +2.872000975e+01 +2.872000975e+01
235833 +6.271611817e-06 +6.271611817e-06 +2.872000627e+01 +2.872000627e+01
241478 +3.944565513e-06 +3.944565513e-06 +2.872000394e+01 +2.872000394e+01
245155 +2.430592900e-06 +2.430592900e-06 +2.872000243e+01 +2.872000243e+01
246901 +1.558280417e-06 +1.558280417e-06 +2.872000156e+01 +2.872000156e+01
248918 +9.260144473e-07 +9.260144473e-07 +2.872000093e+01 +2.872000093e+01
253666 +6.020343726e-07 +6.020343726e-07 +2.872000060e+01 +2.872000060e+01
257586 +3.908155719e-07 +3.908155719e-07 +2.872000039e+01 +2.872000039e+01
261602 +2.369132481e-07 +2.369132481e-07 +2.872000024e+01 +2.872000024e+01
264616 +1.532273401e-07 +1.532273401e-07 +2.872000015e+01 +2.872000015e+01
266332 +9.989269500e-08 +9.989269500e-08 +2.872000010e+01 +2.872000010e+01
269368 +6.103560679e-08 +6.103560679e-08 +2.872000006e+01 +2.872000006e+01
275300 +3.966104956e-08 +3.966104956e-08 +2.872000004e+01 +2.872000004e+01
280541 +2.509498387e-08 +2.509498387e-08 +2.872000003e+01 +2.872000003e+01
289042 +1.562651875e-08 +1.562651875e-08 +2.872000002e+01 +2.872000002e+01
296881 +9.562057812e-09 +9.562057812e-09 +2.872000001e+01 +2.872000001e+01
