% function evaluation | noise-free fitness - Fopt (4.078000000000e+01) | best noise-free fitness - Fopt | measured fitness | best measured fitness | x1 | x2...
1 +8.553511567e+01 +8.553511567e+01 +1.263151157e+02 +1.263151157e+02 -4.7518e+00 +3.4190e+00 +4.9726e+00 +7.8123e-02 +4.9552e+00 -3.2494e+00 +1.4763e+00 +3.9039e+00 -4.0982e+00 -1.9670e+00 +1.6766e-01 -2.2473e+00 +3.4143e+00 -1.9282e+00 +2.0343e+00 +3.4351e+00 -4.2410e+00 -2.1758e+00 +2.0232e+00 +1.7815e+00
2762 +6.196892508e+01 +6.196892508e+01 +1.027489251e+02 +1.027489251e+02 -1.2597e+00 +2.8012e+00 -1.2181e+00 +1.5702e+00 -3.7091e+00 +3.7696e+00 -1.2702e+00 -4.0134e+00 +3.1870e+00 +2.5061e+00 -3.7705e-01 +3.2236e+00 -9.4948e-01 -1.6571e+00 +4.5176e-01 -7.1905e-01 -1.6331e-01 +3.4060e-01 -5.7612e-01 -4.0040e+00
3670 +3.857451635e+01 +3.857451635e+01 +7.935451635e+01 +7.935451635e+01 +3.5424e+00 +4.6158e-01 -7.6562e-01 -1.3864e+00 -5.1306e+00 +5.3534e-01 -2.8921e+00 -2.0146e+00 -8.4456e-01 -2.7101e+00 +4.3121e+00 -9.9048e-01 -1.3608e+00 -3.2104e+00 -2.6251e+00 -2.9269e+00 +9.4724e-01 -8.4025e-01 -1.7066e+00 -3.0708e+00
4938 +2.406644685e+01 +2.406644685e+01 +6.484644685e+01 +6.484644685e+01 +1.0274e+00 -2.3415e+00 -2.1942e+00 +7.0046e-02 -5.2389e+00 +3.3207e-01 -5.4915e+00 -1.9829e+00 -9.2764e-01 -4.9843e+00 +4.1001e+00 -1.5314e+00 -1.9788e+00 -2.8484e+00 -2.4042e+00 -4.6784e+00 +2.6906e+00 -8.4764e-01 -1.2742e+00 -3.2475e+00
5803 +1.572986019e+01 +1.572986019e+01 +5.650986019e+01 +5.650986019e+01 +2.2168e+00 -1.5407e+00 -1.1896e+00 -1.5174e+00 -4.7421e+00 +1.0299e+00 -5.2890e+00 -1.6825e+00 -8.1918e-01 -3.3527e+00 +3.7688e+00 -2.2732e+00 -3.2438e+00 -1.8370e+00 -1.5531e+00 -4.2300e+00 +9.1851e-01 -4.9588e-01 -7.9797e-01 -3.7827e+00
6675 +9.456567861e+00 +9.456567861e+00 +5.023656786e+01 +5.023656786e+01 -2.6286e-02 -2.3139e+00 -2.7022e+00 -1.7801e+00 -4.0145e+00 +1.4220e-01 -4.9538e+00 -3.2886e+00 -1.8309e+00 -3.8570e+00 +4.1115e+00 -1.5452e+00 -1.7197e+00 -1.7068e+00 -1.3598e+00 -4.1067e+00 +1.0335e+00 -1.7606e+00 -1.5151e+00 -3.4113e+00
7615 +6.035102003e+00 +6.035102003e+00 +4.681510200e+01 +4.681510200e+01 +1.6092e+00 -2.9014e+00 -3.0583e+00 -1.7378e+00 -4.4867e+00 -2.1849e-01 -4.4016e+00 -4.0374e+00 -1.0484e+00 -4.3016e+00 +4.4070e+00 -2.1384e+00 -1.4093e+00 -1.4179e+00 -1.8368e+00 -4.5683e+00 -1.5260e-01 -8.2527e-01 -4.9208e-01 -2.1565e+00
9343 +3.744551696e+00 +3.744551696e+00 +4.452455170e+01 +4.452455170e+01 +1.5619e+00 -2.5148e+00 -2.3902e+00 -1.2355e+00 -4.5613e+00 -4.1396e-01 -3.9925e+00 -2.8163e+00 -1.1797e+00 -3.9780e+00 +4.2732e+00 -1.6122e+00 -1.8173e+00 -1.4305e+00 -1.8174e+00 -4.2393e+00 +8.2044e-01 -1.1237e+00 -5.1395e-02 -2.5834e+00
14568 +2.506937105e+00 +2.506937105e+00 +4.328693711e+01 +4.328693711e+01 +1.5424e+00 -2.6730e+00 -2.1920e+00 -1.4940e+00 -4.3224e+00 -2.8195e-01 -4.2018e+00 -3.2513e+00 -8.2445e-01 -4.0640e+00 +4.2224e+00 -1.5938e+00 -1.7457e+00 -1.4575e+00 -1.4076e+00 -4.0044e+00 +6.4306e-01 -1.3496e+00 -4.3973e-01 -2.4455e+00
% function evaluation | noise-free fitness - Fopt (-1.600000000000e+00) | best noise-free fitness - Fopt | measured fitness | best measured fitness | x1 | x2...
1 +8.606166892e+01 +8.606166892e+01 +8.446166892e+01 +8.446166892e+01 -4.7518e+00 +3.4190e+00 +4.9726e+00 +7.8123e-02 +4.9552e+00 -3.2494e+00 +1.4763e+00 +3.9039e+00 -4.0982e+00 -1.9670e+00 +1.6766e-01 -2.2473e+00 +3.4143e+00 -1.9282e+00 +2.0343e+00 +3.4351e+00 -4.2410e+00 -2.1758e+00 +2.0232e+00 +1.7815e+00
3148 +5.299437239e+01 +5.299437239e+01 +5.139437239e+01 +5.139437239e+01 +3.9398e+00 +2.6015e+00 -7.7619e-01 -3.4215e+00 +2.8378e+00 +6.1017e-01 +3.3497e-01 -1.2547e+00 -4.5357e-01 +1.0730e+00 -3.1361e+00 +1.6776e+00 -1.8175e+00 +9.9090e-01 -3.0087e+00 -2.6957e+00 -3.3733e-01 +3.3870e+00 +1.3546e+00 -2.0627e+00
4475 +3.910588179e+01 +3.910588179e+01 +3.750588179e+01 +3.750588179e+01 +1.6813e+00 -9.7547e-01 +1.8566e+00 -2.9055e+00 +2.6388e+00 +3.3520e+00 +1.8853e+00 -3.4039e+00 -1.0392e+00 -8.0502e-01 -4.1463e+00 +2.6092e+00 -4.0984e+00 +9.9556e-01 -1.1817e+00 -2.0188e-01 -3.7971e+00 +1.2099e+00 +1.4059e+00 +1.1536e+00
5527 +2.490217957e+01 +2.490217957e+01 +2.330217957e+01 +2.330217957e+01 +3.4733e+00 -2.2381e-01 -2.3700e+00 -1.4724e+00 +2.5118e+00 -2.0458e-01 -5.6679e-01 -1.2593e+00 +9.8667e-01 -3.1280e-01 -4.2272e+00 +1.3372e+00 -5.1241e+00 -5.4820e-01 -2.0217e+00 -1.4181e+00 -1.2285e+00 +2.7654e+00 +1.5314e+00 -7.6700e-01
7570 +1.542008762e+01 +1.542008762e+01 +1.382008762e+01 +1.382008762e+01 +2.3093e+00 +9.7329e-01 -1.1103e+00 -3.2641e+00 +2.6443e+00 +2.1861e+00 +8.1941e-01 -2.5924e+00 -1.2454e+00 -1.0049e+00 -4.0718e+00 +1.2871e+00 -3.2596e+00 +3.4392e-01 -1.9540e+00 -5.0855e-01 -4.4889e-01 +2.2182e+00 +5.7858e-01 -5.2076e-01
8279 +9.900887526e+00 +9.900887526e+00 +8.300887526e+00 +8.300887526e+00 +2.7332e+00 +1.3241e+00 -5.1937e-01 -2.1672e+00 +2.5291e+00 +1.2796e+00 +1.4330e+00 -3.1355e+00 +1.1794e+00 -7.3109e-01 -4.8984e+00 +2.2867e+00 -3.6345e+00 +1.1806e+00 -2.1642e+00 -9.0994e-01 -8.8312e-01 +2.6566e+00 +1.0655e+00 -7.8232e-01
11747 +6.196603335e+00 +6.196603335e+00 +4.596603335e+00 +4.596603335e+00 +2.6554e+00 +5.9413e-01 -8.9525e-01 -2.8806e+00 +3.4426e+00 +1.3295e+00 +3.9220e-01 -3.5021e+00 +5.8997e-01 -7.3582e-01 -4.2236e+00 +2.2611e+00 -3.6957e+00 +6.0650e-01 -1.3790e+00 -5.6217e-01 -1.3118e+00 +3.0869e+00 +9.8684e-01 -3.1282e-01
% function evaluation | noise-free fitness - Fopt (-3.708400000000e+02) | best noise-free fitness - Fopt | measured fitness | best measured fitness | x1 | x2...
1 +8.492665810e+01 +8.492665810e+01 -2.859133419e+02 -2.859133419e+02 -4.7518e+00 +3.4190e+00 +4.9726e+00 +7.8123e-02 +4.9552e+00 -3.2494e+00 +1.4763e+00 +3.9039e+00 -4.0982e+00 -1.9670e+00 +1.6766e-01 -2.2473e+00 +3.4143e+00 -1.9282e+00 +2.0343e+00 +3.4351e+00 -4.2410e+00 -2.1758e+00 +2.0232e+00 +1.7815e+00
2761 +6.155232656e+01 +6.155232656e+01 -3.092876734e+02 -3.092876734e+02 -4.1195e+00 +7.9716e-01 -3.7076e-01 +2.0522e+00 -8.9148e-01 -2.9500e+00 -2.1239e+00 +5.8610e-01 -1.0678e-01 +4.1847e+00 +1.9378e+00 +2.9243e-01 -2.5430e-01 +3.2597e-01 +4.2327e-01 +2.1972e+00 -2.1128e+00 -7.0177e-01 -5.9650e-01 +4.5472e-01
3864 +3.798473989e+01 +3.798473989e+01 -3.328552601e+02 -3.328552601e+02 +3.2453e+00 -4.9105e-01 -1.6994e+00 +2.1178e+00 +6.3267e-01 +1.7747e+00 +1.4170e-01 +2.1380e+00 -6.9631e-01 +7.5581e-01 +2.4014e+00 -7.8876e-01 -7.3786e-02 +1.1085e+00 +1.1750e-01 -2.1239e+00 +2.4186e+00 -1.2568e+00 +2.9901e+00 +1.6753e+00
6719 +2.047277311e+01 +2.047277311e+01 -3.503672269e+02 -3.503672269e+02 -6.8383e-03 +2.0159e+00 +1.3587e+00 +6.5450e-01 +4.9415e+00 -3.3466e+00 -3.6398e+00 +1.4382e+00 -4.2865e+00 +1.7597e+00 -3.4246e+00 +1.9790e+00 +3.7333e+00 -9.4433e-01 -2.6140e+00 -1.3204e+00 -4.2117e+00 -5.1354e-02 +1.5222e+00 -5.4240e-01
7648 +1.513799161e+01 +1.513799161e+01 -3.557020084e+02 -3.557020084e+02 +1.8043e+00 +2.0724e+00 +1.7820e+00 +1.6403e+00 +4.4555e+00 -3.9118e+00 -3.7298e+00 +3.2977e+00 -3.9314e+00 +1.9771e+00 -3.8250e+00 +1.5746e+00 +3.6444e+00 -1.9401e+00 -2.9392e+00 +1.2665e+00 -3.5631e+00 -1.1666e+00 +2.7380e+00 -9.5144e-01
8972 +8.436524185e+00 +8.436524185e+00 -3.624034758e+02 -3.624034758e+02 +1.4502e+00 -1.1850e-01 -1.9504e+00 +9.4166e-01 -3.8928e-01 +1.6155e+00 -7.2626e-01 +2.5156e+00 -1.9554e+00 +8.3648e-01 +2.9574e+00 -2.2843e+00 -4.8510e-03 -3.0294e-01 +1.6717e+00 -1.6812e+00 +4.6254e+00 -2.4731e+00 +3.2960e+00 +5.0894e+00
10944 +5.925380558e+00 +5.925380558e+00 -3.649146194e+02 -3.649146194e+02 +4.1962e+00 -5.8133e-01 -1.2022e+00 +1.6970e+00 +8.4616e-01 +1.1256e+00 -2.4705e-01 -8.0437e-01 -1.0893e+00 +5.0423e-01 +2.8233e+00 -2.7339e+00 +2.6312e-01 +6.7378e-01 +8.7930e-01 -2.1171e-03 +3.8023e+00 -3.3281e+00 +3.7173e+00 +3.1851e+00
11215 +3.889828117e+00 +3.889828117e+00 -3.669501719e+02 -3.669501719e+02 +2.6177e+00 -9.2615e-01 -7.8922e-01 +6.8046e-01 -1.1359e-01 +2.0080e+00 -4.1661e-01 -7.9604e-02 -1.9713e+00 +5.7904e-01 +3.8043e+00 -1.5015e+00 +3.0207e-01 +1.1666e+00 +1.4938e+00 -4.3869e-01 +3.7006e+00 -2.9843e+00 +3.1946e+00 +3.8428e+00
12091 +2.089142395e+00 +2.089142395e+00 -3.687508576e+02 -3.687508576e+02 +2.5259e+00 -1.8473e-01 -1.7221e+00 +2.7103e+00 -8.1268e-01 +1.4117e+00 -6.4213e-01 +1.4112e+00 -3.2282e+00 +2.1352e-01 +3.3906e+00 -2.2913e+00 -4.5956e-02 +3.3093e-02 +1.5798e+00 -1.2213e+00 +4.3383e+00 -2.6042e+00 +3.5918e+00 +3.1767e+00
13995 +1.415766702e+00 +1.415766702e+00 -3.694242333e+02 -3.694242333e+02 +2.7704e+00 -6.5852e-01 -9.5619e-01 +1.5012e+00 -1.4761e-01 +1.7553e+00 -9.9920e-01 +1.4268e+00 -3.2249e+00 +6.2717e-01 +3.9313e+00 -2.7178e+00 -2.5271e-01 +4.7856e-02 +1.3386e+00 -7.0133e-01 +3.8041e+00 -1.5103e+00 +3.4681e+00 +3.5079e+00
14068 +5.560843461e-01 +5.560843461e-01 -3.702839157e+02 -3.702839157e+02 +2.9480e+00 -6.5195e-01 -1.5909e+00 +1.4912e+00 -5.3794e-01 +1.8122e+00 -6.2664e-01 +1.4481e+00 -2.7911e+00 +3.9447e-01 +3.7458e+00 -2.2173e+00 +9.4774e-01 +2.8445e-01 +1.6414e+00 +1.6705e-01 +4.6292e+00 -2.3983e+00 +3.5420e+00 +3.9852e+00
14903 +2.952168692e-01 +2.952168692e-01 -3.705447831e+02 -3.705447831e+02 +2.8332e+00 -5.5273e-01 -1.3954e+00 +2.1048e+00 +7.4695e-01 +1.9760e+00 -1.4875e+00 +2.4258e+00 -3.3780e+00 -6.8193e-02 +2.9289e+00 -2.8117e+00 +6.0837e-01 +7.4668e-01 +1.7405e+00 -6.2073e-01 +3.5625e+00 -2.1768e+00 +3.5658e+00 +3.1236e+00
15433 +2.208641686e-01 +2.208641686e-01 -3.706191358e+02 -3.706191358e+02 +2.9604e+00 -3.2519e-01 -1.6803e+00 +2.1988e+00 +5.2100e-01 +1.5457e+00 -1.1140e+00 +1.8268e+00 -3.1610e+00 -5.0727e-01 +3.2268e+00 -3.0233e+00 +3.7655e-01 +2.9700e-01 +1.3538e+00 +8.3548e-01 +4.0461e+00 -1.7976e+00 +3.5495e+00 +3.2602e+00
15937 +5.418453861e-02 +5.418453861e-02 -3.707858155e+02 -3.707858155e+02 +3.1174e+00 -8.1585e-01 -1.5873e+00 +1.7017e+00 +5.3806e-01 +1.4170e+00 -1.4466e+00 +2.1185e+00 -2.9941e+00 -3.0939e-01 +3.0756e+00 -2.8290e+00 -1.6518e-02 +4.0370e-01 +1.4215e+00 -1.2157e-01 +3.9537e+00 -2.7745e+00 +3.4853e+00 +3.9385e+00
16610 +1.892849589e-02 +1.892849589e-02 -3.708210715e+02 -3.708210715e+02 +2.9084e+00 -7.3261e-01 -1.8646e+00 +1.9794e+00 +6.7444e-01 +1.3433e+00 -1.0942e+00 +1.8009e+00 -2.8718e+00 -2.7339e-01 +3.4266e+00 -2.8421e+00 +2.5117e-02 +6.7174e-01 +1.3832e+00 -1.2861e-01 +4.0701e+00 -2.1517e+00 +3.4955e+00 +4.0614e+00
17669 +1.470169308e-02 +1.470169308e-02 -3.708252983e+02 -3.708252983e+02 +2.9626e+00 -5.6558e-01 -1.5078e+00 +1.8383e+00 +4.4390e-01 +9.3686e-01 -8.6032e-01 +1.5969e+00 -3.0705e+00 -2.6900e-01 +3.2313e+00 -2.7146e+00 +3.0938e-01 +7.4859e-01 +1.6140e+00 -2.2916e-02 +4.2737e+00 -2.4202e+00 +3.3810e+00 +3.9628e+00
17843 +9.974964500e-03 +9.974964500e-03 -3.708300250e+02 -3.708300250e+02 +2.9692e+00 -8.8739e-01 -1.5136e+00 +1.7668e+00 +4.0064e-01 +1.2264e+00 -1.1779e+00 +2.0095e+00 -3.4004e+00 -6.6534e-01 +3.1957e+00 -3.0136e+00 +2.5393e-02 +7.5783e-01 +1.3449e+00 -9.7228e-02 +3.7849e+00 -2.5385e+00 +3.4346e+00 +3.6641e+00
18048 +3.698940556e-03 +3.698940556e-03 -3.708363011e+02 -3.708363011e+02 +2.9236e+00 -8.9377e-01 -1.6763e+00 +2.1348e+00 +5.9857e-01 +8.3062e-01 -1.3272e+00 +1.7794e+00 -2.7070e+00 -5.3695e-01 +3.6213e+00 -3.0558e+00 -1.0553e-01 +1.2818e+00 +1.2643e+00 +8.3912e-02 +3.7680e+00 -2.5897e+00 +3.5716e+00 +3.9783e+00
19427 +2.353681126e-03 +2.353681126e-03 -3.708376463e+02 -3.708376463e+02 +3.0446e+00 -8.6188e-01 -1.6221e+00 +1.9190e+00 +7.6112e-01 +9.2411e-01 -1.2988e+00 +1.9167e+00 -3.0594e+00 -4.7146e-01 +3.4549e+00 -3.1824e+00 +7.1004e-02 +1.1793e+00 +1.2468e+00 +2.0298e-03 +3.7800e+00 -2.6454e+00 +3.3480e+00 +4.0591e+00
19736 +1.263412814e-03 +1.263412814e-03 -3.708387366e+02 -3.708387366e+02 +2.9824e+00 -8.0876e-01 -1.5159e+00 +2.0295e+00 +6.1246e-01 +9.2623e-01 -1.1495e+00 +1.8398e+00 -3.2449e+00 -2.5612e-01 +3.2653e+00 -2.9562e+00 +1.6289e-01 +1.2017e+00 +1.4853e+00 +8.0887e-03 +3.9392e+00 -2.7208e+00 +3.3006e+00 +3.7584e+00
19969 +5.383993402e-04 +5.383993402e-04 -3.708394616e+02 -3.708394616e+02 +3.1174e+00 -8.4794e-01 -1.5521e+00 +1.9340e+00 +7.1094e-01 +1.0264e+00 -1.4303e+00 +1.9532e+00 -3.2638e+00 -5.0832e-01 +3.3339e+00 -3.1178e+00 +2.6316e-02 +1.0866e+00 +1.4748e+00 +1.8267e-01 +3.6918e+00 -2.7330e+00 +3.2851e+00 +3.6966e+00
21251 +3.153246361e-04 +3.153246361e-04 -3.708396847e+02 -3.708396847e+02 +3.1086e+00 -8.8525e-01 -1.5929e+00 +1.8207e+00 +6.3039e-01 +9.5035e-01 -1.3624e+00 +1.8185e+00 -3.2795e+00 -5.0953e-01 +3.3744e+00 -3.0904e+00 +1.4522e-03 +9.4158e-01 +1.3272e+00 +5.5528e-02 +3.5806e+00 -2.7270e+00 +3.4563e+00 +3.8525e+00
21556 +2.073808745e-04 +2.073808745e-04 -3.708397926e+02 -3.708397926e+02 +3.0611e+00 -8.1192e-01 -1.5750e+00 +1.9649e+00 +6.2748e-01 +9.3252e-01 -1.2395e+00 +1.7618e+00 -3.1124e+00 -4.5758e-01 +3.3880e+00 -3.0605e+00 +2.6233e-02 +9.8900e-01 +1.2988e+00 -7.7600e-03 +3.7945e+00 -2.6566e+00 +3.4820e+00 +3.8935e+00
22000 +1.056690220e-04 +1.056690220e-04 -3.708398943e+02 -3.708398943e+02 +3.0292e+00 -8.2799e-01 -1.6579e+00 +1.9773e+00 +6.3184e-01 +8.7128e-01 -1.3092e+00 +1.7867e+00 -3.1423e+00 -5.6191e-01 +3.4012e+00 -3.1114e+00 -1.5510e-02 +1.0985e+00 +1.3582e+00 +1.3081e-01 +3.6904e+00 -2.7275e+00 +3.3856e+00 +3.9202e+00
22478 +9.896799048e-05 +9.896799048e-05 -3.708399010e+02 -3.708399010e+02 +3.0474e+00 -7.8940e-01 -1.6061e+00 +1.9197e+00 +6.5438e-01 +7.6490e-01 -1.2712e+00 +1.6974e+00 -3.1350e+00 -4.9109e-01 +3.3858e+00 -3.0557e+00 +5.0626e-02 +1.1034e+00 +1.3132e+00 +1.0214e-01 +3.7357e+00 -2.7051e+00 +3.3530e+00 +3.9389e+00
23012 +3.239987819e-05 +3.239987819e-05 -3.708399676e+02 -3.708399676e+02 +3.1075e+00 -8.3414e-01 -1.5360e+00 +1.9242e+00 +6.2193e-01 +8.4871e-01 -1.2365e+00 +1.6745e+00 -3.0984e+00 -3.9842e-01 +3.4355e+00 -3.0380e+00 +9.7399e-02 +1.1619e+00 +1.3749e+00 +1.7378e-01 +3.8069e+00 -2.8219e+00 +3.3216e+00 +3.8150e+00
23839 +2.396207094e-05 +2.396207094e-05 -3.708399760e+02 -3.708399760e+02 +3.1237e+00 -8.0974e-01 -1.5795e+00 +1.9538e+00 +6.4808e-01 +9.1992e-01 -1.2712e+00 +1.7775e+00 -3.2183e+00 -4.6700e-01 +3.3838e+00 -3.1198e+00 +7.3796e-02 +1.0702e+00 +1.3481e+00 +1.7524e-01 +3.8096e+00 -2.7693e+00 +3.2928e+00 +3.8573e+00
23988 +1.574420452e-05 +1.574420452e-05 -3.708399843e+02 -3.708399843e+02 +3.0639e+00 -7.9553e-01 -1.6134e+00 +1.9650e+00 +6.5328e-01 +8.6125e-01 -1.2304e+00 +1.7862e+00 -3.1213e+00 -4.6547e-01 +3.4214e+00 -3.0964e+00 +1.0885e-02 +1.0841e+00 +1.3779e+00 +1.6060e-01 +3.8175e+00 -2.7623e+00 +3.3459e+00 +3.8774e+00
24204 +9.825498125e-06 +9.825498125e-06 -3.708399902e+02 -3.708399902e+02 +3.0983e+00 -7.7184e-01 -1.6042e+00 +1.9357e+00 +6.4300e-01 +8.3250e-01 -1.2117e+00 +1.7491e+00 -3.1071e+00 -4.8376e-01 +3.3887e+00 -3.0546e+00 +5.1739e-03 +1.0081e+00 +1.4013e+00 +1.7389e-01 +3.8140e+00 -2.7093e+00 +3.3383e+00 +3.8571e+00
24992 +4.778663651e-06 +4.778663651e-06 -3.708399952e+02 -3.708399952e+02 +3.1332e+00 -8.1622e-01 -1.5884e+00 +1.9244e+00 +6.1395e-01 +7.7414e-01 -1.2313e+00 +1.7450e+00 -3.1791e+00 -4.5038e-01 +3.4207e+00 -3.0741e+00 +1.3487e-02 +1.0852e+00 +1.3531e+00 +1.4148e-01 +3.8135e+00 -2.7746e+00 +3.3062e+00 +3.8422e+00
25121 +2.199098788e-06 +2.199098788e-06 -3.708399978e+02 -3.708399978e+02 +3.1175e+00 -8.1609e-01 -1.6113e+00 +1.9210e+00 +6.3882e-01 +8.5504e-01 -1.2395e+00 +1.7436e+00 -3.1668e+00 -4.4321e-01 +3.3965e+00 -3.0918e+00 +5.8553e-02 +1.0473e+00 +1.3472e+00 +1.2279e-01 +3.7799e+00 -2.7339e+00 +3.3492e+00 +3.9067e+00
26147 +8.887620879e-07 +8.887620879e-07 -3.708399991e+02 -3.708399991e+02 +3.1175e+00 -8.0671e-01 -1.5967e+00 +1.9312e+00 +5.9696e-01 +8.3149e-01 -1.2068e+00 +1.7176e+00 -3.1653e+00 -4.6362e-01 +3.4366e+00 -3.0516e+00 +8.1331e-02 +1.0777e+00 +1.3872e+00 +1.5531e-01 +3.8305e+00 -2.7731e+00 +3.3048e+00 +3.9035e+00
27008 +5.038127142e-07 +5.038127142e-07 -3.708399995e+02 -3.708399995e+02 +3.1276e+00 -8.1005e-01 -1.5809e+00 +1.9238e+00 +5.9907e-01 +7.9996e-01 -1.1875e+00 +1.7086e+00 -3.1215e+00 -4.6526e-01 +3.4150e+00 -3.0706e+00 +6.5878e-02 +1.0722e+00 +1.3616e+00 +1.6022e-01 +3.8495e+00 -2.7483e+00 +3.3147e+00 +3.9106e+00
27320 +1.499937525e-07 +1.499937525e-07 -3.708399999e+02 -3.708399999e+02 +3.1184e+00 -8.0616e-01 -1.5987e+00 +1.9442e+00 +6.0390e-01 +8.2482e-01 -1.2213e+00 +1.7397e+00 -3.1620e+00 -4.5745e-01 +3.4266e+00 -3.0719e+00 +4.2261e-02 +1.0705e+00 +1.3657e+00 +1.7898e-01 +3.8228e+00 -2.7446e+00 +3.3031e+00 +3.8620e+00
28456 +8.028797538e-08 +8.028797538e-08 -3.708399999e+02 -3.708399999e+02 +3.1136e+00 -8.0980e-01 -1.5796e+00 +1.9389e+00 +6.1079e-01 +8.3077e-01 -1.2215e+00 +1.7289e+00 -3.1443e+00 -4.5769e-01 +3.4331e+00 -3.0677e+00 +6.7821e-02 +1.0969e+00 +1.3778e+00 +1.7971e-01 +3.8336e+00 -2.7575e+00 +3.3108e+00 +3.8725e+00
29011 +4.973389878e-08 +4.973389878e-08 -3.708400000e+02 -3.708400000e+02 +3.1043e+00 -8.1222e-01 -1.5854e+00 +1.9390e+00 +5.9722e-01 +8.1261e-01 -1.2195e+00 +1.7325e+00 -3.1479e+00 -4.4497e-01 +3.4332e+00 -3.0674e+00 +5.8571e-02 +1.0843e+00 +1.3629e+00 +1.5155e-01 +3.8372e+00 -2.7651e+00 +3.3108e+00 +3.8915e+00
29492 +3.977294227e-08 +3.977294227e-08 -3.708400000e+02 -3.708400000e+02 +3.1159e+00 -8.1282e-01 -1.5843e+00 +1.9420e+00 +6.0878e-01 +8.2815e-01 -1.2114e+00 +1.7477e+00 -3.1453e+00 -4.6916e-01 +3.4161e+00 -3.0821e+00 +4.1099e-02 +1.0545e+00 +1.3581e+00 +1.6133e-01 +3.8379e+00 -2.7374e+00 +3.3099e+00 +3.8792e+00
29631 +1.635589797e-08 +1.635589797e-08 -3.708400000e+02 -3.708400000e+02 +3.1203e+00 -8.0440e-01 -1.5856e+00 +1.9284e+00 +6.0715e-01 +8.1713e-01 -1.2245e+00 +1.7259e+00 -3.1483e+00 -4.6138e-01 +3.4221e+00 -3.0720e+00 +4.8827e-02 +1.0619e+00 +1.3681e+00 +1.6271e-01 +3.8261e+00 -2.7438e+00 +3.3095e+00 +3.8751e+00
29883 +4.019682365e-09 +4.019682365e-09 -3.708400000e+02 -3.708400000e+02 +3.1194e+00 -8.0704e-01 -1.5974e+00 +1.9363e+00 +6.1217e-01 +8.3401e-01 -1.2322e+00 +1.7334e+00 -3.1495e+00 -4.6185e-01 +3.4338e+00 -3.0688e+00 +5.6011e-02 +1.0723e+00 +1.3744e+00 +1.7633e-01 +3.8234e+00 -2.7399e+00 +3.3078e+00 +3.8802e+00
% function evaluation | noise-free fitness - Fopt (-3.256000000000e+01) | best noise-free fitness - Fopt | measured fitness | best measured fitness | x1 | x2...
1 +8.587855639e+01 +8.587855639e+01 +5.331855639e+01 +5.331855639e+01 -4.7518e+00 +3.4190e+00 +4.9726e+00 +7.8123e-02 +4.9552e+00 -3.2494e+00 +1.4763e+00 +3.9039e+00 -4.0982e+00 -1.9670e+00 +1.6766e-01 -2.2473e+00 +3.4143e+00 -1.9282e+00 +2.0343e+00 +3.4351e+00 -4.2410e+00 -2.1758e+00 +2.0232e+00 +1.7815e+00
1305 +6.194966279e+01 +6.194966279e+01 +2.938966279e+01 +2.938966279e+01 +4.7848e+00 -6.4949e-01 -3.7876e-01 +2.0659e+00 +4.7244e-01 -1.8406e-01 +1.2874e+00 -8.6864e-01 -1.6172e+00 +1.5089e+00 +4.0708e+00 +4.4160e-01 +4.2645e-02 -4.0023e-01 +1.4245e-01 -7.0861e-01 +1.1637e+00 -1.6846e+00 +2.5186e-01 -7.2625e-01
5086 +3.700209111e+01 +3.700209111e+01 +4.442091106e+00 +4.442091106e+00 -2.9202e+00 +5.2471e+00 -2.0856e+00 -7.5262e-01 +4.8658e+00 -2.7026e+00 +2.2149e+00 +1.9571e+00 +5.6274e+00 -2.9329e+00 -5.1979e+00 -3.7832e-01 -6.5791e-01 +1.8525e+00 -1.2868e+00 +1.0411e+00 -1.1862e+00 -1.1386e+00 -8.4741e-01 +3.1090e+00
6087 +2.426185210e+01 +2.426185210e+01 -8.298147900e+00 -8.298147900e+00 -3.4398e+00 +2.5277e+00 +3.0242e-01 -2.3896e+00 +3.6086e+00 -2.2772e+00 +9.6550e-01 +4.2855e+00 +4.2220e+00 -3.5386e+00 -5.9169e+00 -6.8235e-01 +2.7200e+00 +3.2107e+00 -2.0492e+00 -3.3976e-01 +2.0271e+00 +4.9163e-01 -1.8055e+00 +2.4308e+00
7355 +1.129034489e+01 +1.129034489e+01 -2.126965511e+01 -2.126965511e+01 -3.1408e+00 +3.8938e+00 -2.3950e+00 -1.1857e-01 +3.6252e+00 -4.2799e+00 +2.9050e+00 +4.4450e+00 +4.1699e+00 -3.2355e+00 -4.7123e+00 +1.5440e+00 +1.4053e+00 +3.1223e+00 -1.7387e+00 +6.6653e-01 +8.4813e-01 +6.5393e-01 -6.7991e-01 +3.7574e+00
7834 +8.203199141e+00 +8.203199141e+00 -2.435680086e+01 -2.435680086e+01 -3.8609e+00 +2.8461e+00 -1.3240e+00 -1.9113e+00 +1.7789e+00 -3.1869e+00 +2.2545e+00 +3.7964e+00 +3.4692e+00 -3.4979e+00 -3.6944e+00 -1.0561e-01 +1.2668e+00 +4.1116e+00 -2.6092e+00 +4.3500e-01 +1.7555e+00 +9.5811e-03 +4.4388e-02 +2.2350e+00
8982 +6.301859637e+00 +6.301859637e+00 -2.625814036e+01 -2.625814036e+01 -3.5915e+00 +3.0248e+00 -1.5585e+00 -1.6924e+00 +3.3070e+00 -3.4994e+00 +2.3158e+00 +3.5203e+00 +5.0610e+00 -3.5722e+00 -3.8726e+00 -1.1306e+00 +4.8875e-01 +2.5985e+00 -2.4966e+00 -3.7672e-01 -1.2134e-01 -1.2281e+00 -4.1854e-01 +3.1003e+00
9415 +3.358477890e+00 +3.358477890e+00 -2.920152211e+01 -2.920152211e+01 -3.1086e+00 +3.2023e+00 -1.0860e+00 -1.6389e+00 +2.8980e+00 -2.4132e+00 +2.1865e+00 +3.5674e+00 +4.1148e+00 -3.0827e+00 -4.0658e+00 +3.9119e-01 +8.2946e-01 +2.8804e+00 -2.8024e+00 +5.0431e-01 +4.0865e-01 -5.7394e-01 +7.3782e-02 +2.7687e+00
10341 +2.070949854e+00 +2.070949854e+00 -3.048905015e+01 -3.048905015e+01 -3.1319e+00 +2.8095e+00 -1.3592e+00 -1.6114e+00 +2.2752e+00 -3.9628e+00 +2.2278e+00 +4.2052e+00 +4.2622e+00 -3.2982e+00 -4.4984e+00 +4.0352e-01 +4.9142e-01 +3.1077e+00 -2.6693e+00 +1.1309e+00 +6.7607e-01 -6.7627e-01 -7.0367e-01 +2.7318e+00
12084 +1.551274455e+00 +1.551274455e+00 -3.100872554e+01 -3.100872554e+01 -3.3445e+00 +2.6999e+00 -2.1297e+00 -1.8707e+00 +2.8504e+00 -3.7182e+00 +2.3756e+00 +4.0808e+00 +4.8602e+00 -3.2735e+00 -4.4008e+00 +1.3645e-01 +7.1407e-01 +2.8433e+00 -2.1008e+00 +4.9560e-01 +7.7105e-01 -6.4055e-01 -5.2322e-01 +3.1652e+00
13819 +9.828715401e-01 +9.828715401e-01 -3.157712846e+01 -3.157712846e+01 -3.0758e+00 +2.4936e+00 -2.0630e+00 -2.1846e+00 +2.7964e+00 -3.2604e+00 +2.5917e+00 +4.0147e+00 +4.6493e+00 -3.6120e+00 -4.7999e+00 -2.5355e-02 +6.6506e-01 +3.3458e+00 -2.7287e+00 +7.8119e-01 +8.3476e-01 -9.4380e-01 -5.6019e-01 +2.7843e+00
% function evaluation | noise-free fitness - Fopt (5.154000000000e+02) | best noise-free fitness - Fopt | measured fitness | best measured fitness | x1 | x2...
1 +8.583671033e+01 +8.583671033e+01 +6.012367103e+02 +6.012367103e+02 -4.7518e+00 +3.4190e+00 +4.9726e+00 +7.8123e-02 +4.9552e+00 -3.2494e+00 +1.4763e+00 +3.9039e+00 -4.0982e+00 -1.9670e+00 +1.6766e-01 -2.2473e+00 +3.4143e+00 -1.9282e+00 +2.0343e+00 +3.4351e+00 -4.2410e+00 -2.1758e+00 +2.0232e+00 +1.7815e+00
1918 +6.187474459e+01 +6.187474459e+01 +5.772747446e+02 +5.772747446e+02 -1.0408e+00 +4.8751e+00 -4.4879e-01 +1.9208e-01 +3.8286e+00 +2.5287e+00 -3.1017e+00 -1.0102e+00 -7.2115e-01 -1.4889e+00 +1.2549e+00 +1.3436e+00 +1.4817e-01 -1.7798e+00 +6.9885e-01 -7.0806e-01 -1.1834e+00 -9.7100e-02 +1.7648e+00 +3.8730e+00
3424 +3.686681385e+01 +3.686681385e+01 +5.522668138e+02 +5.522668138e+02 -8.5530e-01 +1.6983e+00 +2.1411e-01 -1.8592e+00 +4.2353e-03 -1.8119e+00 -1.9436e+00 +5.5160e-01 -1.8137e+00 -6.0567e-01 -3.5324e-01 +3.3739e+00 -2.5032e+00 +5.0254e+00 +3.7529e+00 +1.3375e-01 +2.3228e+00 -1.0743e+00 -3.0189e+00 +1.6232e+00
4059 +1.917824637e+01 +1.917824637e+01 +5.345782464e+02 +5.345782464e+02 +6.2357e-01 +3.4168e+00 -1.0045e+00 +8.1243e-02 +1.0113e+00 -4.2026e-01 -2.5615e+00 -2.8184e-01 -3.3897e+00 -1.9008e+00 +3.0605e-01 +1.7419e-01 -2.1516e+00 +4.7848e+00 +1.1863e+00 -2.4501e-01 +1.3497e+00 +5.0275e-01 -5.4280e+00 +1.4322e+00
5138 +1.544222910e+01 +1.544222910e+01 +5.308422291e+02 +5.308422291e+02 +1.3094e+00 +3.5264e+00 +1.3581e-01 -1.9102e-01 +6.2237e-01 +4.1542e-01 -2.9856e+00 +1.9130e+00 -2.4777e+00 -1.7133e+00 -4.0446e-01 +1.2363e+00 -2.8011e+00 +2.9970e+00 +1.2268e+00 -1.6069e+00 +8.3642e-01 -9.9694e-01 -3.1981e+00 +1.5706e+00
6137 +9.057729419e+00 +9.057729419e+00 +5.244577294e+02 +5.244577294e+02 +5.7253e-01 +3.4840e+00 -1.1142e+00 +1.0595e-01 +6.1476e-01 -8.2150e-01 -4.2394e+00 +2.0298e+00 -2.3882e+00 -9.7679e-01 +4.7898e-01 +2.0235e+00 -2.6132e+00 +3.2339e+00 +2.6942e+00 -1.1355e+00 +1.0883e+00 +1.0561e-01 -5.3091e+00 +2.1582e+00
7492 +6.007949383e+00 +6.007949383e+00 +5.214079494e+02 +5.214079494e+02 +4.9197e-01 +4.6271e+00 +6.5748e-01 -6.1478e-01 +5.8007e-01 -6.0805e-01 -3.3567e+00 +1.9813e-01 -3.0091e+00 -1.4946e+00 +9.9896e-01 +1.2198e+00 -3.6142e+00 +4.2505e+00 +1.7557e+00 -5.8754e-01 +6.4457e-01 -1.5865e+00 -4.1151e+00 +2.3502e+00
7985 +3.823413495e+00 +3.823413495e+00 +5.192234135e+02 +5.192234135e+02 -3.9492e-01 +3.7831e+00 -5.0305e-02 -9.3143e-01 +1.1690e-01 -1.9687e-01 -3.7354e+00 +1.1903e+00 -3.1904e+00 -7.2242e-01 +5.6273e-01 +1.8771e+00 -3.1087e+00 +3.8745e+00 +1.1592e+00 -7.4165e-01 +1.1144e+00 -7.8828e-01 -4.3850e+00 +2.3117e+00
9556 +2.430336195e+00 +2.430336195e+00 +5.178303362e+02 +5.178303362e+02 +1.2828e-01 +3.9511e+00 -5.6574e-01 -2.2845e-01 +6.4271e-01 -2.8730e-01 -3.8156e+00 +8.4872e-01 -2.9712e+00 -1.5033e+00 +7.6307e-01 +1.6253e+00 -2.7974e+00 +3.4395e+00 +2.2191e+00 -6.2427e-01 +1.3066e+00 -1.2205e+00 -4.7242e+00 +2.1696e+00
% function evaluation | noise-free fitness - Fopt (9.862300000000e+02) | best noise-free fitness - Fopt | measured fitness | best measured fitness | x1 | x2...
1 +8.512070839e+01 +8.512070839e+01 +1.071350708e+03 +1.071350708e+03 -4.7518e+00 +3.4190e+00 +4.9726e+00 +7.8123e-02 +4.9552e+00 -3.2494e+00 +1.4763e+00 +3.9039e+00 -4.0982e+00 -1.9670e+00 +1.6766e-01 -2.2473e+00 +3.4143e+00 -1.9282e+00 +2.0343e+00 +3.4351e+00 -4.2410e+00 -2.1758e+00 +2.0232e+00 +1.7815e+00
2135 +6.190931011e+01 +6.190931011e+01 +1.048139310e+03 +1.048139310e+03 -2.7978e+00 -1.1780e-01 +1.7439e+00 -3.6959e+00 +1.3909e+00 +1.3203e+00 +1.1107e-01 -1.8054e-01 -2.1640e+00 +3.6220e-01 +4.9670e-01 -3.4714e+00 +2.1251e+00 +2.5541e+00 -2.1851e+00 +1.8772e-01 +1.2187e+00 +2.5854e-01 +9.6820e-01 -5.3892e+00
3878 +3.194863354e+01 +3.194863354e+01 +1.018178634e+03 +1.018178634e+03 +1.6418e+00 -3.9711e-01 -1.2382e+00 +2.0187e+00 -3.0937e+00 -2.8828e-01 -2.3889e-01 +1.0266e+00 +2.9267e+00 +2.3902e+00 -4.4333e-01 +9.8765e-01 +2.2906e+00 +1.0015e+00 +2.4555e+00 +8.7237e-01 +1.2250e+00 -5.3173e-01 -2.9499e-01 -2.1249e+00
5135 +2.398512741e+01 +2.398512741e+01 +1.010215127e+03 +1.010215127e+03 +3.1982e-01 -1.2616e+00 -3.1949e+00 -3.5947e-02 -2.5438e+00 +2.9659e+00 +3.9958e-01 -5.2034e-01 +4.7102e+00 +2.9437e+00 -2.4307e+00 +2.2087e+00 +3.7784e+00 +1.6214e+00 +1.5352e-01 -1.7040e-01 +1.2837e+00 -1.0722e+00 -3.2536e-01 -1.9474e+00
6631 +1.105525796e+01 +1.105525796e+01 +9.972852580e+02 +9.972852580e+02 -1.0237e+00 -2.7393e-01 +3.8189e-01 -2.8718e+00 -1.8259e+00 -4.1612e-01 +1.4964e+00 +5.6670e-01 -3.4227e+00 +2.6014e+00 +2.0615e+00 -1.4409e+00 +5.3441e-01 +5.7295e-01 -3.4850e+00 -2.5898e+00 +1.5157e+00 +3.4738e+00 +1.5463e+00 -4.2632e+00
8030 +9.039752628e+00 +9.039752628e+00 +9.952697526e+02 +9.952697526e+02 -2.8175e+00 +3.7597e-01 +7.8903e-01 -3.7114e+00 -7.7035e-01 -1.5206e-01 +1.1450e+00 +5.2874e-02 -4.5451e+00 +2.4212e+00 +2.4211e+00 -1.0485e+00 +8.5920e-01 +1.4604e+00 -3.9408e+00 -3.0355e+00 +7.7948e-01 +1.7669e+00 +1.7086e+00 -5.4357e+00
9559 +6.137682661e+00 +6.137682661e+00 +9.923676827e+02 +9.923676827e+02 +1.4824e+00 -5.2729e-01 -3.0046e+00 +9.2475e-01 -2.6986e+00 +3.0031e-01 +6.8185e-01 +2.6969e-01 +5.1314e+00 +2.9748e+00 -2.3075e+00 +1.9647e+00 +2.2647e+00 +1.5422e+00 +1.5981e+00 -1.1223e+00 +1.1935e+00 -4.5906e-01 +2.5075e-01 -1.6871e+00
10921 +3.172142838e+00 +3.172142838e+00 +9.894021428e+02 +9.894021428e+02 +1.8206e+00 -4.2863e-01 -2.6420e+00 +1.6753e+00 -2.5961e+00 +1.1157e+00 +8.4483e-01 +1.4260e+00 +4.8928e+00 +2.9697e+00 -2.2202e+00 +3.3911e+00 +3.2718e+00 +1.5563e+00 +2.2366e+00 -1.4718e+00 +6.3951e-01 -1.3372e+00 -1.1733e+00 -1.3241e+00
12104 +2.478675364e+00 +2.478675364e+00 +9.887086754e+02 +9.887086754e+02 +1.3882e+00 -9.2595e-02 -3.2279e+00 +1.3063e+00 -3.2664e+00 +5.0409e-01 +6.4466e-02 +2.0128e+00 +5.0873e+00 +2.7921e+00 -2.5746e+00 +2.6768e+00 +2.4652e+00 +1.9438e+00 +2.3101e+00 -1.5489e+00 +5.5276e-01 -8.0110e-01 -5.5616e-01 -1.2767e+00
% function evaluation | noise-free fitness - Fopt (1.240800000000e+02) | best noise-free fitness - Fopt | measured fitness | best measured fitness | x1 | x2...
1 +8.549025462e+01 +8.549025462e+01 +2.095702546e+02 +2.095702546e+02 -4.7518e+00 +3.4190e+00 +4.9726e+00 +7.8123e-02 +4.9552e+00 -3.2494e+00 +1.4763e+00 +3.9039e+00 -4.0982e+00 -1.9670e+00 +1.6766e-01 -2.2473e+00 +3.4143e+00 -1.9282e+00 +2.0343e+00 +3.4351e+00 -4.2410e+00 -2.1758e+00 +2.0232e+00 +1.7815e+00
2097 +5.190571117e+01 +5.190571117e+01 +1.759857112e+02 +1.759857112e+02 -2.4484e+00 -3.4842e+00 -3.0040e+00 -6.2048e+00 +7.9382e-01 -1.2702e+00 +4.7971e+00 +2.2736e+00 -2.8212e+00 -4.4658e-01 -1.9376e+00 +1.3629e+00 -1.7474e+00 -4.4197e-02 -6.0693e-02 +2.3199e+00 +3.5505e+00 +6.1163e-01 +2.1299e+00 -9.9513e-01
3240 +2.690948069e+01 +2.690948069e+01 +1.509894807e+02 +1.509894807e+02 -1.5365e+00 -9.6632e-01 -1.1868e+00 -2.3156e+00 +7.3194e-01 +3.2866e+00 +7.2239e-02 +2.5420e+00 -1.4734e+00 -1.9589e+00 -2.4582e+00 -1.8731e+00 +1.5391e+00 -4.3959e+00 +3.0307e+00 -4.4154e-01 +7.8180e-01 -3.4768e-01 +3.3641e+00 -5.1444e+00
4900 +2.320129251e+01 +2.320129251e+01 +1.472812925e+02 +1.472812925e+02 -7.3795e-01 +1.2172e+00 +1.9727e+00 -1.7997e+00 +1.1730e+00 +4.5493e+00 -6.6991e-01 +2.4667e+00 -1.3769e+00 -3.7760e-01 -1.0484e+00 -1.0996e+00 +1.0734e+00 -4.1827e+00 +6.2662e+00 -5.1709e-01 +6.5304e-03 -8.5357e-01 +5.2597e+00 -3.3235e+00
6015 +1.299191879e+01 +1.299191879e+01 +1.370719188e+02 +1.370719188e+02 +5.8886e-01 +1.0728e+00 +9.6273e-01 -1.8810e+00 +3.1439e-01 +2.8716e+00 -8.9945e-01 +3.9836e+00 -4.2236e+00 -7.8129e-01 -1.5041e+00 +7.5845e-01 +1.7677e+00 -4.2149e+00 +4.9387e+00 +1.5213e+00 -7.3387e-02 +1.3817e+00 +4.0661e+00 -3.3972e+00
6500 +9.732119738e+00 +9.732119738e+00 +1.338121197e+02 +1.338121197e+02 -4.6412e-01 +3.4557e-01 -9.3983e-03 -2.6351e+00 +1.1708e+00 +1.7108e+00 -1.8257e+00 +2.0759e+00 -1.9249e+00 -2.2741e+00 -1.7880e+00 +7.3188e-01 +1.1514e+00 -5.2739e+00 +3.2630e+00 -3.1820e-02 +5.1351e-01 -9.3693e-01 +3.4989e+00 -2.1201e+00
6967 +6.022598598e+00 +6.022598598e+00 +1.301025986e+02 +1.301025986e+02 -1.2827e+00 +7.2769e-01 +1.0884e+00 -3.7070e+00 +1.5209e+00 +1.9287e+00 -1.8033e+00 +2.7069e+00 -2.6210e+00 -3.9183e-01 -9.1207e-01 +3.1918e-01 +2.2621e+00 -4.8474e+00 +3.3847e+00 -3.0065e-01 +1.1995e+00 +5.1932e-01 +4.7809e+00 -3.7765e+00
7138 +3.929695818e+00 +3.929695818e+00 +1.280096958e+02 +1.280096958e+02 -7.1420e-01 -7.7112e-01 +3.7314e-01 -1.6122e+00 +1.8335e+00 +2.5651e+00 -2.1525e+00 +1.9035e+00 -1.7525e+00 -1.7109e+00 -7.0436e-01 -3.9498e-02 +1.7391e+00 -4.1656e+00 +4.1453e+00 -2.2441e-01 +1.1267e+00 -2.3450e-01 +4.5619e+00 -3.5312e+00
8243 +2.087430069e+00 +2.087430069e+00 +1.261674301e+02 +1.261674301e+02 -2.4199e-01 -4.8291e-01 +1.3639e+00 -2.4759e+00 +1.7213e+00 +2.6613e+00 -1.4785e+00 +2.2386e+00 -3.3054e+00 -1.6398e+00 -7.1863e-01 +1.0189e+00 +1.8031e+00 -3.6930e+00 +4.7485e+00 -3.0786e-01 +1.0610e+00 -1.1647e-02 +4.5079e+00 -3.2302e+00
11176 +1.532864826e+00 +1.532864826e+00 +1.256128648e+02 +1.256128648e+02 -9.6680e-01 -1.3155e-01 +8.9791e-01 -2.3963e+00 +1.4512e+00 +2.6195e+00 -1.7279e+00 +2.8108e+00 -2.6549e+00 -1.6966e+00 -1.3897e+00 +2.5111e-01 +2.4702e+00 -3.9411e+00 +4.3922e+00 -5.0524e-01 +5.6965e-01 -2.5114e-01 +4.3971e+00 -3.0502e+00
13839 +9.965415154e-01 +9.965415154e-01 +1.250765415e+02 +1.250765415e+02 -8.2710e-01 -1.8802e-01 +7.2280e-01 -2.1833e+00 +1.3132e+00 +2.6962e+00 -1.5685e+00 +2.5751e+00 -2.8887e+00 -1.4079e+00 -1.2482e+00 +4.0711e-01 +2.1007e+00 -4.0706e+00 +4.4701e+00 -5.8628e-01 +6.0618e-01 -1.9754e-01 +4.2082e+00 -3.2833e+00
% function evaluation | noise-free fitness - Fopt (-4.683100000000e+02) | best noise-free fitness - Fopt | measured fitness | best measured fitness | x1 | x2...
1 +8.578580252e+01 +8.578580252e+01 -3.825241975e+02 -3.825241975e+02 -4.7518e+00 +3.4190e+00 +4.9726e+00 +7.8123e-02 +4.9552e+00 -3.2494e+00 +1.4763e+00 +3.9039e+00 -4.0982e+00 -1.9670e+00 +1.6766e-01 -2.2473e+00 +3.4143e+00 -1.9282e+00 +2.0343e+00 +3.4351e+00 -4.2410e+00 -2.1758e+00 +2.0232e+00 +1.7815e+00
1695 +5.649383021e+01 +5.649383021e+01 -4.118161698e+02 -4.118161698e+02 +1.9053e-01 +5.2255e-03 +3.0308e-01 -2.4713e+00 +3.1180e+00 -2.8794e+00 -1.1000e+00 -2.1263e+00 +1.1662e-01 -8.1495e-01 -2.4476e+00 +4.7192e+00 -2.7166e+00 -2.6649e+00 +3.8086e-01 -9.3352e-01 +2.9015e+00 +2.2585e+00 +1.9025e+00 -1.0175e+00
3777 +3.103115639e+01 +3.103115639e+01 -4.372788436e+02 -4.372788436e+02 -2.6416e+00 -2.5346e+00 +3.3312e+00 -3.5274e+00 +6.7319e-01 -3.0221e-01 -9.4517e-01 +3.9687e+00 -3.8496e+00 -2.7661e-01 +2.2340e+00 -2.5413e-01 -2.6994e-01 +2.2480e+00 -4.1145e+00 -3.2071e+00 +2.9984e+00 +1.7679e+00 +1.8726e+00 +1.6383e+00
4215 +1.977713240e+01 +1.977713240e+01 -4.485328676e+02 -4.485328676e+02 -1.8275e+00 -6.5866e-01 +2.8368e+00 -1.7692e+00 +1.3837e-01 +3.3573e-01 -3.7750e-01 +3.2487e+00 -2.0540e+00 +1.6660e+00 +1.2480e+00 -5.9329e-01 -1.3047e+00 +6.8021e-01 -1.0933e+00 -2.1559e+00 +2.1599e+00 +1.2664e+00 +1.6786e+00 +2.1234e+00
6018 +1.349063711e+01 +1.349063711e+01 -4.548193629e+02 -4.548193629e+02 -1.9819e+00 -1.5382e+00 +3.7553e+00 -3.3420e+00 +1.1278e+00 +6.8936e-01 -4.9108e-01 +2.2240e+00 -2.2604e+00 +9.5519e-02 +1.3119e+00 -1.0036e+00 +9.9120e-02 +3.3209e+00 +7.2339e-02 -1.7790e+00 +2.0964e+00 +2.9208e+00 +2.1582e+00 +4.0809e+00
6088 +8.768892650e+00 +8.768892650e+00 -4.595411074e+02 -4.595411074e+02 -1.5495e+00 -1.9790e+00 +4.1295e+00 -1.1808e+00 +3.0729e+00 +6.7367e-01 -1.3202e+00 +2.8290e+00 -1.5641e+00 +1.0259e+00 +8.3134e-01 -1.6236e-01 -7.6118e-01 +1.5444e+00 -2.0986e+00 -1.3938e+00 +1.7308e+00 +1.4580e+00 +3.0304e+00 +3.6272e+00
7722 +5.629100983e+00 +5.629100983e+00 -4.626808990e+02 -4.626808990e+02 -2.4038e+00 -1.6800e+00 +3.3833e+00 -3.0593e-01 +1.8741e+00 +1.3382e+00 -4.1259e-01 +2.8234e+00 -2.0464e+00 +7.6189e-01 +7.8911e-01 -1.6967e+00 -1.1174e+00 +2.1847e+00 -2.2261e+00 -2.6771e+00 +1.4111e+00 +1.1516e+00 +2.8261e+00 +2.6670e+00
8020 +3.504231233e+00 +3.504231233e+00 -4.648057688e+02 -4.648057688e+02 -1.6534e+00 -2.2119e+00 +3.5509e+00 -1.6501e+00 +1.7523e+00 +1.2629e+00 -1.1795e+00 +2.8400e+00 -1.7073e+00 +9.9062e-01 +1.0976e+00 -1.2841e+00 -1.1443e+00 +2.0012e+00 -1.9208e+00 -2.2372e+00 +2.3083e+00 +2.1488e+00 +2.6004e+00 +3.1384e+00
8850 +2.219437280e+00 +2.219437280e+00 -4.660905627e+02 -4.660905627e+02 -1.9747e+00 -1.7012e+00 +3.3968e+00 -1.7449e+00 +1.5996e+00 +1.1102e+00 -5.4226e-01 +2.2432e+00 -1.8170e+00 +9.7675e-01 +1.4296e+00 -1.5279e+00 -9.8787e-01 +2.0566e+00 -1.5307e+00 -1.7739e+00 +1.5139e+00 +1.8959e+00 +2.8274e+00 +2.6592e+00
% function evaluation | noise-free fitness - Fopt (-6.062000000000e+01) | best noise-free fitness - Fopt | measured fitness | best measured fitness | x1 | x2...
1 +8.576552189e+01 +8.576552189e+01 +2.514552189e+01 +2.514552189e+01 -4.7518e+00 +3.4190e+00 +4.9726e+00 +7.8123e-02 +4.9552e+00 -3.2494e+00 +1.4763e+00 +3.9039e+00 -4.0982e+00 -1.9670e+00 +1.6766e-01 -2.2473e+00 +3.4143e+00 -1.9282e+00 +2.0343e+00 +3.4351e+00 -4.2410e+00 -2.1758e+00 +2.0232e+00 +1.7815e+00
2050 +5.892276349e+01 +5.892276349e+01 -1.697236511e+00 -1.697236511e+00 -1.8590e+00 -4.6854e-01 -6.8469e-01 +2.1528e+00 -4.9994e+00 -2.6590e+00 -3.1665e+00 +2.8488e+00 -4.5515e+00 -4.9391e-01 +2.2586e+00 -4.1359e-01 -3.8389e-01 +2.7391e+00 -4.1308e+00 +1.3236e-01 -5.0344e-01 -6.4740e-01 +2.2337e+00 +2.1853e+00
3711 +3.702599572e+01 +3.702599572e+01 -2.359400428e+01 -2.359400428e+01 +2.2143e+00 -8.3441e-01 +2.5199e+00 +1.2029e+00 -2.4974e+00 -1.1576e+00 +1.9320e+00 -3.6437e+00 -1.4756e+00 +9.3757e-01 +2.5493e-01 -9.7006e-01 -5.2388e+00 +2.9922e+00 +8.5786e-01 -2.2981e+00 -3.7568e+00 +1.0440e+00 +5.0552e-01 -8.5657e-01
4531 +1.872245321e+01 +1.872245321e+01 -4.189754679e+01 -4.189754679e+01 +1.6641e+00 +1.2023e+00 +2.5675e+00 +1.0814e+00 -3.8585e+00 -3.4466e-01 +2.4586e+00 -5.0894e+00 -1.6457e+00 -7.2113e-01 -8.0346e-01 +4.8956e-01 -4.6196e+00 +2.3287e+00 +4.0401e+00 -2.0115e+00 -3.9801e+00 +2.3114e+00 -9.7545e-01 -1.9720e+00
5505 +1.575132647e+01 +1.575132647e+01 -4.486867353e+01 -4.486867353e+01 +7.9232e-01 +1.4890e-01 +2.7563e+00 -2.6823e-01 -3.5467e+00 +1.1468e-01 +1.5178e+00 -3.5159e+00 -3.9682e-01 +1.4653e-01 -3.6848e-01 -1.1077e+00 -4.5423e+00 +1.9898e+00 +3.1061e+00 -9.7648e-01 -2.6027e+00 -4.6982e-01 -1.0739e+00 -2.8431e-02
6050 +9.535121117e+00 +9.535121117e+00 -5.108487888e+01 -5.108487888e+01 +1.9501e-01 -1.1573e-02 +2.6203e+00 +2.0798e-01 -4.0823e+00 +3.2375e-01 +1.1084e+00 -4.5332e+00 -1.6755e+00 -1.9656e-01 -1.6742e+00 -9.1499e-01 -4.4756e+00 +1.1933e+00 +2.8395e+00 -7.5024e-01 -4.3552e+00 +1.7881e+00 +7.5263e-01 +4.6350e-01
7564 +5.062857499e+00 +5.062857499e+00 -5.555714250e+01 -5.555714250e+01 +1.0317e+00 +5.1556e-01 +2.6161e+00 +2.6049e-01 -3.2062e+00 +2.0194e-01 +1.1522e+00 -3.8816e+00 -1.6439e+00 -1.6341e-01 -1.4836e+00 -1.4220e+00 -4.9215e+00 +1.2720e+00 +2.8098e+00 -2.3603e+00 -3.9904e+00 +1.0514e+00 -1.9718e+00 -6.0392e-02
7828 +2.444469165e+00 +2.444469165e+00 -5.817553084e+01 -5.817553084e+01 +1.5379e-01 +4.7818e-01 +2.8968e+00 +3.0652e-01 -3.1065e+00 +7.1023e-02 +2.3166e+00 -4.5256e+00 -1.9255e+00 -4.2479e-02 -8.7745e-01 -7.4698e-01 -4.9982e+00 +4.8896e-01 +3.1514e+00 -2.3049e+00 -4.8211e+00 +6.3431e-01 -1.1374e+00 -3.3129e-01
10605 +1.515247720e+00 +1.515247720e+00 -5.910475228e+01 -5.910475228e+01 +4.3065e-01 +4.7732e-01 +3.0819e+00 +6.0000e-01 -3.2408e+00 -9.7547e-02 +1.5856e+00 -4.8422e+00 -2.0655e+00 -7.0389e-01 -1.8009e+00 -5.1640e-01 -4.4500e+00 +8.0388e-01 +3.0303e+00 -1.6125e+00 -4.8832e+00 +5.8639e-01 -1.1461e+00 -3.2851e-03
14677 +9.919070880e-01 +9.919070880e-01 -5.962809291e+01 -5.962809291e+01 +2.7117e-01 +2.4304e-01 +2.9535e+00 +5.5150e-01 -3.4126e+00 -2.1906e-01 +1.5192e+00 -4.9869e+00 -1.9844e+00 -6.7754e-01 -1.4711e+00 -7.5771e-01 -4.5786e+00 +9.0481e-01 +3.0833e+00 -1.6774e+00 -4.8124e+00 +2.2084e-01 -1.5399e+00 +3.1238e-02
% function evaluation | noise-free fitness - Fopt (2.864600000000e+02) | best noise-free fitness - Fopt | measured fitness | best measured fitness | x1 | x2...
1 +8.568812600e+01 +8.568812600e+01 +3.721481260e+02 +3.721481260e+02 -4.7518e+00 +3.4190e+00 +4.9726e+00 +7.8123e-02 +4.9552e+00 -3.2494e+00 +1.4763e+00 +3.9039e+00 -4.0982e+00 -1.9670e+00 +1.6766e-01 -2.2473e+00 +3.4143e+00 -1.9282e+00 +2.0343e+00 +3.4351e+00 -4.2410e+00 -2.1758e+00 +2.0232e+00 +1.7815e+00
2435 +6.136136126e+01 +6.136136126e+01 +3.478213613e+02 +3.478213613e+02 -1.7214e+00 +2.3835e+00 +5.0993e-01 -2.7548e-01 -3.5592e+00 +5.2489e-01 -4.3409e+00 +1.7518e+00 +4.4463e+00 +1.3382e-01 +2.7181e-01 -1.8181e+00 -1.2842e+00 -8.6635e-01 +2.1779e+00 +8.7291e-01 +2.0580e-01 +5.6056e+00 -1.1004e+00 -9.0572e-01
3507 +3.824353576e+01 +3.824353576e+01 +3.247035358e+02 +3.247035358e+02 +9.6490e-01 +2.5605e+00 +1.2774e+00 +1.3660e+00 -2.6380e+00 -3.2722e-01 -1.8789e+00 +2.0059e+00 +1.3120e+00 +1.1375e+00 -2.8094e-01 -3.3246e+00 -2.6759e+00 -2.9356e-01 +9.3639e-01 +2.9473e+00 +5.1754e-01 +1.2449e+00 -2.2435e+00 -1.5633e+00
4444 +1.668131217e+01 +1.668131217e+01 +3.031413122e+02 +3.031413122e+02 -1.1840e+00 +5.2869e+00 +1.0268e+00 -1.4258e+00 -3.4428e+00 -1.1334e-01 -2.7502e+00 +1.7854e+00 +3.1224e+00 +3.7344e+00 +1.7865e+00 -4.0477e+00 -2.0127e+00 -1.9581e+00 -3.5878e-01 +1.8803e+00 +2.8786e-01 +8.9368e-01 -3.3995e+00 -1.8277e+00
4495 +1.045748853e+01 +1.045748853e+01 +2.969174885e+02 +2.969174885e+02 -3.3020e+00 +3.1731e+00 +3.2151e+00 -1.5012e+00 -3.1682e+00 +6.7477e-01 -3.5635e+00 +2.9482e+00 +2.3650e+00 +2.9302e+00 +1.0672e+00 -4.6596e+00 -1.6377e+00 -1.7804e+00 -8.2482e-01 +1.9835e+00 +9.0805e-02 +9.6096e-01 -2.0265e+00 -3.2840e+00
5764 +8.699702502e+00 +8.699702502e+00 +2.951597025e+02 +2.951597025e+02 -2.1706e+00 +4.3816e+00 +1.4497e+00 -1.9202e+00 -3.7730e+00 -1.4532e+00 -3.4680e+00 +2.5660e+00 +3.3545e+00 +3.3918e+00 +1.7297e+00 -3.8154e+00 -8.1506e-01 -1.2105e+00 -4.2280e-01 +1.9335e+00 -1.3121e-02 +1.7303e+00 -2.6189e+00 -2.6537e+00
7303 +5.759349538e+00 +5.759349538e+00 +2.922193495e+02 +2.922193495e+02 -1.7615e+00 +3.8660e+00 +3.0028e+00 -1.8815e-01 -3.5295e+00 -1.4140e+00 -3.6503e+00 +3.2164e+00 +2.5124e+00 +2.4258e+00 +6.4030e-01 -3.2269e+00 -1.6288e+00 -2.4709e+00 +6.6834e-01 +2.6581e+00 +1.5151e-02 +1.7102e+00 -3.0982e+00 -2.4374e+00
7890 +3.416630740e+00 +3.416630740e+00 +2.898766307e+02 +2.898766307e+02 -2.4391e+00 +3.5368e+00 +2.3168e+00 -7.1457e-01 -3.4115e+00 -1.1204e+00 -2.6222e+00 +2.9370e+00 +2.7353e+00 +2.3781e+00 +1.4858e+00 -3.2790e+00 -1.3727e+00 -1.7990e+00 +6.2935e-02 +1.9180e+00 +9.9188e-01 +1.0725e+00 -2.3313e+00 -1.9939e+00
9958 +2.321119451e+00 +2.321119451e+00 +2.887811195e+02 +2.887811195e+02 -2.2213e+00 +3.4451e+00 +2.4562e+00 -6.7133e-01 -4.0809e+00 -8.8007e-01 -2.9641e+00 +2.5988e+00 +2.9504e+00 +2.3193e+00 +1.3154e+00 -3.3240e+00 -1.1263e+00 -2.0367e+00 +3.1899e-01 +1.5353e+00 +1.4112e-01 +8.7938e-01 -2.6860e+00 -2.1460e+00
% function evaluation | noise-free fitness - Fopt (1.134200000000e+02) | best noise-free fitness - Fopt | measured fitness | best measured fitness | x1 | x2...
1 +8.562808383e+01 +8.562808383e+01 +1.990480838e+02 +1.990480838e+02 -4.7518e+00 +3.4190e+00 +4.9726e+00 +7.8123e-02 +4.9552e+00 -3.2494e+00 +1.4763e+00 +3.9039e+00 -4.0982e+00 -1.9670e+00 +1.6766e-01 -2.2473e+00 +3.4143e+00 -1.9282e+00 +2.0343e+00 +3.4351e+00 -4.2410e+00 -2.1758e+00 +2.0232e+00 +1.7815e+00
1666 +6.262502395e+01 +6.262502395e+01 +1.760450239e+02 +1.760450239e+02 +2.6123e-01 +3.5319e+00 -1.3410e+00 -9.7338e-01 -6.9067e-01 +2.5865e+00 -1.7707e+00 -2.0610e-01 -1.3072e+00 -6.8738e+00 +6.1158e+00 +3.7248e-01 +2.4980e+00 +9.1432e-04 +8.5265e-01 -8.2355e-01 -1.2520e+00 -2.2486e+00 -1.0588e+00 -5.3741e+00
2392 +3.719767737e+01 +3.719767737e+01 +1.506176774e+02 +1.506176774e+02 -2.1857e+00 +3.2718e+00 -4.0717e+00 -1.3104e+00 +5.4759e-01 +4.4438e+00 -1.2885e+00 +1.5642e+00 -1.6150e+00 -4.7797e+00 +2.4299e+00 +1.9642e+00 +3.6044e+00 +4.3139e+00 -4.7322e-02 -1.7675e+00 -2.8498e+00 -1.7827e+00 -2.7795e+00 -5.3467e+00
3818 +2.465400896e+01 +2.465400896e+01 +1.380740090e+02 +1.380740090e+02 +1.4445e+00 +3.2516e+00 -4.0472e+00 -2.9616e+00 -2.2997e+00 +1.3332e+00 -7.1029e-01 +5.2846e-01 -8.2480e-01 -4.7842e+00 +2.9611e+00 +9.1424e-01 +2.3263e+00 +3.3263e+00 +2.0409e+00 -4.8869e-01 -8.2961e-01 -2.8038e+00 -3.2912e+00 -4.5913e+00
5537 +1.403742986e+01 +1.403742986e+01 +1.274574299e+02 +1.274574299e+02 -1.4446e+00 +3.5327e+00 -2.8158e+00 -1.8422e+00 -3.3715e+00 +1.6776e+00 -1.9929e+00 +1.4366e-01 -3.1298e+00 -4.2366e+00 +4.1296e+00 +4.8597e-02 +4.7414e+00 +3.3590e+00 +1.4493e+00 -1.8505e+00 -8.2155e-01 -1.2343e+00 -2.3163e+00 -5.8530e+00
5642 +8.352110532e+00 +8.352110532e+00 +1.217721105e+02 +1.217721105e+02 -4.6987e-01 +3.4226e+00 -3.2626e+00 -2.8315e+00 -1.7620e+00 +2.8984e+00 -3.2864e+00 +8.5514e-01 -1.7685e+00 -4.5964e+00 +3.4568e+00 +2.6035e+00 +5.2214e+00 +3.1321e+00 +1.7882e+00 -1.7200e+00 -2.5205e+00 -2.2541e+00 -2.1314e+00 -5.1129e+00
7365 +6.087618963e+00 +6.087618963e+00 +1.195076190e+02 +1.195076190e+02 -7.6637e-01 +3.7083e+00 -2.7710e+00 -1.9108e+00 -2.2559e+00 +2.8480e+00 -3.6757e+00 +1.0460e+00 -2.0904e+00 -2.7097e+00 +3.8915e+00 +1.6648e+00 +4.4832e+00 +2.8552e+00 +1.0988e+00 -3.1017e+00 -1.7762e+00 -1.1541e+00 -2.3509e+00 -4.7737e+00
7860 +2.810121105e+00 +2.810121105e+00 +1.162301211e+02 +1.162301211e+02 -4.5535e-01 +3.1362e+00 -3.0453e+00 -2.4427e+00 -2.2991e+00 +2.8803e+00 -2.8215e+00 +9.5828e-01 -1.8014e+00 -3.3254e+00 +2.8939e+00 +1.5195e+00 +4.4557e+00 +3.4045e+00 +1.2011e+00 -1.9811e+00 -1.8995e+00 -1.9546e+00 -2.5647e+00 -4.7102e+00
9032 +2.489484921e+00 +2.489484921e+00 +1.159094849e+02 +1.159094849e+02 -5.9421e-01 +2.9883e+00 -2.1409e+00 -2.1855e+00 -2.1480e+00 +2.7865e+00 -2.9552e+00 +1.0621e+00 -1.8257e+00 -3.1558e+00 +3.6064e+00 +1.5396e+00 +4.2799e+00 +2.6317e+00 +5.7991e-01 -2.7844e+00 -1.1155e+00 -1.7361e+00 -2.8537e+00 -4.7770e+00
% function evaluation | noise-free fitness - Fopt (-1.958600000000e+02) | best noise-free fitness - Fopt | measured fitness | best measured fitness | x1 | x2...
1 +8.623386694e+01 +8.623386694e+01 -1.096261331e+02 -1.096261331e+02 -4.7518e+00 +3.4190e+00 +4.9726e+00 +7.8123e-02 +4.9552e+00 -3.2494e+00 +1.4763e+00 +3.9039e+00 -4.0982e+00 -1.9670e+00 +1.6766e-01 -2.2473e+00 +3.4143e+00 -1.9282e+00 +2.0343e+00 +3.4351e+00 -4.2410e+00 -2.1758e+00 +2.0232e+00 +1.7815e+00
2182 +6.188827488e+01 +6.188827488e+01 -1.339717251e+02 -1.339717251e+02 -6.2030e-01 +1.9243e+00 +2.7510e+00 -1.5173e+00 -3.5402e+00 -2.9359e+00 +2.5151e+00 +7.4217e-01 -1.8343e+00 -2.1602e+00 -2.1668e+00 +2.2206e+00 -1.6079e+00 +2.5684e+00 -3.0836e+00 -5.3322e+00 +1.5288e+00 +3.1595e+00 +6.2150e-01 +2.4773e+00
3837 +3.934777890e+01 +3.934777890e+01 -1.565122211e+02 -1.565122211e+02 +3.9403e+00 -7.3763e-01 -2.7126e+00 -2.9542e+00 -4.6093e-01 +1.8668e+00 -4.2364e+00 -2.8459e-01 +2.0240e+00 +1.1843e+00 +1.0300e+00 +4.9628e-01 +1.9576e+00 +1.1478e+00 -6.0071e-01 -3.0114e+00 +8.2879e-01 +2.0861e+00 +9.1257e-01 -1.7213e+00
4742 +2.276956418e+01 +2.276956418e+01 -1.730904358e+02 -1.730904358e+02 -1.2734e-01 +8.6032e-01 +1.2763e-01 -3.7641e+00 -2.8941e+00 -4.7808e+00 +2.5925e+00 +2.1914e+00 +4.1016e-01 -7.5009e-01 -1.9777e+00 +3.8811e+00 -2.3125e+00 +1.9482e+00 +4.2681e-01 -5.1097e+00 -1.9082e-01 +3.1289e+00 +1.4223e+00 +3.9639e+00
5102 +1.418063017e+01 +1.418063017e+01 -1.816793698e+02 -1.816793698e+02 -7.7114e-01 +3.1446e+00 +2.0477e+00 -2.8539e+00 -1.6776e+00 -2.9281e+00 -1.2315e-01 +3.2997e+00 +5.3533e-01 -2.3635e-01 -9.4674e-01 +2.7636e+00 -2.7311e+00 +2.4683e+00 +7.8059e-01 -4.9436e+00 -2.9756e+00 +2.8237e+00 +1.9667e+00 +2.4323e+00
8038 +7.561053090e+00 +7.561053090e+00 -1.882989469e+02 -1.882989469e+02 +2.1405e+00 -1.1846e+00 -4.0718e+00 -5.3051e+00 -1.3705e+00 +3.4246e+00 -1.4313e+00 +7.9594e-03 +1.9892e+00 +3.3917e+00 +1.9882e-02 -1.0322e+00 +1.1963e+00 +2.0412e+00 +1.2465e+00 -1.4424e+00 +8.5234e-01 +2.9494e+00 +8.9987e-01 +9.8449e-01
9327 +5.494184826e+00 +5.494184826e+00 -1.903658152e+02 -1.903658152e+02 -1.2360e-01 +2.8235e+00 +1.4230e+00 -2.8600e+00 -2.5664e+00 -4.1849e+00 -4.6165e-01 +3.6429e+00 +3.8019e-01 -1.3321e+00 -2.2082e+00 +2.4595e+00 -2.5485e+00 +2.5169e+00 +7.0907e-01 -3.8556e+00 -3.1714e+00 +3.4324e+00 +4.7563e+00 +2.8813e+00
9687 +2.489974731e+00 +2.489974731e+00 -1.933700253e+02 -1.933700253e+02 +4.5565e-01 +1.8485e+00 +1.7881e+00 -3.8962e+00 -2.2099e+00 -3.7676e+00 -4.1851e-01 +2.5868e+00 +5.5805e-01 -1.9669e-01 -1.9175e+00 +3.8928e+00 -2.6047e+00 +2.8313e+00 +3.0294e-01 -3.6983e+00 -1.9460e+00 +3.5218e+00 +3.8346e+00 +3.0761e+00
13314 +1.570508284e+00 +1.570508284e+00 -1.942894917e+02 -1.942894917e+02 +1.4795e-01 +2.1169e+00 +1.9951e+00 -3.3693e+00 -2.5747e+00 -3.5330e+00 -4.8352e-01 +2.5141e+00 +5.6447e-01 -8.5147e-01 -2.4272e+00 +3.3617e+00 -2.7629e+00 +2.5953e+00 -2.5993e-02 -4.0974e+00 -2.0049e+00 +3.3953e+00 +4.0176e+00 +2.9674e+00
14630 +9.909625373e-01 +9.909625373e-01 -1.948690375e+02 -1.948690375e+02 -2.6248e-01 +1.6242e+00 +2.2766e+00 -3.6643e+00 -2.3865e+00 -3.7322e+00 -2.9400e-01 +2.9370e+00 +4.3519e-01 -9.8432e-01 -2.4464e+00 +3.4526e+00 -2.2382e+00 +2.2292e+00 -3.4666e-02 -4.0005e+00 -1.7050e+00 +3.5200e+00 +4.2791e+00 +2.8693e+00
% function evaluation | noise-free fitness - Fopt (-5.760000000000e+00) | best noise-free fitness - Fopt | measured fitness | best measured fitness | x1 | x2...
1 +8.418917659e+01 +8.418917659e+01 +7.842917659e+01 +7.842917659e+01 -4.7518e+00 +3.4190e+00 +4.9726e+00 +7.8123e-02 +4.9552e+00 -3.2494e+00 +1.4763e+00 +3.9039e+00 -4.0982e+00 -1.9670e+00 +1.6766e-01 -2.2473e+00 +3.4143e+00 -1.9282e+00 +2.0343e+00 +3.4351e+00 -4.2410e+00 -2.1758e+00 +2.0232e+00 +1.7815e+00
1385 +6.139083477e+01 +6.139083477e+01 +5.563083477e+01 +5.563083477e+01 +1.9941e+00 +1.0268e+00 -1.6544e+00 -9.8432e-02 +3.4672e+00 -2.4039e+00 +9.8388e-01 -1.3759e+00 +2.8207e+00 +6.4431e-01 +2.1601e+00 -5.7760e+00 -3.4034e-01 +2.3541e-01 -3.5225e+00 -3.4085e+00 -1.5870e+00 +1.2596e+00 +1.8391e-01 +1.0157e+00
2797 +1.796712013e+01 +1.796712013e+01 +1.220712013e+01 +1.220712013e+01 +4.4782e+00 -2.7934e-01 +1.4836e+00 +9.8692e-01 +2.4719e+00 -2.9774e+00 -2.0129e+00 -3.1832e+00 +8.3335e-01 -3.1510e+00 -1.8297e+00 -3.2471e+00 +1.3362e+00 -2.8087e+00 -1.4940e+00 -1.7652e+00 -6.6502e-01 -3.9654e-01 -1.6812e+00 +2.7975e+00
4751 +8.016033275e+00 +8.016033275e+00 +2.256033275e+00 +2.256033275e+00 +4.5653e+00 -7.4822e-01 +1.4218e+00 -8.9534e-01 +4.0543e+00 -4.4662e+00 -1.6139e+00 -2.9089e+00 +4.1182e-01 -3.3156e+00 -1.5018e+00 -4.5674e+00 +2.8431e-01 -1.4764e+00 -7.7377e-01 -2.2413e+00 -7.1356e-01 -4.4308e-01 -1.4404e+00 +1.6138e+00
5688 +6.076952446e+00 +6.076952446e+00 +3.169524456e-01 +3.169524456e-01 +3.4665e+00 -1.8518e+00 -1.6261e+00 -2.1643e+00 +3.7230e+00 -2.5975e+00 -2.8221e+00 -2.7200e+00 +2.2848e+00 -2.7433e+00 -1.2076e+00 -4.5091e+00 +1.6643e+00 -7.7610e-01 -1.4643e-01 -2.1921e+00 -5.3342e-01 +6.8192e-01 -7.4468e-01 +2.3937e+00
6352 +1.984423389e+00 +1.984423389e+00 -3.775576611e+00 -3.775576611e+00 +3.3736e+00 -3.8748e-01 -4.8616e-01 -1.8476e+00 +3.4678e+00 -3.8450e+00 -7.1354e-01 -3.3680e+00 +1.8129e+00 -1.7388e+00 -7.9193e-01 -3.8820e+00 +7.0242e-02 -1.3708e+00 -1.2800e+00 -2.2122e+00 -1.4547e+00 -1.6824e-01 -1.8378e+00 +4.1285e-01
7459 +8.875173310e-01 +8.875173310e-01 -4.872482669e+00 -4.872482669e+00 +3.1552e+00 -1.7252e+00 -1.3146e-01 -1.1181e+00 +2.2430e+00 -3.0840e+00 -2.6314e+00 -3.3430e+00 +1.9599e+00 -3.4964e+00 -1.5886e+00 -4.1461e+00 +1.4169e+00 -2.7452e+00 -1.0377e+00 -2.5518e+00 -1.5239e+00 -4.0271e-01 -1.2765e+00 +1.5227e+00
8008 +5.206110182e-01 +5.206110182e-01 -5.239388982e+00 -5.239388982e+00 +3.6198e+00 -1.0835e+00 +1.6423e-01 -2.4667e+00 +3.0539e+00 -3.8148e+00 -1.6841e+00 -3.1123e+00 +1.4524e+00 -2.2678e+00 -1.6155e+00 -4.1007e+00 +1.1731e+00 -1.9355e+00 -1.2130e+00 -2.6175e+00 -1.4613e+00 -9.7220e-01 -1.5822e+00 +1.0394e+00
8606 +3.384168624e-01 +3.384168624e-01 -5.421583138e+00 -5.421583138e+00 +3.8540e+00 -1.7825e+00 -3.0926e-01 -2.3894e+00 +2.3533e+00 -2.6503e+00 -1.3957e+00 -3.6611e+00 +2.2679e+00 -2.9013e+00 -1.6112e+00 -3.0765e+00 +1.7555e+00 -2.1570e+00 -3.6983e-01 -2.0487e+00 -3.4470e-01 -1.9458e-01 -1.0441e+00 +1.3161e+00
8803 +2.024491009e-01 +2.024491009e-01 -5.557550899e+00 -5.557550899e+00 +3.9235e+00 -1.1057e+00 -7.3312e-01 -1.6958e+00 +3.1342e+00 -3.1997e+00 -1.4753e+00 -3.0994e+00 +2.3318e+00 -2.4874e+00 -1.2606e+00 -3.9725e+00 +1.4891e+00 -1.9455e+00 +5.2907e-02 -1.3639e+00 -3.3536e-01 +1.5023e-02 -1.4869e+00 +1.4728e+00
8813 +1.158017334e-01 +1.158017334e-01 -5.644198267e+00 -5.644198267e+00 +3.2997e+00 -1.1444e+00 -3.6186e-02 -1.5960e+00 +2.4285e+00 -3.6534e+00 -1.9331e+00 -3.2408e+00 +1.6822e+00 -2.3603e+00 -1.5790e+00 -3.6406e+00 +1.1111e+00 -2.1721e+00 -1.0947e+00 -3.1872e+00 -1.1857e+00 -1.0974e+00 -1.0836e+00 +1.0839e+00
9987 +9.911794591e-02 +9.911794591e-02 -5.660882054e+00 -5.660882054e+00 +3.4597e+00 -1.2825e+00 -3.2481e-02 -1.5098e+00 +3.2107e+00 -3.5737e+00 -1.8630e+00 -2.5660e+00 +2.1272e+00 -2.5935e+00 -1.0463e+00 -4.0764e+00 +1.4714e+00 -1.7042e+00 -7.0219e-01 -2.0802e+00 -7.7276e-01 +6.6351e-02 -1.2795e+00 +1.7219e+00
10164 +5.035070459e-02 +5.035070459e-02 -5.709649295e+00 -5.709649295e+00 +3.3295e+00 -1.6117e+00 +4.5688e-01 -1.7602e+00 +3.0240e+00 -3.2179e+00 -1.3246e+00 -2.7639e+00 +2.4302e+00 -2.6045e+00 -1.1013e+00 -3.7913e+00 +1.4936e+00 -1.7090e+00 -6.4352e-01 -2.1422e+00 -8.1687e-01 -3.2783e-01 -8.9474e-01 +1.4972e+00
10684 +3.768010153e-02 +3.768010153e-02 -5.722319898e+00 -5.722319898e+00 +3.6006e+00 -9.3871e-01 -4.6560e-01 -1.9215e+00 +2.3902e+00 -3.6234e+00 -1.6865e+00 -3.4084e+00 +2.2174e+00 -2.7165e+00 -1.1075e+00 -3.9285e+00 +1.2787e+00 -2.0114e+00 -8.8235e-01 -2.3136e+00 -9.4278e-01 -7.1567e-01 -1.0073e+00 +1.4403e+00
10889 +2.266560324e-02 +2.266560324e-02 -5.737334397e+00 -5.737334397e+00 +3.3537e+00 -1.3948e+00 +4.8093e-01 -1.9566e+00 +2.7532e+00 -3.2700e+00 -1.5872e+00 -3.0324e+00 +2.2082e+00 -2.7068e+00 -1.3750e+00 -3.9949e+00 +1.4525e+00 -2.3290e+00 -8.5812e-01 -2.4873e+00 -1.3722e+00 -7.9101e-01 -9.7825e-01 +1.3054e+00
11365 +1.460337284e-02 +1.460337284e-02 -5.745396627e+00 -5.745396627e+00 +3.3070e+00 -1.1737e+00 +8.5938e-02 -1.8255e+00 +2.2058e+00 -3.0098e+00 -1.5355e+00 -3.0890e+00 +2.1861e+00 -2.8357e+00 -1.3551e+00 -4.0201e+00 +1.4946e+00 -2.0794e+00 -1.0658e+00 -2.8302e+00 -1.1868e+00 -6.4472e-01 -1.0531e+00 +1.3933e+00
11745 +9.798536803e-03 +9.798536803e-03 -5.750201463e+00 -5.750201463e+00 +3.4546e+00 -1.1901e+00 +2.1466e-01 -1.6181e+00 +2.6733e+00 -3.3499e+00 -1.5330e+00 -2.9936e+00 +2.4673e+00 -2.7813e+00 -1.0958e+00 -3.9467e+00 +1.6312e+00 -2.1592e+00 -7.2918e-01 -2.1856e+00 -7.1416e-01 -6.8895e-01 -8.4586e-01 +1.3047e+00
11936 +3.658522281e-03 +3.658522281e-03 -5.756341478e+00 -5.756341478e+00 +3.3047e+00 -1.5121e+00 -1.0859e-02 -1.6196e+00 +2.5817e+00 -3.1812e+00 -1.5241e+00 -3.1280e+00 +2.1550e+00 -2.6470e+00 -1.1906e+00 -3.6282e+00 +1.4812e+00 -2.0224e+00 -9.3669e-01 -2.5763e+00 -1.3860e+00 -4.9885e-01 -1.0534e+00 +1.0799e+00
13043 +1.539077383e-03 +1.539077383e-03 -5.758460923e+00 -5.758460923e+00 +3.3207e+00 -1.2795e+00 +1.1681e-02 -1.7846e+00 +2.4443e+00 -3.0676e+00 -1.5648e+00 -3.1279e+00 +2.4208e+00 -3.0524e+00 -1.2899e+00 -3.9269e+00 +1.6870e+00 -2.0483e+00 -8.9751e-01 -2.5362e+00 -1.0093e+00 -5.2358e-01 -9.2985e-01 +1.2752e+00
13464 +8.719956844e-04 +8.719956844e-04 -5.759128004e+00 -5.759128004e+00 +3.4059e+00 -1.5398e+00 -1.0127e-01 -1.8547e+00 +2.5629e+00 -3.1996e+00 -1.6996e+00 -3.1361e+00 +2.1861e+00 -2.7534e+00 -1.2315e+00 -3.6423e+00 +1.4835e+00 -2.0064e+00 -7.1877e-01 -2.5598e+00 -1.0349e+00 -5.9742e-01 -1.0119e+00 +1.1969e+00
14207 +5.590731936e-04 +5.590731936e-04 -5.759440927e+00 -5.759440927e+00 +3.3160e+00 -1.4379e+00 -1.0404e-01 -1.7698e+00 +2.6222e+00 -3.0218e+00 -1.5772e+00 -3.2592e+00 +2.1877e+00 -2.9323e+00 -1.2372e+00 -3.9139e+00 +1.6784e+00 -2.1201e+00 -6.8506e-01 -2.3205e+00 -8.1260e-01 -4.2859e-01 -1.0116e+00 +1.2550e+00
14326 +3.501806835e-04 +3.501806835e-04 -5.759649819e+00 -5.759649819e+00 +3.3530e+00 -1.4263e+00 -3.1748e-02 -1.7286e+00 +2.7078e+00 -3.0446e+00 -1.5864e+00 -3.2642e+00 +2.2550e+00 -2.9614e+00 -1.1505e+00 -3.7417e+00 +1.6847e+00 -2.0453e+00 -6.5877e-01 -2.3371e+00 -9.2208e-01 -5.0406e-01 -1.0974e+00 +1.1807e+00
14983 +2.326507324e-04 +2.326507324e-04 -5.759767349e+00 -5.759767349e+00 +3.4601e+00 -1.5150e+00 -1.4258e-01 -1.9201e+00 +2.5408e+00 -3.1453e+00 -1.6620e+00 -3.1851e+00 +2.2087e+00 -2.8595e+00 -1.2548e+00 -3.7684e+00 +1.5415e+00 -2.0665e+00 -8.3755e-01 -2.3764e+00 -9.6525e-01 -4.3037e-01 -1.1137e+00 +1.3343e+00
15022 +1.230002561e-04 +1.230002561e-04 -5.759877000e+00 -5.759877000e+00 +3.4779e+00 -1.3673e+00 +1.5601e-01 -1.6373e+00 +2.6310e+00 -3.1747e+00 -1.6575e+00 -3.2781e+00 +2.2393e+00 -2.7723e+00 -1.3719e+00 -3.6405e+00 +1.6052e+00 -2.0609e+00 -7.8623e-01 -2.4770e+00 -9.3884e-01 -6.8961e-01 -9.9618e-01 +1.2309e+00
15634 +8.102258836e-05 +8.102258836e-05 -5.759918977e+00 -5.759918977e+00 +3.3954e+00 -1.4227e+00 -6.9654e-02 -1.7952e+00 +2.7122e+00 -3.1131e+00 -1.6072e+00 -3.1244e+00 +2.1709e+00 -2.7701e+00 -1.2064e+00 -3.7817e+00 +1.6040e+00 -2.0339e+00 -7.5357e-01 -2.3675e+00 -9.2767e-01 -4.7769e-01 -1.0286e+00 +1.2629e+00
16022 +6.083787838e-05 +6.083787838e-05 -5.759939162e+00 -5.759939162e+00 +3.4267e+00 -1.3675e+00 +1.7535e-02 -1.6834e+00 +2.6779e+00 -3.1883e+00 -1.6180e+00 -3.1608e+00 +2.1743e+00 -2.8201e+00 -1.2993e+00 -3.8400e+00 +1.6046e+00 -2.0305e+00 -7.4281e-01 -2.3216e+00 -8.7397e-01 -5.0406e-01 -1.0421e+00 +1.3026e+00
16291 +3.344082342e-05 +3.344082342e-05 -5.759966559e+00 -5.759966559e+00 +3.4789e+00 -1.4325e+00 -2.0163e-02 -1.8164e+00 +2.5285e+00 -3.2312e+00 -1.5525e+00 -3.2854e+00 +2.2681e+00 -2.7810e+00 -1.2346e+00 -3.7616e+00 +1.5311e+00 -2.0769e+00 -7.9839e-01 -2.3434e+00 -9.0581e-01 -5.3113e-01 -1.1013e+00 +1.2688e+00
16498 +2.344203614e-05 +2.344203614e-05 -5.759976558e+00 -5.759976558e+00 +3.4096e+00 -1.4410e+00 -3.3128e-02 -1.7416e+00 +2.6575e+00 -3.1789e+00 -1.5875e+00 -3.2411e+00 +2.2393e+00 -2.7449e+00 -1.2113e+00 -3.8088e+00 +1.6078e+00 -2.0320e+00 -7.9044e-01 -2.3136e+00 -9.0602e-01 -4.9428e-01 -1.1126e+00 +1.2617e+00
17032 +7.210426079e-06 +7.210426079e-06 -5.759992790e+00 -5.759992790e+00 +3.3890e+00 -1.4496e+00 +1.6328e-02 -1.7366e+00 +2.6090e+00 -3.2145e+00 -1.6503e+00 -3.1954e+00 +2.2489e+00 -2.8465e+00 -1.2693e+00 -3.8245e+00 +1.6087e+00 -2.0569e+00 -7.9462e-01 -2.4325e+00 -9.4606e-01 -5.5376e-01 -1.0771e+00 +1.2405e+00
18176 +2.402079235e-06 +2.402079235e-06 -5.759997598e+00 -5.759997598e+00 +3.4214e+00 -1.3963e+00 -8.4819e-03 -1.7462e+00 +2.5810e+00 -3.2038e+00 -1.6063e+00 -3.2569e+00 +2.2193e+00 -2.7885e+00 -1.2395e+00 -3.7577e+00 +1.5739e+00 -2.0615e+00 -8.2856e-01 -2.4117e+00 -9.5474e-01 -5.5492e-01 -1.0898e+00 +1.1920e+00
18615 +1.514454213e-06 +1.514454213e-06 -5.759998486e+00 -5.759998486e+00 +3.3871e+00 -1.4258e+00 -1.2408e-02 -1.7689e+00 +2.5904e+00 -3.1480e+00 -1.6159e+00 -3.2260e+00 +2.2358e+00 -2.8505e+00 -1.2536e+00 -3.8203e+00 +1.6205e+00 -2.0626e+00 -8.1186e-01 -2.4079e+00 -9.3534e-01 -5.0859e-01 -1.0532e+00 +1.2446e+00
19514 +9.496221249e-07 +9.496221249e-07 -5.759999050e+00 -5.759999050e+00 +3.4061e+00 -1.4295e+00 +3.8579e-02 -1.7215e+00 +2.5672e+00 -3.2378e+00 -1.5961e+00 -3.2349e+00 +2.2159e+00 -2.8450e+00 -1.2595e+00 -3.7638e+00 +1.5905e+00 -2.0762e+00 -8.0294e-01 -2.4194e+00 -9.2461e-01 -5.5064e-01 -1.0692e+00 +1.2323e+00
19583 +3.998309968e-07 +3.998309968e-07 -5.759999600e+00 -5.759999600e+00 +3.4084e+00 -1.4168e+00 +1.7554e-02 -1.7465e+00 +2.5908e+00 -3.1925e+00 -1.6160e+00 -3.2483e+00 +2.1998e+00 -2.8070e+00 -1.2664e+00 -3.7765e+00 +1.5912e+00 -2.0691e+00 -8.0779e-01 -2.4030e+00 -9.3333e-01 -5.3737e-01 -1.0825e+00 +1.2095e+00
20697 +3.482727324e-07 +3.482727324e-07 -5.759999652e+00 -5.759999652e+00 +3.3767e+00 -1.4070e+00 +4.6081e-02 -1.7235e+00 +2.6025e+00 -3.1710e+00 -1.6018e+00 -3.2295e+00 +2.2278e+00 -2.8413e+00 -1.2849e+00 -3.7822e+00 +1.6287e+00 -2.0691e+00 -8.1130e-01 -2.4385e+00 -9.3783e-01 -5.3824e-01 -1.0649e+00 +1.2081e+00
20781 +2.088650195e-07 +2.088650195e-07 -5.759999791e+00 -5.759999791e+00 +3.4037e+00 -1.4202e+00 +2.1106e-02 -1.7276e+00 +2.6195e+00 -3.2107e+00 -1.5989e+00 -3.2291e+00 +2.2276e+00 -2.8325e+00 -1.2668e+00 -3.7750e+00 +1.6001e+00 -2.0465e+00 -7.8673e-01 -2.4045e+00 -9.3185e-01 -5.1887e-01 -1.0842e+00 +1.2193e+00
21610 +1.204574849e-07 +1.204574849e-07 -5.759999880e+00 -5.759999880e+00 +3.3963e+00 -1.4181e+00 +3.8042e-03 -1.7267e+00 +2.6035e+00 -3.1989e+00 -1.6015e+00 -3.2217e+00 +2.2318e+00 -2.8020e+00 -1.2370e+00 -3.7670e+00 +1.5996e+00 -2.0525e+00 -7.8675e-01 -2.4069e+00 -9.2106e-01 -5.3283e-01 -1.0625e+00 +1.2054e+00
21950 +4.394436459e-08 +4.394436459e-08 -5.759999956e+00 -5.759999956e+00 +3.4083e+00 -1.4179e+00 +1.8728e-02 -1.7368e+00 +2.6068e+00 -3.2040e+00 -1.5984e+00 -3.2243e+00 +2.2282e+00 -2.7908e+00 -1.2467e+00 -3.7973e+00 +1.5900e+00 -2.0572e+00 -7.9659e-01 -2.3996e+00 -9.3418e-01 -5.3355e-01 -1.0693e+00 +1.2337e+00
22437 +3.836097751e-08 +3.836097751e-08 -5.759999962e+00 -5.759999962e+00 +3.3995e+00 -1.4176e+00 +2.2792e-02 -1.7219e+00 +2.6007e+00 -3.1987e+00 -1.6153e+00 -3.2333e+00 +2.2155e+00 -2.8073e+00 -1.2630e+00 -3.7744e+00 +1.5935e+00 -2.0578e+00 -8.0076e-01 -2.4172e+00 -9.4578e-01 -5.3983e-01 -1.0685e+00 +1.2131e+00
22585 +1.974617891e-08 +1.974617891e-08 -5.759999980e+00 -5.759999980e+00 +3.4063e+00 -1.4135e+00 +2.1263e-02 -1.7343e+00 +2.6101e+00 -3.1991e+00 -1.6050e+00 -3.2223e+00 +2.2223e+00 -2.8016e+00 -1.2526e+00 -3.7908e+00 +1.5939e+00 -2.0638e+00 -7.9737e-01 -2.4099e+00 -9.3468e-01 -5.4424e-01 -1.0609e+00 +1.2165e+00
22734 +1.529429028e-08 +1.529429028e-08 -5.759999985e+00 -5.759999985e+00 +3.4164e+00 -1.4195e+00 +2.0565e-02 -1.7289e+00 +2.5988e+00 -3.2110e+00 -1.6037e+00 -3.2340e+00 +2.2235e+00 -2.7997e+00 -1.2571e+00 -3.7663e+00 +1.5887e+00 -2.0545e+00 -7.8844e-01 -2.4129e+00 -9.2863e-01 -5.4370e-01 -1.0643e+00 +1.2280e+00
23933 +5.988925800e-09 +5.988925800e-09 -5.759999994e+00 -5.759999994e+00 +3.4113e+00 -1.4071e+00 +1.4445e-02 -1.7290e+00 +2.6049e+00 -3.1908e+00 -1.6119e+00 -3.2252e+00 +2.2236e+00 -2.8067e+00 -1.2649e+00 -3.7659e+00 +1.5949e+00 -2.0542e+00 -7.9722e-01 -2.4241e+00 -9.4003e-01 -5.4162e-01 -1.0613e+00 +1.2194e+00
% function evaluation | noise-free fitness - Fopt (-4.986500000000e+02) | best noise-free fitness - Fopt | measured fitness | best measured fitness | x1 | x2...
1 +8.623433691e+01 +8.623433691e+01 -4.124156631e+02 -4.124156631e+02 -4.7518e+00 +3.4190e+00 +4.9726e+00 +7.8123e-02 +4.9552e+00 -3.2494e+00 +1.4763e+00 +3.9039e+00 -4.0982e+00 -1.9670e+00 +1.6766e-01 -2.2473e+00 +3.4143e+00 -1.9282e+00 +2.0343e+00 +3.4351e+00 -4.2410e+00 -2.1758e+00 +2.0232e+00 +1.7815e+00
1627 +6.102747120e+01 +6.102747120e+01 -4.376225288e+02 -4.376225288e+02 -3.6154e+00 +2.2724e+00 +5.3643e-01 +7.6946e-01 -3.6808e+00 -4.2890e+00 -7.1432e-01 +5.6525e-01 +4.4282e+00 -1.2714e-01 -2.6623e-01 +1.2857e+00 +1.8588e+00 +4.5470e+00 +2.0718e-01 +2.9979e+00 -6.5014e-01 +8.0537e-02 +4.0729e+00 -1.5982e+00
3858 +1.219067717e+01 +1.219067717e+01 -4.864593228e+02 -4.864593228e+02 +1.5059e-01 +1.0471e+00 -6.3831e-01 -2.0348e-01 -3.4277e+00 -3.1897e+00 -6.6282e-01 +2.3957e+00 +4.7818e-01 +4.7653e-01 +2.5687e+00 +1.3917e+00 -2.3908e+00 +1.8027e+00 -1.3696e+00 +4.5888e+00 -1.4340e+00 -1.6550e+00 +8.1493e-01 -2.4476e+00
5751 +9.812648028e+00 +9.812648028e+00 -4.888373520e+02 -4.888373520e+02 -3.2544e+00 +1.0008e+00 -4.3825e-01 -1.4069e+00 -4.3140e+00 -2.4482e+00 +1.1498e+00 +1.7828e+00 +5.8480e-01 +1.5344e+00 +4.0469e+00 +2.7131e+00 -1.5988e+00 +3.6228e+00 -5.5363e-01 +3.0229e+00 +4.0764e-01 +1.5481e+00 +5.9777e-01 -2.9567e+00
6233 +4.478660995e+00 +4.478660995e+00 -4.941713390e+02 -4.941713390e+02 -1.6767e+00 +4.8511e-01 -2.0319e+00 -1.9334e+00 -2.5359e+00 -3.0543e+00 +5.0489e-01 +1.1753e+00 +8.0235e-01 +1.6207e+00 +2.2012e+00 +2.0855e+00 -2.1079e+00 +1.4603e+00 -2.2023e+00 +2.6587e+00 -2.8045e+00 +1.7750e+00 +1.3650e+00 -2.1866e+00
6524 +3.572971173e+00 +3.572971173e+00 -4.950770288e+02 -4.950770288e+02 +8.5843e-02 +1.0768e+00 -7.0307e-01 -1.3075e+00 -3.8828e+00 -3.2873e+00 +1.4824e+00 +1.5370e+00 +1.7527e+00 +7.9297e-01 +1.5925e+00 +2.7160e+00 -2.8492e+00 +1.0905e+00 -2.0742e+00 +4.0557e+00 -1.7338e+00 +4.8247e-01 +2.2225e+00 -3.5112e+00
6701 +1.982038037e+00 +1.982038037e+00 -4.966679620e+02 -4.966679620e+02 -9.2158e-01 +9.7633e-01 -6.2065e-01 -1.9151e+00 -3.1359e+00 -2.5157e+00 +8.8510e-01 +1.6551e+00 +1.1013e+00 +1.1206e+00 +1.6153e+00 +1.4072e+00 -2.0984e+00 +2.2463e+00 -6.3215e-01 +3.0884e+00 -1.7461e+00 +1.2388e+00 +1.9235e+00 -2.4449e+00
7801 +1.503049323e+00 +1.503049323e+00 -4.971469507e+02 -4.971469507e+02 -1.0069e+00 +1.6166e+00 -3.8142e-01 -8.9005e-01 -2.5839e+00 -3.1196e+00 +7.1373e-01 +1.6966e+00 +1.4338e+00 +9.6336e-01 +2.6213e+00 +1.7835e+00 -2.4660e+00 +2.7370e+00 -1.3044e+00 +3.5113e+00 -1.9099e+00 +6.2368e-01 +1.9428e+00 -2.7901e+00
8185 +5.428897174e-01 +5.428897174e-01 -4.981071103e+02 -4.981071103e+02 -1.3306e+00 +1.1626e+00 -9.6022e-01 -7.5710e-01 -3.1845e+00 -3.6018e+00 +3.5199e-01 +1.7920e+00 +1.3043e+00 +1.2678e+00 +1.3309e+00 +1.5677e+00 -2.3293e+00 +8.4201e-01 -1.6617e+00 +3.0699e+00 -1.1116e+00 +1.2755e+00 +1.2389e+00 -2.0028e+00
9028 +1.878377716e-01 +1.878377716e-01 -4.984621622e+02 -4.984621622e+02 -1.1293e+00 +1.6878e+00 -1.3468e+00 -1.0446e+00 -3.6754e+00 -3.7435e+00 +1.3237e+00 +1.4748e+00 +7.6777e-01 +3.7582e-01 +2.3709e+00 +2.2956e+00 -1.8570e+00 +1.3965e+00 -1.8245e+00 +3.7441e+00 -1.1305e+00 +1.1152e+00 +6.0787e-01 -3.5217e+00
9409 +7.472134232e-02 +7.472134232e-02 -4.985752787e+02 -4.985752787e+02 -9.1151e-01 +1.0892e+00 -1.3021e+00 -5.2001e-01 -3.1529e+00 -3.1503e+00 +7.7284e-01 +1.4331e+00 +7.7992e-01 +9.7264e-01 +2.4557e+00 +1.7204e+00 -2.6704e+00 +1.2994e+00 -2.0231e+00 +3.6672e+00 -1.5276e+00 +1.0692e+00 +1.3508e+00 -2.3741e+00
10403 +5.191447708e-02 +5.191447708e-02 -4.985980855e+02 -4.985980855e+02 -8.0805e-01 +1.2418e+00 -1.3054e+00 -5.5633e-01 -3.1750e+00 -3.3131e+00 +8.4464e-01 +1.5546e+00 +8.3091e-01 +5.7742e-01 +2.2542e+00 +2.2025e+00 -2.9029e+00 +1.3108e+00 -2.1036e+00 +3.6041e+00 -1.4043e+00 +1.0218e+00 +1.3602e+00 -2.9247e+00
10876 +2.150514006e-02 +2.150514006e-02 -4.986284949e+02 -4.986284949e+02 -9.5226e-01 +1.3816e+00 -1.2070e+00 -4.4407e-01 -3.6196e+00 -3.4965e+00 +6.2398e-01 +1.2247e+00 +8.6542e-01 +8.7933e-01 +2.1708e+00 +1.7937e+00 -2.2853e+00 +1.6868e+00 -2.1741e+00 +3.4591e+00 -1.2142e+00 +1.0601e+00 +1.4006e+00 -3.1736e+00
11167 +1.144080677e-02 +1.144080677e-02 -4.986385592e+02 -4.986385592e+02 -9.9244e-01 +1.4358e+00 -1.3569e+00 -8.2204e-01 -3.7466e+00 -3.3315e+00 +1.0630e+00 +1.2720e+00 +5.9077e-01 +5.5808e-01 +2.4581e+00 +2.2770e+00 -2.8660e+00 +1.3540e+00 -1.9827e+00 +3.6124e+00 -1.2781e+00 +1.4224e+00 +1.2820e+00 -2.9842e+00
12038 +7.073754067e-03 +7.073754067e-03 -4.986429262e+02 -4.986429262e+02 -1.1976e+00 +1.1362e+00 -1.6325e+00 -7.1142e-01 -3.9943e+00 -3.3709e+00 +1.2404e+00 +1.0089e+00 +4.7007e-01 +6.2921e-01 +2.2462e+00 +1.7370e+00 -3.0451e+00 +1.1819e+00 -2.0499e+00 +3.2561e+00 -1.4102e+00 +1.4080e+00 +1.1683e+00 -2.9913e+00
12491 +5.244346210e-03 +5.244346210e-03 -4.986447557e+02 -4.986447557e+02 -1.2163e+00 +9.0456e-01 -1.4737e+00 -6.2903e-01 -4.0750e+00 -3.1812e+00 +8.8346e-01 +8.6313e-01 +8.6034e-01 +8.0584e-01 +2.2767e+00 +1.7427e+00 -2.9010e+00 +1.6081e+00 -2.0474e+00 +3.2864e+00 -1.5448e+00 +1.4680e+00 +1.2303e+00 -2.8735e+00
12613 +3.620742197e-03 +3.620742197e-03 -4.986463793e+02 -4.986463793e+02 -1.0735e+00 +9.8569e-01 -1.4976e+00 -9.1570e-01 -3.9214e+00 -3.0959e+00 +1.0147e+00 +1.1880e+00 +5.4393e-01 +6.3705e-01 +2.3858e+00 +2.2270e+00 -2.9179e+00 +1.3771e+00 -2.0465e+00 +3.5912e+00 -1.2816e+00 +1.1987e+00 +1.0156e+00 -3.1415e+00
12889 +2.005307039e-03 +2.005307039e-03 -4.986479947e+02 -4.986479947e+02 -1.1994e+00 +1.1245e+00 -1.3533e+00 -1.0055e+00 -3.8034e+00 -3.1638e+00 +9.4411e-01 +1.0770e+00 +7.4503e-01 +6.3611e-01 +2.3298e+00 +2.0395e+00 -3.0048e+00 +1.2395e+00 -2.1053e+00 +3.3797e+00 -1.3520e+00 +1.3545e+00 +1.1096e+00 -3.1172e+00
13119 +9.680907401e-04 +9.680907401e-04 -4.986490319e+02 -4.986490319e+02 -1.2393e+00 +1.2304e+00 -1.3976e+00 -6.7723e-01 -4.0077e+00 -3.4492e+00 +1.0247e+00 +1.0749e+00 +6.6931e-01 +9.1097e-01 +2.4915e+00 +1.7783e+00 -2.8575e+00 +1.5433e+00 -1.9578e+00 +3.3774e+00 -1.2753e+00 +1.3656e+00 +1.2061e+00 -2.9072e+00
13955 +5.681936474e-04 +5.681936474e-04 -4.986494318e+02 -4.986494318e+02 -1.1756e+00 +1.0611e+00 -1.4899e+00 -6.2691e-01 -3.9342e+00 -3.2754e+00 +1.1571e+00 +1.1265e+00 +6.1936e-01 +7.9049e-01 +2.4213e+00 +2.1534e+00 -2.8097e+00 +1.4785e+00 -2.1296e+00 +3.4979e+00 -1.1014e+00 +1.3356e+00 +1.1682e+00 -2.9996e+00
14789 +3.099142115e-04 +3.099142115e-04 -4.986496901e+02 -4.986496901e+02 -1.0473e+00 +1.1513e+00 -1.4896e+00 -6.9432e-01 -3.7858e+00 -3.3242e+00 +1.1361e+00 +1.1269e+00 +5.3109e-01 +7.9758e-01 +2.3723e+00 +2.1253e+00 -2.6921e+00 +1.4579e+00 -2.0175e+00 +3.5379e+00 -1.1800e+00 +1.3664e+00 +1.1717e+00 -3.0806e+00
15457 +1.405064335e-04 +1.405064335e-04 -4.986498595e+02 -4.986498595e+02 -1.2090e+00 +1.1233e+00 -1.5923e+00 -6.3700e-01 -4.0131e+00 -3.3743e+00 +1.0568e+00 +9.8799e-01 +5.4057e-01 +7.9923e-01 +2.3801e+00 +1.9101e+00 -2.8231e+00 +1.5164e+00 -2.0178e+00 +3.3924e+00 -1.2026e+00 +1.3932e+00 +1.1348e+00 -2.9745e+00
16203 +8.444731480e-05 +8.444731480e-05 -4.986499156e+02 -4.986499156e+02 -1.1243e+00 +1.1767e+00 -1.4302e+00 -7.9008e-01 -3.9074e+00 -3.3150e+00 +1.0907e+00 +1.0825e+00 +6.0529e-01 +7.7150e-01 +2.5229e+00 +2.0240e+00 -2.7703e+00 +1.5489e+00 -2.0318e+00 +3.4860e+00 -1.3363e+00 +1.3647e+00 +1.1825e+00 -3.0369e+00
16414 +5.756492362e-05 +5.756492362e-05 -4.986499424e+02 -4.986499424e+02 -1.1573e+00 +1.1241e+00 -1.3970e+00 -7.1712e-01 -3.8925e+00 -3.3307e+00 +1.1491e+00 +1.0549e+00 +5.9765e-01 +7.8282e-01 +2.4912e+00 +2.0851e+00 -2.7589e+00 +1.5155e+00 -2.0327e+00 +3.3890e+00 -1.2134e+00 +1.3579e+00 +1.2120e+00 -2.9718e+00
16724 +3.261328243e-05 +3.261328243e-05 -4.986499674e+02 -4.986499674e+02 -1.2242e+00 +1.1433e+00 -1.4229e+00 -6.8036e-01 -3.8680e+00 -3.3296e+00 +1.0245e+00 +1.0307e+00 +6.5347e-01 +8.1167e-01 +2.4270e+00 +2.0558e+00 -2.7435e+00 +1.4663e+00 -2.0500e+00 +3.4283e+00 -1.2469e+00 +1.3648e+00 +1.2166e+00 -2.9246e+00
17187 +2.384249677e-05 +2.384249677e-05 -4.986499762e+02 -4.986499762e+02 -1.1179e+00 +1.1802e+00 -1.4445e+00 -7.8090e-01 -3.8108e+00 -3.3185e+00 +1.1020e+00 +1.1261e+00 +5.5106e-01 +8.1240e-01 +2.5133e+00 +2.0446e+00 -2.8233e+00 +1.4352e+00 -2.0164e+00 +3.5009e+00 -1.2242e+00 +1.4037e+00 +1.2129e+00 -2.9842e+00
17603 +1.243263932e-05 +1.243263932e-05 -4.986499876e+02 -4.986499876e+02 -1.1640e+00 +1.1694e+00 -1.4719e+00 -7.4729e-01 -3.8930e+00 -3.3317e+00 +1.0605e+00 +1.0738e+00 +6.0166e-01 +7.6129e-01 +2.4230e+00 +1.9987e+00 -2.7794e+00 +1.4577e+00 -2.0069e+00 +3.4226e+00 -1.2998e+00 +1.3707e+00 +1.1656e+00 -3.0458e+00
18030 +9.547451839e-06 +9.547451839e-06 -4.986499905e+02 -4.986499905e+02 -1.1813e+00 +1.1826e+00 -1.5051e+00 -7.1401e-01 -3.8601e+00 -3.3240e+00 +1.1008e+00 +1.0439e+00 +6.2323e-01 +8.1572e-01 +2.3533e+00 +1.9352e+00 -2.7585e+00 +1.5009e+00 -2.0003e+00 +3.4056e+00 -1.2361e+00 +1.4280e+00 +1.1633e+00 -2.9846e+00
18200 +5.398268911e-06 +5.398268911e-06 -4.986499946e+02 -4.986499946e+02 -1.2062e+00 +1.1665e+00 -1.4421e+00 -7.5028e-01 -3.8682e+00 -3.2775e+00 +1.0546e+00 +1.0705e+00 +6.1816e-01 +8.0672e-01 +2.4631e+00 +1.9844e+00 -2.8152e+00 +1.4422e+00 -1.9878e+00 +3.4261e+00 -1.2600e+00 +1.4227e+00 +1.1437e+00 -2.9858e+00
18745 +1.718151566e-06 +1.718151566e-06 -4.986499983e+02 -4.986499983e+02 -1.1654e+00 +1.1879e+00 -1.4913e+00 -7.5066e-01 -3.8679e+00 -3.3307e+00 +1.0515e+00 +1.0816e+00 +6.1362e-01 +8.0540e-01 +2.4003e+00 +1.9888e+00 -2.7665e+00 +1.4634e+00 -2.0258e+00 +3.4002e+00 -1.2523e+00 +1.3926e+00 +1.1421e+00 -3.0368e+00
19622 +1.492026684e-06 +1.492026684e-06 -4.986499985e+02 -4.986499985e+02 -1.1678e+00 +1.1685e+00 -1.4679e+00 -7.1198e-01 -3.8922e+00 -3.3006e+00 +1.0450e+00 +1.0429e+00 +6.0125e-01 +7.9891e-01 +2.4709e+00 +2.0180e+00 -2.8481e+00 +1.4780e+00 -2.0476e+00 +3.4559e+00 -1.2425e+00 +1.3713e+00 +1.1399e+00 -3.0000e+00
19707 +8.850059317e-07 +8.850059317e-07 -4.986499991e+02 -4.986499991e+02 -1.1856e+00 +1.1935e+00 -1.4543e+00 -7.4926e-01 -3.8840e+00 -3.3098e+00 +1.0360e+00 +1.0766e+00 +6.1949e-01 +7.8654e-01 +2.4796e+00 +2.0313e+00 -2.8089e+00 +1.4613e+00 -2.0244e+00 +3.4388e+00 -1.2507e+00 +1.3983e+00 +1.1514e+00 -3.0193e+00
20357 +4.829241220e-07 +4.829241220e-07 -4.986499995e+02 -4.986499995e+02 -1.1592e+00 +1.1648e+00 -1.4352e+00 -7.4380e-01 -3.8571e+00 -3.3128e+00 +1.0588e+00 +1.0674e+00 +6.2240e-01 +8.0924e-01 +2.4304e+00 +2.0208e+00 -2.7763e+00 +1.4668e+00 -2.0533e+00 +3.4500e+00 -1.2709e+00 +1.3841e+00 +1.1653e+00 -3.0164e+00
20875 +3.146968766e-07 +3.146968766e-07 -4.986499997e+02 -4.986499997e+02 -1.1676e+00 +1.1636e+00 -1.4700e+00 -7.3974e-01 -3.8607e+00 -3.3154e+00 +1.0357e+00 +1.0616e+00 +6.2944e-01 +8.3479e-01 +2.3873e+00 +1.9911e+00 -2.7936e+00 +1.4767e+00 -2.0627e+00 +3.4301e+00 -1.2454e+00 +1.3957e+00 +1.1556e+00 -3.0209e+00
21087 +1.504359943e-07 +1.504359943e-07 -4.986499998e+02 -4.986499998e+02 -1.1703e+00 +1.1540e+00 -1.4578e+00 -7.2882e-01 -3.8679e+00 -3.3035e+00 +1.0683e+00 +1.0546e+00 +6.1387e-01 +8.0808e-01 +2.4249e+00 +2.0219e+00 -2.8001e+00 +1.4675e+00 -2.0525e+00 +3.4583e+00 -1.2363e+00 +1.3904e+00 +1.1478e+00 -2.9979e+00
21302 +8.757552905e-08 +8.757552905e-08 -4.986499999e+02 -4.986499999e+02 -1.1684e+00 +1.1768e+00 -1.4579e+00 -7.2987e-01 -3.8667e+00 -3.3123e+00 +1.0553e+00 +1.0589e+00 +6.1004e-01 +8.2166e-01 +2.4156e+00 +1.9912e+00 -2.8075e+00 +1.4739e+00 -2.0436e+00 +3.4507e+00 -1.2510e+00 +1.3806e+00 +1.1408e+00 -3.0146e+00
22087 +4.211216265e-08 +4.211216265e-08 -4.986500000e+02 -4.986500000e+02 -1.1734e+00 +1.1621e+00 -1.4682e+00 -7.2958e-01 -3.8719e+00 -3.3083e+00 +1.0543e+00 +1.0603e+00 +6.0977e-01 +8.1801e-01 +2.4216e+00 +2.0041e+00 -2.8048e+00 +1.4770e+00 -2.0458e+00 +3.4431e+00 -1.2437e+00 +1.3794e+00 +1.1380e+00 -3.0063e+00
22589 +3.371940238e-08 +3.371940238e-08 -4.986500000e+02 -4.986500000e+02 -1.1842e+00 +1.1608e+00 -1.4635e+00 -7.3095e-01 -3.8842e+00 -3.3093e+00 +1.0596e+00 +1.0430e+00 +6.2104e-01 +8.0163e-01 +2.4293e+00 +2.0055e+00 -2.8000e+00 +1.4703e+00 -2.0613e+00 +3.4443e+00 -1.2471e+00 +1.3898e+00 +1.1321e+00 -3.0285e+00
22902 +1.981544528e-08 +1.981544528e-08 -4.986500000e+02 -4.986500000e+02 -1.1753e+00 +1.1738e+00 -1.4729e+00 -7.3434e-01 -3.8823e+00 -3.3115e+00 +1.0555e+00 +1.0476e+00 +6.1110e-01 +8.0031e-01 +2.4380e+00 +2.0066e+00 -2.8074e+00 +1.4722e+00 -2.0574e+00 +3.4552e+00 -1.2519e+00 +1.3881e+00 +1.1323e+00 -3.0306e+00
23052 +1.536704985e-08 +1.536704985e-08 -4.986500000e+02 -4.986500000e+02 -1.1893e+00 +1.1624e+00 -1.4602e+00 -7.3286e-01 -3.8814e+00 -3.3207e+00 +1.0589e+00 +1.0580e+00 +6.1669e-01 +8.1949e-01 +2.4402e+00 +2.0166e+00 -2.7973e+00 +1.4799e+00 -2.0623e+00 +3.4394e+00 -1.2383e+00 +1.3895e+00 +1.1368e+00 -3.0216e+00
23898 +4.441801593e-09 +4.441801593e-09 -4.986500000e+02 -4.986500000e+02 -1.1748e+00 +1.1708e+00 -1.4632e+00 -7.1982e-01 -3.8773e+00 -3.3174e+00 +1.0577e+00 +1.0521e+00 +6.1031e-01 +8.1536e-01 +2.4292e+00 +2.0056e+00 -2.7912e+00 +1.4810e+00 -2.0530e+00 +3.4469e+00 -1.2436e+00 +1.3825e+00 +1.1365e+00 -3.0203e+00
% function evaluation | noise-free fitness - Fopt (-4.286000000000e+01) | best noise-free fitness - Fopt | measured fitness | best measured fitness | x1 | x2...
1 +8.397358249e+01 +8.397358249e+01 +4.111358249e+01 +4.111358249e+01 -4.7518e+00 +3.4190e+00 +4.9726e+00 +7.8123e-02 +4.9552e+00 -3.2494e+00 +1.4763e+00 +3.9039e+00 -4.0982e+00 -1.9670e+00 +1.6766e-01 -2.2473e+00 +3.4143e+00 -1.9282e+00 +2.0343e+00 +3.4351e+00 -4.2410e+00 -2.1758e+00 +2.0232e+00 +1.7815e+00
1777 +5.446684385e+01 +5.446684385e+01 +1.160684385e+01 +1.160684385e+01 +1.5419e+00 -8.6278e-02 +3.1303e+00 +9.2988e-01 +2.8442e+00 -1.7455e+00 +9.3557e-01 +6.0505e-01 +8.2184e-01 -2.4317e-01 -2.8482e+00 +2.5717e-02 +6.8861e-01 +2.1297e+00 +3.2672e-01 +2.9414e+00 +3.9099e+00 -6.3677e-01 -2.9859e+00 -1.4079e+00
2969 +3.762006664e+01 +3.762006664e+01 -5.239933362e+00 -5.239933362e+00 +2.1320e+00 -2.2833e+00 +1.7219e-01 +4.7986e-01 +3.6752e+00 -5.7713e-02 +6.2188e-03 -4.5829e-03 +2.4513e+00 +3.3329e+00 -1.4329e+00 +5.6623e-01 +2.2726e+00 +7.5197e-01 +6.7560e-02 +1.2834e+00 +1.5495e+00 -1.7189e+00 -3.6969e+00 +1.1496e+00
4316 +2.471054011e+01 +2.471054011e+01 -1.814945989e+01 -1.814945989e+01 -8.6043e-01 -2.6576e+00 +2.1279e+00 +9.6810e-01 +3.1986e+00 +8.2207e-01 +1.6392e+00 +3.2558e+00 +1.3538e+00 +1.3898e+00 +5.4912e-01 -1.6138e+00 +2.2551e+00 +2.0695e+00 -5.2404e-01 +4.8866e+00 +4.0547e+00 -2.2730e+00 -4.0909e+00 +1.1352e+00
4942 +1.142716621e+01 +1.142716621e+01 -3.143283379e+01 -3.143283379e+01 -5.9256e-01 -2.8651e+00 +1.8142e+00 +1.3735e+00 +2.3888e+00 -2.1738e+00 +1.5180e+00 +1.2591e+00 +2.4086e+00 +1.7363e+00 -2.2562e-01 -1.0973e+00 +3.1310e+00 +2.4228e+00 +9.0876e-01 +4.0002e+00 +2.7774e+00 -2.1836e+00 -2.3677e+00 +9.3930e-01
5072 +9.031649612e+00 +9.031649612e+00 -3.382835039e+01 -3.382835039e+01 -1.4003e-01 -2.3379e+00 +4.3094e-01 +9.5907e-01 +5.0055e+00 -1.6332e+00 -3.4899e-01 +1.8871e+00 +2.2345e+00 +3.6255e+00 -2.3420e+00 +8.4911e-01 +3.1610e+00 +2.6609e+00 +1.1862e+00 +3.7211e+00 +2.4084e+00 -1.6636e+00 -2.5330e+00 +6.0136e-01
5933 +4.340663481e+00 +4.340663481e+00 -3.851933652e+01 -3.851933652e+01 +1.3515e-01 -2.3449e+00 +1.3392e+00 +2.1703e+00 +2.8025e+00 -1.4387e+00 +1.5569e-02 +1.8162e+00 +2.0267e+00 +2.2497e+00 -1.6838e+00 +1.2148e-01 +3.2185e+00 +2.3040e+00 +6.9948e-02 +4.4345e+00 +2.2359e+00 -9.2173e-01 -1.3528e+00 +1.2642e+00
6849 +3.246066275e+00 +3.246066275e+00 -3.961393372e+01 -3.961393372e+01 +9.7972e-02 -2.2783e+00 +8.0364e-01 +1.7374e+00 +4.5222e+00 -1.6709e+00 +1.2821e+00 +2.2005e+00 +2.5837e+00 +2.2309e+00 -1.4443e+00 -8.1418e-01 +2.8625e+00 +2.4130e+00 +5.9748e-01 +3.5781e+00 +2.9750e+00 -7.8899e-01 -2.3534e+00 +1.1659e+00
7654 +2.461094283e+00 +2.461094283e+00 -4.039890572e+01 -4.039890572e+01 -1.1445e-02 -2.5216e+00 +1.2432e+00 +1.3193e+00 +3.6879e+00 -1.0536e+00 +2.9768e-01 +2.2938e+00 +3.0733e+00 +3.3362e+00 -1.7930e+00 -2.1666e-02 +3.1927e+00 +2.8048e+00 +6.3225e-03 +4.2731e+00 +3.1219e+00 -9.0563e-01 -1.9587e+00 +1.0223e+00
15269 +1.579060503e+00 +1.579060503e+00 -4.128093950e+01 -4.128093950e+01 -1.7932e-01 -2.4795e+00 +1.1280e+00 +1.7265e+00 +3.6805e+00 -1.3468e+00 +4.8027e-01 +2.1128e+00 +3.3070e+00 +2.1597e+00 -1.8472e+00 -2.7005e-01 +3.3562e+00 +2.8863e+00 +1.7498e-01 +4.2432e+00 +2.4610e+00 -1.5309e+00 -2.3274e+00 +1.4884e+00
