% function evaluation | noise-free fitness - Fopt (1.000000000000e+03) | best noise-free fitness - Fopt | measured fitness | best measured fitness | x1 | x2...
1 +3.397723651e+03 +3.397723651e+03 +4.397723651e+03 +4.397723651e+03 -1.3184e+00 -4.7241e+00 -3.1218e+00 +3.0428e+00 +9.8732e-01 +1.1497e+00 +1.9840e+00 -3.3117e+00 +3.1578e+00 -2.0759e-01 -2.5621e+00 +2.1621e+00 -3.8673e+00 +6.2025e-01 -1.3254e+00 -3.4989e+00 +4.0227e+00 -3.2959e+00 -3.5423e+00 -1.4522e+00
2 +1.695471967e+03 +1.695471967e+03 +2.695471967e+03 +2.695471967e+03 +2.0118e+00 -1.5359e+00 -4.1271e+00 +3.3721e+00 +1.8181e+00 +4.8655e+00 -2.7093e+00 +3.3156e+00 +3.0916e+00 +2.0778e+00 -1.1621e-01 +4.3340e+00 -3.2343e+00 -1.4298e+00 +3.9028e+00 +4.2315e+00 -3.5480e+00 +4.8742e+00 +2.3885e+00 +4.8519e+00
3 +1.085164533e+03 +1.085164533e+03 +2.085164533e+03 +2.085164533e+03 +3.4757e+00 -9.2134e-01 -3.1083e+00 -3.7185e+00 +3.2992e+00 -1.2411e+00 +2.2160e+00 +9.0449e-01 +3.7649e+00 -1.5528e-01 +1.5053e+00 -4.2539e+00 -4.6037e+00 -1.5980e+00 -2.1800e-01 +1.5134e+00 +1.5646e+00 +2.9392e+00 +1.0957e+00 +3.2159e+00
8 +9.327225847e+02 +9.327225847e+02 +1.932722585e+03 +1.932722585e+03 -2.6249e+00 +3.2871e+00 +2.5911e+00 -1.5717e+00 +6.6103e-02 +7.3691e-01 -1.1630e+00 +4.4707e+00 +1.9069e+00 -3.8342e+00 -3.5293e+00 +1.3286e+00 -1.2808e+00 +1.5467e+00 -9.1096e-01 +3.8010e-01 +1.1619e+00 -4.6966e+00 +1.3331e+00 +3.3565e+00
305 +5.541014537e+02 +5.541014537e+02 +1.554101454e+03 +1.554101454e+03 +2.5824e+00 +5.8809e-01 +2.6199e+00 -2.4909e+00 +3.9075e+00 -3.9946e+00 +2.8442e+00 +2.4169e-01 -2.5851e+00 +7.1375e-01 +1.3854e+00 -2.3816e+00 +1.3058e+00 -8.3029e-01 +9.3790e-01 +3.7795e+00 +1.4814e+00 -2.8550e+00 +1.1693e+00 -5.6445e-01
1115 +3.919492058e+02 +3.919492058e+02 +1.391949206e+03 +1.391949206e+03 -5.6728e+00 +4.7652e+00 +5.5863e+00 +3.0247e-03 +3.8924e+00 -5.8071e+00 +1.9750e+00 -5.4850e-02 -2.0985e+00 -2.3031e+00 +9.9677e-02 -1.9730e-01 -6.6473e-01 -2.7281e+00 +3.7205e+00 +3.5634e+00 -2.0988e-01 +8.4159e-01 -4.8877e-01 +4.5799e-01
1623 +2.104075531e+02 +2.104075531e+02 +1.210407553e+03 +1.210407553e+03 -5.7444e-01 +3.2856e+00 +2.7331e+00 +1.8098e+00 +4.5419e+00 -2.4910e+00 -5.4905e-01 +2.1961e-01 -3.4457e+00 -2.7936e-01 -2.4534e+00 -1.4193e+00 +8.6309e-01 -2.9775e+00 +1.8008e+00 +2.2202e+00 +2.9315e+00 -9.3928e-01 +1.0537e+00 -1.6838e-01
3462 +1.513175121e+02 +1.513175121e+02 +1.151317512e+03 +1.151317512e+03 -2.3578e+00 +3.0003e+00 +3.4074e+00 +1.5555e+00 +3.1959e+00 -1.8640e+00 -9.9817e-01 +4.8082e-01 -3.4994e+00 -3.2562e-01 -1.1595e+00 -2.0178e+00 +3.5023e-01 -3.3452e+00 +3.6223e+00 +3.4678e+00 +3.6088e+00 -2.6409e+00 -4.2081e-01 -1.0668e+00
15402 +9.495596439e+01 +9.495596439e+01 +1.094955964e+03 +1.094955964e+03 -3.6113e+00 +3.5651e+00 +3.7191e+00 +2.2282e+00 +2.1786e+00 -3.1041e+00 -9.9842e-01 -3.0397e-01 -1.5610e+00 -1.6281e+00 -1.6396e+00 -1.6390e+00 -3.2057e-01 -3.7857e+00 +2.8130e+00 +4.6196e+00 +2.9623e+00 +9.9787e-02 -3.1003e-01 +1.4292e-01
34419 +6.298424561e+01 +6.298424561e+01 +1.062984246e+03 +1.062984246e+03 -2.7847e+00 +2.5654e+00 +3.6036e+00 +2.6158e+00 +2.1913e+00 -2.9123e+00 -9.9431e-01 +8.4745e-01 -2.4050e+00 -1.4030e+00 -1.9890e+00 -2.2587e+00 -5.0132e-02 -4.5813e+00 +3.8187e+00 +4.2020e+00 +3.5487e+00 +3.7330e-01 -5.7354e-01 -1.5218e-01
53401 +3.963466397e+01 +3.963466397e+01 +1.039634664e+03 +1.039634664e+03 -3.3162e+00 +3.6735e+00 +3.6331e+00 +2.8102e+00 +2.6719e+00 -3.7689e+00 -1.2636e+00 -6.1758e-01 -2.3704e+00 -1.3980e+00 -1.9974e+00 -1.8519e+00 -2.4266e-01 -3.7272e+00 +2.7744e+00 +4.1051e+00 +3.9338e+00 -3.0238e-02 -5.7146e-01 -4.3577e-01
96902 +2.416303924e+01 +2.416303924e+01 +1.024163039e+03 +1.024163039e+03 -2.7644e+00 +3.2850e+00 +3.2758e+00 +2.9169e+00 +3.0718e+00 -2.5912e+00 -1.5422e+00 +5.4095e-02 -2.6071e+00 -1.9323e+00 -2.0330e+00 -1.9767e+00 -3.5568e-01 -3.7838e+00 +3.6097e+00 +2.8442e+00 +3.1076e+00 -5.3964e-01 -4.7718e-01 -5.7399e-01
144901 +1.519495112e+01 +1.519495112e+01 +1.015194951e+03 +1.015194951e+03 -2.7967e+00 +3.3216e+00 +3.3241e+00 +2.9164e+00 +3.0718e+00 -2.6127e+00 -1.5092e+00 +4.7494e-02 -2.6071e+00 -1.9050e+00 -2.0153e+00 -1.9767e+00 -3.5939e-01 -3.7873e+00 +3.6097e+00 +2.7481e+00 +3.1190e+00 -5.3964e-01 -4.2732e-01 -6.5913e-01
391301 +9.902299348e+00 +9.902299348e+00 +1.009902299e+03 +1.009902299e+03 -3.2560e+00 +3.5973e+00 +3.5974e+00 +2.8500e+00 +2.7485e+00 -3.8735e+00 -1.2926e+00 -6.3713e-01 -2.4375e+00 -1.3046e+00 -2.0012e+00 -1.7593e+00 -2.4709e-01 -3.6721e+00 +2.7475e+00 +4.0927e+00 +3.9634e+00 -1.5021e-01 -5.4669e-01 -4.4364e-01
% function evaluation | noise-free fitness - Fopt (7.003000000000e+01) | best noise-free fitness - Fopt | measured fitness | best measured fitness | x1 | x2...
1 +9.462252260e+02 +9.462252260e+02 +1.016255226e+03 +1.016255226e+03 -3.9220e+00 -1.9710e+00 -2.9438e+00 +1.6689e+00 -2.0575e+00 +3.5818e+00 -5.1027e-01 +1.9268e+00 +2.2694e+00 -1.1577e+00 +3.4188e+00 -3.3733e+00 +3.7944e+00 +3.7826e+00 +2.3050e+00 -2.9030e+00 -2.9093e+00 +2.6664e-01 -2.8261e+00 +3.1393e+00
38 +5.783973349e+02 +5.783973349e+02 +6.484273349e+02 +6.484273349e+02 -3.5126e+00 +5.0388e-02 +2.0085e-01 -3.2040e+00 -1.3628e+00 -4.6411e+00 -4.1011e+00 +2.8530e+00 -3.8690e+00 +3.1342e-01 +2.6355e+00 -3.0776e+00 -8.4699e-02 +1.6550e+00 -1.5279e+00 -3.4268e+00 +9.9873e-01 +3.4162e+00 -2.3414e+00 -3.9479e-01
916 +2.975181758e+02 +2.975181758e+02 +3.675481758e+02 +3.675481758e+02 -3.5504e-01 -6.3139e-01 -3.9938e+00 -1.3664e+00 -2.4412e+00 -2.3766e+00 -1.8193e+00 +1.3213e+00 +4.1460e-01 +6.5475e-01 -3.6656e-01 -3.6657e+00 +3.1391e+00 -2.8103e+00 +1.9706e-01 -1.5279e+00 +1.0995e+00 +4.4958e+00 -1.1632e+00 -1.1195e+00
1501 +2.396777190e+02 +2.396777190e+02 +3.097077190e+02 +3.097077190e+02 -7.1866e-01 -1.2166e+00 -1.9032e+00 -1.8326e+00 +8.8874e-01 -1.9201e+00 -1.8438e+00 +5.7866e-01 -2.7042e+00 +1.6077e+00 -1.7400e+00 -2.7170e+00 +1.5346e+00 -2.0045e+00 -2.9141e-01 -2.8514e+00 -1.9737e-02 +3.9903e+00 -1.6334e+00 +8.6484e-01
3028 +1.554138160e+02 +1.554138160e+02 +2.254438160e+02 +2.254438160e+02 -4.5370e-01 -2.6864e+00 -4.0741e+00 -1.3664e+00 -5.3509e-01 -2.3014e+00 -1.9898e+00 +1.4793e+00 -2.1530e+00 +8.4232e-01 +4.6930e-02 -3.2355e+00 +4.1911e+00 -3.2743e+00 -1.3377e+00 -4.4160e+00 +7.3431e-01 +6.1821e+00 -1.3923e+00 +1.3607e+00
17002 +9.934314022e+01 +9.934314022e+01 +1.693731402e+02 +1.693731402e+02 -5.6242e-01 -3.4673e+00 -2.7940e+00 -8.5185e-01 -1.8804e-01 -2.8500e+00 -1.7408e-01 +8.1807e-01 -3.0445e+00 +1.0490e+00 -7.7792e-01 -1.5919e+00 +3.0083e+00 -1.8659e+00 -1.7826e+00 -3.1178e+00 +1.4112e+00 +4.5685e+00 -1.4876e+00 +3.3953e-01
27001 +6.150349398e+01 +6.150349398e+01 +1.315334940e+02 +1.315334940e+02 -8.2692e-01 -2.3849e+00 -3.3793e+00 -4.4842e-01 -3.5724e-01 -3.1055e+00 -8.1435e-01 +1.6042e+00 -3.3838e+00 -1.9262e-01 -2.9171e-01 -1.6750e+00 +3.5636e+00 -2.0380e+00 -9.9421e-01 -2.6267e+00 +8.6291e-01 +4.4251e+00 -1.5936e+00 +1.1827e+00
44801 +3.941849807e+01 +3.941849807e+01 +1.094484981e+02 +1.094484981e+02 -1.0259e+00 -2.5995e+00 -3.3649e+00 -2.0118e+00 +3.0553e-01 -3.4265e+00 -9.1158e-01 +1.5427e+00 -2.6737e+00 +2.8337e-01 -7.2707e-01 -1.9667e+00 +3.1956e+00 -2.8700e+00 -1.5994e+00 -2.9914e+00 +8.3914e-01 +4.6067e+00 -2.2655e+00 +7.0503e-01
72602 +2.321788970e+01 +2.321788970e+01 +9.324788970e+01 +9.324788970e+01 -1.0199e+00 -1.9047e+00 -3.5622e+00 -1.3058e+00 -1.0238e-01 -2.8630e+00 -5.3751e-01 +1.4557e+00 -3.3209e+00 +5.8231e-01 -6.9207e-01 -2.0490e+00 +3.0070e+00 -2.2514e+00 -1.2226e+00 -2.5304e+00 +3.9733e-01 +4.0314e+00 -2.3368e+00 +1.4213e+00
113901 +1.572933841e+01 +1.572933841e+01 +8.575933841e+01 +8.575933841e+01 -1.0219e+00 -2.6036e+00 -3.3595e+00 -1.8808e+00 +4.0236e-01 -3.4124e+00 -9.4112e-01 +1.5628e+00 -2.7130e+00 +3.2088e-01 -8.3461e-01 -1.9034e+00 +3.0707e+00 -2.8631e+00 -1.5706e+00 -2.8940e+00 +8.1224e-01 +4.5538e+00 -2.3046e+00 +7.0503e-01
766601 +9.980774541e+00 +9.980774541e+00 +8.001077454e+01 +8.001077454e+01 -3.8308e-01 -2.7329e+00 -3.5330e+00 -1.5216e+00 -2.0208e-01 -3.1544e+00 -8.1409e-01 +1.4076e+00 -2.6125e+00 +5.2301e-01 -1.0142e+00 -2.6167e+00 +3.7251e+00 -3.1651e+00 -1.5900e+00 -3.5914e+00 +8.2634e-01 +4.7661e+00 -1.8190e+00 +1.0381e+00
% function evaluation | noise-free fitness - Fopt (-4.822000000000e+01) | best noise-free fitness - Fopt | measured fitness | best measured fitness | x1 | x2...
1 +2.940259414e+03 +2.940259414e+03 +2.892039414e+03 +2.892039414e+03 +4.4982e+00 -9.8717e-01 +4.9309e+00 -3.0849e+00 -6.4727e-01 -2.5692e+00 -1.6550e+00 +1.0080e+00 -1.8631e+00 +3.4162e+00 +3.6060e+00 -3.0793e+00 -1.3832e+00 +3.1698e+00 +1.7588e+00 +9.8143e-01 -3.9628e+00 -1.2349e+00 +1.7421e+00 -3.5865e+00
4 +2.233964857e+03 +2.233964857e+03 +2.185744857e+03 +2.185744857e+03 -3.7640e+00 +2.8473e+00 -7.5452e-01 -5.5392e-01 -4.1944e+00 -2.6457e+00 +1.6801e+00 -2.0434e+00 -2.6083e+00 +3.0841e+00 +2.8085e+00 +4.6105e+00 -2.7651e+00 -4.4292e+00 +4.1620e+00 +3.7142e+00 +1.8976e+00 +2.5249e+00 +1.3926e+00 -3.5999e+00
5 +1.176212074e+03 +1.176212074e+03 +1.127992074e+03 +1.127992074e+03 -1.7418e+00 -2.4864e+00 -1.8302e+00 -2.4660e+00 +4.1548e+00 -1.2434e+00 -1.5024e+00 +1.9379e+00 -2.6981e+00 +2.1216e+00 -1.2733e+00 -3.0977e+00 -4.6552e+00 +2.6146e-01 -2.9245e+00 -3.0790e+00 -3.3808e+00 +2.5669e+00 +3.2812e+00 -5.3831e-01
9 +9.337611287e+02 +9.337611287e+02 +8.855411287e+02 +8.855411287e+02 +8.1390e-01 -7.8490e-01 -4.9062e+00 +1.7703e+00 +1.4460e+00 +2.9244e-01 -6.9649e-01 +1.5185e+00 -4.9111e+00 +4.4865e+00 -2.7260e+00 +1.5551e+00 -3.1497e+00 -3.4482e+00 -6.0212e-01 -4.7922e+00 -3.5148e+00 -3.2820e+00 +2.3437e+00 -2.3058e+00
81 +6.246070375e+02 +6.246070375e+02 +5.763870375e+02 +5.763870375e+02 -4.7431e+00 -3.2358e-01 -6.2111e-01 +2.0442e+00 -9.9008e-01 +3.7543e+00 -1.8963e+00 -2.2768e+00 -4.4081e+00 +3.1206e+00 -4.2660e+00 -2.2463e+00 -2.1740e+00 +2.7724e-01 -5.6164e-01 -2.8669e+00 +2.5361e-01 +2.7775e+00 +3.1651e+00 -6.7132e-01
712 +3.919411258e+02 +3.919411258e+02 +3.437211258e+02 +3.437211258e+02 -3.8905e+00 -3.8341e+00 -2.8281e-01 -7.9050e-01 -3.5032e+00 +1.1512e+00 -1.7567e+00 +1.9901e+00 -2.4976e+00 +3.4469e+00 -8.7980e-01 -3.6974e+00 -4.2072e+00 +1.4952e+00 -1.5223e+00 -6.0539e-01 -2.1123e+00 -2.8681e+00 +6.0093e-01 +3.2075e+00
1532 +2.254991429e+02 +2.254991429e+02 +1.772791429e+02 +1.772791429e+02 -1.3177e+00 -2.1950e+00 -2.1014e+00 +1.0581e+00 -4.1710e+00 +3.6748e+00 -2.9932e+00 +3.6812e-01 -5.9444e-01 +3.7231e+00 -1.0778e+00 -3.1238e+00 -1.5318e+00 +3.6168e+00 -2.4098e+00 -1.4859e+00 -2.5089e+00 -3.2032e+00 +1.4608e+00 +9.7307e-01
5354 +1.486373267e+02 +1.486373267e+02 +1.004173267e+02 +1.004173267e+02 -2.4524e+00 -2.1336e+00 -1.5469e+00 +6.4281e-02 -4.1035e+00 +3.1712e+00 -4.6256e+00 +1.9037e+00 -2.5488e+00 +3.8723e+00 +4.4097e-01 -1.4285e+00 -2.0129e+00 +1.9577e+00 -2.1381e+00 -1.7640e+00 -1.8834e+00 -6.6619e-01 +3.0316e+00 +5.7623e-01
16508 +9.039909561e+01 +9.039909561e+01 +4.217909561e+01 +4.217909561e+01 -2.1055e+00 -2.0464e+00 -1.8218e+00 -1.5702e-01 -3.1900e+00 +3.9468e+00 -3.2593e+00 +1.5433e+00 -2.3622e+00 +4.2218e+00 -9.1743e-02 -1.8378e+00 -1.1279e+00 +3.2307e+00 -2.3548e+00 -2.1173e+00 -1.4045e+00 -4.0510e-01 +1.6696e+00 +1.5802e+00
26001 +6.256564122e+01 +6.256564122e+01 +1.434564122e+01 +1.434564122e+01 -2.0854e+00 -1.9628e+00 -1.7798e+00 -1.7432e-01 -3.2523e+00 +3.9116e+00 -3.3175e+00 +1.4520e+00 -2.3929e+00 +4.1172e+00 -8.8973e-02 -1.8056e+00 -1.1279e+00 +3.2229e+00 -2.3278e+00 -2.0993e+00 -1.4045e+00 -5.1836e-01 +1.6696e+00 +1.5554e+00
49203 +3.971763164e+01 +3.971763164e+01 -8.502368357e+00 -8.502368357e+00 -1.6133e+00 -2.0695e+00 -1.4446e+00 +1.0643e-01 -4.1240e+00 +2.7395e+00 -3.2185e+00 +2.2406e+00 -3.0364e+00 +4.2819e+00 -6.1305e-01 -1.7647e+00 -1.7277e+00 +2.8370e+00 -1.8436e+00 -2.3441e+00 -1.6231e+00 -1.2292e+00 +2.2089e+00 +6.6566e-02
121102 +2.295037674e+01 +2.295037674e+01 -2.526962326e+01 -2.526962326e+01 -1.6998e+00 -1.9359e+00 -1.9745e+00 +5.5752e-01 -4.4617e+00 +2.9635e+00 -3.6797e+00 +1.8415e+00 -2.3853e+00 +3.9139e+00 -3.4979e-01 -9.5747e-01 -1.3430e+00 +2.3310e+00 -1.6754e+00 -1.3433e+00 -1.8911e+00 -1.6120e+00 +2.5836e+00 +7.1361e-01
182001 +1.561721711e+01 +1.561721711e+01 -3.260278289e+01 -3.260278289e+01 -1.7471e+00 -1.9359e+00 -1.9728e+00 +6.1247e-01 -4.4617e+00 +2.9635e+00 -3.6797e+00 +1.8415e+00 -2.3708e+00 +3.9263e+00 -3.7999e-01 -9.5747e-01 -1.3430e+00 +2.3410e+00 -1.6162e+00 -1.3870e+00 -1.8880e+00 -1.5487e+00 +2.6270e+00 +7.1361e-01
414301 +9.994064203e+00 +9.994064203e+00 -3.822593580e+01 -3.822593580e+01 -1.7372e+00 -1.9250e+00 -1.9969e+00 +6.1669e-01 -4.5310e+00 +2.9474e+00 -3.6745e+00 +1.8168e+00 -2.3711e+00 +3.9117e+00 -4.0723e-01 -9.0804e-01 -1.3532e+00 +2.3202e+00 -1.5973e+00 -1.3913e+00 -1.8642e+00 -1.5697e+00 +2.6704e+00 +7.2494e-01
% function evaluation | noise-free fitness - Fopt (2.547000000000e+01) | best noise-free fitness - Fopt | measured fitness | best measured fitness | x1 | x2...
1 +1.889616792e+03 +1.889616792e+03 +1.915086792e+03 +1.915086792e+03 -4.2467e+00 +3.8509e+00 -3.8221e+00 +4.7694e-01 +9.6843e-02 +1.0812e+00 -1.7328e+00 -3.5699e-01 -3.9497e+00 +4.1809e+00 -1.4310e+00 +2.1071e-01 +4.0147e+00 +3.3225e+00 +2.4690e+00 +3.5329e+00 -2.3518e+00 +1.2922e-01 -1.9233e+00 +2.9137e+00
9 +1.015207696e+03 +1.015207696e+03 +1.040677696e+03 +1.040677696e+03 -4.9013e-02 +6.0707e-01 -1.9124e+00 -4.4307e+00 -2.9786e+00 +4.2844e+00 -3.9798e+00 +4.0050e+00 -3.5081e-01 -1.9054e+00 -1.9640e+00 +4.2126e+00 -3.0405e+00 +3.7000e+00 +4.9514e+00 +2.3781e+00 +3.7641e+00 +3.9640e+00 +4.5550e-02 +1.0742e-03
19 +9.746161539e+02 +9.746161539e+02 +1.000086154e+03 +1.000086154e+03 -4.1140e+00 +2.2967e+00 -3.6770e-01 -3.6442e+00 +2.0760e-01 +3.8484e-01 -1.1690e+00 +1.6779e+00 +1.4351e+00 +3.5332e+00 +3.1472e+00 -4.8634e+00 -1.1989e+00 +4.8189e+00 +4.5769e+00 -3.5649e+00 -1.9333e+00 -2.3618e-01 +3.5742e+00 -8.0081e-01
301 +6.309488406e+02 +6.309488406e+02 +6.564188406e+02 +6.564188406e+02 -2.8791e+00 -8.2900e-01 -5.7942e+00 -4.7540e+00 -3.2376e+00 +5.5239e+00 -5.4191e+00 +7.0203e-02 +2.6482e+00 -1.7182e+00 -9.6631e-01 +2.1697e+00 +1.3543e-01 +2.0914e-01 +2.2390e+00 +5.0452e-01 -1.5213e+00 +2.9815e+00 +1.0623e+00 +4.9001e-02
704 +3.824225652e+02 +3.824225652e+02 +4.078925652e+02 +4.078925652e+02 -5.6417e+00 -1.4668e+00 -2.5694e+00 -2.2975e+00 -2.3753e+00 +2.6086e+00 -1.1919e+00 +3.3979e+00 +6.7480e-02 -1.2008e+00 -9.3667e-01 -1.3199e+00 +1.7106e+00 +4.8291e+00 +3.1653e+00 -3.3543e+00 +2.6557e+00 +1.9255e+00 -9.9023e-01 -2.1714e+00
1802 +2.082473430e+02 +2.082473430e+02 +2.337173430e+02 +2.337173430e+02 -4.5405e+00 -5.5817e-01 -1.8565e+00 -4.0447e+00 -9.7801e-01 +1.3464e+00 -1.1688e+00 +1.1024e-02 +1.6678e+00 -1.5203e+00 -3.6014e+00 +1.5461e-01 -2.6611e-02 -2.1406e-01 +2.7370e+00 -2.3890e+00 +2.7051e+00 +2.6965e+00 +3.2904e-01 -2.8026e+00
4339 +1.465407128e+02 +1.465407128e+02 +1.720107128e+02 +1.720107128e+02 -3.4663e+00 -1.2923e+00 -1.0065e+00 -4.3852e+00 -1.4145e+00 +8.0131e-01 -1.2198e+00 +9.1432e-01 +2.5772e+00 -6.7013e-01 -3.1423e+00 -3.9254e-01 +9.8266e-01 -3.6247e-02 +3.0651e+00 -7.1706e-01 +2.4713e+00 +3.5286e+00 +1.4673e+00 -3.8575e+00
19406 +9.858381369e+01 +9.858381369e+01 +1.240538137e+02 +1.240538137e+02 -3.6867e+00 -1.0369e+00 -8.2863e-01 -2.8725e+00 -1.3515e+00 +6.1145e-01 -1.2900e+00 +7.7139e-03 +2.6669e+00 -1.7307e+00 -2.7264e+00 -1.1680e+00 +7.4342e-01 -4.6194e-01 +3.0627e+00 -4.1297e+00 +1.9831e+00 +2.7103e+00 +1.5235e+00 -3.9407e+00
28301 +6.197219416e+01 +6.197219416e+01 +8.744219416e+01 +8.744219416e+01 -3.8323e+00 -2.0975e+00 -1.3084e+00 -3.0999e+00 -1.4249e+00 +2.7125e-01 -1.6007e+00 +7.1957e-02 +2.1424e+00 -1.1855e-01 -3.0050e+00 -6.4288e-01 +7.0218e-01 -1.9233e-01 +2.8465e+00 -3.6788e+00 +2.1224e+00 +3.1335e+00 +2.1706e+00 -3.4591e+00
40202 +3.869786593e+01 +3.869786593e+01 +6.416786593e+01 +6.416786593e+01 -3.9684e+00 -1.3717e+00 -1.3200e+00 -2.2078e+00 -2.1019e+00 +1.2909e-01 -1.2812e+00 +3.1545e-01 +2.7491e+00 -3.7892e-01 -3.1132e+00 -8.4079e-01 +3.9373e-01 -3.5316e-01 +3.2352e+00 -4.0077e+00 +2.0638e+00 +2.6727e+00 +1.8757e+00 -3.2082e+00
78902 +2.489387584e+01 +2.489387584e+01 +5.036387584e+01 +5.036387584e+01 -3.8089e+00 -1.2096e+00 -1.7012e+00 -2.5655e+00 -1.2225e+00 +3.7884e-01 -9.0989e-01 +3.7472e-01 +2.7905e+00 -2.4507e-01 -3.1823e+00 -6.5908e-01 +4.3902e-01 -7.6333e-02 +3.3541e+00 -3.0346e+00 +2.4613e+00 +2.8872e+00 +1.4434e+00 -3.2858e+00
118401 +1.578941570e+01 +1.578941570e+01 +4.125941570e+01 +4.125941570e+01 -3.8089e+00 -1.2982e+00 -1.7531e+00 -2.5897e+00 -1.2582e+00 +3.4601e-01 -8.8707e-01 +4.0601e-01 +2.7905e+00 -1.5286e-01 -3.1679e+00 -6.4491e-01 +3.9707e-01 -7.6333e-02 +3.3541e+00 -3.0346e+00 +2.4704e+00 +2.9191e+00 +1.4142e+00 -3.2858e+00
337303 +9.849859448e+00 +9.849859448e+00 +3.531985945e+01 +3.531985945e+01 -3.4205e+00 -1.3862e+00 -9.4874e-01 -2.5094e+00 -1.1433e+00 +4.6737e-01 -1.2280e+00 +3.7180e-02 +2.6903e+00 -1.1574e+00 -3.2101e+00 -8.8033e-01 +7.6902e-01 -3.3289e-01 +2.8030e+00 -2.9295e+00 +2.3823e+00 +3.6297e+00 +2.0655e+00 -3.2754e+00
% function evaluation | noise-free fitness - Fopt (-1.008100000000e+02) | best noise-free fitness - Fopt | measured fitness | best measured fitness | x1 | x2...
1 +9.147392255e+02 +9.147392255e+02 +8.139292255e+02 +8.139292255e+02 -9.9875e-01 +1.5539e+00 +1.6115e+00 +4.3250e+00 -6.9692e-01 +2.7882e+00 +3.5966e+00 +2.7570e-01 -3.7116e+00 -2.0146e+00 +5.6218e-01 +2.0506e+00 -8.3641e-01 +7.0287e-01 -1.8349e+00 +1.9438e+00 +1.7151e+00 -6.2857e-01 +1.7767e+00 +1.2101e-01
301 +5.873919640e+02 +5.873919640e+02 +4.865819640e+02 +4.865819640e+02 +3.5189e+00 -9.6407e-01 -1.2676e+00 -1.5809e+00 +2.7664e+00 -2.1953e+00 +3.0387e-01 -2.3705e+00 -3.6474e+00 -1.2432e+00 +1.0864e+00 -1.7164e+00 -1.9746e+00 -2.5007e+00 +5.6535e-01 -3.5987e-01 +1.1629e+00 -5.9269e-01 -4.2334e-01 -9.2800e-01
602 +3.798028892e+02 +3.798028892e+02 +2.789928892e+02 +2.789928892e+02 +1.7956e+00 +1.1665e+00 +5.2722e-01 -1.9784e+00 +1.7925e+00 +1.9387e+00 -1.0334e+00 -1.1940e+00 -3.4632e+00 +1.6408e+00 +8.9737e-01 -5.2605e+00 +1.7112e+00 +4.3614e-01 +1.3964e+00 +1.4771e+00 +5.1721e-01 -1.1224e+00 -8.5503e-01 +2.9758e+00
1713 +2.464902467e+02 +2.464902467e+02 +1.456802467e+02 +1.456802467e+02 -1.1218e-01 +1.5907e-01 +2.6853e+00 +5.6800e-01 +1.5964e-01 +8.5268e-01 +8.7782e-01 +2.7306e-01 -3.7412e+00 -2.1174e+00 +1.1921e+00 -1.1977e+00 -1.2028e+00 -4.1104e+00 +6.0503e-01 +8.2978e-01 +2.4520e+00 -7.2591e-01 +2.1604e+00 +2.2228e+00
4958 +1.320049338e+02 +1.320049338e+02 +3.119493381e+01 +3.119493381e+01 +2.0329e+00 -9.8130e-03 +1.1164e+00 -1.5490e+00 +2.0259e+00 +2.0143e+00 +2.1628e+00 +1.1891e+00 -3.3554e+00 -2.2192e+00 +1.3586e-01 -3.0327e+00 -3.2692e-01 -2.8485e+00 +1.6680e-01 +3.3581e+00 +2.4049e+00 -3.7989e-01 +1.6094e+00 +4.3796e+00
20314 +9.751870525e+01 +9.751870525e+01 -3.291294754e+00 -3.291294754e+00 +1.5817e+00 +7.7424e-01 +1.4439e+00 +3.6474e-01 +3.0504e+00 +2.5995e+00 +2.2122e-01 +5.1515e-01 -4.1022e+00 -1.1274e+00 +8.0742e-01 -3.1102e+00 -5.5128e-01 -2.3362e+00 +1.9923e+00 +3.0492e+00 +2.1613e+00 -1.7387e+00 +1.6065e+00 +4.4696e+00
37901 +5.536115828e+01 +5.536115828e+01 -4.544884172e+01 -4.544884172e+01 +8.6004e-01 +6.4403e-01 +2.2131e+00 -8.7158e-01 +3.1055e+00 +9.0526e-01 +9.1839e-01 +8.6219e-01 -4.3504e+00 -1.6460e+00 +8.2731e-01 -2.6021e+00 +1.9171e-01 -1.9393e+00 +4.4469e-01 +3.5085e+00 +1.7608e+00 -5.0495e-01 +2.2468e+00 +3.6737e+00
56501 +3.916583825e+01 +3.916583825e+01 -6.164416175e+01 -6.164416175e+01 +8.6004e-01 +6.4403e-01 +2.2131e+00 -8.2038e-01 +3.1561e+00 +9.0526e-01 +8.6675e-01 +8.6219e-01 -4.3383e+00 -1.6963e+00 +8.1183e-01 -2.6021e+00 +1.1624e-01 -1.9393e+00 +4.4469e-01 +3.5085e+00 +1.8474e+00 -5.0495e-01 +2.2468e+00 +3.7179e+00
84601 +2.480342657e+01 +2.480342657e+01 -7.600657343e+01 -7.600657343e+01 +8.8266e-01 +1.1768e+00 +1.4717e+00 -7.1970e-02 +2.1384e+00 +1.5420e+00 +1.3305e+00 +1.4170e+00 -4.5625e+00 -9.7795e-01 +8.8988e-01 -2.4182e+00 -4.1994e-02 -2.0519e+00 +9.8232e-01 +3.0910e+00 +2.8650e+00 -5.3649e-02 +2.2000e+00 +3.7160e+00
166501 +1.577716241e+01 +1.577716241e+01 -8.503283759e+01 -8.503283759e+01 +8.8266e-01 +1.1158e+00 +1.4856e+00 +2.1223e-02 +2.1384e+00 +1.5825e+00 +1.3164e+00 +1.4405e+00 -4.5816e+00 -9.9073e-01 +8.8988e-01 -2.4182e+00 -4.3600e-02 -2.0315e+00 +9.5812e-01 +3.1586e+00 +2.8321e+00 -5.3649e-02 +2.2000e+00 +3.7160e+00
% function evaluation | noise-free fitness - Fopt (1.194000000000e+02) | best noise-free fitness - Fopt | measured fitness | best measured fitness | x1 | x2...
1 +1.998167330e+03 +1.998167330e+03 +2.117567330e+03 +2.117567330e+03 +3.8750e+00 +2.1441e+00 -3.2391e+00 +4.4830e+00 -4.6973e+00 -2.3236e+00 +1.4711e+00 +9.0484e-02 +2.1272e-01 +3.5544e-01 +4.5482e+00 -3.9516e+00 +3.6908e+00 +2.5306e+00 -4.3381e+00 +3.0245e+00 -4.6042e+00 -4.7658e+00 +4.9904e+00 -3.1158e+00
4 +8.566257875e+02 +8.566257875e+02 +9.760257875e+02 +9.760257875e+02 +1.7081e+00 -2.0300e+00 +3.5160e+00 -1.5667e+00 +2.9880e-01 -1.1720e+00 +2.6426e+00 -2.8633e-01 -4.9471e+00 -2.2446e+00 +1.3236e+00 +1.2106e-01 +6.8211e-01 +2.8849e+00 +2.2301e+00 +3.5913e+00 -1.2523e+00 -4.0302e+00 +3.5361e+00 +3.3394e+00
102 +6.177816257e+02 +6.177816257e+02 +7.371816257e+02 +7.371816257e+02 +6.0780e-01 -3.2561e+00 +3.5160e+00 -1.5667e+00 +2.9880e-01 -3.0004e+00 +2.6426e+00 +3.3730e+00 -4.9471e+00 -2.0613e+00 +2.1490e+00 +1.2106e-01 -1.9452e-01 +2.8849e+00 -2.8237e+00 +3.5913e+00 -1.2523e+00 -1.1362e+00 +4.4455e+00 -9.4412e-01
903 +3.855057046e+02 +3.855057046e+02 +5.049057046e+02 +5.049057046e+02 +2.3371e-01 -1.6118e-01 +3.6551e+00 -4.7982e-01 -1.2764e+00 -4.4029e+00 +2.9246e+00 +4.6076e+00 -4.2843e+00 +1.0044e+00 +1.9095e-01 +2.6671e+00 +2.6804e+00 -4.0121e-01 +2.3737e-01 +6.6874e+00 -1.0366e+00 -2.8920e+00 +1.7337e+00 -8.5727e-01
1714 +2.223933956e+02 +2.223933956e+02 +3.417933956e+02 +3.417933956e+02 -2.2344e+00 +5.2486e-01 +5.5656e+00 -9.0242e-01 -1.7101e+00 -5.1912e+00 +1.3440e+00 +4.0676e+00 -2.8312e+00 +1.0300e+00 -4.1329e+00 +1.7279e+00 +2.9448e-01 +7.5117e-01 +3.3883e-01 +4.4687e+00 +1.1219e+00 -4.7722e+00 +2.3461e+00 -1.2668e+00
6324 +1.465035495e+02 +1.465035495e+02 +2.659035495e+02 +2.659035495e+02 -2.5595e-01 +1.5979e-01 +5.2668e+00 -1.9357e+00 -1.5006e+00 -2.9919e+00 +7.4514e-01 +3.6173e+00 -1.7659e+00 -1.6259e+00 -3.7067e+00 +1.9512e-01 +1.0240e+00 +5.9433e-01 +1.5984e+00 +3.1670e+00 -5.4712e-01 -4.5048e+00 +1.7583e+00 -2.4067e+00
18501 +9.966510023e+01 +9.966510023e+01 +2.190651002e+02 +2.190651002e+02 -8.0022e-01 -3.2788e-01 +3.6801e+00 -1.9247e+00 -1.7442e+00 -3.9476e+00 +4.3585e-01 +3.1245e+00 -2.9636e+00 -1.6866e+00 -4.2271e+00 +1.8376e-01 +1.3598e+00 +1.3955e+00 +2.4211e+00 +3.4075e+00 -3.8409e-01 -3.3994e+00 +2.6558e+00 -3.2145e+00
38704 +6.247160111e+01 +6.247160111e+01 +1.818716011e+02 +1.818716011e+02 -1.5316e+00 -6.2892e-01 +5.4965e+00 -2.7014e+00 -1.6124e+00 -3.8477e+00 +8.0046e-01 +2.5277e+00 -2.1622e+00 -1.4639e+00 -3.5421e+00 +6.8540e-01 -6.9804e-02 +1.6587e+00 +8.0276e-01 +3.3770e+00 -4.5083e-02 -4.3303e+00 +2.0138e+00 -3.3578e+00
56901 +3.970816600e+01 +3.970816600e+01 +1.591081660e+02 +1.591081660e+02 -4.3000e-01 -1.1914e-01 +4.3506e+00 -2.5074e+00 -1.4113e+00 -3.3163e+00 +1.0195e+00 +2.7989e+00 -2.1219e+00 -2.2571e+00 -3.3287e+00 +6.2853e-01 +7.0341e-01 +6.0411e-01 +6.5222e-01 +3.4157e+00 +8.2898e-02 -4.4548e+00 +1.7486e+00 -3.0915e+00
147801 +2.482689020e+01 +2.482689020e+01 +1.442268902e+02 +1.442268902e+02 -3.7067e-01 -1.2653e-01 +4.4074e+00 -2.5525e+00 -1.3721e+00 -3.3132e+00 +9.8146e-01 +2.8267e+00 -2.0640e+00 -2.2571e+00 -3.3198e+00 +6.5056e-01 +7.0341e-01 +6.0411e-01 +6.5222e-01 +3.4317e+00 +8.2898e-02 -4.4703e+00 +1.8356e+00 -3.1329e+00
305201 +1.580702604e+01 +1.580702604e+01 +1.352070260e+02 +1.352070260e+02 -8.2086e-01 +5.1199e-01 +3.8129e+00 -2.2091e+00 -1.5574e+00 -4.4344e+00 +1.1012e+00 +3.0104e+00 -2.4636e+00 -2.2909e+00 -2.5987e+00 +7.1712e-01 +5.7311e-01 -1.0217e-01 +1.6057e+00 +3.5466e+00 -2.0975e-01 -3.8259e+00 +2.6471e+00 -3.4066e+00
% function evaluation | noise-free fitness - Fopt (1.352200000000e+02) | best noise-free fitness - Fopt | measured fitness | best measured fitness | x1 | x2...
1 +3.690440169e+03 +3.690440169e+03 +3.825660169e+03 +3.825660169e+03 -9.8585e-01 +1.1463e+00 +4.2984e+00 +3.8897e+00 +4.8225e+00 -1.3042e+00 -1.6196e-01 +3.5406e+00 +1.3697e+00 +2.0587e+00 -8.8258e-01 +3.4131e+00 -4.7469e+00 -2.4578e+00 +4.7794e+00 -1.1149e+00 +3.6199e+00 -1.6433e+00 +1.3379e+00 +4.9204e-01
2 +1.994626132e+03 +1.994626132e+03 +2.129846132e+03 +2.129846132e+03 +4.1156e-01 +3.1045e+00 +4.1957e+00 +6.3489e-01 +4.0069e+00 +2.2013e+00 -1.9080e+00 +2.2897e+00 -3.3924e+00 +1.1899e+00 -3.9516e+00 +5.1410e-01 -1.6801e+00 +1.0812e+00 -2.9680e+00 +4.1814e+00 +1.9115e+00 -1.9130e+00 +2.9821e+00 +4.2453e+00
3 +1.270192593e+03 +1.270192593e+03 +1.405412593e+03 +1.405412593e+03 +2.1544e+00 -4.5154e+00 +2.5905e-01 -3.8372e+00 +3.9134e+00 -4.4625e+00 +4.8572e-01 -2.6707e+00 +6.1831e-01 -1.8575e+00 -2.0972e+00 -3.4130e+00 -4.2889e+00 +6.8342e-01 +1.7345e+00 +3.3909e-01 -9.3962e-01 +4.0272e+00 +6.2793e-01 +1.1614e+00
63 +9.177694260e+02 +9.177694260e+02 +1.052989426e+03 +1.052989426e+03 +4.8586e+00 +3.5092e+00 +1.4668e+00 -3.8973e+00 -1.7934e+00 -4.9084e+00 -3.0065e+00 +3.8590e-03 -1.2875e+00 +1.7653e+00 +6.7634e-01 -7.1200e-01 +2.2652e+00 -1.2788e+00 -1.7623e+00 +1.1723e+00 +1.6838e+00 -3.7876e+00 -1.4125e+00 -3.7715e+00
308 +6.115942710e+02 +6.115942710e+02 +7.468142710e+02 +7.468142710e+02 -8.7673e-01 +4.3902e-01 -2.5473e+00 -2.6576e+00 +2.2308e+00 -1.2773e+00 -3.4972e+00 -7.9673e-01 +1.6607e+00 -1.1266e-01 -1.3281e+00 -6.1636e-01 +4.7771e-01 -9.1666e-01 +1.6111e+00 -5.8345e-01 -4.0387e+00 -2.9413e+00 -3.7323e-01 +2.1968e+00
1107 +2.452413381e+02 +2.452413381e+02 +3.804613381e+02 +3.804613381e+02 +7.8352e-01 +2.2165e+00 -1.7877e+00 -4.9072e+00 +8.6288e-01 -1.1155e+00 -9.9871e-01 -2.8998e+00 -3.1910e-01 -1.2381e+00 -2.1981e+00 -2.0206e+00 +1.4215e+00 -3.0099e+00 -4.1973e-01 +8.0754e-02 +1.8879e-01 -1.1432e+00 +2.4132e+00 -1.3673e+00
4531 +1.415584913e+02 +1.415584913e+02 +2.767784913e+02 +2.767784913e+02 -2.3986e+00 +3.5152e+00 -2.0796e+00 -4.3553e+00 +4.3416e+00 -5.2524e+00 -8.5339e-01 -1.2982e+00 -1.1297e+00 -1.4539e+00 -3.3484e+00 -2.5633e+00 +1.7324e+00 -1.5256e+00 -1.3067e+00 -2.7375e+00 -1.4443e-01 -2.1741e+00 +3.0454e+00 +7.1242e-02
13333 +9.728957207e+01 +9.728957207e+01 +2.325095721e+02 +2.325095721e+02 -1.7851e+00 +3.1584e+00 -1.7133e+00 -3.8636e+00 +3.5338e+00 -3.2524e+00 -2.5833e-01 -1.1258e+00 +3.4546e-01 -2.7896e+00 -3.8839e+00 -3.2428e+00 +1.5155e+00 -2.0514e+00 -2.1355e+00 -7.2238e-01 +1.1283e+00 -2.9762e+00 +3.1130e+00 -5.1106e-01
30902 +5.882364807e+01 +5.882364807e+01 +1.940436481e+02 +1.940436481e+02 -9.9185e-01 +4.0246e+00 -2.4251e+00 -5.4244e+00 +3.3540e+00 -2.4351e+00 +8.5279e-02 -1.5196e+00 -1.4330e-01 -1.2241e+00 -2.7180e+00 -3.2459e+00 +9.6822e-01 -1.9050e+00 -3.4109e+00 -1.1165e+00 +1.6585e+00 -2.8511e+00 +2.8307e+00 -8.8342e-01
44401 +3.475297801e+01 +3.475297801e+01 +1.699729780e+02 +1.699729780e+02 -2.1040e+00 +3.8769e+00 -1.6334e+00 -4.0254e+00 +3.8998e+00 -2.4486e+00 -6.5280e-01 -1.9639e+00 +9.1431e-01 -2.9464e+00 -3.6958e+00 -4.1209e+00 +1.0559e+00 -2.3503e+00 -1.3376e+00 -1.9074e+00 +1.6813e+00 -2.1411e+00 +2.9419e+00 -5.9138e-01
111501 +2.492149615e+01 +2.492149615e+01 +1.601414961e+02 +1.601414961e+02 -8.0844e-01 +3.5869e+00 -1.6644e+00 -4.3382e+00 +3.4914e+00 -2.5832e+00 +1.4326e-01 -1.5339e+00 +8.3191e-01 -3.3349e+00 -2.9623e+00 -3.5793e+00 +1.8454e+00 -1.4689e+00 -2.0507e+00 -2.0299e+00 +9.7707e-01 -1.6682e+00 +3.6178e+00 -1.6722e+00
242901 +1.564904597e+01 +1.564904597e+01 +1.508690460e+02 +1.508690460e+02 -4.0382e-01 +4.1999e+00 -1.4410e+00 -3.6750e+00 +4.2290e+00 -3.4511e+00 -4.6511e-01 -1.2268e+00 +1.2630e+00 -2.7341e+00 -3.1598e+00 -2.4072e+00 +1.6125e+00 -1.6532e+00 -2.2446e+00 -2.0457e+00 +1.8091e+00 -3.4622e+00 +3.1612e+00 -7.0375e-01
% function evaluation | noise-free fitness - Fopt (5.040000000000e+00) | best noise-free fitness - Fopt | measured fitness | best measured fitness | x1 | x2...
1 +4.000697665e+03 +4.000697665e+03 +4.005737665e+03 +4.005737665e+03 -3.5796e+00 +2.8342e+00 -4.9950e+00 -1.5550e+00 +2.7981e+00 +1.5864e+00 +2.4145e+00 -4.9867e+00 -1.6678e+00 +3.4246e-01 +2.0292e+00 +4.6426e+00 -2.3953e+00 +1.3407e+00 +4.7302e+00 -2.9468e+00 +2.4651e+00 +2.2851e+00 -4.5618e-01 -4.5812e+00
2 +1.674785068e+03 +1.674785068e+03 +1.679825068e+03 +1.679825068e+03 +2.0698e+00 -3.6091e+00 +4.9467e+00 +3.2931e+00 -2.4360e+00 -4.0779e+00 -1.0490e+00 -4.9831e+00 +8.8012e-01 +9.1406e-01 -4.8576e+00 -3.0821e+00 -4.3822e+00 -3.0686e-01 +3.1310e+00 -1.2284e+00 +4.9017e+00 +3.8373e+00 +3.6867e+00 +4.0629e+00
4 +1.573907088e+03 +1.573907088e+03 +1.578947088e+03 +1.578947088e+03 -1.4738e+00 -3.9562e+00 +3.4939e+00 -8.2244e-03 -1.4752e+00 -4.4256e+00 -1.0422e+00 +2.6074e+00 -1.6605e+00 -3.5172e+00 -4.2574e+00 -2.5172e+00 -9.0096e-01 -2.3152e+00 -2.6961e+00 +2.8287e+00 +4.2090e+00 -3.5933e+00 -4.2765e+00 +2.9632e+00
13 +9.885444132e+02 +9.885444132e+02 +9.935844132e+02 +9.935844132e+02 -1.0523e+00 +4.3068e+00 +4.4561e+00 -2.6244e+00 -8.6769e-01 +3.8994e+00 +4.3269e+00 -1.0803e+00 -4.9325e+00 +3.2680e+00 -4.2392e+00 +4.6304e+00 -3.4335e+00 -3.6998e+00 -4.5709e+00 +4.7473e+00 -2.5007e+00 -5.2724e-01 -5.6692e-01 -7.4737e-01
130 +6.174203417e+02 +6.174203417e+02 +6.224603417e+02 +6.224603417e+02 -9.1221e-01 +2.8754e+00 +9.6222e-01 -3.4428e+00 +1.2189e+00 -2.7899e-01 +2.0773e+00 -1.0859e-01 -1.8812e+00 +4.7564e+00 -3.1186e+00 -7.5379e-01 -1.3278e+00 -4.9650e+00 +5.6938e+00 +2.0594e+00 -3.6594e+00 -4.2036e+00 +3.4843e+00 -1.0536e+00
406 +3.537669328e+02 +3.537669328e+02 +3.588069328e+02 +3.588069328e+02 +2.2689e-01 +1.7102e+00 +2.3454e+00 +2.5622e-02 -6.8566e-02 +1.8895e+00 -3.6247e-01 -5.0797e-01 +2.5726e+00 +2.2507e+00 -3.0666e+00 -2.1875e+00 -4.5624e+00 -1.6283e+00 +3.7409e+00 -3.9851e+00 -3.1166e+00 -1.0029e+00 -2.6246e+00 +3.2373e+00
1702 +2.458948742e+02 +2.458948742e+02 +2.509348742e+02 +2.509348742e+02 -1.4038e+00 +1.8950e+00 +3.6019e+00 -7.8931e-01 -1.1287e+00 -3.5804e-01 +1.1142e+00 -9.4739e-01 +7.2746e-01 -1.6086e-01 -2.4267e+00 -1.4557e-02 -9.9158e-01 -2.2369e-01 +2.2253e+00 -2.1840e+00 -2.4488e+00 -2.4548e+00 -2.1020e+00 +1.0822e+00
4212 +1.381432910e+02 +1.381432910e+02 +1.431832910e+02 +1.431832910e+02 -3.1796e+00 +2.1909e+00 +3.1712e+00 -1.0415e+00 +7.0521e-01 +9.4016e-01 +1.7216e+00 -3.1521e-01 +1.9831e-01 -8.6158e-01 -4.8556e+00 +3.3598e-01 -6.5629e-01 -2.0411e+00 +3.7103e+00 -7.2445e-01 -3.3955e+00 -1.8390e+00 +4.3403e-02 +8.0941e-01
11959 +8.895814932e+01 +8.895814932e+01 +9.399814932e+01 +9.399814932e+01 -2.6018e+00 +3.0372e+00 +3.1509e+00 -9.8263e-01 +8.4762e-01 +1.4491e+00 +8.4688e-01 -1.2943e+00 +1.8647e+00 -1.6403e+00 -2.7309e+00 -5.4194e-01 -5.6691e-01 -2.6060e+00 +3.7163e+00 -1.1481e-01 -3.6032e+00 -1.0503e+00 -5.8817e-01 +1.6040e+00
32802 +6.132054663e+01 +6.132054663e+01 +6.636054663e+01 +6.636054663e+01 -3.1525e+00 +2.0740e+00 +3.2537e+00 -1.0984e+00 +5.3120e-01 +1.5934e+00 +1.8153e+00 -2.9889e-01 +1.8846e-01 -9.1040e-01 -3.7548e+00 -2.7852e-02 -6.2969e-01 -2.9203e+00 +3.7208e+00 -2.6662e-01 -3.1580e+00 -1.5190e+00 -8.9210e-02 +1.1913e+00
42901 +3.971077005e+01 +3.971077005e+01 +4.475077005e+01 +4.475077005e+01 -3.1525e+00 +2.0740e+00 +3.3369e+00 -1.0087e+00 +5.3120e-01 +1.5934e+00 +1.8153e+00 -2.9889e-01 +1.8846e-01 -9.1040e-01 -3.7588e+00 +3.7815e-02 -6.2969e-01 -2.9203e+00 +3.6524e+00 -2.6662e-01 -3.1580e+00 -1.5899e+00 +6.4012e-02 +1.1912e+00
92901 +2.482080353e+01 +2.482080353e+01 +2.986080353e+01 +2.986080353e+01 -3.0618e+00 +1.9929e+00 +2.8222e+00 -1.6743e+00 +1.0759e+00 +1.5092e+00 +1.6213e+00 -5.2684e-01 +7.4681e-01 -1.4881e+00 -4.2593e+00 -4.0667e-01 -8.5623e-01 -3.2446e+00 +3.0245e+00 +4.0474e-02 -3.2265e+00 -1.2821e+00 -5.2587e-01 +4.5681e-01
189304 +1.559707085e+01 +1.559707085e+01 +2.063707085e+01 +2.063707085e+01 -3.2061e+00 +2.0753e+00 +3.3369e+00 -1.0616e+00 +5.5894e-01 +1.6037e+00 +1.7841e+00 -2.0884e-01 +1.8846e-01 -9.4000e-01 -3.8135e+00 +1.1442e-01 -6.8724e-01 -2.9448e+00 +3.7120e+00 -2.2234e-01 -3.1544e+00 -1.5578e+00 +6.4012e-02 +1.1929e+00
959801 +9.999534366e+00 +9.999534366e+00 +1.503953437e+01 +1.503953437e+01 -3.1812e+00 +2.0772e+00 +3.3872e+00 -1.0546e+00 +5.4345e-01 +1.5789e+00 +1.7751e+00 -1.5125e-01 +2.6869e-01 -9.3699e-01 -3.8238e+00 +1.7280e-01 -6.8439e-01 -2.9910e+00 +3.6883e+00 -2.4464e-01 -3.1295e+00 -1.5223e+00 +7.5373e-02 +1.1893e+00
% function evaluation | noise-free fitness - Fopt (9.170000000000e+00) | best noise-free fitness - Fopt | measured fitness | best measured fitness | x1 | x2...
1 +1.433924715e+03 +1.433924715e+03 +1.443094715e+03 +1.443094715e+03 -1.1684e+00 -5.9322e-01 -4.6514e+00 +1.4299e+00 +2.1522e+00 -3.1556e+00 -3.5802e+00 -1.0795e+00 -2.3508e+00 -4.4662e+00 +3.3434e+00 +2.6938e-01 -1.4633e+00 +2.8273e+00 +4.1978e+00 -3.7498e+00 +3.1809e+00 -1.2672e+00 +1.0724e+00 -3.7246e+00
4 +9.641095781e+02 +9.641095781e+02 +9.732795781e+02 +9.732795781e+02 +3.0012e+00 +3.8171e+00 -4.6442e+00 -3.4666e-01 -1.8541e-01 +1.9929e+00 -2.9308e+00 -1.0381e+00 -2.0721e+00 +1.3389e+00 -4.4210e+00 -2.3601e+00 +1.4482e+00 +4.7447e+00 +9.6682e-01 +3.7995e+00 +2.3041e+00 +2.0485e+00 +1.7166e+00 -2.0116e+00
11 +5.716901486e+02 +5.716901486e+02 +5.808601486e+02 +5.808601486e+02 -5.3415e-01 -4.5218e+00 -4.0802e+00 -4.6320e-01 -2.5083e+00 +1.5397e+00 +1.6645e+00 +2.5895e+00 -1.1600e+00 +1.8037e+00 +2.9537e+00 -1.3959e+00 -3.0904e+00 +1.9548e+00 +3.4168e+00 -2.2876e+00 -3.3113e+00 +3.5009e+00 -1.2587e-01 +3.1818e+00
807 +3.857158323e+02 +3.857158323e+02 +3.948858323e+02 +3.948858323e+02 +2.1993e+00 -1.3730e+00 +1.3228e-01 +4.8289e+00 +2.1265e+00 -5.2459e-01 +2.5972e-03 +8.4169e-01 -1.0218e+00 +1.7057e+00 -3.0245e-02 +6.8807e-01 +3.1286e-01 +1.8945e+00 +3.7389e+00 -2.9236e-01 -1.0066e-01 +2.8363e-01 -4.9068e+00 +9.9351e-01
2124 +2.482002989e+02 +2.482002989e+02 +2.573702989e+02 +2.573702989e+02 +2.4500e+00 -2.9650e+00 -2.2033e+00 +1.4490e+00 +9.8629e-01 -2.2321e+00 +1.2713e+00 +3.0278e+00 +1.1848e+00 +2.6380e+00 +1.8336e+00 +3.2959e+00 -1.7398e+00 +3.0509e+00 +3.8798e-01 +1.4503e+00 -1.0280e+00 +4.0757e-01 -2.6509e+00 +1.0835e+00
5563 +1.570703835e+02 +1.570703835e+02 +1.662403835e+02 +1.662403835e+02 +2.3112e+00 -2.4280e+00 -1.8568e+00 +4.0568e+00 +1.0039e-01 -2.4546e+00 +1.6760e+00 +1.3780e+00 +7.6056e-01 +1.3636e+00 +4.0697e+00 +2.3624e+00 +9.0475e-01 +2.3211e+00 +2.7961e+00 +2.1556e+00 -1.8188e+00 +1.5529e+00 -1.9348e+00 +1.7603e+00
19606 +9.981111622e+01 +9.981111622e+01 +1.089811162e+02 +1.089811162e+02 +3.3251e+00 -2.5769e+00 -2.8650e+00 +3.8531e+00 -1.6454e+00 -1.5675e+00 +1.6907e+00 +2.0726e+00 -6.3557e-01 +2.3711e+00 +4.1988e+00 +3.0789e+00 +7.9943e-01 +2.0295e+00 +2.0148e+00 +2.4856e+00 -1.6757e+00 +1.4867e+00 -3.1107e+00 +2.3419e+00
32508 +6.117263034e+01 +6.117263034e+01 +7.034263034e+01 +7.034263034e+01 +4.0470e+00 -1.3869e+00 -1.8147e+00 +3.5822e+00 -1.6140e+00 -7.3554e-01 +1.8927e+00 +1.7942e+00 -6.4308e-01 +1.5174e+00 +3.6927e+00 +3.6162e+00 +1.3699e+00 +3.0433e+00 +1.6941e+00 +3.5214e+00 -2.4252e+00 +1.7163e+00 -1.8743e+00 +2.2564e+00
65606 +3.276378997e+01 +3.276378997e+01 +4.193378997e+01 +4.193378997e+01 +3.9830e+00 -9.8426e-01 -2.9167e+00 +2.9072e+00 -1.8370e+00 -8.0511e-01 +6.8243e-01 +1.2169e+00 +2.8231e-01 +1.3673e+00 +4.1633e+00 +1.7809e+00 +9.1378e-01 +2.6428e+00 +2.5528e+00 +3.6136e+00 -1.0843e+00 +1.9205e+00 -2.2032e+00 +1.4570e+00
89601 +2.370187446e+01 +2.370187446e+01 +3.287187446e+01 +3.287187446e+01 +4.0470e+00 -1.3809e+00 -1.6994e+00 +3.5822e+00 -1.6800e+00 -6.9190e-01 +1.7185e+00 +1.7562e+00 -4.7490e-01 +1.6425e+00 +3.5626e+00 +3.6162e+00 +1.3888e+00 +3.0433e+00 +1.6063e+00 +3.5442e+00 -2.4665e+00 +1.7695e+00 -1.9627e+00 +2.1511e+00
158301 +1.560687253e+01 +1.560687253e+01 +2.477687253e+01 +2.477687253e+01 +3.5654e+00 -1.3383e+00 -2.4619e+00 +3.6865e+00 -1.7838e+00 -1.1300e+00 +6.6211e-01 +1.3287e+00 -1.9079e-01 +2.0262e+00 +3.8777e+00 +1.3312e+00 +8.6724e-01 +3.4011e+00 +1.8022e+00 +2.8857e+00 -1.9460e+00 +2.2339e+00 -2.3237e+00 +1.8080e+00
267201 +9.935247725e+00 +9.935247725e+00 +1.910524772e+01 +1.910524772e+01 +3.5554e+00 -1.3323e+00 -2.4569e+00 +3.6985e+00 -1.8154e+00 -1.1300e+00 +6.5254e-01 +1.3287e+00 -1.9696e-01 +2.0256e+00 +3.8777e+00 +1.3187e+00 +9.0985e-01 +3.4083e+00 +1.7737e+00 +2.9019e+00 -1.9515e+00 +2.2339e+00 -2.2901e+00 +1.8080e+00
% function evaluation | noise-free fitness - Fopt (3.474000000000e+01) | best noise-free fitness - Fopt | measured fitness | best measured fitness | x1 | x2...
1 +2.909607153e+03 +2.909607153e+03 +2.944347153e+03 +2.944347153e+03 +4.7564e+00 -3.2214e+00 -4.8099e+00 -3.6075e+00 -3.2526e+00 +9.5742e-01 -2.7924e+00 -7.1531e-01 +1.8216e-01 -2.6240e+00 +2.0029e+00 -1.9042e+00 -2.2336e-01 -3.9823e+00 -3.6089e+00 -2.7733e+00 -4.6371e-01 -4.9658e+00 +7.0987e-01 +3.5449e+00
2 +1.338326480e+03 +1.338326480e+03 +1.373066480e+03 +1.373066480e+03 +3.4862e+00 -4.4473e+00 +1.2072e-01 -3.2113e+00 +8.6771e-02 -7.8595e-01 -3.4322e-01 +2.1675e+00 -6.5673e-01 +1.2715e+00 +4.4220e+00 +3.4655e+00 -3.3613e+00 +8.0436e-01 -6.0942e-01 -5.6435e-01 +4.1797e+00 +2.6727e+00 -3.3116e+00 -3.2643e+00
12 +7.441397100e+02 +7.441397100e+02 +7.788797100e+02 +7.788797100e+02 +2.2887e+00 -1.5848e-01 -3.6799e+00 +1.3906e+00 +2.0560e+00 -4.1164e+00 +1.9295e+00 +1.6734e+00 +3.8433e+00 +3.3769e+00 +1.7447e-01 +1.9361e+00 +3.8636e+00 -4.0714e+00 -3.0418e+00 +4.1767e-01 +4.1473e+00 -2.7456e+00 +2.1489e+00 +7.4266e-01
347 +4.971043837e+02 +4.971043837e+02 +5.318443837e+02 +5.318443837e+02 -9.9421e-01 +2.8166e-01 +2.9219e+00 -1.1898e+00 +1.4993e+00 -4.6629e-01 +4.9423e+00 +2.5084e+00 -5.3896e-01 +3.0188e+00 -2.2886e+00 +4.4077e+00 -6.9256e-01 -7.3813e-01 -2.9593e+00 -1.0888e+00 -1.9817e+00 -2.4237e+00 -3.2241e+00 +2.2857e+00
601 +3.619368214e+02 +3.619368214e+02 +3.966768214e+02 +3.966768214e+02 +1.7942e+00 +3.3757e+00 -1.7842e+00 -1.7823e-01 +4.3362e+00 -1.1603e+00 +2.2733e+00 +4.3980e+00 -1.4001e+00 +3.3052e+00 +7.1110e-01 +4.4455e+00 -4.6903e-01 -2.0322e+00 -1.8570e+00 -1.9585e+00 +1.8287e+00 -9.1168e-01 -3.6658e+00 +2.2781e-01
2001 +2.249745793e+02 +2.249745793e+02 +2.597145793e+02 +2.597145793e+02 -3.0454e+00 -2.5918e+00 -2.7700e-01 +1.6730e+00 +2.9810e+00 -2.3493e+00 +2.4405e+00 +1.8801e+00 -1.2088e+00 +3.6090e+00 +3.7111e-01 +4.5949e+00 +1.4422e+00 -2.3857e+00 -3.4875e+00 -9.3533e-01 +2.6306e+00 +5.8182e-01 -1.2958e+00 -9.2177e-01
4371 +1.306663366e+02 +1.306663366e+02 +1.654063366e+02 +1.654063366e+02 -6.0065e-01 -1.7098e+00 +6.7859e-01 +1.6226e+00 +4.3320e+00 -1.0508e+00 +2.4469e+00 +2.5626e+00 -2.6569e+00 +2.6010e+00 +7.9214e-01 +4.0435e+00 -1.7069e-01 -3.7844e+00 -1.2983e+00 -9.9177e-01 +3.3030e+00 -1.3064e+00 -2.7288e+00 +7.7591e-01
20204 +9.795686049e+01 +9.795686049e+01 +1.326968605e+02 +1.326968605e+02 -2.8795e-01 +1.0340e+00 +1.6031e-01 +2.5741e+00 +3.2619e+00 -1.5468e+00 +2.2271e+00 +2.3245e+00 -1.8672e+00 +2.6216e+00 +2.5449e-01 +2.8661e+00 -1.0438e+00 -2.5493e+00 -2.8486e+00 -4.6176e-02 +3.1339e+00 -1.8446e+00 -3.6621e+00 +7.8316e-01
35902 +6.115943222e+01 +6.115943222e+01 +9.589943222e+01 +9.589943222e+01 -1.8996e-01 -6.0477e-01 +1.1481e+00 +2.1616e+00 +4.2362e+00 -1.1824e+00 +2.8285e+00 +2.1109e+00 -1.6898e+00 +2.8219e+00 +4.5742e-01 +3.2396e+00 +1.3709e-01 -2.8892e+00 -2.7250e+00 -6.3877e-01 +2.9735e+00 -2.0006e+00 -2.3929e+00 +1.0209e+00
68701 +3.935845127e+01 +3.935845127e+01 +7.409845127e+01 +7.409845127e+01 -3.1171e-02 +2.6263e-01 +8.4445e-01 +1.9671e+00 +4.2272e+00 -1.4117e+00 +2.1388e+00 +2.5751e+00 -1.8286e+00 +2.4670e+00 -2.1066e-01 +3.2238e+00 +2.0184e-01 -2.6314e+00 -2.4833e+00 -1.9475e-01 +2.9789e+00 -1.4525e+00 -3.6267e+00 -8.6290e-01
113701 +2.472198194e+01 +2.472198194e+01 +5.946198194e+01 +5.946198194e+01 -9.3696e-01 -6.6946e-01 +1.0916e+00 +2.0865e+00 +4.0739e+00 -1.6172e+00 +2.9310e+00 +2.5851e+00 -1.7115e+00 +2.8152e+00 +6.4118e-02 +3.9966e+00 +1.0847e+00 -2.8619e+00 -2.0045e+00 +8.5876e-02 +3.2300e+00 -1.6983e+00 -2.1187e+00 -2.7211e-02
260601 +1.582566675e+01 +1.582566675e+01 +5.056566675e+01 +5.056566675e+01 -9.4779e-01 -6.8530e-01 +1.0573e+00 +2.0721e+00 +4.0720e+00 -1.6027e+00 +2.8917e+00 +2.5798e+00 -1.7039e+00 +2.8148e+00 +1.1896e-01 +4.0085e+00 +1.1481e+00 -2.8619e+00 -1.9869e+00 +7.5376e-02 +3.2300e+00 -1.7120e+00 -2.1152e+00 -5.0852e-02
% function evaluation | noise-free fitness - Fopt (8.828000000000e+01) | best noise-free fitness - Fopt | measured fitness | best measured fitness | x1 | x2...
1 +2.811511440e+03 +2.811511440e+03 +2.899791440e+03 +2.899791440e+03 -4.2369e+00 +1.5278e+00 +1.2706e+00 -8.6103e-01 +5.0278e-01 +3.9181e-01 -1.8837e+00 -4.6943e+00 +2.2971e+00 +4.8724e+00 +3.4211e+00 +1.5287e-01 -3.5182e+00 +1.7308e+00 +2.3660e+00 +1.2006e-01 -3.6587e+00 +1.0728e+00 -1.6500e+00 -4.9444e+00
3 +1.484613437e+03 +1.484613437e+03 +1.572893437e+03 +1.572893437e+03 +4.9890e-01 +1.8592e+00 -1.4717e+00 +1.7771e+00 -3.0347e-01 -3.0696e+00 +4.9139e+00 -1.3507e+00 -3.3585e+00 +2.3149e+00 +8.9498e-01 +1.7726e+00 -1.4425e+00 +1.9323e+00 +2.0786e+00 -1.4635e+00 -3.4688e+00 -4.3424e+00 -5.1448e-02 +1.9032e+00
43 +9.584650755e+02 +9.584650755e+02 +1.046745076e+03 +1.046745076e+03 +3.2966e+00 +2.5658e+00 +8.5997e-01 +5.9963e-01 -9.9514e-01 -9.6655e-01 -3.1117e+00 +3.4190e+00 +1.0950e+00 -1.2374e+00 +4.4096e+00 -7.2681e-01 +4.5517e-01 +5.7036e-01 +1.2563e+00 -3.5096e+00 +3.5662e-01 +4.5762e+00 +3.9165e+00 +6.8449e-01
313 +5.510678795e+02 +5.510678795e+02 +6.393478795e+02 +6.393478795e+02 +1.5774e+00 +2.0527e+00 -3.1723e+00 +1.5334e+00 +1.6540e-01 -7.6261e-01 -1.3099e+00 +2.4025e+00 +8.9109e-01 -2.1827e+00 +1.8778e+00 -1.5692e+00 +5.6051e+00 +1.2687e+00 +2.3387e+00 -3.7963e+00 +8.1451e-01 +1.5854e-01 +1.0293e+00 -2.0371e+00
1104 +3.682307096e+02 +3.682307096e+02 +4.565107096e+02 +4.565107096e+02 +2.8648e+00 +5.2816e+00 -2.3091e+00 +1.9853e+00 -4.9803e-01 -4.7461e+00 -3.3190e+00 -2.7623e+00 +1.6012e+00 -9.5609e-01 +1.8709e+00 -3.2517e-01 -2.0423e+00 -2.0653e+00 +1.3829e+00 -1.8077e+00 +1.4127e+00 -1.3110e+00 +9.5694e-01 -1.3654e+00
1718 +2.334143477e+02 +2.334143477e+02 +3.216943477e+02 +3.216943477e+02 +2.7917e+00 +6.6034e+00 -1.8760e+00 +3.8898e+00 -9.0290e-02 -2.2877e+00 -1.8791e+00 +5.5550e-01 +2.3148e-01 -2.0688e+00 +2.0790e+00 +2.0991e+00 +2.0326e+00 +2.0527e+00 +4.0876e+00 -3.5009e+00 +2.1540e-01 -1.9825e-01 +9.8257e-02 -4.5539e+00
3805 +1.454943533e+02 +1.454943533e+02 +2.337743533e+02 +2.337743533e+02 +2.9502e+00 +4.2846e+00 -3.3734e+00 +3.3330e+00 -8.3330e-01 -4.7152e+00 -2.6998e+00 +1.7553e+00 -1.0698e+00 -1.0419e+00 +1.2826e+00 +3.1540e+00 +5.9179e-01 +1.3868e+00 +3.1837e+00 -3.9613e+00 +9.8690e-01 -3.6935e+00 +2.0018e-01 -3.3611e+00
16408 +9.435600469e+01 +9.435600469e+01 +1.826360047e+02 +1.826360047e+02 +2.9122e+00 +4.6431e+00 -1.8035e+00 +3.8981e+00 -1.8307e+00 -3.5489e+00 -2.9135e+00 +3.7531e-01 -3.5027e-02 -8.3866e-01 +2.0284e+00 +2.6671e+00 +1.1560e-01 +7.9024e-01 +3.4043e+00 -4.0188e+00 +9.9463e-01 -2.5559e+00 -3.7861e-01 -3.3015e+00
24301 +5.971283895e+01 +5.971283895e+01 +1.479928389e+02 +1.479928389e+02 +2.7157e+00 +4.3931e+00 -1.9129e+00 +3.2655e+00 -1.3867e+00 -3.3858e+00 -3.1902e+00 +7.3278e-02 +8.5233e-02 -1.2064e+00 +1.8058e+00 +2.6639e+00 +6.7229e-01 +5.9645e-01 +3.1944e+00 -4.1110e+00 +1.0677e+00 -2.0874e+00 +2.2199e-01 -1.8952e+00
33801 +3.686972985e+01 +3.686972985e+01 +1.251497298e+02 +1.251497298e+02 +2.4995e+00 +4.3825e+00 -1.9833e+00 +3.0537e+00 -1.5996e+00 -3.1370e+00 -3.0529e+00 +5.3503e-01 -4.8004e-01 -1.1865e+00 +9.6935e-01 +2.6819e+00 +5.3263e-01 +3.7122e-01 +3.3368e+00 -3.2286e+00 +7.4414e-01 -2.8050e+00 -4.0619e-01 -2.9282e+00
46902 +2.443248803e+01 +2.443248803e+01 +1.127124880e+02 +1.127124880e+02 +2.6669e+00 +4.2716e+00 -1.8617e+00 +3.3494e+00 -1.3926e+00 -3.3360e+00 -3.0675e+00 -3.9593e-02 +5.0230e-02 -1.2030e+00 +1.8045e+00 +2.6639e+00 +6.5904e-01 +5.8077e-01 +3.2121e+00 -4.1512e+00 +1.0677e+00 -2.0952e+00 +1.7977e-01 -1.9229e+00
119101 +1.576402325e+01 +1.576402325e+01 +1.040440232e+02 +1.040440232e+02 +2.4323e+00 +4.3721e+00 -1.9691e+00 +3.1016e+00 -1.5686e+00 -3.0505e+00 -3.0087e+00 +5.3503e-01 -4.3680e-01 -1.1222e+00 +9.8385e-01 +2.6565e+00 +4.6641e-01 +3.4235e-01 +3.3368e+00 -3.2696e+00 +8.3885e-01 -2.7466e+00 -3.8047e-01 -2.9282e+00
302201 +9.927780507e+00 +9.927780507e+00 +9.820778051e+01 +9.820778051e+01 +2.7462e+00 +4.4853e+00 -1.7725e+00 +3.8523e+00 -2.0708e+00 -3.4053e+00 -3.0093e+00 +3.8978e-01 -2.5444e-03 -7.8248e-01 +2.0530e+00 +2.6030e+00 +3.4745e-01 +6.0404e-01 +3.3874e+00 -3.8678e+00 +8.9373e-01 -2.8307e+00 -4.3300e-01 -3.4259e+00
% function evaluation | noise-free fitness - Fopt (1.895800000000e+02) | best noise-free fitness - Fopt | measured fitness | best measured fitness | x1 | x2...
1 +5.273836194e+03 +5.273836194e+03 +5.463416194e+03 +5.463416194e+03 +4.7857e-01 -3.6098e+00 +2.4708e-01 +3.0768e+00 +2.0319e-02 +4.5715e+00 -2.8606e+00 -3.8577e+00 +4.6455e+00 +4.2726e+00 +3.9830e+00 +4.2153e+00 +1.3779e+00 -2.6690e+00 -3.7527e+00 +1.2467e+00 -3.7365e+00 +3.9598e+00 -4.5922e+00 -4.8883e+00
2 +2.647535188e+03 +2.647535188e+03 +2.837115188e+03 +2.837115188e+03 +4.6387e+00 -3.5458e-02 -4.3835e+00 -4.3851e+00 -2.5180e+00 +4.5264e+00 -2.7944e+00 +3.7778e+00 -4.2980e+00 +2.6604e+00 -3.8818e+00 -4.4580e+00 -4.0571e+00 -3.2637e+00 +4.2840e-01 -1.2205e+00 +1.9600e+00 -4.8542e+00 -3.1722e+00 -3.1618e+00
6 +1.118402265e+03 +1.118402265e+03 +1.307982265e+03 +1.307982265e+03 +1.5362e+00 +2.2248e+00 -3.6806e+00 +1.5864e+00 +1.8319e+00 +3.0153e+00 +2.7254e+00 -4.3956e+00 -2.5208e+00 +2.0334e+00 -2.3860e+00 +1.8255e+00 +3.2732e-01 -1.8823e+00 -4.9389e-01 +4.7845e+00 -2.2358e-01 +2.9824e+00 +1.9935e+00 +9.0320e-01
25 +8.391181051e+02 +8.391181051e+02 +1.028698105e+03 +1.028698105e+03 +1.1580e+00 -8.3488e-01 -3.4270e+00 -1.1053e+00 +2.3655e+00 +4.3358e+00 +6.3088e-01 -1.1335e+00 -1.9867e+00 -1.8452e+00 +1.9574e+00 +5.3684e-01 -4.4280e+00 +3.5582e+00 +2.0522e+00 +2.2432e+00 -4.5526e+00 +7.8634e-01 +6.9552e-01 -3.4869e-01
90 +5.624307697e+02 +5.624307697e+02 +7.520107697e+02 +7.520107697e+02 -2.1309e+00 +2.3648e+00 +1.4199e+00 -4.0641e+00 -1.3797e+00 +1.2962e+00 +1.0192e+00 -2.9468e+00 -1.4535e+00 -1.0338e+00 -5.9397e-01 -1.4496e+00 +8.8359e-01 +4.6159e+00 +1.0400e+00 -2.3484e+00 +1.2402e+00 +3.1366e+00 +1.3486e+00 +4.9600e+00
806 +3.813924830e+02 +3.813924830e+02 +5.709724830e+02 +5.709724830e+02 -2.7863e+00 +2.7592e+00 -1.2905e+00 -1.1857e+00 -1.0009e+00 +3.6489e+00 +9.6769e-01 -2.4976e+00 -1.4611e+00 +1.9111e-01 +3.3575e+00 -3.5589e-01 -8.8701e-01 +2.4090e+00 -3.0055e+00 -1.3693e+00 -2.0250e+00 +3.4346e+00 +5.9010e-01 -8.9735e-01
1506 +2.296486554e+02 +2.296486554e+02 +4.192286554e+02 +4.192286554e+02 -2.2985e+00 +3.5292e+00 -2.8515e+00 -1.4896e+00 +7.7000e-01 +3.1339e+00 -5.6554e-01 -3.9919e+00 -1.2494e+00 -1.6301e+00 +1.2663e+00 -1.1541e+00 +1.2470e+00 +4.4027e+00 -3.6506e+00 -2.7204e+00 -3.5102e+00 +1.2169e+00 +5.0852e-01 +1.8176e-01
7226 +1.523504710e+02 +1.523504710e+02 +3.419304710e+02 +3.419304710e+02 -7.3447e-01 +2.8080e+00 -1.9317e+00 -3.2808e+00 -6.0411e-01 +3.2570e+00 -1.3026e+00 -2.4514e+00 -2.2227e+00 -2.4712e+00 +1.8686e+00 +2.3961e-01 +8.2406e-01 +3.6706e+00 -1.3574e+00 -4.1379e+00 -3.4905e+00 +2.6435e+00 -1.5117e-02 +3.1508e+00
23124 +9.625956076e+01 +9.625956076e+01 +2.858395608e+02 +2.858395608e+02 -1.1031e+00 +3.3237e+00 -2.6072e+00 -1.6787e+00 -1.0180e-01 +2.7467e+00 -2.5549e+00 -2.8128e+00 -3.2326e+00 -3.3161e+00 +1.7215e+00 -6.7007e-02 +1.5266e+00 +4.1755e+00 -2.8067e+00 -3.7498e+00 -2.9366e+00 +1.1628e+00 -2.5072e-01 +2.0892e+00
30101 +5.972285197e+01 +5.972285197e+01 +2.493028520e+02 +2.493028520e+02 -1.5923e+00 +3.2952e+00 -2.4955e+00 -1.1988e+00 -2.0377e-01 +3.0611e+00 -9.7552e-01 -1.7643e+00 -1.9510e+00 -2.5935e+00 +2.0266e+00 -1.0390e+00 +9.7943e-01 +4.6470e+00 -3.0868e+00 -3.4576e+00 -3.5773e+00 +1.4401e+00 -1.0877e-01 +2.9181e+00
67801 +3.963214046e+01 +3.963214046e+01 +2.292121405e+02 +2.292121405e+02 -1.7640e+00 +3.9341e+00 -2.6504e+00 -2.2029e+00 -9.6631e-01 +3.2901e+00 -1.0871e+00 -3.2255e+00 -2.8676e+00 -2.8139e+00 +2.0622e+00 -6.0994e-01 +1.1717e+00 +4.0024e+00 -2.0126e+00 -2.9181e+00 -3.3228e+00 +1.1728e+00 +1.1422e-01 +2.7673e+00
111901 +2.463609838e+01 +2.463609838e+01 +2.142160984e+02 +2.142160984e+02 -6.8255e-01 +4.1236e+00 -2.4099e+00 -1.8781e+00 -1.5597e+00 +3.1107e+00 -2.1320e+00 -2.6218e+00 -2.4633e+00 -2.8268e+00 +2.5129e+00 -6.6431e-01 +2.1160e+00 +4.1992e+00 -2.3805e+00 -3.5070e+00 -2.9457e+00 +4.8981e-01 +1.4478e-01 +2.7789e+00
217401 +1.575756611e+01 +1.575756611e+01 +2.053375661e+02 +2.053375661e+02 -6.5647e-01 +4.0979e+00 -2.4252e+00 -1.8718e+00 -1.5732e+00 +3.1051e+00 -2.1420e+00 -2.5978e+00 -2.4487e+00 -2.8268e+00 +2.5111e+00 -6.3152e-01 +2.1160e+00 +4.2050e+00 -2.4191e+00 -3.5816e+00 -2.9299e+00 +4.8494e-01 +1.1981e-01 +2.8336e+00
% function evaluation | noise-free fitness - Fopt (-1.167600000000e+02) | best noise-free fitness - Fopt | measured fitness | best measured fitness | x1 | x2...
1 +1.943957596e+03 +1.943957596e+03 +1.827197596e+03 +1.827197596e+03 +2.6074e+00 +9.7882e-02 +4.1262e+00 -3.5621e+00 +2.4089e+00 +4.4972e+00 +3.0432e+00 -4.7748e-01 +4.0458e+00 -2.0997e+00 +1.1840e+00 +1.4021e+00 +4.1933e+00 -1.5918e+00 +4.8203e+00 -3.1979e+00 -4.0017e+00 +7.2556e-01 +2.3640e-01 +1.4424e+00
3 +1.314110634e+03 +1.314110634e+03 +1.197350634e+03 +1.197350634e+03 -2.6376e+00 +2.4563e+00 +1.2281e+00 -4.8066e+00 -1.3966e+00 -3.5156e-01 -4.3077e-01 +4.0284e+00 +3.7049e-01 -2.9423e+00 -3.5705e+00 +3.3119e+00 +3.1407e+00 +3.6776e-01 -1.1904e+00 +4.9287e+00 -2.3576e+00 +4.0550e+00 -2.6569e+00 -2.0444e+00
9 +6.552505323e+02 +6.552505323e+02 +5.384905323e+02 +5.384905323e+02 -1.1628e+00 +1.0722e+00 +2.3948e+00 +1.6576e+00 +9.5723e-01 -8.9808e-01 -1.4883e+00 -4.3354e-01 +6.1684e-01 +2.9724e+00 -3.0277e-01 +1.9408e-01 +2.8712e-01 -3.1966e+00 +1.3516e+00 -1.0042e+00 -1.3411e+00 -3.1024e+00 +1.7022e+00 +1.2040e+00
60 +5.386670266e+02 +5.386670266e+02 +4.219070266e+02 +4.219070266e+02 -2.9319e+00 +2.4055e+00 +1.5405e+00 -2.3904e+00 +1.1612e+00 +7.6891e-01 -1.7077e+00 -6.4350e-01 +1.9345e+00 -6.8487e-01 -1.7198e+00 -2.8445e+00 +4.1364e+00 -5.1246e-01 -2.4189e+00 -1.5138e+00 +3.4571e-01 -1.9026e+00 -9.8561e-01 +3.1079e+00
704 +3.687377944e+02 +3.687377944e+02 +2.519777944e+02 +2.519777944e+02 -4.5340e-01 +9.2988e-01 +2.7656e+00 -1.6576e+00 -2.1481e+00 +1.9483e+00 -4.9955e+00 -1.4364e+00 -2.0328e+00 +3.4852e-01 -2.0803e+00 -3.7498e-01 +3.6765e+00 -3.5786e+00 -1.4067e+00 -1.8348e+00 +5.2070e+00 -5.0057e+00 -2.9928e+00 +5.2375e+00
2002 +2.398710231e+02 +2.398710231e+02 +1.231110231e+02 +1.231110231e+02 +3.5172e-02 -1.8410e+00 +9.4386e-01 -9.2220e-01 +1.3650e+00 +9.5009e-01 -3.7292e+00 -6.0615e-01 -2.5471e+00 +3.0099e+00 +1.1781e-01 +2.5987e+00 +2.0037e+00 -6.8099e-01 -1.4538e+00 -2.8103e+00 +4.0546e+00 -3.1299e+00 -1.7252e+00 +2.5004e+00
4908 +1.529212484e+02 +1.529212484e+02 +3.616124839e+01 +3.616124839e+01 +1.0013e+00 -9.4416e-01 +2.2308e-01 -1.4428e-01 +7.9568e-01 +1.3928e+00 -2.8245e+00 -3.7892e-01 -1.5189e+00 +2.8131e+00 -3.4447e+00 +3.8236e-01 +2.8105e+00 -9.0555e-01 -2.2257e+00 -2.8864e+00 +5.8761e+00 -4.1895e+00 -1.1458e+00 +3.1747e+00
15501 +9.789864229e+01 +9.789864229e+01 -1.886135771e+01 -1.886135771e+01 -8.4514e-02 -2.8899e-01 +8.9386e-01 -8.5310e-01 +1.2620e+00 +1.3012e+00 -3.2672e+00 -7.4501e-01 -2.3505e+00 +3.6723e+00 -2.0038e+00 +1.4627e+00 +4.6387e+00 -1.0400e+00 -2.7593e+00 -1.6280e+00 +3.1123e+00 -3.3941e+00 -1.3656e+00 +2.6800e+00
29501 +6.178719869e+01 +6.178719869e+01 -5.497280131e+01 -5.497280131e+01 -3.0100e-01 -8.7243e-01 +5.1303e-01 -1.4082e+00 +1.4879e+00 +9.4832e-01 -2.9267e+00 -3.5569e-01 -3.0931e+00 +3.9108e+00 -2.6216e+00 +1.5705e+00 +3.0815e+00 -1.1750e+00 -2.6013e+00 -2.2538e+00 +3.0450e+00 -3.5981e+00 -1.2517e+00 +2.1930e+00
51601 +3.954315972e+01 +3.954315972e+01 -7.721684028e+01 -7.721684028e+01 +3.8291e-01 -6.3306e-01 +9.4747e-01 -6.8252e-01 +8.1103e-01 +5.3634e-01 -2.3467e+00 -9.2127e-02 -2.4155e+00 +3.7960e+00 -2.7097e+00 +2.3447e+00 +3.1992e+00 -5.8147e-01 -2.6396e+00 -2.5753e+00 +2.9029e+00 -3.4655e+00 -7.2880e-01 +2.9921e+00
79601 +2.453093106e+01 +2.453093106e+01 -9.222906894e+01 -9.222906894e+01 +3.7658e-01 -6.3306e-01 +8.2532e-01 -6.8252e-01 +8.1103e-01 +5.3634e-01 -2.2920e+00 -9.2127e-02 -2.4155e+00 +3.8480e+00 -2.7097e+00 +2.3083e+00 +3.1992e+00 -6.9476e-01 -2.6957e+00 -2.5753e+00 +2.9210e+00 -3.4136e+00 -7.2880e-01 +2.9085e+00
130501 +1.541299668e+01 +1.541299668e+01 -1.013470033e+02 -1.013470033e+02 +5.3860e-02 +3.4700e-01 +7.4089e-01 -1.1304e+00 +1.1779e+00 +1.2142e+00 -2.4243e+00 +7.9635e-03 -2.4965e+00 +3.8253e+00 -2.0830e+00 +1.8085e+00 +3.3145e+00 -1.7116e+00 -2.5490e+00 -2.5973e+00 +4.0519e+00 -3.3124e+00 -1.3857e+00 +2.8331e+00
210901 +9.908485361e+00 +9.908485361e+00 -1.068515146e+02 -1.068515146e+02 +5.3860e-02 +3.5510e-01 +7.4089e-01 -1.1553e+00 +1.1779e+00 +1.1789e+00 -2.4243e+00 +7.9635e-03 -2.5191e+00 +3.8253e+00 -2.1171e+00 +1.7643e+00 +3.3109e+00 -1.6524e+00 -2.5304e+00 -2.6535e+00 +4.0531e+00 -3.2938e+00 -1.3857e+00 +2.8527e+00
% function evaluation | noise-free fitness - Fopt (1.130200000000e+02) | best noise-free fitness - Fopt | measured fitness | best measured fitness | x1 | x2...
1 +3.308936852e+03 +3.308936852e+03 +3.421956852e+03 +3.421956852e+03 -3.2837e-01 +1.5722e+00 +2.6116e+00 -2.7914e+00 -4.5329e+00 -5.5740e-01 +7.0299e-01 +5.9293e-01 -2.9755e+00 +4.8748e+00 -2.4433e+00 -2.2404e+00 -5.3025e-01 -4.6817e+00 +4.7348e+00 +3.9676e+00 +1.6529e+00 -1.5699e+00 +2.5208e+00 +2.3355e+00
2 +8.931395850e+02 +8.931395850e+02 +1.006159585e+03 +1.006159585e+03 +3.7041e+00 +2.5989e+00 +2.1020e-01 +1.7065e+00 +1.7392e+00 -4.1073e+00 -3.8853e-01 -8.3672e-01 +3.6692e+00 +3.2616e+00 -4.6112e-01 +9.5235e-01 -3.7806e+00 -2.8699e+00 -3.1023e+00 +2.1974e-01 -2.7544e+00 +1.9810e+00 -4.7613e+00 +1.6381e+00
201 +5.881452141e+02 +5.881452141e+02 +7.011652141e+02 +7.011652141e+02 +7.1412e-01 +3.6525e-01 -2.5121e+00 +4.5958e+00 +4.0516e+00 +5.6650e-01 +5.5381e+00 -2.2272e+00 -4.7308e+00 -9.6832e-01 +2.7502e+00 +2.7165e+00 -8.4989e-01 -2.8903e+00 +5.6765e-02 -3.2503e+00 -3.5584e+00 +2.5300e+00 +4.8828e-01 +2.8964e+00
915 +3.704213192e+02 +3.704213192e+02 +4.834413192e+02 +4.834413192e+02 +7.1412e-01 +8.6166e-01 -2.1212e+00 +2.1235e+00 +4.0516e+00 -8.7444e-01 +5.2027e+00 -1.5062e+00 -2.6752e+00 +2.4774e+00 +3.5723e+00 +2.7165e+00 -8.4989e-01 -2.6854e+00 +5.6765e-02 -6.5511e-02 -3.5584e+00 +3.1294e+00 +4.8828e-01 -2.0363e+00
2107 +2.252589640e+02 +2.252589640e+02 +3.382789640e+02 +3.382789640e+02 +1.9877e-01 -1.8331e+00 -1.7096e+00 +2.1762e-01 +6.0656e+00 -2.4847e+00 +2.8606e+00 -7.8165e-01 -4.7714e+00 +1.4752e+00 +2.0977e+00 +3.1770e+00 -1.7599e+00 -2.5717e+00 -3.0814e+00 +1.2366e+00 -5.3454e+00 +1.5182e+00 +4.1895e+00 +2.0754e-02
6712 +1.575190647e+02 +1.575190647e+02 +2.705390647e+02 +2.705390647e+02 +5.7649e-01 -8.7559e-01 -8.1625e-01 +1.4827e+00 +4.4534e+00 -3.1223e+00 +3.0394e+00 -1.7349e-01 -1.6630e+00 +4.9384e-01 +3.0355e+00 +3.0352e+00 -1.0544e+00 -8.5106e-01 -2.6361e+00 +1.7841e+00 -3.6848e+00 +1.9670e+00 +1.0965e+00 -1.6458e+00
23306 +9.501450792e+01 +9.501450792e+01 +2.080345079e+02 +2.080345079e+02 +5.7649e-01 -9.6983e-01 -8.3864e-01 +1.6364e+00 +4.5095e+00 -2.9834e+00 +3.0486e+00 -2.4668e-01 -1.6977e+00 +5.8346e-01 +3.2660e+00 +3.0834e+00 -1.0543e+00 -9.2996e-01 -2.7266e+00 +1.7251e+00 -3.7307e+00 +1.9870e+00 +1.2213e+00 -1.5508e+00
27303 +6.020932964e+01 +6.020932964e+01 +1.732293296e+02 +1.732293296e+02 +6.5740e-01 -1.0107e+00 -1.1185e+00 +1.2168e+00 +4.0974e+00 -2.6499e+00 +3.0462e+00 -1.4580e-01 -2.4787e+00 +6.7959e-02 +3.2638e+00 +3.8206e+00 -1.0086e+00 -1.0325e+00 -3.8051e+00 +1.8183e+00 -3.0762e+00 +1.8673e+00 +8.9062e-01 -2.8687e-02
42401 +3.369330621e+01 +3.369330621e+01 +1.467133062e+02 +1.467133062e+02 -2.1783e-01 -1.5626e+00 -1.0227e+00 +1.8640e+00 +3.6305e+00 -3.3450e+00 +3.3036e+00 +1.9014e-02 -2.3034e+00 +5.0564e-01 +3.4974e+00 +3.7215e+00 -8.6520e-01 -1.2210e+00 -3.1371e+00 +1.7353e+00 -3.2401e+00 +1.9844e+00 +1.2424e+00 -1.3130e+00
79701 +2.424270680e+01 +2.424270680e+01 +1.372627068e+02 +1.372627068e+02 -2.1783e-01 -1.5029e+00 -1.0592e+00 +1.8640e+00 +3.6305e+00 -3.2740e+00 +3.3148e+00 +2.9647e-02 -2.3085e+00 +5.0564e-01 +3.5044e+00 +3.7215e+00 -8.5982e-01 -1.2210e+00 -3.1396e+00 +1.9359e+00 -3.2198e+00 +1.9844e+00 +1.2452e+00 -1.3130e+00
165001 +1.575350534e+01 +1.575350534e+01 +1.287735053e+02 +1.287735053e+02 +4.2470e-01 -7.7579e-01 -1.2884e+00 +1.5616e+00 +3.6400e+00 -2.8098e+00 +3.1447e+00 -7.6330e-01 -2.5075e+00 -6.2799e-01 +3.0868e+00 +3.8613e+00 -2.0078e-01 -1.5457e+00 -3.7515e+00 +1.3621e+00 -3.0497e+00 +2.2544e+00 +1.8498e+00 -5.9614e-01
% function evaluation | noise-free fitness - Fopt (2.978000000000e+02) | best noise-free fitness - Fopt | measured fitness | best measured fitness | x1 | x2...
1 +7.759317587e+03 +7.759317587e+03 +8.057117587e+03 +8.057117587e+03 -2.1070e+00 +4.0777e+00 +1.8436e+00 -3.8684e+00 -1.9763e+00 +4.3192e+00 +3.3307e+00 +4.4433e+00 -2.3367e+00 +3.6246e+00 -4.6264e+00 -4.8633e+00 +1.7237e-01 +2.2605e+00 -3.9036e+00 -2.8016e+00 -3.5178e+00 +4.9903e+00 -7.5413e-01 +1.3904e+00
2 +3.433185024e+03 +3.433185024e+03 +3.730985024e+03 +3.730985024e+03 +2.0554e+00 -1.8469e+00 +1.4920e+00 +4.8238e+00 -4.1219e+00 +9.9890e-01 +3.5593e+00 +1.7734e+00 -1.9724e+00 +3.4679e+00 -1.1523e+00 +2.8067e+00 +3.5895e+00 +8.8417e-01 +4.3056e+00 -2.4721e+00 -3.2283e+00 +4.6569e+00 +1.5527e+00 -4.9863e+00
9 +1.100192510e+03 +1.100192510e+03 +1.397992510e+03 +1.397992510e+03 -1.5617e+00 +3.9594e+00 +1.8619e+00 -2.6486e+00 -2.3209e+00 +2.9539e+00 +3.1875e+00 -1.1928e+00 +1.3703e+00 -3.0302e+00 -3.3460e+00 +1.5473e+00 +3.8072e+00 -1.6224e+00 +3.3970e+00 +3.7431e+00 +8.2386e-01 -1.6477e+00 +3.7017e+00 +8.4567e-01
109 +9.993588143e+02 +9.993588143e+02 +1.297158814e+03 +1.297158814e+03 -2.5412e+00 -2.2224e+00 -4.8787e+00 -4.7512e-01 +4.8400e-01 -1.0631e+00 -1.3198e+00 -1.1323e+00 -1.2398e-01 -5.8909e-01 -1.8619e+00 -5.9951e-01 -1.4722e+00 -1.9878e+00 +4.7773e+00 +3.5348e+00 -1.2605e+00 -3.2982e+00 -3.5267e-01 +2.6809e+00
502 +6.270622130e+02 +6.270622130e+02 +9.248622130e+02 +9.248622130e+02 +1.1882e+00 +1.7668e+00 +2.2100e+00 -2.4093e+00 -2.3367e+00 -6.3293e+00 -6.8445e-01 -1.4651e+00 +2.4999e+00 -3.3186e+00 +9.9567e-01 +2.0831e+00 +2.1041e+00 +1.6645e+00 -8.9083e-01 -4.1751e-01 +9.0953e-02 -4.7093e+00 +1.9095e+00 +5.1741e+00
703 +3.668446542e+02 +3.668446542e+02 +6.646446542e+02 +6.646446542e+02 -5.7070e-03 +5.4184e-01 -3.7117e+00 -5.0737e-01 -9.0549e-01 -8.7305e-01 -2.1131e+00 +1.2827e+00 +3.3137e+00 -6.1796e-01 -1.9177e+00 +3.2871e+00 +4.5596e+00 -2.6627e-01 +3.6675e+00 +1.9460e+00 -2.5642e+00 -1.7083e+00 +4.6315e+00 +5.8991e+00
1433 +1.824484268e+02 +1.824484268e+02 +4.802484268e+02 +4.802484268e+02 +1.4094e+00 +2.2393e+00 -4.3067e+00 -2.2209e+00 -6.3066e-01 -3.6089e+00 -3.9851e+00 +1.7024e-02 +3.8709e+00 -1.3272e+00 -3.0051e-01 +2.9649e+00 +3.1164e+00 +1.7737e+00 +2.0597e+00 +1.6031e+00 -3.3932e+00 -6.0675e+00 +1.8258e+00 +4.5826e+00
4936 +1.236043909e+02 +1.236043909e+02 +4.214043909e+02 +4.214043909e+02 +9.4647e-01 +1.5328e+00 -3.9530e+00 -2.6125e+00 -4.7860e-01 -3.9666e+00 -3.3578e+00 -1.8651e+00 +3.0684e+00 -2.7088e+00 -1.6433e+00 +3.8953e+00 +3.4695e+00 +3.1616e+00 +8.0361e-01 +1.1993e+00 -2.5736e+00 -3.3568e+00 +3.3115e+00 +3.6882e+00
16208 +8.046244130e+01 +8.046244130e+01 +3.782624413e+02 +3.782624413e+02 -3.5317e-01 +2.2271e+00 -3.7265e+00 -2.5508e+00 +1.1983e-02 -3.1533e+00 -1.5046e+00 -2.0259e+00 +3.4695e+00 -3.4888e+00 -2.1176e-01 +2.5113e+00 +2.8010e+00 +3.8536e+00 +2.6554e+00 +1.3474e+00 -2.8542e+00 -3.2183e+00 +3.7348e+00 +4.5053e+00
36901 +6.194866760e+01 +6.194866760e+01 +3.597486676e+02 +3.597486676e+02 +3.6960e-01 +1.6218e+00 -4.0216e+00 -3.5850e+00 -1.6131e+00 -4.1600e+00 -3.3330e+00 -9.6470e-01 +3.1334e+00 -3.3062e+00 -2.2542e+00 +2.8119e+00 +3.7463e+00 +3.9847e+00 +1.1577e+00 +1.5395e+00 -2.6668e+00 -3.5040e+00 +3.1918e+00 +4.2622e+00
55901 +3.972591357e+01 +3.972591357e+01 +3.375259136e+02 +3.375259136e+02 +3.6960e-01 +1.6218e+00 -4.0216e+00 -3.6401e+00 -1.6131e+00 -4.3413e+00 -3.3007e+00 -9.6470e-01 +3.0635e+00 -3.3135e+00 -2.2542e+00 +2.8119e+00 +3.7711e+00 +3.9847e+00 +1.1577e+00 +1.5574e+00 -2.6995e+00 -3.4684e+00 +3.1918e+00 +4.1985e+00
82101 +2.496815146e+01 +2.496815146e+01 +3.227681515e+02 +3.227681515e+02 +1.0816e+00 +2.5921e+00 -3.8555e+00 -2.9216e+00 -2.0505e-01 -3.6871e+00 -2.4710e+00 -1.5031e+00 +3.6636e+00 -3.1850e+00 -4.2952e-01 +2.6515e+00 +3.7864e+00 +2.7124e+00 +1.3186e+00 +5.3900e-01 -2.5816e+00 -3.6770e+00 +3.2146e+00 +3.6153e+00
156001 +1.569810516e+01 +1.569810516e+01 +3.134981052e+02 +3.134981052e+02 +4.1108e-01 +1.4752e+00 -4.1637e+00 -3.7522e+00 -6.1217e-01 -3.9905e+00 -3.5938e+00 -1.4704e+00 +3.1132e+00 -4.6600e+00 -1.1695e+00 +3.0620e+00 +3.9393e+00 +3.1196e+00 +1.0647e+00 +2.0395e-01 -2.5455e+00 -2.9465e+00 +2.4141e+00 +3.6426e+00
990201 +9.999794197e+00 +9.999794197e+00 +3.077997942e+02 +3.077997942e+02 +2.9625e-01 +1.5700e+00 -4.0265e+00 -2.9054e+00 -1.0145e+00 -4.3400e+00 -3.2866e+00 -9.8466e-01 +2.6345e+00 -3.9609e+00 -1.4745e+00 +2.7466e+00 +3.6736e+00 +4.0568e+00 +1.5305e+00 +1.3001e+00 -2.8508e+00 -3.4084e+00 +3.1576e+00 +3.5149e+00
