% function evaluation | noise-free fitness - Fopt (1.026100000000e+02) | best noise-free fitness - Fopt | measured fitness | best measured fitness | x1 | x2...
1 +3.796715265e+01 +3.796715265e+01 +1.405771526e+02 +1.405771526e+02 +1.3279e+00 +1.0257e+00
3 +2.340484086e+01 +2.340484086e+01 +1.260148409e+02 +1.260148409e+02 -1.0136e+00 +4.9422e-01
13 +1.487424403e+01 +1.487424403e+01 +1.174842440e+02 +1.174842440e+02 +4.5878e+00 -1.2669e+00
41 +7.186741067e+00 +7.186741067e+00 +1.097967411e+02 +1.097967411e+02 +1.3279e+00 -1.0938e+00
65 +5.573889163e+00 +5.573889163e+00 +1.081838892e+02 +1.081838892e+02 +2.5995e+00 -2.7113e+00
113 +2.732311547e+00 +2.732311547e+00 +1.053423115e+02 +1.053423115e+02 +3.8955e+00 -2.7113e+00
1013 +2.450173365e+00 +2.450173365e+00 +1.050601734e+02 +1.050601734e+02 +2.8531e+00 -2.7965e+00
1844 +1.044619554e+00 +1.044619554e+00 +1.036546196e+02 +1.036546196e+02 -1.2306e+00 +1.2630e+00
1949 +5.836907380e-01 +5.836907380e-01 +1.031936907e+02 +1.031936907e+02 -1.0250e+00 +1.5376e+00
2553 +3.752098202e-01 +3.752098202e-01 +1.029852098e+02 +1.029852098e+02 -1.3844e+00 +1.2945e+00
2593 +1.465106292e-01 +1.465106292e-01 +1.027565106e+02 +1.027565106e+02 -1.3929e+00 +1.2897e+00
2646 +7.633361326e-02 +7.633361326e-02 +1.026863336e+02 +1.026863336e+02 -1.3203e+00 +1.2709e+00
2672 +6.219023902e-02 +6.219023902e-02 +1.026721902e+02 +1.026721902e+02 -1.2453e+00 +1.2532e+00
2723 +2.659495793e-02 +2.659495793e-02 +1.026365950e+02 +1.026365950e+02 -1.2459e+00 +1.2525e+00
2727 +2.466838747e-02 +2.466838747e-02 +1.026346684e+02 +1.026346684e+02 -1.1768e+00 +1.2313e+00
2781 +6.736627171e-03 +6.736627171e-03 +1.026167366e+02 +1.026167366e+02 -1.2513e+00 +1.2497e+00
2931 +4.511893302e-03 +4.511893302e-03 +1.026145119e+02 +1.026145119e+02 -1.2510e+00 +1.2498e+00
3078 +1.490314837e-03 +1.490314837e-03 +1.026114903e+02 +1.026114903e+02 -1.2488e+00 +1.2506e+00
3081 +1.451863257e-04 +1.451863257e-04 +1.026101452e+02 +1.026101452e+02 -1.2504e+00 +1.2498e+00
3106 +5.614093470e-05 +5.614093470e-05 +1.026100561e+02 +1.026100561e+02 -1.2499e+00 +1.2500e+00
3133 +3.596628450e-05 +3.596628450e-05 +1.026100360e+02 +1.026100360e+02 -1.2502e+00 +1.2499e+00
3151 +1.331445404e-06 +1.331445404e-06 +1.026100013e+02 +1.026100013e+02 -1.2500e+00 +1.2500e+00
3243 +2.364530047e-07 +2.364530047e-07 +1.026100002e+02 +1.026100002e+02 -1.2500e+00 +1.2500e+00
3376 +1.180214326e-08 +1.180214326e-08 +1.026100000e+02 +1.026100000e+02 -1.2500e+00 +1.2500e+00
3443 +3.431679829e-09 +3.431679829e-09 +1.026100000e+02 +1.026100000e+02 -1.2500e+00 +1.2500e+00
% function evaluation | noise-free fitness - Fopt (9.330000000000e+01) | best noise-free fitness - Fopt | measured fitness | best measured fitness | x1 | x2...
1 +4.822276912e+01 +4.822276912e+01 +1.415227691e+02 +1.415227691e+02 -3.3948e+00 -3.6514e+00
3 +2.813351327e+01 +2.813351327e+01 +1.214335133e+02 +1.214335133e+02 +1.3370e+00 +1.7155e-01
9 +1.033224700e+01 +1.033224700e+01 +1.036322470e+02 +1.036322470e+02 -1.8837e+00 +1.0462e+00
31 +9.390483576e+00 +9.390483576e+00 +1.026904836e+02 +1.026904836e+02 -1.4096e-01 +1.0462e+00
102 +4.019611693e+00 +4.019611693e+00 +9.731961169e+01 +9.731961169e+01 -3.2665e+00 +2.9707e+00
211 +3.873048512e+00 +3.873048512e+00 +9.717304851e+01 +9.717304851e+01 -4.5775e+00 +2.9707e+00
382 +2.415827507e+00 +2.415827507e+00 +9.571582751e+01 +9.571582751e+01 -2.2947e+00 +3.1665e+00
19921 +9.861963547e-01 +9.861963547e-01 +9.428619635e+01 +9.428619635e+01 +1.1861e+00 -8.8611e-01
20471 +2.285880946e-01 +2.285880946e-01 +9.352858809e+01 +9.352858809e+01 +1.3797e+00 -1.1425e+00
20557 +1.460213791e-01 +1.460213791e-01 +9.344602138e+01 +9.344602138e+01 +1.1597e+00 -1.1408e+00
21266 +8.415244934e-02 +8.415244934e-02 +9.338415245e+01 +9.338415245e+01 +1.1595e+00 -1.1379e+00
37412 +5.658295626e-02 +5.658295626e-02 +9.335658296e+01 +9.335658296e+01 +1.2488e+00 -1.2492e+00
37490 +3.151487861e-02 +3.151487861e-02 +9.333151488e+01 +9.333151488e+01 +1.2507e+00 -1.2502e+00
37515 +5.222719723e-05 +5.222719723e-05 +9.330005223e+01 +9.330005223e+01 +1.2500e+00 -1.2501e+00
37641 +8.669676930e-06 +8.669676930e-06 +9.330000867e+01 +9.330000867e+01 +1.2500e+00 -1.2501e+00
37654 +5.803741558e-06 +5.803741558e-06 +9.330000580e+01 +9.330000580e+01 +1.2500e+00 -1.2499e+00
37703 +2.910617084e-06 +2.910617084e-06 +9.330000291e+01 +9.330000291e+01 +1.2500e+00 -1.2499e+00
37733 +1.101571371e-06 +1.101571371e-06 +9.330000110e+01 +9.330000110e+01 +1.2500e+00 -1.2500e+00
37752 +4.312956605e-07 +4.312956605e-07 +9.330000043e+01 +9.330000043e+01 +1.2500e+00 -1.2500e+00
37782 +2.456243067e-07 +2.456243067e-07 +9.330000025e+01 +9.330000025e+01 +1.2500e+00 -1.2500e+00
37803 +1.209802889e-07 +1.209802889e-07 +9.330000012e+01 +9.330000012e+01 +1.2500e+00 -1.2500e+00
37814 +6.379590900e-08 +6.379590900e-08 +9.330000006e+01 +9.330000006e+01 +1.2500e+00 -1.2500e+00
37818 +2.095164575e-08 +2.095164575e-08 +9.330000002e+01 +9.330000002e+01 +1.2500e+00 -1.2500e+00
37841 +9.385814792e-09 +9.385814792e-09 +9.330000001e+01 +9.330000001e+01 +1.2500e+00 -1.2500e+00
% function evaluation | noise-free fitness - Fopt (1.364000000000e+01) | best noise-free fitness - Fopt | measured fitness | best measured fitness | x1 | x2...
1 +4.522950598e+01 +4.522950598e+01 +5.886950598e+01 +5.886950598e+01 +2.8214e+00 +2.0709e+00
3 +1.879954136e+01 +1.879954136e+01 +3.243954136e+01 +3.243954136e+01 -3.2401e+00 -5.7496e-01
7 +6.199117233e+00 +6.199117233e+00 +1.983911723e+01 +1.983911723e+01 +1.4433e+00 +5.0368e-01
65 +1.485692972e+00 +1.485692972e+00 +1.512569297e+01 +1.512569297e+01 +8.9423e-01 +1.5951e+00
93 +6.250378303e-01 +6.250378303e-01 +1.426503783e+01 +1.426503783e+01 +1.2440e+00 +1.2398e+00
938 +1.571070462e-01 +1.571070462e-01 +1.379710705e+01 +1.379710705e+01 +1.1621e+00 +1.3440e+00
1203 +5.169270220e-02 +5.169270220e-02 +1.369169270e+01 +1.369169270e+01 +1.2484e+00 +1.2435e+00
1238 +1.532423985e-02 +1.532423985e-02 +1.365532424e+01 +1.365532424e+01 +1.2489e+00 +1.2462e+00
1451 +2.543648862e-03 +2.543648862e-03 +1.364254365e+01 +1.364254365e+01 +1.2494e+00 +1.2484e+00
1577 +2.341944837e-03 +2.341944837e-03 +1.364234194e+01 +1.364234194e+01 +1.2495e+00 +1.2489e+00
1605 +7.318411072e-04 +7.318411072e-04 +1.364073184e+01 +1.364073184e+01 +1.2497e+00 +1.2491e+00
1621 +3.454293819e-04 +3.454293819e-04 +1.364034543e+01 +1.364034543e+01 +1.2498e+00 +1.2496e+00
1652 +1.263589837e-04 +1.263589837e-04 +1.364012636e+01 +1.364012636e+01 +1.2499e+00 +1.2496e+00
1795 +9.938770286e-05 +9.938770286e-05 +1.364009939e+01 +1.364009939e+01 +1.2499e+00 +1.2497e+00
1797 +1.174318170e-05 +1.174318170e-05 +1.364001174e+01 +1.364001174e+01 +1.2500e+00 +1.2500e+00
1812 +9.739465792e-06 +9.739465792e-06 +1.364000974e+01 +1.364000974e+01 +1.2500e+00 +1.2499e+00
1854 +4.837986648e-06 +4.837986648e-06 +1.364000484e+01 +1.364000484e+01 +1.2500e+00 +1.2500e+00
1866 +2.913782360e-06 +2.913782360e-06 +1.364000291e+01 +1.364000291e+01 +1.2500e+00 +1.2500e+00
1889 +1.058926991e-08 +1.058926991e-08 +1.364000001e+01 +1.364000001e+01 +1.2500e+00 +1.2500e+00
2001 +7.808536040e-09 +7.808536040e-09 +1.364000001e+01 +1.364000001e+01 +1.2500e+00 +1.2500e+00
% function evaluation | noise-free fitness - Fopt (1.948000000000e+02) | best noise-free fitness - Fopt | measured fitness | best measured fitness | x1 | x2...
1 +5.667024793e+01 +5.667024793e+01 +2.514702479e+02 +2.514702479e+02 +3.0784e+00 +4.3399e+00
3 +3.846473869e+01 +3.846473869e+01 +2.332647387e+02 +2.332647387e+02 -3.3906e+00 -4.7134e+00
5 +2.262106942e+01 +2.262106942e+01 +2.174210694e+02 +2.174210694e+02 -6.8562e-01 +7.0855e-01
17 +1.203172167e+01 +1.203172167e+01 +2.068317217e+02 +2.068317217e+02 -2.0146e+00 +1.8364e+00
66 +7.495571148e+00 +7.495571148e+00 +2.022955711e+02 +2.022955711e+02 +1.5134e+00 -6.3468e-01
189 +4.226763498e+00 +4.226763498e+00 +1.990267635e+02 +1.990267635e+02 +4.2933e+00 -3.0109e+00
368 +3.431939561e+00 +3.431939561e+00 +1.982319396e+02 +1.982319396e+02 +3.9424e+00 -2.9581e+00
1427 +2.446569777e+00 +2.446569777e+00 +1.972465698e+02 +1.972465698e+02 +2.5531e+00 -3.1232e+00
6225 +6.178294271e-01 +6.178294271e-01 +1.954178294e+02 +1.954178294e+02 -9.7450e-01 +9.8889e-01
7453 +3.464437372e-01 +3.464437372e-01 +1.951464437e+02 +1.951464437e+02 -1.2717e+00 +1.0141e+00
7709 +2.089440413e-01 +2.089440413e-01 +1.950089440e+02 +1.950089440e+02 -1.2640e+00 +1.2430e+00
7714 +5.132783798e-02 +5.132783798e-02 +1.948513278e+02 +1.948513278e+02 -1.2482e+00 +1.2500e+00
7981 +1.005169004e-02 +1.005169004e-02 +1.948100517e+02 +1.948100517e+02 -1.2481e+00 +1.2505e+00
7993 +8.837110392e-03 +8.837110392e-03 +1.948088371e+02 +1.948088371e+02 -1.2482e+00 +1.2505e+00
8006 +3.787631179e-03 +3.787631179e-03 +1.948037876e+02 +1.948037876e+02 -1.2481e+00 +1.2509e+00
8101 +2.454764467e-03 +2.454764467e-03 +1.948024548e+02 +1.948024548e+02 -1.2484e+00 +1.2507e+00
8125 +1.321479166e-03 +1.321479166e-03 +1.948013215e+02 +1.948013215e+02 -1.2489e+00 +1.2506e+00
8133 +9.849846137e-04 +9.849846137e-04 +1.948009850e+02 +1.948009850e+02 -1.2494e+00 +1.2504e+00
8157 +1.777075947e-04 +1.777075947e-04 +1.948001777e+02 +1.948001777e+02 -1.2500e+00 +1.2500e+00
8161 +4.992609456e-05 +4.992609456e-05 +1.948000499e+02 +1.948000499e+02 -1.2502e+00 +1.2499e+00
8183 +2.557640437e-05 +2.557640437e-05 +1.948000256e+02 +1.948000256e+02 -1.2501e+00 +1.2499e+00
8190 +4.817599432e-06 +4.817599432e-06 +1.948000048e+02 +1.948000048e+02 -1.2500e+00 +1.2500e+00
8221 +3.479410424e-06 +3.479410424e-06 +1.948000035e+02 +1.948000035e+02 -1.2500e+00 +1.2500e+00
8263 +6.385232609e-07 +6.385232609e-07 +1.948000006e+02 +1.948000006e+02 -1.2500e+00 +1.2500e+00
8316 +4.797232691e-07 +4.797232691e-07 +1.948000005e+02 +1.948000005e+02 -1.2500e+00 +1.2500e+00
8325 +2.385015989e-07 +2.385015989e-07 +1.948000002e+02 +1.948000002e+02 -1.2500e+00 +1.2500e+00
8342 +1.387464863e-07 +1.387464863e-07 +1.948000001e+02 +1.948000001e+02 -1.2500e+00 +1.2500e+00
8394 +5.289419391e-08 +5.289419391e-08 +1.948000001e+02 +1.948000001e+02 -1.2500e+00 +1.2500e+00
8401 +4.476476079e-09 +4.476476079e-09 +1.948000000e+02 +1.948000000e+02 -1.2500e+00 +1.2500e+00
% function evaluation | noise-free fitness - Fopt (-1.335900000000e+02) | best noise-free fitness - Fopt | measured fitness | best measured fitness | x1 | x2...
1 +6.608944188e+01 +6.608944188e+01 -6.750055812e+01 -6.750055812e+01 +4.1439e+00 -2.9330e+00
2 +2.390537563e+01 +2.390537563e+01 -1.096846244e+02 -1.096846244e+02 -1.8789e+00 +9.1685e-01
29 +4.547134101e+00 +4.547134101e+00 -1.290428659e+02 -1.290428659e+02 +7.3860e-01 -9.3831e-01
198 +2.846748534e+00 +2.846748534e+00 -1.307432515e+02 -1.307432515e+02 +1.1621e+00 -1.9801e+00
691 +4.105433228e-01 +4.105433228e-01 -1.331794567e+02 -1.331794567e+02 +1.0764e+00 -9.8128e-01
13369 +1.924002269e-01 +1.924002269e-01 -1.333975998e+02 -1.333975998e+02 +1.1671e+00 -1.1110e+00
13738 +1.245883588e-01 +1.245883588e-01 -1.334654116e+02 -1.334654116e+02 +1.1667e+00 -1.1124e+00
26839 +9.089771866e-02 +9.089771866e-02 -1.334991023e+02 -1.334991023e+02 +1.2420e+00 -1.2568e+00
26972 +6.244831724e-02 +6.244831724e-02 -1.335275517e+02 -1.335275517e+02 +1.2435e+00 -1.2559e+00
27019 +2.616100422e-02 +2.616100422e-02 -1.335638390e+02 -1.335638390e+02 +1.2467e+00 -1.2524e+00
27020 +1.827381864e-02 +1.827381864e-02 -1.335717262e+02 -1.335717262e+02 +1.2465e+00 -1.2532e+00
27021 +1.237337305e-02 +1.237337305e-02 -1.335776266e+02 -1.335776266e+02 +1.2470e+00 -1.2525e+00
27034 +9.587548921e-03 +9.587548921e-03 -1.335804125e+02 -1.335804125e+02 +1.2477e+00 -1.2522e+00
27042 +6.140239418e-04 +6.140239418e-04 -1.335893860e+02 -1.335893860e+02 +1.2498e+00 -1.2503e+00
27083 +7.384744373e-05 +7.384744373e-05 -1.335899262e+02 -1.335899262e+02 +1.2500e+00 -1.2500e+00
27111 +4.793625712e-05 +4.793625712e-05 -1.335899521e+02 -1.335899521e+02 +1.2498e+00 -1.2502e+00
27233 +2.046476322e-05 +2.046476322e-05 -1.335899795e+02 -1.335899795e+02 +1.2499e+00 -1.2501e+00
27244 +1.368875940e-05 +1.368875940e-05 -1.335899863e+02 -1.335899863e+02 +1.2499e+00 -1.2501e+00
27272 +2.146874863e-06 +2.146874863e-06 -1.335899979e+02 -1.335899979e+02 +1.2500e+00 -1.2500e+00
27283 +3.211425792e-09 +3.211425792e-09 -1.335900000e+02 -1.335900000e+02 +1.2500e+00 -1.2500e+00
% function evaluation | noise-free fitness - Fopt (-4.089000000000e+01) | best noise-free fitness - Fopt | measured fitness | best measured fitness | x1 | x2...
1 +4.897486292e+01 +4.897486292e+01 +8.084862917e+00 +8.084862917e+00 -3.6415e+00 -1.0243e+00
4 +3.681543385e+01 +3.681543385e+01 -4.074566146e+00 -4.074566146e+00 -1.4560e+00 -3.1476e-01
9 +1.149592775e+01 +1.149592775e+01 -2.939407225e+01 -2.939407225e+01 +1.2875e+00 -3.9325e+00
72 +6.711271708e+00 +6.711271708e+00 -3.417872829e+01 -3.417872829e+01 +2.9383e+00 -4.7610e+00
93 +4.349791449e+00 +4.349791449e+00 -3.654020855e+01 -3.654020855e+01 +1.5777e+00 -3.9325e+00
145 +3.921653329e+00 +3.921653329e+00 -3.696834667e+01 -3.696834667e+01 +1.4415e+00 -3.7189e+00
390 +2.462554190e+00 +2.462554190e+00 -3.842744581e+01 -3.842744581e+01 +2.4357e+00 -2.5173e+00
2553 +1.364405265e+00 +1.364405265e+00 -3.952559474e+01 -3.952559474e+01 -9.5510e-01 +1.1340e+00
2622 +7.552279999e-01 +7.552279999e-01 -4.013477200e+01 -4.013477200e+01 -1.2607e+00 +1.2209e+00
2783 +5.023510476e-01 +5.023510476e-01 -4.038764895e+01 -4.038764895e+01 -1.4083e+00 +1.1340e+00
2918 +3.550072334e-01 +3.550072334e-01 -4.053499277e+01 -4.053499277e+01 -1.0847e+00 +1.3813e+00
2944 +2.057495465e-01 +2.057495465e-01 -4.068425045e+01 -4.068425045e+01 -1.0943e+00 +1.2173e+00
3182 +1.487014613e-01 +1.487014613e-01 -4.074129854e+01 -4.074129854e+01 -1.0949e+00 +1.2148e+00
26209 +5.110290729e-02 +5.110290729e-02 -4.083889709e+01 -4.083889709e+01 -1.2505e+00 +1.2466e+00
26681 +5.308654946e-03 +5.308654946e-03 -4.088469135e+01 -4.088469135e+01 -1.2505e+00 +1.2481e+00
26817 +1.649225301e-03 +1.649225301e-03 -4.088835077e+01 -4.088835077e+01 -1.2503e+00 +1.2497e+00
26887 +3.030391143e-04 +3.030391143e-04 -4.088969696e+01 -4.088969696e+01 -1.2500e+00 +1.2498e+00
26962 +1.070772365e-04 +1.070772365e-04 -4.088989292e+01 -4.088989292e+01 -1.2500e+00 +1.2498e+00
27016 +5.845200797e-05 +5.845200797e-05 -4.088994155e+01 -4.088994155e+01 -1.2499e+00 +1.2501e+00
27061 +2.567790536e-05 +2.567790536e-05 -4.088997432e+01 -4.088997432e+01 -1.2500e+00 +1.2501e+00
27071 +1.181911351e-05 +1.181911351e-05 -4.088998818e+01 -4.088998818e+01 -1.2500e+00 +1.2501e+00
27086 +3.673523942e-06 +3.673523942e-06 -4.088999633e+01 -4.088999633e+01 -1.2500e+00 +1.2501e+00
27167 +1.305051498e-07 +1.305051498e-07 -4.088999987e+01 -4.088999987e+01 -1.2500e+00 +1.2500e+00
27225 +9.389034261e-08 +9.389034261e-08 -4.088999991e+01 -4.088999991e+01 -1.2500e+00 +1.2500e+00
27278 +2.744566530e-08 +2.744566530e-08 -4.088999997e+01 -4.088999997e+01 -1.2500e+00 +1.2500e+00
27283 +1.270763761e-08 +1.270763761e-08 -4.088999999e+01 -4.088999999e+01 -1.2500e+00 +1.2500e+00
27320 +7.575103211e-09 +7.575103211e-09 -4.088999999e+01 -4.088999999e+01 -1.2500e+00 +1.2500e+00
% function evaluation | noise-free fitness - Fopt (-2.512400000000e+02) | best noise-free fitness - Fopt | measured fitness | best measured fitness | x1 | x2...
1 +4.576666651e+01 +4.576666651e+01 -2.054733335e+02 -2.054733335e+02 +2.1263e+00 -1.9154e+00
2 +2.149507199e+01 +2.149507199e+01 -2.297449280e+02 -2.297449280e+02 +1.2914e-01 -4.1936e+00
18 +7.870166868e+00 +7.870166868e+00 -2.433698331e+02 -2.433698331e+02 +2.3353e+00 +5.3847e-01
70 +5.546589916e+00 +5.546589916e+00 -2.456934101e+02 -2.456934101e+02 +2.2458e+00 +1.5823e+00
121 +3.772156796e+00 +3.772156796e+00 -2.474678432e+02 -2.474678432e+02 +1.8445e+00 +8.6442e-01
291 +1.815342402e+00 +1.815342402e+00 -2.494246576e+02 -2.494246576e+02 +1.1627e+00 +1.5547e+00
408 +1.072280790e+00 +1.072280790e+00 -2.501677192e+02 -2.501677192e+02 +1.5365e+00 +1.3564e+00
904 +5.812698578e-01 +5.812698578e-01 -2.506587301e+02 -2.506587301e+02 +1.1665e+00 +1.5704e+00
46627 +3.886951115e-01 +3.886951115e-01 -2.508513049e+02 -2.508513049e+02 +1.0791e+00 +1.0168e+00
46854 +1.977666650e-01 +1.977666650e-01 -2.510422333e+02 -2.510422333e+02 +1.3586e+00 +1.1059e+00
47603 +1.344108315e-01 +1.344108315e-01 -2.511055892e+02 -2.511055892e+02 +1.3595e+00 +1.1062e+00
52705 +1.482992884e-02 +1.482992884e-02 -2.512251701e+02 -2.512251701e+02 +1.2507e+00 +1.2525e+00
53175 +3.810376694e-03 +3.810376694e-03 -2.512361896e+02 -2.512361896e+02 +1.2507e+00 +1.2512e+00
53311 +2.272196223e-03 +2.272196223e-03 -2.512377278e+02 -2.512377278e+02 +1.2507e+00 +1.2514e+00
53351 +1.255452731e-03 +1.255452731e-03 -2.512387445e+02 -2.512387445e+02 +1.2505e+00 +1.2511e+00
53372 +9.135370574e-04 +9.135370574e-04 -2.512390865e+02 -2.512390865e+02 +1.2503e+00 +1.2504e+00
53391 +3.415869068e-04 +3.415869068e-04 -2.512396584e+02 -2.512396584e+02 +1.2503e+00 +1.2506e+00
53441 +4.516292739e-05 +4.516292739e-05 -2.512399548e+02 -2.512399548e+02 +1.2501e+00 +1.2502e+00
53471 +3.877784383e-05 +3.877784383e-05 -2.512399612e+02 -2.512399612e+02 +1.2501e+00 +1.2502e+00
53519 +1.161642984e-05 +1.161642984e-05 -2.512399884e+02 -2.512399884e+02 +1.2500e+00 +1.2499e+00
53539 +5.902315905e-06 +5.902315905e-06 -2.512399941e+02 -2.512399941e+02 +1.2500e+00 +1.2500e+00
53548 +9.708086566e-07 +9.708086566e-07 -2.512399990e+02 -2.512399990e+02 +1.2500e+00 +1.2500e+00
53582 +4.227956367e-07 +4.227956367e-07 -2.512399996e+02 -2.512399996e+02 +1.2500e+00 +1.2500e+00
53625 +2.149415934e-07 +2.149415934e-07 -2.512399998e+02 -2.512399998e+02 +1.2500e+00 +1.2500e+00
53628 +1.258792963e-07 +1.258792963e-07 -2.512399999e+02 -2.512399999e+02 +1.2500e+00 +1.2500e+00
53643 +8.505423921e-09 +8.505423921e-09 -2.512400000e+02 -2.512400000e+02 +1.2500e+00 +1.2500e+00
% function evaluation | noise-free fitness - Fopt (-3.288000000000e+01) | best noise-free fitness - Fopt | measured fitness | best measured fitness | x1 | x2...
1 +4.447532575e+01 +4.447532575e+01 +1.159532575e+01 +1.159532575e+01 +4.8242e+00 +2.7853e+00
2 +2.254773288e+01 +2.254773288e+01 -1.033226712e+01 -1.033226712e+01 +3.8630e+00 -2.8276e+00
3 +1.342432213e+01 +1.342432213e+01 -1.945567787e+01 -1.945567787e+01 +1.0668e-01 +7.9096e-01
12 +6.967246682e+00 +6.967246682e+00 -2.591275332e+01 -2.591275332e+01 -1.0237e+00 +5.5899e-01
71 +5.816225858e+00 +5.816225858e+00 -2.706377414e+01 -2.706377414e+01 +3.4157e+00 -2.3712e+00
101 +3.421964787e+00 +3.421964787e+00 -2.945803521e+01 -2.945803521e+01 +2.3658e+00 -2.0927e+00
376 +2.289660736e+00 +2.289660736e+00 -3.059033926e+01 -3.059033926e+01 +2.9244e+00 -2.9879e+00
9195 +8.992271324e-01 +8.992271324e-01 -3.198077287e+01 -3.198077287e+01 -1.2750e+00 +1.1042e+00
9201 +5.248741471e-01 +5.248741471e-01 -3.235512585e+01 -3.235512585e+01 -1.2750e+00 +1.1981e+00
9286 +1.160155170e-01 +1.160155170e-01 -3.276398448e+01 -3.276398448e+01 -1.2443e+00 +1.2430e+00
9893 +6.731872654e-02 +6.731872654e-02 -3.281268127e+01 -3.281268127e+01 -1.2475e+00 +1.2479e+00
10010 +4.619573532e-02 +4.619573532e-02 -3.283380426e+01 -3.283380426e+01 -1.2492e+00 +1.2501e+00
10019 +3.909692638e-02 +3.909692638e-02 -3.284090307e+01 -3.284090307e+01 -1.2508e+00 +1.2524e+00
10044 +1.599582498e-02 +1.599582498e-02 -3.286400418e+01 -3.286400418e+01 -1.2510e+00 +1.2521e+00
10051 +4.890908162e-03 +4.890908162e-03 -3.287510909e+01 -3.287510909e+01 -1.2510e+00 +1.2518e+00
10055 +3.366355180e-03 +3.366355180e-03 -3.287663364e+01 -3.287663364e+01 -1.2511e+00 +1.2515e+00
10078 +1.320900633e-03 +1.320900633e-03 -3.287867910e+01 -3.287867910e+01 -1.2506e+00 +1.2509e+00
10109 +2.104690444e-05 +2.104690444e-05 -3.287997895e+01 -3.287997895e+01 -1.2501e+00 +1.2501e+00
10192 +9.815950627e-06 +9.815950627e-06 -3.287999018e+01 -3.287999018e+01 -1.2500e+00 +1.2500e+00
10230 +9.896875639e-07 +9.896875639e-07 -3.287999901e+01 -3.287999901e+01 -1.2500e+00 +1.2500e+00
10253 +5.726459236e-07 +5.726459236e-07 -3.287999943e+01 -3.287999943e+01 -1.2500e+00 +1.2500e+00
10270 +3.029642528e-07 +3.029642528e-07 -3.287999970e+01 -3.287999970e+01 -1.2500e+00 +1.2500e+00
10292 +2.149450253e-07 +2.149450253e-07 -3.287999979e+01 -3.287999979e+01 -1.2500e+00 +1.2500e+00
10300 +2.789320064e-08 +2.789320064e-08 -3.287999997e+01 -3.287999997e+01 -1.2500e+00 +1.2500e+00
10334 +6.361865701e-09 +6.361865701e-09 -3.287999999e+01 -3.287999999e+01 -1.2500e+00 +1.2500e+00
% function evaluation | noise-free fitness - Fopt (-8.570000000000e+00) | best noise-free fitness - Fopt | measured fitness | best measured fitness | x1 | x2...
1 +3.291459760e+01 +3.291459760e+01 +2.434459760e+01 +2.434459760e+01 +2.1191e-01 +2.9869e+00
6 +1.297397587e+01 +1.297397587e+01 +4.403975868e+00 +4.403975868e+00 +3.2665e+00 -6.7484e-01
61 +4.717069706e+00 +4.717069706e+00 -3.852930294e+00 -3.852930294e+00 +1.8205e+00 +4.0088e+00
157 +3.705430098e+00 +3.705430098e+00 -4.864569902e+00 -4.864569902e+00 +1.8766e+00 +2.6562e+00
323 +2.255371388e+00 +2.255371388e+00 -6.314628612e+00 -6.314628612e+00 +3.2749e+00 +3.0356e+00
2881 +9.296875194e-01 +9.296875194e-01 -7.640312481e+00 -7.640312481e+00 -1.3757e+00 -1.3413e+00
3302 +6.143484309e-01 +6.143484309e-01 -7.955651569e+00 -7.955651569e+00 -1.1192e+00 -1.3413e+00
3553 +3.496120236e-01 +3.496120236e-01 -8.220387976e+00 -8.220387976e+00 -1.1134e+00 -1.3413e+00
3586 +1.513326978e-01 +1.513326978e-01 -8.418667302e+00 -8.418667302e+00 -1.1046e+00 -1.1581e+00
29741 +1.597647792e-03 +1.597647792e-03 -8.568402352e+00 -8.568402352e+00 -1.2492e+00 -1.2502e+00
29923 +7.491341177e-04 +7.491341177e-04 -8.569250866e+00 -8.569250866e+00 -1.2499e+00 -1.2501e+00
29961 +4.833097707e-04 +4.833097707e-04 -8.569516690e+00 -8.569516690e+00 -1.2497e+00 -1.2501e+00
29980 +1.114767710e-04 +1.114767710e-04 -8.569888523e+00 -8.569888523e+00 -1.2502e+00 -1.2500e+00
30025 +4.552011136e-05 +4.552011136e-05 -8.569954480e+00 -8.569954480e+00 -1.2502e+00 -1.2500e+00
30061 +2.693272186e-05 +2.693272186e-05 -8.569973067e+00 -8.569973067e+00 -1.2502e+00 -1.2500e+00
30152 +1.091463385e-05 +1.091463385e-05 -8.569989085e+00 -8.569989085e+00 -1.2499e+00 -1.2500e+00
30163 +6.199713789e-06 +6.199713789e-06 -8.569993800e+00 -8.569993800e+00 -1.2500e+00 -1.2500e+00
30201 +3.088589793e-06 +3.088589793e-06 -8.569996911e+00 -8.569996911e+00 -1.2500e+00 -1.2500e+00
30222 +1.069038412e-06 +1.069038412e-06 -8.569998931e+00 -8.569998931e+00 -1.2500e+00 -1.2500e+00
30273 +1.472327895e-07 +1.472327895e-07 -8.569999853e+00 -8.569999853e+00 -1.2500e+00 -1.2500e+00
30303 +4.104134277e-08 +4.104134277e-08 -8.569999959e+00 -8.569999959e+00 -1.2500e+00 -1.2500e+00
30351 +2.020333945e-08 +2.020333945e-08 -8.569999980e+00 -8.569999980e+00 -1.2500e+00 -1.2500e+00
30368 +1.516650627e-08 +1.516650627e-08 -8.569999985e+00 -8.569999985e+00 -1.2500e+00 -1.2500e+00
30385 +8.779970528e-09 +8.779970528e-09 -8.569999991e+00 -8.569999991e+00 -1.2500e+00 -1.2500e+00
% function evaluation | noise-free fitness - Fopt (-1.402500000000e+02) | best noise-free fitness - Fopt | measured fitness | best measured fitness | x1 | x2...
1 +2.714716995e+01 +2.714716995e+01 -1.131028301e+02 -1.131028301e+02 -2.6639e+00 -1.7604e+00
5 +7.456014068e+00 +7.456014068e+00 -1.327939859e+02 -1.327939859e+02 -2.4555e+00 -4.0410e+00
6 +5.600992899e+00 +5.600992899e+00 -1.346490071e+02 -1.346490071e+02 +2.1358e+00 +1.3577e+00
34 +1.506358294e+00 +1.506358294e+00 -1.387436417e+02 -1.387436417e+02 +1.5135e+00 +1.6377e+00
600 +8.594997568e-01 +8.594997568e-01 -1.393905002e+02 -1.393905002e+02 +1.5101e+00 +1.4863e+00
612 +5.596746310e-01 +5.596746310e-01 -1.396903254e+02 -1.396903254e+02 +1.5056e+00 +1.4863e+00
719 +2.198913722e-01 +2.198913722e-01 -1.400301086e+02 -1.400301086e+02 +1.2230e+00 +1.3391e+00
733 +1.340113190e-01 +1.340113190e-01 -1.401159887e+02 -1.401159887e+02 +1.2212e+00 +1.4170e+00
5907 +4.820041455e-02 +4.820041455e-02 -1.402017996e+02 -1.402017996e+02 +1.2340e+00 +1.3348e+00
6181 +3.575701188e-02 +3.575701188e-02 -1.402142430e+02 -1.402142430e+02 +1.2399e+00 +1.3318e+00
6207 +8.519383724e-03 +8.519383724e-03 -1.402414806e+02 -1.402414806e+02 +1.2472e+00 +1.2514e+00
6242 +6.175235773e-03 +6.175235773e-03 -1.402438248e+02 -1.402438248e+02 +1.2506e+00 +1.2494e+00
6268 +6.688581188e-04 +6.688581188e-04 -1.402493311e+02 -1.402493311e+02 +1.2493e+00 +1.2504e+00
6302 +1.548898127e-04 +1.548898127e-04 -1.402498451e+02 -1.402498451e+02 +1.2502e+00 +1.2500e+00
6622 +5.547071558e-05 +5.547071558e-05 -1.402499445e+02 -1.402499445e+02 +1.2498e+00 +1.2501e+00
6632 +1.711338257e-05 +1.711338257e-05 -1.402499829e+02 -1.402499829e+02 +1.2499e+00 +1.2501e+00
6685 +6.524873982e-06 +6.524873982e-06 -1.402499935e+02 -1.402499935e+02 +1.2500e+00 +1.2500e+00
6708 +6.102542244e-06 +6.102542244e-06 -1.402499939e+02 -1.402499939e+02 +1.2501e+00 +1.2500e+00
6776 +3.686318536e-06 +3.686318536e-06 -1.402499963e+02 -1.402499963e+02 +1.2500e+00 +1.2500e+00
6777 +2.045622750e-06 +2.045622750e-06 -1.402499980e+02 -1.402499980e+02 +1.2500e+00 +1.2500e+00
6781 +1.536960497e-07 +1.536960497e-07 -1.402499998e+02 -1.402499998e+02 +1.2500e+00 +1.2500e+00
6831 +5.520536206e-08 +5.520536206e-08 -1.402499999e+02 -1.402499999e+02 +1.2500e+00 +1.2500e+00
6851 +2.681383648e-08 +2.681383648e-08 -1.402500000e+02 -1.402500000e+02 +1.2500e+00 +1.2500e+00
6864 +1.400184146e-08 +1.400184146e-08 -1.402500000e+02 -1.402500000e+02 +1.2500e+00 +1.2500e+00
6888 +6.226116511e-09 +6.226116511e-09 -1.402500000e+02 -1.402500000e+02 +1.2500e+00 +1.2500e+00
% function evaluation | noise-free fitness - Fopt (2.817400000000e+02) | best noise-free fitness - Fopt | measured fitness | best measured fitness | x1 | x2...
1 +4.020009629e+01 +4.020009629e+01 +3.219400963e+02 +3.219400963e+02 +4.9756e+00 +4.8912e+00
4 +3.622840465e+01 +3.622840465e+01 +3.179684046e+02 +3.179684046e+02 +4.7806e+00 -3.4203e+00
9 +2.436774417e+01 +2.436774417e+01 +3.061077442e+02 +3.061077442e+02 -1.6485e+00 +2.0649e+00
39 +1.235580211e+01 +1.235580211e+01 +2.940958021e+02 +2.940958021e+02 +2.0314e+00 -4.9028e-01
51 +4.717608688e+00 +4.717608688e+00 +2.864576087e+02 +2.864576087e+02 +2.0314e+00 +1.1166e+00
271 +3.479455111e+00 +3.479455111e+00 +2.852194551e+02 +2.852194551e+02 +2.0314e+00 +1.9098e+00
1191 +2.142744463e+00 +2.142744463e+00 +2.838827445e+02 +2.838827445e+02 +3.0493e+00 +3.0617e+00
21626 +1.489752518e+00 +1.489752518e+00 +2.832297525e+02 +2.832297525e+02 -7.9994e-01 -1.4868e+00
22217 +9.182930162e-01 +9.182930162e-01 +2.826582930e+02 +2.826582930e+02 -1.2586e+00 -1.2323e+00
22308 +1.321224106e-01 +1.321224106e-01 +2.818721224e+02 +2.818721224e+02 -1.2530e+00 -1.2388e+00
22911 +8.254436454e-02 +8.254436454e-02 +2.818225444e+02 +2.818225444e+02 -1.2530e+00 -1.2430e+00
23185 +4.967751044e-02 +4.967751044e-02 +2.817896775e+02 +2.817896775e+02 -1.2484e+00 -1.2528e+00
23267 +3.111561498e-03 +3.111561498e-03 +2.817431116e+02 +2.817431116e+02 -1.2502e+00 -1.2489e+00
23392 +2.243499104e-04 +2.243499104e-04 +2.817402243e+02 +2.817402243e+02 -1.2500e+00 -1.2497e+00
23401 +1.498308666e-05 +1.498308666e-05 +2.817400150e+02 +2.817400150e+02 -1.2500e+00 -1.2499e+00
23547 +5.583403777e-06 +5.583403777e-06 +2.817400056e+02 +2.817400056e+02 -1.2500e+00 -1.2500e+00
23569 +2.542757386e-06 +2.542757386e-06 +2.817400025e+02 +2.817400025e+02 -1.2500e+00 -1.2500e+00
23586 +1.459454552e-06 +1.459454552e-06 +2.817400015e+02 +2.817400015e+02 -1.2500e+00 -1.2500e+00
23612 +8.807843983e-07 +8.807843983e-07 +2.817400009e+02 +2.817400009e+02 -1.2500e+00 -1.2500e+00
23625 +5.944164059e-07 +5.944164059e-07 +2.817400006e+02 +2.817400006e+02 -1.2500e+00 -1.2500e+00
23651 +1.516969519e-07 +1.516969519e-07 +2.817400002e+02 +2.817400002e+02 -1.2500e+00 -1.2500e+00
23682 +6.002233022e-08 +6.002233022e-08 +2.817400001e+02 +2.817400001e+02 -1.2500e+00 -1.2500e+00
23691 +3.918449920e-08 +3.918449920e-08 +2.817400000e+02 +2.817400000e+02 -1.2500e+00 -1.2500e+00
23715 +1.763913815e-08 +1.763913815e-08 +2.817400000e+02 +2.817400000e+02 -1.2500e+00 -1.2500e+00
23785 +6.300410860e-09 +6.300410860e-09 +2.817400000e+02 +2.817400000e+02 -1.2500e+00 -1.2500e+00
23790 +3.379511782e-09 +3.379511782e-09 +2.817400000e+02 +2.817400000e+02 -1.2500e+00 -1.2500e+00
% function evaluation | noise-free fitness - Fopt (7.814000000000e+01) | best noise-free fitness - Fopt | measured fitness | best measured fitness | x1 | x2...
1 +3.480840816e+01 +3.480840816e+01 +1.129484082e+02 +1.129484082e+02 -3.3800e+00 +3.7090e+00
5 +2.098576222e+01 +2.098576222e+01 +9.912576222e+01 +9.912576222e+01 -1.0451e+00 -3.7224e-01
18 +1.542024332e+01 +1.542024332e+01 +9.356024332e+01 +9.356024332e+01 +1.0807e+00 +4.6874e+00
31 +4.238671811e+00 +4.238671811e+00 +8.237867181e+01 +8.237867181e+01 +2.2628e+00 +3.0794e+00
52 +9.431710903e-01 +9.431710903e-01 +7.908317109e+01 +7.908317109e+01 -1.3933e+00 -1.3110e+00
534 +3.533988190e-01 +3.533988190e-01 +7.849339882e+01 +7.849339882e+01 -1.4043e+00 -1.3050e+00
1053 +2.218671866e-01 +2.218671866e-01 +7.836186719e+01 +7.836186719e+01 -1.4122e+00 -1.3042e+00
1111 +1.546937133e-01 +1.546937133e-01 +7.829469371e+01 +7.829469371e+01 -1.4130e+00 -1.3030e+00
6751 +5.256713548e-02 +5.256713548e-02 +7.819256714e+01 +7.819256714e+01 -1.3393e+00 -1.2740e+00
6907 +3.942258020e-02 +3.942258020e-02 +7.817942258e+01 +7.817942258e+01 -1.3370e+00 -1.2746e+00
26602 +1.015168544e-02 +1.015168544e-02 +7.815015169e+01 +7.815015169e+01 -1.2473e+00 -1.2511e+00
26681 +9.124610387e-03 +9.124610387e-03 +7.814912461e+01 +7.814912461e+01 -1.2473e+00 -1.2510e+00
26812 +5.737252687e-03 +5.737252687e-03 +7.814573725e+01 +7.814573725e+01 -1.2475e+00 -1.2508e+00
26856 +2.145275878e-03 +2.145275878e-03 +7.814214528e+01 +7.814214528e+01 -1.2486e+00 -1.2505e+00
26863 +3.130861813e-04 +3.130861813e-04 +7.814031309e+01 +7.814031309e+01 -1.2496e+00 -1.2501e+00
26871 +9.127009517e-05 +9.127009517e-05 +7.814009127e+01 +7.814009127e+01 -1.2497e+00 -1.2501e+00
26902 +5.846605958e-05 +5.846605958e-05 +7.814005847e+01 +7.814005847e+01 -1.2497e+00 -1.2501e+00
26972 +2.492351243e-05 +2.492351243e-05 +7.814002492e+01 +7.814002492e+01 -1.2502e+00 -1.2499e+00
26975 +1.154934276e-05 +1.154934276e-05 +7.814001155e+01 +7.814001155e+01 -1.2500e+00 -1.2500e+00
26983 +8.156759506e-06 +8.156759506e-06 +7.814000816e+01 +7.814000816e+01 -1.2500e+00 -1.2500e+00
26999 +5.381002154e-06 +5.381002154e-06 +7.814000538e+01 +7.814000538e+01 -1.2500e+00 -1.2500e+00
27010 +1.168692009e-06 +1.168692009e-06 +7.814000117e+01 +7.814000117e+01 -1.2500e+00 -1.2500e+00
27039 +8.209270987e-07 +8.209270987e-07 +7.814000082e+01 +7.814000082e+01 -1.2500e+00 -1.2500e+00
27048 +5.322174133e-07 +5.322174133e-07 +7.814000053e+01 +7.814000053e+01 -1.2500e+00 -1.2500e+00
27072 +1.628934001e-07 +1.628934001e-07 +7.814000016e+01 +7.814000016e+01 -1.2500e+00 -1.2500e+00
27086 +6.954836351e-08 +6.954836351e-08 +7.814000007e+01 +7.814000007e+01 -1.2500e+00 -1.2500e+00
27116 +5.835141792e-08 +5.835141792e-08 +7.814000006e+01 +7.814000006e+01 -1.2500e+00 -1.2500e+00
27120 +3.984908403e-09 +3.984908403e-09 +7.814000000e+01 +7.814000000e+01 -1.2500e+00 -1.2500e+00
% function evaluation | noise-free fitness - Fopt (-2.405100000000e+02) | best noise-free fitness - Fopt | measured fitness | best measured fitness | x1 | x2...
1 +4.435592814e+01 +4.435592814e+01 -1.961540719e+02 -1.961540719e+02 -2.2607e+00 +3.0124e+00
2 +3.268166885e+01 +3.268166885e+01 -2.078283311e+02 -2.078283311e+02 +1.0093e+00 -1.3365e+00
4 +1.069522270e+01 +1.069522270e+01 -2.298147773e+02 -2.298147773e+02 +6.0548e-02 +2.2691e+00
25 +9.152659085e+00 +9.152659085e+00 -2.313573409e+02 -2.313573409e+02 -2.2560e+00 -3.4942e-01
70 +1.187281705e+00 +1.187281705e+00 -2.393227183e+02 -2.393227183e+02 -1.6348e+00 -1.0011e+00
410 +5.250242340e-01 +5.250242340e-01 -2.399849758e+02 -2.399849758e+02 -1.2188e+00 -1.4100e+00
531 +1.877747056e-01 +1.877747056e-01 -2.403222253e+02 -2.403222253e+02 -1.2236e+00 -1.4000e+00
1257 +1.090253181e-01 +1.090253181e-01 -2.404009747e+02 -2.404009747e+02 -1.2243e+00 -1.3962e+00
1276 +9.503313406e-02 +9.503313406e-02 -2.404149669e+02 -2.404149669e+02 -1.2483e+00 -1.2509e+00
1279 +4.111163964e-03 +4.111163964e-03 -2.405058888e+02 -2.405058888e+02 -1.2493e+00 -1.2508e+00
1282 +3.422036678e-03 +3.422036678e-03 -2.405065780e+02 -2.405065780e+02 -1.2497e+00 -1.2509e+00
1321 +1.685961412e-03 +1.685961412e-03 -2.405083140e+02 -2.405083140e+02 -1.2494e+00 -1.2509e+00
1391 +6.447945694e-04 +6.447945694e-04 -2.405093552e+02 -2.405093552e+02 -1.2496e+00 -1.2508e+00
1412 +1.759642797e-04 +1.759642797e-04 -2.405098240e+02 -2.405098240e+02 -1.2499e+00 -1.2502e+00
1504 +9.675078618e-05 +9.675078618e-05 -2.405099032e+02 -2.405099032e+02 -1.2499e+00 -1.2503e+00
1508 +2.622104469e-05 +2.622104469e-05 -2.405099738e+02 -2.405099738e+02 -1.2500e+00 -1.2500e+00
1514 +1.522021819e-05 +1.522021819e-05 -2.405099848e+02 -2.405099848e+02 -1.2499e+00 -1.2501e+00
1579 +8.919030392e-06 +8.919030392e-06 -2.405099911e+02 -2.405099911e+02 -1.2500e+00 -1.2500e+00
1633 +2.252628121e-06 +2.252628121e-06 -2.405099977e+02 -2.405099977e+02 -1.2500e+00 -1.2500e+00
1656 +1.045578472e-06 +1.045578472e-06 -2.405099990e+02 -2.405099990e+02 -1.2500e+00 -1.2500e+00
1657 +1.597732933e-07 +1.597732933e-07 -2.405099998e+02 -2.405099998e+02 -1.2500e+00 -1.2500e+00
1742 +5.819603643e-08 +5.819603643e-08 -2.405099999e+02 -2.405099999e+02 -1.2500e+00 -1.2500e+00
1752 +3.810654903e-08 +3.810654903e-08 -2.405100000e+02 -2.405100000e+02 -1.2500e+00 -1.2500e+00
1786 +1.168803010e-08 +1.168803010e-08 -2.405100000e+02 -2.405100000e+02 -1.2500e+00 -1.2500e+00
1870 +1.578115416e-09 +1.578115416e-09 -2.405100000e+02 -2.405100000e+02 -1.2500e+00 -1.2500e+00
% function evaluation | noise-free fitness - Fopt (-1.896000000000e+01) | best noise-free fitness - Fopt | measured fitness | best measured fitness | x1 | x2...
1 +4.102368344e+01 +4.102368344e+01 +2.206368344e+01 +2.206368344e+01 +2.3676e+00 +2.6561e+00
3 +3.788806040e+01 +3.788806040e+01 +1.892806040e+01 +1.892806040e+01 -1.9379e+00 -2.4385e+00
6 +2.355328628e+01 +2.355328628e+01 +4.593286281e+00 +4.593286281e+00 +2.0920e+00 -3.3665e-02
24 +1.091331510e+01 +1.091331510e+01 -8.046684899e+00 -8.046684899e+00 +4.9010e-01 -2.9547e-01
65 +7.774434839e+00 +7.774434839e+00 -1.118556516e+01 -1.118556516e+01 +2.0828e+00 -1.1778e+00
72 +4.937472440e+00 +4.937472440e+00 -1.402252756e+01 -1.402252756e+01 -9.5826e-01 +5.1461e-01
284 +2.771783417e+00 +2.771783417e+00 -1.618821658e+01 -1.618821658e+01 -1.0581e+00 +7.5838e-01
396 +7.508761401e-01 +7.508761401e-01 -1.820912386e+01 -1.820912386e+01 -1.0995e+00 +1.4297e+00
1091 +6.108207973e-01 +6.108207973e-01 -1.834917920e+01 -1.834917920e+01 -1.1526e+00 +1.0046e+00
2600 +2.915163054e-01 +2.915163054e-01 -1.866848369e+01 -1.866848369e+01 -1.4937e+00 +1.3156e+00
2714 +2.326592551e-01 +2.326592551e-01 -1.872734074e+01 -1.872734074e+01 -1.3694e+00 +1.0744e+00
3462 +5.570613992e-02 +5.570613992e-02 -1.890429386e+01 -1.890429386e+01 -1.2577e+00 +1.2493e+00
3613 +1.447565428e-02 +1.447565428e-02 -1.894552435e+01 -1.894552435e+01 -1.2506e+00 +1.2495e+00
3733 +7.547381129e-03 +7.547381129e-03 -1.895245262e+01 -1.895245262e+01 -1.2470e+00 +1.2505e+00
3805 +4.733292103e-03 +4.733292103e-03 -1.895526671e+01 -1.895526671e+01 -1.2493e+00 +1.2499e+00
3834 +2.937002830e-03 +2.937002830e-03 -1.895706300e+01 -1.895706300e+01 -1.2483e+00 +1.2502e+00
3843 +2.095813350e-03 +2.095813350e-03 -1.895790419e+01 -1.895790419e+01 -1.2505e+00 +1.2498e+00
3869 +2.459774844e-04 +2.459774844e-04 -1.895975402e+01 -1.895975402e+01 -1.2494e+00 +1.2501e+00
4031 +1.530084307e-04 +1.530084307e-04 -1.895984699e+01 -1.895984699e+01 -1.2499e+00 +1.2501e+00
4042 +5.841807274e-05 +5.841807274e-05 -1.895994158e+01 -1.895994158e+01 -1.2502e+00 +1.2500e+00
4064 +1.660109253e-05 +1.660109253e-05 -1.895998340e+01 -1.895998340e+01 -1.2499e+00 +1.2500e+00
4079 +1.010565853e-08 +1.010565853e-08 -1.895999999e+01 -1.895999999e+01 -1.2500e+00 +1.2500e+00
4233 +6.254627039e-09 +6.254627039e-09 -1.895999999e+01 -1.895999999e+01 -1.2500e+00 +1.2500e+00
% function evaluation | noise-free fitness - Fopt (7.708000000000e+01) | best noise-free fitness - Fopt | measured fitness | best measured fitness | x1 | x2...
1 +4.717179151e+01 +4.717179151e+01 +1.242517915e+02 +1.242517915e+02 -5.4664e-01 -2.0275e+00
6 +3.452297080e+01 +3.452297080e+01 +1.116029708e+02 +1.116029708e+02 -1.8657e+00 -1.5701e+00
7 +1.144721304e+01 +1.144721304e+01 +8.852721304e+01 +8.852721304e+01 -1.2992e-01 -1.0677e+00
56 +8.859593186e+00 +8.859593186e+00 +8.593959319e+01 +8.593959319e+01 +2.0259e+00 -2.2017e+00
111 +4.406983741e+00 +4.406983741e+00 +8.148698374e+01 +8.148698374e+01 +1.4816e+00 -1.0152e+00
257 +3.612899564e+00 +3.612899564e+00 +8.069289956e+01 +8.069289956e+01 +1.4996e+00 -1.0566e+00
313 +1.043588182e+00 +1.043588182e+00 +7.812358818e+01 +7.812358818e+01 +1.1978e+00 -1.4344e+00
362 +5.793953333e-01 +5.793953333e-01 +7.765939533e+01 +7.765939533e+01 +1.0264e+00 -1.0974e+00
527 +3.718297405e-01 +3.718297405e-01 +7.745182974e+01 +7.745182974e+01 +1.2783e+00 -1.0328e+00
21291 +9.410059721e-02 +9.410059721e-02 +7.717410060e+01 +7.717410060e+01 +1.2293e+00 -1.3503e+00
28235 +6.088656034e-02 +6.088656034e-02 +7.714088656e+01 +7.714088656e+01 +1.2347e+00 -1.3577e+00
28295 +5.124240924e-03 +5.124240924e-03 +7.708512424e+01 +7.708512424e+01 +1.2487e+00 -1.2479e+00
28312 +7.776219384e-04 +7.776219384e-04 +7.708077762e+01 +7.708077762e+01 +1.2504e+00 -1.2506e+00
28499 +4.527795892e-04 +4.527795892e-04 +7.708045278e+01 +7.708045278e+01 +1.2502e+00 -1.2505e+00
28517 +2.437890672e-04 +2.437890672e-04 +7.708024379e+01 +7.708024379e+01 +1.2502e+00 -1.2504e+00
28598 +3.458954495e-06 +3.458954495e-06 +7.708000346e+01 +7.708000346e+01 +1.2500e+00 -1.2499e+00
28704 +1.909855740e-06 +1.909855740e-06 +7.708000191e+01 +7.708000191e+01 +1.2500e+00 -1.2500e+00
28761 +9.258256313e-07 +9.258256313e-07 +7.708000093e+01 +7.708000093e+01 +1.2500e+00 -1.2500e+00
28792 +6.242947848e-08 +6.242947848e-08 +7.708000006e+01 +7.708000006e+01 +1.2500e+00 -1.2500e+00
28806 +3.906349377e-08 +3.906349377e-08 +7.708000004e+01 +7.708000004e+01 +1.2500e+00 -1.2500e+00
28852 +1.083267875e-08 +1.083267875e-08 +7.708000001e+01 +7.708000001e+01 +1.2500e+00 -1.2500e+00
28863 +9.675957813e-09 +9.675957813e-09 +7.708000001e+01 +7.708000001e+01 +1.2500e+00 -1.2500e+00
