% function evaluation | noise-free fitness - Fopt (1.000000000000e+03) | best noise-free fitness - Fopt | measured fitness | best measured fitness | x1 | x2...
1 +9.732301414e+01 +9.732301414e+01 +1.097323014e+03 +1.097323014e+03 -2.9836e+00 -1.1473e+00 +4.2835e+00
19 +2.824060645e+01 +2.824060645e+01 +1.028240606e+03 +1.028240606e+03 -3.8598e+00 +8.5987e-01 +3.5434e+00
24 +1.935887178e+01 +1.935887178e+01 +1.019358872e+03 +1.019358872e+03 -4.3967e+00 +4.5044e+00 +3.4019e+00
244 +1.288379828e+01 +1.288379828e+01 +1.012883798e+03 +1.012883798e+03 -1.9799e+00 +2.7636e+00 +4.9022e+00
477 +6.419688010e+00 +6.419688010e+00 +1.006419688e+03 +1.006419688e+03 -2.3452e+00 +3.5351e+00 +4.2312e+00
581 +1.360344691e+00 +1.360344691e+00 +1.001360345e+03 +1.001360345e+03 -3.3450e+00 +2.9898e+00 +3.0793e+00
1695 +9.096827500e-01 +9.096827500e-01 +1.000909683e+03 +1.000909683e+03 -3.0801e+00 +3.0433e+00 +3.6176e+00
2568 +6.024326457e-01 +6.024326457e-01 +1.000602433e+03 +1.000602433e+03 -3.0696e+00 +3.0250e+00 +3.6107e+00
2585 +2.736104587e-01 +2.736104587e-01 +1.000273610e+03 +1.000273610e+03 -3.0324e+00 +3.0037e+00 +3.6616e+00
2715 +8.591102087e-02 +8.591102087e-02 +1.000085911e+03 +1.000085911e+03 -3.0554e+00 +3.0104e+00 +3.6329e+00
3065 +5.556264483e-02 +5.556264483e-02 +1.000055563e+03 +1.000055563e+03 -3.0518e+00 +3.0003e+00 +3.6369e+00
3422 +3.026453989e-02 +3.026453989e-02 +1.000030265e+03 +1.000030265e+03 -3.0584e+00 +3.0030e+00 +3.6334e+00
3503 +1.557850530e-02 +1.557850530e-02 +1.000015579e+03 +1.000015579e+03 -3.0506e+00 +3.0007e+00 +3.6413e+00
3645 +7.325139386e-03 +7.325139386e-03 +1.000007325e+03 +1.000007325e+03 -3.0533e+00 +3.0038e+00 +3.6415e+00
3652 +2.089088587e-03 +2.089088587e-03 +1.000002089e+03 +1.000002089e+03 -3.0555e+00 +3.0023e+00 +3.6390e+00
3669 +1.494644698e-03 +1.494644698e-03 +1.000001495e+03 +1.000001495e+03 -3.0555e+00 +3.0006e+00 +3.6409e+00
3705 +7.652225680e-04 +7.652225680e-04 +1.000000765e+03 +1.000000765e+03 -3.0558e+00 +3.0015e+00 +3.6393e+00
3769 +4.615722227e-04 +4.615722227e-04 +1.000000462e+03 +1.000000462e+03 -3.0563e+00 +3.0024e+00 +3.6395e+00
3808 +3.762796239e-04 +3.762796239e-04 +1.000000376e+03 +1.000000376e+03 -3.0563e+00 +3.0021e+00 +3.6391e+00
3815 +1.445234745e-04 +1.445234745e-04 +1.000000145e+03 +1.000000145e+03 -3.0565e+00 +3.0017e+00 +3.6396e+00
3820 +6.147713032e-05 +6.147713032e-05 +1.000000061e+03 +1.000000061e+03 -3.0567e+00 +3.0014e+00 +3.6395e+00
3910 +3.267181739e-05 +3.267181739e-05 +1.000000033e+03 +1.000000033e+03 -3.0567e+00 +3.0016e+00 +3.6391e+00
3916 +2.065540662e-05 +2.065540662e-05 +1.000000021e+03 +1.000000021e+03 -3.0568e+00 +3.0017e+00 +3.6391e+00
3949 +1.329803445e-05 +1.329803445e-05 +1.000000013e+03 +1.000000013e+03 -3.0566e+00 +3.0017e+00 +3.6393e+00
3993 +9.981199923e-06 +9.981199923e-06 +1.000000010e+03 +1.000000010e+03 -3.0570e+00 +3.0017e+00 +3.6391e+00
3995 +2.856232186e-06 +2.856232186e-06 +1.000000003e+03 +1.000000003e+03 -3.0569e+00 +3.0016e+00 +3.6392e+00
4055 +9.954771940e-07 +9.954771940e-07 +1.000000001e+03 +1.000000001e+03 -3.0568e+00 +3.0016e+00 +3.6392e+00
4214 +6.763684723e-09 +6.763684723e-09 +1.000000000e+03 +1.000000000e+03 -3.0568e+00 +3.0016e+00 +3.6392e+00
% function evaluation | noise-free fitness - Fopt (7.003000000000e+01) | best noise-free fitness - Fopt | measured fitness | best measured fitness | x1 | x2...
1 +3.286402107e+01 +3.286402107e+01 +1.028940211e+02 +1.028940211e+02 -7.0917e-01 -4.0850e+00 -3.0000e+00
152 +1.875434878e+01 +1.875434878e+01 +8.878434878e+01 +8.878434878e+01 -1.6139e-01 -9.6023e-01 -2.6468e+00
251 +1.212170882e+01 +1.212170882e+01 +8.215170882e+01 +8.215170882e+01 -1.0815e+00 -3.1814e+00 -3.3711e+00
342 +6.589979377e+00 +6.589979377e+00 +7.661997938e+01 +7.661997938e+01 -1.7347e+00 -3.4664e+00 -3.8065e+00
619 +6.256950849e+00 +6.256950849e+00 +7.628695085e+01 +7.628695085e+01 -3.7840e-01 -1.7691e+00 -5.0224e+00
1072 +1.632933366e+00 +1.632933366e+00 +7.166293337e+01 +7.166293337e+01 -1.3102e+00 -3.0188e+00 -3.9125e+00
2160 +1.385422002e+00 +1.385422002e+00 +7.141542200e+01 +7.141542200e+01 -6.4936e-01 -1.9597e+00 -3.4594e+00
2228 +8.625969957e-01 +8.625969957e-01 +7.089259700e+01 +7.089259700e+01 -8.7231e-01 -2.5097e+00 -3.9574e+00
2650 +1.703234992e-02 +1.703234992e-02 +7.004703235e+01 +7.004703235e+01 -8.5517e-01 -2.4979e+00 -3.9838e+00
3586 +9.217703147e-03 +9.217703147e-03 +7.003921770e+01 +7.003921770e+01 -8.4688e-01 -2.4915e+00 -3.9795e+00
3596 +3.026896195e-03 +3.026896195e-03 +7.003302690e+01 +7.003302690e+01 -8.4848e-01 -2.4951e+00 -3.9813e+00
3614 +1.030778371e-03 +1.030778371e-03 +7.003103078e+01 +7.003103078e+01 -8.4955e-01 -2.4942e+00 -3.9822e+00
3758 +9.982252470e-04 +9.982252470e-04 +7.003099823e+01 +7.003099823e+01 -8.5102e-01 -2.4959e+00 -3.9818e+00
3783 +3.930992415e-04 +3.930992415e-04 +7.003039310e+01 +7.003039310e+01 -8.4997e-01 -2.4958e+00 -3.9829e+00
3817 +6.517264799e-05 +6.517264799e-05 +7.003006517e+01 +7.003006517e+01 -8.5016e-01 -2.4958e+00 -3.9821e+00
3825 +2.012441762e-05 +2.012441762e-05 +7.003002012e+01 +7.003002012e+01 -8.5054e-01 -2.4961e+00 -3.9826e+00
4068 +1.513550002e-05 +1.513550002e-05 +7.003001514e+01 +7.003001514e+01 -8.5032e-01 -2.4959e+00 -3.9822e+00
4093 +3.730675104e-06 +3.730675104e-06 +7.003000373e+01 +7.003000373e+01 -8.5037e-01 -2.4960e+00 -3.9823e+00
4150 +1.210409891e-06 +1.210409891e-06 +7.003000121e+01 +7.003000121e+01 -8.5043e-01 -2.4960e+00 -3.9824e+00
4197 +9.537907033e-07 +9.537907033e-07 +7.003000095e+01 +7.003000095e+01 -8.5043e-01 -2.4960e+00 -3.9824e+00
4198 +5.547195059e-07 +5.547195059e-07 +7.003000055e+01 +7.003000055e+01 -8.5038e-01 -2.4960e+00 -3.9824e+00
4252 +1.403548566e-07 +1.403548566e-07 +7.003000014e+01 +7.003000014e+01 -8.5041e-01 -2.4960e+00 -3.9824e+00
4344 +1.905472402e-08 +1.905472402e-08 +7.003000002e+01 +7.003000002e+01 -8.5040e-01 -2.4960e+00 -3.9824e+00
4474 +1.374982617e-08 +1.374982617e-08 +7.003000001e+01 +7.003000001e+01 -8.5040e-01 -2.4960e+00 -3.9824e+00
4515 +7.128178936e-09 +7.128178936e-09 +7.003000001e+01 +7.003000001e+01 -8.5040e-01 -2.4960e+00 -3.9824e+00
% function evaluation | noise-free fitness - Fopt (-4.822000000000e+01) | best noise-free fitness - Fopt | measured fitness | best measured fitness | x1 | x2...
1 +6.339947015e+02 +6.339947015e+02 +5.857747015e+02 +5.857747015e+02 +3.3150e+00 +1.8708e+00 -1.3527e+00
2 +3.847543698e+02 +3.847543698e+02 +3.365343698e+02 +3.365343698e+02 -1.1937e+00 +3.0179e-01 +1.7328e+00
3 +2.022168294e+02 +2.022168294e+02 +1.539968294e+02 +1.539968294e+02 -7.9184e-01 -4.2934e+00 +1.5263e+00
14 +5.502799689e+01 +5.502799689e+01 +6.807996888e+00 +6.807996888e+00 -9.2026e-01 -2.7872e+00 -1.4790e+00
81 +3.314634239e+01 +3.314634239e+01 -1.507365761e+01 -1.507365761e+01 -7.3140e-01 +4.7793e-01 -2.9488e+00
86 +9.478122035e+00 +9.478122035e+00 -3.874187797e+01 -3.874187797e+01 -1.1186e+00 -1.2079e-01 -3.6551e+00
233 +5.738387743e+00 +5.738387743e+00 -4.248161226e+01 -4.248161226e+01 -1.4131e+00 -1.3946e+00 -2.0825e+00
369 +3.090624655e+00 +3.090624655e+00 -4.512937535e+01 -4.512937535e+01 -1.7907e+00 -1.0129e+00 -2.7241e+00
469 +1.282249059e+00 +1.282249059e+00 -4.693775094e+01 -4.693775094e+01 -2.2171e+00 -1.4380e+00 -1.8002e+00
2089 +1.038854475e-01 +1.038854475e-01 -4.811611455e+01 -4.811611455e+01 -1.8534e+00 -9.9744e-01 -2.2213e+00
3235 +3.822455654e-02 +3.822455654e-02 -4.818177544e+01 -4.818177544e+01 -1.8375e+00 -1.0051e+00 -2.2357e+00
3602 +1.973698825e-02 +1.973698825e-02 -4.820026301e+01 -4.820026301e+01 -1.8421e+00 -1.0042e+00 -2.2318e+00
3730 +1.575704590e-02 +1.575704590e-02 -4.820424295e+01 -4.820424295e+01 -1.8472e+00 -1.0076e+00 -2.2283e+00
3759 +8.346557297e-03 +8.346557297e-03 -4.821165344e+01 -4.821165344e+01 -1.8436e+00 -1.0065e+00 -2.2307e+00
3817 +5.227641922e-03 +5.227641922e-03 -4.821477236e+01 -4.821477236e+01 -1.8404e+00 -1.0057e+00 -2.2362e+00
3833 +4.073362609e-04 +4.073362609e-04 -4.821959266e+01 -4.821959266e+01 -1.8433e+00 -1.0073e+00 -2.2342e+00
3884 +1.819386029e-04 +1.819386029e-04 -4.821981806e+01 -4.821981806e+01 -1.8428e+00 -1.0073e+00 -2.2351e+00
4030 +4.258041323e-05 +4.258041323e-05 -4.821995742e+01 -4.821995742e+01 -1.8423e+00 -1.0072e+00 -2.2351e+00
4082 +2.947449855e-05 +2.947449855e-05 -4.821997053e+01 -4.821997053e+01 -1.8425e+00 -1.0070e+00 -2.2350e+00
4120 +1.730185631e-05 +1.730185631e-05 -4.821998270e+01 -4.821998270e+01 -1.8423e+00 -1.0074e+00 -2.2353e+00
4140 +1.271689600e-05 +1.271689600e-05 -4.821998728e+01 -4.821998728e+01 -1.8424e+00 -1.0073e+00 -2.2352e+00
4205 +6.209487843e-06 +6.209487843e-06 -4.821999379e+01 -4.821999379e+01 -1.8424e+00 -1.0071e+00 -2.2352e+00
4271 +2.827996795e-06 +2.827996795e-06 -4.821999717e+01 -4.821999717e+01 -1.8423e+00 -1.0072e+00 -2.2353e+00
4318 +1.360703685e-06 +1.360703685e-06 -4.821999864e+01 -4.821999864e+01 -1.8424e+00 -1.0072e+00 -2.2352e+00
4329 +8.579894981e-07 +8.579894981e-07 -4.821999914e+01 -4.821999914e+01 -1.8424e+00 -1.0072e+00 -2.2352e+00
4347 +7.353032316e-08 +7.353032316e-08 -4.821999993e+01 -4.821999993e+01 -1.8424e+00 -1.0072e+00 -2.2352e+00
4493 +4.438027901e-08 +4.438027901e-08 -4.821999996e+01 -4.821999996e+01 -1.8424e+00 -1.0072e+00 -2.2352e+00
4591 +2.295335122e-08 +2.295335122e-08 -4.821999998e+01 -4.821999998e+01 -1.8424e+00 -1.0072e+00 -2.2352e+00
4671 +4.228809303e-09 +4.228809303e-09 -4.822000000e+01 -4.822000000e+01 -1.8424e+00 -1.0072e+00 -2.2352e+00
% function evaluation | noise-free fitness - Fopt (2.547000000000e+01) | best noise-free fitness - Fopt | measured fitness | best measured fitness | x1 | x2...
1 +1.720359486e+03 +1.720359486e+03 +1.745829486e+03 +1.745829486e+03 +2.2959e+00 +2.6288e+00 -2.0904e+00
2 +1.319781984e+03 +1.319781984e+03 +1.345251984e+03 +1.345251984e+03 -2.7817e+00 +2.5580e+00 +2.4493e+00
5 +2.867963722e+02 +2.867963722e+02 +3.122663722e+02 +3.122663722e+02 +2.5531e+00 -3.1558e+00 +2.4608e+00
8 +1.214177156e+02 +1.214177156e+02 +1.468877156e+02 +1.468877156e+02 -8.7005e-01 -2.4294e+00 +2.9677e+00
9 +4.075828451e+01 +4.075828451e+01 +6.622828451e+01 +6.622828451e+01 -3.0028e+00 -4.7961e+00 -9.5948e-02
14 +1.594655890e+01 +1.594655890e+01 +4.141655890e+01 +4.141655890e+01 -3.0930e+00 -1.9928e+00 -2.8085e+00
34 +4.267116609e+00 +4.267116609e+00 +2.973711661e+01 +2.973711661e+01 -3.8918e+00 -2.3839e+00 -5.6270e-01
307 +1.756107144e+00 +1.756107144e+00 +2.722610714e+01 +2.722610714e+01 -3.9002e+00 -2.3306e+00 -5.7257e-01
1648 +1.521054704e+00 +1.521054704e+00 +2.699105470e+01 +2.699105470e+01 -4.0648e+00 -1.5727e+00 -7.6815e-01
2544 +9.984633016e-01 +9.984633016e-01 +2.646846330e+01 +2.646846330e+01 -3.3944e+00 -2.1781e+00 -5.7742e-01
2831 +5.321415773e-01 +5.321415773e-01 +2.600214158e+01 +2.600214158e+01 -3.7684e+00 -1.9387e+00 -1.1432e+00
2930 +9.604120279e-02 +9.604120279e-02 +2.556604120e+01 +2.556604120e+01 -3.7856e+00 -1.9227e+00 -1.1497e+00
2934 +3.589706432e-02 +3.589706432e-02 +2.550589706e+01 +2.550589706e+01 -3.7790e+00 -1.9176e+00 -1.1577e+00
3042 +1.451293640e-02 +1.451293640e-02 +2.548451294e+01 +2.548451294e+01 -3.7807e+00 -1.9146e+00 -1.1640e+00
3185 +7.238987433e-03 +7.238987433e-03 +2.547723899e+01 +2.547723899e+01 -3.7834e+00 -1.9114e+00 -1.1687e+00
3261 +4.299628645e-03 +4.299628645e-03 +2.547429963e+01 +2.547429963e+01 -3.7845e+00 -1.9099e+00 -1.1666e+00
3264 +2.919336269e-03 +2.919336269e-03 +2.547291934e+01 +2.547291934e+01 -3.7844e+00 -1.9106e+00 -1.1678e+00
3331 +1.443181736e-03 +1.443181736e-03 +2.547144318e+01 +2.547144318e+01 -3.7842e+00 -1.9135e+00 -1.1621e+00
3345 +7.271160545e-04 +7.271160545e-04 +2.547072712e+01 +2.547072712e+01 -3.7846e+00 -1.9118e+00 -1.1631e+00
3413 +4.134615454e-04 +4.134615454e-04 +2.547041346e+01 +2.547041346e+01 -3.7854e+00 -1.9117e+00 -1.1646e+00
3475 +1.674154471e-05 +1.674154471e-05 +2.547001674e+01 +2.547001674e+01 -3.7849e+00 -1.9118e+00 -1.1642e+00
3721 +1.549119929e-05 +1.549119929e-05 +2.547001549e+01 +2.547001549e+01 -3.7848e+00 -1.9120e+00 -1.1642e+00
3763 +3.907053387e-06 +3.907053387e-06 +2.547000391e+01 +2.547000391e+01 -3.7848e+00 -1.9120e+00 -1.1640e+00
3774 +1.537387146e-06 +1.537387146e-06 +2.547000154e+01 +2.547000154e+01 -3.7848e+00 -1.9120e+00 -1.1640e+00
3837 +7.490124077e-07 +7.490124077e-07 +2.547000075e+01 +2.547000075e+01 -3.7848e+00 -1.9120e+00 -1.1640e+00
3870 +1.537091769e-07 +1.537091769e-07 +2.547000015e+01 +2.547000015e+01 -3.7848e+00 -1.9120e+00 -1.1640e+00
4068 +4.780229901e-08 +4.780229901e-08 +2.547000005e+01 +2.547000005e+01 -3.7848e+00 -1.9120e+00 -1.1640e+00
4151 +7.700759141e-09 +7.700759141e-09 +2.547000001e+01 +2.547000001e+01 -3.7848e+00 -1.9120e+00 -1.1640e+00
% function evaluation | noise-free fitness - Fopt (-1.008100000000e+02) | best noise-free fitness - Fopt | measured fitness | best measured fitness | x1 | x2...
1 +6.744559222e+01 +6.744559222e+01 -3.336440778e+01 -3.336440778e+01 +2.2867e-01 -1.4543e-01 -2.0870e+00
4 +5.138066235e+01 +5.138066235e+01 -4.942933765e+01 -4.942933765e+01 +1.9294e+00 -3.8847e-01 +4.8574e-03
41 +3.171129078e+01 +3.171129078e+01 -6.909870922e+01 -6.909870922e+01 +2.0653e+00 -4.5914e-01 +2.7493e+00
140 +2.395119048e+01 +2.395119048e+01 -7.685880952e+01 -7.685880952e+01 +1.6637e+00 -1.9534e-01 -3.7026e-01
162 +7.584694838e+00 +7.584694838e+00 -9.322530516e+01 -9.322530516e+01 +1.5661e+00 -4.1965e-01 +1.0998e+00
275 +5.974589868e+00 +5.974589868e+00 -9.483541013e+01 -9.483541013e+01 +1.0332e+00 +4.1983e-01 +1.2496e+00
314 +3.152039155e+00 +3.152039155e+00 -9.765796084e+01 -9.765796084e+01 +1.3426e+00 +3.3658e-01 +9.4081e-01
943 +1.416110561e+00 +1.416110561e+00 -9.939388944e+01 -9.939388944e+01 +9.2438e-01 +5.1249e-01 +1.3208e+00
1425 +5.335227212e-01 +5.335227212e-01 -1.002764773e+02 -1.002764773e+02 +1.0202e+00 +4.8757e-01 +1.3422e+00
2041 +2.995736821e-01 +2.995736821e-01 -1.005104263e+02 -1.005104263e+02 +9.6072e-01 +5.0435e-01 +1.3308e+00
2491 +1.972979687e-01 +1.972979687e-01 -1.006127020e+02 -1.006127020e+02 +9.9524e-01 +4.9909e-01 +1.3407e+00
2618 +1.392279956e-02 +1.392279956e-02 -1.007960772e+02 -1.007960772e+02 +9.8806e-01 +4.8850e-01 +1.3345e+00
2824 +5.204231135e-03 +5.204231135e-03 -1.008047958e+02 -1.008047958e+02 +9.8797e-01 +4.8944e-01 +1.3320e+00
2958 +1.679190215e-03 +1.679190215e-03 -1.008083208e+02 -1.008083208e+02 +9.9015e-01 +4.8856e-01 +1.3338e+00
3001 +1.142733430e-03 +1.142733430e-03 -1.008088573e+02 -1.008088573e+02 +9.9012e-01 +4.8931e-01 +1.3337e+00
3029 +7.745247900e-04 +7.745247900e-04 -1.008092255e+02 -1.008092255e+02 +9.9120e-01 +4.8774e-01 +1.3330e+00
3038 +2.157217577e-04 +2.157217577e-04 -1.008097843e+02 -1.008097843e+02 +9.9228e-01 +4.8810e-01 +1.3341e+00
3177 +1.038346065e-04 +1.038346065e-04 -1.008098962e+02 -1.008098962e+02 +9.9236e-01 +4.8757e-01 +1.3335e+00
3194 +9.856527835e-05 +9.856527835e-05 -1.008099014e+02 -1.008099014e+02 +9.9222e-01 +4.8812e-01 +1.3336e+00
3329 +9.198243674e-06 +9.198243674e-06 -1.008099908e+02 -1.008099908e+02 +9.9185e-01 +4.8812e-01 +1.3336e+00
3438 +2.250133093e-06 +2.250133093e-06 -1.008099977e+02 -1.008099977e+02 +9.9205e-01 +4.8793e-01 +1.3336e+00
3534 +1.571298924e-06 +1.571298924e-06 -1.008099984e+02 -1.008099984e+02 +9.9198e-01 +4.8802e-01 +1.3336e+00
3610 +3.121162706e-07 +3.121162706e-07 -1.008099997e+02 -1.008099997e+02 +9.9201e-01 +4.8799e-01 +1.3336e+00
3695 +1.115988795e-07 +1.115988795e-07 -1.008099999e+02 -1.008099999e+02 +9.9199e-01 +4.8800e-01 +1.3336e+00
3699 +3.435620499e-08 +3.435620499e-08 -1.008100000e+02 -1.008100000e+02 +9.9200e-01 +4.8801e-01 +1.3336e+00
3812 +2.123772447e-08 +2.123772447e-08 -1.008100000e+02 -1.008100000e+02 +9.9199e-01 +4.8801e-01 +1.3336e+00
3869 +1.293854268e-08 +1.293854268e-08 -1.008100000e+02 -1.008100000e+02 +9.9200e-01 +4.8800e-01 +1.3336e+00
3876 +6.075893566e-09 +6.075893566e-09 -1.008100000e+02 -1.008100000e+02 +9.9200e-01 +4.8800e-01 +1.3336e+00
% function evaluation | noise-free fitness - Fopt (8.333000000000e+01) | best noise-free fitness - Fopt | measured fitness | best measured fitness | x1 | x2...
1 +1.030553093e+02 +1.030553093e+02 +1.863853093e+02 +1.863853093e+02 -3.5373e+00 +5.6431e-01 +1.8098e+00
2 +4.419065999e+01 +4.419065999e+01 +1.275206600e+02 +1.275206600e+02 +2.1514e-01 -3.8862e+00 +3.2751e+00
5 +2.269367218e+01 +2.269367218e+01 +1.060236722e+02 +1.060236722e+02 -7.4384e-03 -2.8539e+00 +3.6178e+00
207 +1.206572831e+01 +1.206572831e+01 +9.539572831e+01 +9.539572831e+01 +1.3084e+00 -2.3561e+00 +3.4926e+00
278 +5.572814589e+00 +5.572814589e+00 +8.890281459e+01 +8.890281459e+01 +2.3947e-01 -3.3158e+00 +3.5716e+00
514 +1.671213358e+00 +1.671213358e+00 +8.500121336e+01 +8.500121336e+01 -8.5259e-02 -3.0296e+00 +4.2485e+00
2022 +1.478689011e+00 +1.478689011e+00 +8.480868901e+01 +8.480868901e+01 -4.9287e-02 -2.8651e+00 +3.8216e+00
2979 +6.153876283e-01 +6.153876283e-01 +8.394538763e+01 +8.394538763e+01 -2.9564e-02 -2.8425e+00 +3.8114e+00
3354 +3.799814243e-02 +3.799814243e-02 +8.336799814e+01 +8.336799814e+01 -2.7640e-03 -2.8394e+00 +3.8153e+00
3720 +1.224301504e-02 +1.224301504e-02 +8.334224302e+01 +8.334224302e+01 -1.3342e-03 -2.8335e+00 +3.8144e+00
3739 +9.484287741e-03 +9.484287741e-03 +8.333948429e+01 +8.333948429e+01 +3.6944e-03 -2.8300e+00 +3.8161e+00
3758 +4.370932099e-03 +4.370932099e-03 +8.333437093e+01 +8.333437093e+01 -2.0352e-03 -2.8320e+00 +3.8155e+00
3761 +3.170151297e-03 +3.170151297e-03 +8.333317015e+01 +8.333317015e+01 +5.3565e-04 -2.8304e+00 +3.8172e+00
3776 +1.747881845e-03 +1.747881845e-03 +8.333174788e+01 +8.333174788e+01 -1.7103e-03 -2.8303e+00 +3.8162e+00
3842 +1.421190831e-03 +1.421190831e-03 +8.333142119e+01 +8.333142119e+01 -1.5848e-03 -2.8304e+00 +3.8163e+00
3857 +4.883930240e-04 +4.883930240e-04 +8.333048839e+01 +8.333048839e+01 +9.0394e-04 -2.8300e+00 +3.8160e+00
3949 +2.166858562e-04 +2.166858562e-04 +8.333021669e+01 +8.333021669e+01 +1.8499e-04 -2.8308e+00 +3.8164e+00
4040 +1.341103104e-04 +1.341103104e-04 +8.333013411e+01 +8.333013411e+01 +1.0823e-04 -2.8297e+00 +3.8158e+00
4099 +2.722148555e-05 +2.722148555e-05 +8.333002722e+01 +8.333002722e+01 +1.5330e-04 -2.8305e+00 +3.8160e+00
4161 +1.382920836e-05 +1.382920836e-05 +8.333001383e+01 +8.333001383e+01 +7.4006e-06 -2.8303e+00 +3.8161e+00
4196 +1.076071086e-06 +1.076071086e-06 +8.333000108e+01 +8.333000108e+01 -1.6904e-05 -2.8305e+00 +3.8160e+00
4333 +8.662294988e-07 +8.662294988e-07 +8.333000087e+01 +8.333000087e+01 -3.9860e-05 -2.8304e+00 +3.8160e+00
4359 +6.295425408e-07 +6.295425408e-07 +8.333000063e+01 +8.333000063e+01 -4.4590e-05 -2.8304e+00 +3.8160e+00
4423 +3.574975551e-07 +3.574975551e-07 +8.333000036e+01 +8.333000036e+01 -6.7036e-06 -2.8304e+00 +3.8160e+00
4487 +2.504153542e-07 +2.504153542e-07 +8.333000025e+01 +8.333000025e+01 -1.0050e-05 -2.8304e+00 +3.8160e+00
4579 +1.336986344e-07 +1.336986344e-07 +8.333000013e+01 +8.333000013e+01 +2.3328e-06 -2.8304e+00 +3.8160e+00
4594 +2.258055076e-08 +2.258055076e-08 +8.333000002e+01 +8.333000002e+01 -1.4592e-05 -2.8304e+00 +3.8160e+00
4714 +7.007685099e-09 +7.007685099e-09 +8.333000001e+01 +8.333000001e+01 -1.2691e-05 -2.8304e+00 +3.8160e+00
% function evaluation | noise-free fitness - Fopt (2.085600000000e+02) | best noise-free fitness - Fopt | measured fitness | best measured fitness | x1 | x2...
1 +9.661058258e+02 +9.661058258e+02 +1.174665826e+03 +1.174665826e+03 -3.6190e+00 -3.7079e+00 -3.5994e+00
2 +9.018041381e+01 +9.018041381e+01 +2.987404138e+02 +2.987404138e+02 -7.4002e-01 +3.9110e+00 +1.4048e-01
5 +4.545866839e+01 +4.545866839e+01 +2.540186684e+02 +2.540186684e+02 +1.6622e+00 +2.4641e+00 -1.9767e+00
14 +3.136680890e+01 +3.136680890e+01 +2.399268089e+02 +2.399268089e+02 +1.8157e+00 +3.9702e+00 +6.9660e-01
202 +2.077913773e+01 +2.077913773e+01 +2.293391377e+02 +2.293391377e+02 +2.8163e+00 +3.6441e+00 +1.5459e+00
251 +1.223887955e+01 +1.223887955e+01 +2.207988795e+02 +2.207988795e+02 +1.4663e+00 +4.1170e+00 +1.6515e-01
384 +9.016473922e+00 +9.016473922e+00 +2.175764739e+02 +2.175764739e+02 +2.9607e+00 +3.7133e+00 -5.3252e-01
586 +5.937503659e+00 +5.937503659e+00 +2.144975037e+02 +2.144975037e+02 +1.9081e+00 +3.0091e+00 -4.5530e-01
786 +2.012073117e+00 +2.012073117e+00 +2.105720731e+02 +2.105720731e+02 +2.0373e+00 +3.8625e+00 -3.0411e-01
1936 +1.446563107e+00 +1.446563107e+00 +2.100065631e+02 +2.100065631e+02 +2.2027e+00 +3.6360e+00 +1.6537e-01
2654 +1.168889298e-01 +1.168889298e-01 +2.086768889e+02 +2.086768889e+02 +2.1864e+00 +3.6785e+00 +2.0061e-01
3257 +4.491282556e-02 +4.491282556e-02 +2.086049128e+02 +2.086049128e+02 +2.1754e+00 +3.6750e+00 +1.8711e-01
3470 +2.013072843e-02 +2.013072843e-02 +2.085801307e+02 +2.085801307e+02 +2.1803e+00 +3.6688e+00 +1.8336e-01
3507 +1.769188682e-03 +1.769188682e-03 +2.085617692e+02 +2.085617692e+02 +2.1849e+00 +3.6705e+00 +1.8295e-01
3752 +5.062476590e-04 +5.062476590e-04 +2.085605062e+02 +2.085605062e+02 +2.1847e+00 +3.6716e+00 +1.8514e-01
3862 +2.397969271e-05 +2.397969271e-05 +2.085600240e+02 +2.085600240e+02 +2.1850e+00 +3.6719e+00 +1.8455e-01
4192 +4.830821780e-06 +4.830821780e-06 +2.085600048e+02 +2.085600048e+02 +2.1848e+00 +3.6719e+00 +1.8479e-01
4283 +2.197299608e-06 +2.197299608e-06 +2.085600022e+02 +2.085600022e+02 +2.1848e+00 +3.6720e+00 +1.8485e-01
4410 +1.220626956e-06 +1.220626956e-06 +2.085600012e+02 +2.085600012e+02 +2.1848e+00 +3.6720e+00 +1.8483e-01
4426 +1.367967855e-07 +1.367967855e-07 +2.085600001e+02 +2.085600001e+02 +2.1848e+00 +3.6720e+00 +1.8478e-01
4545 +9.681841107e-08 +9.681841107e-08 +2.085600001e+02 +2.085600001e+02 +2.1848e+00 +3.6720e+00 +1.8479e-01
4606 +1.230802127e-08 +1.230802127e-08 +2.085600000e+02 +2.085600000e+02 +2.1848e+00 +3.6720e+00 +1.8480e-01
4789 +1.320017873e-09 +1.320017873e-09 +2.085600000e+02 +2.085600000e+02 +2.1848e+00 +3.6720e+00 +1.8480e-01
% function evaluation | noise-free fitness - Fopt (-1.345800000000e+02) | best noise-free fitness - Fopt | measured fitness | best measured fitness | x1 | x2...
1 +3.276335211e+02 +3.276335211e+02 +1.930535211e+02 +1.930535211e+02 -8.3092e-01 -4.3816e+00 -3.1413e+00
2 +9.618128642e+01 +9.618128642e+01 -3.839871358e+01 -3.839871358e+01 +5.9055e-01 +1.6478e-01 -1.3840e+00
14 +6.023289670e+01 +6.023289670e+01 -7.434710330e+01 -7.434710330e+01 +1.1140e+00 -7.9723e-01 +9.3203e-01
54 +3.704092645e+01 +3.704092645e+01 -9.753907355e+01 -9.753907355e+01 +2.2425e+00 +1.1506e+00 +7.9754e-01
84 +1.798761357e+01 +1.798761357e+01 -1.165923864e+02 -1.165923864e+02 -2.0854e+00 +7.1250e-01 +9.4980e-01
203 +1.387446588e+01 +1.387446588e+01 -1.207055341e+02 -1.207055341e+02 -1.5971e+00 +1.7024e-01 +1.9313e+00
260 +8.760825703e+00 +8.760825703e+00 -1.258191743e+02 -1.258191743e+02 -2.8863e+00 +2.8004e-01 +3.3213e+00
458 +3.528182159e+00 +3.528182159e+00 -1.310518178e+02 -1.310518178e+02 -3.5860e+00 +3.6983e-01 +2.7166e+00
550 +1.992998110e+00 +1.992998110e+00 -1.325870019e+02 -1.325870019e+02 -3.0967e+00 +5.9190e-01 +2.4857e+00
911 +1.101730886e+00 +1.101730886e+00 -1.334782691e+02 -1.334782691e+02 -3.0217e+00 +6.0799e-01 +2.5600e+00
1284 +2.865233838e-01 +2.865233838e-01 -1.342934766e+02 -1.342934766e+02 -3.0696e+00 +6.0879e-01 +2.5213e+00
1624 +1.647886298e-01 +1.647886298e-01 -1.344152114e+02 -1.344152114e+02 -3.0529e+00 +6.0940e-01 +2.5296e+00
1867 +1.529079107e-01 +1.529079107e-01 -1.344270921e+02 -1.344270921e+02 -3.0380e+00 +5.9604e-01 +2.5388e+00
1941 +3.911217634e-02 +3.911217634e-02 -1.345408878e+02 -1.345408878e+02 -3.0401e+00 +6.0224e-01 +2.5323e+00
2033 +2.239340630e-02 +2.239340630e-02 -1.345576066e+02 -1.345576066e+02 -3.0452e+00 +6.0163e-01 +2.5252e+00
2045 +8.384168130e-03 +8.384168130e-03 -1.345716158e+02 -1.345716158e+02 -3.0564e+00 +5.9999e-01 +2.5348e+00
2197 +6.121808820e-03 +6.121808820e-03 -1.345738782e+02 -1.345738782e+02 -3.0498e+00 +6.0125e-01 +2.5328e+00
2260 +1.835974428e-03 +1.835974428e-03 -1.345781640e+02 -1.345781640e+02 -3.0549e+00 +6.0011e-01 +2.5318e+00
2292 +1.265940008e-03 +1.265940008e-03 -1.345787341e+02 -1.345787341e+02 -3.0529e+00 +5.9957e-01 +2.5304e+00
2314 +9.502441405e-04 +9.502441405e-04 -1.345790498e+02 -1.345790498e+02 -3.0520e+00 +6.0073e-01 +2.5313e+00
2339 +5.203123663e-04 +5.203123663e-04 -1.345794797e+02 -1.345794797e+02 -3.0507e+00 +6.0030e-01 +2.5312e+00
2405 +2.951284904e-04 +2.951284904e-04 -1.345797049e+02 -1.345797049e+02 -3.0519e+00 +6.0028e-01 +2.5307e+00
2428 +2.100679127e-04 +2.100679127e-04 -1.345797899e+02 -1.345797899e+02 -3.0522e+00 +6.0011e-01 +2.5307e+00
2478 +1.217113385e-04 +1.217113385e-04 -1.345798783e+02 -1.345798783e+02 -3.0521e+00 +5.9977e-01 +2.5314e+00
2485 +6.359635418e-05 +6.359635418e-05 -1.345799364e+02 -1.345799364e+02 -3.0517e+00 +5.9989e-01 +2.5313e+00
2495 +6.166075593e-05 +6.166075593e-05 -1.345799383e+02 -1.345799383e+02 -3.0517e+00 +5.9995e-01 +2.5309e+00
2515 +6.233845852e-06 +6.233845852e-06 -1.345799938e+02 -1.345799938e+02 -3.0522e+00 +6.0000e-01 +2.5312e+00
2599 +3.337328025e-06 +3.337328025e-06 -1.345799967e+02 -1.345799967e+02 -3.0520e+00 +6.0004e-01 +2.5312e+00
2613 +1.396282755e-06 +1.396282755e-06 -1.345799986e+02 -1.345799986e+02 -3.0520e+00 +5.9999e-01 +2.5312e+00
2758 +8.520541144e-07 +8.520541144e-07 -1.345799991e+02 -1.345799991e+02 -3.0520e+00 +5.9999e-01 +2.5312e+00
2769 +2.905318581e-07 +2.905318581e-07 -1.345799997e+02 -1.345799997e+02 -3.0520e+00 +5.9999e-01 +2.5312e+00
2853 +5.884237453e-08 +5.884237453e-08 -1.345799999e+02 -1.345799999e+02 -3.0520e+00 +5.9999e-01 +2.5312e+00
3003 +2.126867571e-08 +2.126867571e-08 -1.345800000e+02 -1.345800000e+02 -3.0520e+00 +6.0000e-01 +2.5312e+00
3048 +1.453702225e-08 +1.453702225e-08 -1.345800000e+02 -1.345800000e+02 -3.0520e+00 +6.0000e-01 +2.5312e+00
3063 +6.539352171e-09 +6.539352171e-09 -1.345800000e+02 -1.345800000e+02 -3.0520e+00 +6.0000e-01 +2.5312e+00
% function evaluation | noise-free fitness - Fopt (1.205900000000e+02) | best noise-free fitness - Fopt | measured fitness | best measured fitness | x1 | x2...
1 +3.576916704e+02 +3.576916704e+02 +4.782816704e+02 +4.782816704e+02 -2.4004e+00 -2.3814e+00 +1.2536e+00
5 +9.282318947e+01 +9.282318947e+01 +2.134131895e+02 +2.134131895e+02 +4.6348e+00 -6.3553e-01 -2.1440e+00
18 +6.194831388e+01 +6.194831388e+01 +1.825383139e+02 +1.825383139e+02 -3.2567e+00 +9.7016e-01 -3.0526e+00
20 +3.851401286e+01 +3.851401286e+01 +1.591040129e+02 +1.591040129e+02 +9.0702e-01 -1.2814e-01 -9.9715e-01
83 +1.966170076e+01 +1.966170076e+01 +1.402517008e+02 +1.402517008e+02 -2.6687e+00 +1.1926e+00 -1.2586e+00
172 +6.329165719e+00 +6.329165719e+00 +1.269191657e+02 +1.269191657e+02 -9.3275e-01 +1.6497e-01 -1.9813e+00
327 +3.957603447e+00 +3.957603447e+00 +1.245476034e+02 +1.245476034e+02 -8.6269e-01 +1.6671e-01 -2.6075e+00
702 +1.993926403e+00 +1.993926403e+00 +1.225839264e+02 +1.225839264e+02 -8.3021e-01 +1.7514e-01 -2.5685e+00
1462 +1.718994270e-01 +1.718994270e-01 +1.207618994e+02 +1.207618994e+02 -9.5837e-01 +1.3480e-01 -2.0671e+00
2326 +3.759993800e-02 +3.759993800e-02 +1.206275999e+02 +1.206275999e+02 -9.4974e-01 +1.1794e-01 -2.0673e+00
2638 +5.480908501e-03 +5.480908501e-03 +1.205954809e+02 +1.205954809e+02 -9.5086e-01 +1.2116e-01 -2.0694e+00
2790 +6.512031057e-04 +6.512031057e-04 +1.205906512e+02 +1.205906512e+02 -9.5114e-01 +1.2242e-01 -2.0713e+00
2872 +5.103791160e-04 +5.103791160e-04 +1.205905104e+02 +1.205905104e+02 -9.5329e-01 +1.2276e-01 -2.0716e+00
2987 +2.585501772e-04 +2.585501772e-04 +1.205902586e+02 +1.205902586e+02 -9.5127e-01 +1.2239e-01 -2.0718e+00
3011 +1.145873835e-04 +1.145873835e-04 +1.205901146e+02 +1.205901146e+02 -9.5149e-01 +1.2226e-01 -2.0719e+00
3132 +5.258614974e-05 +5.258614974e-05 +1.205900526e+02 +1.205900526e+02 -9.5219e-01 +1.2247e-01 -2.0717e+00
3147 +1.774297341e-05 +1.774297341e-05 +1.205900177e+02 +1.205900177e+02 -9.5223e-01 +1.2252e-01 -2.0720e+00
3166 +4.436686297e-06 +4.436686297e-06 +1.205900044e+02 +1.205900044e+02 -9.5200e-01 +1.2238e-01 -2.0721e+00
3285 +3.526729159e-06 +3.526729159e-06 +1.205900035e+02 +1.205900035e+02 -9.5197e-01 +1.2243e-01 -2.0720e+00
3325 +2.415814564e-06 +2.415814564e-06 +1.205900024e+02 +1.205900024e+02 -9.5200e-01 +1.2240e-01 -2.0719e+00
3408 +1.135039042e-06 +1.135039042e-06 +1.205900011e+02 +1.205900011e+02 -9.5204e-01 +1.2239e-01 -2.0720e+00
3439 +3.190707645e-07 +3.190707645e-07 +1.205900003e+02 +1.205900003e+02 -9.5202e-01 +1.2241e-01 -2.0720e+00
3473 +2.508337786e-07 +2.508337786e-07 +1.205900003e+02 +1.205900003e+02 -9.5197e-01 +1.2240e-01 -2.0720e+00
3516 +3.123020065e-08 +3.123020065e-08 +1.205900000e+02 +1.205900000e+02 -9.5200e-01 +1.2240e-01 -2.0720e+00
3725 +7.609699537e-09 +7.609699537e-09 +1.205900000e+02 +1.205900000e+02 -9.5200e-01 +1.2240e-01 -2.0720e+00
% function evaluation | noise-free fitness - Fopt (1.000000000000e+03) | best noise-free fitness - Fopt | measured fitness | best measured fitness | x1 | x2...
1 +8.063452691e+01 +8.063452691e+01 +1.080634527e+03 +1.080634527e+03 +8.1857e-02 -8.8607e-01 -2.9604e+00
15 +1.724218009e+01 +1.724218009e+01 +1.017242180e+03 +1.017242180e+03 -1.9800e+00 -1.9550e+00 -1.9451e+00
275 +1.468373884e+01 +1.468373884e+01 +1.014683739e+03 +1.014683739e+03 -1.8632e+00 -1.7681e+00 -2.6191e+00
321 +6.826222574e+00 +6.826222574e+00 +1.006826223e+03 +1.006826223e+03 -1.8320e+00 -1.9945e+00 -2.4088e+00
414 +5.147117899e+00 +5.147117899e+00 +1.005147118e+03 +1.005147118e+03 -2.4836e+00 -2.2492e+00 -2.0125e+00
796 +3.153593138e+00 +3.153593138e+00 +1.003153593e+03 +1.003153593e+03 -2.7900e+00 -2.0957e+00 -1.5350e+00
868 +2.329729921e+00 +2.329729921e+00 +1.002329730e+03 +1.002329730e+03 -2.5508e+00 -2.1695e+00 -2.0553e+00
1235 +1.470109915e+00 +1.470109915e+00 +1.001470110e+03 +1.001470110e+03 -1.8890e+00 -2.4886e+00 -2.1896e+00
1533 +6.368067537e-01 +6.368067537e-01 +1.000636807e+03 +1.000636807e+03 -2.5525e+00 -2.1888e+00 -2.0990e+00
1752 +2.117825482e-01 +2.117825482e-01 +1.000211783e+03 +1.000211783e+03 -2.6042e+00 -2.1433e+00 -2.1180e+00
2171 +7.284229211e-02 +7.284229211e-02 +1.000072842e+03 +1.000072842e+03 -2.6057e+00 -2.1638e+00 -2.1056e+00
2453 +4.941644238e-02 +4.941644238e-02 +1.000049416e+03 +1.000049416e+03 -2.5835e+00 -2.1687e+00 -2.1045e+00
2603 +2.139024088e-02 +2.139024088e-02 +1.000021390e+03 +1.000021390e+03 -2.5983e+00 -2.1633e+00 -2.1069e+00
2616 +1.299724928e-02 +1.299724928e-02 +1.000012997e+03 +1.000012997e+03 -2.5917e+00 -2.1643e+00 -2.1080e+00
2656 +2.194239849e-03 +2.194239849e-03 +1.000002194e+03 +1.000002194e+03 -2.5931e+00 -2.1646e+00 -2.1097e+00
2851 +2.825892102e-05 +2.825892102e-05 +1.000000028e+03 +1.000000028e+03 -2.5952e+00 -2.1634e+00 -2.1110e+00
3010 +8.325516319e-06 +8.325516319e-06 +1.000000008e+03 +1.000000008e+03 -2.5952e+00 -2.1632e+00 -2.1111e+00
3180 +1.639235734e-07 +1.639235734e-07 +1.000000000e+03 +1.000000000e+03 -2.5952e+00 -2.1632e+00 -2.1112e+00
3551 +4.520632046e-08 +4.520632046e-08 +1.000000000e+03 +1.000000000e+03 -2.5952e+00 -2.1632e+00 -2.1112e+00
3612 +3.196146281e-08 +3.196146281e-08 +1.000000000e+03 +1.000000000e+03 -2.5952e+00 -2.1632e+00 -2.1112e+00
3717 +4.954927135e-09 +4.954927135e-09 +1.000000000e+03 +1.000000000e+03 -2.5952e+00 -2.1632e+00 -2.1112e+00
% function evaluation | noise-free fitness - Fopt (-9.166000000000e+01) | best noise-free fitness - Fopt | measured fitness | best measured fitness | x1 | x2...
1 +3.386417463e+02 +3.386417463e+02 +2.469817463e+02 +2.469817463e+02 -1.1345e+00 +2.0784e+00 +1.8148e+00
7 +1.332621695e+02 +1.332621695e+02 +4.160216951e+01 +4.160216951e+01 +1.0928e+00 -3.3153e+00 -2.6599e-02
8 +5.615651243e+01 +5.615651243e+01 -3.550348757e+01 -3.550348757e+01 -2.8530e+00 -3.0913e+00 +6.3070e-01
112 +2.943625618e+01 +2.943625618e+01 -6.222374382e+01 -6.222374382e+01 +9.4930e-01 -2.6143e+00 +4.8638e+00
179 +8.362705385e+00 +8.362705385e+00 -8.329729462e+01 -8.329729462e+01 -1.4530e-01 -4.1776e+00 +3.5216e+00
310 +3.850286251e+00 +3.850286251e+00 -8.780971375e+01 -8.780971375e+01 -4.8020e-01 -3.3831e+00 +3.4562e+00
1096 +3.677295757e-02 +3.677295757e-02 -9.162322704e+01 -9.162322704e+01 -2.8745e-03 -3.5916e+00 +3.8332e+00
2776 +2.067692466e-02 +2.067692466e-02 -9.163932308e+01 -9.163932308e+01 -6.6350e-03 -3.5965e+00 +3.8274e+00
2838 +9.051482194e-03 +9.051482194e-03 -9.165094852e+01 -9.165094852e+01 -6.6843e-03 -3.5987e+00 +3.8233e+00
2938 +4.980331669e-03 +4.980331669e-03 -9.165501967e+01 -9.165501967e+01 -5.7880e-03 -3.5989e+00 +3.8211e+00
2988 +1.509242583e-03 +1.509242583e-03 -9.165849076e+01 -9.165849076e+01 -6.7022e-03 -3.5975e+00 +3.8215e+00
2993 +8.891398110e-04 +8.891398110e-04 -9.165911086e+01 -9.165911086e+01 -5.8542e-03 -3.5973e+00 +3.8229e+00
3090 +4.431042536e-04 +4.431042536e-04 -9.165955690e+01 -9.165955690e+01 -5.5923e-03 -3.5971e+00 +3.8231e+00
3104 +3.965805691e-04 +3.965805691e-04 -9.165960342e+01 -9.165960342e+01 -4.3367e-03 -3.5970e+00 +3.8226e+00
3210 +2.266237000e-04 +2.266237000e-04 -9.165977338e+01 -9.165977338e+01 -4.8482e-03 -3.5967e+00 +3.8238e+00
3235 +1.048750672e-04 +1.048750672e-04 -9.165989512e+01 -9.165989512e+01 -4.3815e-03 -3.5970e+00 +3.8234e+00
3238 +2.998224925e-05 +2.998224925e-05 -9.165997002e+01 -9.165997002e+01 -4.5905e-03 -3.5967e+00 +3.8234e+00
3292 +5.509075805e-06 +5.509075805e-06 -9.165999449e+01 -9.165999449e+01 -4.7486e-03 -3.5968e+00 +3.8233e+00
3424 +3.931520240e-06 +3.931520240e-06 -9.165999607e+01 -9.165999607e+01 -4.9169e-03 -3.5968e+00 +3.8231e+00
3509 +1.845543224e-06 +1.845543224e-06 -9.165999815e+01 -9.165999815e+01 -4.7964e-03 -3.5968e+00 +3.8232e+00
3515 +5.375144099e-07 +5.375144099e-07 -9.165999946e+01 -9.165999946e+01 -4.7949e-03 -3.5968e+00 +3.8232e+00
3647 +3.714253722e-07 +3.714253722e-07 -9.165999963e+01 -9.165999963e+01 -4.8164e-03 -3.5968e+00 +3.8232e+00
3697 +1.441157167e-07 +1.441157167e-07 -9.165999986e+01 -9.165999986e+01 -4.8156e-03 -3.5968e+00 +3.8232e+00
3766 +3.289179062e-08 +3.289179062e-08 -9.165999997e+01 -9.165999997e+01 -4.8042e-03 -3.5968e+00 +3.8232e+00
3860 +1.060016075e-08 +1.060016075e-08 -9.165999999e+01 -9.165999999e+01 -4.8007e-03 -3.5968e+00 +3.8232e+00
3894 +6.759492521e-09 +6.759492521e-09 -9.165999999e+01 -9.165999999e+01 -4.7983e-03 -3.5968e+00 +3.8232e+00
% function evaluation | noise-free fitness - Fopt (5.961500000000e+02) | best noise-free fitness - Fopt | measured fitness | best measured fitness | x1 | x2...
1 +2.580490377e+02 +2.580490377e+02 +8.541990377e+02 +8.541990377e+02 +4.1812e+00 -2.7369e+00 +1.6174e+00
2 +7.459636810e+01 +7.459636810e+01 +6.707463681e+02 +6.707463681e+02 -3.2584e+00 -3.2978e+00 -1.5446e-01
4 +9.725797378e+00 +9.725797378e+00 +6.058757974e+02 +6.058757974e+02 -2.9455e+00 -1.7986e-01 -2.1779e+00
747 +5.671622160e+00 +5.671622160e+00 +6.018216222e+02 +6.018216222e+02 -2.0134e+00 -3.6549e-01 -2.7742e+00
937 +2.784375249e+00 +2.784375249e+00 +5.989343752e+02 +5.989343752e+02 -3.0750e+00 -1.1106e+00 -2.6855e+00
1185 +1.810671019e+00 +1.810671019e+00 +5.979606710e+02 +5.979606710e+02 -3.8360e+00 -1.7182e+00 -2.8454e+00
1533 +1.305886161e+00 +1.305886161e+00 +5.974558862e+02 +5.974558862e+02 -3.8459e+00 -1.7949e+00 -2.8062e+00
2124 +1.345649250e-01 +1.345649250e-01 +5.962845649e+02 +5.962845649e+02 -3.0479e+00 -1.0258e+00 -2.6858e+00
2705 +9.579452471e-02 +9.579452471e-02 +5.962457945e+02 +5.962457945e+02 -3.0583e+00 -1.0204e+00 -2.6917e+00
2777 +1.768621054e-02 +1.768621054e-02 +5.961676862e+02 +5.961676862e+02 -3.0553e+00 -1.0186e+00 -2.6991e+00
3046 +7.501375539e-03 +7.501375539e-03 +5.961575014e+02 +5.961575014e+02 -3.0585e+00 -1.0280e+00 -2.6948e+00
3135 +6.248621405e-03 +6.248621405e-03 +5.961562486e+02 +5.961562486e+02 -3.0601e+00 -1.0252e+00 -2.6966e+00
3169 +3.770103655e-03 +3.770103655e-03 +5.961537701e+02 +5.961537701e+02 -3.0618e+00 -1.0280e+00 -2.6979e+00
3173 +1.905149894e-03 +1.905149894e-03 +5.961519051e+02 +5.961519051e+02 -3.0596e+00 -1.0255e+00 -2.6972e+00
3190 +2.287982710e-04 +2.287982710e-04 +5.961502288e+02 +5.961502288e+02 -3.0584e+00 -1.0253e+00 -2.6981e+00
3360 +1.359431388e-04 +1.359431388e-04 +5.961501359e+02 +5.961501359e+02 -3.0585e+00 -1.0252e+00 -2.6979e+00
3387 +9.786181772e-05 +9.786181772e-05 +5.961500979e+02 +5.961500979e+02 -3.0588e+00 -1.0259e+00 -2.6976e+00
3445 +5.012023200e-05 +5.012023200e-05 +5.961500501e+02 +5.961500501e+02 -3.0581e+00 -1.0253e+00 -2.6974e+00
3469 +3.008009458e-05 +3.008009458e-05 +5.961500301e+02 +5.961500301e+02 -3.0586e+00 -1.0256e+00 -2.6978e+00
3486 +1.627835320e-05 +1.627835320e-05 +5.961500163e+02 +5.961500163e+02 -3.0582e+00 -1.0256e+00 -2.6975e+00
3505 +1.542615894e-05 +1.542615894e-05 +5.961500154e+02 +5.961500154e+02 -3.0584e+00 -1.0255e+00 -2.6975e+00
3542 +8.630923162e-06 +8.630923162e-06 +5.961500086e+02 +5.961500086e+02 -3.0584e+00 -1.0256e+00 -2.6977e+00
3565 +3.933665539e-06 +3.933665539e-06 +5.961500039e+02 +5.961500039e+02 -3.0583e+00 -1.0255e+00 -2.6976e+00
3626 +4.593340464e-07 +4.593340464e-07 +5.961500005e+02 +5.961500005e+02 -3.0584e+00 -1.0256e+00 -2.6976e+00
3697 +1.642520147e-07 +1.642520147e-07 +5.961500002e+02 +5.961500002e+02 -3.0584e+00 -1.0256e+00 -2.6976e+00
3786 +5.697927463e-08 +5.697927463e-08 +5.961500001e+02 +5.961500001e+02 -3.0584e+00 -1.0256e+00 -2.6976e+00
3849 +3.867603482e-08 +3.867603482e-08 +5.961500000e+02 +5.961500000e+02 -3.0584e+00 -1.0256e+00 -2.6976e+00
3928 +1.065939159e-08 +1.065939159e-08 +5.961500000e+02 +5.961500000e+02 -3.0584e+00 -1.0256e+00 -2.6976e+00
3991 +9.412019608e-09 +9.412019608e-09 +5.961500000e+02 +5.961500000e+02 -3.0584e+00 -1.0256e+00 -2.6976e+00
% function evaluation | noise-free fitness - Fopt (1.325100000000e+02) | best noise-free fitness - Fopt | measured fitness | best measured fitness | x1 | x2...
1 +3.996750128e+02 +3.996750128e+02 +5.321850128e+02 +5.321850128e+02 +2.7134e+00 +3.0134e+00 -4.9962e+00
2 +2.378066066e+02 +2.378066066e+02 +3.703166066e+02 +3.703166066e+02 +2.3299e+00 -2.9824e+00 +1.9879e+00
6 +1.184388951e+02 +1.184388951e+02 +2.509488951e+02 +2.509488951e+02 +8.4294e-01 -1.6829e-01 -3.9245e+00
9 +5.770869013e+01 +5.770869013e+01 +1.902186901e+02 +1.902186901e+02 +7.9961e-01 +2.9179e+00 -7.1208e-01
14 +2.341562621e+01 +2.341562621e+01 +1.559256262e+02 +1.559256262e+02 +6.4381e-01 +1.5728e+00 +8.2952e-01
84 +6.712645056e+00 +6.712645056e+00 +1.392226451e+02 +1.392226451e+02 +1.6494e+00 +3.0271e+00 +3.2948e+00
540 +5.863953688e+00 +5.863953688e+00 +1.383739537e+02 +1.383739537e+02 +1.1604e+00 +2.2597e+00 +2.5809e+00
665 +3.256917208e+00 +3.256917208e+00 +1.357669172e+02 +1.357669172e+02 +1.4681e+00 +3.8770e+00 +3.8775e+00
854 +2.191196103e+00 +2.191196103e+00 +1.347011961e+02 +1.347011961e+02 +1.5958e+00 +3.0982e+00 +3.3609e+00
1358 +1.448786803e+00 +1.448786803e+00 +1.339587868e+02 +1.339587868e+02 +1.6123e+00 +3.0107e+00 +3.3044e+00
1695 +7.184206352e-01 +7.184206352e-01 +1.332284206e+02 +1.332284206e+02 +1.5980e+00 +3.0046e+00 +3.3183e+00
2275 +6.072779018e-01 +6.072779018e-01 +1.331172779e+02 +1.331172779e+02 +1.6175e+00 +3.0090e+00 +3.3778e+00
2290 +1.824231584e-01 +1.824231584e-01 +1.326924232e+02 +1.326924232e+02 +1.6145e+00 +3.0283e+00 +3.3479e+00
2470 +1.102407987e-01 +1.102407987e-01 +1.326202408e+02 +1.326202408e+02 +1.6016e+00 +3.0383e+00 +3.3387e+00
2618 +4.817824169e-02 +4.817824169e-02 +1.325581782e+02 +1.325581782e+02 +1.6078e+00 +3.0461e+00 +3.3636e+00
2796 +2.526983218e-02 +2.526983218e-02 +1.325352698e+02 +1.325352698e+02 +1.6112e+00 +3.0399e+00 +3.3659e+00
2872 +2.380664580e-02 +2.380664580e-02 +1.325338066e+02 +1.325338066e+02 +1.6082e+00 +3.0324e+00 +3.3619e+00
2890 +2.516087317e-03 +2.516087317e-03 +1.325125161e+02 +1.325125161e+02 +1.6051e+00 +3.0379e+00 +3.3550e+00
2944 +1.415078547e-03 +1.415078547e-03 +1.325114151e+02 +1.325114151e+02 +1.6069e+00 +3.0377e+00 +3.3588e+00
3077 +6.002652622e-04 +6.002652622e-04 +1.325106003e+02 +1.325106003e+02 +1.6064e+00 +3.0362e+00 +3.3574e+00
3121 +3.476497440e-04 +3.476497440e-04 +1.325103476e+02 +1.325103476e+02 +1.6063e+00 +3.0376e+00 +3.3570e+00
3145 +2.424044292e-04 +2.424044292e-04 +1.325102424e+02 +1.325102424e+02 +1.6065e+00 +3.0372e+00 +3.3566e+00
3212 +8.436170313e-05 +8.436170313e-05 +1.325100844e+02 +1.325100844e+02 +1.6066e+00 +3.0368e+00 +3.3568e+00
3228 +4.283798722e-05 +4.283798722e-05 +1.325100428e+02 +1.325100428e+02 +1.6064e+00 +3.0366e+00 +3.3569e+00
3249 +2.895541948e-05 +2.895541948e-05 +1.325100290e+02 +1.325100290e+02 +1.6065e+00 +3.0369e+00 +3.3567e+00
3272 +2.201746096e-05 +2.201746096e-05 +1.325100220e+02 +1.325100220e+02 +1.6063e+00 +3.0366e+00 +3.3566e+00
3279 +1.104166390e-05 +1.104166390e-05 +1.325100110e+02 +1.325100110e+02 +1.6064e+00 +3.0367e+00 +3.3567e+00
3351 +7.483083493e-06 +7.483083493e-06 +1.325100075e+02 +1.325100075e+02 +1.6064e+00 +3.0368e+00 +3.3566e+00
3419 +3.548999700e-06 +3.548999700e-06 +1.325100035e+02 +1.325100035e+02 +1.6064e+00 +3.0369e+00 +3.3568e+00
3437 +7.683632930e-07 +7.683632930e-07 +1.325100008e+02 +1.325100008e+02 +1.6064e+00 +3.0368e+00 +3.3568e+00
3528 +5.347903027e-07 +5.347903027e-07 +1.325100005e+02 +1.325100005e+02 +1.6064e+00 +3.0368e+00 +3.3568e+00
3585 +2.343215044e-07 +2.343215044e-07 +1.325100002e+02 +1.325100002e+02 +1.6064e+00 +3.0368e+00 +3.3568e+00
3588 +1.006234243e-07 +1.006234243e-07 +1.325100001e+02 +1.325100001e+02 +1.6064e+00 +3.0368e+00 +3.3568e+00
3659 +5.656582402e-08 +5.656582402e-08 +1.325100001e+02 +1.325100001e+02 +1.6064e+00 +3.0368e+00 +3.3568e+00
3695 +3.816830940e-08 +3.816830940e-08 +1.325100000e+02 +1.325100000e+02 +1.6064e+00 +3.0368e+00 +3.3568e+00
3843 +2.121691978e-08 +2.121691978e-08 +1.325100000e+02 +1.325100000e+02 +1.6064e+00 +3.0368e+00 +3.3568e+00
3852 +1.391831006e-08 +1.391831006e-08 +1.325100000e+02 +1.325100000e+02 +1.6064e+00 +3.0368e+00 +3.3568e+00
3874 +6.449511147e-09 +6.449511147e-09 +1.325100000e+02 +1.325100000e+02 +1.6064e+00 +3.0368e+00 +3.3568e+00
% function evaluation | noise-free fitness - Fopt (-2.401800000000e+02) | best noise-free fitness - Fopt | measured fitness | best measured fitness | x1 | x2...
1 +7.350627905e+02 +7.350627905e+02 +4.948827905e+02 +4.948827905e+02 -2.6811e+00 +3.0776e-01 -4.7259e+00
2 +1.283683653e+02 +1.283683653e+02 -1.118116347e+02 -1.118116347e+02 +3.7334e+00 -7.5430e-01 +4.0747e+00
6 +7.225154003e+01 +7.225154003e+01 -1.679284600e+02 -1.679284600e+02 -4.9056e+00 -9.4248e-01 +2.6247e+00
9 +1.983855421e+01 +1.983855421e+01 -2.203414458e+02 -2.203414458e+02 -3.2808e+00 +3.7032e+00 +9.9406e-01
180 +1.288412405e+01 +1.288412405e+01 -2.272958760e+02 -2.272958760e+02 -3.7258e+00 +4.7072e+00 -1.8487e-01
259 +6.596968448e+00 +6.596968448e+00 -2.335830316e+02 -2.335830316e+02 -3.3888e+00 +2.4769e+00 +9.7113e-01
366 +4.161984865e+00 +4.161984865e+00 -2.360180151e+02 -2.360180151e+02 -2.7253e+00 +1.8484e+00 +9.2188e-01
757 +3.813983408e+00 +3.813983408e+00 -2.363660166e+02 -2.363660166e+02 -2.7261e+00 +1.8949e+00 +8.7040e-01
887 +1.794362759e+00 +1.794362759e+00 -2.383856372e+02 -2.383856372e+02 -3.0695e+00 +2.9832e+00 +6.6099e-01
1172 +9.954825699e-01 +9.954825699e-01 -2.391845174e+02 -2.391845174e+02 -3.3378e+00 +2.5321e+00 +8.8413e-01
1824 +3.345114971e-01 +3.345114971e-01 -2.398454885e+02 -2.398454885e+02 -3.3253e+00 +2.5354e+00 +9.0125e-01
2186 +6.479887887e-02 +6.479887887e-02 -2.401152011e+02 -2.401152011e+02 -3.3363e+00 +2.5060e+00 +9.1768e-01
2613 +4.363277808e-02 +4.363277808e-02 -2.401363672e+02 -2.401363672e+02 -3.3314e+00 +2.5123e+00 +9.0757e-01
2647 +2.621258572e-02 +2.621258572e-02 -2.401537874e+02 -2.401537874e+02 -3.3384e+00 +2.5194e+00 +9.0770e-01
2659 +1.063078905e-02 +1.063078905e-02 -2.401693692e+02 -2.401693692e+02 -3.3349e+00 +2.5166e+00 +9.1288e-01
2769 +3.397336866e-03 +3.397336866e-03 -2.401766027e+02 -2.401766027e+02 -3.3325e+00 +2.5099e+00 +9.1221e-01
2862 +2.280818137e-03 +2.280818137e-03 -2.401777192e+02 -2.401777192e+02 -3.3327e+00 +2.5146e+00 +9.1154e-01
2882 +7.169216347e-04 +7.169216347e-04 -2.401792831e+02 -2.401792831e+02 -3.3334e+00 +2.5136e+00 +9.1139e-01
2929 +4.983637635e-04 +4.983637635e-04 -2.401795016e+02 -2.401795016e+02 -3.3342e+00 +2.5126e+00 +9.1241e-01
2938 +3.151104039e-04 +3.151104039e-04 -2.401796849e+02 -2.401796849e+02 -3.3339e+00 +2.5135e+00 +9.1208e-01
3017 +5.667579691e-05 +5.667579691e-05 -2.401799433e+02 -2.401799433e+02 -3.3339e+00 +2.5130e+00 +9.1209e-01
3034 +9.879190884e-06 +9.879190884e-06 -2.401799901e+02 -2.401799901e+02 -3.3337e+00 +2.5127e+00 +9.1195e-01
3281 +5.588835876e-06 +5.588835876e-06 -2.401799944e+02 -2.401799944e+02 -3.3336e+00 +2.5129e+00 +9.1203e-01
3284 +1.657976497e-06 +1.657976497e-06 -2.401799983e+02 -2.401799983e+02 -3.3337e+00 +2.5128e+00 +9.1198e-01
3305 +9.652625863e-07 +9.652625863e-07 -2.401799990e+02 -2.401799990e+02 -3.3337e+00 +2.5128e+00 +9.1199e-01
3376 +2.393547902e-07 +2.393547902e-07 -2.401799998e+02 -2.401799998e+02 -3.3336e+00 +2.5128e+00 +9.1199e-01
3509 +1.471892119e-08 +1.471892119e-08 -2.401800000e+02 -2.401800000e+02 -3.3336e+00 +2.5128e+00 +9.1200e-01
3796 +5.090583954e-09 +5.090583954e-09 -2.401800000e+02 -2.401800000e+02 -3.3336e+00 +2.5128e+00 +9.1200e-01
% function evaluation | noise-free fitness - Fopt (-3.941600000000e+02) | best noise-free fitness - Fopt | measured fitness | best measured fitness | x1 | x2...
1 +1.959959211e+02 +1.959959211e+02 -1.981640789e+02 -1.981640789e+02 +3.0967e+00 +3.9110e+00 +2.2300e+00
4 +1.227000778e+02 +1.227000778e+02 -2.714599222e+02 -2.714599222e+02 -4.0201e-01 +5.0724e-01 -1.4116e+00
5 +4.244863045e+01 +4.244863045e+01 -3.517113696e+02 -3.517113696e+02 -3.6751e+00 -3.4900e+00 +1.2579e+00
30 +3.235517401e+01 +3.235517401e+01 -3.618048260e+02 -3.618048260e+02 -6.9803e-01 -1.7398e+00 +6.2630e-02
106 +2.324844431e+01 +2.324844431e+01 -3.709115557e+02 -3.709115557e+02 -4.3839e+00 -3.4835e+00 -3.9150e-01
121 +1.288313556e+01 +1.288313556e+01 -3.812768644e+02 -3.812768644e+02 -3.1788e+00 -2.8893e+00 -8.9456e-01
271 +7.073799934e+00 +7.073799934e+00 -3.870862001e+02 -3.870862001e+02 -3.7737e+00 -4.0835e+00 +1.4749e-01
302 +6.092107288e+00 +6.092107288e+00 -3.880678927e+02 -3.880678927e+02 -2.4852e+00 -4.0223e+00 -3.3184e-01
334 +3.804609326e+00 +3.804609326e+00 -3.903553907e+02 -3.903553907e+02 -2.3369e+00 -3.3266e+00 -3.4630e-01
690 +1.551901168e+00 +1.551901168e+00 -3.926080988e+02 -3.926080988e+02 -2.5145e+00 -4.0339e+00 -3.0055e-01
1804 +8.013777251e-01 +8.013777251e-01 -3.933586223e+02 -3.933586223e+02 -2.8793e+00 -3.5087e+00 -2.2021e-01
2260 +3.807833442e-01 +3.807833442e-01 -3.937792167e+02 -3.937792167e+02 -2.8719e+00 -3.5170e+00 -2.0311e-01
2674 +1.318900716e-01 +1.318900716e-01 -3.940281099e+02 -3.940281099e+02 -2.8654e+00 -3.5320e+00 -2.1212e-01
2718 +8.347644326e-02 +8.347644326e-02 -3.940765236e+02 -3.940765236e+02 -2.8682e+00 -3.5411e+00 -2.1167e-01
2929 +3.568091342e-02 +3.568091342e-02 -3.941243191e+02 -3.941243191e+02 -2.8835e+00 -3.5443e+00 -2.1062e-01
2945 +1.353080810e-02 +1.353080810e-02 -3.941464692e+02 -3.941464692e+02 -2.8832e+00 -3.5412e+00 -2.1147e-01
2988 +1.331403383e-03 +1.331403383e-03 -3.941586686e+02 -3.941586686e+02 -2.8913e+00 -3.5416e+00 -2.1418e-01
3135 +7.510148203e-04 +7.510148203e-04 -3.941592490e+02 -3.941592490e+02 -2.8885e+00 -3.5411e+00 -2.1421e-01
3234 +4.499047278e-04 +4.499047278e-04 -3.941595501e+02 -3.941595501e+02 -2.8896e+00 -3.5403e+00 -2.1343e-01
3311 +7.234916825e-05 +7.234916825e-05 -3.941599277e+02 -3.941599277e+02 -2.8892e+00 -3.5410e+00 -2.1358e-01
3421 +4.877886522e-05 +4.877886522e-05 -3.941599512e+02 -3.941599512e+02 -2.8892e+00 -3.5409e+00 -2.1361e-01
3518 +2.545115029e-05 +2.545115029e-05 -3.941599745e+02 -3.941599745e+02 -2.8890e+00 -3.5409e+00 -2.1357e-01
3548 +1.968032865e-05 +1.968032865e-05 -3.941599803e+02 -3.941599803e+02 -2.8890e+00 -3.5409e+00 -2.1363e-01
3551 +1.324718272e-05 +1.324718272e-05 -3.941599868e+02 -3.941599868e+02 -2.8888e+00 -3.5409e+00 -2.1366e-01
3593 +7.244123481e-06 +7.244123481e-06 -3.941599928e+02 -3.941599928e+02 -2.8889e+00 -3.5408e+00 -2.1367e-01
3621 +5.146774640e-06 +5.146774640e-06 -3.941599949e+02 -3.941599949e+02 -2.8889e+00 -3.5409e+00 -2.1360e-01
3665 +1.583730295e-06 +1.583730295e-06 -3.941599984e+02 -3.941599984e+02 -2.8888e+00 -3.5408e+00 -2.1360e-01
3705 +2.506418468e-07 +2.506418468e-07 -3.941599997e+02 -3.941599997e+02 -2.8888e+00 -3.5408e+00 -2.1360e-01
3822 +1.151025231e-07 +1.151025231e-07 -3.941599999e+02 -3.941599999e+02 -2.8888e+00 -3.5408e+00 -2.1359e-01
3885 +7.666869806e-08 +7.666869806e-08 -3.941599999e+02 -3.941599999e+02 -2.8888e+00 -3.5408e+00 -2.1360e-01
3951 +2.959978929e-08 +2.959978929e-08 -3.941600000e+02 -3.941600000e+02 -2.8888e+00 -3.5408e+00 -2.1360e-01
3986 +1.713766551e-08 +1.713766551e-08 -3.941600000e+02 -3.941600000e+02 -2.8888e+00 -3.5408e+00 -2.1360e-01
3993 +1.397341975e-08 +1.397341975e-08 -3.941600000e+02 -3.941600000e+02 -2.8888e+00 -3.5408e+00 -2.1360e-01
4015 +5.575145678e-09 +5.575145678e-09 -3.941600000e+02 -3.941600000e+02 -2.8888e+00 -3.5408e+00 -2.1360e-01
