% function evaluation | noise-free fitness - Fopt (-5.494000000000e+01) | best noise-free fitness - Fopt | measured fitness | best measured fitness | x1 | x2...
1 +1.576892218e+07 +1.576892218e+07 +1.576886724e+07 +1.576886724e+07 -9.8069e-01 +2.4032e+00
4 +6.989393165e+06 +6.989393165e+06 +6.989338225e+06 +6.989338225e+06 -2.0330e+00 +1.1275e+00
5 +2.786188534e+06 +2.786188534e+06 +2.786133594e+06 +2.786133594e+06 +3.5336e+00 -8.1514e-01
6 +2.135971908e+06 +2.135971908e+06 +2.135916968e+06 +2.135916968e+06 -2.1248e+00 +1.7399e-01
7 +4.533439993e+05 +4.533439993e+05 +4.532890593e+05 +4.532890593e+05 +3.3142e+00 -3.3526e+00
9 +2.909210211e+05 +2.909210211e+05 +2.908660811e+05 +2.908660811e+05 +1.3947e+00 -2.7636e+00
23 +2.501991641e+05 +2.501991641e+05 +2.501442241e+05 +2.501442241e+05 +5.3074e-01 -2.5166e+00
35 +3.876576695e+02 +3.876576695e+02 +3.327176695e+02 +3.327176695e+02 +2.0132e+00 -2.3378e+00
104 +7.664961909e+01 +7.664961909e+01 +2.170961909e+01 +2.170961909e+01 +1.8639e+00 -2.2946e+00
114 +8.888514594e+00 +8.888514594e+00 -4.605148541e+01 -4.605148541e+01 +1.2429e+00 -2.1511e+00
164 +4.550898827e+00 +4.550898827e+00 -5.038910117e+01 -5.038910117e+01 -2.9154e-01 -1.8205e+00
197 +3.055130286e+00 +3.055130286e+00 -5.188486971e+01 -5.188486971e+01 +7.8780e-02 -1.8991e+00
205 +1.835327269e+00 +1.835327269e+00 -5.310467273e+01 -5.310467273e+01 -6.9784e-01 -1.7300e+00
231 +6.823277858e-01 +6.823277858e-01 -5.425767221e+01 -5.425767221e+01 -1.3154e+00 -1.5963e+00
246 +3.536734697e-01 +3.536734697e-01 -5.458632653e+01 -5.458632653e+01 -1.4262e+00 -1.5735e+00
254 +5.418042218e-02 +5.418042218e-02 -5.488581958e+01 -5.488581958e+01 -1.6248e+00 -1.5298e+00
284 +2.807770732e-02 +2.807770732e-02 -5.491192229e+01 -5.491192229e+01 -1.6829e+00 -1.5173e+00
316 +1.638921964e-02 +1.638921964e-02 -5.492361078e+01 -5.492361078e+01 -1.8468e+00 -1.4819e+00
356 +1.007765785e-02 +1.007765785e-02 -5.492992234e+01 -5.492992234e+01 -1.7906e+00 -1.4942e+00
373 +4.392092767e-03 +4.392092767e-03 -5.493560791e+01 -5.493560791e+01 -1.7975e+00 -1.4926e+00
393 +1.684146843e-03 +1.684146843e-03 -5.493831585e+01 -5.493831585e+01 -1.7424e+00 -1.5045e+00
404 +1.436810239e-03 +1.436810239e-03 -5.493856319e+01 -5.493856319e+01 -1.7578e+00 -1.5012e+00
430 +9.323734247e-04 +9.323734247e-04 -5.493906763e+01 -5.493906763e+01 -1.6982e+00 -1.5141e+00
435 +5.165554376e-04 +5.165554376e-04 -5.493948344e+01 -5.493948344e+01 -1.7189e+00 -1.5096e+00
486 +2.071365329e-04 +2.071365329e-04 -5.493979286e+01 -5.493979286e+01 -1.7165e+00 -1.5101e+00
530 +1.261394876e-04 +1.261394876e-04 -5.493987386e+01 -5.493987386e+01 -1.7165e+00 -1.5101e+00
538 +4.836104611e-05 +4.836104611e-05 -5.493995164e+01 -5.493995164e+01 -1.7291e+00 -1.5074e+00
558 +2.414656118e-05 +2.414656118e-05 -5.493997585e+01 -5.493997585e+01 -1.7219e+00 -1.5090e+00
591 +1.393863359e-05 +1.393863359e-05 -5.493998606e+01 -5.493998606e+01 -1.7289e+00 -1.5075e+00
596 +5.716922793e-06 +5.716922793e-06 -5.493999428e+01 -5.493999428e+01 -1.7286e+00 -1.5075e+00
664 +3.580375676e-06 +3.580375676e-06 -5.493999642e+01 -5.493999642e+01 -1.7281e+00 -1.5076e+00
688 +1.012541283e-06 +1.012541283e-06 -5.493999899e+01 -5.493999899e+01 -1.7271e+00 -1.5078e+00
712 +8.949923682e-07 +8.949923682e-07 -5.493999911e+01 -5.493999911e+01 -1.7269e+00 -1.5079e+00
717 +5.340363174e-07 +5.340363174e-07 -5.493999947e+01 -5.493999947e+01 -1.7270e+00 -1.5079e+00
721 +1.684063733e-08 +1.684063733e-08 -5.493999998e+01 -5.493999998e+01 -1.7265e+00 -1.5080e+00
796 +3.326690035e-10 +3.326690035e-10 -5.494000000e+01 -5.494000000e+01 -1.7264e+00 -1.5080e+00
% function evaluation | noise-free fitness - Fopt (5.913000000000e+01) | best noise-free fitness - Fopt | measured fitness | best measured fitness | x1 | x2...
1 +2.681158559e+06 +2.681158559e+06 +2.681217689e+06 +2.681217689e+06 +8.1302e-01 -3.1120e+00
2 +4.545301202e+05 +4.545301202e+05 +4.545892502e+05 +4.545892502e+05 -2.4250e+00 +1.4204e+00
4 +3.735736138e+05 +3.735736138e+05 +3.736327438e+05 +3.736327438e+05 -2.1730e+00 +2.9431e+00
10 +2.433640570e+04 +2.433640570e+04 +2.439553570e+04 +2.439553570e+04 -3.5842e+00 +3.5377e+00
41 +3.493283695e+02 +3.493283695e+02 +4.084583695e+02 +4.084583695e+02 -3.8295e+00 +3.5377e+00
85 +1.341438634e+02 +1.341438634e+02 +1.932738634e+02 +1.932738634e+02 -2.8551e+00 +2.6825e+00
103 +1.121752378e+01 +1.121752378e+01 +7.034752378e+01 +7.034752378e+01 -2.1569e+00 +2.0188e+00
123 +4.488120855e+00 +4.488120855e+00 +6.361812085e+01 +6.361812085e+01 -3.8015e+00 +3.5377e+00
198 +3.348078566e+00 +3.348078566e+00 +6.247807857e+01 +6.247807857e+01 -3.4273e+00 +3.1943e+00
221 +2.304650379e+00 +2.304650379e+00 +6.143465038e+01 +6.143465038e+01 -2.9757e+00 +2.7761e+00
247 +5.412162486e-01 +5.412162486e-01 +5.967121625e+01 +5.967121625e+01 -2.8225e+00 +2.6362e+00
251 +2.805542094e-01 +2.805542094e-01 +5.941055421e+01 +5.941055421e+01 -2.2736e+00 +2.1303e+00
278 +2.610885820e-02 +2.610885820e-02 +5.915610886e+01 +5.915610886e+01 -2.1618e+00 +2.0281e+00
333 +8.912516734e-03 +8.912516734e-03 +5.913891252e+01 +5.913891252e+01 -2.1955e+00 +2.0591e+00
335 +2.744532663e-03 +2.744532663e-03 +5.913274453e+01 +5.913274453e+01 -2.2255e+00 +2.0867e+00
372 +1.708499875e-03 +1.708499875e-03 +5.913170850e+01 +5.913170850e+01 -2.2360e+00 +2.0963e+00
382 +8.787027680e-04 +8.787027680e-04 +5.913087870e+01 +5.913087870e+01 -2.2395e+00 +2.0996e+00
424 +2.511282025e-04 +2.511282025e-04 +5.913025113e+01 +5.913025113e+01 -2.2717e+00 +2.1292e+00
481 +6.432290719e-05 +6.432290719e-05 +5.913006432e+01 +5.913006432e+01 -2.2575e+00 +2.1162e+00
507 +2.320170245e-05 +2.320170245e-05 +5.913002320e+01 +5.913002320e+01 -2.2638e+00 +2.1219e+00
586 +1.158687885e-05 +1.158687885e-05 +5.913001159e+01 +5.913001159e+01 -2.2592e+00 +2.1178e+00
591 +1.874226164e-06 +1.874226164e-06 +5.913000187e+01 +5.913000187e+01 -2.2608e+00 +2.1192e+00
642 +2.041759828e-07 +2.041759828e-07 +5.913000020e+01 +5.913000020e+01 -2.2611e+00 +2.1195e+00
707 +1.430364591e-07 +1.430364591e-07 +5.913000014e+01 +5.913000014e+01 -2.2608e+00 +2.1192e+00
733 +6.029586785e-08 +6.029586785e-08 +5.913000006e+01 +5.913000006e+01 -2.2606e+00 +2.1190e+00
796 +3.624778344e-08 +3.624778344e-08 +5.913000004e+01 +5.913000004e+01 -2.2608e+00 +2.1192e+00
809 +2.117691622e-08 +2.117691622e-08 +5.913000002e+01 +5.913000002e+01 -2.2609e+00 +2.1193e+00
810 +1.073122746e-08 +1.073122746e-08 +5.913000001e+01 +5.913000001e+01 -2.2608e+00 +2.1192e+00
883 +7.282622505e-09 +7.282622505e-09 +5.913000001e+01 +5.913000001e+01 -2.2607e+00 +2.1191e+00
% function evaluation | noise-free fitness - Fopt (-4.915300000000e+02) | best noise-free fitness - Fopt | measured fitness | best measured fitness | x1 | x2...
1 +1.074940181e+07 +1.074940181e+07 +1.074891028e+07 +1.074891028e+07 +8.8680e-01 +2.7480e+00
2 +1.965427487e+06 +1.965427487e+06 +1.964935957e+06 +1.964935957e+06 -2.8858e+00 -2.1955e-01
3 +2.741473866e+05 +2.741473866e+05 +2.736558566e+05 +2.736558566e+05 -4.1446e+00 +3.1076e+00
8 +1.619979314e+04 +1.619979314e+04 +1.570826314e+04 +1.570826314e+04 -5.6496e-01 -4.8419e-01
11 +3.874346412e+01 +3.874346412e+01 -4.527865359e+02 -4.527865359e+02 -5.6496e-01 -3.2657e-01
89 +5.431874850e+00 +5.431874850e+00 -4.860981251e+02 -4.860981251e+02 -1.7512e+00 +5.9116e-01
201 +3.453417811e+00 +3.453417811e+00 -4.880765822e+02 -4.880765822e+02 -1.1805e+00 +1.5416e-01
216 +2.167559928e+00 +2.167559928e+00 -4.893624401e+02 -4.893624401e+02 -9.8907e-01 +6.7956e-03
223 +5.969196500e-01 +5.969196500e-01 -4.909330803e+02 -4.909330803e+02 -4.6631e-01 -3.9345e-01
253 +3.178631981e-01 +3.178631981e-01 -4.912121368e+02 -4.912121368e+02 -7.9538e-02 -6.8969e-01
277 +1.454676557e-01 +1.454676557e-01 -4.913845323e+02 -4.913845323e+02 -2.1135e-01 -5.8943e-01
293 +7.165339132e-02 +7.165339132e-02 -4.914583466e+02 -4.914583466e+02 +1.2376e-01 -8.4571e-01
296 +3.626622437e-02 +3.626622437e-02 -4.914937338e+02 -4.914937338e+02 +1.4448e-01 -8.6213e-01
349 +1.839496921e-02 +1.839496921e-02 -4.915116050e+02 -4.915116050e+02 +1.0052e-02 -7.5910e-01
357 +6.360618832e-04 +6.360618832e-04 -4.915293639e+02 -4.915293639e+02 +5.5001e-02 -7.9336e-01
403 +5.618791632e-04 +5.618791632e-04 -4.915294381e+02 -4.915294381e+02 +6.7036e-02 -8.0256e-01
465 +3.923995657e-04 +3.923995657e-04 -4.915296076e+02 -4.915296076e+02 +6.7457e-02 -8.0289e-01
500 +2.068941320e-04 +2.068941320e-04 -4.915297931e+02 -4.915297931e+02 +6.4553e-02 -8.0068e-01
508 +6.969266906e-07 +6.969266906e-07 -4.915299993e+02 -4.915299993e+02 +7.1448e-02 -8.0598e-01
572 +2.743099117e-07 +2.743099117e-07 -4.915299997e+02 -4.915299997e+02 +7.2306e-02 -8.0663e-01
593 +4.348174798e-08 +4.348174798e-08 -4.915300000e+02 -4.915300000e+02 +7.1823e-02 -8.0626e-01
663 +3.866767884e-08 +3.866767884e-08 -4.915300000e+02 -4.915300000e+02 +7.1855e-02 -8.0629e-01
732 +7.112248568e-10 +7.112248568e-10 -4.915300000e+02 -4.915300000e+02 +7.1995e-02 -8.0640e-01
% function evaluation | noise-free fitness - Fopt (-1.702000000000e+02) | best noise-free fitness - Fopt | measured fitness | best measured fitness | x1 | x2...
1 +1.084895830e+05 +1.084895830e+05 +1.083193830e+05 +1.083193830e+05 +1.7791e+00 -4.5646e+00
10 +4.257206493e+04 +4.257206493e+04 +4.240186493e+04 +4.240186493e+04 +1.2495e+00 -4.2952e+00
32 +3.352475472e+03 +3.352475472e+03 +3.182275472e+03 +3.182275472e+03 -1.5959e+00 -2.2391e+00
67 +7.807112341e+02 +7.807112341e+02 +6.105112341e+02 +6.105112341e+02 -3.2784e+00 -1.0116e+00
92 +8.073265580e+01 +8.073265580e+01 -8.946734420e+01 -8.946734420e+01 -3.3223e+00 -9.5393e-01
98 +2.652326811e+01 +2.652326811e+01 -1.436767319e+02 -1.436767319e+02 -3.3790e+00 -8.9035e-01
106 +7.418222202e-01 +7.418222202e-01 -1.694581778e+02 -1.694581778e+02 -4.2473e+00 -2.1021e-01
177 +1.094632939e-01 +1.094632939e-01 -1.700905367e+02 -1.700905367e+02 -3.7396e+00 -6.1147e-01
260 +5.301350540e-02 +5.301350540e-02 -1.701469865e+02 -1.701469865e+02 -3.5515e+00 -7.6077e-01
290 +2.975585346e-02 +2.975585346e-02 -1.701702441e+02 -1.701702441e+02 -3.6818e+00 -6.5743e-01
296 +2.149659282e-02 +2.149659282e-02 -1.701785034e+02 -1.701785034e+02 -3.6574e+00 -6.7668e-01
304 +5.670329270e-03 +5.670329270e-03 -1.701943297e+02 -1.701943297e+02 -3.5166e+00 -7.8800e-01
313 +3.647533686e-03 +3.647533686e-03 -1.701963525e+02 -1.701963525e+02 -3.5798e+00 -7.3801e-01
347 +2.351271102e-03 +2.351271102e-03 -1.701976487e+02 -1.701976487e+02 -3.5643e+00 -7.5044e-01
383 +9.384701425e-04 +9.384701425e-04 -1.701990615e+02 -1.701990615e+02 -3.5684e+00 -7.4718e-01
408 +7.116228645e-05 +7.116228645e-05 -1.701999288e+02 -1.701999288e+02 -3.5662e+00 -7.4886e-01
464 +6.051200631e-05 +6.051200631e-05 -1.701999395e+02 -1.701999395e+02 -3.5644e+00 -7.5027e-01
471 +2.906521672e-05 +2.906521672e-05 -1.701999709e+02 -1.701999709e+02 -3.5630e+00 -7.5140e-01
494 +4.947833787e-06 +4.947833787e-06 -1.701999951e+02 -1.701999951e+02 -3.5610e+00 -7.5298e-01
541 +1.144663742e-06 +1.144663742e-06 -1.701999989e+02 -1.701999989e+02 -3.5593e+00 -7.5429e-01
598 +1.664496665e-07 +1.664496665e-07 -1.701999998e+02 -1.701999998e+02 -3.5595e+00 -7.5416e-01
612 +8.699325349e-08 +8.699325349e-08 -1.701999999e+02 -1.701999999e+02 -3.5590e+00 -7.5455e-01
642 +4.910472740e-08 +4.910472740e-08 -1.702000000e+02 -1.702000000e+02 -3.5591e+00 -7.5447e-01
663 +8.955566955e-09 +8.955566955e-09 -1.702000000e+02 -1.702000000e+02 -3.5593e+00 -7.5434e-01
% function evaluation | noise-free fitness - Fopt (-4.697500000000e+02) | best noise-free fitness - Fopt | measured fitness | best measured fitness | x1 | x2...
1 +2.413906640e+05 +2.413906640e+05 +2.409209140e+05 +2.409209140e+05 +2.1615e+00 -3.2950e+00
5 +1.359685031e+05 +1.359685031e+05 +1.354987531e+05 +1.354987531e+05 +3.8883e+00 -2.2772e+00
11 +6.182213739e+03 +6.182213739e+03 +5.712463739e+03 +5.712463739e+03 +8.8555e+00 -2.1876e+00
41 +3.543693926e+01 +3.543693926e+01 -4.343130607e+02 -4.343130607e+02 +5.4380e+00 -2.5367e+00
212 +2.381576725e+01 +2.381576725e+01 -4.459342328e+02 -4.459342328e+02 +4.9076e+00 -2.5807e+00
249 +1.194439967e+01 +1.194439967e+01 -4.578056003e+02 -4.578056003e+02 +3.5481e+00 -2.6886e+00
263 +7.742208204e+00 +7.742208204e+00 -4.620077918e+02 -4.620077918e+02 +2.0875e+00 -2.8024e+00
281 +6.247595604e+00 +6.247595604e+00 -4.635024044e+02 -4.635024044e+02 +2.0140e+00 -2.8084e+00
367 +2.184762670e+00 +2.184762670e+00 -4.675652373e+02 -4.675652373e+02 +1.5598e+00 -2.8462e+00
385 +4.099902861e-01 +4.099902861e-01 -4.693400097e+02 -4.693400097e+02 +5.8531e-01 -2.9232e+00
396 +2.735206483e-01 +2.735206483e-01 -4.694764794e+02 -4.694764794e+02 -8.3529e-02 -2.9754e+00
404 +7.692404375e-03 +7.692404375e-03 -4.697423076e+02 -4.697423076e+02 +1.0831e-01 -2.9607e+00
479 +1.736107108e-03 +1.736107108e-03 -4.697482639e+02 -4.697482639e+02 +2.6898e-02 -2.9672e+00
572 +1.054617440e-03 +1.054617440e-03 -4.697489454e+02 -4.697489454e+02 +5.4012e-02 -2.9650e+00
593 +2.263734057e-04 +2.263734057e-04 -4.697497736e+02 -4.697497736e+02 +2.8285e-02 -2.9671e+00
625 +8.534106541e-06 +8.534106541e-06 -4.697499915e+02 -4.697499915e+02 +2.8770e-02 -2.9670e+00
797 +4.533755373e-06 +4.533755373e-06 -4.697499955e+02 -4.697499955e+02 +2.5222e-02 -2.9673e+00
801 +3.508485577e-06 +3.508485577e-06 -4.697499965e+02 -4.697499965e+02 +2.4874e-02 -2.9673e+00
804 +9.946414252e-07 +9.946414252e-07 -4.697499990e+02 -4.697499990e+02 +2.6651e-02 -2.9672e+00
827 +5.477646710e-07 +5.477646710e-07 -4.697499995e+02 -4.697499995e+02 +2.5943e-02 -2.9672e+00
844 +4.790598496e-08 +4.790598496e-08 -4.697500000e+02 -4.697500000e+02 +2.6455e-02 -2.9672e+00
919 +7.945232028e-09 +7.945232028e-09 -4.697500000e+02 -4.697500000e+02 +2.6361e-02 -2.9672e+00
% function evaluation | noise-free fitness - Fopt (-2.178200000000e+02) | best noise-free fitness - Fopt | measured fitness | best measured fitness | x1 | x2...
1 +5.036477288e+05 +5.036477288e+05 +5.034299088e+05 +5.034299088e+05 -2.0955e-01 -1.9450e+00
4 +1.386846041e+04 +1.386846041e+04 +1.365064041e+04 +1.365064041e+04 -2.2768e+00 -4.3131e+00
29 +7.105727483e+03 +7.105727483e+03 +6.887907483e+03 +6.887907483e+03 -4.7245e+00 -6.4470e+00
52 +2.408504976e+03 +2.408504976e+03 +2.190684976e+03 +2.190684976e+03 -5.4072e+00 -6.9148e+00
72 +2.160937560e+02 +2.160937560e+02 -1.726243998e+00 -1.726243998e+00 -2.5724e+00 -4.6643e+00
85 +1.494025813e+00 +1.494025813e+00 -2.163259742e+02 -2.163259742e+02 -1.4944e+00 -3.8546e+00
202 +5.567814931e-01 +5.567814931e-01 -2.172632185e+02 -2.172632185e+02 -9.7593e-01 -3.4593e+00
260 +2.397543396e-01 +2.397543396e-01 -2.175802457e+02 -2.175802457e+02 -1.3912e+00 -3.7775e+00
270 +9.902868464e-02 +9.902868464e-02 -2.177209713e+02 -2.177209713e+02 -1.4934e+00 -3.8556e+00
303 +6.108628525e-02 +6.108628525e-02 -2.177589137e+02 -2.177589137e+02 -1.4565e+00 -3.8268e+00
319 +2.210305129e-02 +2.210305129e-02 -2.177978969e+02 -2.177978969e+02 -1.2844e+00 -3.6953e+00
334 +1.017353200e-02 +1.017353200e-02 -2.178098265e+02 -2.178098265e+02 -1.3636e+00 -3.7559e+00
364 +4.599145425e-03 +4.599145425e-03 -2.178154009e+02 -2.178154009e+02 -1.2560e+00 -3.6732e+00
420 +7.893618686e-04 +7.893618686e-04 -2.178192106e+02 -2.178192106e+02 -1.3130e+00 -3.7170e+00
421 +4.224712430e-04 +4.224712430e-04 -2.178195775e+02 -2.178195775e+02 -1.3143e+00 -3.7180e+00
502 +3.172496101e-04 +3.172496101e-04 -2.178196828e+02 -2.178196828e+02 -1.2867e+00 -3.6968e+00
511 +1.385330845e-04 +1.385330845e-04 -2.178198615e+02 -2.178198615e+02 -1.2967e+00 -3.7045e+00
533 +6.297608806e-05 +6.297608806e-05 -2.178199370e+02 -2.178199370e+02 -1.2924e+00 -3.7012e+00
537 +5.443738530e-06 +5.443738530e-06 -2.178199946e+02 -2.178199946e+02 -1.2996e+00 -3.7067e+00
601 +5.166472192e-07 +5.166472192e-07 -2.178199995e+02 -2.178199995e+02 -1.2995e+00 -3.7066e+00
636 +3.924800467e-07 +3.924800467e-07 -2.178199996e+02 -2.178199996e+02 -1.2988e+00 -3.7061e+00
637 +2.465050102e-07 +2.465050102e-07 -2.178199998e+02 -2.178199998e+02 -1.2990e+00 -3.7062e+00
638 +1.253326616e-07 +1.253326616e-07 -2.178199999e+02 -2.178199999e+02 -1.2995e+00 -3.7066e+00
639 +3.959280548e-08 +3.959280548e-08 -2.178200000e+02 -2.178200000e+02 -1.2992e+00 -3.7064e+00
698 +9.055469263e-09 +9.055469263e-09 -2.178200000e+02 -2.178200000e+02 -1.2991e+00 -3.7063e+00
% function evaluation | noise-free fitness - Fopt (-2.180000000000e+01) | best noise-free fitness - Fopt | measured fitness | best measured fitness | x1 | x2...
1 +9.343917871e+06 +9.343917871e+06 +9.343896071e+06 +9.343896071e+06 +2.1264e+00 -3.6603e+00
2 +2.900284165e+06 +2.900284165e+06 +2.900262365e+06 +2.900262365e+06 -9.1785e-01 +3.4488e+00
4 +1.538352966e+06 +1.538352966e+06 +1.538331166e+06 +1.538331166e+06 -1.2083e+00 +3.1446e+00
11 +1.051663301e+03 +1.051663301e+03 +1.029863301e+03 +1.029863301e+03 -3.6695e+00 +3.1446e+00
15 +3.732977860e+01 +3.732977860e+01 +1.552977860e+01 +1.552977860e+01 -3.4387e+00 +3.0616e+00
73 +1.254410587e+01 +1.254410587e+01 -9.255894135e+00 -9.255894135e+00 -4.0614e+00 +3.4042e+00
116 +2.300246724e-01 +2.300246724e-01 -2.156997533e+01 -2.156997533e+01 -1.1897e+00 +1.7941e+00
211 +3.115467616e-02 +3.115467616e-02 -2.176884532e+01 -2.176884532e+01 -1.0825e+00 +1.7346e+00
408 +1.256135685e-02 +1.256135685e-02 -2.178743864e+01 -2.178743864e+01 -9.0804e-01 +1.6366e+00
463 +4.814773835e-03 +4.814773835e-03 -2.179518523e+01 -2.179518523e+01 -9.6952e-01 +1.6710e+00
499 +3.813554970e-03 +3.813554970e-03 -2.179618645e+01 -2.179618645e+01 -1.0169e+00 +1.6978e+00
523 +1.240323642e-03 +1.240323642e-03 -2.179875968e+01 -2.179875968e+01 -9.9209e-01 +1.6838e+00
534 +4.148905515e-04 +4.148905515e-04 -2.179958511e+01 -2.179958511e+01 -1.0061e+00 +1.6917e+00
545 +1.239020554e-04 +1.239020554e-04 -2.179987610e+01 -2.179987610e+01 -9.8758e-01 +1.6812e+00
567 +8.821491907e-05 +8.821491907e-05 -2.179991179e+01 -2.179991179e+01 -1.0029e+00 +1.6898e+00
583 +4.943375093e-05 +4.943375093e-05 -2.179995057e+01 -2.179995057e+01 -1.0030e+00 +1.6899e+00
651 +2.224726191e-05 +2.224726191e-05 -2.179997775e+01 -2.179997775e+01 -9.9759e-01 +1.6868e+00
701 +5.739715753e-06 +5.739715753e-06 -2.179999426e+01 -2.179999426e+01 -9.9891e-01 +1.6876e+00
723 +1.883463440e-06 +1.883463440e-06 -2.179999812e+01 -2.179999812e+01 -9.9554e-01 +1.6857e+00
772 +2.321693415e-07 +2.321693415e-07 -2.179999977e+01 -2.179999977e+01 -9.9638e-01 +1.6862e+00
803 +1.678037620e-08 +1.678037620e-08 -2.179999998e+01 -2.179999998e+01 -9.9678e-01 +1.6864e+00
831 +1.345354761e-08 +1.345354761e-08 -2.179999999e+01 -2.179999999e+01 -9.9690e-01 +1.6865e+00
845 +2.425348811e-09 +2.425348811e-09 -2.180000000e+01 -2.180000000e+01 -9.9676e-01 +1.6864e+00
% function evaluation | noise-free fitness - Fopt (8.714000000000e+01) | best noise-free fitness - Fopt | measured fitness | best measured fitness | x1 | x2...
1 +1.824833058e+07 +1.824833058e+07 +1.824841772e+07 +1.824841772e+07 -1.9749e+00 -4.0686e+00
3 +1.285264306e+07 +1.285264306e+07 +1.285273020e+07 +1.285273020e+07 +3.1507e+00 +3.6487e+00
4 +3.194705229e+05 +3.194705229e+05 +3.195576629e+05 +3.195576629e+05 +3.2722e+00 -3.8502e+00
20 +1.391255398e+05 +1.391255398e+05 +1.392126798e+05 +1.392126798e+05 +4.9357e+00 -9.9186e+00
35 +4.510669137e+04 +4.510669137e+04 +4.519383137e+04 +4.519383137e+04 +3.5269e-01 +1.6256e+00
39 +3.112924392e+04 +3.112924392e+04 +3.121638392e+04 +3.121638392e+04 +2.0731e+00 -3.0959e+00
45 +1.619879234e+04 +1.619879234e+04 +1.628593234e+04 +1.628593234e+04 +3.6454e+00 -5.8359e+00
51 +9.159863345e+03 +9.159863345e+03 +9.247003345e+03 +9.247003345e+03 +3.4058e+00 -5.8269e+00
59 +5.478514283e+03 +5.478514283e+03 +5.565654283e+03 +5.565654283e+03 +3.1018e+00 -5.1261e+00
92 +4.616927913e+02 +4.616927913e+02 +5.488327913e+02 +5.488327913e+02 +3.9212e+00 -6.7891e+00
112 +3.896355390e+02 +3.896355390e+02 +4.767755390e+02 +4.767755390e+02 +3.9230e+00 -6.7891e+00
114 +6.385274017e+01 +6.385274017e+01 +1.509927402e+02 +1.509927402e+02 +2.4423e+00 -3.4696e+00
133 +3.378932638e+01 +3.378932638e+01 +1.209293264e+02 +1.209293264e+02 +1.4658e+00 -1.3443e+00
182 +1.228467431e+01 +1.228467431e+01 +9.942467431e+01 +9.942467431e+01 +1.5198e+00 -1.4493e+00
201 +6.633736043e+00 +6.633736043e+00 +9.377373604e+01 +9.377373604e+01 +9.2498e-01 -1.3810e-01
239 +3.079663297e+00 +3.079663297e+00 +9.021966330e+01 +9.021966330e+01 +4.0827e-01 +9.9160e-01
264 +1.100767107e+00 +1.100767107e+00 +8.824076711e+01 +8.824076711e+01 +4.8181e-01 +8.3201e-01
275 +3.548596685e-02 +3.548596685e-02 +8.717548597e+01 +8.717548597e+01 +9.8969e-02 +1.6773e+00
307 +1.685561911e-02 +1.685561911e-02 +8.715685562e+01 +8.715685562e+01 +1.5957e-01 +1.5438e+00
417 +2.823686476e-03 +2.823686476e-03 +8.714282369e+01 +8.714282369e+01 +1.3086e-01 +1.6066e+00
435 +3.469919698e-04 +3.469919698e-04 +8.714034699e+01 +8.714034699e+01 +1.4398e-01 +1.5778e+00
520 +1.444898935e-04 +1.444898935e-04 +8.714014449e+01 +8.714014449e+01 +1.4278e-01 +1.5805e+00
541 +9.722049694e-05 +9.722049694e-05 +8.714009722e+01 +8.714009722e+01 +1.4197e-01 +1.5822e+00
556 +5.663693669e-05 +5.663693669e-05 +8.714005664e+01 +8.714005664e+01 +1.4210e-01 +1.5819e+00
571 +3.758583546e-05 +3.758583546e-05 +8.714003759e+01 +8.714003759e+01 +1.4189e-01 +1.5824e+00
578 +2.061950786e-05 +2.061950786e-05 +8.714002062e+01 +8.714002062e+01 +1.3910e-01 +1.5885e+00
590 +1.015451970e-05 +1.015451970e-05 +8.714001015e+01 +8.714001015e+01 +1.3972e-01 +1.5872e+00
654 +3.398543953e-07 +3.398543953e-07 +8.714000034e+01 +8.714000034e+01 +1.4085e-01 +1.5847e+00
780 +4.550641108e-08 +4.550641108e-08 +8.714000005e+01 +8.714000005e+01 +1.4089e-01 +1.5846e+00
799 +3.194531928e-08 +3.194531928e-08 +8.714000003e+01 +8.714000003e+01 +1.4088e-01 +1.5846e+00
836 +3.678337634e-09 +3.678337634e-09 +8.714000000e+01 +8.714000000e+01 +1.4082e-01 +1.5848e+00
% function evaluation | noise-free fitness - Fopt (-4.690000000000e+00) | best noise-free fitness - Fopt | measured fitness | best measured fitness | x1 | x2...
1 +3.947904716e+06 +3.947904716e+06 +3.947900026e+06 +3.947900026e+06 +3.8576e+00 -1.8995e+00
2 +5.439070467e+05 +5.439070467e+05 +5.439023567e+05 +5.439023567e+05 +4.6939e+00 +7.7056e-01
8 +1.473480252e+05 +1.473480252e+05 +1.473433352e+05 +1.473433352e+05 -2.0208e+00 +2.6711e+00
9 +1.426648640e+01 +1.426648640e+01 +9.576486400e+00 +9.576486400e+00 -3.8350e+00 +2.9100e+00
124 +6.370479246e+00 +6.370479246e+00 +1.680479246e+00 +1.680479246e+00 +4.2634e-01 +1.4186e+00
196 +2.512777963e+00 +2.512777963e+00 -2.177222037e+00 -2.177222037e+00 +3.4094e-02 +1.5577e+00
216 +2.349635408e+00 +2.349635408e+00 -2.340364592e+00 -2.340364592e+00 -2.3854e+00 +2.4042e+00
243 +9.194009706e-01 +9.194009706e-01 -3.770599029e+00 -3.770599029e+00 -1.1824e+00 +1.9829e+00
245 +5.669204191e-01 +5.669204191e-01 -4.123079581e+00 -4.123079581e+00 -1.2029e+00 +1.9919e+00
253 +1.103199301e-01 +1.103199301e-01 -4.579680070e+00 -4.579680070e+00 -1.6360e+00 +2.1427e+00
294 +6.820659121e-02 +6.820659121e-02 -4.621793409e+00 -4.621793409e+00 -1.3190e+00 +2.0320e+00
319 +1.420982641e-02 +1.420982641e-02 -4.675790174e+00 -4.675790174e+00 -1.3523e+00 +2.0433e+00
360 +5.417486653e-03 +5.417486653e-03 -4.684582513e+00 -4.684582513e+00 -1.2935e+00 +2.0227e+00
364 +3.047400795e-03 +3.047400795e-03 -4.686952599e+00 -4.686952599e+00 -1.3315e+00 +2.0361e+00
416 +2.403947447e-03 +2.403947447e-03 -4.687596053e+00 -4.687596053e+00 -1.3407e+00 +2.0393e+00
428 +1.473526704e-03 +1.473526704e-03 -4.688526473e+00 -4.688526473e+00 -1.3647e+00 +2.0477e+00
472 +4.808856378e-04 +4.808856378e-04 -4.689519114e+00 -4.689519114e+00 -1.3515e+00 +2.0431e+00
487 +3.240741729e-04 +3.240741729e-04 -4.689675926e+00 -4.689675926e+00 -1.3314e+00 +2.0361e+00
549 +2.332225833e-04 +2.332225833e-04 -4.689766777e+00 -4.689766777e+00 -1.3323e+00 +2.0364e+00
587 +4.446701600e-05 +4.446701600e-05 -4.689955533e+00 -4.689955533e+00 -1.3369e+00 +2.0380e+00
603 +3.608198995e-06 +3.608198995e-06 -4.689996392e+00 -4.689996392e+00 -1.3307e+00 +2.0358e+00
685 +4.523472716e-07 +4.523472716e-07 -4.689999548e+00 -4.689999548e+00 -1.3318e+00 +2.0362e+00
806 +1.028316081e-07 +1.028316081e-07 -4.689999897e+00 -4.689999897e+00 -1.3311e+00 +2.0360e+00
837 +6.997398216e-09 +6.997398216e-09 -4.689999993e+00 -4.689999993e+00 -1.3313e+00 +2.0360e+00
% function evaluation | noise-free fitness - Fopt (-1.800000000000e+00) | best noise-free fitness - Fopt | measured fitness | best measured fitness | x1 | x2...
1 +4.838934455e+06 +4.838934455e+06 +4.838932655e+06 +4.838932655e+06 -2.6702e+00 +4.2417e-02
2 +2.026495051e+06 +2.026495051e+06 +2.026493251e+06 +2.026493251e+06 +2.6255e+00 +3.3092e+00
3 +1.574978484e+06 +1.574978484e+06 +1.574976684e+06 +1.574976684e+06 -3.5910e+00 +3.5111e+00
6 +4.902358990e+05 +4.902358990e+05 +4.902340990e+05 +4.902340990e+05 +3.4395e+00 +2.4904e+00
7 +1.892765347e+05 +1.892765347e+05 +1.892747347e+05 +1.892747347e+05 -3.9407e+00 +2.8463e+00
11 +1.386131858e+04 +1.386131858e+04 +1.385951858e+04 +1.385951858e+04 -3.9407e+00 +2.5030e+00
38 +8.240642070e+02 +8.240642070e+02 +8.222642070e+02 +8.222642070e+02 -4.6218e+00 +2.4699e+00
67 +3.526616344e+01 +3.526616344e+01 +3.346616344e+01 +3.346616344e+01 -1.0671e+00 +2.1669e+00
80 +3.121554913e+00 +3.121554913e+00 +1.321554913e+00 +1.321554913e+00 +1.3834e+00 +1.9683e+00
155 +1.481446164e+00 +1.481446164e+00 -3.185538358e-01 -3.185538358e-01 +1.6709e-01 +2.0631e+00
183 +5.730788165e-01 +5.730788165e-01 -1.226921184e+00 -1.226921184e+00 +1.9234e+00 +1.9232e+00
248 +9.876933137e-02 +9.876933137e-02 -1.701230669e+00 -1.701230669e+00 +1.0709e+00 +1.9916e+00
322 +5.040578044e-02 +5.040578044e-02 -1.749594220e+00 -1.749594220e+00 +1.3486e+00 +1.9695e+00
325 +3.788737118e-02 +3.788737118e-02 -1.762112629e+00 -1.762112629e+00 +1.4430e+00 +1.9619e+00
344 +1.653819051e-02 +1.653819051e-02 -1.783461809e+00 -1.783461809e+00 +1.3521e+00 +1.9691e+00
354 +1.050851121e-02 +1.050851121e-02 -1.789491489e+00 -1.789491489e+00 +1.3486e+00 +1.9692e+00
366 +2.194415150e-03 +2.194415150e-03 -1.797805585e+00 -1.797805585e+00 +1.2445e+00 +1.9775e+00
371 +5.165700157e-04 +5.165700157e-04 -1.799483430e+00 -1.799483430e+00 +1.2620e+00 +1.9761e+00
418 +3.438105508e-04 +3.438105508e-04 -1.799656189e+00 -1.799656189e+00 +1.2927e+00 +1.9737e+00
431 +1.246447524e-05 +1.246447524e-05 -1.799987536e+00 -1.799987536e+00 +1.2866e+00 +1.9742e+00
538 +8.785759370e-06 +8.785759370e-06 -1.799991214e+00 -1.799991214e+00 +1.2816e+00 +1.9746e+00
543 +4.055143962e-06 +4.055143962e-06 -1.799995945e+00 -1.799995945e+00 +1.2821e+00 +1.9746e+00
547 +2.122010494e-06 +2.122010494e-06 -1.799997878e+00 -1.799997878e+00 +1.2827e+00 +1.9745e+00
570 +4.173054018e-07 +4.173054018e-07 -1.799999583e+00 -1.799999583e+00 +1.2838e+00 +1.9744e+00
581 +7.128461355e-08 +7.128461355e-08 -1.799999929e+00 -1.799999929e+00 +1.2843e+00 +1.9744e+00
654 +4.887636917e-08 +4.887636917e-08 -1.799999951e+00 -1.799999951e+00 +1.2842e+00 +1.9744e+00
662 +7.288735171e-09 +7.288735171e-09 -1.799999993e+00 -1.799999993e+00 +1.2840e+00 +1.9744e+00
% function evaluation | noise-free fitness - Fopt (5.522000000000e+01) | best noise-free fitness - Fopt | measured fitness | best measured fitness | x1 | x2...
1 +2.087376097e+06 +2.087376097e+06 +2.087431317e+06 +2.087431317e+06 +1.9855e+00 -1.4972e+00
3 +1.261535645e+06 +1.261535645e+06 +1.261590865e+06 +1.261590865e+06 -1.6053e+00 -4.5925e-01
7 +5.444916723e+05 +5.444916723e+05 +5.445468923e+05 +5.445468923e+05 +3.4373e+00 -1.0103e+00
12 +5.941175064e+04 +5.941175064e+04 +5.946697064e+04 +5.946697064e+04 +3.5592e+00 -4.5925e-01
14 +1.247185507e+04 +1.247185507e+04 +1.252707507e+04 +1.252707507e+04 +8.6303e-01 +1.1674e-01
52 +9.379391457e+03 +9.379391457e+03 +9.434611457e+03 +9.434611457e+03 +2.6866e+00 +3.0379e-02
72 +2.146224453e+03 +2.146224453e+03 +2.201444453e+03 +2.201444453e+03 +8.8412e-01 +1.7379e-01
78 +1.357796162e+03 +1.357796162e+03 +1.413016162e+03 +1.413016162e+03 +2.5848e+00 -9.4885e-02
82 +9.299901427e+02 +9.299901427e+02 +9.852101427e+02 +9.852101427e+02 -2.2448e+00 +6.9105e-01
83 +2.384086170e+02 +2.384086170e+02 +2.936286170e+02 +2.936286170e+02 +3.4241e+00 -2.0607e-01
104 +1.407026566e+02 +1.407026566e+02 +1.959226566e+02 +1.959226566e+02 +3.6184e+00 -2.0991e-01
112 +9.446544034e+01 +9.446544034e+01 +1.496854403e+02 +1.496854403e+02 +2.6990e+00 -8.3121e-02
124 +1.831999124e+01 +1.831999124e+01 +7.353999124e+01 +7.353999124e+01 +4.1448e+00 -3.0382e-01
127 +1.122335635e+01 +1.122335635e+01 +6.644335635e+01 +6.644335635e+01 +2.6543e+00 -6.3587e-02
137 +5.399650714e+00 +5.399650714e+00 +6.061965071e+01 +6.061965071e+01 +1.9962e+00 +4.1719e-02
170 +1.653528011e+00 +1.653528011e+00 +5.687352801e+01 +5.687352801e+01 +4.3218e-01 +2.9296e-01
213 +1.346704027e+00 +1.346704027e+00 +5.656670403e+01 +5.656670403e+01 +5.3466e-01 +2.7635e-01
228 +3.721231045e-01 +3.721231045e-01 +5.559212310e+01 +5.559212310e+01 +1.1467e+00 +1.7704e-01
244 +6.902628461e-02 +6.902628461e-02 +5.528902628e+01 +5.528902628e+01 +9.3916e-01 +2.1027e-01
307 +3.573669533e-03 +3.573669533e-03 +5.522357367e+01 +5.522357367e+01 +7.8764e-01 +2.3443e-01
351 +1.673587766e-03 +1.673587766e-03 +5.522167359e+01 +5.522167359e+01 +8.0142e-01 +2.3221e-01
404 +1.209699634e-03 +1.209699634e-03 +5.522120970e+01 +5.522120970e+01 +8.6147e-01 +2.2250e-01
452 +3.023211722e-04 +3.023211722e-04 +5.522030232e+01 +5.522030232e+01 +8.2849e-01 +2.2783e-01
461 +2.384955916e-04 +2.384955916e-04 +5.522023850e+01 +5.522023850e+01 +8.3322e-01 +2.2707e-01
511 +4.544379083e-05 +4.544379083e-05 +5.522004544e+01 +5.522004544e+01 +8.4925e-01 +2.2450e-01
580 +7.974768167e-06 +7.974768167e-06 +5.522000797e+01 +5.522000797e+01 +8.4076e-01 +2.2586e-01
593 +6.012052658e-06 +6.012052658e-06 +5.522000601e+01 +5.522000601e+01 +8.4090e-01 +2.2584e-01
604 +5.453514973e-07 +5.453514973e-07 +5.522000055e+01 +5.522000055e+01 +8.4170e-01 +2.2571e-01
655 +1.133337975e-07 +1.133337975e-07 +5.522000011e+01 +5.522000011e+01 +8.4221e-01 +2.2563e-01
685 +4.704883594e-08 +4.704883594e-08 +5.522000005e+01 +5.522000005e+01 +8.4221e-01 +2.2563e-01
713 +2.070057548e-08 +2.070057548e-08 +5.522000002e+01 +5.522000002e+01 +8.4235e-01 +2.2561e-01
737 +2.118270004e-09 +2.118270004e-09 +5.522000000e+01 +5.522000000e+01 +8.4236e-01 +2.2561e-01
% function evaluation | noise-free fitness - Fopt (1.808000000000e+02) | best noise-free fitness - Fopt | measured fitness | best measured fitness | x1 | x2...
1 +1.135597021e+05 +1.135597021e+05 +1.137405021e+05 +1.137405021e+05 +2.7191e+00 -3.3669e+00
21 +3.321837823e+03 +3.321837823e+03 +3.502637823e+03 +3.502637823e+03 +2.7191e+00 -3.0068e+00
43 +1.161786915e+03 +1.161786915e+03 +1.342586915e+03 +1.342586915e+03 +1.4590e+00 -3.9975e+00
72 +6.053410893e+02 +6.053410893e+02 +7.861410893e+02 +7.861410893e+02 +1.6381e+00 -3.8566e+00
85 +5.627056416e+01 +5.627056416e+01 +2.370705642e+02 +2.370705642e+02 +2.2470e+00 -3.3570e+00
148 +3.418658588e+00 +3.418658588e+00 +1.842186586e+02 +1.842186586e+02 +3.1167e+00 -2.5733e+00
250 +3.748194681e-01 +3.748194681e-01 +1.811748195e+02 +1.811748195e+02 +2.4144e+00 -3.1972e+00
268 +2.679349306e-02 +2.679349306e-02 +1.808267935e+02 +1.808267935e+02 +1.8762e+00 -3.6758e+00
274 +9.197018167e-03 +9.197018167e-03 +1.808091970e+02 +1.808091970e+02 +1.9011e+00 -3.6540e+00
356 +4.017954378e-03 +4.017954378e-03 +1.808040180e+02 +1.808040180e+02 +1.8723e+00 -3.6795e+00
361 +3.079485105e-03 +3.079485105e-03 +1.808030795e+02 +1.808030795e+02 +1.8801e+00 -3.6725e+00
469 +8.122018504e-04 +8.122018504e-04 +1.808008122e+02 +1.808008122e+02 +1.9031e+00 -3.6521e+00
476 +1.506384525e-04 +1.506384525e-04 +1.808001506e+02 +1.808001506e+02 +1.9115e+00 -3.6446e+00
518 +8.447539454e-05 +8.447539454e-05 +1.808000845e+02 +1.808000845e+02 +1.9238e+00 -3.6337e+00
535 +1.115289280e-05 +1.115289280e-05 +1.808000112e+02 +1.808000112e+02 +1.9155e+00 -3.6411e+00
614 +1.877274656e-07 +1.877274656e-07 +1.808000002e+02 +1.808000002e+02 +1.9173e+00 -3.6394e+00
712 +4.493244887e-09 +4.493244887e-09 +1.808000000e+02 +1.808000000e+02 +1.9176e+00 -3.6392e+00
% function evaluation | noise-free fitness - Fopt (-2.261200000000e+02) | best noise-free fitness - Fopt | measured fitness | best measured fitness | x1 | x2...
1 +6.892947728e+06 +6.892947728e+06 +6.892721608e+06 +6.892721608e+06 -3.6573e+00 +4.8616e+00
3 +6.103678057e+06 +6.103678057e+06 +6.103451937e+06 +6.103451937e+06 -3.8381e+00 -1.5868e+00
4 +2.341967454e+06 +2.341967454e+06 +2.341741334e+06 +2.341741334e+06 -3.2200e+00 -1.2385e+00
8 +1.871556906e+05 +1.871556906e+05 +1.869295706e+05 +1.869295706e+05 -8.8180e-01 -4.8606e-01
12 +5.334517307e+04 +5.334517307e+04 +5.311905307e+04 +5.311905307e+04 -1.7848e+00 -5.7684e-01
16 +1.207124995e+04 +1.207124995e+04 +1.184512995e+04 +1.184512995e+04 +2.6630e-01 -2.1420e+00
33 +4.594019578e+02 +4.594019578e+02 +2.332819578e+02 +2.332819578e+02 +2.2460e+00 -3.6551e+00
41 +1.205862857e+02 +1.205862857e+02 -1.055337143e+02 -1.055337143e+02 +2.9646e+00 -4.3000e+00
116 +7.103105633e+01 +7.103105633e+01 -1.550889437e+02 -1.550889437e+02 +3.5706e+00 -4.7987e+00
145 +5.115525880e+01 +5.115525880e+01 -1.749647412e+02 -1.749647412e+02 +2.4371e+00 -3.8475e+00
154 +3.359045894e+01 +3.359045894e+01 -1.925295411e+02 -1.925295411e+02 +1.2303e+00 -2.8277e+00
255 +2.408947897e+01 +2.408947897e+01 -2.020305210e+02 -2.020305210e+02 +1.3057e+00 -2.8874e+00
302 +1.425380733e+01 +1.425380733e+01 -2.118661927e+02 -2.118661927e+02 +3.1818e-01 -2.0534e+00
321 +8.513825052e+00 +8.513825052e+00 -2.176061749e+02 -2.176061749e+02 -5.2276e-01 -1.3424e+00
353 +6.220501136e+00 +6.220501136e+00 -2.198994989e+02 -2.198994989e+02 -7.2208e-01 -1.1717e+00
355 +4.110797206e-01 +4.110797206e-01 -2.257089203e+02 -2.257089203e+02 -2.0419e+00 -5.6725e-02
372 +3.769168414e-01 +3.769168414e-01 -2.257430832e+02 -2.257430832e+02 -2.2224e+00 +9.5436e-02
393 +1.900078653e-01 +1.900078653e-01 -2.259299921e+02 -2.259299921e+02 -2.3382e+00 +1.9354e-01
430 +1.748943670e-02 +1.748943670e-02 -2.261025106e+02 -2.261025106e+02 -2.5299e+00 +3.5602e-01
445 +1.797295626e-03 +1.797295626e-03 -2.261182027e+02 -2.261182027e+02 -2.5009e+00 +3.3158e-01
454 +1.312185521e-03 +1.312185521e-03 -2.261186878e+02 -2.261186878e+02 -2.4981e+00 +3.2930e-01
503 +7.029178162e-04 +7.029178162e-04 -2.261192971e+02 -2.261192971e+02 -2.4845e+00 +3.1778e-01
514 +1.501755648e-04 +1.501755648e-04 -2.261198498e+02 -2.261198498e+02 -2.4675e+00 +3.0339e-01
562 +3.098814136e-05 +3.098814136e-05 -2.261199690e+02 -2.261199690e+02 -2.4703e+00 +3.0578e-01
563 +1.090267790e-05 +1.090267790e-05 -2.261199891e+02 -2.261199891e+02 -2.4698e+00 +3.0538e-01
593 +8.309665446e-06 +8.309665446e-06 -2.261199917e+02 -2.261199917e+02 -2.4697e+00 +3.0523e-01
628 +5.510327753e-06 +5.510327753e-06 -2.261199945e+02 -2.261199945e+02 -2.4710e+00 +3.0635e-01
633 +1.810657949e-06 +1.810657949e-06 -2.261199982e+02 -2.261199982e+02 -2.4709e+00 +3.0628e-01
660 +2.956586513e-07 +2.956586513e-07 -2.261199997e+02 -2.261199997e+02 -2.4717e+00 +3.0692e-01
677 +4.981055213e-08 +4.981055213e-08 -2.261200000e+02 -2.261200000e+02 -2.4719e+00 +3.0708e-01
772 +8.992429912e-09 +8.992429912e-09 -2.261200000e+02 -2.261200000e+02 -2.4721e+00 +3.0726e-01
% function evaluation | noise-free fitness - Fopt (2.337200000000e+02) | best noise-free fitness - Fopt | measured fitness | best measured fitness | x1 | x2...
1 +2.013811229e+06 +2.013811229e+06 +2.014044949e+06 +2.014044949e+06 -1.5221e+00 -1.0109e+00
2 +1.184086841e+06 +1.184086841e+06 +1.184320561e+06 +1.184320561e+06 -6.1091e-01 -5.4199e-01
4 +4.590131631e+04 +4.590131631e+04 +4.613503631e+04 +4.613503631e+04 +2.4098e+00 +1.5818e+00
10 +4.465948787e+03 +4.465948787e+03 +4.699668787e+03 +4.699668787e+03 -5.6049e-01 -1.9451e+00
48 +3.028913556e+03 +3.028913556e+03 +3.262633556e+03 +3.262633556e+03 -1.5385e+00 -3.2306e+00
49 +8.161491219e+02 +8.161491219e+02 +1.049869122e+03 +1.049869122e+03 -3.0634e+00 -4.8095e+00
78 +3.542178467e+02 +3.542178467e+02 +5.879378467e+02 +5.879378467e+02 -2.8999e+00 -4.6950e+00
106 +3.240903166e+01 +3.240903166e+01 +2.661290317e+02 +2.661290317e+02 -2.7742e+00 -4.5179e+00
117 +7.690176709e+00 +7.690176709e+00 +2.414101767e+02 +2.414101767e+02 -1.3604e+00 -2.9436e+00
202 +1.182515072e+00 +1.182515072e+00 +2.349025151e+02 +2.349025151e+02 -1.5033e+00 -3.1089e+00
233 +4.469884902e-01 +4.469884902e-01 +2.341669885e+02 +2.341669885e+02 -1.9426e+00 -3.5971e+00
262 +2.620014969e-01 +2.620014969e-01 +2.339820015e+02 +2.339820015e+02 -1.8087e+00 -3.4478e+00
309 +1.002785317e-01 +1.002785317e-01 +2.338202785e+02 +2.338202785e+02 -2.1224e+00 -3.7989e+00
331 +1.845115544e-02 +1.845115544e-02 +2.337384512e+02 +2.337384512e+02 -2.0118e+00 -3.6753e+00
375 +1.539154172e-02 +1.539154172e-02 +2.337353915e+02 +2.337353915e+02 -2.0025e+00 -3.6649e+00
389 +6.633388175e-03 +6.633388175e-03 +2.337266334e+02 +2.337266334e+02 -1.9736e+00 -3.6326e+00
423 +5.898725295e-03 +5.898725295e-03 +2.337258987e+02 +2.337258987e+02 -1.9736e+00 -3.6327e+00
436 +2.005390244e-03 +2.005390244e-03 +2.337220054e+02 +2.337220054e+02 -1.8938e+00 -3.5435e+00
466 +6.027766108e-04 +6.027766108e-04 +2.337206028e+02 +2.337206028e+02 -1.9071e+00 -3.5584e+00
478 +2.006852034e-04 +2.006852034e-04 +2.337202007e+02 +2.337202007e+02 -1.9159e+00 -3.5682e+00
484 +3.999168638e-05 +3.999168638e-05 +2.337200400e+02 +2.337200400e+02 -1.9190e+00 -3.5716e+00
533 +2.653960641e-05 +2.653960641e-05 +2.337200265e+02 +2.337200265e+02 -1.9204e+00 -3.5732e+00
542 +2.479287767e-05 +2.479287767e-05 +2.337200248e+02 +2.337200248e+02 -1.9175e+00 -3.5700e+00
548 +4.374997161e-06 +4.374997161e-06 +2.337200044e+02 +2.337200044e+02 -1.9185e+00 -3.5712e+00
549 +1.703864257e-06 +1.703864257e-06 +2.337200017e+02 +2.337200017e+02 -1.9191e+00 -3.5718e+00
602 +6.441269988e-07 +6.441269988e-07 +2.337200006e+02 +2.337200006e+02 -1.9195e+00 -3.5722e+00
615 +3.705418408e-07 +3.705418408e-07 +2.337200004e+02 +2.337200004e+02 -1.9202e+00 -3.5731e+00
639 +4.993097491e-09 +4.993097491e-09 +2.337200000e+02 +2.337200000e+02 -1.9200e+00 -3.5728e+00
% function evaluation | noise-free fitness - Fopt (1.795000000000e+02) | best noise-free fitness - Fopt | measured fitness | best measured fitness | x1 | x2...
1 +5.112926585e+07 +5.112926585e+07 +5.112944535e+07 +5.112944535e+07 -2.2047e+00 +4.8982e+00
3 +7.354728517e+06 +7.354728517e+06 +7.354908017e+06 +7.354908017e+06 -2.5096e+00 -5.7449e-01
9 +5.187022359e+04 +5.187022359e+04 +5.204972359e+04 +5.204972359e+04 -1.2045e+00 -4.9914e+00
10 +1.245311433e+04 +1.245311433e+04 +1.263261433e+04 +1.263261433e+04 -2.2842e+00 -4.4645e+00
33 +3.794593136e+02 +3.794593136e+02 +5.589593136e+02 +5.589593136e+02 -1.1726e+00 -5.3553e+00
47 +4.902898698e+01 +4.902898698e+01 +2.285289870e+02 +2.285289870e+02 -2.2393e+00 -4.3640e+00
148 +8.363111976e+00 +8.363111976e+00 +1.878631120e+02 +1.878631120e+02 -2.6610e+00 -3.9657e+00
203 +4.830578259e+00 +4.830578259e+00 +1.843305783e+02 +1.843305783e+02 -2.1734e+00 -4.4141e+00
231 +3.920322953e+00 +3.920322953e+00 +1.834203230e+02 +1.834203230e+02 -2.3317e+00 -4.2688e+00
302 +2.503382313e+00 +2.503382313e+00 +1.820033823e+02 +1.820033823e+02 -2.4689e+00 -4.1443e+00
438 +1.195945633e+00 +1.195945633e+00 +1.806959456e+02 +1.806959456e+02 -2.9550e+00 -3.7001e+00
441 +7.270175264e-01 +7.270175264e-01 +1.802270175e+02 +1.802270175e+02 -3.0594e+00 -3.6045e+00
457 +5.894762528e-01 +5.894762528e-01 +1.800894763e+02 +1.800894763e+02 -3.2987e+00 -3.3853e+00
461 +2.490386441e-01 +2.490386441e-01 +1.797490386e+02 +1.797490386e+02 -3.3902e+00 -3.3019e+00
511 +1.579200442e-01 +1.579200442e-01 +1.796579200e+02 +1.796579200e+02 -3.4542e+00 -3.2436e+00
532 +5.717957510e-02 +5.717957510e-02 +1.795571796e+02 +1.795571796e+02 -3.5725e+00 -3.1355e+00
540 +3.559864956e-02 +3.559864956e-02 +1.795355986e+02 +1.795355986e+02 -3.6771e+00 -3.0397e+00
549 +1.245565617e-02 +1.245565617e-02 +1.795124557e+02 +1.795124557e+02 -3.6719e+00 -3.0446e+00
552 +5.230705793e-03 +5.230705793e-03 +1.795052307e+02 +1.795052307e+02 -3.7723e+00 -2.9530e+00
557 +3.729664901e-03 +3.729664901e-03 +1.795037297e+02 +1.795037297e+02 -3.6851e+00 -3.0326e+00
611 +2.269988191e-04 +2.269988191e-04 +1.795002270e+02 +1.795002270e+02 -3.7312e+00 -2.9906e+00
672 +1.271053253e-04 +1.271053253e-04 +1.795001271e+02 +1.795001271e+02 -3.7380e+00 -2.9843e+00
678 +5.642054049e-06 +5.642054049e-06 +1.795000056e+02 +1.795000056e+02 -3.7313e+00 -2.9904e+00
731 +1.091179229e-06 +1.091179229e-06 +1.795000011e+02 +1.795000011e+02 -3.7290e+00 -2.9925e+00
856 +9.195080679e-07 +9.195080679e-07 +1.795000009e+02 +1.795000009e+02 -3.7303e+00 -2.9913e+00
886 +4.785409544e-07 +4.785409544e-07 +1.795000005e+02 +1.795000005e+02 -3.7299e+00 -2.9918e+00
895 +2.068618699e-07 +2.068618699e-07 +1.795000002e+02 +1.795000002e+02 -3.7298e+00 -2.9918e+00
904 +1.257399163e-07 +1.257399163e-07 +1.795000001e+02 +1.795000001e+02 -3.7299e+00 -2.9918e+00
926 +1.668439609e-08 +1.668439609e-08 +1.795000000e+02 +1.795000000e+02 -3.7297e+00 -2.9919e+00
941 +6.811831099e-10 +6.811831099e-10 +1.795000000e+02 +1.795000000e+02 -3.7296e+00 -2.9920e+00
