% function evaluation | noise-free fitness - Fopt (-5.235000000000e+01) | best noise-free fitness - Fopt | measured fitness | best measured fitness | x1 | x2...
1 +2.248732613e+01 +2.248732613e+01 -2.986267387e+01 -2.986267387e+01 -1.5025e+00 +2.1734e+00 -2.2518e+00
2 +4.716701750e+00 +4.716701750e+00 -4.763329825e+01 -4.763329825e+01 -3.4451e+00 +2.1375e+00 +1.4101e+00
3 +3.862031435e+00 +3.862031435e+00 -4.848796856e+01 -4.848796856e+01 -2.4945e+00 +1.6032e+00 +1.5651e+00
20 +7.671795019e-01 +7.671795019e-01 -5.158282050e+01 -5.158282050e+01 -1.3899e+00 -1.0318e+00 +1.9276e+00
126 +2.644356148e-01 +2.644356148e-01 -5.208556439e+01 -5.208556439e+01 -5.6901e-01 -1.0595e+00 +2.7643e+00
244 +1.346824045e-01 +1.346824045e-01 -5.221531760e+01 -5.221531760e+01 -6.9687e-01 -1.0745e+00 +2.6912e+00
298 +4.418895441e-02 +4.418895441e-02 -5.230581105e+01 -5.230581105e+01 -1.0209e+00 -1.3206e+00 +2.7812e+00
338 +3.899936144e-02 +3.899936144e-02 -5.231100064e+01 -5.231100064e+01 -9.5054e-01 -1.1243e+00 +2.8383e+00
427 +1.882150760e-02 +1.882150760e-02 -5.233117849e+01 -5.233117849e+01 -9.1874e-01 -1.2976e+00 +2.6112e+00
457 +1.146545488e-02 +1.146545488e-02 -5.233853455e+01 -5.233853455e+01 -8.3074e-01 -1.3004e+00 +2.3848e+00
482 +4.421634107e-03 +4.421634107e-03 -5.234557837e+01 -5.234557837e+01 -8.8555e-01 -1.3268e+00 +2.4756e+00
646 +3.076239509e-04 +3.076239509e-04 -5.234969238e+01 -5.234969238e+01 -8.7896e-01 -1.2320e+00 +2.5663e+00
794 +2.452891051e-04 +2.452891051e-04 -5.234975471e+01 -5.234975471e+01 -8.5494e-01 -1.2513e+00 +2.5029e+00
819 +1.502319219e-04 +1.502319219e-04 -5.234984977e+01 -5.234984977e+01 -8.8842e-01 -1.2344e+00 +2.5800e+00
895 +7.192760637e-05 +7.192760637e-05 -5.234992807e+01 -5.234992807e+01 -8.7045e-01 -1.2587e+00 +2.5232e+00
999 +3.461786657e-05 +3.461786657e-05 -5.234996538e+01 -5.234996538e+01 -8.7692e-01 -1.2317e+00 +2.5622e+00
1143 +1.905328806e-05 +1.905328806e-05 -5.234998095e+01 -5.234998095e+01 -8.7178e-01 -1.2383e+00 +2.5462e+00
1209 +6.476065167e-06 +6.476065167e-06 -5.234999352e+01 -5.234999352e+01 -8.6922e-01 -1.2477e+00 +2.5320e+00
1227 +5.037482374e-06 +5.037482374e-06 -5.234999496e+01 -5.234999496e+01 -8.7384e-01 -1.2395e+00 +2.5487e+00
1337 +1.260100888e-06 +1.260100888e-06 -5.234999874e+01 -5.234999874e+01 -8.7371e-01 -1.2427e+00 +2.5452e+00
1406 +9.990681278e-07 +9.990681278e-07 -5.234999900e+01 -5.234999900e+01 -8.7350e-01 -1.2414e+00 +2.5461e+00
1532 +2.019361958e-07 +2.019361958e-07 -5.234999980e+01 -5.234999980e+01 -8.7198e-01 -1.2444e+00 +2.5404e+00
1654 +1.388082893e-07 +1.388082893e-07 -5.234999986e+01 -5.234999986e+01 -8.7070e-01 -1.2466e+00 +2.5358e+00
1688 +9.320223882e-08 +9.320223882e-08 -5.234999991e+01 -5.234999991e+01 -8.7268e-01 -1.2435e+00 +2.5426e+00
1720 +4.432921230e-08 +4.432921230e-08 -5.234999996e+01 -5.234999996e+01 -8.7179e-01 -1.2448e+00 +2.5396e+00
1829 +1.659507376e-08 +1.659507376e-08 -5.234999998e+01 -5.234999998e+01 -8.7166e-01 -1.2452e+00 +2.5390e+00
1871 +2.814282141e-09 +2.814282141e-09 -5.235000000e+01 -5.235000000e+01 -8.7229e-01 -1.2443e+00 +2.5411e+00
% function evaluation | noise-free fitness - Fopt (-1.795400000000e+02) | best noise-free fitness - Fopt | measured fitness | best measured fitness | x1 | x2...
1 +4.801750290e+01 +4.801750290e+01 -1.315224971e+02 -1.315224971e+02 +4.0896e+00 -2.5951e+00 -3.4288e+00
2 +1.192558768e+01 +1.192558768e+01 -1.676144123e+02 -1.676144123e+02 +9.6794e-01 -1.2514e+00 -8.5964e-02
3 +1.515526211e+00 +1.515526211e+00 -1.780244738e+02 -1.780244738e+02 +1.4665e+00 +1.2044e+00 -2.2420e+00
186 +7.901783080e-01 +7.901783080e-01 -1.787498217e+02 -1.787498217e+02 +1.6993e+00 +7.4791e-01 -3.1577e+00
217 +6.154876572e-01 +6.154876572e-01 -1.789245123e+02 -1.789245123e+02 +1.2367e+00 +1.0181e+00 -3.9648e+00
263 +3.394461185e-01 +3.394461185e-01 -1.792005539e+02 -1.792005539e+02 +4.3391e-01 +4.8161e-01 -2.8954e+00
343 +2.244585744e-01 +2.244585744e-01 -1.793155414e+02 -1.793155414e+02 +7.3275e-01 +6.6350e-01 -3.0572e+00
373 +9.858357208e-02 +9.858357208e-02 -1.794414164e+02 -1.794414164e+02 +5.6183e-01 +4.9608e-01 -3.7398e+00
456 +5.677375356e-02 +5.677375356e-02 -1.794832262e+02 -1.794832262e+02 +7.0444e-01 +5.7042e-01 -3.3269e+00
567 +2.739544141e-02 +2.739544141e-02 -1.795126046e+02 -1.795126046e+02 +9.0269e-01 +5.0439e-01 -3.2868e+00
648 +1.641139777e-02 +1.641139777e-02 -1.795235886e+02 -1.795235886e+02 +6.5021e-01 +5.1349e-01 -3.3424e+00
681 +1.437915878e-02 +1.437915878e-02 -1.795256208e+02 -1.795256208e+02 +6.5074e-01 +5.2236e-01 -3.3391e+00
686 +9.765154111e-03 +9.765154111e-03 -1.795302348e+02 -1.795302348e+02 +9.4446e-01 +4.8803e-01 -3.4599e+00
755 +3.745330383e-03 +3.745330383e-03 -1.795362547e+02 -1.795362547e+02 +7.1820e-01 +5.2009e-01 -3.4712e+00
825 +6.689034666e-04 +6.689034666e-04 -1.795393311e+02 -1.795393311e+02 +8.7983e-01 +5.0299e-01 -3.4371e+00
846 +5.007381399e-04 +5.007381399e-04 -1.795394993e+02 -1.795394993e+02 +8.3487e-01 +5.0900e-01 -3.4564e+00
938 +3.734663852e-04 +3.734663852e-04 -1.795396265e+02 -1.795396265e+02 +8.3983e-01 +5.0934e-01 -3.4579e+00
953 +2.178089902e-04 +2.178089902e-04 -1.795397822e+02 -1.795397822e+02 +8.3362e-01 +5.0959e-01 -3.4578e+00
1104 +2.858089468e-05 +2.858089468e-05 -1.795399714e+02 -1.795399714e+02 +7.9241e-01 +5.1406e-01 -3.4528e+00
1238 +2.410619828e-05 +2.410619828e-05 -1.795399759e+02 -1.795399759e+02 +7.9985e-01 +5.1251e-01 -3.4427e+00
1323 +1.185911466e-05 +1.185911466e-05 -1.795399881e+02 -1.795399881e+02 +7.7101e-01 +5.1629e-01 -3.4496e+00
1354 +8.601436321e-06 +8.601436321e-06 -1.795399914e+02 -1.795399914e+02 +8.0915e-01 +5.1179e-01 -3.4475e+00
1395 +5.749746805e-06 +5.749746805e-06 -1.795399943e+02 -1.795399943e+02 +7.7595e-01 +5.1568e-01 -3.4490e+00
1415 +2.658718159e-06 +2.658718159e-06 -1.795399973e+02 -1.795399973e+02 +7.8622e-01 +5.1459e-01 -3.4501e+00
1446 +1.139170308e-06 +1.139170308e-06 -1.795399989e+02 -1.795399989e+02 +7.8331e-01 +5.1482e-01 -3.4486e+00
1478 +8.635850861e-07 +8.635850861e-07 -1.795399991e+02 -1.795399991e+02 +7.9191e-01 +5.1377e-01 -3.4476e+00
1500 +5.171478108e-07 +5.171478108e-07 -1.795399995e+02 -1.795399995e+02 +7.8978e-01 +5.1405e-01 -3.4482e+00
1664 +9.343173701e-08 +9.343173701e-08 -1.795399999e+02 -1.795399999e+02 +7.9136e-01 +5.1385e-01 -3.4480e+00
1764 +4.397421094e-08 +4.397421094e-08 -1.795400000e+02 -1.795400000e+02 +7.9472e-01 +5.1347e-01 -3.4479e+00
1783 +1.319523335e-08 +1.319523335e-08 -1.795400000e+02 -1.795400000e+02 +7.9567e-01 +5.1335e-01 -3.4478e+00
2039 +8.953435326e-09 +8.953435326e-09 -1.795400000e+02 -1.795400000e+02 +7.9325e-01 +5.1365e-01 -3.4481e+00
% function evaluation | noise-free fitness - Fopt (7.731000000000e+01) | best noise-free fitness - Fopt | measured fitness | best measured fitness | x1 | x2...
1 +6.315954119e+00 +6.315954119e+00 +8.362595412e+01 +8.362595412e+01 +3.0051e+00 -4.9465e+00 +1.8935e+00
9 +3.974914365e+00 +3.974914365e+00 +8.128491437e+01 +8.128491437e+01 -1.2910e+00 +2.4538e+00 -3.5387e+00
50 +2.491972519e+00 +2.491972519e+00 +7.980197252e+01 +7.980197252e+01 +4.1457e-01 +1.0430e+00 -1.1167e+00
70 +1.445799322e+00 +1.445799322e+00 +7.875579932e+01 +7.875579932e+01 +1.5543e+00 +3.4501e-01 -1.9027e+00
87 +5.181331739e-01 +5.181331739e-01 +7.782813317e+01 +7.782813317e+01 +1.0266e+00 -1.0630e+00 -1.8962e+00
139 +2.242788017e-01 +2.242788017e-01 +7.753427880e+01 +7.753427880e+01 +1.2252e+00 -7.7681e-01 -2.3679e+00
311 +1.303471401e-01 +1.303471401e-01 +7.744034714e+01 +7.744034714e+01 +8.0554e-01 -8.7328e-01 -2.2139e+00
395 +8.439533676e-02 +8.439533676e-02 +7.739439534e+01 +7.739439534e+01 +5.6987e-01 -6.3915e-01 -2.0275e+00
451 +9.954162634e-03 +9.954162634e-03 +7.731995416e+01 +7.731995416e+01 +9.6026e-01 -6.1111e-01 -2.1678e+00
597 +3.460368464e-03 +3.460368464e-03 +7.731346037e+01 +7.731346037e+01 +7.7813e-01 -6.9389e-01 -2.1687e+00
743 +1.183203485e-03 +1.183203485e-03 +7.731118320e+01 +7.731118320e+01 +8.2637e-01 -6.4116e-01 -2.1241e+00
862 +4.764757084e-04 +4.764757084e-04 +7.731047648e+01 +7.731047648e+01 +9.4193e-01 -5.6837e-01 -2.1018e+00
927 +2.465649750e-04 +2.465649750e-04 +7.731024656e+01 +7.731024656e+01 +8.5860e-01 -6.2655e-01 -2.1257e+00
987 +6.015330500e-05 +6.015330500e-05 +7.731006015e+01 +7.731006015e+01 +8.6697e-01 -6.3078e-01 -2.1399e+00
1038 +1.864536021e-05 +1.864536021e-05 +7.731001865e+01 +7.731001865e+01 +8.8469e-01 -6.1744e-01 -2.1329e+00
1173 +1.348701794e-05 +1.348701794e-05 +7.731001349e+01 +7.731001349e+01 +8.9697e-01 -6.0890e-01 -2.1293e+00
1194 +9.793417718e-06 +9.793417718e-06 +7.731000979e+01 +7.731000979e+01 +8.9841e-01 -6.0428e-01 -2.1230e+00
1221 +4.535925584e-06 +4.535925584e-06 +7.731000454e+01 +7.731000454e+01 +8.9528e-01 -6.0872e-01 -2.1277e+00
1233 +3.778934897e-06 +3.778934897e-06 +7.731000378e+01 +7.731000378e+01 +8.9783e-01 -6.0535e-01 -2.1243e+00
1339 +1.391667922e-06 +1.391667922e-06 +7.731000139e+01 +7.731000139e+01 +8.9173e-01 -6.1060e-01 -2.1277e+00
1389 +5.498642395e-07 +5.498642395e-07 +7.731000055e+01 +7.731000055e+01 +8.9703e-01 -6.0614e-01 -2.1249e+00
1450 +2.085555337e-07 +2.085555337e-07 +7.731000021e+01 +7.731000021e+01 +8.9650e-01 -6.0679e-01 -2.1255e+00
1737 +9.211699137e-08 +9.211699137e-08 +7.731000009e+01 +7.731000009e+01 +8.9428e-01 -6.0889e-01 -2.1271e+00
1806 +5.116666557e-08 +5.116666557e-08 +7.731000005e+01 +7.731000005e+01 +8.9554e-01 -6.0789e-01 -2.1265e+00
1911 +2.984172909e-08 +2.984172909e-08 +7.731000003e+01 +7.731000003e+01 +8.9699e-01 -6.0660e-01 -2.1256e+00
1955 +6.062421676e-09 +6.062421676e-09 +7.731000001e+01 +7.731000001e+01 +8.9493e-01 -6.0816e-01 -2.1264e+00
% function evaluation | noise-free fitness - Fopt (3.992000000000e+01) | best noise-free fitness - Fopt | measured fitness | best measured fitness | x1 | x2...
1 +2.661714993e+01 +2.661714993e+01 +6.653714993e+01 +6.653714993e+01 -2.9284e+00 -1.7218e+00 -4.3556e-02
2 +3.199720569e+00 +3.199720569e+00 +4.311972057e+01 +4.311972057e+01 +2.2788e+00 -7.7584e-01 +7.2497e-02
21 +1.126086914e+00 +1.126086914e+00 +4.104608691e+01 +4.104608691e+01 +2.8368e+00 -1.7601e+00 +2.6346e+00
52 +6.122912223e-01 +6.122912223e-01 +4.053229122e+01 +4.053229122e+01 +4.5059e+00 -1.6313e+00 +1.9805e+00
176 +3.247702563e-01 +3.247702563e-01 +4.024477026e+01 +4.024477026e+01 +4.2852e+00 -1.2502e+00 +1.8895e+00
259 +2.418018773e-01 +2.418018773e-01 +4.016180188e+01 +4.016180188e+01 +3.8108e+00 -7.4744e-01 +2.3667e+00
293 +1.477691144e-01 +1.477691144e-01 +4.006776911e+01 +4.006776911e+01 +4.0944e+00 -5.3702e-01 +2.3474e+00
309 +6.445202518e-02 +6.445202518e-02 +3.998445203e+01 +3.998445203e+01 +4.0525e+00 -1.0819e+00 +2.1370e+00
314 +4.461732575e-02 +4.461732575e-02 +3.996461733e+01 +3.996461733e+01 +3.9004e+00 -1.1752e+00 +2.2643e+00
375 +3.136405228e-02 +3.136405228e-02 +3.995136405e+01 +3.995136405e+01 +3.8613e+00 -1.2020e+00 +2.3962e+00
435 +1.192146226e-02 +1.192146226e-02 +3.993192146e+01 +3.993192146e+01 +3.9055e+00 -1.1312e+00 +2.4626e+00
450 +4.445366398e-03 +4.445366398e-03 +3.992444537e+01 +3.992444537e+01 +3.9552e+00 -1.0166e+00 +2.4177e+00
476 +2.865070373e-03 +2.865070373e-03 +3.992286507e+01 +3.992286507e+01 +3.9698e+00 -1.0671e+00 +2.3349e+00
630 +2.221686757e-03 +2.221686757e-03 +3.992222169e+01 +3.992222169e+01 +3.9498e+00 -1.1363e+00 +2.3074e+00
693 +7.524097375e-04 +7.524097375e-04 +3.992075241e+01 +3.992075241e+01 +3.9427e+00 -1.0867e+00 +2.3863e+00
778 +5.867039152e-04 +5.867039152e-04 +3.992058670e+01 +3.992058670e+01 +3.9588e+00 -1.0049e+00 +2.4346e+00
783 +1.683546802e-04 +1.683546802e-04 +3.992016835e+01 +3.992016835e+01 +3.9601e+00 -1.0442e+00 +2.3859e+00
901 +8.294295595e-05 +8.294295595e-05 +3.992008294e+01 +3.992008294e+01 +3.9528e+00 -1.0590e+00 +2.3904e+00
907 +7.445143986e-06 +7.445143986e-06 +3.992000745e+01 +3.992000745e+01 +3.9539e+00 -1.0558e+00 +2.3913e+00
1044 +4.469304585e-06 +4.469304585e-06 +3.992000447e+01 +3.992000447e+01 +3.9530e+00 -1.0592e+00 +2.3899e+00
1078 +3.684233157e-06 +3.684233157e-06 +3.992000368e+01 +3.992000368e+01 +3.9498e+00 -1.0692e+00 +2.3878e+00
1238 +8.494268897e-07 +8.494268897e-07 +3.992000085e+01 +3.992000085e+01 +3.9495e+00 -1.0721e+00 +2.3853e+00
1336 +6.214680113e-07 +6.214680113e-07 +3.992000062e+01 +3.992000062e+01 +3.9503e+00 -1.0686e+00 +2.3869e+00
1466 +3.308433776e-07 +3.308433776e-07 +3.992000033e+01 +3.992000033e+01 +3.9497e+00 -1.0737e+00 +2.3830e+00
1512 +1.970185508e-07 +1.970185508e-07 +3.992000020e+01 +3.992000020e+01 +3.9509e+00 -1.0672e+00 +2.3868e+00
1540 +4.457776015e-08 +4.457776015e-08 +3.992000004e+01 +3.992000004e+01 +3.9504e+00 -1.0697e+00 +2.3856e+00
1556 +2.230292040e-08 +2.230292040e-08 +3.992000002e+01 +3.992000002e+01 +3.9500e+00 -1.0716e+00 +2.3844e+00
1567 +1.549779682e-08 +1.549779682e-08 +3.992000002e+01 +3.992000002e+01 +3.9508e+00 -1.0681e+00 +2.3863e+00
1802 +8.751278813e-09 +8.751278813e-09 +3.992000001e+01 +3.992000001e+01 +3.9502e+00 -1.0706e+00 +2.3850e+00
% function evaluation | noise-free fitness - Fopt (-5.661000000000e+01) | best noise-free fitness - Fopt | measured fitness | best measured fitness | x1 | x2...
1 +5.361765211e+00 +5.361765211e+00 -5.124823479e+01 -5.124823479e+01 -1.4972e-02 +2.0749e+00 +1.1581e+00
28 +2.711978302e+00 +2.711978302e+00 -5.389802170e+01 -5.389802170e+01 -7.4118e-01 +3.3690e+00 +3.2932e+00
67 +2.378325116e+00 +2.378325116e+00 -5.423167488e+01 -5.423167488e+01 +4.3260e+00 +3.0161e+00 +2.8449e+00
77 +4.502530158e-01 +4.502530158e-01 -5.615974698e+01 -5.615974698e+01 +1.9029e+00 +2.3454e+00 +2.8649e+00
261 +2.389834336e-01 +2.389834336e-01 -5.637101657e+01 -5.637101657e+01 +1.8542e+00 +2.8390e+00 +2.5401e+00
288 +1.222454397e-01 +1.222454397e-01 -5.648775456e+01 -5.648775456e+01 +2.0771e+00 +3.1087e+00 +3.4709e+00
329 +9.134049236e-02 +9.134049236e-02 -5.651865951e+01 -5.651865951e+01 +1.8461e+00 +2.8742e+00 +3.1599e+00
365 +5.868148685e-02 +5.868148685e-02 -5.655131851e+01 -5.655131851e+01 +1.9164e+00 +3.1778e+00 +3.1276e+00
448 +3.280942826e-02 +3.280942826e-02 -5.657719057e+01 -5.657719057e+01 +1.9910e+00 +2.8241e+00 +3.5138e+00
546 +2.434399191e-02 +2.434399191e-02 -5.658565601e+01 -5.658565601e+01 +1.9381e+00 +3.1063e+00 +3.1203e+00
560 +7.683738542e-03 +7.683738542e-03 -5.660231626e+01 -5.660231626e+01 +1.9510e+00 +2.8751e+00 +3.1944e+00
651 +1.013321965e-03 +1.013321965e-03 -5.660898668e+01 -5.660898668e+01 +1.9488e+00 +2.8795e+00 +3.2369e+00
695 +8.379845182e-04 +8.379845182e-04 -5.660916202e+01 -5.660916202e+01 +1.9527e+00 +2.9049e+00 +3.2430e+00
768 +5.755944314e-04 +5.755944314e-04 -5.660942441e+01 -5.660942441e+01 +1.9475e+00 +2.8981e+00 +3.2077e+00
811 +1.986957982e-04 +1.986957982e-04 -5.660980130e+01 -5.660980130e+01 +1.9494e+00 +2.9367e+00 +3.1881e+00
859 +1.484749202e-04 +1.484749202e-04 -5.660985153e+01 -5.660985153e+01 +1.9490e+00 +2.9488e+00 +3.1743e+00
964 +5.801726812e-05 +5.801726812e-05 -5.660994198e+01 -5.660994198e+01 +1.9515e+00 +2.9104e+00 +3.2233e+00
1021 +1.383834017e-05 +1.383834017e-05 -5.660998616e+01 -5.660998616e+01 +1.9516e+00 +2.9130e+00 +3.2224e+00
1120 +6.227637840e-06 +6.227637840e-06 -5.660999377e+01 -5.660999377e+01 +1.9500e+00 +2.9315e+00 +3.1956e+00
1221 +2.891557074e-06 +2.891557074e-06 -5.660999711e+01 -5.660999711e+01 +1.9502e+00 +2.9214e+00 +3.2052e+00
1310 +1.662943227e-06 +1.662943227e-06 -5.660999834e+01 -5.660999834e+01 +1.9503e+00 +2.9199e+00 +3.2073e+00
1378 +4.295641247e-07 +4.295641247e-07 -5.660999957e+01 -5.660999957e+01 +1.9504e+00 +2.9210e+00 +3.2065e+00
1483 +3.058369629e-07 +3.058369629e-07 -5.660999969e+01 -5.660999969e+01 +1.9504e+00 +2.9222e+00 +3.2055e+00
1493 +2.425413967e-07 +2.425413967e-07 -5.660999976e+01 -5.660999976e+01 +1.9502e+00 +2.9234e+00 +3.2037e+00
1558 +5.761293664e-08 +5.761293664e-08 -5.660999994e+01 -5.660999994e+01 +1.9502e+00 +2.9230e+00 +3.2039e+00
1591 +2.897434115e-08 +2.897434115e-08 -5.660999997e+01 -5.660999997e+01 +1.9503e+00 +2.9233e+00 +3.2039e+00
1677 +2.267241683e-08 +2.267241683e-08 -5.660999998e+01 -5.660999998e+01 +1.9505e+00 +2.9212e+00 +3.2071e+00
1693 +1.252186621e-08 +1.252186621e-08 -5.660999999e+01 -5.660999999e+01 +1.9504e+00 +2.9211e+00 +3.2071e+00
1782 +7.389012069e-09 +7.389012069e-09 -5.660999999e+01 -5.660999999e+01 +1.9503e+00 +2.9225e+00 +3.2050e+00
% function evaluation | noise-free fitness - Fopt (5.134000000000e+01) | best noise-free fitness - Fopt | measured fitness | best measured fitness | x1 | x2...
1 +1.698799155e+01 +1.698799155e+01 +6.832799155e+01 +6.832799155e+01 +2.5383e+00 +9.6848e-01 -3.9981e+00
4 +4.291714904e+00 +4.291714904e+00 +5.563171490e+01 +5.563171490e+01 -1.9077e+00 -3.6252e+00 -8.4553e-01
10 +2.884939049e-01 +2.884939049e-01 +5.162849390e+01 +5.162849390e+01 -2.8145e+00 -2.1467e+00 -3.8782e-01
159 +2.626976204e-02 +2.626976204e-02 +5.136626976e+01 +5.136626976e+01 -2.4539e+00 -2.2860e+00 +3.6278e-01
394 +1.314112489e-02 +1.314112489e-02 +5.135314112e+01 +5.135314112e+01 -2.4829e+00 -2.2760e+00 +3.5760e-01
487 +4.697377034e-03 +4.697377034e-03 +5.134469738e+01 +5.134469738e+01 -2.5630e+00 -2.2700e+00 +2.4193e-01
532 +1.404385509e-03 +1.404385509e-03 +5.134140439e+01 +5.134140439e+01 -2.5621e+00 -2.2431e+00 +2.8105e-01
563 +8.693735787e-04 +8.693735787e-04 +5.134086937e+01 +5.134086937e+01 -2.5503e+00 -2.2198e+00 +3.6286e-01
646 +2.175809803e-04 +2.175809803e-04 +5.134021758e+01 +5.134021758e+01 -2.5580e+00 -2.2371e+00 +3.0817e-01
799 +1.383755167e-04 +1.383755167e-04 +5.134013838e+01 +5.134013838e+01 -2.5604e+00 -2.2569e+00 +2.6002e-01
845 +5.694596329e-05 +5.694596329e-05 +5.134005695e+01 +5.134005695e+01 -2.5486e+00 -2.2440e+00 +3.1370e-01
908 +2.562062669e-05 +2.562062669e-05 +5.134002562e+01 +5.134002562e+01 -2.5551e+00 -2.2418e+00 +3.0381e-01
942 +1.178422703e-05 +1.178422703e-05 +5.134001178e+01 +5.134001178e+01 -2.5505e+00 -2.2503e+00 +2.9636e-01
1064 +7.572511862e-07 +7.572511862e-07 +5.134000076e+01 +5.134000076e+01 -2.5532e+00 -2.2526e+00 +2.8516e-01
1298 +2.333398612e-07 +2.333398612e-07 +5.134000023e+01 +5.134000023e+01 -2.5531e+00 -2.2551e+00 +2.8037e-01
1449 +6.739891489e-08 +6.739891489e-08 +5.134000007e+01 +5.134000007e+01 -2.5529e+00 -2.2526e+00 +2.8584e-01
1469 +5.680463033e-08 +5.680463033e-08 +5.134000006e+01 +5.134000006e+01 -2.5527e+00 -2.2538e+00 +2.8386e-01
1572 +2.637631269e-08 +2.637631269e-08 +5.134000003e+01 +5.134000003e+01 -2.5527e+00 -2.2556e+00 +2.8008e-01
1711 +1.713063824e-08 +1.713063824e-08 +5.134000002e+01 +5.134000002e+01 -2.5529e+00 -2.2546e+00 +2.8189e-01
1717 +1.474559497e-08 +1.474559497e-08 +5.134000001e+01 +5.134000001e+01 -2.5527e+00 -2.2554e+00 +2.8041e-01
1732 +7.948258940e-09 +7.948258940e-09 +5.134000001e+01 +5.134000001e+01 -2.5529e+00 -2.2536e+00 +2.8407e-01
% function evaluation | noise-free fitness - Fopt (-1.244000000000e+02) | best noise-free fitness - Fopt | measured fitness | best measured fitness | x1 | x2...
1 +2.487497714e+00 +2.487497714e+00 -1.219125023e+02 -1.219125023e+02 +1.1874e+00 +8.3259e-02 +4.2207e+00
8 +7.004484099e-01 +7.004484099e-01 -1.236995516e+02 -1.236995516e+02 +3.0703e-01 +1.4750e+00 +3.5201e+00
135 +5.838315535e-01 +5.838315535e-01 -1.238161684e+02 -1.238161684e+02 +1.0591e+00 +7.3423e-01 +2.6652e+00
197 +3.557817318e-01 +3.557817318e-01 -1.240442183e+02 -1.240442183e+02 +5.0635e-01 +1.2617e+00 +2.5133e+00
244 +1.196573612e-01 +1.196573612e-01 -1.242803426e+02 -1.242803426e+02 +3.4167e-01 +7.8633e-01 +3.1363e+00
368 +6.592716154e-02 +6.592716154e-02 -1.243340728e+02 -1.243340728e+02 +3.3459e-02 +1.0108e+00 +3.1455e+00
398 +4.120126173e-02 +4.120126173e-02 -1.243587987e+02 -1.243587987e+02 +1.6659e-01 +8.8267e-01 +2.9349e+00
409 +3.715810790e-02 +3.715810790e-02 -1.243628419e+02 -1.243628419e+02 +1.7367e-02 +1.0790e+00 +3.0015e+00
465 +1.529077653e-02 +1.529077653e-02 -1.243847092e+02 -1.243847092e+02 +6.1443e-02 +9.9304e-01 +3.0042e+00
546 +9.156234490e-03 +9.156234490e-03 -1.243908438e+02 -1.243908438e+02 +2.4506e-01 +8.8030e-01 +2.9018e+00
576 +3.151803402e-03 +3.151803402e-03 -1.243968482e+02 -1.243968482e+02 +2.5720e-01 +9.0224e-01 +2.8827e+00
615 +2.240371795e-03 +2.240371795e-03 -1.243977596e+02 -1.243977596e+02 +2.2174e-01 +8.7987e-01 +2.9492e+00
680 +2.124892159e-04 +2.124892159e-04 -1.243997875e+02 -1.243997875e+02 +2.6289e-01 +8.7880e-01 +2.9000e+00
772 +9.500401210e-05 +9.500401210e-05 -1.243999050e+02 -1.243999050e+02 +2.2092e-01 +9.0995e-01 +2.9143e+00
950 +5.467197118e-05 +5.467197118e-05 -1.243999453e+02 -1.243999453e+02 +2.5809e-01 +8.8236e-01 +2.9014e+00
993 +2.029316450e-05 +2.029316450e-05 -1.243999797e+02 -1.243999797e+02 +2.4281e-01 +8.9411e-01 +2.9060e+00
995 +1.285564204e-05 +1.285564204e-05 -1.243999871e+02 -1.243999871e+02 +2.5998e-01 +8.7994e-01 +2.9019e+00
1095 +6.104230891e-06 +6.104230891e-06 -1.243999939e+02 -1.243999939e+02 +2.5625e-01 +8.8307e-01 +2.9028e+00
1164 +3.778759023e-06 +3.778759023e-06 -1.243999962e+02 -1.243999962e+02 +2.4279e-01 +8.9176e-01 +2.9092e+00
1244 +9.294482481e-07 +9.294482481e-07 -1.243999991e+02 -1.243999991e+02 +2.5012e-01 +8.8697e-01 +2.9058e+00
1370 +5.092433923e-07 +5.092433923e-07 -1.243999995e+02 -1.243999995e+02 +2.4751e-01 +8.8839e-01 +2.9073e+00
1388 +2.269031256e-07 +2.269031256e-07 -1.243999998e+02 -1.243999998e+02 +2.5140e-01 +8.8612e-01 +2.9052e+00
1517 +7.305342820e-08 +7.305342820e-08 -1.243999999e+02 -1.243999999e+02 +2.5545e-01 +8.8375e-01 +2.9029e+00
1531 +5.040817541e-08 +5.040817541e-08 -1.243999999e+02 -1.243999999e+02 +2.5588e-01 +8.8340e-01 +2.9028e+00
1602 +1.298366215e-08 +1.298366215e-08 -1.244000000e+02 -1.244000000e+02 +2.5180e-01 +8.8596e-01 +2.9049e+00
1657 +6.968633670e-09 +6.968633670e-09 -1.244000000e+02 -1.244000000e+02 +2.5509e-01 +8.8387e-01 +2.9033e+00
% function evaluation | noise-free fitness - Fopt (6.000000000000e-01) | best noise-free fitness - Fopt | measured fitness | best measured fitness | x1 | x2...
1 +3.358510526e+01 +3.358510526e+01 +3.418510526e+01 +3.418510526e+01 -2.9697e+00 -1.3198e+00 -4.4414e-01
2 +2.011880581e+01 +2.011880581e+01 +2.071880581e+01 +2.071880581e+01 +4.7643e+00 -1.9142e+00 +3.4186e+00
6 +1.368569237e+01 +1.368569237e+01 +1.428569237e+01 +1.428569237e+01 +1.0066e+00 +1.9717e+00 -2.2840e+00
12 +6.235767184e+00 +6.235767184e+00 +6.835767184e+00 +6.835767184e+00 -1.0730e-01 -1.6445e+00 +2.3553e+00
19 +3.374789989e+00 +3.374789989e+00 +3.974789989e+00 +3.974789989e+00 +9.4520e-01 -1.8746e+00 +2.6947e+00
46 +2.134419167e+00 +2.134419167e+00 +2.734419167e+00 +2.734419167e+00 +2.3053e+00 -3.7955e+00 +1.4014e+00
63 +6.386801008e-01 +6.386801008e-01 +1.238680101e+00 +1.238680101e+00 +2.6490e+00 -1.9997e+00 -5.9472e-01
205 +3.257620585e-01 +3.257620585e-01 +9.257620585e-01 +9.257620585e-01 +3.3392e+00 -1.8300e+00 +2.4433e-01
251 +2.337565319e-01 +2.337565319e-01 +8.337565319e-01 +8.337565319e-01 +2.0284e+00 -2.1618e+00 +6.8283e-02
306 +7.296182851e-02 +7.296182851e-02 +6.729618285e-01 +6.729618285e-01 +2.2637e+00 -2.1532e+00 -1.0064e-03
351 +7.283342828e-03 +7.283342828e-03 +6.072833428e-01 +6.072833428e-01 +2.6568e+00 -1.8997e+00 +1.4912e-01
527 +4.647742420e-03 +4.647742420e-03 +6.046477424e-01 +6.046477424e-01 +2.6082e+00 -1.9254e+00 +1.2797e-01
602 +3.722086281e-03 +3.722086281e-03 +6.037220863e-01 +6.037220863e-01 +2.6466e+00 -1.9748e+00 +1.2849e-01
699 +1.519896254e-03 +1.519896254e-03 +6.015198963e-01 +6.015198963e-01 +2.6248e+00 -1.9819e+00 +1.1709e-01
796 +4.383749985e-04 +4.383749985e-04 +6.004383750e-01 +6.004383750e-01 +2.5769e+00 -1.9831e+00 +1.0093e-01
803 +1.922546724e-04 +1.922546724e-04 +6.001922547e-01 +6.001922547e-01 +2.6099e+00 -1.9595e+00 +1.1983e-01
843 +1.346648102e-04 +1.346648102e-04 +6.001346648e-01 +6.001346648e-01 +2.6044e+00 -1.9641e+00 +1.1680e-01
867 +3.523402194e-05 +3.523402194e-05 +6.000352340e-01 +6.000352340e-01 +2.5939e+00 -1.9978e+00 +1.0034e-01
1059 +3.746886813e-06 +3.746886813e-06 +6.000037469e-01 +6.000037469e-01 +2.6102e+00 -1.9720e+00 +1.1518e-01
1273 +2.412617393e-06 +2.412617393e-06 +6.000024126e-01 +6.000024126e-01 +2.6019e+00 -1.9794e+00 +1.0989e-01
1351 +1.145530281e-06 +1.145530281e-06 +6.000011455e-01 +6.000011455e-01 +2.6088e+00 -1.9726e+00 +1.1455e-01
1386 +2.147700512e-07 +2.147700512e-07 +6.000002148e-01 +6.000002148e-01 +2.6008e+00 -1.9818e+00 +1.0863e-01
1534 +1.133255210e-07 +1.133255210e-07 +6.000001133e-01 +6.000001133e-01 +2.6061e+00 -1.9746e+00 +1.1297e-01
1550 +8.440742094e-08 +8.440742094e-08 +6.000000844e-01 +6.000000844e-01 +2.6020e+00 -1.9804e+00 +1.0952e-01
1580 +5.398606873e-08 +5.398606873e-08 +6.000000540e-01 +6.000000540e-01 +2.6043e+00 -1.9776e+00 +1.1130e-01
1655 +2.555640377e-08 +2.555640377e-08 +6.000000256e-01 +6.000000256e-01 +2.6030e+00 -1.9788e+00 +1.1045e-01
1712 +1.366750235e-08 +1.366750235e-08 +6.000000137e-01 +6.000000137e-01 +2.6041e+00 -1.9777e+00 +1.1120e-01
1871 +4.494110861e-09 +4.494110861e-09 +6.000000045e-01 +6.000000045e-01 +2.6031e+00 -1.9787e+00 +1.1050e-01
% function evaluation | noise-free fitness - Fopt (-4.071000000000e+01) | best noise-free fitness - Fopt | measured fitness | best measured fitness | x1 | x2...
1 +1.758259898e+02 +1.758259898e+02 +1.351159898e+02 +1.351159898e+02 -3.1644e+00 +1.2067e+00 +4.0736e+00
2 +4.990225466e+01 +4.990225466e+01 +9.192254657e+00 +9.192254657e+00 +3.8673e+00 +4.9150e+00 -3.1671e+00
5 +1.363937608e+01 +1.363937608e+01 -2.707062392e+01 -2.707062392e+01 +4.3804e+00 -1.7519e+00 -3.1755e+00
6 +7.519987200e+00 +7.519987200e+00 -3.319001280e+01 -3.319001280e+01 +2.1447e+00 +9.7795e-02 +1.2383e+00
13 +4.463244334e+00 +4.463244334e+00 -3.624675567e+01 -3.624675567e+01 +3.1307e+00 +3.2911e-01 -5.1674e-02
16 +2.500207901e+00 +2.500207901e+00 -3.820979210e+01 -3.820979210e+01 +3.1019e+00 -2.2356e+00 +1.4416e+00
74 +1.259233835e+00 +1.259233835e+00 -3.945076617e+01 -3.945076617e+01 -4.2001e-01 -2.8720e+00 +2.2605e+00
93 +5.714345572e-01 +5.714345572e-01 -4.013856544e+01 -4.013856544e+01 +8.7389e-01 -3.4152e+00 +9.8024e-01
221 +1.079170741e-01 +1.079170741e-01 -4.060208293e+01 -4.060208293e+01 +4.0862e-01 -2.3210e+00 +1.4651e+00
334 +5.456247603e-02 +5.456247603e-02 -4.065543752e+01 -4.065543752e+01 +6.8522e-01 -2.7499e+00 +1.5793e+00
450 +3.908865031e-02 +3.908865031e-02 -4.067091135e+01 -4.067091135e+01 +5.2418e-01 -2.4838e+00 +1.3351e+00
494 +2.337992521e-02 +2.337992521e-02 -4.068662007e+01 -4.068662007e+01 +6.3261e-01 -2.8400e+00 +1.2257e+00
531 +9.986533238e-03 +9.986533238e-03 -4.070001347e+01 -4.070001347e+01 +7.0806e-01 -2.7550e+00 +1.4793e+00
570 +4.502219687e-03 +4.502219687e-03 -4.070549778e+01 -4.070549778e+01 +6.1204e-01 -2.5868e+00 +1.4662e+00
692 +1.618064725e-03 +1.618064725e-03 -4.070838194e+01 -4.070838194e+01 +6.5339e-01 -2.6870e+00 +1.4428e+00
695 +1.398537796e-03 +1.398537796e-03 -4.070860146e+01 -4.070860146e+01 +6.5411e-01 -2.7382e+00 +1.3655e+00
696 +1.905372433e-04 +1.905372433e-04 -4.070980946e+01 -4.070980946e+01 +6.6285e-01 -2.7311e+00 +1.4013e+00
984 +1.514395396e-04 +1.514395396e-04 -4.070984856e+01 -4.070984856e+01 +6.5319e-01 -2.7183e+00 +1.3938e+00
1004 +9.888107552e-05 +9.888107552e-05 -4.070990112e+01 -4.070990112e+01 +6.7282e-01 -2.7648e+00 +1.3812e+00
1080 +3.951864685e-05 +3.951864685e-05 -4.070996048e+01 -4.070996048e+01 +6.5865e-01 -2.7232e+00 +1.4016e+00
1121 +2.423986378e-05 +2.423986378e-05 -4.070997576e+01 -4.070997576e+01 +6.5492e-01 -2.7189e+00 +1.3980e+00
1250 +2.273526455e-06 +2.273526455e-06 -4.070999773e+01 -4.070999773e+01 +6.5823e-01 -2.7232e+00 +1.4007e+00
1459 +8.991481835e-07 +8.991481835e-07 -4.070999910e+01 -4.070999910e+01 +6.5978e-01 -2.7270e+00 +1.3995e+00
1559 +5.205809543e-07 +5.205809543e-07 -4.070999948e+01 -4.070999948e+01 +6.5978e-01 -2.7289e+00 +1.3968e+00
1589 +3.094569934e-07 +3.094569934e-07 -4.070999969e+01 -4.070999969e+01 +6.5912e-01 -2.7262e+00 +1.3988e+00
1612 +2.266056356e-07 +2.266056356e-07 -4.070999977e+01 -4.070999977e+01 +6.5868e-01 -2.7252e+00 +1.3991e+00
1706 +9.500139697e-08 +9.500139697e-08 -4.070999990e+01 -4.070999990e+01 +6.5894e-01 -2.7254e+00 +1.3995e+00
1755 +4.655012731e-08 +4.655012731e-08 -4.070999995e+01 -4.070999995e+01 +6.5965e-01 -2.7275e+00 +1.3984e+00
1765 +3.756962741e-08 +3.756962741e-08 -4.070999996e+01 -4.070999996e+01 +6.5987e-01 -2.7285e+00 +1.3977e+00
1827 +1.569804908e-08 +1.569804908e-08 -4.070999998e+01 -4.070999998e+01 +6.6019e-01 -2.7295e+00 +1.3971e+00
1900 +7.929244816e-09 +7.929244816e-09 -4.070999999e+01 -4.070999999e+01 +6.5957e-01 -2.7275e+00 +1.3982e+00
% function evaluation | noise-free fitness - Fopt (8.143200000000e+02) | best noise-free fitness - Fopt | measured fitness | best measured fitness | x1 | x2...
1 +4.870738654e+01 +4.870738654e+01 +8.630273865e+02 +8.630273865e+02 +3.8744e-01 +8.1997e-01 -3.2361e+00
6 +2.367924730e+01 +2.367924730e+01 +8.379992473e+02 +8.379992473e+02 -5.8032e-01 -1.7856e+00 -1.4943e+00
9 +5.003696107e+00 +5.003696107e+00 +8.193236961e+02 +8.193236961e+02 -4.6835e+00 -4.2280e+00 +4.9958e+00
18 +4.054894727e-01 +4.054894727e-01 +8.147254895e+02 +8.147254895e+02 -2.6438e+00 -3.3210e+00 +4.3315e+00
151 +3.072115805e-01 +3.072115805e-01 +8.146272116e+02 +8.146272116e+02 -2.3869e+00 -4.0308e+00 +3.3888e+00
253 +1.258591310e-01 +1.258591310e-01 +8.144458591e+02 +8.144458591e+02 -2.7894e+00 -3.5595e+00 +3.8535e+00
329 +9.802671255e-02 +9.802671255e-02 +8.144180267e+02 +8.144180267e+02 -2.6216e+00 -4.0554e+00 +3.7514e+00
468 +5.382551908e-02 +5.382551908e-02 +8.143738255e+02 +8.143738255e+02 -2.7408e+00 -3.8509e+00 +3.8937e+00
471 +3.949726473e-02 +3.949726473e-02 +8.143594973e+02 +8.143594973e+02 -2.8811e+00 -3.6800e+00 +4.0544e+00
586 +2.493781602e-02 +2.493781602e-02 +8.143449378e+02 +8.143449378e+02 -2.6543e+00 -3.7861e+00 +3.8112e+00
623 +7.575207196e-03 +7.575207196e-03 +8.143275752e+02 +8.143275752e+02 -2.8149e+00 -3.9295e+00 +3.8377e+00
722 +4.661636425e-03 +4.661636425e-03 +8.143246616e+02 +8.143246616e+02 -2.7322e+00 -3.7206e+00 +3.8891e+00
756 +3.663539478e-03 +3.663539478e-03 +8.143236635e+02 +8.143236635e+02 -2.7839e+00 -3.7207e+00 +3.9245e+00
796 +2.045661497e-03 +2.045661497e-03 +8.143220457e+02 +8.143220457e+02 -2.7577e+00 -3.7477e+00 +3.8926e+00
847 +1.487268667e-03 +1.487268667e-03 +8.143214873e+02 +8.143214873e+02 -2.7937e+00 -3.8675e+00 +3.8503e+00
895 +7.496108003e-05 +7.496108003e-05 +8.143200750e+02 +8.143200750e+02 -2.7913e+00 -3.8902e+00 +3.8340e+00
1185 +4.904715161e-05 +4.904715161e-05 +8.143200490e+02 +8.143200490e+02 -2.7909e+00 -3.8786e+00 +3.8402e+00
1253 +1.870838605e-05 +1.870838605e-05 +8.143200187e+02 +8.143200187e+02 -2.7921e+00 -3.8555e+00 +3.8540e+00
1313 +1.509945275e-05 +1.509945275e-05 +8.143200151e+02 +8.143200151e+02 -2.7906e+00 -3.8469e+00 +3.8579e+00
1395 +8.767082818e-06 +8.767082818e-06 +8.143200088e+02 +8.143200088e+02 -2.7938e+00 -3.8398e+00 +3.8640e+00
1407 +2.222715693e-06 +2.222715693e-06 +8.143200022e+02 +8.143200022e+02 -2.7941e+00 -3.8467e+00 +3.8604e+00
1519 +8.934770221e-07 +8.934770221e-07 +8.143200009e+02 +8.143200009e+02 -2.7936e+00 -3.8513e+00 +3.8574e+00
1622 +3.887884077e-07 +3.887884077e-07 +8.143200004e+02 +8.143200004e+02 -2.7945e+00 -3.8585e+00 +3.8539e+00
1715 +1.642629286e-07 +1.642629286e-07 +8.143200002e+02 +8.143200002e+02 -2.7941e+00 -3.8547e+00 +3.8558e+00
1765 +1.012177790e-07 +1.012177790e-07 +8.143200001e+02 +8.143200001e+02 -2.7945e+00 -3.8584e+00 +3.8540e+00
1840 +7.937705959e-08 +7.937705959e-08 +8.143200001e+02 +8.143200001e+02 -2.7946e+00 -3.8574e+00 +3.8546e+00
1864 +3.671550530e-08 +3.671550530e-08 +8.143200000e+02 +8.143200000e+02 -2.7944e+00 -3.8577e+00 +3.8543e+00
1885 +1.846308351e-08 +1.846308351e-08 +8.143200000e+02 +8.143200000e+02 -2.7946e+00 -3.8595e+00 +3.8535e+00
1897 +4.678554433e-09 +4.678554433e-09 +8.143200000e+02 +8.143200000e+02 -2.7944e+00 -3.8584e+00 +3.8540e+00
% function evaluation | noise-free fitness - Fopt (-6.205000000000e+01) | best noise-free fitness - Fopt | measured fitness | best measured fitness | x1 | x2...
1 +1.311012974e+01 +1.311012974e+01 -4.893987026e+01 -4.893987026e+01 -1.6960e+00 -1.4347e+00 +1.3303e+00
2 +3.387114807e+00 +3.387114807e+00 -5.866288519e+01 -5.866288519e+01 +2.5720e+00 +7.6573e-01 +2.4041e+00
24 +2.115519151e+00 +2.115519151e+00 -5.993448085e+01 -5.993448085e+01 +1.8181e+00 +1.4666e+00 +2.4345e-01
49 +4.060216690e-01 +4.060216690e-01 -6.164397833e+01 -6.164397833e+01 +2.3515e+00 -2.2452e-01 -1.9120e-01
139 +2.937780898e-01 +2.937780898e-01 -6.175622191e+01 -6.175622191e+01 +2.7131e+00 -5.5552e-01 -3.7803e-01
191 +1.586744805e-01 +1.586744805e-01 -6.189132552e+01 -6.189132552e+01 +2.1579e+00 -4.2037e-01 -7.7949e-01
264 +1.097936795e-01 +1.097936795e-01 -6.194020632e+01 -6.194020632e+01 +2.1390e+00 -5.4195e-01 -4.0617e-01
278 +8.673870600e-02 +8.673870600e-02 -6.196326129e+01 -6.196326129e+01 +2.4140e+00 -6.6146e-01 -3.8497e-01
325 +4.854864788e-02 +4.854864788e-02 -6.200145135e+01 -6.200145135e+01 +2.1124e+00 -6.8156e-01 -5.2853e-01
433 +3.270936382e-02 +3.270936382e-02 -6.201729064e+01 -6.201729064e+01 +2.1664e+00 -5.7513e-01 -4.7113e-01
482 +2.491657712e-02 +2.491657712e-02 -6.202508342e+01 -6.202508342e+01 +2.0573e+00 -6.4213e-01 -5.4137e-01
496 +1.194999382e-02 +1.194999382e-02 -6.203805001e+01 -6.203805001e+01 +1.9258e+00 -4.4482e-01 -6.4992e-01
511 +7.906617411e-03 +7.906617411e-03 -6.204209338e+01 -6.204209338e+01 +1.9610e+00 -5.6508e-01 -5.8678e-01
587 +3.244127593e-03 +3.244127593e-03 -6.204675587e+01 -6.204675587e+01 +2.1195e+00 -5.3961e-01 -5.4242e-01
614 +9.409175505e-04 +9.409175505e-04 -6.204905908e+01 -6.204905908e+01 +1.9860e+00 -4.5531e-01 -6.3773e-01
670 +5.699748514e-04 +5.699748514e-04 -6.204943003e+01 -6.204943003e+01 +2.0633e+00 -5.6282e-01 -5.5227e-01
709 +2.763959786e-04 +2.763959786e-04 -6.204972360e+01 -6.204972360e+01 +1.9937e+00 -4.8437e-01 -6.1887e-01
848 +1.974256606e-04 +1.974256606e-04 -6.204980257e+01 -6.204980257e+01 +2.0133e+00 -5.0927e-01 -5.9851e-01
923 +6.575569807e-05 +6.575569807e-05 -6.204993424e+01 -6.204993424e+01 +2.0421e+00 -5.3257e-01 -5.7580e-01
1008 +3.759070049e-05 +3.759070049e-05 -6.204996241e+01 -6.204996241e+01 +2.0231e+00 -4.9937e-01 -6.0019e-01
1038 +2.281077268e-05 +2.281077268e-05 -6.204997719e+01 -6.204997719e+01 +2.0207e+00 -4.9640e-01 -6.0254e-01
1077 +1.504991923e-05 +1.504991923e-05 -6.204998495e+01 -6.204998495e+01 +2.0189e+00 -5.0068e-01 -6.0095e-01
1134 +4.139938596e-06 +4.139938596e-06 -6.204999586e+01 -6.204999586e+01 +2.0282e+00 -5.0836e-01 -5.9358e-01
1185 +2.627158835e-06 +2.627158835e-06 -6.204999737e+01 -6.204999737e+01 +2.0206e+00 -5.0028e-01 -6.0057e-01
1210 +1.081888215e-06 +1.081888215e-06 -6.204999892e+01 -6.204999892e+01 +2.0291e+00 -5.0789e-01 -5.9350e-01
1293 +8.462986898e-07 +8.462986898e-07 -6.204999915e+01 -6.204999915e+01 +2.0220e+00 -5.0085e-01 -5.9977e-01
1328 +6.247583570e-07 +6.247583570e-07 -6.204999938e+01 -6.204999938e+01 +2.0288e+00 -5.0842e-01 -5.9330e-01
1385 +3.975481846e-07 +3.975481846e-07 -6.204999960e+01 -6.204999960e+01 +2.0253e+00 -5.0414e-01 -5.9685e-01
1409 +1.321392631e-07 +1.321392631e-07 -6.204999987e+01 -6.204999987e+01 +2.0275e+00 -5.0586e-01 -5.9512e-01
1517 +9.973818749e-08 +9.973818749e-08 -6.204999990e+01 -6.204999990e+01 +2.0261e+00 -5.0433e-01 -5.9646e-01
1605 +3.171590635e-08 +3.171590635e-08 -6.204999997e+01 -6.204999997e+01 +2.0243e+00 -5.0270e-01 -5.9794e-01
1632 +2.044121317e-08 +2.044121317e-08 -6.204999998e+01 -6.204999998e+01 +2.0253e+00 -5.0364e-01 -5.9710e-01
1833 +3.671566162e-09 +3.671566162e-09 -6.205000000e+01 -6.205000000e+01 +2.0252e+00 -5.0358e-01 -5.9717e-01
% function evaluation | noise-free fitness - Fopt (-4.328000000000e+01) | best noise-free fitness - Fopt | measured fitness | best measured fitness | x1 | x2...
1 +1.935640517e+01 +1.935640517e+01 -2.392359483e+01 -2.392359483e+01 +3.5279e+00 +4.3751e+00 -1.3498e+00
5 +1.409764508e+01 +1.409764508e+01 -2.918235492e+01 -2.918235492e+01 +2.6896e-01 -2.1574e+00 -8.3824e-01
6 +4.541157628e+00 +4.541157628e+00 -3.873884237e+01 -3.873884237e+01 -1.4208e+00 +1.8713e-01 +6.2550e-01
23 +1.917008601e+00 +1.917008601e+00 -4.136299140e+01 -4.136299140e+01 -4.7203e-01 +1.2160e+00 -1.5780e+00
62 +1.049765132e+00 +1.049765132e+00 -4.223023487e+01 -4.223023487e+01 -9.8304e-01 +3.5697e+00 -3.4176e+00
115 +9.067594682e-01 +9.067594682e-01 -4.237324053e+01 -4.237324053e+01 -4.1364e-01 +1.9027e+00 -2.3398e+00
170 +2.019610175e-01 +2.019610175e-01 -4.307803898e+01 -4.307803898e+01 -6.9453e-01 +2.5329e+00 -2.7016e+00
207 +1.113424133e-01 +1.113424133e-01 -4.316865759e+01 -4.316865759e+01 -6.0774e-01 +2.5986e+00 -3.0620e+00
255 +8.834490745e-02 +8.834490745e-02 -4.319165509e+01 -4.319165509e+01 -2.7839e-01 +2.4100e+00 -3.0216e+00
308 +2.374170500e-02 +2.374170500e-02 -4.325625829e+01 -4.325625829e+01 -6.2649e-01 +2.6115e+00 -2.8878e+00
354 +1.530404231e-02 +1.530404231e-02 -4.326469596e+01 -4.326469596e+01 -4.1134e-01 +2.7564e+00 -2.8079e+00
465 +5.481902557e-03 +5.481902557e-03 -4.327451810e+01 -4.327451810e+01 -4.8897e-01 +2.6237e+00 -2.9248e+00
572 +1.926920061e-03 +1.926920061e-03 -4.327807308e+01 -4.327807308e+01 -4.5489e-01 +2.6154e+00 -2.9279e+00
583 +1.283674356e-03 +1.283674356e-03 -4.327871633e+01 -4.327871633e+01 -4.7343e-01 +2.5701e+00 -2.9632e+00
650 +3.746543437e-05 +3.746543437e-05 -4.327996253e+01 -4.327996253e+01 -4.8060e-01 +2.6293e+00 -2.9144e+00
1076 +1.265201525e-05 +1.265201525e-05 -4.327998735e+01 -4.327998735e+01 -4.8410e-01 +2.6275e+00 -2.9153e+00
1099 +7.210203520e-06 +7.210203520e-06 -4.327999279e+01 -4.327999279e+01 -4.8335e-01 +2.6342e+00 -2.9100e+00
1142 +7.851397896e-07 +7.851397896e-07 -4.327999921e+01 -4.327999921e+01 -4.8992e-01 +2.6459e+00 -2.8992e+00
1297 +4.476322744e-07 +4.476322744e-07 -4.327999955e+01 -4.327999955e+01 -4.8706e-01 +2.6414e+00 -2.9034e+00
1349 +3.200551575e-07 +3.200551575e-07 -4.327999968e+01 -4.327999968e+01 -4.8683e-01 +2.6396e+00 -2.9049e+00
1403 +2.336904572e-07 +2.336904572e-07 -4.327999977e+01 -4.327999977e+01 -4.8722e-01 +2.6387e+00 -2.9056e+00
1425 +4.730950565e-08 +4.730950565e-08 -4.327999995e+01 -4.327999995e+01 -4.8773e-01 +2.6409e+00 -2.9037e+00
1587 +1.397398108e-08 +1.397398108e-08 -4.327999999e+01 -4.327999999e+01 -4.8833e-01 +2.6437e+00 -2.9013e+00
1729 +6.065555169e-09 +6.065555169e-09 -4.327999999e+01 -4.327999999e+01 -4.8790e-01 +2.6418e+00 -2.9029e+00
% function evaluation | noise-free fitness - Fopt (-3.916000000000e+01) | best noise-free fitness - Fopt | measured fitness | best measured fitness | x1 | x2...
1 +6.121564152e+00 +6.121564152e+00 -3.303843585e+01 -3.303843585e+01 -2.8997e+00 +4.3606e+00 -3.0319e+00
23 +9.464195748e-01 +9.464195748e-01 -3.821358043e+01 -3.821358043e+01 -4.4806e+00 +1.2686e+00 +2.6411e+00
200 +6.007968397e-01 +6.007968397e-01 -3.855920316e+01 -3.855920316e+01 -2.9907e+00 +2.3171e+00 +2.6807e+00
205 +1.682367011e-01 +1.682367011e-01 -3.899176330e+01 -3.899176330e+01 -4.0384e+00 +1.8706e+00 +2.4024e+00
323 +1.233861156e-01 +1.233861156e-01 -3.903661388e+01 -3.903661388e+01 -3.4512e+00 +2.0595e+00 +2.5280e+00
359 +7.633782039e-02 +7.633782039e-02 -3.908366218e+01 -3.908366218e+01 -3.5113e+00 +2.2102e+00 +2.6937e+00
402 +4.518035520e-02 +4.518035520e-02 -3.911481964e+01 -3.911481964e+01 -3.7149e+00 +2.0652e+00 +2.6629e+00
440 +3.948133508e-02 +3.948133508e-02 -3.912051866e+01 -3.912051866e+01 -3.7831e+00 +1.7598e+00 +2.4243e+00
483 +2.418083167e-02 +2.418083167e-02 -3.913581917e+01 -3.913581917e+01 -3.8470e+00 +2.0799e+00 +2.5961e+00
558 +4.093102128e-03 +4.093102128e-03 -3.915590690e+01 -3.915590690e+01 -3.6447e+00 +1.8932e+00 +2.5316e+00
613 +3.075536496e-03 +3.075536496e-03 -3.915692446e+01 -3.915692446e+01 -3.6552e+00 +2.0026e+00 +2.5922e+00
725 +1.338678027e-03 +1.338678027e-03 -3.915866132e+01 -3.915866132e+01 -3.6033e+00 +1.8717e+00 +2.5323e+00
729 +9.674171172e-04 +9.674171172e-04 -3.915903258e+01 -3.915903258e+01 -3.6385e+00 +1.8031e+00 +2.4899e+00
855 +4.051339975e-04 +4.051339975e-04 -3.915959487e+01 -3.915959487e+01 -3.6107e+00 +1.8491e+00 +2.5193e+00
879 +3.635598577e-04 +3.635598577e-04 -3.915963644e+01 -3.915963644e+01 -3.6458e+00 +1.9265e+00 +2.5535e+00
1069 +1.024238693e-04 +1.024238693e-04 -3.915989758e+01 -3.915989758e+01 -3.6498e+00 +1.8679e+00 +2.5222e+00
1072 +4.949979115e-05 +4.949979115e-05 -3.915995050e+01 -3.915995050e+01 -3.6382e+00 +1.8684e+00 +2.5245e+00
1160 +1.548548366e-05 +1.548548366e-05 -3.915998451e+01 -3.915998451e+01 -3.6486e+00 +1.8886e+00 +2.5332e+00
1208 +8.602045114e-06 +8.602045114e-06 -3.915999140e+01 -3.915999140e+01 -3.6348e+00 +1.8598e+00 +2.5206e+00
1266 +4.081490928e-06 +4.081490928e-06 -3.915999592e+01 -3.915999592e+01 -3.6382e+00 +1.8675e+00 +2.5240e+00
1458 +2.595563117e-06 +2.595563117e-06 -3.915999740e+01 -3.915999740e+01 -3.6453e+00 +1.8807e+00 +2.5297e+00
1529 +2.290795258e-06 +2.290795258e-06 -3.915999771e+01 -3.915999771e+01 -3.6434e+00 +1.8739e+00 +2.5265e+00
1531 +9.346808909e-07 +9.346808909e-07 -3.915999907e+01 -3.915999907e+01 -3.6414e+00 +1.8744e+00 +2.5271e+00
1674 +4.670175571e-07 +4.670175571e-07 -3.915999953e+01 -3.915999953e+01 -3.6421e+00 +1.8730e+00 +2.5262e+00
1709 +3.253761207e-07 +3.253761207e-07 -3.915999967e+01 -3.915999967e+01 -3.6433e+00 +1.8762e+00 +2.5276e+00
1755 +1.034497856e-07 +1.034497856e-07 -3.915999990e+01 -3.915999990e+01 -3.6430e+00 +1.8767e+00 +2.5280e+00
1835 +9.391382605e-08 +9.391382605e-08 -3.915999991e+01 -3.915999991e+01 -3.6414e+00 +1.8731e+00 +2.5264e+00
1843 +3.461145326e-08 +3.461145326e-08 -3.915999997e+01 -3.915999997e+01 -3.6440e+00 +1.8786e+00 +2.5288e+00
1901 +1.847555353e-08 +1.847555353e-08 -3.915999998e+01 -3.915999998e+01 -3.6430e+00 +1.8762e+00 +2.5277e+00
2026 +1.396229266e-08 +1.396229266e-08 -3.915999999e+01 -3.915999999e+01 -3.6431e+00 +1.8767e+00 +2.5280e+00
2044 +6.608516401e-09 +6.608516401e-09 -3.915999999e+01 -3.915999999e+01 -3.6434e+00 +1.8775e+00 +2.5283e+00
% function evaluation | noise-free fitness - Fopt (-1.732800000000e+02) | best noise-free fitness - Fopt | measured fitness | best measured fitness | x1 | x2...
1 +1.356250456e+01 +1.356250456e+01 -1.597174954e+02 -1.597174954e+02 -3.7263e+00 -6.6437e-01 -2.4006e+00
9 +4.080677800e+00 +4.080677800e+00 -1.691993222e+02 -1.691993222e+02 -2.0890e+00 -2.2275e+00 -1.2200e+00
15 +1.841737059e+00 +1.841737059e+00 -1.714382629e+02 -1.714382629e+02 -1.5766e+00 -1.1697e+00 +1.1181e+00
52 +1.546957575e+00 +1.546957575e+00 -1.717330424e+02 -1.717330424e+02 -3.7052e+00 -1.1397e+00 +3.9083e+00
71 +6.031195947e-01 +6.031195947e-01 -1.726768804e+02 -1.726768804e+02 -3.0467e+00 -8.0248e-01 +1.6730e+00
132 +7.818453153e-02 +7.818453153e-02 -1.732018155e+02 -1.732018155e+02 -3.1844e+00 -8.4128e-01 +2.3421e+00
318 +3.882036147e-02 +3.882036147e-02 -1.732411796e+02 -1.732411796e+02 -3.1152e+00 -9.7472e-01 +2.3259e+00
351 +1.815581179e-02 +1.815581179e-02 -1.732618442e+02 -1.732618442e+02 -2.8659e+00 -7.8389e-01 +2.4714e+00
437 +8.644780834e-03 +8.644780834e-03 -1.732713552e+02 -1.732713552e+02 -2.8515e+00 -8.0442e-01 +2.4601e+00
528 +4.126481347e-03 +4.126481347e-03 -1.732758735e+02 -1.732758735e+02 -2.8752e+00 -8.8340e-01 +2.5002e+00
556 +1.357203874e-03 +1.357203874e-03 -1.732786428e+02 -1.732786428e+02 -2.9396e+00 -8.8667e-01 +2.4518e+00
602 +4.918339957e-04 +4.918339957e-04 -1.732795082e+02 -1.732795082e+02 -2.9641e+00 -9.1621e-01 +2.4495e+00
753 +1.295567745e-04 +1.295567745e-04 -1.732798704e+02 -1.732798704e+02 -2.8897e+00 -8.7829e-01 +2.4817e+00
887 +7.138668408e-05 +7.138668408e-05 -1.732799286e+02 -1.732799286e+02 -2.8918e+00 -8.8193e-01 +2.4821e+00
915 +4.763752796e-05 +4.763752796e-05 -1.732799524e+02 -1.732799524e+02 -2.9129e+00 -9.0110e-01 +2.4774e+00
1000 +3.428899052e-05 +3.428899052e-05 -1.732799657e+02 -1.732799657e+02 -2.9305e+00 -9.1773e-01 +2.4737e+00
1041 +1.782529088e-05 +1.782529088e-05 -1.732799822e+02 -1.732799822e+02 -2.9007e+00 -8.9557e-01 +2.4831e+00
1119 +2.244992857e-06 +2.244992857e-06 -1.732799978e+02 -1.732799978e+02 -2.9184e+00 -9.0466e-01 +2.4754e+00
1312 +7.144637379e-07 +7.144637379e-07 -1.732799993e+02 -1.732799993e+02 -2.9141e+00 -9.0305e-01 +2.4775e+00
1349 +6.184174595e-07 +6.184174595e-07 -1.732799994e+02 -1.732799994e+02 -2.9149e+00 -9.0379e-01 +2.4774e+00
1471 +3.177567862e-07 +3.177567862e-07 -1.732799997e+02 -1.732799997e+02 -2.9160e+00 -9.0366e-01 +2.4765e+00
1501 +1.908200886e-07 +1.908200886e-07 -1.732799998e+02 -1.732799998e+02 -2.9146e+00 -9.0259e-01 +2.4770e+00
1544 +8.510139082e-08 +8.510139082e-08 -1.732799999e+02 -1.732799999e+02 -2.9189e+00 -9.0537e-01 +2.4754e+00
1592 +2.842261893e-08 +2.842261893e-08 -1.732800000e+02 -1.732800000e+02 -2.9183e+00 -9.0521e-01 +2.4757e+00
1716 +3.363680889e-09 +3.363680889e-09 -1.732800000e+02 -1.732800000e+02 -2.9185e+00 -9.0537e-01 +2.4757e+00
% function evaluation | noise-free fitness - Fopt (-1.017000000000e+01) | best noise-free fitness - Fopt | measured fitness | best measured fitness | x1 | x2...
1 +2.914255782e+01 +2.914255782e+01 +1.897255782e+01 +1.897255782e+01 +2.3831e+00 +4.9873e-01 -5.6294e-01
3 +1.429467634e+01 +1.429467634e+01 +4.124676340e+00 +4.124676340e+00 +2.0394e+00 -3.3845e+00 +3.6261e+00
10 +1.603362764e+00 +1.603362764e+00 -8.566637236e+00 -8.566637236e+00 +2.9345e+00 +1.1337e+00 +3.0065e+00
92 +1.307836905e+00 +1.307836905e+00 -8.862163095e+00 -8.862163095e+00 +1.9711e+00 +2.7281e+00 +2.9007e+00
93 +9.137745968e-01 +9.137745968e-01 -9.256225403e+00 -9.256225403e+00 +2.0576e+00 +1.1532e+00 +3.3068e+00
143 +3.594746505e-01 +3.594746505e-01 -9.810525349e+00 -9.810525349e+00 +1.4900e+00 +1.2823e+00 +3.1294e+00
178 +2.073159489e-01 +2.073159489e-01 -9.962684051e+00 -9.962684051e+00 +1.3594e+00 +2.0180e+00 +3.0318e+00
207 +7.897493806e-02 +7.897493806e-02 -1.009102506e+01 -1.009102506e+01 +1.5943e+00 +1.8816e+00 +2.3098e+00
329 +5.147901232e-02 +5.147901232e-02 -1.011852099e+01 -1.011852099e+01 +1.5870e+00 +1.9024e+00 +2.3870e+00
417 +3.146217819e-02 +3.146217819e-02 -1.013853782e+01 -1.013853782e+01 +1.4699e+00 +1.8275e+00 +2.7341e+00
422 +1.540902401e-02 +1.540902401e-02 -1.015459098e+01 -1.015459098e+01 +1.4144e+00 +1.7424e+00 +2.8344e+00
509 +4.685716056e-03 +4.685716056e-03 -1.016531428e+01 -1.016531428e+01 +1.4468e+00 +1.6953e+00 +2.5932e+00
600 +1.917362452e-03 +1.917362452e-03 -1.016808264e+01 -1.016808264e+01 +1.4920e+00 +1.7706e+00 +2.5954e+00
618 +9.239545171e-04 +9.239545171e-04 -1.016907605e+01 -1.016907605e+01 +1.4714e+00 +1.7481e+00 +2.6177e+00
734 +4.642513769e-04 +4.642513769e-04 -1.016953575e+01 -1.016953575e+01 +1.4375e+00 +1.7139e+00 +2.6965e+00
800 +6.267586139e-05 +6.267586139e-05 -1.016993732e+01 -1.016993732e+01 +1.4474e+00 +1.7264e+00 +2.6821e+00
1027 +2.117594187e-05 +2.117594187e-05 -1.016997882e+01 -1.016997882e+01 +1.4374e+00 +1.7185e+00 +2.7115e+00
1069 +9.199122715e-06 +9.199122715e-06 -1.016999080e+01 -1.016999080e+01 +1.4425e+00 +1.7216e+00 +2.6931e+00
1107 +2.723880694e-06 +2.723880694e-06 -1.016999728e+01 -1.016999728e+01 +1.4488e+00 +1.7265e+00 +2.6743e+00
1125 +1.515638212e-06 +1.515638212e-06 -1.016999848e+01 -1.016999848e+01 +1.4457e+00 +1.7236e+00 +2.6819e+00
1189 +3.997700535e-07 +3.997700535e-07 -1.016999960e+01 -1.016999960e+01 +1.4430e+00 +1.7221e+00 +2.6920e+00
1400 +3.455131097e-07 +3.455131097e-07 -1.016999965e+01 -1.016999965e+01 +1.4457e+00 +1.7236e+00 +2.6820e+00
1409 +1.623971997e-07 +1.623971997e-07 -1.016999984e+01 -1.016999984e+01 +1.4464e+00 +1.7245e+00 +2.6809e+00
1456 +1.404583276e-07 +1.404583276e-07 -1.016999986e+01 -1.016999986e+01 +1.4437e+00 +1.7226e+00 +2.6900e+00
1504 +6.795695207e-08 +6.795695207e-08 -1.016999993e+01 -1.016999993e+01 +1.4436e+00 +1.7224e+00 +2.6894e+00
1525 +4.609868043e-09 +4.609868043e-09 -1.017000000e+01 -1.017000000e+01 +1.4447e+00 +1.7231e+00 +2.6860e+00
