% function evaluation | noise-free fitness - Fopt (-6.211100000000e+02) | best noise-free fitness - Fopt | measured fitness | best measured fitness | x1 | x2...
1 +5.299089569e+07 +5.299089569e+07 +5.299027458e+07 +5.299027458e+07 -2.9083e-01 +4.3209e+00 -3.9690e+00
3 +2.386530761e+07 +2.386530761e+07 +2.386468650e+07 +2.386468650e+07 -2.4764e+00 +5.8182e-01 -1.5483e+00
4 +8.585233365e+06 +8.585233365e+06 +8.584612255e+06 +8.584612255e+06 +4.7511e-01 +2.9779e+00 +2.7661e+00
6 +9.084395768e+05 +9.084395768e+05 +9.078184668e+05 +9.078184668e+05 -2.1603e+00 +4.7742e+00 +1.5018e+00
46 +5.625839311e+05 +5.625839311e+05 +5.619628211e+05 +5.619628211e+05 -1.8686e+00 +4.5821e+00 +1.2088e+00
49 +5.777017964e+04 +5.777017964e+04 +5.714906964e+04 +5.714906964e+04 -2.1603e+00 +4.7742e+00 +4.0537e-01
137 +1.583575791e+04 +1.583575791e+04 +1.521464791e+04 +1.521464791e+04 -3.1290e+00 +5.7610e+00 +8.2209e-01
173 +2.380625839e+03 +2.380625839e+03 +1.759515839e+03 +1.759515839e+03 -2.0435e+00 +4.9656e+00 +4.8716e-01
271 +1.096761698e+03 +1.096761698e+03 +4.756516982e+02 +4.756516982e+02 -2.0435e+00 +4.9656e+00 +5.3367e-01
377 +2.108194043e+02 +2.108194043e+02 -4.102905957e+02 -4.102905957e+02 -1.6572e+00 +4.6693e+00 +3.9330e-01
533 +1.554941473e+02 +1.554941473e+02 -4.656158527e+02 -4.656158527e+02 -1.3529e+00 +4.4271e+00 +3.0731e-01
635 +2.361621588e+01 +2.361621588e+01 -5.974937841e+02 -5.974937841e+02 -1.1819e+00 +4.2603e+00 +2.6192e-01
804 +8.169872358e+00 +8.169872358e+00 -6.129401276e+02 -6.129401276e+02 -1.3317e+00 +4.3872e+00 +3.0994e-01
947 +2.462771917e+00 +2.462771917e+00 -6.186472281e+02 -6.186472281e+02 -1.2029e+00 +4.2712e+00 +2.6884e-01
1016 +1.443357222e+00 +1.443357222e+00 -6.196666428e+02 -6.196666428e+02 -1.2303e+00 +4.2973e+00 +2.7600e-01
1102 +9.878279688e-01 +9.878279688e-01 -6.201221720e+02 -6.201221720e+02 -1.1877e+00 +4.2561e+00 +2.6362e-01
1144 +4.841641198e-01 +4.841641198e-01 -6.206258359e+02 -6.206258359e+02 -1.3428e+00 +4.3979e+00 +3.1021e-01
1303 +2.635535740e-01 +2.635535740e-01 -6.208464464e+02 -6.208464464e+02 -1.2243e+00 +4.2901e+00 +2.7380e-01
1308 +2.312356661e-01 +2.312356661e-01 -6.208787643e+02 -6.208787643e+02 -1.2133e+00 +4.2801e+00 +2.7048e-01
1386 +1.417272364e-01 +1.417272364e-01 -6.209682728e+02 -6.209682728e+02 -1.1642e+00 +4.2351e+00 +2.5547e-01
1484 +8.841644044e-02 +8.841644044e-02 -6.210215836e+02 -6.210215836e+02 -1.0930e+00 +4.1701e+00 +2.3351e-01
1537 +3.694838707e-02 +3.694838707e-02 -6.210730516e+02 -6.210730516e+02 -1.0255e+00 +4.1090e+00 +2.1279e-01
1588 +2.164509525e-02 +2.164509525e-02 -6.210883549e+02 -6.210883549e+02 -9.7697e-01 +4.0653e+00 +1.9771e-01
1733 +1.437848000e-02 +1.437848000e-02 -6.210956215e+02 -6.210956215e+02 -9.5541e-01 +4.0462e+00 +1.9102e-01
1756 +9.711562027e-03 +9.711562027e-03 -6.211002884e+02 -6.211002884e+02 -9.5111e-01 +4.0424e+00 +1.8971e-01
1833 +6.035446253e-03 +6.035446253e-03 -6.211039646e+02 -6.211039646e+02 -9.4483e-01 +4.0369e+00 +1.8778e-01
1901 +3.809626949e-03 +3.809626949e-03 -6.211061904e+02 -6.211061904e+02 -9.3669e-01 +4.0297e+00 +1.8524e-01
1972 +2.455235484e-03 +2.455235484e-03 -6.211075448e+02 -6.211075448e+02 -9.2702e-01 +4.0213e+00 +1.8224e-01
2269 +1.561959118e-03 +1.561959118e-03 -6.211084380e+02 -6.211084380e+02 -9.1930e-01 +4.0145e+00 +1.7982e-01
2392 +9.508430985e-04 +9.508430985e-04 -6.211090492e+02 -6.211090492e+02 -9.1323e-01 +4.0093e+00 +1.7792e-01
2445 +6.002969292e-04 +6.002969292e-04 -6.211093997e+02 -6.211093997e+02 -9.0911e-01 +4.0057e+00 +1.7662e-01
2478 +3.295359701e-04 +3.295359701e-04 -6.211096705e+02 -6.211096705e+02 -9.0479e-01 +4.0020e+00 +1.7525e-01
2656 +2.243272805e-04 +2.243272805e-04 -6.211097757e+02 -6.211097757e+02 -9.0293e-01 +4.0004e+00 +1.7467e-01
2731 +1.522698905e-04 +1.522698905e-04 -6.211098477e+02 -6.211098477e+02 -9.0075e-01 +3.9985e+00 +1.7398e-01
2798 +9.577672904e-05 +9.577672904e-05 -6.211099042e+02 -6.211099042e+02 -8.9904e-01 +3.9971e+00 +1.7344e-01
2843 +6.129621841e-05 +6.129621841e-05 -6.211099387e+02 -6.211099387e+02 -8.9767e-01 +3.9959e+00 +1.7300e-01
2956 +3.505880863e-05 +3.505880863e-05 -6.211099649e+02 -6.211099649e+02 -8.9626e-01 +3.9948e+00 +1.7256e-01
2987 +1.982191145e-05 +1.982191145e-05 -6.211099802e+02 -6.211099802e+02 -8.9507e-01 +3.9937e+00 +1.7218e-01
3021 +1.562116836e-05 +1.562116836e-05 -6.211099844e+02 -6.211099844e+02 -8.9431e-01 +3.9931e+00 +1.7193e-01
3046 +7.646039876e-06 +7.646039876e-06 -6.211099924e+02 -6.211099924e+02 -8.9403e-01 +3.9929e+00 +1.7185e-01
3080 +5.516622650e-06 +5.516622650e-06 -6.211099945e+02 -6.211099945e+02 -8.9367e-01 +3.9926e+00 +1.7173e-01
3121 +3.408607881e-06 +3.408607881e-06 -6.211099966e+02 -6.211099966e+02 -8.9328e-01 +3.9923e+00 +1.7161e-01
3126 +2.510430363e-06 +2.510430363e-06 -6.211099975e+02 -6.211099975e+02 -8.9283e-01 +3.9919e+00 +1.7147e-01
3176 +1.553215384e-06 +1.553215384e-06 -6.211099984e+02 -6.211099984e+02 -8.9287e-01 +3.9919e+00 +1.7148e-01
3210 +9.410250641e-07 +9.410250641e-07 -6.211099991e+02 -6.211099991e+02 -8.9262e-01 +3.9917e+00 +1.7140e-01
3260 +6.233050271e-07 +6.233050271e-07 -6.211099994e+02 -6.211099994e+02 -8.9254e-01 +3.9916e+00 +1.7137e-01
3316 +2.571748610e-07 +2.571748610e-07 -6.211099997e+02 -6.211099997e+02 -8.9235e-01 +3.9915e+00 +1.7131e-01
3334 +1.638418325e-07 +1.638418325e-07 -6.211099998e+02 -6.211099998e+02 -8.9211e-01 +3.9913e+00 +1.7124e-01
3359 +1.108854804e-07 +1.108854804e-07 -6.211099999e+02 -6.211099999e+02 -8.9208e-01 +3.9913e+00 +1.7122e-01
3361 +5.119420621e-08 +5.119420621e-08 -6.211099999e+02 -6.211099999e+02 -8.9210e-01 +3.9913e+00 +1.7123e-01
3400 +3.347417987e-08 +3.347417987e-08 -6.211100000e+02 -6.211100000e+02 -8.9213e-01 +3.9913e+00 +1.7124e-01
3426 +2.454817150e-08 +2.454817150e-08 -6.211100000e+02 -6.211100000e+02 -8.9210e-01 +3.9913e+00 +1.7123e-01
3489 +1.562125362e-08 +1.562125362e-08 -6.211100000e+02 -6.211100000e+02 -8.9209e-01 +3.9913e+00 +1.7123e-01
3510 +9.537643564e-09 +9.537643564e-09 -6.211100000e+02 -6.211100000e+02 -8.9207e-01 +3.9913e+00 +1.7122e-01
% function evaluation | noise-free fitness - Fopt (-2.548200000000e+02) | best noise-free fitness - Fopt | measured fitness | best measured fitness | x1 | x2...
1 +3.355953723e+10 +3.355953723e+10 +3.355953698e+10 +3.355953698e+10 -4.9284e+00 -3.1232e+00 +2.4338e+00
2 +4.505205633e+07 +4.505205633e+07 +4.505180151e+07 +4.505180151e+07 -2.5151e+00 +4.9172e+00 -2.5964e+00
3 +8.924851596e+06 +8.924851596e+06 +8.924596776e+06 +8.924596776e+06 +1.4129e-01 +2.5643e-01 -3.3947e+00
17 +3.360022112e+06 +3.360022112e+06 +3.359767292e+06 +3.359767292e+06 +1.4129e-01 -2.6354e+00 -3.3947e+00
18 +1.558295782e+06 +1.558295782e+06 +1.558040962e+06 +1.558040962e+06 +3.3330e+00 -6.5013e-01 -1.0625e+00
31 +1.109177888e+05 +1.109177888e+05 +1.106629688e+05 +1.106629688e+05 +1.9220e+00 -1.7317e+00 -1.3666e+00
47 +1.596407070e+04 +1.596407070e+04 +1.570925070e+04 +1.570925070e+04 +1.9142e+00 -6.5013e-01 -1.3297e+00
243 +1.302286973e+04 +1.302286973e+04 +1.276804973e+04 +1.276804973e+04 +2.2499e+00 -3.0880e-01 -1.0718e+00
282 +6.566835024e+03 +6.566835024e+03 +6.312015024e+03 +6.312015024e+03 +2.0686e+00 -6.5974e-01 -1.3072e+00
288 +4.535390239e+03 +4.535390239e+03 +4.280570239e+03 +4.280570239e+03 +2.6708e+00 +1.1297e+00 -6.6061e-01
319 +3.968920831e+03 +3.968920831e+03 +3.714100831e+03 +3.714100831e+03 +2.8895e+00 +1.7831e+00 -6.0450e-01
342 +1.988730275e+03 +1.988730275e+03 +1.733910275e+03 +1.733910275e+03 +2.8838e+00 +1.5580e+00 -6.0598e-01
367 +1.463238692e+03 +1.463238692e+03 +1.208418692e+03 +1.208418692e+03 +3.2299e+00 +2.4522e+00 -3.8629e-01
427 +5.506297799e+02 +5.506297799e+02 +2.958097799e+02 +2.958097799e+02 +2.7541e+00 +1.3796e+00 -6.7335e-01
432 +7.421991580e+01 +7.421991580e+01 -1.806000842e+02 -1.806000842e+02 +3.3114e+00 +2.7517e+00 -3.0223e-01
447 +2.934565232e+01 +2.934565232e+01 -2.254743477e+02 -2.254743477e+02 +2.8589e+00 +1.6063e+00 -5.9484e-01
721 +6.782955257e+00 +6.782955257e+00 -2.480370447e+02 -2.480370447e+02 +2.7913e+00 +1.4373e+00 -6.3676e-01
875 +6.160155546e+00 +6.160155546e+00 -2.486598445e+02 -2.486598445e+02 +3.1143e+00 +2.2664e+00 -4.2236e-01
905 +3.615445495e+00 +3.615445495e+00 -2.512045545e+02 -2.512045545e+02 +3.0420e+00 +2.0874e+00 -4.6683e-01
1260 +2.387536977e+00 +2.387536977e+00 -2.524324630e+02 -2.524324630e+02 +3.1479e+00 +2.3544e+00 -4.0228e-01
1561 +1.571449081e+00 +1.571449081e+00 -2.532485509e+02 -2.532485509e+02 +3.2558e+00 +2.6213e+00 -3.4053e-01
1919 +9.339306374e-01 +9.339306374e-01 -2.538860694e+02 -2.538860694e+02 +3.3752e+00 +2.9102e+00 -2.7782e-01
2147 +5.986064705e-01 +5.986064705e-01 -2.542213935e+02 -2.542213935e+02 +3.4425e+00 +3.0703e+00 -2.4558e-01
2316 +3.972825942e-01 +3.972825942e-01 -2.544227174e+02 -2.544227174e+02 +3.5034e+00 +3.2122e+00 -2.1769e-01
2449 +2.384111423e-01 +2.384111423e-01 -2.545815889e+02 -2.545815889e+02 +3.5523e+00 +3.3259e+00 -1.9640e-01
2523 +1.395008572e-01 +1.395008572e-01 -2.546804991e+02 -2.546804991e+02 +3.5947e+00 +3.4233e+00 -1.7888e-01
2599 +9.313241469e-02 +9.313241469e-02 -2.547268676e+02 -2.547268676e+02 +3.6381e+00 +3.5229e+00 -1.6100e-01
2636 +6.229521795e-02 +6.229521795e-02 -2.547577048e+02 -2.547577048e+02 +3.6616e+00 +3.5766e+00 -1.5139e-01
2641 +3.411352705e-02 +3.411352705e-02 -2.547858865e+02 -2.547858865e+02 +3.6780e+00 +3.6140e+00 -1.4467e-01
2649 +1.971197446e-02 +1.971197446e-02 -2.548002880e+02 -2.548002880e+02 +3.6943e+00 +3.6511e+00 -1.3802e-01
2713 +1.502360641e-02 +1.502360641e-02 -2.548049764e+02 -2.548049764e+02 +3.6940e+00 +3.6504e+00 -1.3810e-01
2806 +7.310734465e-03 +7.310734465e-03 -2.548126893e+02 -2.548126893e+02 +3.7084e+00 +3.6837e+00 -1.3189e-01
2845 +5.832643988e-03 +5.832643988e-03 -2.548141674e+02 -2.548141674e+02 +3.7147e+00 +3.6982e+00 -1.2913e-01
2867 +3.711773166e-03 +3.711773166e-03 -2.548162882e+02 -2.548162882e+02 +3.7180e+00 +3.7061e+00 -1.2756e-01
2971 +2.210017087e-03 +2.210017087e-03 -2.548177900e+02 -2.548177900e+02 +3.7237e+00 +3.7195e+00 -1.2492e-01
3031 +1.578459707e-03 +1.578459707e-03 -2.548184215e+02 -2.548184215e+02 +3.7270e+00 +3.7273e+00 -1.2335e-01
3166 +9.643112706e-04 +9.643112706e-04 -2.548190357e+02 -2.548190357e+02 +3.7306e+00 +3.7359e+00 -1.2157e-01
3256 +5.857813007e-04 +5.857813007e-04 -2.548194142e+02 -2.548194142e+02 +3.7325e+00 +3.7404e+00 -1.2062e-01
3334 +3.822233069e-04 +3.822233069e-04 -2.548196178e+02 -2.548196178e+02 +3.7336e+00 +3.7432e+00 -1.2001e-01
3363 +2.024079485e-04 +2.024079485e-04 -2.548197976e+02 -2.548197976e+02 +3.7356e+00 +3.7479e+00 -1.1899e-01
3408 +1.576046676e-04 +1.576046676e-04 -2.548198424e+02 -2.548198424e+02 +3.7365e+00 +3.7500e+00 -1.1852e-01
3514 +9.787607286e-05 +9.787607286e-05 -2.548199021e+02 -2.548199021e+02 +3.7374e+00 +3.7524e+00 -1.1798e-01
3522 +5.901310226e-05 +5.901310226e-05 -2.548199410e+02 -2.548199410e+02 +3.7380e+00 +3.7538e+00 -1.1766e-01
3556 +3.160991611e-05 +3.160991611e-05 -2.548199684e+02 -2.548199684e+02 +3.7389e+00 +3.7561e+00 -1.1714e-01
3639 +2.163790217e-05 +2.163790217e-05 -2.548199784e+02 -2.548199784e+02 +3.7392e+00 +3.7568e+00 -1.1697e-01
3706 +1.541444900e-05 +1.541444900e-05 -2.548199846e+02 -2.548199846e+02 +3.7394e+00 +3.7573e+00 -1.1684e-01
3752 +7.558833289e-06 +7.558833289e-06 -2.548199924e+02 -2.548199924e+02 +3.7399e+00 +3.7585e+00 -1.1657e-01
3779 +5.667770722e-06 +5.667770722e-06 -2.548199943e+02 -2.548199943e+02 +3.7401e+00 +3.7590e+00 -1.1645e-01
3845 +2.997296889e-06 +2.997296889e-06 -2.548199970e+02 -2.548199970e+02 +3.7402e+00 +3.7593e+00 -1.1638e-01
3888 +1.942856727e-06 +1.942856727e-06 -2.548199981e+02 -2.548199981e+02 +3.7403e+00 +3.7596e+00 -1.1630e-01
3914 +8.722176688e-07 +8.722176688e-07 -2.548199991e+02 -2.548199991e+02 +3.7405e+00 +3.7600e+00 -1.1620e-01
3983 +6.124903962e-07 +6.124903962e-07 -2.548199994e+02 -2.548199994e+02 +3.7405e+00 +3.7601e+00 -1.1617e-01
4038 +3.397665012e-07 +3.397665012e-07 -2.548199997e+02 -2.548199997e+02 +3.7406e+00 +3.7603e+00 -1.1612e-01
4042 +1.784504775e-07 +1.784504775e-07 -2.548199998e+02 -2.548199998e+02 +3.7407e+00 +3.7604e+00 -1.1609e-01
4096 +1.455158554e-07 +1.455158554e-07 -2.548199999e+02 -2.548199999e+02 +3.7407e+00 +3.7606e+00 -1.1606e-01
4128 +6.373181805e-08 +6.373181805e-08 -2.548199999e+02 -2.548199999e+02 +3.7407e+00 +3.7606e+00 -1.1605e-01
4173 +6.027536870e-08 +6.027536870e-08 -2.548199999e+02 -2.548199999e+02 +3.7407e+00 +3.7606e+00 -1.1605e-01
4237 +3.951495842e-08 +3.951495842e-08 -2.548200000e+02 -2.548200000e+02 +3.7407e+00 +3.7606e+00 -1.1605e-01
4261 +1.692163210e-08 +1.692163210e-08 -2.548200000e+02 -2.548200000e+02 +3.7408e+00 +3.7607e+00 -1.1602e-01
4281 +1.517850023e-08 +1.517850023e-08 -2.548200000e+02 -2.548200000e+02 +3.7408e+00 +3.7607e+00 -1.1602e-01
4325 +7.966008297e-09 +7.966008297e-09 -2.548200000e+02 -2.548200000e+02 +3.7408e+00 +3.7607e+00 -1.1602e-01
% function evaluation | noise-free fitness - Fopt (5.661000000000e+01) | best noise-free fitness - Fopt | measured fitness | best measured fitness | x1 | x2...
1 +9.488157188e+07 +9.488157188e+07 +9.488162849e+07 +9.488162849e+07 +7.3089e-01 -5.8633e-02 -4.8354e+00
3 +4.455858801e+06 +4.455858801e+06 +4.455915411e+06 +4.455915411e+06 -2.9666e+00 -2.6112e+00 -1.9777e+00
7 +1.982929640e+05 +1.982929640e+05 +1.983495740e+05 +1.983495740e+05 -4.9824e+00 -1.8017e+00 -3.6969e+00
112 +1.525659312e+05 +1.525659312e+05 +1.526225412e+05 +1.526225412e+05 -3.7233e+00 -1.9405e+00 -3.4779e+00
139 +2.264809875e+04 +2.264809875e+04 +2.270470875e+04 +2.270470875e+04 -2.7465e+00 -2.7978e+00 -4.4609e+00
141 +2.199910804e+03 +2.199910804e+03 +2.256520804e+03 +2.256520804e+03 -3.5565e+00 -2.3722e+00 -4.0030e+00
259 +1.560626461e+03 +1.560626461e+03 +1.617236461e+03 +1.617236461e+03 -3.1893e+00 -2.6635e+00 -4.2196e+00
347 +4.492835284e+02 +4.492835284e+02 +5.058935284e+02 +5.058935284e+02 -3.1556e+00 -2.6635e+00 -4.2196e+00
380 +3.257139718e+02 +3.257139718e+02 +3.823239718e+02 +3.823239718e+02 -3.2903e+00 -2.5955e+00 -4.1283e+00
421 +1.580532919e+02 +1.580532919e+02 +2.146632919e+02 +2.146632919e+02 -3.3116e+00 -2.5633e+00 -4.1038e+00
489 +2.294870711e+01 +2.294870711e+01 +7.955870711e+01 +7.955870711e+01 -3.7641e+00 -2.3283e+00 -3.9047e+00
634 +5.777263700e+00 +5.777263700e+00 +6.238726370e+01 +6.238726370e+01 -3.4468e+00 -2.4832e+00 -4.0490e+00
730 +6.152934554e-01 +6.152934554e-01 +5.722529346e+01 +5.722529346e+01 -3.3434e+00 -2.5439e+00 -4.1019e+00
782 +3.005327171e-01 +3.005327171e-01 +5.691053272e+01 +5.691053272e+01 -3.4984e+00 -2.4570e+00 -4.0274e+00
1122 +2.160471248e-01 +2.160471248e-01 +5.682604712e+01 +5.682604712e+01 -3.5289e+00 -2.4405e+00 -4.0125e+00
1308 +1.539696804e-01 +1.539696804e-01 +5.676396968e+01 +5.676396968e+01 -3.5703e+00 -2.4186e+00 -3.9937e+00
1531 +9.496267659e-02 +9.496267659e-02 +5.670496268e+01 +5.670496268e+01 -3.5839e+00 -2.4117e+00 -3.9874e+00
1758 +6.240872558e-02 +6.240872558e-02 +5.667240873e+01 +5.667240873e+01 -3.6235e+00 -2.3918e+00 -3.9692e+00
2027 +3.775622996e-02 +3.775622996e-02 +5.664775623e+01 +5.664775623e+01 -3.6742e+00 -2.3666e+00 -3.9464e+00
2210 +2.497798406e-02 +2.497798406e-02 +5.663497798e+01 +5.663497798e+01 -3.7119e+00 -2.3483e+00 -3.9295e+00
2326 +1.566775000e-02 +1.566775000e-02 +5.662566775e+01 +5.662566775e+01 -3.7475e+00 -2.3312e+00 -3.9136e+00
2479 +9.340614619e-03 +9.340614619e-03 +5.661934061e+01 +5.661934061e+01 -3.7725e+00 -2.3193e+00 -3.9026e+00
2560 +5.859049517e-03 +5.859049517e-03 +5.661585905e+01 +5.661585905e+01 -3.7892e+00 -2.3114e+00 -3.8951e+00
2566 +3.324812752e-03 +3.324812752e-03 +5.661332481e+01 +5.661332481e+01 -3.8022e+00 -2.3052e+00 -3.8894e+00
2609 +2.229152844e-03 +2.229152844e-03 +5.661222915e+01 +5.661222915e+01 -3.8090e+00 -2.3019e+00 -3.8864e+00
2685 +1.316968774e-03 +1.316968774e-03 +5.661131697e+01 +5.661131697e+01 -3.8211e+00 -2.2961e+00 -3.8810e+00
2791 +9.989472730e-04 +9.989472730e-04 +5.661099895e+01 +5.661099895e+01 -3.8241e+00 -2.2946e+00 -3.8796e+00
2954 +6.304884467e-04 +6.304884467e-04 +5.661063049e+01 +5.661063049e+01 -3.8307e+00 -2.2914e+00 -3.8766e+00
3104 +3.921650784e-04 +3.921650784e-04 +5.661039217e+01 +5.661039217e+01 -3.8346e+00 -2.2894e+00 -3.8749e+00
3198 +2.447132997e-04 +2.447132997e-04 +5.661024471e+01 +5.661024471e+01 -3.8380e+00 -2.2878e+00 -3.8734e+00
3241 +1.563664582e-04 +1.563664582e-04 +5.661015637e+01 +5.661015637e+01 -3.8414e+00 -2.2860e+00 -3.8718e+00
3410 +8.328212807e-05 +8.328212807e-05 +5.661008328e+01 +5.661008328e+01 -3.8439e+00 -2.2847e+00 -3.8706e+00
3572 +6.064511633e-05 +6.064511633e-05 +5.661006065e+01 +5.661006065e+01 -3.8448e+00 -2.2843e+00 -3.8702e+00
3661 +3.718216302e-05 +3.718216302e-05 +5.661003718e+01 +5.661003718e+01 -3.8463e+00 -2.2835e+00 -3.8695e+00
3827 +2.450204073e-05 +2.450204073e-05 +5.661002450e+01 +5.661002450e+01 -3.8473e+00 -2.2830e+00 -3.8691e+00
3978 +1.493465660e-05 +1.493465660e-05 +5.661001493e+01 +5.661001493e+01 -3.8481e+00 -2.2825e+00 -3.8687e+00
4041 +9.095625131e-06 +9.095625131e-06 +5.661000910e+01 +5.661000910e+01 -3.8487e+00 -2.2822e+00 -3.8684e+00
4130 +5.770145158e-06 +5.770145158e-06 +5.661000577e+01 +5.661000577e+01 -3.8493e+00 -2.2819e+00 -3.8681e+00
4208 +3.497978788e-06 +3.497978788e-06 +5.661000350e+01 +5.661000350e+01 -3.8497e+00 -2.2816e+00 -3.8679e+00
4235 +2.282181832e-06 +2.282181832e-06 +5.661000228e+01 +5.661000228e+01 -3.8501e+00 -2.2814e+00 -3.8677e+00
4421 +1.572477323e-06 +1.572477323e-06 +5.661000157e+01 +5.661000157e+01 -3.8502e+00 -2.2814e+00 -3.8677e+00
4524 +9.130950644e-07 +9.130950644e-07 +5.661000091e+01 +5.661000091e+01 -3.8505e+00 -2.2812e+00 -3.8676e+00
4602 +5.959170437e-07 +5.959170437e-07 +5.661000060e+01 +5.661000060e+01 -3.8506e+00 -2.2811e+00 -3.8675e+00
4621 +3.604180634e-07 +3.604180634e-07 +5.661000036e+01 +5.661000036e+01 -3.8507e+00 -2.2811e+00 -3.8674e+00
4642 +2.448446352e-07 +2.448446352e-07 +5.661000024e+01 +5.661000024e+01 -3.8508e+00 -2.2810e+00 -3.8674e+00
4824 +1.404438095e-07 +1.404438095e-07 +5.661000014e+01 +5.661000014e+01 -3.8509e+00 -2.2810e+00 -3.8673e+00
4890 +9.502937104e-08 +9.502937104e-08 +5.661000010e+01 +5.661000010e+01 -3.8510e+00 -2.2809e+00 -3.8673e+00
4924 +5.529599179e-08 +5.529599179e-08 +5.661000006e+01 +5.661000006e+01 -3.8510e+00 -2.2809e+00 -3.8673e+00
4959 +3.040917562e-08 +3.040917562e-08 +5.661000003e+01 +5.661000003e+01 -3.8511e+00 -2.2809e+00 -3.8673e+00
4982 +2.035688595e-08 +2.035688595e-08 +5.661000002e+01 +5.661000002e+01 -3.8511e+00 -2.2809e+00 -3.8673e+00
5058 +1.538815297e-08 +1.538815297e-08 +5.661000002e+01 +5.661000002e+01 -3.8511e+00 -2.2809e+00 -3.8672e+00
5102 +9.632294962e-09 +9.632294962e-09 +5.661000001e+01 +5.661000001e+01 -3.8511e+00 -2.2808e+00 -3.8672e+00
% function evaluation | noise-free fitness - Fopt (-1.810000000000e+01) | best noise-free fitness - Fopt | measured fitness | best measured fitness | x1 | x2...
1 +1.728468578e+09 +1.728468578e+09 +1.728468560e+09 +1.728468560e+09 +1.5944e+00 -4.3541e+00 +2.0486e+00
3 +6.980038289e+05 +6.980038289e+05 +6.979857289e+05 +6.979857289e+05 -3.4692e+00 -1.6444e+00 +4.7574e+00
91 +2.537499227e+04 +2.537499227e+04 +2.535689227e+04 +2.535689227e+04 -4.7998e+00 -1.6444e+00 +4.6441e+00
160 +1.820195150e+04 +1.820195150e+04 +1.818385150e+04 +1.818385150e+04 -9.6947e+00 -3.8937e+00 +6.7364e+00
181 +5.117839822e+03 +5.117839822e+03 +5.099739822e+03 +5.099739822e+03 -9.9173e+00 -4.0878e+00 +6.8674e+00
182 +1.881355225e+03 +1.881355225e+03 +1.863255225e+03 +1.863255225e+03 -4.7998e+00 -1.5050e+00 +4.6441e+00
347 +7.400103421e+02 +7.400103421e+02 +7.219103421e+02 +7.219103421e+02 -1.4266e+01 -6.4219e+00 +8.7090e+00
402 +6.008064906e+02 +6.008064906e+02 +5.827064906e+02 +5.827064906e+02 -3.7860e+00 -9.1834e-01 +4.2467e+00
563 +3.869833794e+02 +3.869833794e+02 +3.688833794e+02 +3.688833794e+02 -1.3744e+00 +3.0832e-01 +3.2398e+00
566 +8.888832958e+01 +8.888832958e+01 +7.078832958e+01 +7.078832958e+01 -3.2421e+00 -6.5017e-01 +4.0159e+00
712 +3.794860326e+01 +3.794860326e+01 +1.984860326e+01 +1.984860326e+01 -3.3010e+00 -6.8623e-01 +4.0425e+00
730 +1.642891583e+01 +1.642891583e+01 -1.671084168e+00 -1.671084168e+00 -1.5600e+00 +2.2167e-01 +3.3031e+00
789 +1.227396963e+01 +1.227396963e+01 -5.826030368e+00 -5.826030368e+00 -3.4535e+00 -7.7081e-01 +4.1036e+00
922 +7.062394746e+00 +7.062394746e+00 -1.103760525e+01 -1.103760525e+01 -1.2172e+00 +4.0354e-01 +3.1557e+00
964 +2.318927140e+00 +2.318927140e+00 -1.578107286e+01 -1.578107286e+01 -1.5858e+00 +2.1003e-01 +3.3107e+00
1052 +1.448142618e+00 +1.448142618e+00 -1.665185738e+01 -1.665185738e+01 -1.4279e+00 +2.9286e-01 +3.2421e+00
1144 +8.102775438e-01 +8.102775438e-01 -1.728972246e+01 -1.728972246e+01 -1.3525e+00 +3.3180e-01 +3.2109e+00
1158 +4.557610391e-01 +4.557610391e-01 -1.764423896e+01 -1.764423896e+01 -7.5394e-01 +6.4646e-01 +2.9555e+00
1177 +2.839236888e-01 +2.839236888e-01 -1.781607631e+01 -1.781607631e+01 -7.1270e-01 +6.6749e-01 +2.9381e+00
1216 +2.505929352e-01 +2.505929352e-01 -1.784940706e+01 -1.784940706e+01 -9.8213e-01 +5.2640e-01 +3.0534e+00
1250 +1.323315438e-01 +1.323315438e-01 -1.796766846e+01 -1.796766846e+01 -7.3921e-01 +6.5401e-01 +2.9496e+00
1292 +9.575454289e-02 +9.575454289e-02 -1.800424546e+01 -1.800424546e+01 -7.6214e-01 +6.4185e-01 +2.9594e+00
1356 +4.094916240e-02 +4.094916240e-02 -1.805905084e+01 -1.805905084e+01 -7.5195e-01 +6.4706e-01 +2.9554e+00
1411 +3.503482621e-02 +3.503482621e-02 -1.806496517e+01 -1.806496517e+01 -7.6585e-01 +6.3972e-01 +2.9613e+00
1433 +2.406638853e-02 +2.406638853e-02 -1.807593361e+01 -1.807593361e+01 -6.9726e-01 +6.7567e-01 +2.9322e+00
1471 +2.767958729e-03 +2.767958729e-03 -1.809723204e+01 -1.809723204e+01 -6.4546e-01 +7.0292e-01 +2.9100e+00
1592 +1.909228162e-03 +1.909228162e-03 -1.809809077e+01 -1.809809077e+01 -6.2058e-01 +7.1600e-01 +2.8994e+00
1653 +1.261837397e-03 +1.261837397e-03 -1.809873816e+01 -1.809873816e+01 -6.2609e-01 +7.1310e-01 +2.9017e+00
1697 +7.913159571e-04 +7.913159571e-04 -1.809920868e+01 -1.809920868e+01 -6.3272e-01 +7.0960e-01 +2.9046e+00
1729 +4.572106392e-04 +4.572106392e-04 -1.809954279e+01 -1.809954279e+01 -6.1917e-01 +7.1672e-01 +2.8988e+00
1816 +5.471401328e-05 +5.471401328e-05 -1.809994529e+01 -1.809994529e+01 -6.1883e-01 +7.1688e-01 +2.8987e+00
1881 +2.309106924e-05 +2.309106924e-05 -1.809997691e+01 -1.809997691e+01 -6.1465e-01 +7.1907e-01 +2.8969e+00
1924 +5.573785792e-06 +5.573785792e-06 -1.809999443e+01 -1.809999443e+01 -6.1386e-01 +7.1948e-01 +2.8966e+00
1981 +9.283833435e-07 +9.283833435e-07 -1.809999907e+01 -1.809999907e+01 -6.1497e-01 +7.1890e-01 +2.8970e+00
2122 +5.700393615e-07 +5.700393615e-07 -1.809999943e+01 -1.809999943e+01 -6.1501e-01 +7.1888e-01 +2.8971e+00
2144 +1.552182418e-07 +1.552182418e-07 -1.809999984e+01 -1.809999984e+01 -6.1457e-01 +7.1911e-01 +2.8969e+00
2157 +9.797327039e-08 +9.797327039e-08 -1.809999990e+01 -1.809999990e+01 -6.1444e-01 +7.1918e-01 +2.8968e+00
2266 +5.481282628e-08 +5.481282628e-08 -1.809999995e+01 -1.809999995e+01 -6.1451e-01 +7.1914e-01 +2.8968e+00
2287 +3.714738384e-08 +3.714738384e-08 -1.809999996e+01 -1.809999996e+01 -6.1439e-01 +7.1921e-01 +2.8968e+00
2296 +9.928069034e-09 +9.928069034e-09 -1.809999999e+01 -1.809999999e+01 -6.1445e-01 +7.1917e-01 +2.8968e+00
2305 +3.299579276e-09 +3.299579276e-09 -1.810000000e+01 -1.810000000e+01 -6.1440e-01 +7.1920e-01 +2.8968e+00
% function evaluation | noise-free fitness - Fopt (3.777000000000e+01) | best noise-free fitness - Fopt | measured fitness | best measured fitness | x1 | x2...
1 +3.259738145e+06 +3.259738145e+06 +3.259775915e+06 +3.259775915e+06 -1.1355e+00 +4.7353e-01 -6.3516e-01
4 +1.790915444e+06 +1.790915444e+06 +1.790953214e+06 +1.790953214e+06 -2.8122e+00 +6.4782e-01 +3.0421e+00
83 +1.257890954e+06 +1.257890954e+06 +1.257928724e+06 +1.257928724e+06 +1.2550e+00 +2.3768e+00 +2.9410e-02
108 +1.422133029e+05 +1.422133029e+05 +1.422510729e+05 +1.422510729e+05 +1.2550e+00 +3.3966e+00 -1.9328e-01
124 +3.554765004e+04 +3.554765004e+04 +3.558542004e+04 +3.558542004e+04 +1.1167e-01 +3.1349e+00 +2.8681e-02
136 +1.896489077e+04 +1.896489077e+04 +1.900266077e+04 +1.900266077e+04 +8.6868e-02 +2.7437e+00 -3.0498e-02
166 +2.049663404e+03 +2.049663404e+03 +2.087433404e+03 +2.087433404e+03 +8.6868e-02 +2.9236e+00 -3.0498e-02
244 +3.948670000e+01 +3.948670000e+01 +7.725670000e+01 +7.725670000e+01 -2.7179e-01 +2.6195e+00 +1.6924e-01
544 +3.324219966e+00 +3.324219966e+00 +4.109421997e+01 +4.109421997e+01 -8.7733e-01 +2.1406e+00 +4.3212e-01
641 +1.884119595e+00 +1.884119595e+00 +3.965411960e+01 +3.965411960e+01 -1.0663e-02 +2.8160e+00 +5.7533e-02
978 +9.070453619e-01 +9.070453619e-01 +3.867704536e+01 +3.867704536e+01 -3.0846e-01 +2.5833e+00 +1.8597e-01
1027 +3.161337971e-01 +3.161337971e-01 +3.808613380e+01 +3.808613380e+01 -8.6796e-01 +2.1466e+00 +4.2679e-01
1036 +1.266054645e-01 +1.266054645e-01 +3.789660546e+01 +3.789660546e+01 -8.5916e-01 +2.1527e+00 +4.2326e-01
1081 +8.094057992e-02 +8.094057992e-02 +3.785094058e+01 +3.785094058e+01 -8.8820e-01 +2.1303e+00 +4.3572e-01
1161 +1.564131383e-02 +1.564131383e-02 +3.778564131e+01 +3.778564131e+01 -9.0394e-01 +2.1181e+00 +4.4273e-01
1314 +4.448883445e-03 +4.448883445e-03 +3.777444888e+01 +3.777444888e+01 -9.5449e-01 +2.0785e+00 +4.6460e-01
1352 +3.622322308e-03 +3.622322308e-03 +3.777362232e+01 +3.777362232e+01 -9.3591e-01 +2.0930e+00 +4.5657e-01
1402 +2.417292400e-03 +2.417292400e-03 +3.777241729e+01 +3.777241729e+01 -9.4474e-01 +2.0861e+00 +4.6035e-01
1435 +1.330290469e-03 +1.330290469e-03 +3.777133029e+01 +3.777133029e+01 -9.6389e-01 +2.0711e+00 +4.6862e-01
1444 +6.516313054e-04 +6.516313054e-04 +3.777065163e+01 +3.777065163e+01 -9.7434e-01 +2.0630e+00 +4.7309e-01
1522 +3.384225598e-04 +3.384225598e-04 +3.777033842e+01 +3.777033842e+01 -9.6860e-01 +2.0675e+00 +4.7062e-01
1685 +2.172163855e-04 +2.172163855e-04 +3.777021722e+01 +3.777021722e+01 -9.7042e-01 +2.0661e+00 +4.7141e-01
1689 +1.508979810e-04 +1.508979810e-04 +3.777015090e+01 +3.777015090e+01 -9.7489e-01 +2.0626e+00 +4.7334e-01
1720 +8.488814889e-05 +8.488814889e-05 +3.777008489e+01 +3.777008489e+01 -9.7589e-01 +2.0618e+00 +4.7377e-01
1728 +5.644961285e-05 +5.644961285e-05 +3.777005645e+01 +3.777005645e+01 -9.7400e-01 +2.0633e+00 +4.7296e-01
1746 +3.106825694e-05 +3.106825694e-05 +3.777003107e+01 +3.777003107e+01 -9.7770e-01 +2.0604e+00 +4.7455e-01
1791 +2.492724688e-05 +2.492724688e-05 +3.777002493e+01 +3.777002493e+01 -9.7796e-01 +2.0602e+00 +4.7467e-01
1812 +1.140407613e-05 +1.140407613e-05 +3.777001140e+01 +3.777001140e+01 -9.7893e-01 +2.0594e+00 +4.7508e-01
1866 +9.931106625e-06 +9.931106625e-06 +3.777000993e+01 +3.777000993e+01 -9.7747e-01 +2.0605e+00 +4.7446e-01
1880 +3.812067014e-06 +3.812067014e-06 +3.777000381e+01 +3.777000381e+01 -9.7840e-01 +2.0598e+00 +4.7486e-01
1942 +1.361759757e-06 +1.361759757e-06 +3.777000136e+01 +3.777000136e+01 -9.7834e-01 +2.0599e+00 +4.7483e-01
1960 +5.134594403e-07 +5.134594403e-07 +3.777000051e+01 +3.777000051e+01 -9.7900e-01 +2.0594e+00 +4.7512e-01
1966 +1.937713208e-07 +1.937713208e-07 +3.777000019e+01 +3.777000019e+01 -9.7889e-01 +2.0594e+00 +4.7507e-01
2051 +1.495144488e-07 +1.495144488e-07 +3.777000015e+01 +3.777000015e+01 -9.7902e-01 +2.0593e+00 +4.7512e-01
2060 +7.245446909e-08 +7.245446909e-08 +3.777000007e+01 +3.777000007e+01 -9.7903e-01 +2.0593e+00 +4.7513e-01
2061 +5.007469639e-08 +5.007469639e-08 +3.777000005e+01 +3.777000005e+01 -9.7908e-01 +2.0593e+00 +4.7515e-01
2112 +3.414995575e-08 +3.414995575e-08 +3.777000003e+01 +3.777000003e+01 -9.7907e-01 +2.0593e+00 +4.7514e-01
2116 +5.720224294e-09 +5.720224294e-09 +3.777000001e+01 +3.777000001e+01 -9.7919e-01 +2.0592e+00 +4.7520e-01
% function evaluation | noise-free fitness - Fopt (-8.388000000000e+02) | best noise-free fitness - Fopt | measured fitness | best measured fitness | x1 | x2...
1 +3.449056554e+07 +3.449056554e+07 +3.448972674e+07 +3.448972674e+07 +2.7917e-01 -4.2246e+00 +4.8198e+00
2 +4.045051115e+05 +4.045051115e+05 +4.036663115e+05 +4.036663115e+05 +3.3170e+00 -4.9407e+00 -1.3591e+00
48 +1.324955308e+05 +1.324955308e+05 +1.316567308e+05 +1.316567308e+05 +3.2200e+00 -2.2224e+00 -1.9798e+00
79 +9.424983464e+03 +9.424983464e+03 +8.586183464e+03 +8.586183464e+03 +3.2604e+00 -9.2938e-01 -3.0885e+00
125 +1.855451103e+03 +1.855451103e+03 +1.016651103e+03 +1.016651103e+03 +3.3347e+00 -2.8947e+00 -1.9838e+00
241 +2.931232207e+02 +2.931232207e+02 -5.456767793e+02 -5.456767793e+02 +3.3347e+00 -2.0182e+00 -2.4989e+00
280 +2.342134353e+02 +2.342134353e+02 -6.045865647e+02 -6.045865647e+02 +3.3968e+00 +1.0102e+00 -4.0771e+00
456 +5.958875058e+01 +5.958875058e+01 -7.792112494e+02 -7.792112494e+02 +3.3401e+00 -1.2441e+00 -2.8781e+00
468 +1.525497093e+01 +1.525497093e+01 -8.235450291e+02 -8.235450291e+02 +3.3555e+00 -6.6706e-01 -3.1895e+00
603 +9.529721416e+00 +9.529721416e+00 -8.292702786e+02 -8.292702786e+02 +3.3458e+00 -1.1648e+00 -2.9241e+00
680 +3.551518343e+00 +3.551518343e+00 -8.352484817e+02 -8.352484817e+02 +3.3334e+00 -1.7170e+00 -2.6385e+00
920 +2.490880715e+00 +2.490880715e+00 -8.363091193e+02 -8.363091193e+02 +3.3341e+00 -1.7539e+00 -2.6186e+00
958 +6.125117653e-01 +6.125117653e-01 -8.381874882e+02 -8.381874882e+02 +3.3142e+00 -2.6765e+00 -2.1368e+00
1030 +3.083965086e-01 +3.083965086e-01 -8.384916035e+02 -8.384916035e+02 +3.3139e+00 -2.7282e+00 -2.1100e+00
1067 +1.007615735e-01 +1.007615735e-01 -8.386992384e+02 -8.386992384e+02 +3.3116e+00 -2.8205e+00 -2.0623e+00
1103 +9.027202513e-02 +9.027202513e-02 -8.387097280e+02 -8.387097280e+02 +3.3095e+00 -2.9366e+00 -2.0014e+00
1116 +6.093290399e-02 +6.093290399e-02 -8.387390671e+02 -8.387390671e+02 +3.3107e+00 -2.8653e+00 -2.0387e+00
1156 +3.507905503e-02 +3.507905503e-02 -8.387649209e+02 -8.387649209e+02 +3.3079e+00 -3.0120e+00 -1.9622e+00
1247 +5.346349853e-03 +5.346349853e-03 -8.387946537e+02 -8.387946537e+02 +3.3075e+00 -3.0216e+00 -1.9572e+00
1367 +8.620213309e-04 +8.620213309e-04 -8.387991380e+02 -8.387991380e+02 +3.3068e+00 -3.0562e+00 -1.9391e+00
1536 +3.205643887e-04 +3.205643887e-04 -8.387996794e+02 -8.387996794e+02 +3.3065e+00 -3.0681e+00 -1.9329e+00
1581 +1.783166568e-04 +1.783166568e-04 -8.387998217e+02 -8.387998217e+02 +3.3065e+00 -3.0701e+00 -1.9318e+00
1645 +1.240814190e-04 +1.240814190e-04 -8.387998759e+02 -8.387998759e+02 +3.3066e+00 -3.0651e+00 -1.9344e+00
1682 +5.760688316e-05 +5.760688316e-05 -8.387999424e+02 -8.387999424e+02 +3.3064e+00 -3.0723e+00 -1.9307e+00
1781 +3.642754609e-05 +3.642754609e-05 -8.387999636e+02 -8.387999636e+02 +3.3065e+00 -3.0698e+00 -1.9320e+00
1819 +5.447636113e-06 +5.447636113e-06 -8.387999946e+02 -8.387999946e+02 +3.3064e+00 -3.0734e+00 -1.9301e+00
2003 +3.931536980e-06 +3.931536980e-06 -8.387999961e+02 -8.387999961e+02 +3.3064e+00 -3.0733e+00 -1.9302e+00
2016 +1.893475996e-06 +1.893475996e-06 -8.387999981e+02 -8.387999981e+02 +3.3064e+00 -3.0743e+00 -1.9296e+00
2043 +1.255899974e-06 +1.255899974e-06 -8.387999987e+02 -8.387999987e+02 +3.3064e+00 -3.0743e+00 -1.9296e+00
2094 +6.580426088e-07 +6.580426088e-07 -8.387999993e+02 -8.387999993e+02 +3.3064e+00 -3.0741e+00 -1.9297e+00
2130 +5.519481192e-07 +5.519481192e-07 -8.387999994e+02 -8.387999994e+02 +3.3064e+00 -3.0741e+00 -1.9297e+00
2131 +1.635773970e-07 +1.635773970e-07 -8.387999998e+02 -8.387999998e+02 +3.3064e+00 -3.0742e+00 -1.9297e+00
2191 +1.475343652e-07 +1.475343652e-07 -8.387999999e+02 -8.387999999e+02 +3.3064e+00 -3.0745e+00 -1.9296e+00
2291 +6.910681805e-08 +6.910681805e-08 -8.387999999e+02 -8.387999999e+02 +3.3064e+00 -3.0744e+00 -1.9296e+00
2301 +1.964735930e-09 +1.964735930e-09 -8.388000000e+02 -8.388000000e+02 +3.3064e+00 -3.0744e+00 -1.9296e+00
% function evaluation | noise-free fitness - Fopt (4.259000000000e+01) | best noise-free fitness - Fopt | measured fitness | best measured fitness | x1 | x2...
1 +2.793594638e+07 +2.793594638e+07 +2.793598897e+07 +2.793598897e+07 +6.3826e-01 -1.5040e+00 -1.0100e+00
4 +1.805586821e+07 +1.805586821e+07 +1.805591080e+07 +1.805591080e+07 +4.2093e+00 -3.8573e-01 +1.0486e+00
6 +1.231744434e+07 +1.231744434e+07 +1.231748693e+07 +1.231748693e+07 +4.8311e-01 +2.5741e-01 +1.4849e+00
17 +9.760381123e+06 +9.760381123e+06 +9.760423713e+06 +9.760423713e+06 +3.1528e+00 +7.8799e-01 -4.3833e-01
40 +5.660713586e+06 +5.660713586e+06 +5.660756176e+06 +5.660756176e+06 +2.6875e+00 +1.5433e+00 +1.4082e+00
50 +3.067090164e+06 +3.067090164e+06 +3.067132754e+06 +3.067132754e+06 +2.6256e+00 +1.9838e+00 +5.3132e-01
68 +2.439070904e+06 +2.439070904e+06 +2.439113494e+06 +2.439113494e+06 +2.7441e+00 +3.2669e+00 +1.8421e+00
98 +1.075152291e+06 +1.075152291e+06 +1.075194881e+06 +1.075194881e+06 +1.1446e-01 +3.1258e+00 -5.6588e-01
106 +9.475931289e+05 +9.475931289e+05 +9.476357189e+05 +9.476357189e+05 +3.6088e+00 +2.9131e+00 +1.3407e-01
108 +5.798966658e+05 +5.798966658e+05 +5.799392558e+05 +5.799392558e+05 +1.4865e+00 +3.2669e+00 -2.1638e-01
122 +3.845245662e+05 +3.845245662e+05 +3.845671562e+05 +3.845671562e+05 +1.0718e+00 +3.2669e+00 +9.5246e-01
156 +7.198577629e+03 +7.198577629e+03 +7.241167629e+03 +7.241167629e+03 +2.8995e+00 +3.8435e+00 +6.0842e-01
174 +5.387101205e+03 +5.387101205e+03 +5.429691205e+03 +5.429691205e+03 +1.8942e+00 +3.7175e+00 +4.1429e-01
177 +1.785136647e+03 +1.785136647e+03 +1.827726647e+03 +1.827726647e+03 +3.9220e+00 +3.8809e+00 +6.1715e-01
229 +1.117333354e+03 +1.117333354e+03 +1.159923354e+03 +1.159923354e+03 +1.3150e+00 +3.6646e+00 +4.1429e-01
244 +6.975505031e+02 +6.975505031e+02 +7.401405031e+02 +7.401405031e+02 +2.7372e+00 +3.7867e+00 +5.2971e-01
271 +7.826340239e+01 +7.826340239e+01 +1.208534024e+02 +1.208534024e+02 +2.7372e+00 +3.7670e+00 +5.5447e-01
323 +5.265997874e+00 +5.265997874e+00 +4.785599787e+01 +4.785599787e+01 +2.4142e+00 +3.7416e+00 +5.2690e-01
458 +3.521924488e+00 +3.521924488e+00 +4.611192449e+01 +4.611192449e+01 +2.4145e+00 +3.7427e+00 +5.2706e-01
692 +2.426425742e+00 +2.426425742e+00 +4.501642574e+01 +4.501642574e+01 +2.1219e+00 +3.7219e+00 +5.0961e-01
858 +1.397365401e+00 +1.397365401e+00 +4.398736540e+01 +4.398736540e+01 +1.6655e+00 +3.6882e+00 +4.7854e-01
1186 +9.776314948e-01 +9.776314948e-01 +4.356763149e+01 +4.356763149e+01 +1.4996e+00 +3.6754e+00 +4.6630e-01
1356 +5.852076550e-01 +5.852076550e-01 +4.317520765e+01 +4.317520765e+01 +1.3268e+00 +3.6614e+00 +4.5332e-01
1510 +3.827031974e-01 +3.827031974e-01 +4.297270320e+01 +4.297270320e+01 +1.1547e+00 +3.6482e+00 +4.4000e-01
1683 +2.075033120e-01 +2.075033120e-01 +4.279750331e+01 +4.279750331e+01 +9.9679e-01 +3.6356e+00 +4.2732e-01
1737 +1.094192295e-01 +1.094192295e-01 +4.269941923e+01 +4.269941923e+01 +7.9261e-01 +3.6190e+00 +4.1084e-01
1759 +4.944840959e-02 +4.944840959e-02 +4.263944841e+01 +4.263944841e+01 +6.7509e-01 +3.6099e+00 +4.0110e-01
1786 +3.467969783e-02 +3.467969783e-02 +4.262467970e+01 +4.262467970e+01 +6.7872e-01 +3.6101e+00 +4.0144e-01
1819 +1.749360369e-02 +1.749360369e-02 +4.260749360e+01 +4.260749360e+01 +6.8354e-01 +3.6105e+00 +4.0189e-01
1861 +1.509302308e-02 +1.509302308e-02 +4.260509302e+01 +4.260509302e+01 +6.8385e-01 +3.6105e+00 +4.0194e-01
2209 +9.747870066e-03 +9.747870066e-03 +4.259974787e+01 +4.259974787e+01 +6.7294e-01 +3.6097e+00 +4.0115e-01
2356 +5.511610518e-03 +5.511610518e-03 +4.259551161e+01 +4.259551161e+01 +6.4766e-01 +3.6078e+00 +3.9927e-01
2406 +3.942242161e-03 +3.942242161e-03 +4.259394224e+01 +4.259394224e+01 +6.2617e-01 +3.6061e+00 +3.9766e-01
2481 +2.292571304e-03 +2.292571304e-03 +4.259229257e+01 +4.259229257e+01 +6.2323e-01 +3.6059e+00 +3.9749e-01
2514 +1.549241138e-03 +1.549241138e-03 +4.259154924e+01 +4.259154924e+01 +6.1305e-01 +3.6051e+00 +3.9676e-01
2612 +8.877153238e-04 +8.877153238e-04 +4.259088772e+01 +4.259088772e+01 +6.0483e-01 +3.6045e+00 +3.9620e-01
2703 +5.624843308e-04 +5.624843308e-04 +4.259056248e+01 +4.259056248e+01 +5.9795e-01 +3.6040e+00 +3.9573e-01
2821 +3.770173770e-04 +3.770173770e-04 +4.259037702e+01 +4.259037702e+01 +5.9448e-01 +3.6037e+00 +3.9551e-01
2916 +2.463794082e-04 +2.463794082e-04 +4.259024638e+01 +4.259024638e+01 +5.9035e-01 +3.6034e+00 +3.9524e-01
2971 +1.215412543e-04 +1.215412543e-04 +4.259012154e+01 +4.259012154e+01 +5.8686e-01 +3.6032e+00 +3.9503e-01
3004 +9.408036897e-05 +9.408036897e-05 +4.259009408e+01 +4.259009408e+01 +5.8558e-01 +3.6031e+00 +3.9495e-01
3019 +5.609991691e-05 +5.609991691e-05 +4.259005610e+01 +4.259005610e+01 +5.8313e-01 +3.6029e+00 +3.9480e-01
3055 +3.559212189e-05 +3.559212189e-05 +4.259003559e+01 +4.259003559e+01 +5.8151e-01 +3.6028e+00 +3.9470e-01
3107 +2.148652450e-05 +2.148652450e-05 +4.259002149e+01 +4.259002149e+01 +5.8034e-01 +3.6027e+00 +3.9464e-01
3157 +1.159524767e-05 +1.159524767e-05 +4.259001160e+01 +4.259001160e+01 +5.7925e-01 +3.6026e+00 +3.9457e-01
3171 +8.923604391e-06 +8.923604391e-06 +4.259000892e+01 +4.259000892e+01 +5.7794e-01 +3.6025e+00 +3.9450e-01
3185 +2.729323910e-06 +2.729323910e-06 +4.259000273e+01 +4.259000273e+01 +5.7744e-01 +3.6025e+00 +3.9447e-01
3204 +1.453168743e-06 +1.453168743e-06 +4.259000145e+01 +4.259000145e+01 +5.7706e-01 +3.6025e+00 +3.9445e-01
3242 +5.725046250e-07 +5.725046250e-07 +4.259000057e+01 +4.259000057e+01 +5.7647e-01 +3.6024e+00 +3.9442e-01
3252 +1.839743575e-07 +1.839743575e-07 +4.259000018e+01 +4.259000018e+01 +5.7630e-01 +3.6024e+00 +3.9441e-01
3333 +4.129206133e-08 +4.129206133e-08 +4.259000004e+01 +4.259000004e+01 +5.7615e-01 +3.6024e+00 +3.9441e-01
3347 +3.753729771e-08 +3.753729771e-08 +4.259000004e+01 +4.259000004e+01 +5.7608e-01 +3.6024e+00 +3.9440e-01
3364 +1.944202666e-08 +1.944202666e-08 +4.259000002e+01 +4.259000002e+01 +5.7596e-01 +3.6024e+00 +3.9440e-01
3419 +1.412388428e-08 +1.412388428e-08 +4.259000001e+01 +4.259000001e+01 +5.7599e-01 +3.6024e+00 +3.9440e-01
3424 +8.582318856e-09 +8.582318856e-09 +4.259000001e+01 +4.259000001e+01 +5.7607e-01 +3.6024e+00 +3.9440e-01
% function evaluation | noise-free fitness - Fopt (6.431000000000e+01) | best noise-free fitness - Fopt | measured fitness | best measured fitness | x1 | x2...
1 +5.100844254e+08 +5.100844254e+08 +5.100844897e+08 +5.100844897e+08 -3.3692e-01 -5.5864e-01 -3.9014e+00
3 +2.026773166e+06 +2.026773166e+06 +2.026837476e+06 +2.026837476e+06 +1.0323e-01 -1.7195e+00 +2.9151e+00
12 +2.092499450e+05 +2.092499450e+05 +2.093142550e+05 +2.093142550e+05 -2.4948e+00 -2.5856e+00 +4.2716e+00
63 +9.275349403e+04 +9.275349403e+04 +9.281780403e+04 +9.281780403e+04 -3.6458e+00 -3.1670e+00 +4.8713e+00
93 +1.301876249e+04 +1.301876249e+04 +1.308307249e+04 +1.308307249e+04 -3.7704e+00 -2.8712e+00 +4.9758e+00
108 +1.759145768e+03 +1.759145768e+03 +1.823455768e+03 +1.823455768e+03 -1.8958e+00 -1.7659e+00 +4.1365e+00
297 +1.178111549e+03 +1.178111549e+03 +1.242421549e+03 +1.242421549e+03 -2.2488e+00 -1.9829e+00 +4.2764e+00
318 +1.406087956e+02 +1.406087956e+02 +2.049187956e+02 +2.049187956e+02 -2.2973e+00 -2.0264e+00 +4.2766e+00
341 +3.480941413e+01 +3.480941413e+01 +9.911941413e+01 +9.911941413e+01 -3.6113e+00 -2.8712e+00 +4.8571e+00
429 +2.355662035e+01 +2.355662035e+01 +8.786662035e+01 +8.786662035e+01 -2.5298e+00 -2.1821e+00 +4.3726e+00
574 +1.194421807e+01 +1.194421807e+01 +7.625421807e+01 +7.625421807e+01 -2.7683e+00 -2.3386e+00 +4.4752e+00
766 +8.645384113e+00 +8.645384113e+00 +7.295538411e+01 +7.295538411e+01 -2.1309e+00 -1.9274e+00 +4.1955e+00
1123 +6.280668669e+00 +6.280668669e+00 +7.059066867e+01 +7.059066867e+01 -2.1213e+00 -1.9193e+00 +4.1902e+00
1751 +3.976912826e+00 +3.976912826e+00 +6.828691283e+01 +6.828691283e+01 -1.7057e+00 -1.6428e+00 +4.0085e+00
1834 +2.388578326e+00 +2.388578326e+00 +6.669857833e+01 +6.669857833e+01 -1.3662e+00 -1.4123e+00 +3.8612e+00
2125 +1.579317979e+00 +1.579317979e+00 +6.588931798e+01 +6.588931798e+01 -1.1422e+00 -1.2571e+00 +3.7646e+00
2311 +9.995978605e-01 +9.995978605e-01 +6.530959786e+01 +6.530959786e+01 -9.3278e-01 -1.1099e+00 +3.6750e+00
2447 +6.158445898e-01 +6.158445898e-01 +6.492584459e+01 +6.492584459e+01 -7.4007e-01 -9.7275e-01 +3.5932e+00
2611 +3.871896963e-01 +3.871896963e-01 +6.469718970e+01 +6.469718970e+01 -6.5081e-01 -9.0823e-01 +3.5557e+00
2703 +2.033009009e-01 +2.033009009e-01 +6.451330090e+01 +6.451330090e+01 -4.9859e-01 -7.9824e-01 +3.4913e+00
2740 +1.532811603e-01 +1.532811603e-01 +6.446328116e+01 +6.446328116e+01 -3.9444e-01 -7.2282e-01 +3.4474e+00
2764 +6.824616401e-02 +6.824616401e-02 +6.437824616e+01 +6.437824616e+01 -2.9861e-01 -6.5348e-01 +3.4069e+00
2776 +5.495222061e-02 +5.495222061e-02 +6.436495222e+01 +6.436495222e+01 -3.0435e-01 -6.5745e-01 +3.4093e+00
2791 +2.394026562e-02 +2.394026562e-02 +6.433394027e+01 +6.433394027e+01 -2.7276e-01 -6.3473e-01 +3.3960e+00
2860 +1.210344764e-02 +1.210344764e-02 +6.432210345e+01 +6.432210345e+01 -2.5481e-01 -6.2192e-01 +3.3885e+00
2869 +6.510329888e-03 +6.510329888e-03 +6.431651033e+01 +6.431651033e+01 -2.3126e-01 -6.0522e-01 +3.3785e+00
2890 +5.513744992e-03 +5.513744992e-03 +6.431551374e+01 +6.431551374e+01 -2.3036e-01 -6.0465e-01 +3.3781e+00
2925 +2.858854850e-03 +2.858854850e-03 +6.431285885e+01 +6.431285885e+01 -2.1519e-01 -5.9400e-01 +3.3716e+00
2947 +2.137355864e-03 +2.137355864e-03 +6.431213736e+01 +6.431213736e+01 -2.0632e-01 -5.8781e-01 +3.3678e+00
3015 +1.545261604e-03 +1.545261604e-03 +6.431154526e+01 +6.431154526e+01 -1.9978e-01 -5.8333e-01 +3.3650e+00
3059 +8.464564482e-04 +8.464564482e-04 +6.431084646e+01 +6.431084646e+01 -1.9587e-01 -5.8061e-01 +3.3633e+00
3096 +5.466812956e-04 +5.466812956e-04 +6.431054668e+01 +6.431054668e+01 -1.8903e-01 -5.7593e-01 +3.3603e+00
3171 +3.526873463e-04 +3.526873463e-04 +6.431035269e+01 +6.431035269e+01 -1.8811e-01 -5.7531e-01 +3.3599e+00
3218 +2.123082217e-04 +2.123082217e-04 +6.431021231e+01 +6.431021231e+01 -1.8472e-01 -5.7301e-01 +3.3585e+00
3240 +1.520316272e-04 +1.520316272e-04 +6.431015203e+01 +6.431015203e+01 -1.8257e-01 -5.7155e-01 +3.3575e+00
3337 +9.731706236e-05 +9.731706236e-05 +6.431009732e+01 +6.431009732e+01 -1.8133e-01 -5.7072e-01 +3.3570e+00
3422 +5.603656204e-05 +5.603656204e-05 +6.431005604e+01 +6.431005604e+01 -1.7933e-01 -5.6938e-01 +3.3561e+00
3466 +3.396761639e-05 +3.396761639e-05 +6.431003397e+01 +6.431003397e+01 -1.7790e-01 -5.6843e-01 +3.3555e+00
3498 +1.587037127e-05 +1.587037127e-05 +6.431001587e+01 +6.431001587e+01 -1.7648e-01 -5.6749e-01 +3.3549e+00
3536 +8.930247006e-06 +8.930247006e-06 +6.431000893e+01 +6.431000893e+01 -1.7535e-01 -5.6674e-01 +3.3544e+00
3592 +4.205747715e-06 +4.205747715e-06 +6.431000421e+01 +6.431000421e+01 -1.7517e-01 -5.6662e-01 +3.3543e+00
3616 +1.922694608e-06 +1.922694608e-06 +6.431000192e+01 +6.431000192e+01 -1.7468e-01 -5.6630e-01 +3.3541e+00
3667 +1.534823426e-06 +1.534823426e-06 +6.431000153e+01 +6.431000153e+01 -1.7455e-01 -5.6622e-01 +3.3540e+00
3685 +9.827243872e-07 +9.827243872e-07 +6.431000098e+01 +6.431000098e+01 -1.7424e-01 -5.6602e-01 +3.3539e+00
3718 +4.945453895e-07 +4.945453895e-07 +6.431000049e+01 +6.431000049e+01 -1.7411e-01 -5.6593e-01 +3.3538e+00
3724 +3.634410319e-07 +3.634410319e-07 +6.431000036e+01 +6.431000036e+01 -1.7397e-01 -5.6584e-01 +3.3538e+00
3738 +1.912620320e-07 +1.912620320e-07 +6.431000019e+01 +6.431000019e+01 -1.7376e-01 -5.6571e-01 +3.3537e+00
3831 +3.633900292e-08 +3.633900292e-08 +6.431000004e+01 +6.431000004e+01 -1.7375e-01 -5.6569e-01 +3.3537e+00
3902 +1.156250562e-08 +1.156250562e-08 +6.431000001e+01 +6.431000001e+01 -1.7367e-01 -5.6565e-01 +3.3536e+00
3950 +4.772772400e-09 +4.772772400e-09 +6.431000000e+01 +6.431000000e+01 -1.7361e-01 -5.6561e-01 +3.3536e+00
% function evaluation | noise-free fitness - Fopt (-2.953000000000e+01) | best noise-free fitness - Fopt | measured fitness | best measured fitness | x1 | x2...
1 +6.339099555e+07 +6.339099555e+07 +6.339096602e+07 +6.339096602e+07 -1.9786e+00 -5.6533e-01 -2.6872e+00
5 +8.818434278e+06 +8.818434278e+06 +8.818404748e+06 +8.818404748e+06 +2.4053e+00 +2.2299e+00 -4.0275e-01
11 +1.869639007e+06 +1.869639007e+06 +1.869609477e+06 +1.869609477e+06 +1.3526e-01 +1.8319e+00 -8.5826e-01
30 +4.773973360e+05 +4.773973360e+05 +4.773678060e+05 +4.773678060e+05 +1.2074e+00 +1.5320e+00 +3.2525e-01
58 +2.475138567e+04 +2.475138567e+04 +2.472185567e+04 +2.472185567e+04 -1.9593e-01 +9.7318e-01 +2.4138e-01
118 +1.409650225e+04 +1.409650225e+04 +1.406697225e+04 +1.406697225e+04 +2.4782e+00 +7.1239e-01 +9.7676e-01
124 +5.073974739e+03 +5.073974739e+03 +5.044444739e+03 +5.044444739e+03 +2.9383e-01 +9.3689e-01 +3.2691e-01
177 +1.206002482e+03 +1.206002482e+03 +1.176472482e+03 +1.176472482e+03 +1.2630e+00 +7.5966e-01 +6.3381e-01
245 +3.448580783e+02 +3.448580783e+02 +3.153280783e+02 +3.153280783e+02 +1.5492e+00 +7.8983e-01 +7.4096e-01
334 +8.085939748e+01 +8.085939748e+01 +5.132939748e+01 +5.132939748e+01 +9.5115e-01 +8.2108e-01 +4.8312e-01
478 +3.699704827e+01 +3.699704827e+01 +7.467048274e+00 +7.467048274e+00 +2.1409e+00 +7.6533e-01 +9.9479e-01
516 +1.257273607e+01 +1.257273607e+01 -1.695726393e+01 -1.695726393e+01 +2.1248e+00 +7.6386e-01 +9.9010e-01
677 +4.511347383e+00 +4.511347383e+00 -2.501865262e+01 -2.501865262e+01 +2.1954e+00 +7.5704e-01 +1.0197e+00
692 +1.102385536e+00 +1.102385536e+00 -2.842761446e+01 -2.842761446e+01 +2.1248e+00 +7.6013e-01 +9.9010e-01
830 +9.280939846e-01 +9.280939846e-01 -2.860190602e+01 -2.860190602e+01 +2.1177e+00 +7.5970e-01 +9.8826e-01
871 +4.599232743e-01 +4.599232743e-01 -2.907007673e+01 -2.907007673e+01 +2.1390e+00 +7.5970e-01 +9.9690e-01
1062 +1.114983703e-01 +1.114983703e-01 -2.941850163e+01 -2.941850163e+01 +1.8256e+00 +7.6707e-01 +8.5888e-01
1334 +6.295005364e-02 +6.295005364e-02 -2.946704995e+01 -2.946704995e+01 +1.9081e+00 +7.6794e-01 +8.9728e-01
1579 +2.151004933e-02 +2.151004933e-02 -2.950848995e+01 -2.950848995e+01 +1.8761e+00 +7.6750e-01 +8.8263e-01
1874 +1.437814895e-02 +1.437814895e-02 -2.951562185e+01 -2.951562185e+01 +1.9100e+00 +7.6803e-01 +8.9835e-01
1938 +9.701930907e-03 +9.701930907e-03 -2.952029807e+01 -2.952029807e+01 +1.9183e+00 +7.6819e-01 +9.0233e-01
2000 +1.638834182e-03 +1.638834182e-03 -2.952836117e+01 -2.952836117e+01 +1.9715e+00 +7.6902e-01 +9.2712e-01
2057 +1.348802715e-03 +1.348802715e-03 -2.952865120e+01 -2.952865120e+01 +1.9750e+00 +7.6906e-01 +9.2872e-01
2168 +9.934338823e-04 +9.934338823e-04 -2.952900657e+01 -2.952900657e+01 +1.9801e+00 +7.6910e-01 +9.3108e-01
2402 +5.951420001e-04 +5.951420001e-04 -2.952940486e+01 -2.952940486e+01 +1.9870e+00 +7.6914e-01 +9.3429e-01
2507 +3.899568595e-04 +3.899568595e-04 -2.952961004e+01 -2.952961004e+01 +1.9921e+00 +7.6914e-01 +9.3661e-01
2701 +2.354306192e-04 +2.354306192e-04 -2.952976457e+01 -2.952976457e+01 +1.9965e+00 +7.6912e-01 +9.3860e-01
2844 +1.583527012e-04 +1.583527012e-04 -2.952984165e+01 -2.952984165e+01 +1.9994e+00 +7.6910e-01 +9.3991e-01
2966 +8.930121166e-05 +8.930121166e-05 -2.952991070e+01 -2.952991070e+01 +2.0015e+00 +7.6907e-01 +9.4086e-01
3059 +6.210804010e-05 +6.210804010e-05 -2.952993789e+01 -2.952993789e+01 +2.0029e+00 +7.6904e-01 +9.4150e-01
3262 +3.922989271e-05 +3.922989271e-05 -2.952996077e+01 -2.952996077e+01 +2.0045e+00 +7.6901e-01 +9.4223e-01
3376 +2.434206026e-05 +2.434206026e-05 -2.952997566e+01 -2.952997566e+01 +2.0057e+00 +7.6898e-01 +9.4276e-01
3455 +1.488756295e-05 +1.488756295e-05 -2.952998511e+01 -2.952998511e+01 +2.0068e+00 +7.6895e-01 +9.4325e-01
3623 +9.914867036e-06 +9.914867036e-06 -2.952999009e+01 -2.952999009e+01 +2.0075e+00 +7.6893e-01 +9.4353e-01
3717 +6.022453373e-06 +6.022453373e-06 -2.952999398e+01 -2.952999398e+01 +2.0082e+00 +7.6891e-01 +9.4385e-01
3803 +3.823153939e-06 +3.823153939e-06 -2.952999618e+01 -2.952999618e+01 +2.0086e+00 +7.6889e-01 +9.4405e-01
3856 +2.462822511e-06 +2.462822511e-06 -2.952999754e+01 -2.952999754e+01 +2.0089e+00 +7.6888e-01 +9.4417e-01
4008 +1.571343276e-06 +1.571343276e-06 -2.952999843e+01 -2.952999843e+01 +2.0093e+00 +7.6886e-01 +9.4431e-01
4144 +9.551242037e-07 +9.551242037e-07 -2.952999904e+01 -2.952999904e+01 +2.0095e+00 +7.6885e-01 +9.4442e-01
4251 +5.674128509e-07 +5.674128509e-07 -2.952999943e+01 -2.952999943e+01 +2.0097e+00 +7.6884e-01 +9.4450e-01
4311 +3.889068232e-07 +3.889068232e-07 -2.952999961e+01 -2.952999961e+01 +2.0099e+00 +7.6883e-01 +9.4458e-01
4341 +2.096143668e-07 +2.096143668e-07 -2.952999979e+01 -2.952999979e+01 +2.0100e+00 +7.6882e-01 +9.4465e-01
4377 +1.555669016e-07 +1.555669016e-07 -2.952999984e+01 -2.952999984e+01 +2.0101e+00 +7.6882e-01 +9.4467e-01
4433 +7.602709928e-08 +7.602709928e-08 -2.952999992e+01 -2.952999992e+01 +2.0102e+00 +7.6882e-01 +9.4470e-01
4466 +6.200968272e-08 +6.200968272e-08 -2.952999994e+01 -2.952999994e+01 +2.0102e+00 +7.6881e-01 +9.4471e-01
4468 +2.891128048e-08 +2.891128048e-08 -2.952999997e+01 -2.952999997e+01 +2.0102e+00 +7.6881e-01 +9.4474e-01
4486 +1.749850753e-08 +1.749850753e-08 -2.952999998e+01 -2.952999998e+01 +2.0103e+00 +7.6881e-01 +9.4476e-01
4503 +9.171973403e-09 +9.171973403e-09 -2.952999999e+01 -2.952999999e+01 +2.0103e+00 +7.6880e-01 +9.4477e-01
% function evaluation | noise-free fitness - Fopt (-1.125200000000e+02) | best noise-free fitness - Fopt | measured fitness | best measured fitness | x1 | x2...
1 +4.269002572e+07 +4.269002572e+07 +4.268991320e+07 +4.268991320e+07 -3.1955e+00 +6.7047e-01 +4.1839e+00
2 +2.626787957e+07 +2.626787957e+07 +2.626776705e+07 +2.626776705e+07 -2.4746e+00 +1.9064e+00 -2.4042e+00
3 +4.962542445e+06 +4.962542445e+06 +4.962429925e+06 +4.962429925e+06 +4.2726e+00 +1.2546e+00 -1.1912e+00
15 +9.499145529e+05 +9.499145529e+05 +9.498020329e+05 +9.498020329e+05 +3.1344e+00 +4.8338e-01 -4.1795e+00
33 +2.092267468e+05 +2.092267468e+05 +2.091142268e+05 +2.091142268e+05 +2.1949e+00 +1.2688e+00 -2.2585e+00
92 +4.130909089e+04 +4.130909089e+04 +4.119657089e+04 +4.119657089e+04 -1.3521e+00 +4.2679e+00 -8.9236e-01
106 +3.171346295e+03 +3.171346295e+03 +3.058826295e+03 +3.058826295e+03 -1.3521e+00 +4.2679e+00 -1.0419e+00
343 +1.560324604e+03 +1.560324604e+03 +1.447804604e+03 +1.447804604e+03 +1.3221e+00 +2.1844e+00 -2.3403e+00
372 +3.921447912e+02 +3.921447912e+02 +2.796247912e+02 +2.796247912e+02 +7.7036e-02 +3.0889e+00 -1.7607e+00
396 +2.907144110e+01 +2.907144110e+01 -8.344855890e+01 -8.344855890e+01 -6.0056e-02 +3.1861e+00 -1.7203e+00
781 +1.711527732e+01 +1.711527732e+01 -9.540472268e+01 -9.540472268e+01 -3.6219e-01 +3.4257e+00 -1.5723e+00
872 +1.438482655e+01 +1.438482655e+01 -9.813517345e+01 -9.813517345e+01 -3.6147e-01 +3.4206e+00 -1.5732e+00
1053 +9.157682296e+00 +9.157682296e+00 -1.033623177e+02 -1.033623177e+02 -4.7658e-03 +3.1418e+00 -1.7424e+00
1419 +6.153940197e+00 +6.153940197e+00 -1.063660598e+02 -1.063660598e+02 +3.6131e-01 +2.8598e+00 -1.9104e+00
1716 +3.931132002e+00 +3.931132002e+00 -1.085888680e+02 -1.085888680e+02 +7.4711e-01 +2.5677e+00 -2.0813e+00
2185 +2.499576126e+00 +2.499576126e+00 -1.100204239e+02 -1.100204239e+02 +1.0330e+00 +2.3560e+00 -2.2031e+00
2470 +1.515292015e+00 +1.515292015e+00 -1.110047080e+02 -1.110047080e+02 +1.3101e+00 +2.1544e+00 -2.3175e+00
2776 +9.887673178e-01 +9.887673178e-01 -1.115312327e+02 -1.115312327e+02 +1.5002e+00 +2.0183e+00 -2.3932e+00
2928 +6.160475841e-01 +6.160475841e-01 -1.119039524e+02 -1.119039524e+02 +1.6738e+00 +1.8956e+00 -2.4612e+00
3168 +3.797600480e-01 +3.797600480e-01 -1.121402400e+02 -1.121402400e+02 +1.7975e+00 +1.8092e+00 -2.5084e+00
3301 +2.248045381e-01 +2.248045381e-01 -1.122951955e+02 -1.122951955e+02 +1.8993e+00 +1.7387e+00 -2.5465e+00
3437 +1.538461934e-01 +1.538461934e-01 -1.123661538e+02 -1.123661538e+02 +1.9718e+00 +1.6889e+00 -2.5734e+00
3511 +9.124785766e-02 +9.124785766e-02 -1.124287521e+02 -1.124287521e+02 +2.0321e+00 +1.6472e+00 -2.5957e+00
3576 +6.183294496e-02 +6.183294496e-02 -1.124581671e+02 -1.124581671e+02 +2.0731e+00 +1.6191e+00 -2.6108e+00
3614 +2.971560375e-02 +2.971560375e-02 -1.124902844e+02 -1.124902844e+02 +2.1352e+00 +1.5764e+00 -2.6337e+00
3640 +1.399949568e-02 +1.399949568e-02 -1.125060005e+02 -1.125060005e+02 +2.1769e+00 +1.5478e+00 -2.6491e+00
3704 +9.173653793e-03 +9.173653793e-03 -1.125108263e+02 -1.125108263e+02 +2.1992e+00 +1.5324e+00 -2.6574e+00
3735 +5.528521045e-03 +5.528521045e-03 -1.125144715e+02 -1.125144715e+02 +2.2129e+00 +1.5228e+00 -2.6625e+00
3844 +3.946899595e-03 +3.946899595e-03 -1.125160531e+02 -1.125160531e+02 +2.2216e+00 +1.5168e+00 -2.6658e+00
3955 +2.483040259e-03 +2.483040259e-03 -1.125175170e+02 -1.125175170e+02 +2.2392e+00 +1.5046e+00 -2.6725e+00
4009 +1.562415202e-03 +1.562415202e-03 -1.125184376e+02 -1.125184376e+02 +2.2436e+00 +1.5015e+00 -2.6742e+00
4093 +9.343895092e-04 +9.343895092e-04 -1.125190656e+02 -1.125190656e+02 +2.2512e+00 +1.4961e+00 -2.6772e+00
4155 +6.074095776e-04 +6.074095776e-04 -1.125193926e+02 -1.125193926e+02 +2.2544e+00 +1.4939e+00 -2.6784e+00
4174 +2.664348766e-04 +2.664348766e-04 -1.125197336e+02 -1.125197336e+02 +2.2579e+00 +1.4914e+00 -2.6798e+00
4230 +1.881695412e-04 +1.881695412e-04 -1.125198118e+02 -1.125198118e+02 +2.2603e+00 +1.4897e+00 -2.6807e+00
4231 +1.545680823e-04 +1.545680823e-04 -1.125198454e+02 -1.125198454e+02 +2.2613e+00 +1.4889e+00 -2.6811e+00
4268 +7.743693961e-05 +7.743693961e-05 -1.125199226e+02 -1.125199226e+02 +2.2638e+00 +1.4872e+00 -2.6821e+00
4309 +2.870957367e-05 +2.870957367e-05 -1.125199713e+02 -1.125199713e+02 +2.2665e+00 +1.4853e+00 -2.6832e+00
4367 +2.385275934e-05 +2.385275934e-05 -1.125199761e+02 -1.125199761e+02 +2.2669e+00 +1.4849e+00 -2.6834e+00
4396 +9.894578341e-06 +9.894578341e-06 -1.125199901e+02 -1.125199901e+02 +2.2683e+00 +1.4839e+00 -2.6839e+00
4478 +6.191251515e-06 +6.191251515e-06 -1.125199938e+02 -1.125199938e+02 +2.2691e+00 +1.4834e+00 -2.6842e+00
4502 +3.537328439e-06 +3.537328439e-06 -1.125199965e+02 -1.125199965e+02 +2.2690e+00 +1.4834e+00 -2.6842e+00
4655 +2.210869340e-06 +2.210869340e-06 -1.125199978e+02 -1.125199978e+02 +2.2693e+00 +1.4832e+00 -2.6843e+00
4786 +1.378711019e-06 +1.378711019e-06 -1.125199986e+02 -1.125199986e+02 +2.2695e+00 +1.4831e+00 -2.6844e+00
4861 +9.539465395e-07 +9.539465395e-07 -1.125199990e+02 -1.125199990e+02 +2.2697e+00 +1.4829e+00 -2.6845e+00
4891 +5.906861134e-07 +5.906861134e-07 -1.125199994e+02 -1.125199994e+02 +2.2699e+00 +1.4828e+00 -2.6846e+00
4929 +3.465063685e-07 +3.465063685e-07 -1.125199997e+02 -1.125199997e+02 +2.2700e+00 +1.4827e+00 -2.6846e+00
4967 +2.074179122e-07 +2.074179122e-07 -1.125199998e+02 -1.125199998e+02 +2.2701e+00 +1.4826e+00 -2.6847e+00
4984 +1.538315928e-07 +1.538315928e-07 -1.125199998e+02 -1.125199998e+02 +2.2702e+00 +1.4826e+00 -2.6847e+00
4998 +9.621905406e-08 +9.621905406e-08 -1.125199999e+02 -1.125199999e+02 +2.2702e+00 +1.4826e+00 -2.6847e+00
5018 +2.312056324e-08 +2.312056324e-08 -1.125200000e+02 -1.125200000e+02 +2.2703e+00 +1.4825e+00 -2.6848e+00
5031 +1.094716140e-08 +1.094716140e-08 -1.125200000e+02 -1.125200000e+02 +2.2704e+00 +1.4824e+00 -2.6848e+00
5104 +2.669480637e-09 +2.669480637e-09 -1.125200000e+02 -1.125200000e+02 +2.2704e+00 +1.4824e+00 -2.6848e+00
% function evaluation | noise-free fitness - Fopt (4.422000000000e+01) | best noise-free fitness - Fopt | measured fitness | best measured fitness | x1 | x2...
1 +7.528486912e+08 +7.528486912e+08 +7.528487355e+08 +7.528487355e+08 +2.2018e+00 +3.8360e+00 +3.2322e+00
2 +3.182669162e+08 +3.182669162e+08 +3.182669604e+08 +3.182669604e+08 +1.5902e+00 +1.7466e+00 +4.8351e-01
3 +1.585800555e+08 +1.585800555e+08 +1.585800997e+08 +1.585800997e+08 -2.1218e+00 +4.9215e+00 +1.1996e+00
4 +4.401984010e+07 +4.401984010e+07 +4.401988432e+07 +4.401988432e+07 +1.6910e+00 -4.2179e+00 -4.8748e+00
5 +1.120097636e+07 +1.120097636e+07 +1.120102058e+07 +1.120102058e+07 -3.0169e+00 +1.6397e+00 +2.1194e+00
17 +3.348052206e+06 +3.348052206e+06 +3.348096426e+06 +3.348096426e+06 -3.9862e+00 -3.5437e+00 -7.3397e-01
19 +2.315791447e+06 +2.315791447e+06 +2.315835667e+06 +2.315835667e+06 -3.2898e+00 -4.2077e+00 -4.5353e+00
36 +9.689394891e+05 +9.689394891e+05 +9.689837091e+05 +9.689837091e+05 -3.0863e+00 -3.1394e+00 -1.3562e+00
39 +2.534899094e+05 +2.534899094e+05 +2.535341294e+05 +2.535341294e+05 -2.6082e+00 -4.5156e+00 -3.7508e+00
51 +1.126786131e+05 +1.126786131e+05 +1.127228331e+05 +1.127228331e+05 -2.4382e+00 -4.0048e+00 -3.5631e+00
122 +4.445570927e+04 +4.445570927e+04 +4.449992927e+04 +4.449992927e+04 -1.6787e+00 -5.8044e+00 -5.2888e+00
147 +2.997785314e+04 +2.997785314e+04 +3.002207314e+04 +3.002207314e+04 -1.9815e+00 -5.6059e+00 -4.6631e+00
275 +2.430050936e+04 +2.430050936e+04 +2.434472936e+04 +2.434472936e+04 -1.8783e+00 -5.6931e+00 -4.6175e+00
277 +1.470423605e+04 +1.470423605e+04 +1.474845605e+04 +1.474845605e+04 -2.0626e+00 -4.5810e+00 -3.7222e+00
287 +7.830712368e+03 +7.830712368e+03 +7.874932368e+03 +7.874932368e+03 -1.8783e+00 -5.7522e+00 -4.8270e+00
358 +4.153428779e+03 +4.153428779e+03 +4.197648779e+03 +4.197648779e+03 -2.5735e+00 -3.9445e+00 -3.1125e+00
374 +5.447762054e+02 +5.447762054e+02 +5.889962054e+02 +5.889962054e+02 -2.6944e+00 -3.6190e+00 -2.9146e+00
469 +2.100378396e+02 +2.100378396e+02 +2.542578396e+02 +2.542578396e+02 -2.5088e+00 -3.9163e+00 -3.1288e+00
515 +9.551511468e+01 +9.551511468e+01 +1.397351147e+02 +1.397351147e+02 -1.8369e+00 -5.7522e+00 -4.9543e+00
740 +4.686304169e+01 +4.686304169e+01 +9.108304169e+01 +9.108304169e+01 -2.6863e+00 -3.5889e+00 -2.8738e+00
846 +2.813070119e+01 +2.813070119e+01 +7.235070119e+01 +7.235070119e+01 -2.7732e+00 -3.4309e+00 -2.7744e+00
862 +2.313687943e+00 +2.313687943e+00 +4.653368794e+01 +4.653368794e+01 -2.8083e+00 -3.3668e+00 -2.7217e+00
1189 +8.812641639e-01 +8.812641639e-01 +4.510126416e+01 +4.510126416e+01 -2.7120e+00 -3.5500e+00 -2.8524e+00
1295 +2.674062976e-01 +2.674062976e-01 +4.448740630e+01 +4.448740630e+01 -2.6796e+00 -3.6102e+00 -2.8937e+00
1612 +1.137228129e-01 +1.137228129e-01 +4.433372281e+01 +4.433372281e+01 -2.6285e+00 -3.7064e+00 -2.9617e+00
1675 +8.067941065e-02 +8.067941065e-02 +4.430067941e+01 +4.430067941e+01 -2.6134e+00 -3.7344e+00 -2.9815e+00
1780 +5.534436606e-02 +5.534436606e-02 +4.427534437e+01 +4.427534437e+01 -2.5819e+00 -3.7931e+00 -3.0228e+00
1810 +3.770264627e-02 +3.770264627e-02 +4.425770265e+01 +4.425770265e+01 -2.5652e+00 -3.8244e+00 -3.0451e+00
1912 +1.983255430e-02 +1.983255430e-02 +4.423983255e+01 +4.423983255e+01 -2.5472e+00 -3.8575e+00 -3.0685e+00
2056 +9.048086305e-03 +9.048086305e-03 +4.422904809e+01 +4.422904809e+01 -2.5336e+00 -3.8829e+00 -3.0865e+00
2086 +5.171202128e-03 +5.171202128e-03 +4.422517120e+01 +4.422517120e+01 -2.5314e+00 -3.8868e+00 -3.0893e+00
2102 +3.426820948e-03 +3.426820948e-03 +4.422342682e+01 +4.422342682e+01 -2.5212e+00 -3.9057e+00 -3.1028e+00
2105 +8.223264294e-04 +8.223264294e-04 +4.422082233e+01 +4.422082233e+01 -2.5141e+00 -3.9187e+00 -3.1120e+00
2270 +5.416943679e-04 +5.416943679e-04 +4.422054169e+01 +4.422054169e+01 -2.5109e+00 -3.9245e+00 -3.1161e+00
2294 +3.680836646e-04 +3.680836646e-04 +4.422036808e+01 +4.422036808e+01 -2.5070e+00 -3.9316e+00 -3.1212e+00
2299 +1.590810667e-04 +1.590810667e-04 +4.422015908e+01 +4.422015908e+01 -2.5065e+00 -3.9325e+00 -3.1219e+00
2346 +1.371334426e-04 +1.371334426e-04 +4.422013713e+01 +4.422013713e+01 -2.5047e+00 -3.9359e+00 -3.1242e+00
2417 +5.267611152e-05 +5.267611152e-05 +4.422005268e+01 +4.422005268e+01 -2.5039e+00 -3.9372e+00 -3.1252e+00
2444 +2.507126515e-05 +2.507126515e-05 +4.422002507e+01 +4.422002507e+01 -2.5035e+00 -3.9380e+00 -3.1258e+00
2502 +8.880289926e-06 +8.880289926e-06 +4.422000888e+01 +4.422000888e+01 -2.5034e+00 -3.9381e+00 -3.1259e+00
2524 +4.207709303e-06 +4.207709303e-06 +4.422000421e+01 +4.422000421e+01 -2.5029e+00 -3.9391e+00 -3.1265e+00
2557 +1.697347322e-06 +1.697347322e-06 +4.422000170e+01 +4.422000170e+01 -2.5027e+00 -3.9394e+00 -3.1268e+00
2585 +6.774150023e-07 +6.774150023e-07 +4.422000068e+01 +4.422000068e+01 -2.5025e+00 -3.9398e+00 -3.1271e+00
2620 +4.952708252e-07 +4.952708252e-07 +4.422000050e+01 +4.422000050e+01 -2.5024e+00 -3.9399e+00 -3.1271e+00
2671 +3.625856593e-07 +3.625856593e-07 +4.422000036e+01 +4.422000036e+01 -2.5024e+00 -3.9399e+00 -3.1271e+00
2711 +1.268602290e-08 +1.268602290e-08 +4.422000001e+01 +4.422000001e+01 -2.5024e+00 -3.9400e+00 -3.1272e+00
2779 +5.123048652e-09 +5.123048652e-09 +4.422000001e+01 +4.422000001e+01 -2.5024e+00 -3.9400e+00 -3.1272e+00
% function evaluation | noise-free fitness - Fopt (-1.104000000000e+01) | best noise-free fitness - Fopt | measured fitness | best measured fitness | x1 | x2...
1 +2.812517098e+05 +2.812517098e+05 +2.812406698e+05 +2.812406698e+05 -9.4879e-01 +4.5919e+00 +2.1084e+00
76 +7.399854674e+04 +7.399854674e+04 +7.398750674e+04 +7.398750674e+04 -1.1154e+00 +4.5919e+00 +1.7031e+00
143 +1.258484864e+03 +1.258484864e+03 +1.247444864e+03 +1.247444864e+03 -1.5452e+00 +4.2156e+00 +1.6388e+00
260 +6.307166516e+02 +6.307166516e+02 +6.196766516e+02 +6.196766516e+02 -1.7866e+00 +3.7633e+00 +1.5592e+00
424 +7.363826841e+01 +7.363826841e+01 +6.259826841e+01 +6.259826841e+01 -1.7847e+00 +3.8009e+00 +1.5488e+00
455 +5.443879417e+01 +5.443879417e+01 +4.339879417e+01 +4.339879417e+01 -2.3413e+00 +2.7714e+00 +1.2745e+00
573 +3.419845320e+01 +3.419845320e+01 +2.315845320e+01 +2.315845320e+01 -2.0055e+00 +3.4093e+00 +1.4440e+00
646 +2.172243395e+01 +2.172243395e+01 +1.068243395e+01 +1.068243395e+01 -1.6701e+00 +3.9900e+00 +1.6069e+00
901 +1.074594647e+01 +1.074594647e+01 -2.940535256e-01 -2.940535256e-01 -2.3829e+00 +2.6972e+00 +1.2499e+00
1012 +8.509063926e+00 +8.509063926e+00 -2.530936074e+00 -2.530936074e+00 -2.1542e+00 +3.1427e+00 +1.3736e+00
1395 +6.149675309e+00 +6.149675309e+00 -4.890324691e+00 -4.890324691e+00 -2.3335e+00 +2.7985e+00 +1.2793e+00
2134 +3.973632478e+00 +3.973632478e+00 -7.066367522e+00 -7.066367522e+00 -2.5367e+00 +2.3796e+00 +1.1648e+00
2687 +2.509578908e+00 +2.509578908e+00 -8.530421092e+00 -8.530421092e+00 -2.6867e+00 +2.0409e+00 +1.0729e+00
3543 +1.571618464e+00 +1.571618464e+00 -9.468381536e+00 -9.468381536e+00 -2.8028e+00 +1.7544e+00 +9.9580e-01
3927 +9.900299985e-01 +9.900299985e-01 -1.004997000e+01 -1.004997000e+01 -2.8845e+00 +1.5344e+00 +9.3724e-01
4386 +6.306812002e-01 +6.306812002e-01 -1.040931880e+01 -1.040931880e+01 -2.9473e+00 +1.3518e+00 +8.8868e-01
4647 +3.967906802e-01 +3.967906802e-01 -1.064320932e+01 -1.064320932e+01 -2.9969e+00 +1.1963e+00 +8.4765e-01
4973 +2.504790402e-01 +2.504790402e-01 -1.078952096e+01 -1.078952096e+01 -3.0367e+00 +1.0623e+00 +8.1250e-01
5181 +1.579314934e-01 +1.579314934e-01 -1.088206851e+01 -1.088206851e+01 -3.0637e+00 +9.6553e-01 +7.8712e-01
5344 +9.586774388e-02 +9.586774388e-02 -1.094413226e+01 -1.094413226e+01 -3.0869e+00 +8.7799e-01 +7.6414e-01
5482 +6.009005327e-02 +6.009005327e-02 -1.097990995e+01 -1.097990995e+01 -3.1007e+00 +8.2395e-01 +7.5007e-01
5566 +3.791037083e-02 +3.791037083e-02 -1.100208963e+01 -1.100208963e+01 -3.1131e+00 +7.7401e-01 +7.3706e-01
5695 +2.178499519e-02 +2.178499519e-02 -1.101821500e+01 -1.101821500e+01 -3.1253e+00 +7.2428e-01 +7.2417e-01
5756 +1.256769064e-02 +1.256769064e-02 -1.102743231e+01 -1.102743231e+01 -3.1351e+00 +6.8352e-01 +7.1358e-01
5783 +6.882208148e-03 +6.882208148e-03 -1.103311779e+01 -1.103311779e+01 -3.1416e+00 +6.5671e-01 +7.0656e-01
5789 +5.323008538e-03 +5.323008538e-03 -1.103467699e+01 -1.103467699e+01 -3.1445e+00 +6.4514e-01 +7.0358e-01
5791 +3.534786306e-03 +3.534786306e-03 -1.103646521e+01 -1.103646521e+01 -3.1458e+00 +6.3933e-01 +7.0208e-01
5987 +2.372865897e-03 +2.372865897e-03 -1.103762713e+01 -1.103762713e+01 -3.1484e+00 +6.2872e-01 +6.9931e-01
6160 +1.563585718e-03 +1.563585718e-03 -1.103843641e+01 -1.103843641e+01 -3.1507e+00 +6.1975e-01 +6.9697e-01
6265 +9.008059525e-04 +9.008059525e-04 -1.103909919e+01 -1.103909919e+01 -3.1536e+00 +6.0828e-01 +6.9397e-01
6368 +5.857732157e-04 +5.857732157e-04 -1.103941423e+01 -1.103941423e+01 -3.1547e+00 +6.0422e-01 +6.9291e-01
6432 +3.960507710e-04 +3.960507710e-04 -1.103960395e+01 -1.103960395e+01 -3.1556e+00 +6.0067e-01 +6.9200e-01
6542 +2.401193020e-04 +2.401193020e-04 -1.103975988e+01 -1.103975988e+01 -3.1565e+00 +5.9731e-01 +6.9111e-01
6605 +1.510066236e-04 +1.510066236e-04 -1.103984899e+01 -1.103984899e+01 -3.1574e+00 +5.9413e-01 +6.9028e-01
6672 +9.287973991e-05 +9.287973991e-05 -1.103990712e+01 -1.103990712e+01 -3.1583e+00 +5.9083e-01 +6.8942e-01
6767 +5.787461355e-05 +5.787461355e-05 -1.103994213e+01 -1.103994213e+01 -3.1586e+00 +5.8963e-01 +6.8910e-01
6821 +3.784798613e-05 +3.784798613e-05 -1.103996215e+01 -1.103996215e+01 -3.1592e+00 +5.8782e-01 +6.8863e-01
6907 +2.189049454e-05 +2.189049454e-05 -1.103997811e+01 -1.103997811e+01 -3.1597e+00 +5.8608e-01 +6.8817e-01
7025 +1.391352676e-05 +1.391352676e-05 -1.103998609e+01 -1.103998609e+01 -3.1599e+00 +5.8537e-01 +6.8798e-01
7088 +8.532550005e-06 +8.532550005e-06 -1.103999147e+01 -1.103999147e+01 -3.1600e+00 +5.8504e-01 +6.8790e-01
7128 +5.842653625e-06 +5.842653625e-06 -1.103999416e+01 -1.103999416e+01 -3.1601e+00 +5.8463e-01 +6.8779e-01
7205 +3.768777907e-06 +3.768777907e-06 -1.103999623e+01 -1.103999623e+01 -3.1603e+00 +5.8409e-01 +6.8765e-01
7243 +2.076493647e-06 +2.076493647e-06 -1.103999792e+01 -1.103999792e+01 -3.1604e+00 +5.8365e-01 +6.8753e-01
7302 +1.200879922e-06 +1.200879922e-06 -1.103999880e+01 -1.103999880e+01 -3.1605e+00 +5.8335e-01 +6.8745e-01
7375 +9.996680017e-07 +9.996680017e-07 -1.103999900e+01 -1.103999900e+01 -3.1606e+00 +5.8314e-01 +6.8740e-01
7421 +5.677393968e-07 +5.677393968e-07 -1.103999943e+01 -1.103999943e+01 -3.1606e+00 +5.8306e-01 +6.8737e-01
7443 +3.287968937e-07 +3.287968937e-07 -1.103999967e+01 -1.103999967e+01 -3.1606e+00 +5.8293e-01 +6.8734e-01
7473 +2.126409040e-07 +2.126409040e-07 -1.103999979e+01 -1.103999979e+01 -3.1607e+00 +5.8278e-01 +6.8730e-01
7541 +1.380043102e-07 +1.380043102e-07 -1.103999986e+01 -1.103999986e+01 -3.1607e+00 +5.8274e-01 +6.8729e-01
7618 +9.965462944e-08 +9.965462944e-08 -1.103999990e+01 -1.103999990e+01 -3.1607e+00 +5.8267e-01 +6.8727e-01
7684 +6.192182056e-08 +6.192182056e-08 -1.103999994e+01 -1.103999994e+01 -3.1607e+00 +5.8262e-01 +6.8726e-01
7758 +3.073460952e-08 +3.073460952e-08 -1.103999997e+01 -1.103999997e+01 -3.1607e+00 +5.8256e-01 +6.8724e-01
7812 +2.207176131e-08 +2.207176131e-08 -1.103999998e+01 -1.103999998e+01 -3.1608e+00 +5.8252e-01 +6.8723e-01
7836 +1.556347584e-08 +1.556347584e-08 -1.103999998e+01 -1.103999998e+01 -3.1608e+00 +5.8251e-01 +6.8723e-01
7889 +6.512554052e-09 +6.512554052e-09 -1.103999999e+01 -1.103999999e+01 -3.1608e+00 +5.8247e-01 +6.8722e-01
% function evaluation | noise-free fitness - Fopt (8.367000000000e+01) | best noise-free fitness - Fopt | measured fitness | best measured fitness | x1 | x2...
1 +2.435397005e+06 +2.435397005e+06 +2.435480675e+06 +2.435480675e+06 +1.4289e-01 -1.9825e+00 +2.3640e+00
6 +1.188048231e+06 +1.188048231e+06 +1.188131901e+06 +1.188131901e+06 -1.7909e-01 -3.9032e+00 +1.6840e+00
16 +6.084409700e+05 +6.084409700e+05 +6.085246400e+05 +6.085246400e+05 +2.3513e+00 -4.0219e+00 +1.1265e+00
17 +3.994759438e+04 +3.994759438e+04 +4.003126438e+04 +4.003126438e+04 -2.8780e+00 -2.8193e+00 +2.3044e+00
46 +3.803380938e+04 +3.803380938e+04 +3.811747938e+04 +3.811747938e+04 -3.0085e+00 -2.7445e+00 +2.3044e+00
148 +2.332563615e+04 +2.332563615e+04 +2.340930615e+04 +2.340930615e+04 -1.6035e+00 -2.7400e+00 +1.7709e+00
151 +1.439541443e+04 +1.439541443e+04 +1.447908443e+04 +1.447908443e+04 -1.5400e+00 -2.7400e+00 +1.8034e+00
156 +2.780452526e+03 +2.780452526e+03 +2.864122526e+03 +2.864122526e+03 +2.0479e-01 -3.0580e+00 +1.8205e+00
181 +2.103430668e+03 +2.103430668e+03 +2.187100668e+03 +2.187100668e+03 +3.1951e-01 -3.0528e+00 +1.8220e+00
233 +1.887990164e+02 +1.887990164e+02 +2.724690164e+02 +2.724690164e+02 -4.9440e-01 -2.9102e+00 +1.8248e+00
375 +2.004981125e+01 +2.004981125e+01 +1.037198112e+02 +1.037198112e+02 -1.0323e+00 -2.8336e+00 +1.8675e+00
499 +1.149155934e+01 +1.149155934e+01 +9.516155934e+01 +9.516155934e+01 -1.9958e+00 -2.7970e+00 +1.9451e+00
813 +1.199396839e+00 +1.199396839e+00 +8.486939684e+01 +8.486939684e+01 -2.0327e+00 -2.7938e+00 +1.9485e+00
948 +7.381151322e-01 +7.381151322e-01 +8.440811513e+01 +8.440811513e+01 -2.1548e+00 -2.7994e+00 +1.9576e+00
1562 +4.770836529e-01 +4.770836529e-01 +8.414708365e+01 +8.414708365e+01 -2.1324e+00 -2.7984e+00 +1.9559e+00
1743 +3.769236005e-01 +3.769236005e-01 +8.404692360e+01 +8.404692360e+01 -2.1436e+00 -2.8001e+00 +1.9571e+00
2170 +1.290056599e-01 +1.290056599e-01 +8.379900566e+01 +8.379900566e+01 -2.3063e+00 -2.8098e+00 +1.9704e+00
2462 +7.014694528e-02 +7.014694528e-02 +8.374014695e+01 +8.374014695e+01 -2.2263e+00 -2.8046e+00 +1.9638e+00
2724 +6.181006993e-02 +6.181006993e-02 +8.373181007e+01 +8.373181007e+01 -2.2729e+00 -2.8078e+00 +1.9678e+00
2806 +3.452527657e-02 +3.452527657e-02 +8.370452528e+01 +8.370452528e+01 -2.2999e+00 -2.8097e+00 +1.9700e+00
3239 +2.480988500e-02 +2.480988500e-02 +8.369480989e+01 +8.369480989e+01 -2.3398e+00 -2.8126e+00 +1.9733e+00
3421 +1.572765551e-02 +1.572765551e-02 +8.368572766e+01 +8.368572766e+01 -2.3644e+00 -2.8146e+00 +1.9754e+00
3493 +9.963807383e-03 +9.963807383e-03 +8.367996381e+01 +8.367996381e+01 -2.4105e+00 -2.8183e+00 +1.9792e+00
3665 +6.216851458e-03 +6.216851458e-03 +8.367621685e+01 +8.367621685e+01 -2.4145e+00 -2.8186e+00 +1.9796e+00
3753 +3.289831676e-03 +3.289831676e-03 +8.367328983e+01 +8.367328983e+01 -2.4262e+00 -2.8195e+00 +1.9806e+00
3784 +2.452700466e-03 +2.452700466e-03 +8.367245270e+01 +8.367245270e+01 -2.4361e+00 -2.8203e+00 +1.9814e+00
3948 +1.578014037e-03 +1.578014037e-03 +8.367157801e+01 +8.367157801e+01 -2.4472e+00 -2.8211e+00 +1.9824e+00
4162 +8.617623861e-04 +8.617623861e-04 +8.367086176e+01 +8.367086176e+01 -2.4564e+00 -2.8217e+00 +1.9831e+00
4220 +6.263556180e-04 +6.263556180e-04 +8.367062636e+01 +8.367062636e+01 -2.4602e+00 -2.8220e+00 +1.9834e+00
4271 +3.832105621e-04 +3.832105621e-04 +8.367038321e+01 +8.367038321e+01 -2.4662e+00 -2.8223e+00 +1.9839e+00
4372 +2.118296289e-04 +2.118296289e-04 +8.367021183e+01 +8.367021183e+01 -2.4713e+00 -2.8226e+00 +1.9844e+00
4453 +1.473568018e-04 +1.473568018e-04 +8.367014736e+01 +8.367014736e+01 -2.4741e+00 -2.8228e+00 +1.9846e+00
4574 +9.832894986e-05 +9.832894986e-05 +8.367009833e+01 +8.367009833e+01 -2.4761e+00 -2.8229e+00 +1.9848e+00
4678 +5.657729507e-05 +5.657729507e-05 +8.367005658e+01 +8.367005658e+01 -2.4788e+00 -2.8230e+00 +1.9850e+00
4788 +3.885560865e-05 +3.885560865e-05 +8.367003886e+01 +8.367003886e+01 -2.4802e+00 -2.8230e+00 +1.9851e+00
4911 +2.488208574e-05 +2.488208574e-05 +8.367002488e+01 +8.367002488e+01 -2.4815e+00 -2.8231e+00 +1.9852e+00
5000 +1.500492004e-05 +1.500492004e-05 +8.367001500e+01 +8.367001500e+01 -2.4826e+00 -2.8231e+00 +1.9853e+00
5073 +9.811992342e-06 +9.811992342e-06 +8.367000981e+01 +8.367000981e+01 -2.4838e+00 -2.8232e+00 +1.9854e+00
5115 +5.583260062e-06 +5.583260062e-06 +8.367000558e+01 +8.367000558e+01 -2.4840e+00 -2.8232e+00 +1.9854e+00
5199 +3.915758157e-06 +3.915758157e-06 +8.367000392e+01 +8.367000392e+01 -2.4846e+00 -2.8232e+00 +1.9855e+00
5271 +1.964681402e-06 +1.964681402e-06 +8.367000196e+01 +8.367000196e+01 -2.4851e+00 -2.8232e+00 +1.9855e+00
5331 +1.245097209e-06 +1.245097209e-06 +8.367000125e+01 +8.367000125e+01 -2.4856e+00 -2.8232e+00 +1.9855e+00
5347 +9.010254018e-07 +9.010254018e-07 +8.367000090e+01 +8.367000090e+01 -2.4856e+00 -2.8232e+00 +1.9855e+00
5429 +5.369194866e-07 +5.369194866e-07 +8.367000054e+01 +8.367000054e+01 -2.4859e+00 -2.8232e+00 +1.9856e+00
5447 +3.584868864e-07 +3.584868864e-07 +8.367000036e+01 +8.367000036e+01 -2.4859e+00 -2.8232e+00 +1.9856e+00
5494 +2.318897856e-07 +2.318897856e-07 +8.367000023e+01 +8.367000023e+01 -2.4860e+00 -2.8232e+00 +1.9856e+00
5536 +1.553853082e-07 +1.553853082e-07 +8.367000016e+01 +8.367000016e+01 -2.4861e+00 -2.8232e+00 +1.9856e+00
5569 +7.330208973e-08 +7.330208973e-08 +8.367000007e+01 +8.367000007e+01 -2.4861e+00 -2.8232e+00 +1.9856e+00
5618 +5.577197726e-08 +5.577197726e-08 +8.367000006e+01 +8.367000006e+01 -2.4862e+00 -2.8232e+00 +1.9856e+00
5666 +2.659115239e-08 +2.659115239e-08 +8.367000003e+01 +8.367000003e+01 -2.4862e+00 -2.8232e+00 +1.9856e+00
5686 +2.156471623e-08 +2.156471623e-08 +8.367000002e+01 +8.367000002e+01 -2.4863e+00 -2.8232e+00 +1.9856e+00
5734 +1.027176211e-08 +1.027176211e-08 +8.367000001e+01 +8.367000001e+01 -2.4863e+00 -2.8232e+00 +1.9856e+00
5765 +9.475684237e-09 +9.475684237e-09 +8.367000001e+01 +8.367000001e+01 -2.4863e+00 -2.8232e+00 +1.9856e+00
% function evaluation | noise-free fitness - Fopt (1.242000000000e+01) | best noise-free fitness - Fopt | measured fitness | best measured fitness | x1 | x2...
1 +1.292891269e+07 +1.292891269e+07 +1.292892511e+07 +1.292892511e+07 -1.5016e+00 -5.5183e-01 -2.0310e+00
2 +5.790804943e+06 +5.790804943e+06 +5.790817363e+06 +5.790817363e+06 +1.9292e+00 +4.2157e+00 -3.7945e+00
15 +1.462628787e+06 +1.462628787e+06 +1.462641207e+06 +1.462641207e+06 +1.9721e+00 +3.3074e+00 +4.2147e-01
32 +5.145354670e+05 +5.145354670e+05 +5.145478870e+05 +5.145478870e+05 +1.0859e+00 +3.5823e+00 -2.4339e+00
61 +6.513012181e+02 +6.513012181e+02 +6.637212181e+02 +6.637212181e+02 -1.2619e-01 +3.1617e+00 -2.4339e+00
177 +4.132634054e+02 +4.132634054e+02 +4.256834054e+02 +4.256834054e+02 +1.6692e+00 +3.4866e+00 -1.3060e+00
196 +1.481256217e+02 +1.481256217e+02 +1.605456217e+02 +1.605456217e+02 -1.9982e+00 +2.7614e+00 -3.6083e+00
487 +2.393919760e+01 +2.393919760e+01 +3.635919760e+01 +3.635919760e+01 -3.5017e-01 +3.1074e+00 -2.5539e+00
718 +2.602262297e+00 +2.602262297e+00 +1.502226230e+01 +1.502226230e+01 +2.7277e-01 +3.2206e+00 -2.1581e+00
744 +1.799590186e+00 +1.799590186e+00 +1.421959019e+01 +1.421959019e+01 +9.9693e-01 +3.3505e+00 -1.7144e+00
752 +7.117799796e-01 +7.117799796e-01 +1.313177998e+01 +1.313177998e+01 +7.6566e-01 +3.3053e+00 -1.8530e+00
1012 +1.493783935e-01 +1.493783935e-01 +1.256937839e+01 +1.256937839e+01 +7.4293e-01 +3.3007e+00 -1.8676e+00
1231 +6.566243710e-02 +6.566243710e-02 +1.248566244e+01 +1.248566244e+01 +7.8446e-01 +3.3072e+00 -1.8417e+00
1432 +4.234332046e-02 +4.234332046e-02 +1.246234332e+01 +1.246234332e+01 +8.0590e-01 +3.3109e+00 -1.8284e+00
1479 +3.621763572e-02 +3.621763572e-02 +1.245621764e+01 +1.245621764e+01 +8.4805e-01 +3.3180e+00 -1.8024e+00
1535 +1.852536203e-02 +1.852536203e-02 +1.243852536e+01 +1.243852536e+01 +8.5205e-01 +3.3187e+00 -1.7998e+00
1596 +1.146244786e-02 +1.146244786e-02 +1.243146245e+01 +1.243146245e+01 +8.9778e-01 +3.3265e+00 -1.7712e+00
1622 +8.898684538e-03 +8.898684538e-03 +1.242889868e+01 +1.242889868e+01 +9.0647e-01 +3.3281e+00 -1.7659e+00
1741 +1.772625479e-03 +1.772625479e-03 +1.242177263e+01 +1.242177263e+01 +9.0908e-01 +3.3286e+00 -1.7642e+00
1792 +1.029722796e-03 +1.029722796e-03 +1.242102972e+01 +1.242102972e+01 +9.1482e-01 +3.3296e+00 -1.7606e+00
1817 +9.999088060e-04 +9.999088060e-04 +1.242099991e+01 +1.242099991e+01 +9.1623e-01 +3.3299e+00 -1.7597e+00
1897 +6.020470727e-04 +6.020470727e-04 +1.242060205e+01 +1.242060205e+01 +9.2405e-01 +3.3313e+00 -1.7548e+00
2021 +3.320872623e-04 +3.320872623e-04 +1.242033209e+01 +1.242033209e+01 +9.2632e-01 +3.3318e+00 -1.7534e+00
2041 +2.352266101e-04 +2.352266101e-04 +1.242023523e+01 +1.242023523e+01 +9.2850e-01 +3.3322e+00 -1.7520e+00
2076 +1.561880562e-04 +1.561880562e-04 +1.242015619e+01 +1.242015619e+01 +9.2975e-01 +3.3324e+00 -1.7513e+00
2163 +9.003198964e-05 +9.003198964e-05 +1.242009003e+01 +1.242009003e+01 +9.3290e-01 +3.3330e+00 -1.7493e+00
2207 +6.152756512e-05 +6.152756512e-05 +1.242006153e+01 +1.242006153e+01 +9.3392e-01 +3.3332e+00 -1.7486e+00
2276 +3.629493354e-05 +3.629493354e-05 +1.242003629e+01 +1.242003629e+01 +9.3509e-01 +3.3334e+00 -1.7479e+00
2311 +2.359785511e-05 +2.359785511e-05 +1.242002360e+01 +1.242002360e+01 +9.3598e-01 +3.3336e+00 -1.7473e+00
2346 +1.531442014e-05 +1.531442014e-05 +1.242001531e+01 +1.242001531e+01 +9.3722e-01 +3.3338e+00 -1.7466e+00
2408 +9.590654214e-06 +9.590654214e-06 +1.242000959e+01 +1.242000959e+01 +9.3795e-01 +3.3340e+00 -1.7461e+00
2436 +5.827148902e-06 +5.827148902e-06 +1.242000583e+01 +1.242000583e+01 +9.3807e-01 +3.3340e+00 -1.7460e+00
2461 +3.242741993e-06 +3.242741993e-06 +1.242000324e+01 +1.242000324e+01 +9.3858e-01 +3.3341e+00 -1.7457e+00
2512 +1.853693815e-06 +1.853693815e-06 +1.242000185e+01 +1.242000185e+01 +9.3900e-01 +3.3342e+00 -1.7454e+00
2535 +1.525606208e-06 +1.525606208e-06 +1.242000153e+01 +1.242000153e+01 +9.3902e-01 +3.3342e+00 -1.7454e+00
2544 +9.679094823e-07 +9.679094823e-07 +1.242000097e+01 +1.242000097e+01 +9.3933e-01 +3.3343e+00 -1.7452e+00
2561 +4.138136678e-07 +4.138136678e-07 +1.242000041e+01 +1.242000041e+01 +9.3960e-01 +3.3343e+00 -1.7451e+00
2572 +3.208072865e-07 +3.208072865e-07 +1.242000032e+01 +1.242000032e+01 +9.3960e-01 +3.3343e+00 -1.7451e+00
2584 +1.567842496e-07 +1.567842496e-07 +1.242000016e+01 +1.242000016e+01 +9.3971e-01 +3.3343e+00 -1.7450e+00
2646 +7.065355767e-08 +7.065355767e-08 +1.242000007e+01 +1.242000007e+01 +9.3992e-01 +3.3344e+00 -1.7449e+00
2659 +5.072221398e-08 +5.072221398e-08 +1.242000005e+01 +1.242000005e+01 +9.3982e-01 +3.3344e+00 -1.7449e+00
2700 +7.934557900e-09 +7.934557900e-09 +1.242000001e+01 +1.242000001e+01 +9.3994e-01 +3.3344e+00 -1.7448e+00
% function evaluation | noise-free fitness - Fopt (2.262000000000e+01) | best noise-free fitness - Fopt | measured fitness | best measured fitness | x1 | x2...
1 +1.189592697e+08 +1.189592697e+08 +1.189592923e+08 +1.189592923e+08 +2.4328e+00 -4.5358e+00 -1.1558e+00
2 +1.993522161e+07 +1.993522161e+07 +1.993524423e+07 +1.993524423e+07 +1.1675e+00 -1.0747e+00 +1.3435e+00
3 +1.341859342e+07 +1.341859342e+07 +1.341861604e+07 +1.341861604e+07 -3.4312e+00 -4.1210e-01 -3.9899e+00
11 +3.296400876e+06 +3.296400876e+06 +3.296423496e+06 +3.296423496e+06 +3.4519e+00 +3.1060e+00 +3.8539e-01
17 +2.246933655e+06 +2.246933655e+06 +2.246956275e+06 +2.246956275e+06 -2.5111e+00 +2.2949e+00 -4.0764e+00
47 +4.882774252e+05 +4.882774252e+05 +4.883000452e+05 +4.883000452e+05 +2.1627e+00 +2.5063e+00 -2.3653e+00
137 +2.556513111e+04 +2.556513111e+04 +2.558775111e+04 +2.558775111e+04 -8.2538e-01 +1.2759e+00 -2.6535e+00
180 +1.936857593e+04 +1.936857593e+04 +1.939119593e+04 +1.939119593e+04 +4.7108e-01 +1.5979e+00 -2.2858e+00
233 +1.627664196e+02 +1.627664196e+02 +1.853864196e+02 +1.853864196e+02 +1.8697e+00 +1.9246e+00 -1.9296e+00
331 +4.411732238e+01 +4.411732238e+01 +6.673732238e+01 +6.673732238e+01 +1.7777e+00 +1.9041e+00 -1.9530e+00
415 +2.269116512e+01 +2.269116512e+01 +4.531116512e+01 +4.531116512e+01 +2.7657e+00 +2.1485e+00 -1.6933e+00
725 +7.517224122e+00 +7.517224122e+00 +3.013722412e+01 +3.013722412e+01 +2.4768e+00 +2.0830e+00 -1.8007e+00
906 +4.624018849e+00 +4.624018849e+00 +2.724401885e+01 +2.724401885e+01 +1.9479e+00 +1.9470e+00 -1.9305e+00
964 +3.110433488e+00 +3.110433488e+00 +2.573043349e+01 +2.573043349e+01 +2.4040e+00 +2.0663e+00 -1.8205e+00
1036 +1.624135875e+00 +1.624135875e+00 +2.424413587e+01 +2.424413587e+01 +2.4277e+00 +2.0721e+00 -1.8144e+00
1070 +4.694357465e-01 +4.694357465e-01 +2.308943575e+01 +2.308943575e+01 +1.9095e+00 +1.9374e+00 -1.9387e+00
1279 +3.568971478e-01 +3.568971478e-01 +2.297689715e+01 +2.297689715e+01 +1.8909e+00 +1.9320e+00 -1.9422e+00
1441 +1.990741937e-01 +1.990741937e-01 +2.281907419e+01 +2.281907419e+01 +1.8923e+00 +1.9326e+00 -1.9419e+00
1475 +1.070015820e-01 +1.070015820e-01 +2.272700158e+01 +2.272700158e+01 +1.9007e+00 +1.9354e+00 -1.9412e+00
1623 +4.285035950e-02 +4.285035950e-02 +2.266285036e+01 +2.266285036e+01 +1.8966e+00 +1.9341e+00 -1.9416e+00
1809 +3.726949543e-02 +3.726949543e-02 +2.265726950e+01 +2.265726950e+01 +1.8541e+00 +1.9222e+00 -1.9486e+00
1965 +2.225983386e-02 +2.225983386e-02 +2.264225983e+01 +2.264225983e+01 +1.8401e+00 +1.9183e+00 -1.9506e+00
2072 +1.523197912e-02 +1.523197912e-02 +2.263523198e+01 +2.263523198e+01 +1.8124e+00 +1.9104e+00 -1.9549e+00
2158 +9.981157092e-03 +9.981157092e-03 +2.262998116e+01 +2.262998116e+01 +1.7525e+00 +1.8935e+00 -1.9639e+00
2195 +5.484333943e-03 +5.484333943e-03 +2.262548433e+01 +2.262548433e+01 +1.7342e+00 +1.8883e+00 -1.9666e+00
2210 +3.701611608e-03 +3.701611608e-03 +2.262370161e+01 +2.262370161e+01 +1.7336e+00 +1.8881e+00 -1.9668e+00
2244 +2.424012617e-03 +2.424012617e-03 +2.262242401e+01 +2.262242401e+01 +1.7263e+00 +1.8860e+00 -1.9680e+00
2393 +1.391046756e-03 +1.391046756e-03 +2.262139105e+01 +2.262139105e+01 +1.7207e+00 +1.8845e+00 -1.9689e+00
2469 +9.331828599e-04 +9.331828599e-04 +2.262093318e+01 +2.262093318e+01 +1.7177e+00 +1.8836e+00 -1.9694e+00
2720 +6.292527272e-04 +6.292527272e-04 +2.262062925e+01 +2.262062925e+01 +1.7113e+00 +1.8819e+00 -1.9706e+00
2837 +3.771050703e-04 +3.771050703e-04 +2.262037711e+01 +2.262037711e+01 +1.7056e+00 +1.8803e+00 -1.9717e+00
2959 +2.393808469e-04 +2.393808469e-04 +2.262023938e+01 +2.262023938e+01 +1.7013e+00 +1.8791e+00 -1.9725e+00
3097 +1.546454864e-04 +1.546454864e-04 +2.262015465e+01 +2.262015465e+01 +1.6987e+00 +1.8784e+00 -1.9730e+00
3201 +9.869455064e-05 +9.869455064e-05 +2.262009869e+01 +2.262009869e+01 +1.6960e+00 +1.8777e+00 -1.9736e+00
3296 +5.465168063e-05 +5.465168063e-05 +2.262005465e+01 +2.262005465e+01 +1.6937e+00 +1.8771e+00 -1.9741e+00
3566 +3.884565470e-05 +3.884565470e-05 +2.262003885e+01 +2.262003885e+01 +1.6924e+00 +1.8767e+00 -1.9744e+00
3726 +2.505427932e-05 +2.505427932e-05 +2.262002505e+01 +2.262002505e+01 +1.6912e+00 +1.8764e+00 -1.9747e+00
3842 +1.403023975e-05 +1.403023975e-05 +2.262001403e+01 +2.262001403e+01 +1.6898e+00 +1.8761e+00 -1.9751e+00
3997 +9.732383326e-06 +9.732383326e-06 +2.262000973e+01 +2.262000973e+01 +1.6893e+00 +1.8759e+00 -1.9752e+00
4200 +6.289628271e-06 +6.289628271e-06 +2.262000629e+01 +2.262000629e+01 +1.6888e+00 +1.8758e+00 -1.9753e+00
4338 +3.788916199e-06 +3.788916199e-06 +2.262000379e+01 +2.262000379e+01 +1.6882e+00 +1.8756e+00 -1.9755e+00
4406 +2.505562819e-06 +2.505562819e-06 +2.262000251e+01 +2.262000251e+01 +1.6879e+00 +1.8756e+00 -1.9756e+00
4525 +1.398773875e-06 +1.398773875e-06 +2.262000140e+01 +2.262000140e+01 +1.6875e+00 +1.8755e+00 -1.9757e+00
4628 +9.780264527e-07 +9.780264527e-07 +2.262000098e+01 +2.262000098e+01 +1.6873e+00 +1.8754e+00 -1.9757e+00
4755 +6.115535207e-07 +6.115535207e-07 +2.262000061e+01 +2.262000061e+01 +1.6870e+00 +1.8754e+00 -1.9758e+00
4876 +3.785130005e-07 +3.785130005e-07 +2.262000038e+01 +2.262000038e+01 +1.6869e+00 +1.8753e+00 -1.9758e+00
4954 +2.473479057e-07 +2.473479057e-07 +2.262000025e+01 +2.262000025e+01 +1.6868e+00 +1.8753e+00 -1.9759e+00
4979 +1.567501862e-07 +1.567501862e-07 +2.262000016e+01 +2.262000016e+01 +1.6868e+00 +1.8753e+00 -1.9759e+00
5077 +9.374487675e-08 +9.374487675e-08 +2.262000009e+01 +2.262000009e+01 +1.6867e+00 +1.8753e+00 -1.9759e+00
5151 +5.434555561e-08 +5.434555561e-08 +2.262000005e+01 +2.262000005e+01 +1.6866e+00 +1.8753e+00 -1.9759e+00
5177 +3.764215251e-08 +3.764215251e-08 +2.262000004e+01 +2.262000004e+01 +1.6866e+00 +1.8752e+00 -1.9759e+00
5266 +2.128032861e-08 +2.128032861e-08 +2.262000002e+01 +2.262000002e+01 +1.6865e+00 +1.8752e+00 -1.9760e+00
5344 +1.513190284e-08 +1.513190284e-08 +2.262000002e+01 +2.262000002e+01 +1.6865e+00 +1.8752e+00 -1.9760e+00
5373 +9.614357310e-09 +9.614357310e-09 +2.262000001e+01 +2.262000001e+01 +1.6865e+00 +1.8752e+00 -1.9760e+00
