% function evaluation | noise-free fitness - Fopt (7.948000000000e+01) | best noise-free fitness - Fopt | measured fitness | best measured fitness | x1 | x2...
1 +3.575992591e+02 +3.575992591e+02 +4.370792591e+02 +4.370792591e+02
460 +2.455369870e+02 +2.455369870e+02 +3.250169870e+02 +3.250169870e+02
2977 +1.508243921e+02 +1.508243921e+02 +2.303043921e+02 +2.303043921e+02
5646 +9.336965150e+01 +9.336965150e+01 +1.728496515e+02 +1.728496515e+02
7652 +5.145313361e+01 +5.145313361e+01 +1.309331336e+02 +1.309331336e+02
9202 +3.951280360e+01 +3.951280360e+01 +1.189928036e+02 +1.189928036e+02
11491 +1.964550403e+01 +1.964550403e+01 +9.912550403e+01 +9.912550403e+01
14104 +1.576786720e+01 +1.576786720e+01 +9.524786720e+01 +9.524786720e+01
15718 +9.471851071e+00 +9.471851071e+00 +8.895185107e+01 +8.895185107e+01
17229 +6.228940586e+00 +6.228940586e+00 +8.570894059e+01 +8.570894059e+01
20490 +3.758535049e+00 +3.758535049e+00 +8.323853505e+01 +8.323853505e+01
23782 +2.357429540e+00 +2.357429540e+00 +8.183742954e+01 +8.183742954e+01
26409 +1.293687204e+00 +1.293687204e+00 +8.077368720e+01 +8.077368720e+01
29086 +9.394896158e-01 +9.394896158e-01 +8.041948962e+01 +8.041948962e+01
31375 +5.759618365e-01 +5.759618365e-01 +8.005596184e+01 +8.005596184e+01
34618 +3.868631532e-01 +3.868631532e-01 +7.986686315e+01 +7.986686315e+01
37451 +2.168392842e-01 +2.168392842e-01 +7.969683928e+01 +7.969683928e+01
40187 +1.360179875e-01 +1.360179875e-01 +7.961601799e+01 +7.961601799e+01
42197 +9.943419081e-02 +9.943419081e-02 +7.957943419e+01 +7.957943419e+01
45216 +6.205617865e-02 +6.205617865e-02 +7.954205618e+01 +7.954205618e+01
48773 +3.871394608e-02 +3.871394608e-02 +7.951871395e+01 +7.951871395e+01
52624 +2.461741211e-02 +2.461741211e-02 +7.950461741e+01 +7.950461741e+01
55387 +1.582624678e-02 +1.582624678e-02 +7.949582625e+01 +7.949582625e+01
60093 +9.577333374e-03 +9.577333374e-03 +7.948957733e+01 +7.948957733e+01
63931 +5.895877651e-03 +5.895877651e-03 +7.948589588e+01 +7.948589588e+01
69308 +3.886543635e-03 +3.886543635e-03 +7.948388654e+01 +7.948388654e+01
73218 +2.328668040e-03 +2.328668040e-03 +7.948232867e+01 +7.948232867e+01
77288 +1.538047374e-03 +1.538047374e-03 +7.948153805e+01 +7.948153805e+01
82144 +9.803774557e-04 +9.803774557e-04 +7.948098038e+01 +7.948098038e+01
87810 +6.297412978e-04 +6.297412978e-04 +7.948062974e+01 +7.948062974e+01
93634 +3.926184142e-04 +3.926184142e-04 +7.948039262e+01 +7.948039262e+01
97430 +2.460278985e-04 +2.460278985e-04 +7.948024603e+01 +7.948024603e+01
101598 +1.481577659e-04 +1.481577659e-04 +7.948014816e+01 +7.948014816e+01
104694 +9.558659977e-05 +9.558659977e-05 +7.948009559e+01 +7.948009559e+01
106565 +5.176039639e-05 +5.176039639e-05 +7.948005176e+01 +7.948005176e+01
110119 +3.973762482e-05 +3.973762482e-05 +7.948003974e+01 +7.948003974e+01
113496 +2.399352955e-05 +2.399352955e-05 +7.948002399e+01 +7.948002399e+01
115822 +1.581442204e-05 +1.581442204e-05 +7.948001581e+01 +7.948001581e+01
119922 +9.515229252e-06 +9.515229252e-06 +7.948000952e+01 +7.948000952e+01
122925 +6.075175733e-06 +6.075175733e-06 +7.948000608e+01 +7.948000608e+01
125590 +3.947860662e-06 +3.947860662e-06 +7.948000395e+01 +7.948000395e+01
127701 +2.406552042e-06 +2.406552042e-06 +7.948000241e+01 +7.948000241e+01
131853 +1.514012510e-06 +1.514012510e-06 +7.948000151e+01 +7.948000151e+01
135204 +9.484380712e-07 +9.484380712e-07 +7.948000095e+01 +7.948000095e+01
139338 +5.966621615e-07 +5.966621615e-07 +7.948000060e+01 +7.948000060e+01
141064 +3.800656003e-07 +3.800656003e-07 +7.948000038e+01 +7.948000038e+01
143227 +2.507646570e-07 +2.507646570e-07 +7.948000025e+01 +7.948000025e+01
146141 +1.367331919e-07 +1.367331919e-07 +7.948000014e+01 +7.948000014e+01
149532 +9.204664764e-08 +9.204664764e-08 +7.948000009e+01 +7.948000009e+01
152357 +6.221520721e-08 +6.221520721e-08 +7.948000006e+01 +7.948000006e+01
155993 +3.867339160e-08 +3.867339160e-08 +7.948000004e+01 +7.948000004e+01
160466 +2.364602381e-08 +2.364602381e-08 +7.948000002e+01 +7.948000002e+01
164569 +1.537263472e-08 +1.537263472e-08 +7.948000002e+01 +7.948000002e+01
167690 +9.329269801e-09 +9.329269801e-09 +7.948000001e+01 +7.948000001e+01
% function evaluation | noise-free fitness - Fopt (3.944800000000e+02) | best noise-free fitness - Fopt | measured fitness | best measured fitness | x1 | x2...
1 +6.695858921e+02 +6.695858921e+02 +1.064065892e+03 +1.064065892e+03
3 +5.838620504e+02 +5.838620504e+02 +9.783420504e+02 +9.783420504e+02
76 +3.890152352e+02 +3.890152352e+02 +7.834952352e+02 +7.834952352e+02
2152 +1.998381280e+02 +1.998381280e+02 +5.943181280e+02 +5.943181280e+02
3554 +1.581209307e+02 +1.581209307e+02 +5.526009307e+02 +5.526009307e+02
5966 +9.336360232e+01 +9.336360232e+01 +4.878436023e+02 +4.878436023e+02
8895 +5.721448282e+01 +5.721448282e+01 +4.516944828e+02 +4.516944828e+02
11241 +3.727691764e+01 +3.727691764e+01 +4.317569176e+02 +4.317569176e+02
12515 +2.490101929e+01 +2.490101929e+01 +4.193810193e+02 +4.193810193e+02
15590 +1.555360606e+01 +1.555360606e+01 +4.100336061e+02 +4.100336061e+02
18630 +9.811275404e+00 +9.811275404e+00 +4.042912754e+02 +4.042912754e+02
20305 +5.789412612e+00 +5.789412612e+00 +4.002694126e+02 +4.002694126e+02
24556 +3.946916138e+00 +3.946916138e+00 +3.984269161e+02 +3.984269161e+02
27713 +2.510930327e+00 +2.510930327e+00 +3.969909303e+02 +3.969909303e+02
30279 +1.485936060e+00 +1.485936060e+00 +3.959659361e+02 +3.959659361e+02
33912 +9.839356078e-01 +9.839356078e-01 +3.954639356e+02 +3.954639356e+02
38436 +6.228035096e-01 +6.228035096e-01 +3.951028035e+02 +3.951028035e+02
42634 +3.809638752e-01 +3.809638752e-01 +3.948609639e+02 +3.948609639e+02
47425 +2.464215942e-01 +2.464215942e-01 +3.947264216e+02 +3.947264216e+02
49889 +1.464417286e-01 +1.464417286e-01 +3.946264417e+02 +3.946264417e+02
53032 +9.090649281e-02 +9.090649281e-02 +3.945709065e+02 +3.945709065e+02
58088 +6.161309776e-02 +6.161309776e-02 +3.945416131e+02 +3.945416131e+02
61288 +3.952365948e-02 +3.952365948e-02 +3.945195237e+02 +3.945195237e+02
65280 +2.435207734e-02 +2.435207734e-02 +3.945043521e+02 +3.945043521e+02
68208 +1.575775758e-02 +1.575775758e-02 +3.944957578e+02 +3.944957578e+02
73171 +9.931876228e-03 +9.931876228e-03 +3.944899319e+02 +3.944899319e+02
75215 +6.172792669e-03 +6.172792669e-03 +3.944861728e+02 +3.944861728e+02
78716 +3.785623024e-03 +3.785623024e-03 +3.944837856e+02 +3.944837856e+02
80897 +2.504323251e-03 +2.504323251e-03 +3.944825043e+02 +3.944825043e+02
85236 +1.559910511e-03 +1.559910511e-03 +3.944815599e+02 +3.944815599e+02
89205 +9.835331769e-04 +9.835331769e-04 +3.944809835e+02 +3.944809835e+02
93101 +6.245513960e-04 +6.245513960e-04 +3.944806246e+02 +3.944806246e+02
95409 +3.831870019e-04 +3.831870019e-04 +3.944803832e+02 +3.944803832e+02
99573 +2.279617398e-04 +2.279617398e-04 +3.944802280e+02 +3.944802280e+02
101290 +1.540078209e-04 +1.540078209e-04 +3.944801540e+02 +3.944801540e+02
104391 +9.561697266e-05 +9.561697266e-05 +3.944800956e+02 +3.944800956e+02
108068 +5.833985801e-05 +5.833985801e-05 +3.944800583e+02 +3.944800583e+02
112297 +3.962425461e-05 +3.962425461e-05 +3.944800396e+02 +3.944800396e+02
117599 +2.450202288e-05 +2.450202288e-05 +3.944800245e+02 +3.944800245e+02
123744 +1.571802420e-05 +1.571802420e-05 +3.944800157e+02 +3.944800157e+02
127224 +9.809503695e-06 +9.809503695e-06 +3.944800098e+02 +3.944800098e+02
130850 +6.002114333e-06 +6.002114333e-06 +3.944800060e+02 +3.944800060e+02
133222 +3.881305247e-06 +3.881305247e-06 +3.944800039e+02 +3.944800039e+02
137195 +2.330431187e-06 +2.330431187e-06 +3.944800023e+02 +3.944800023e+02
141467 +1.524451648e-06 +1.524451648e-06 +3.944800015e+02 +3.944800015e+02
144554 +9.914666634e-07 +9.914666634e-07 +3.944800010e+02 +3.944800010e+02
147210 +6.196816571e-07 +6.196816571e-07 +3.944800006e+02 +3.944800006e+02
150808 +3.785655736e-07 +3.785655736e-07 +3.944800004e+02 +3.944800004e+02
153862 +2.493658258e-07 +2.493658258e-07 +3.944800002e+02 +3.944800002e+02
157007 +1.494012736e-07 +1.494012736e-07 +3.944800001e+02 +3.944800001e+02
162364 +9.916863064e-08 +9.916863064e-08 +3.944800001e+02 +3.944800001e+02
166190 +5.864319519e-08 +5.864319519e-08 +3.944800001e+02 +3.944800001e+02
168867 +3.748715471e-08 +3.748715471e-08 +3.944800000e+02 +3.944800000e+02
171051 +2.466441629e-08 +2.466441629e-08 +3.944800000e+02 +3.944800000e+02
174253 +1.499080327e-08 +1.499080327e-08 +3.944800000e+02 +3.944800000e+02
176822 +9.337611573e-09 +9.337611573e-09 +3.944800000e+02 +3.944800000e+02
% function evaluation | noise-free fitness - Fopt (-2.471100000000e+02) | best noise-free fitness - Fopt | measured fitness | best measured fitness | x1 | x2...
1 +5.688939092e+02 +5.688939092e+02 +3.217839092e+02 +3.217839092e+02
34 +3.303088143e+02 +3.303088143e+02 +8.319881425e+01 +8.319881425e+01
1208 +2.212040522e+02 +2.212040522e+02 -2.590594776e+01 -2.590594776e+01
2870 +1.521956567e+02 +1.521956567e+02 -9.491434325e+01 -9.491434325e+01
5519 +9.564221299e+01 +9.564221299e+01 -1.514677870e+02 -1.514677870e+02
7333 +6.100240116e+01 +6.100240116e+01 -1.861075988e+02 -1.861075988e+02
8960 +3.889418634e+01 +3.889418634e+01 -2.082158137e+02 -2.082158137e+02
12075 +1.990752424e+01 +1.990752424e+01 -2.272024758e+02 -2.272024758e+02
14898 +1.520621536e+01 +1.520621536e+01 -2.319037846e+02 -2.319037846e+02
16948 +9.819156661e+00 +9.819156661e+00 -2.372908433e+02 -2.372908433e+02
19522 +5.817304246e+00 +5.817304246e+00 -2.412926958e+02 -2.412926958e+02
22801 +3.704227454e+00 +3.704227454e+00 -2.434057725e+02 -2.434057725e+02
26207 +2.303054031e+00 +2.303054031e+00 -2.448069460e+02 -2.448069460e+02
28632 +1.492841242e+00 +1.492841242e+00 -2.456171588e+02 -2.456171588e+02
32653 +9.701053692e-01 +9.701053692e-01 -2.461398946e+02 -2.461398946e+02
36338 +6.259672694e-01 +6.259672694e-01 -2.464840327e+02 -2.464840327e+02
39099 +3.922273252e-01 +3.922273252e-01 -2.467177727e+02 -2.467177727e+02
42542 +2.506548451e-01 +2.506548451e-01 -2.468593452e+02 -2.468593452e+02
46602 +1.573053062e-01 +1.573053062e-01 -2.469526947e+02 -2.469526947e+02
48288 +9.903849103e-02 +9.903849103e-02 -2.470109615e+02 -2.470109615e+02
51920 +6.301787992e-02 +6.301787992e-02 -2.470469821e+02 -2.470469821e+02
55465 +3.675544460e-02 +3.675544460e-02 -2.470732446e+02 -2.470732446e+02
58471 +2.506888998e-02 +2.506888998e-02 -2.470849311e+02 -2.470849311e+02
62994 +1.578083744e-02 +1.578083744e-02 -2.470942192e+02 -2.470942192e+02
65472 +9.911292537e-03 +9.911292537e-03 -2.471000887e+02 -2.471000887e+02
69307 +6.246655432e-03 +6.246655432e-03 -2.471037533e+02 -2.471037533e+02
72722 +3.930015315e-03 +3.930015315e-03 -2.471060700e+02 -2.471060700e+02
76506 +2.443858501e-03 +2.443858501e-03 -2.471075561e+02 -2.471075561e+02
80962 +1.573890539e-03 +1.573890539e-03 -2.471084261e+02 -2.471084261e+02
84983 +9.072583485e-04 +9.072583485e-04 -2.471090927e+02 -2.471090927e+02
89261 +6.017125685e-04 +6.017125685e-04 -2.471093983e+02 -2.471093983e+02
92545 +3.715699942e-04 +3.715699942e-04 -2.471096284e+02 -2.471096284e+02
94259 +2.460873777e-04 +2.460873777e-04 -2.471097539e+02 -2.471097539e+02
98709 +1.509453330e-04 +1.509453330e-04 -2.471098491e+02 -2.471098491e+02
100816 +9.691500503e-05 +9.691500503e-05 -2.471099031e+02 -2.471099031e+02
105534 +6.208323168e-05 +6.208323168e-05 -2.471099379e+02 -2.471099379e+02
110823 +3.653632962e-05 +3.653632962e-05 -2.471099635e+02 -2.471099635e+02
112769 +2.427555782e-05 +2.427555782e-05 -2.471099757e+02 -2.471099757e+02
114526 +1.517785475e-05 +1.517785475e-05 -2.471099848e+02 -2.471099848e+02
117209 +9.531633992e-06 +9.531633992e-06 -2.471099905e+02 -2.471099905e+02
121053 +5.745294601e-06 +5.745294601e-06 -2.471099943e+02 -2.471099943e+02
124344 +3.938244589e-06 +3.938244589e-06 -2.471099961e+02 -2.471099961e+02
126235 +2.319685478e-06 +2.319685478e-06 -2.471099977e+02 -2.471099977e+02
128733 +1.382981111e-06 +1.382981111e-06 -2.471099986e+02 -2.471099986e+02
131989 +9.725263510e-07 +9.725263510e-07 -2.471099990e+02 -2.471099990e+02
135674 +5.964512866e-07 +5.964512866e-07 -2.471099994e+02 -2.471099994e+02
136987 +3.729735738e-07 +3.729735738e-07 -2.471099996e+02 -2.471099996e+02
140337 +2.295923025e-07 +2.295923025e-07 -2.471099998e+02 -2.471099998e+02
142429 +1.449136562e-07 +1.449136562e-07 -2.471099999e+02 -2.471099999e+02
146921 +8.466764712e-08 +8.466764712e-08 -2.471099999e+02 -2.471099999e+02
149460 +6.195870128e-08 +6.195870128e-08 -2.471099999e+02 -2.471099999e+02
153088 +3.848103347e-08 +3.848103347e-08 -2.471100000e+02 -2.471100000e+02
156781 +2.463423243e-08 +2.463423243e-08 -2.471100000e+02 -2.471100000e+02
161024 +1.534510830e-08 +1.534510830e-08 -2.471100000e+02 -2.471100000e+02
164158 +9.885212648e-09 +9.885212648e-09 -2.471100000e+02 -2.471100000e+02
% function evaluation | noise-free fitness - Fopt (-1.520400000000e+02) | best noise-free fitness - Fopt | measured fitness | best measured fitness | x1 | x2...
1 +5.466108918e+02 +5.466108918e+02 +3.945708918e+02 +3.945708918e+02
6 +3.441635824e+02 +3.441635824e+02 +1.921235824e+02 +1.921235824e+02
686 +2.418753317e+02 +2.418753317e+02 +8.983533173e+01 +8.983533173e+01
3686 +1.514399517e+02 +1.514399517e+02 -6.000483094e-01 -6.000483094e-01
6025 +9.957240173e+01 +9.957240173e+01 -5.246759827e+01 -5.246759827e+01
8573 +6.003049523e+01 +6.003049523e+01 -9.200950477e+01 -9.200950477e+01
9173 +3.698957398e+01 +3.698957398e+01 -1.150504260e+02 -1.150504260e+02
13511 +2.439684582e+01 +2.439684582e+01 -1.276431542e+02 -1.276431542e+02
15257 +1.558322382e+01 +1.558322382e+01 -1.364567762e+02 -1.364567762e+02
18557 +9.772445544e+00 +9.772445544e+00 -1.422675545e+02 -1.422675545e+02
20808 +6.010208432e+00 +6.010208432e+00 -1.460297916e+02 -1.460297916e+02
23927 +3.717238120e+00 +3.717238120e+00 -1.483227619e+02 -1.483227619e+02
26849 +2.431599993e+00 +2.431599993e+00 -1.496084000e+02 -1.496084000e+02
28805 +1.498364819e+00 +1.498364819e+00 -1.505416352e+02 -1.505416352e+02
34102 +9.941224791e-01 +9.941224791e-01 -1.510458775e+02 -1.510458775e+02
38036 +6.058876874e-01 +6.058876874e-01 -1.514341123e+02 -1.514341123e+02
41741 +3.905566751e-01 +3.905566751e-01 -1.516494433e+02 -1.516494433e+02
45404 +2.509269908e-01 +2.509269908e-01 -1.517890730e+02 -1.517890730e+02
49283 +1.566697354e-01 +1.566697354e-01 -1.518833303e+02 -1.518833303e+02
54411 +9.437769709e-02 +9.437769709e-02 -1.519456223e+02 -1.519456223e+02
58794 +5.922086990e-02 +5.922086990e-02 -1.519807791e+02 -1.519807791e+02
61946 +3.958860831e-02 +3.958860831e-02 -1.520004114e+02 -1.520004114e+02
65173 +2.496974212e-02 +2.496974212e-02 -1.520150303e+02 -1.520150303e+02
70082 +1.434408131e-02 +1.434408131e-02 -1.520256559e+02 -1.520256559e+02
74932 +9.786794007e-03 +9.786794007e-03 -1.520302132e+02 -1.520302132e+02
82028 +6.153342712e-03 +6.153342712e-03 -1.520338467e+02 -1.520338467e+02
88607 +3.979208263e-03 +3.979208263e-03 -1.520360208e+02 -1.520360208e+02
90584 +2.490343611e-03 +2.490343611e-03 -1.520375097e+02 -1.520375097e+02
98013 +1.482450586e-03 +1.482450586e-03 -1.520385175e+02 -1.520385175e+02
103903 +9.955583358e-04 +9.955583358e-04 -1.520390044e+02 -1.520390044e+02
109353 +6.251379248e-04 +6.251379248e-04 -1.520393749e+02 -1.520393749e+02
114022 +3.806315620e-04 +3.806315620e-04 -1.520396194e+02 -1.520396194e+02
117235 +2.447213175e-04 +2.447213175e-04 -1.520397553e+02 -1.520397553e+02
120946 +1.572210300e-04 +1.572210300e-04 -1.520398428e+02 -1.520398428e+02
126168 +9.925345549e-05 +9.925345549e-05 -1.520399007e+02 -1.520399007e+02
130405 +6.192291431e-05 +6.192291431e-05 -1.520399381e+02 -1.520399381e+02
134904 +3.890917111e-05 +3.890917111e-05 -1.520399611e+02 -1.520399611e+02
140826 +2.467921593e-05 +2.467921593e-05 -1.520399753e+02 -1.520399753e+02
145662 +1.467459415e-05 +1.467459415e-05 -1.520399853e+02 -1.520399853e+02
147567 +9.988299524e-06 +9.988299524e-06 -1.520399900e+02 -1.520399900e+02
150486 +5.461395517e-06 +5.461395517e-06 -1.520399945e+02 -1.520399945e+02
153768 +3.897345806e-06 +3.897345806e-06 -1.520399961e+02 -1.520399961e+02
156393 +2.463686428e-06 +2.463686428e-06 -1.520399975e+02 -1.520399975e+02
159293 +1.508468898e-06 +1.508468898e-06 -1.520399985e+02 -1.520399985e+02
162835 +9.762979403e-07 +9.762979403e-07 -1.520399990e+02 -1.520399990e+02
165996 +5.728464885e-07 +5.728464885e-07 -1.520399994e+02 -1.520399994e+02
170654 +3.928156787e-07 +3.928156787e-07 -1.520399996e+02 -1.520399996e+02
175879 +2.387938309e-07 +2.387938309e-07 -1.520399998e+02 -1.520399998e+02
178456 +1.528331666e-07 +1.528331666e-07 -1.520399998e+02 -1.520399998e+02
179921 +9.803085277e-08 +9.803085277e-08 -1.520399999e+02 -1.520399999e+02
182340 +6.010213838e-08 +6.010213838e-08 -1.520399999e+02 -1.520399999e+02
186407 +3.676359484e-08 +3.676359484e-08 -1.520400000e+02 -1.520400000e+02
188846 +2.421359113e-08 +2.421359113e-08 -1.520400000e+02 -1.520400000e+02
192676 +1.562600005e-08 +1.562600005e-08 -1.520400000e+02 -1.520400000e+02
196854 +9.930630540e-09 +9.930630540e-09 -1.520400000e+02 -1.520400000e+02
% function evaluation | noise-free fitness - Fopt (-2.525000000000e+01) | best noise-free fitness - Fopt | measured fitness | best measured fitness | x1 | x2...
1 +4.577937360e+02 +4.577937360e+02 +4.325437360e+02 +4.325437360e+02
3 +3.156752688e+02 +3.156752688e+02 +2.904252688e+02 +2.904252688e+02
929 +2.426592529e+02 +2.426592529e+02 +2.174092529e+02 +2.174092529e+02
2122 +1.442227383e+02 +1.442227383e+02 +1.189727383e+02 +1.189727383e+02
3643 +9.689042027e+01 +9.689042027e+01 +7.164042027e+01 +7.164042027e+01
7031 +5.427388220e+01 +5.427388220e+01 +2.902388220e+01 +2.902388220e+01
8681 +3.622413231e+01 +3.622413231e+01 +1.097413231e+01 +1.097413231e+01
11305 +2.402559923e+01 +2.402559923e+01 -1.224400773e+00 -1.224400773e+00
13032 +1.571223188e+01 +1.571223188e+01 -9.537768120e+00 -9.537768120e+00
15847 +9.262327817e+00 +9.262327817e+00 -1.598767218e+01 -1.598767218e+01
18346 +5.649854242e+00 +5.649854242e+00 -1.960014576e+01 -1.960014576e+01
20706 +3.945422339e+00 +3.945422339e+00 -2.130457766e+01 -2.130457766e+01
22661 +2.077792434e+00 +2.077792434e+00 -2.317220757e+01 -2.317220757e+01
26280 +1.438678785e+00 +1.438678785e+00 -2.381132122e+01 -2.381132122e+01
29314 +8.332063698e-01 +8.332063698e-01 -2.441679363e+01 -2.441679363e+01
32593 +6.210800770e-01 +6.210800770e-01 -2.462891992e+01 -2.462891992e+01
36411 +3.938244779e-01 +3.938244779e-01 -2.485617552e+01 -2.485617552e+01
39863 +2.508537354e-01 +2.508537354e-01 -2.499914626e+01 -2.499914626e+01
41117 +1.538106435e-01 +1.538106435e-01 -2.509618936e+01 -2.509618936e+01
44936 +9.703167903e-02 +9.703167903e-02 -2.515296832e+01 -2.515296832e+01
46877 +5.295252281e-02 +5.295252281e-02 -2.519704748e+01 -2.519704748e+01
48816 +3.891435714e-02 +3.891435714e-02 -2.521108564e+01 -2.521108564e+01
52807 +2.463982028e-02 +2.463982028e-02 -2.522536018e+01 -2.522536018e+01
56380 +1.545188732e-02 +1.545188732e-02 -2.523454811e+01 -2.523454811e+01
61638 +9.977444066e-03 +9.977444066e-03 -2.524002256e+01 -2.524002256e+01
65612 +6.055361870e-03 +6.055361870e-03 -2.524394464e+01 -2.524394464e+01
70116 +3.898929183e-03 +3.898929183e-03 -2.524610107e+01 -2.524610107e+01
75275 +2.397657602e-03 +2.397657602e-03 -2.524760234e+01 -2.524760234e+01
78815 +1.483545110e-03 +1.483545110e-03 -2.524851645e+01 -2.524851645e+01
83446 +9.941332349e-04 +9.941332349e-04 -2.524900587e+01 -2.524900587e+01
86661 +5.943746370e-04 +5.943746370e-04 -2.524940563e+01 -2.524940563e+01
91831 +3.678166286e-04 +3.678166286e-04 -2.524963218e+01 -2.524963218e+01
97007 +2.511881470e-04 +2.511881470e-04 -2.524974881e+01 -2.524974881e+01
101588 +1.540497191e-04 +1.540497191e-04 -2.524984595e+01 -2.524984595e+01
105872 +9.027404959e-05 +9.027404959e-05 -2.524990973e+01 -2.524990973e+01
110336 +6.230024346e-05 +6.230024346e-05 -2.524993770e+01 -2.524993770e+01
113469 +3.912955274e-05 +3.912955274e-05 -2.524996087e+01 -2.524996087e+01
117451 +2.456873813e-05 +2.456873813e-05 -2.524997543e+01 -2.524997543e+01
119658 +1.544005004e-05 +1.544005004e-05 -2.524998456e+01 -2.524998456e+01
123248 +9.902176920e-06 +9.902176920e-06 -2.524999010e+01 -2.524999010e+01
125476 +5.699430098e-06 +5.699430098e-06 -2.524999430e+01 -2.524999430e+01
127773 +3.541376874e-06 +3.541376874e-06 -2.524999646e+01 -2.524999646e+01
130090 +2.272049887e-06 +2.272049887e-06 -2.524999773e+01 -2.524999773e+01
133675 +1.425148834e-06 +1.425148834e-06 -2.524999857e+01 -2.524999857e+01
135343 +8.901696908e-07 +8.901696908e-07 -2.524999911e+01 -2.524999911e+01
138991 +5.421117031e-07 +5.421117031e-07 -2.524999946e+01 -2.524999946e+01
141296 +3.923034306e-07 +3.923034306e-07 -2.524999961e+01 -2.524999961e+01
144172 +2.483157182e-07 +2.483157182e-07 -2.524999975e+01 -2.524999975e+01
147419 +1.583093940e-07 +1.583093940e-07 -2.524999984e+01 -2.524999984e+01
150183 +9.190807404e-08 +9.190807404e-08 -2.524999991e+01 -2.524999991e+01
154057 +6.159468668e-08 +6.159468668e-08 -2.524999994e+01 -2.524999994e+01
158533 +3.971105045e-08 +3.971105045e-08 -2.524999996e+01 -2.524999996e+01
162221 +2.465584714e-08 +2.465584714e-08 -2.524999998e+01 -2.524999998e+01
165874 +1.514294468e-08 +1.514294468e-08 -2.524999998e+01 -2.524999998e+01
169757 +9.860027461e-09 +9.860027461e-09 -2.524999999e+01 -2.524999999e+01
% function evaluation | noise-free fitness - Fopt (-2.017200000000e+02) | best noise-free fitness - Fopt | measured fitness | best measured fitness | x1 | x2...
1 +4.296278212e+02 +4.296278212e+02 +2.279078212e+02 +2.279078212e+02
3 +3.308724527e+02 +3.308724527e+02 +1.291524527e+02 +1.291524527e+02
734 +1.737961110e+02 +1.737961110e+02 -2.792388897e+01 -2.792388897e+01
2002 +1.344696356e+02 +1.344696356e+02 -6.725036437e+01 -6.725036437e+01
4819 +9.615899341e+01 +9.615899341e+01 -1.055610066e+02 -1.055610066e+02
7223 +6.147914724e+01 +6.147914724e+01 -1.402408528e+02 -1.402408528e+02
9369 +3.732026133e+01 +3.732026133e+01 -1.643997387e+02 -1.643997387e+02
10934 +2.472184514e+01 +2.472184514e+01 -1.769981549e+02 -1.769981549e+02
13245 +1.548951103e+01 +1.548951103e+01 -1.862304890e+02 -1.862304890e+02
15850 +9.429945058e+00 +9.429945058e+00 -1.922900549e+02 -1.922900549e+02
17876 +6.299413901e+00 +6.299413901e+00 -1.954205861e+02 -1.954205861e+02
19243 +3.691363890e+00 +3.691363890e+00 -1.980286361e+02 -1.980286361e+02
22336 +2.288426323e+00 +2.288426323e+00 -1.994315737e+02 -1.994315737e+02
24422 +1.464114624e+00 +1.464114624e+00 -2.002558854e+02 -2.002558854e+02
26039 +9.858772115e-01 +9.858772115e-01 -2.007341228e+02 -2.007341228e+02
28776 +6.185054628e-01 +6.185054628e-01 -2.011014945e+02 -2.011014945e+02
31381 +3.934687781e-01 +3.934687781e-01 -2.013265312e+02 -2.013265312e+02
33811 +2.489451251e-01 +2.489451251e-01 -2.014710549e+02 -2.014710549e+02
37185 +1.557379058e-01 +1.557379058e-01 -2.015642621e+02 -2.015642621e+02
38955 +9.414545754e-02 +9.414545754e-02 -2.016258545e+02 -2.016258545e+02
41724 +6.263328129e-02 +6.263328129e-02 -2.016573667e+02 -2.016573667e+02
44319 +3.952534783e-02 +3.952534783e-02 -2.016804747e+02 -2.016804747e+02
46899 +2.488721042e-02 +2.488721042e-02 -2.016951128e+02 -2.016951128e+02
49055 +1.533755561e-02 +1.533755561e-02 -2.017046624e+02 -2.017046624e+02
51187 +8.980863247e-03 +8.980863247e-03 -2.017110191e+02 -2.017110191e+02
52950 +6.044197787e-03 +6.044197787e-03 -2.017139558e+02 -2.017139558e+02
56517 +3.633509037e-03 +3.633509037e-03 -2.017163665e+02 -2.017163665e+02
59687 +2.507956668e-03 +2.507956668e-03 -2.017174920e+02 -2.017174920e+02
62193 +1.567428889e-03 +1.567428889e-03 -2.017184326e+02 -2.017184326e+02
65913 +9.983007606e-04 +9.983007606e-04 -2.017190017e+02 -2.017190017e+02
68071 +5.742878668e-04 +5.742878668e-04 -2.017194257e+02 -2.017194257e+02
69771 +3.951961366e-04 +3.951961366e-04 -2.017196048e+02 -2.017196048e+02
74446 +2.234565415e-04 +2.234565415e-04 -2.017197765e+02 -2.017197765e+02
76383 +1.570701512e-04 +1.570701512e-04 -2.017198429e+02 -2.017198429e+02
79893 +9.792132380e-05 +9.792132380e-05 -2.017199021e+02 -2.017199021e+02
83191 +6.231738766e-05 +6.231738766e-05 -2.017199377e+02 -2.017199377e+02
87071 +3.636723110e-05 +3.636723110e-05 -2.017199636e+02 -2.017199636e+02
92404 +2.408032719e-05 +2.408032719e-05 -2.017199759e+02 -2.017199759e+02
95986 +1.579509589e-05 +1.579509589e-05 -2.017199842e+02 -2.017199842e+02
99427 +8.408194589e-06 +8.408194589e-06 -2.017199916e+02 -2.017199916e+02
102872 +6.222072699e-06 +6.222072699e-06 -2.017199938e+02 -2.017199938e+02
106554 +3.841105325e-06 +3.841105325e-06 -2.017199962e+02 -2.017199962e+02
112344 +2.502806666e-06 +2.502806666e-06 -2.017199975e+02 -2.017199975e+02
118233 +1.564675443e-06 +1.564675443e-06 -2.017199984e+02 -2.017199984e+02
121424 +9.426376266e-07 +9.426376266e-07 -2.017199991e+02 -2.017199991e+02
127155 +6.153029801e-07 +6.153029801e-07 -2.017199994e+02 -2.017199994e+02
130829 +3.864749658e-07 +3.864749658e-07 -2.017199996e+02 -2.017199996e+02
135631 +2.447128509e-07 +2.447128509e-07 -2.017199998e+02 -2.017199998e+02
138222 +1.556652194e-07 +1.556652194e-07 -2.017199998e+02 -2.017199998e+02
142740 +9.522844380e-08 +9.522844380e-08 -2.017199999e+02 -2.017199999e+02
147285 +6.230126814e-08 +6.230126814e-08 -2.017199999e+02 -2.017199999e+02
150658 +3.951194572e-08 +3.951194572e-08 -2.017200000e+02 -2.017200000e+02
154129 +2.367295338e-08 +2.367295338e-08 -2.017200000e+02 -2.017200000e+02
156924 +1.565126695e-08 +1.565126695e-08 -2.017200000e+02 -2.017200000e+02
162400 +9.938190715e-09 +9.938190715e-09 -2.017200000e+02 -2.017200000e+02
% function evaluation | noise-free fitness - Fopt (-1.000000000000e+03) | best noise-free fitness - Fopt | measured fitness | best measured fitness | x1 | x2...
1 +4.251839895e+02 +4.251839895e+02 -5.748160105e+02 -5.748160105e+02
16 +3.946898943e+02 +3.946898943e+02 -6.053101057e+02 -6.053101057e+02
959 +2.349951449e+02 +2.349951449e+02 -7.650048551e+02 -7.650048551e+02
3472 +1.457144643e+02 +1.457144643e+02 -8.542855357e+02 -8.542855357e+02
5393 +9.371204831e+01 +9.371204831e+01 -9.062879517e+02 -9.062879517e+02
7091 +6.041060879e+01 +6.041060879e+01 -9.395893912e+02 -9.395893912e+02
9748 +3.518091016e+01 +3.518091016e+01 -9.648190898e+02 -9.648190898e+02
11267 +2.474650006e+01 +2.474650006e+01 -9.752534999e+02 -9.752534999e+02
13594 +1.270312940e+01 +1.270312940e+01 -9.872968706e+02 -9.872968706e+02
16299 +9.768485485e+00 +9.768485485e+00 -9.902315145e+02 -9.902315145e+02
18471 +5.966958769e+00 +5.966958769e+00 -9.940330412e+02 -9.940330412e+02
20415 +3.811825001e+00 +3.811825001e+00 -9.961881750e+02 -9.961881750e+02
24308 +2.379602825e+00 +2.379602825e+00 -9.976203972e+02 -9.976203972e+02
28046 +1.386052556e+00 +1.386052556e+00 -9.986139474e+02 -9.986139474e+02
30749 +9.740529628e-01 +9.740529628e-01 -9.990259470e+02 -9.990259470e+02
31746 +5.592560872e-01 +5.592560872e-01 -9.994407439e+02 -9.994407439e+02
36063 +3.633550387e-01 +3.633550387e-01 -9.996366450e+02 -9.996366450e+02
38416 +2.436148993e-01 +2.436148993e-01 -9.997563851e+02 -9.997563851e+02
41519 +1.365693679e-01 +1.365693679e-01 -9.998634306e+02 -9.998634306e+02
44082 +9.628207575e-02 +9.628207575e-02 -9.999037179e+02 -9.999037179e+02
47185 +5.892112403e-02 +5.892112403e-02 -9.999410789e+02 -9.999410789e+02
50243 +3.457384262e-02 +3.457384262e-02 -9.999654262e+02 -9.999654262e+02
53575 +2.440945364e-02 +2.440945364e-02 -9.999755905e+02 -9.999755905e+02
56720 +1.415767277e-02 +1.415767277e-02 -9.999858423e+02 -9.999858423e+02
59473 +9.530141307e-03 +9.530141307e-03 -9.999904699e+02 -9.999904699e+02
63817 +6.018665453e-03 +6.018665453e-03 -9.999939813e+02 -9.999939813e+02
67813 +3.935055549e-03 +3.935055549e-03 -9.999960649e+02 -9.999960649e+02
71686 +2.455818375e-03 +2.455818375e-03 -9.999975442e+02 -9.999975442e+02
77776 +1.553853280e-03 +1.553853280e-03 -9.999984461e+02 -9.999984461e+02
81496 +9.242686816e-04 +9.242686816e-04 -9.999990757e+02 -9.999990757e+02
85641 +6.203380717e-04 +6.203380717e-04 -9.999993797e+02 -9.999993797e+02
90212 +3.687340584e-04 +3.687340584e-04 -9.999996313e+02 -9.999996313e+02
94241 +2.452202303e-04 +2.452202303e-04 -9.999997548e+02 -9.999997548e+02
97812 +1.523670115e-04 +1.523670115e-04 -9.999998476e+02 -9.999998476e+02
102071 +9.541224438e-05 +9.541224438e-05 -9.999999046e+02 -9.999999046e+02
106343 +6.106797719e-05 +6.106797719e-05 -9.999999389e+02 -9.999999389e+02
109556 +3.973114178e-05 +3.973114178e-05 -9.999999603e+02 -9.999999603e+02
113027 +2.356961841e-05 +2.356961841e-05 -9.999999764e+02 -9.999999764e+02
116496 +1.493550747e-05 +1.493550747e-05 -9.999999851e+02 -9.999999851e+02
120657 +9.910495464e-06 +9.910495464e-06 -9.999999901e+02 -9.999999901e+02
123912 +5.893052844e-06 +5.893052844e-06 -9.999999941e+02 -9.999999941e+02
128503 +3.686031505e-06 +3.686031505e-06 -9.999999963e+02 -9.999999963e+02
131507 +2.461452596e-06 +2.461452596e-06 -9.999999975e+02 -9.999999975e+02
135946 +1.553390462e-06 +1.553390462e-06 -9.999999984e+02 -9.999999984e+02
140967 +9.529461522e-07 +9.529461522e-07 -9.999999990e+02 -9.999999990e+02
146657 +6.125719665e-07 +6.125719665e-07 -9.999999994e+02 -9.999999994e+02
151462 +3.957369472e-07 +3.957369472e-07 -9.999999996e+02 -9.999999996e+02
155612 +2.274580311e-07 +2.274580311e-07 -9.999999998e+02 -9.999999998e+02
162383 +1.530158897e-07 +1.530158897e-07 -9.999999998e+02 -9.999999998e+02
170433 +9.847042293e-08 +9.847042293e-08 -9.999999999e+02 -9.999999999e+02
177570 +6.287098131e-08 +6.287098131e-08 -9.999999999e+02 -9.999999999e+02
182182 +3.754189493e-08 +3.754189493e-08 -1.000000000e+03 -1.000000000e+03
185963 +2.485433015e-08 +2.485433015e-08 -1.000000000e+03 -1.000000000e+03
191547 +1.533862815e-08 +1.533862815e-08 -1.000000000e+03 -1.000000000e+03
198064 +9.580958249e-09 +9.580958249e-09 -1.000000000e+03 -1.000000000e+03
% function evaluation | noise-free fitness - Fopt (-4.290000000000e+01) | best noise-free fitness - Fopt | measured fitness | best measured fitness | x1 | x2...
1 +6.243315421e+02 +6.243315421e+02 +5.814315421e+02 +5.814315421e+02
118 +3.405693243e+02 +3.405693243e+02 +2.976693243e+02 +2.976693243e+02
2067 +2.440879167e+02 +2.440879167e+02 +2.011879167e+02 +2.011879167e+02
3276 +1.564353606e+02 +1.564353606e+02 +1.135353606e+02 +1.135353606e+02
5349 +8.321441851e+01 +8.321441851e+01 +4.031441851e+01 +4.031441851e+01
6490 +5.594251413e+01 +5.594251413e+01 +1.304251413e+01 +1.304251413e+01
10023 +3.447135107e+01 +3.447135107e+01 -8.428648934e+00 -8.428648934e+00
12089 +2.319767252e+01 +2.319767252e+01 -1.970232748e+01 -1.970232748e+01
14032 +1.550922885e+01 +1.550922885e+01 -2.739077115e+01 -2.739077115e+01
16058 +6.965388921e+00 +6.965388921e+00 -3.593461108e+01 -3.593461108e+01
19700 +5.515396318e+00 +5.515396318e+00 -3.738460368e+01 -3.738460368e+01
21317 +3.840695039e+00 +3.840695039e+00 -3.905930496e+01 -3.905930496e+01
23619 +2.496691494e+00 +2.496691494e+00 -4.040330851e+01 -4.040330851e+01
26165 +1.531659540e+00 +1.531659540e+00 -4.136834046e+01 -4.136834046e+01
29601 +9.759653777e-01 +9.759653777e-01 -4.192403462e+01 -4.192403462e+01
32514 +6.044620392e-01 +6.044620392e-01 -4.229553796e+01 -4.229553796e+01
35826 +3.743032757e-01 +3.743032757e-01 -4.252569672e+01 -4.252569672e+01
38046 +2.468028095e-01 +2.468028095e-01 -4.265319719e+01 -4.265319719e+01
42167 +1.434160111e-01 +1.434160111e-01 -4.275658399e+01 -4.275658399e+01
44528 +9.148078463e-02 +9.148078463e-02 -4.280851922e+01 -4.280851922e+01
47298 +5.543356642e-02 +5.543356642e-02 -4.284456643e+01 -4.284456643e+01
51407 +3.516131582e-02 +3.516131582e-02 -4.286483868e+01 -4.286483868e+01
54606 +2.386592193e-02 +2.386592193e-02 -4.287613408e+01 -4.287613408e+01
58845 +1.584815976e-02 +1.584815976e-02 -4.288415184e+01 -4.288415184e+01
61915 +9.920026255e-03 +9.920026255e-03 -4.289007997e+01 -4.289007997e+01
64056 +6.260891415e-03 +6.260891415e-03 -4.289373911e+01 -4.289373911e+01
68788 +3.938564801e-03 +3.938564801e-03 -4.289606144e+01 -4.289606144e+01
73231 +2.461748365e-03 +2.461748365e-03 -4.289753825e+01 -4.289753825e+01
76488 +1.462002957e-03 +1.462002957e-03 -4.289853800e+01 -4.289853800e+01
82888 +9.957496157e-04 +9.957496157e-04 -4.289900425e+01 -4.289900425e+01
88665 +6.128667440e-04 +6.128667440e-04 -4.289938713e+01 -4.289938713e+01
93645 +3.943736407e-04 +3.943736407e-04 -4.289960563e+01 -4.289960563e+01
97014 +2.324128880e-04 +2.324128880e-04 -4.289976759e+01 -4.289976759e+01
100299 +1.521757773e-04 +1.521757773e-04 -4.289984782e+01 -4.289984782e+01
104650 +9.245666304e-05 +9.245666304e-05 -4.289990754e+01 -4.289990754e+01
108569 +6.186820308e-05 +6.186820308e-05 -4.289993813e+01 -4.289993813e+01
112412 +3.853203927e-05 +3.853203927e-05 -4.289996147e+01 -4.289996147e+01
116051 +2.398393442e-05 +2.398393442e-05 -4.289997602e+01 -4.289997602e+01
120861 +1.584343855e-05 +1.584343855e-05 -4.289998416e+01 -4.289998416e+01
125603 +9.562028453e-06 +9.562028453e-06 -4.289999044e+01 -4.289999044e+01
129692 +6.046180353e-06 +6.046180353e-06 -4.289999395e+01 -4.289999395e+01
133449 +3.560668475e-06 +3.560668475e-06 -4.289999644e+01 -4.289999644e+01
136506 +2.369621996e-06 +2.369621996e-06 -4.289999763e+01 -4.289999763e+01
139601 +1.572438691e-06 +1.572438691e-06 -4.289999843e+01 -4.289999843e+01
143202 +9.641327736e-07 +9.641327736e-07 -4.289999904e+01 -4.289999904e+01
149314 +6.164770880e-07 +6.164770880e-07 -4.289999938e+01 -4.289999938e+01
154497 +3.695698609e-07 +3.695698609e-07 -4.289999963e+01 -4.289999963e+01
155856 +2.478459393e-07 +2.478459393e-07 -4.289999975e+01 -4.289999975e+01
158685 +1.506447020e-07 +1.506447020e-07 -4.289999985e+01 -4.289999985e+01
162371 +9.169899329e-08 +9.169899329e-08 -4.289999991e+01 -4.289999991e+01
165926 +5.971180883e-08 +5.971180883e-08 -4.289999994e+01 -4.289999994e+01
171216 +3.979118191e-08 +3.979118191e-08 -4.289999996e+01 -4.289999996e+01
173653 +2.470608962e-08 +2.470608962e-08 -4.289999998e+01 -4.289999998e+01
178293 +1.564998797e-08 +1.564998797e-08 -4.289999998e+01 -4.289999998e+01
182671 +9.821192748e-09 +9.821192748e-09 -4.289999999e+01 -4.289999999e+01
% function evaluation | noise-free fitness - Fopt (-1.013200000000e+02) | best noise-free fitness - Fopt | measured fitness | best measured fitness | x1 | x2...
1 +4.120308732e+02 +4.120308732e+02 +3.107108732e+02 +3.107108732e+02
14 +3.944510865e+02 +3.944510865e+02 +2.931310865e+02 +2.931310865e+02
1168 +2.405087802e+02 +2.405087802e+02 +1.391887802e+02 +1.391887802e+02
3126 +1.464836922e+02 +1.464836922e+02 +4.516369219e+01 +4.516369219e+01
5232 +9.975345530e+01 +9.975345530e+01 -1.566544697e+00 -1.566544697e+00
6830 +5.681605044e+01 +5.681605044e+01 -4.450394956e+01 -4.450394956e+01
9634 +3.543646589e+01 +3.543646589e+01 -6.588353411e+01 -6.588353411e+01
12303 +2.199528166e+01 +2.199528166e+01 -7.932471834e+01 -7.932471834e+01
13899 +1.452219482e+01 +1.452219482e+01 -8.679780518e+01 -8.679780518e+01
16825 +9.658424871e+00 +9.658424871e+00 -9.166157513e+01 -9.166157513e+01
19760 +6.231503354e+00 +6.231503354e+00 -9.508849665e+01 -9.508849665e+01
22815 +3.727947818e+00 +3.727947818e+00 -9.759205218e+01 -9.759205218e+01
25154 +2.469511865e+00 +2.469511865e+00 -9.885048814e+01 -9.885048814e+01
28631 +1.522525340e+00 +1.522525340e+00 -9.979747466e+01 -9.979747466e+01
31862 +9.770062179e-01 +9.770062179e-01 -1.003429938e+02 -1.003429938e+02
37067 +6.294764912e-01 +6.294764912e-01 -1.006905235e+02 -1.006905235e+02
40418 +3.918404433e-01 +3.918404433e-01 -1.009281596e+02 -1.009281596e+02
44587 +2.382084980e-01 +2.382084980e-01 -1.010817915e+02 -1.010817915e+02
49360 +1.504113155e-01 +1.504113155e-01 -1.011695887e+02 -1.011695887e+02
52969 +9.967005293e-02 +9.967005293e-02 -1.012203299e+02 -1.012203299e+02
55811 +6.129672980e-02 +6.129672980e-02 -1.012587033e+02 -1.012587033e+02
58641 +3.836251896e-02 +3.836251896e-02 -1.012816375e+02 -1.012816375e+02
64042 +2.272126708e-02 +2.272126708e-02 -1.012972787e+02 -1.012972787e+02
69972 +1.513695283e-02 +1.513695283e-02 -1.013048630e+02 -1.013048630e+02
75744 +9.839290186e-03 +9.839290186e-03 -1.013101607e+02 -1.013101607e+02
82256 +6.015239691e-03 +6.015239691e-03 -1.013139848e+02 -1.013139848e+02
89207 +3.928753020e-03 +3.928753020e-03 -1.013160712e+02 -1.013160712e+02
94015 +2.456823330e-03 +2.456823330e-03 -1.013175432e+02 -1.013175432e+02
99727 +1.568317510e-03 +1.568317510e-03 -1.013184317e+02 -1.013184317e+02
111222 +9.956312599e-04 +9.956312599e-04 -1.013190044e+02 -1.013190044e+02
116820 +6.262221630e-04 +6.262221630e-04 -1.013193738e+02 -1.013193738e+02
122328 +3.918621779e-04 +3.918621779e-04 -1.013196081e+02 -1.013196081e+02
127795 +2.485763867e-04 +2.485763867e-04 -1.013197514e+02 -1.013197514e+02
133617 +1.495434098e-04 +1.495434098e-04 -1.013198505e+02 -1.013198505e+02
137419 +9.686141397e-05 +9.686141397e-05 -1.013199031e+02 -1.013199031e+02
141449 +6.082478656e-05 +6.082478656e-05 -1.013199392e+02 -1.013199392e+02
143967 +3.960876560e-05 +3.960876560e-05 -1.013199604e+02 -1.013199604e+02
147546 +2.407474300e-05 +2.407474300e-05 -1.013199759e+02 -1.013199759e+02
151401 +1.510154461e-05 +1.510154461e-05 -1.013199849e+02 -1.013199849e+02
155338 +9.399040749e-06 +9.399040749e-06 -1.013199906e+02 -1.013199906e+02
158980 +6.172483168e-06 +6.172483168e-06 -1.013199938e+02 -1.013199938e+02
163208 +3.624736564e-06 +3.624736564e-06 -1.013199964e+02 -1.013199964e+02
166193 +2.508320989e-06 +2.508320989e-06 -1.013199975e+02 -1.013199975e+02
170191 +1.488623298e-06 +1.488623298e-06 -1.013199985e+02 -1.013199985e+02
176261 +9.196911179e-07 +9.196911179e-07 -1.013199991e+02 -1.013199991e+02
183828 +6.196749212e-07 +6.196749212e-07 -1.013199994e+02 -1.013199994e+02
186761 +3.938732505e-07 +3.938732505e-07 -1.013199996e+02 -1.013199996e+02
192343 +2.462846140e-07 +2.462846140e-07 -1.013199998e+02 -1.013199998e+02
196857 +1.581532558e-07 +1.581532558e-07 -1.013199998e+02 -1.013199998e+02
200939 +9.557605551e-08 +9.557605551e-08 -1.013199999e+02 -1.013199999e+02
204881 +6.301731048e-08 +6.301731048e-08 -1.013199999e+02 -1.013199999e+02
208159 +3.965043049e-08 +3.965043049e-08 -1.013200000e+02 -1.013200000e+02
211906 +2.201558402e-08 +2.201558402e-08 -1.013200000e+02 -1.013200000e+02
214046 +1.531554972e-08 +1.531554972e-08 -1.013200000e+02 -1.013200000e+02
218447 +9.864834283e-09 +9.864834283e-09 -1.013200000e+02 -1.013200000e+02
% function evaluation | noise-free fitness - Fopt (3.650000000000e+00) | best noise-free fitness - Fopt | measured fitness | best measured fitness | x1 | x2...
1 +5.544324493e+02 +5.544324493e+02 +5.580824493e+02 +5.580824493e+02
6 +3.418482286e+02 +3.418482286e+02 +3.454982286e+02 +3.454982286e+02
80 +2.139687398e+02 +2.139687398e+02 +2.176187398e+02 +2.176187398e+02
2711 +1.265266524e+02 +1.265266524e+02 +1.301766524e+02 +1.301766524e+02
5491 +9.931927753e+01 +9.931927753e+01 +1.029692775e+02 +1.029692775e+02
5895 +5.391251239e+01 +5.391251239e+01 +5.756251239e+01 +5.756251239e+01
9033 +3.608571048e+01 +3.608571048e+01 +3.973571048e+01 +3.973571048e+01
11701 +2.195457638e+01 +2.195457638e+01 +2.560457638e+01 +2.560457638e+01
13891 +1.556880495e+01 +1.556880495e+01 +1.921880495e+01 +1.921880495e+01
16302 +9.927108889e+00 +9.927108889e+00 +1.357710889e+01 +1.357710889e+01
18631 +6.220860567e+00 +6.220860567e+00 +9.870860567e+00 +9.870860567e+00
21346 +3.896999979e+00 +3.896999979e+00 +7.546999979e+00 +7.546999979e+00
23634 +2.296803368e+00 +2.296803368e+00 +5.946803368e+00 +5.946803368e+00
26808 +1.414429913e+00 +1.414429913e+00 +5.064429913e+00 +5.064429913e+00
31143 +9.912905731e-01 +9.912905731e-01 +4.641290573e+00 +4.641290573e+00
33617 +6.164005339e-01 +6.164005339e-01 +4.266400534e+00 +4.266400534e+00
35449 +3.962078519e-01 +3.962078519e-01 +4.046207852e+00 +4.046207852e+00
38161 +2.388344887e-01 +2.388344887e-01 +3.888834489e+00 +3.888834489e+00
42789 +1.533237008e-01 +1.533237008e-01 +3.803323701e+00 +3.803323701e+00
44932 +9.872502623e-02 +9.872502623e-02 +3.748725026e+00 +3.748725026e+00
48936 +5.905334554e-02 +5.905334554e-02 +3.709053346e+00 +3.709053346e+00
53097 +3.816413686e-02 +3.816413686e-02 +3.688164137e+00 +3.688164137e+00
56000 +2.486111858e-02 +2.486111858e-02 +3.674861119e+00 +3.674861119e+00
58140 +1.334226584e-02 +1.334226584e-02 +3.663342266e+00 +3.663342266e+00
61254 +8.703852466e-03 +8.703852466e-03 +3.658703852e+00 +3.658703852e+00
64884 +6.166461586e-03 +6.166461586e-03 +3.656166462e+00 +3.656166462e+00
67385 +3.904733100e-03 +3.904733100e-03 +3.653904733e+00 +3.653904733e+00
70123 +2.316756997e-03 +2.316756997e-03 +3.652316757e+00 +3.652316757e+00
74419 +1.573688060e-03 +1.573688060e-03 +3.651573688e+00 +3.651573688e+00
77734 +9.939377919e-04 +9.939377919e-04 +3.650993938e+00 +3.650993938e+00
81025 +6.308905665e-04 +6.308905665e-04 +3.650630891e+00 +3.650630891e+00
83936 +3.921810178e-04 +3.921810178e-04 +3.650392181e+00 +3.650392181e+00
87297 +2.299827922e-04 +2.299827922e-04 +3.650229983e+00 +3.650229983e+00
92654 +1.571448887e-04 +1.571448887e-04 +3.650157145e+00 +3.650157145e+00
98175 +9.661022354e-05 +9.661022354e-05 +3.650096610e+00 +3.650096610e+00
102061 +6.194820819e-05 +6.194820819e-05 +3.650061948e+00 +3.650061948e+00
104629 +3.838136118e-05 +3.838136118e-05 +3.650038381e+00 +3.650038381e+00
107671 +2.419948293e-05 +2.419948293e-05 +3.650024199e+00 +3.650024199e+00
111750 +1.559579811e-05 +1.559579811e-05 +3.650015596e+00 +3.650015596e+00
113559 +9.945726410e-06 +9.945726410e-06 +3.650009946e+00 +3.650009946e+00
117657 +6.245317731e-06 +6.245317731e-06 +3.650006245e+00 +3.650006245e+00
120607 +3.915672383e-06 +3.915672383e-06 +3.650003916e+00 +3.650003916e+00
124817 +2.311408991e-06 +2.311408991e-06 +3.650002311e+00 +3.650002311e+00
128095 +1.420121102e-06 +1.420121102e-06 +3.650001420e+00 +3.650001420e+00
131664 +9.871650279e-07 +9.871650279e-07 +3.650000987e+00 +3.650000987e+00
134710 +6.245213227e-07 +6.245213227e-07 +3.650000625e+00 +3.650000625e+00
138592 +3.732731724e-07 +3.732731724e-07 +3.650000373e+00 +3.650000373e+00
142670 +2.415501927e-07 +2.415501927e-07 +3.650000242e+00 +3.650000242e+00
147783 +1.583518952e-07 +1.583518952e-07 +3.650000158e+00 +3.650000158e+00
150810 +9.991962013e-08 +9.991962013e-08 +3.650000100e+00 +3.650000100e+00
153326 +6.005189190e-08 +6.005189190e-08 +3.650000060e+00 +3.650000060e+00
156469 +3.922817893e-08 +3.922817893e-08 +3.650000039e+00 +3.650000039e+00
160859 +2.503871510e-08 +2.503871510e-08 +3.650000025e+00 +3.650000025e+00
166428 +1.530850424e-08 +1.530850424e-08 +3.650000015e+00 +3.650000015e+00
170651 +9.661675016e-09 +9.661675016e-09 +3.650000010e+00 +3.650000010e+00
% function evaluation | noise-free fitness - Fopt (2.205300000000e+02) | best noise-free fitness - Fopt | measured fitness | best measured fitness | x1 | x2...
1 +5.211219444e+02 +5.211219444e+02 +7.416519444e+02 +7.416519444e+02
37 +2.866882580e+02 +2.866882580e+02 +5.072182580e+02 +5.072182580e+02
2146 +2.298229610e+02 +2.298229610e+02 +4.503529610e+02 +4.503529610e+02
4014 +1.367666878e+02 +1.367666878e+02 +3.572966878e+02 +3.572966878e+02
6829 +9.989818852e+01 +9.989818852e+01 +3.204281885e+02 +3.204281885e+02
8482 +6.212920716e+01 +6.212920716e+01 +2.826592072e+02 +2.826592072e+02
12066 +3.976271943e+01 +3.976271943e+01 +2.602927194e+02 +2.602927194e+02
14920 +2.446182665e+01 +2.446182665e+01 +2.449918267e+02 +2.449918267e+02
18827 +1.521088732e+01 +1.521088732e+01 +2.357408873e+02 +2.357408873e+02
21504 +9.844032899e+00 +9.844032899e+00 +2.303740329e+02 +2.303740329e+02
23148 +5.820955667e+00 +5.820955667e+00 +2.263509557e+02 +2.263509557e+02
27061 +3.959516786e+00 +3.959516786e+00 +2.244895168e+02 +2.244895168e+02
30563 +2.450674349e+00 +2.450674349e+00 +2.229806743e+02 +2.229806743e+02
34414 +1.572351151e+00 +1.572351151e+00 +2.221023512e+02 +2.221023512e+02
38373 +9.676370741e-01 +9.676370741e-01 +2.214976371e+02 +2.214976371e+02
42194 +6.226187165e-01 +6.226187165e-01 +2.211526187e+02 +2.211526187e+02
46834 +3.664890271e-01 +3.664890271e-01 +2.208964890e+02 +2.208964890e+02
51280 +2.424180127e-01 +2.424180127e-01 +2.207724180e+02 +2.207724180e+02
55235 +1.504856814e-01 +1.504856814e-01 +2.206804857e+02 +2.206804857e+02
59476 +9.664703081e-02 +9.664703081e-02 +2.206266470e+02 +2.206266470e+02
63791 +6.231325682e-02 +6.231325682e-02 +2.205923133e+02 +2.205923133e+02
68153 +3.962626642e-02 +3.962626642e-02 +2.205696263e+02 +2.205696263e+02
72935 +2.446236592e-02 +2.446236592e-02 +2.205544624e+02 +2.205544624e+02
77332 +1.559015953e-02 +1.559015953e-02 +2.205455902e+02 +2.205455902e+02
83673 +9.892263005e-03 +9.892263005e-03 +2.205398923e+02 +2.205398923e+02
86973 +6.243831454e-03 +6.243831454e-03 +2.205362438e+02 +2.205362438e+02
90564 +3.973042208e-03 +3.973042208e-03 +2.205339730e+02 +2.205339730e+02
94050 +2.470374513e-03 +2.470374513e-03 +2.205324704e+02 +2.205324704e+02
97948 +1.567599926e-03 +1.567599926e-03 +2.205315676e+02 +2.205315676e+02
103127 +9.801102607e-04 +9.801102607e-04 +2.205309801e+02 +2.205309801e+02
107011 +5.886012362e-04 +5.886012362e-04 +2.205305886e+02 +2.205305886e+02
110439 +3.777679172e-04 +3.777679172e-04 +2.205303778e+02 +2.205303778e+02
113310 +2.467776594e-04 +2.467776594e-04 +2.205302468e+02 +2.205302468e+02
117440 +1.473149927e-04 +1.473149927e-04 +2.205301473e+02 +2.205301473e+02
122486 +9.569037940e-05 +9.569037940e-05 +2.205300957e+02 +2.205300957e+02
126576 +6.101679278e-05 +6.101679278e-05 +2.205300610e+02 +2.205300610e+02
130283 +3.923542505e-05 +3.923542505e-05 +2.205300392e+02 +2.205300392e+02
134715 +2.419341399e-05 +2.419341399e-05 +2.205300242e+02 +2.205300242e+02
138954 +1.523611837e-05 +1.523611837e-05 +2.205300152e+02 +2.205300152e+02
143131 +9.461696180e-06 +9.461696180e-06 +2.205300095e+02 +2.205300095e+02
147691 +6.307985586e-06 +6.307985586e-06 +2.205300063e+02 +2.205300063e+02
151619 +3.929150267e-06 +3.929150267e-06 +2.205300039e+02 +2.205300039e+02
155317 +2.397742151e-06 +2.397742151e-06 +2.205300024e+02 +2.205300024e+02
159443 +1.552421594e-06 +1.552421594e-06 +2.205300016e+02 +2.205300016e+02
161946 +9.731903674e-07 +9.731903674e-07 +2.205300010e+02 +2.205300010e+02
164477 +6.258327687e-07 +6.258327687e-07 +2.205300006e+02 +2.205300006e+02
167723 +3.781876217e-07 +3.781876217e-07 +2.205300004e+02 +2.205300004e+02
170985 +2.473875043e-07 +2.473875043e-07 +2.205300002e+02 +2.205300002e+02
174461 +1.579523143e-07 +1.579523143e-07 +2.205300002e+02 +2.205300002e+02
177653 +9.975622106e-08 +9.975622106e-08 +2.205300001e+02 +2.205300001e+02
181493 +6.164796673e-08 +6.164796673e-08 +2.205300001e+02 +2.205300001e+02
184588 +3.846588470e-08 +3.846588470e-08 +2.205300000e+02 +2.205300000e+02
188132 +2.231229246e-08 +2.231229246e-08 +2.205300000e+02 +2.205300000e+02
192240 +1.570833774e-08 +1.570833774e-08 +2.205300000e+02 +2.205300000e+02
194984 +9.915595456e-09 +9.915595456e-09 +2.205300000e+02 +2.205300000e+02
% function evaluation | noise-free fitness - Fopt (4.212900000000e+02) | best noise-free fitness - Fopt | measured fitness | best measured fitness | x1 | x2...
1 +5.501038500e+02 +5.501038500e+02 +9.713938500e+02 +9.713938500e+02
37 +2.576894207e+02 +2.576894207e+02 +6.789794207e+02 +6.789794207e+02
1997 +2.170293144e+02 +2.170293144e+02 +6.383193144e+02 +6.383193144e+02
3476 +1.225886179e+02 +1.225886179e+02 +5.438786179e+02 +5.438786179e+02
5635 +9.669047120e+01 +9.669047120e+01 +5.179804712e+02 +5.179804712e+02
7486 +6.015557361e+01 +6.015557361e+01 +4.814455736e+02 +4.814455736e+02
10481 +3.730393924e+01 +3.730393924e+01 +4.585939392e+02 +4.585939392e+02
12222 +1.945309824e+01 +1.945309824e+01 +4.407430982e+02 +4.407430982e+02
14694 +1.365609294e+01 +1.365609294e+01 +4.349460929e+02 +4.349460929e+02
16744 +9.029990647e+00 +9.029990647e+00 +4.303199906e+02 +4.303199906e+02
19916 +5.391347184e+00 +5.391347184e+00 +4.266813472e+02 +4.266813472e+02
22806 +3.818855563e+00 +3.818855563e+00 +4.251088556e+02 +4.251088556e+02
25468 +2.342315742e+00 +2.342315742e+00 +4.236323157e+02 +4.236323157e+02
28422 +1.570662656e+00 +1.570662656e+00 +4.228606627e+02 +4.228606627e+02
30501 +9.721842343e-01 +9.721842343e-01 +4.222621842e+02 +4.222621842e+02
34510 +5.994392078e-01 +5.994392078e-01 +4.218894392e+02 +4.218894392e+02
36447 +3.851009553e-01 +3.851009553e-01 +4.216751010e+02 +4.216751010e+02
40050 +2.483590736e-01 +2.483590736e-01 +4.215383591e+02 +4.215383591e+02
43673 +1.572304295e-01 +1.572304295e-01 +4.214472304e+02 +4.214472304e+02
45819 +9.181327921e-02 +9.181327921e-02 +4.213818133e+02 +4.213818133e+02
48440 +5.720306983e-02 +5.720306983e-02 +4.213472031e+02 +4.213472031e+02
50924 +3.860549322e-02 +3.860549322e-02 +4.213286055e+02 +4.213286055e+02
54463 +2.509589971e-02 +2.509589971e-02 +4.213150959e+02 +4.213150959e+02
58403 +1.545046931e-02 +1.545046931e-02 +4.213054505e+02 +4.213054505e+02
62137 +9.735542616e-03 +9.735542616e-03 +4.212997355e+02 +4.212997355e+02
65137 +6.124461113e-03 +6.124461113e-03 +4.212961245e+02 +4.212961245e+02
69278 +3.902010279e-03 +3.902010279e-03 +4.212939020e+02 +4.212939020e+02
73232 +2.357709302e-03 +2.357709302e-03 +4.212923577e+02 +4.212923577e+02
76482 +1.376093344e-03 +1.376093344e-03 +4.212913761e+02 +4.212913761e+02
81279 +9.287577425e-04 +9.287577425e-04 +4.212909288e+02 +4.212909288e+02
85097 +6.080833041e-04 +6.080833041e-04 +4.212906081e+02 +4.212906081e+02
90065 +3.963690452e-04 +3.963690452e-04 +4.212903964e+02 +4.212903964e+02
94142 +2.462420895e-04 +2.462420895e-04 +4.212902462e+02 +4.212902462e+02
97058 +1.559061373e-04 +1.559061373e-04 +4.212901559e+02 +4.212901559e+02
99670 +9.412201024e-05 +9.412201024e-05 +4.212900941e+02 +4.212900941e+02
103447 +5.978376686e-05 +5.978376686e-05 +4.212900598e+02 +4.212900598e+02
105342 +3.644657414e-05 +3.644657414e-05 +4.212900364e+02 +4.212900364e+02
108091 +2.373389589e-05 +2.373389589e-05 +4.212900237e+02 +4.212900237e+02
111527 +1.419075340e-05 +1.419075340e-05 +4.212900142e+02 +4.212900142e+02
115296 +9.807337221e-06 +9.807337221e-06 +4.212900098e+02 +4.212900098e+02
119421 +5.873196528e-06 +5.873196528e-06 +4.212900059e+02 +4.212900059e+02
121493 +3.871119020e-06 +3.871119020e-06 +4.212900039e+02 +4.212900039e+02
126190 +2.362735586e-06 +2.362735586e-06 +4.212900024e+02 +4.212900024e+02
128198 +1.560046371e-06 +1.560046371e-06 +4.212900016e+02 +4.212900016e+02
131657 +9.798393421e-07 +9.798393421e-07 +4.212900010e+02 +4.212900010e+02
134756 +6.200225471e-07 +6.200225471e-07 +4.212900006e+02 +4.212900006e+02
136496 +3.632899279e-07 +3.632899279e-07 +4.212900004e+02 +4.212900004e+02
140597 +1.981868536e-07 +1.981868536e-07 +4.212900002e+02 +4.212900002e+02
142554 +1.558146892e-07 +1.558146892e-07 +4.212900002e+02 +4.212900002e+02
146067 +9.901822295e-08 +9.901822295e-08 +4.212900001e+02 +4.212900001e+02
149637 +5.346788612e-08 +5.346788612e-08 +4.212900001e+02 +4.212900001e+02
151465 +3.794275472e-08 +3.794275472e-08 +4.212900000e+02 +4.212900000e+02
155404 +2.410985189e-08 +2.410985189e-08 +4.212900000e+02 +4.212900000e+02
156975 +1.536301397e-08 +1.536301397e-08 +4.212900000e+02 +4.212900000e+02
160203 +9.703569503e-09 +9.703569503e-09 +4.212900000e+02 +4.212900000e+02
% function evaluation | noise-free fitness - Fopt (-7.900000000000e+01) | best noise-free fitness - Fopt | measured fitness | best measured fitness | x1 | x2...
1 +6.045709818e+02 +6.045709818e+02 +5.255709818e+02 +5.255709818e+02
2 +3.610308799e+02 +3.610308799e+02 +2.820308799e+02 +2.820308799e+02
412 +2.458561078e+02 +2.458561078e+02 +1.668561078e+02 +1.668561078e+02
3617 +1.532998983e+02 +1.532998983e+02 +7.429989826e+01 +7.429989826e+01
5138 +9.893164235e+01 +9.893164235e+01 +1.993164235e+01 +1.993164235e+01
7888 +5.889505403e+01 +5.889505403e+01 -2.010494597e+01 -2.010494597e+01
10213 +3.888833755e+01 +3.888833755e+01 -4.011166245e+01 -4.011166245e+01
10916 +2.125551778e+01 +2.125551778e+01 -5.774448222e+01 -5.774448222e+01
14565 +1.386064566e+01 +1.386064566e+01 -6.513935434e+01 -6.513935434e+01
16444 +8.159954304e+00 +8.159954304e+00 -7.084004570e+01 -7.084004570e+01
19255 +6.144901870e+00 +6.144901870e+00 -7.285509813e+01 -7.285509813e+01
21658 +3.524066657e+00 +3.524066657e+00 -7.547593334e+01 -7.547593334e+01
23955 +2.054702699e+00 +2.054702699e+00 -7.694529730e+01 -7.694529730e+01
28382 +1.405544725e+00 +1.405544725e+00 -7.759445528e+01 -7.759445528e+01
30932 +9.454624633e-01 +9.454624633e-01 -7.805453754e+01 -7.805453754e+01
34619 +6.296585534e-01 +6.296585534e-01 -7.837034145e+01 -7.837034145e+01
40986 +3.789764722e-01 +3.789764722e-01 -7.862102353e+01 -7.862102353e+01
44539 +2.428845571e-01 +2.428845571e-01 -7.875711544e+01 -7.875711544e+01
48700 +1.485363889e-01 +1.485363889e-01 -7.885146361e+01 -7.885146361e+01
52391 +9.902672061e-02 +9.902672061e-02 -7.890097328e+01 -7.890097328e+01
54899 +5.974120251e-02 +5.974120251e-02 -7.894025880e+01 -7.894025880e+01
59331 +3.920261343e-02 +3.920261343e-02 -7.896079739e+01 -7.896079739e+01
65534 +2.485288633e-02 +2.485288633e-02 -7.897514711e+01 -7.897514711e+01
71203 +1.556130697e-02 +1.556130697e-02 -7.898443869e+01 -7.898443869e+01
76461 +9.696868306e-03 +9.696868306e-03 -7.899030313e+01 -7.899030313e+01
80512 +5.953293401e-03 +5.953293401e-03 -7.899404671e+01 -7.899404671e+01
86525 +3.916265462e-03 +3.916265462e-03 -7.899608373e+01 -7.899608373e+01
90896 +2.452507547e-03 +2.452507547e-03 -7.899754749e+01 -7.899754749e+01
96536 +1.568541203e-03 +1.568541203e-03 -7.899843146e+01 -7.899843146e+01
102114 +9.985581418e-04 +9.985581418e-04 -7.899900144e+01 -7.899900144e+01
108446 +6.044441240e-04 +6.044441240e-04 -7.899939556e+01 -7.899939556e+01
113230 +3.802767742e-04 +3.802767742e-04 -7.899961972e+01 -7.899961972e+01
118753 +2.405452694e-04 +2.405452694e-04 -7.899975945e+01 -7.899975945e+01
125553 +1.571561095e-04 +1.571561095e-04 -7.899984284e+01 -7.899984284e+01
131226 +9.899679969e-05 +9.899679969e-05 -7.899990100e+01 -7.899990100e+01
137392 +6.080218981e-05 +6.080218981e-05 -7.899993920e+01 -7.899993920e+01
140268 +3.946805172e-05 +3.946805172e-05 -7.899996053e+01 -7.899996053e+01
142962 +2.331783450e-05 +2.331783450e-05 -7.899997668e+01 -7.899997668e+01
145540 +1.314042377e-05 +1.314042377e-05 -7.899998686e+01 -7.899998686e+01
148838 +9.370080335e-06 +9.370080335e-06 -7.899999063e+01 -7.899999063e+01
152421 +6.256199242e-06 +6.256199242e-06 -7.899999374e+01 -7.899999374e+01
159433 +3.935772384e-06 +3.935772384e-06 -7.899999606e+01 -7.899999606e+01
165171 +2.479112950e-06 +2.479112950e-06 -7.899999752e+01 -7.899999752e+01
168789 +1.578092835e-06 +1.578092835e-06 -7.899999842e+01 -7.899999842e+01
172653 +9.179814384e-07 +9.179814384e-07 -7.899999908e+01 -7.899999908e+01
178644 +6.203372891e-07 +6.203372891e-07 -7.899999938e+01 -7.899999938e+01
184003 +3.728600859e-07 +3.728600859e-07 -7.899999963e+01 -7.899999963e+01
187444 +2.352377066e-07 +2.352377066e-07 -7.899999976e+01 -7.899999976e+01
189720 +1.516286119e-07 +1.516286119e-07 -7.899999985e+01 -7.899999985e+01
191660 +9.347579066e-08 +9.347579066e-08 -7.899999991e+01 -7.899999991e+01
197478 +6.090073157e-08 +6.090073157e-08 -7.899999994e+01 -7.899999994e+01
201703 +3.903174672e-08 +3.903174672e-08 -7.899999996e+01 -7.899999996e+01
206449 +2.471409744e-08 +2.471409744e-08 -7.899999998e+01 -7.899999998e+01
214523 +1.582768050e-08 +1.582768050e-08 -7.899999998e+01 -7.899999998e+01
221229 +9.839979498e-09 +9.839979498e-09 -7.899999999e+01 -7.899999999e+01
% function evaluation | noise-free fitness - Fopt (-4.133000000000e+01) | best noise-free fitness - Fopt | measured fitness | best measured fitness | x1 | x2...
1 +6.487710660e+02 +6.487710660e+02 +6.074410660e+02 +6.074410660e+02
2 +5.578289216e+02 +5.578289216e+02 +5.164989216e+02 +5.164989216e+02
28 +3.533559405e+02 +3.533559405e+02 +3.120259405e+02 +3.120259405e+02
739 +2.333627042e+02 +2.333627042e+02 +1.920327042e+02 +1.920327042e+02
3431 +1.392313371e+02 +1.392313371e+02 +9.790133713e+01 +9.790133713e+01
5088 +9.928121404e+01 +9.928121404e+01 +5.795121404e+01 +5.795121404e+01
7685 +5.612454581e+01 +5.612454581e+01 +1.479454581e+01 +1.479454581e+01
9335 +3.968054740e+01 +3.968054740e+01 -1.649452596e+00 -1.649452596e+00
10758 +2.083163319e+01 +2.083163319e+01 -2.049836681e+01 -2.049836681e+01
13201 +1.576867236e+01 +1.576867236e+01 -2.556132764e+01 -2.556132764e+01
15543 +9.367035407e+00 +9.367035407e+00 -3.196296459e+01 -3.196296459e+01
17739 +5.718276399e+00 +5.718276399e+00 -3.561172360e+01 -3.561172360e+01
19968 +3.939793523e+00 +3.939793523e+00 -3.739020648e+01 -3.739020648e+01
24064 +2.204138989e+00 +2.204138989e+00 -3.912586101e+01 -3.912586101e+01
26248 +1.584050928e+00 +1.584050928e+00 -3.974594907e+01 -3.974594907e+01
29194 +8.598547608e-01 +8.598547608e-01 -4.047014524e+01 -4.047014524e+01
33297 +6.243210934e-01 +6.243210934e-01 -4.070567891e+01 -4.070567891e+01
35606 +3.796130997e-01 +3.796130997e-01 -4.095038690e+01 -4.095038690e+01
39226 +2.374072175e-01 +2.374072175e-01 -4.109259278e+01 -4.109259278e+01
41068 +1.563376978e-01 +1.563376978e-01 -4.117366230e+01 -4.117366230e+01
44179 +9.372221221e-02 +9.372221221e-02 -4.123627779e+01 -4.123627779e+01
47683 +6.150644548e-02 +6.150644548e-02 -4.126849355e+01 -4.126849355e+01
50824 +3.866118597e-02 +3.866118597e-02 -4.129133881e+01 -4.129133881e+01
53900 +2.405814756e-02 +2.405814756e-02 -4.130594185e+01 -4.130594185e+01
58186 +1.573226480e-02 +1.573226480e-02 -4.131426774e+01 -4.131426774e+01
63294 +9.747597777e-03 +9.747597777e-03 -4.132025240e+01 -4.132025240e+01
67042 +5.909280267e-03 +5.909280267e-03 -4.132409072e+01 -4.132409072e+01
70117 +3.925523201e-03 +3.925523201e-03 -4.132607448e+01 -4.132607448e+01
75202 +2.495951758e-03 +2.495951758e-03 -4.132750405e+01 -4.132750405e+01
79858 +1.546183659e-03 +1.546183659e-03 -4.132845382e+01 -4.132845382e+01
85386 +9.587546421e-04 +9.587546421e-04 -4.132904125e+01 -4.132904125e+01
92651 +6.199108265e-04 +6.199108265e-04 -4.132938009e+01 -4.132938009e+01
97436 +3.948083389e-04 +3.948083389e-04 -4.132960519e+01 -4.132960519e+01
105338 +2.498469258e-04 +2.498469258e-04 -4.132975015e+01 -4.132975015e+01
113086 +1.562463003e-04 +1.562463003e-04 -4.132984375e+01 -4.132984375e+01
117285 +9.155777593e-05 +9.155777593e-05 -4.132990844e+01 -4.132990844e+01
121451 +6.209891032e-05 +6.209891032e-05 -4.132993790e+01 -4.132993790e+01
124921 +3.876547951e-05 +3.876547951e-05 -4.132996123e+01 -4.132996123e+01
127934 +2.235053286e-05 +2.235053286e-05 -4.132997765e+01 -4.132997765e+01
131336 +1.563173672e-05 +1.563173672e-05 -4.132998437e+01 -4.132998437e+01
134105 +9.905609538e-06 +9.905609538e-06 -4.132999009e+01 -4.132999009e+01
137046 +6.062173703e-06 +6.062173703e-06 -4.132999394e+01 -4.132999394e+01
141638 +3.743849923e-06 +3.743849923e-06 -4.132999626e+01 -4.132999626e+01
146141 +2.410692396e-06 +2.410692396e-06 -4.132999759e+01 -4.132999759e+01
150392 +1.573272939e-06 +1.573272939e-06 -4.132999843e+01 -4.132999843e+01
153871 +9.576082789e-07 +9.576082789e-07 -4.132999904e+01 -4.132999904e+01
157864 +6.078845303e-07 +6.078845303e-07 -4.132999939e+01 -4.132999939e+01
162663 +3.974215943e-07 +3.974215943e-07 -4.132999960e+01 -4.132999960e+01
166114 +2.223045215e-07 +2.223045215e-07 -4.132999978e+01 -4.132999978e+01
170124 +1.553178421e-07 +1.553178421e-07 -4.132999984e+01 -4.132999984e+01
174342 +9.738358386e-08 +9.738358386e-08 -4.132999990e+01 -4.132999990e+01
177456 +6.247086759e-08 +6.247086759e-08 -4.132999994e+01 -4.132999994e+01
182429 +3.962230011e-08 +3.962230011e-08 -4.132999996e+01 -4.132999996e+01
185165 +2.449233705e-08 +2.449233705e-08 -4.132999998e+01 -4.132999998e+01
190406 +1.578536768e-08 +1.578536768e-08 -4.132999998e+01 -4.132999998e+01
194523 +9.513961174e-09 +9.513961174e-09 -4.132999999e+01 -4.132999999e+01
% function evaluation | noise-free fitness - Fopt (2.127500000000e+02) | best noise-free fitness - Fopt | measured fitness | best measured fitness | x1 | x2...
1 +6.323536394e+02 +6.323536394e+02 +8.451036394e+02 +8.451036394e+02
2 +5.537664661e+02 +5.537664661e+02 +7.665164661e+02 +7.665164661e+02
17 +3.633557974e+02 +3.633557974e+02 +5.761057974e+02 +5.761057974e+02
1304 +2.451995581e+02 +2.451995581e+02 +4.579495581e+02 +4.579495581e+02
3291 +1.497985106e+02 +1.497985106e+02 +3.625485106e+02 +3.625485106e+02
4905 +8.736184345e+01 +8.736184345e+01 +3.001118435e+02 +3.001118435e+02
7605 +5.101697643e+01 +5.101697643e+01 +2.637669764e+02 +2.637669764e+02
9636 +3.690039823e+01 +3.690039823e+01 +2.496503982e+02 +2.496503982e+02
11614 +2.480233588e+01 +2.480233588e+01 +2.375523359e+02 +2.375523359e+02
15360 +1.450383154e+01 +1.450383154e+01 +2.272538315e+02 +2.272538315e+02
18530 +9.472824411e+00 +9.472824411e+00 +2.222228244e+02 +2.222228244e+02
22363 +5.585361516e+00 +5.585361516e+00 +2.183353615e+02 +2.183353615e+02
25735 +3.975097425e+00 +3.975097425e+00 +2.167250974e+02 +2.167250974e+02
30106 +2.416986262e+00 +2.416986262e+00 +2.151669863e+02 +2.151669863e+02
33355 +1.555789979e+00 +1.555789979e+00 +2.143057900e+02 +2.143057900e+02
38870 +9.937965391e-01 +9.937965391e-01 +2.137437965e+02 +2.137437965e+02
45087 +6.259242713e-01 +6.259242713e-01 +2.133759243e+02 +2.133759243e+02
51240 +3.966082025e-01 +3.966082025e-01 +2.131466082e+02 +2.131466082e+02
57648 +2.475362718e-01 +2.475362718e-01 +2.129975363e+02 +2.129975363e+02
62542 +1.571163493e-01 +1.571163493e-01 +2.129071163e+02 +2.129071163e+02
68824 +9.694485369e-02 +9.694485369e-02 +2.128469449e+02 +2.128469449e+02
73461 +6.185539597e-02 +6.185539597e-02 +2.128118554e+02 +2.128118554e+02
79362 +3.872966741e-02 +3.872966741e-02 +2.127887297e+02 +2.127887297e+02
85916 +2.489953555e-02 +2.489953555e-02 +2.127748995e+02 +2.127748995e+02
89881 +1.547436024e-02 +1.547436024e-02 +2.127654744e+02 +2.127654744e+02
94029 +9.707084427e-03 +9.707084427e-03 +2.127597071e+02 +2.127597071e+02
99414 +6.193268646e-03 +6.193268646e-03 +2.127561933e+02 +2.127561933e+02
103457 +3.966704363e-03 +3.966704363e-03 +2.127539667e+02 +2.127539667e+02
107732 +2.503719437e-03 +2.503719437e-03 +2.127525037e+02 +2.127525037e+02
111891 +1.569792125e-03 +1.569792125e-03 +2.127515698e+02 +2.127515698e+02
117143 +9.866474667e-04 +9.866474667e-04 +2.127509866e+02 +2.127509866e+02
125019 +6.163762659e-04 +6.163762659e-04 +2.127506164e+02 +2.127506164e+02
132887 +3.942470865e-04 +3.942470865e-04 +2.127503942e+02 +2.127503942e+02
138670 +2.501251265e-04 +2.501251265e-04 +2.127502501e+02 +2.127502501e+02
144966 +1.573533631e-04 +1.573533631e-04 +2.127501574e+02 +2.127501574e+02
149930 +9.383798644e-05 +9.383798644e-05 +2.127500938e+02 +2.127500938e+02
153592 +6.269153897e-05 +6.269153897e-05 +2.127500627e+02 +2.127500627e+02
157830 +3.908806627e-05 +3.908806627e-05 +2.127500391e+02 +2.127500391e+02
160295 +2.445791512e-05 +2.445791512e-05 +2.127500245e+02 +2.127500245e+02
164538 +1.570712942e-05 +1.570712942e-05 +2.127500157e+02 +2.127500157e+02
167716 +9.811065581e-06 +9.811065581e-06 +2.127500098e+02 +2.127500098e+02
171676 +5.549620226e-06 +5.549620226e-06 +2.127500055e+02 +2.127500055e+02
174837 +3.954331049e-06 +3.954331049e-06 +2.127500040e+02 +2.127500040e+02
179642 +2.484484668e-06 +2.484484668e-06 +2.127500025e+02 +2.127500025e+02
183750 +1.462360473e-06 +1.462360473e-06 +2.127500015e+02 +2.127500015e+02
185008 +9.949851005e-07 +9.949851005e-07 +2.127500010e+02 +2.127500010e+02
189450 +6.143789903e-07 +6.143789903e-07 +2.127500006e+02 +2.127500006e+02
193493 +3.845398453e-07 +3.845398453e-07 +2.127500004e+02 +2.127500004e+02
197350 +2.404282213e-07 +2.404282213e-07 +2.127500002e+02 +2.127500002e+02
199438 +1.541856989e-07 +1.541856989e-07 +2.127500002e+02 +2.127500002e+02
203636 +9.742271345e-08 +9.742271345e-08 +2.127500001e+02 +2.127500001e+02
207481 +6.106154160e-08 +6.106154160e-08 +2.127500001e+02 +2.127500001e+02
213122 +3.819619110e-08 +3.819619110e-08 +2.127500000e+02 +2.127500000e+02
217941 +2.496227580e-08 +2.496227580e-08 +2.127500000e+02 +2.127500000e+02
222586 +1.468455935e-08 +1.468455935e-08 +2.127500000e+02 +2.127500000e+02
228300 +9.825782854e-09 +9.825782854e-09 +2.127500000e+02 +2.127500000e+02
