% function evaluation | noise-free fitness - Fopt (-4.620900000000e+02) | best noise-free fitness - Fopt | measured fitness | best measured fitness | x1 | x2...
1 +4.599326963e+03 +4.599326963e+03 +4.137236963e+03 +4.137236963e+03 -1.5548e+00 +1.9917e+00 -4.1511e+00 +4.6249e+00 -1.3456e+00 -2.9265e+00 -5.3412e-01 -4.7034e-01 -4.5424e+00 +3.9900e+00 +4.8725e-01 +1.3505e+00 +2.0769e+00 +1.7704e+00 -1.8211e+00 +4.9823e-01 +2.0085e+00 -4.3632e+00 +1.6749e-01 -2.8927e-01
3 +2.813984884e+03 +2.813984884e+03 +2.351894884e+03 +2.351894884e+03 -2.4509e+00 +1.9802e+00 +2.2184e+00 -1.9023e+00 +3.2779e+00 +4.2451e+00 -4.1316e+00 +4.2560e+00 -4.6822e+00 +4.7629e-01 +4.8018e+00 -1.3522e+00 +9.9606e-01 -7.2840e-01 -3.6174e+00 +4.3879e-01 -3.7491e+00 +3.1970e+00 -8.3316e-02 -1.3497e+00
7 +2.161573114e+03 +2.161573114e+03 +1.699483114e+03 +1.699483114e+03 +4.4735e-01 +2.6063e+00 -2.3050e+00 +2.6034e+00 +4.5467e+00 -2.4572e+00 -6.9192e-02 -4.5205e+00 -7.7400e-02 -1.4471e+00 -3.1788e+00 +2.1991e+00 -1.6384e+00 -1.5755e+00 -4.9666e-01 -4.5299e+00 +1.1542e+00 -5.7310e-01 +3.1552e+00 +2.1581e+00
49 +1.389551771e+03 +1.389551771e+03 +9.274617712e+02 +9.274617712e+02 +9.0015e-01 +1.1647e+00 -4.2689e+00 -2.2093e+00 -1.2900e+00 +1.7789e+00 -6.7043e-01 -3.9965e+00 +7.2559e-01 +4.5192e+00 +3.5407e+00 -1.0417e+00 -3.7009e+00 -4.0209e+00 -7.0637e-01 -4.9775e+00 -2.9087e+00 +4.3461e+00 -4.6085e+00 -4.9841e-01
463 +8.509652834e+02 +8.509652834e+02 +3.888752834e+02 +3.888752834e+02 +2.5059e-01 -2.6355e+00 +4.4316e-01 -1.2026e+00 -1.0882e+00 +2.1203e+00 -1.3414e+00 +1.3843e+00 -1.2473e+00 -4.3334e+00 -1.2438e+00 -1.9021e+00 -4.2696e-01 -1.4488e+00 -1.6838e+00 +2.0666e+00 -2.0522e+00 +6.8156e-02 +2.2483e+00 -6.5186e-01
1008 +5.869012833e+02 +5.869012833e+02 +1.248112833e+02 +1.248112833e+02 -5.3013e-01 -3.0127e+00 +2.8955e+00 -3.5117e-01 +1.8591e+00 +1.4263e+00 -2.3077e+00 +1.8179e+00 -1.5577e-01 +1.8063e+00 +1.9912e+00 -8.7438e-01 -2.9717e+00 +3.4530e-01 -1.5169e+00 -4.7258e+00 -6.8004e-01 +1.4047e+00 +1.4056e+00 +2.1019e+00
4467 +3.816983504e+02 +3.816983504e+02 -8.039164960e+01 -8.039164960e+01 -7.9232e-03 -1.2581e+00 +1.0934e+00 +2.4897e+00 +2.0197e+00 +1.4849e+00 +6.8610e-01 -2.8657e+00 -2.5439e-01 +6.4581e-01 +2.1072e+00 -4.7953e+00 -7.7848e-01 -4.0808e+00 -1.6429e+00 -3.9542e+00 -1.6975e+00 +2.1489e+00 +1.9030e+00 +1.3354e+00
7264 +2.475970243e+02 +2.475970243e+02 -2.144929757e+02 -2.144929757e+02 +2.1272e+00 +2.1230e+00 +2.1690e+00 -1.0341e+00 +3.5453e-01 +9.7640e-03 -8.4526e-01 +5.9905e-01 +5.8314e-01 -2.3283e-02 +2.7277e+00 -1.3488e+00 -2.9124e-01 -2.4118e+00 -1.1237e-01 -2.6807e+00 -4.6708e-01 +2.2422e+00 +2.2641e+00 +1.1884e+00
18543 +1.425808838e+02 +1.425808838e+02 -3.195091162e+02 -3.195091162e+02 +1.4545e+00 +2.3309e+00 +1.4332e+00 -6.9163e-01 +6.2103e-01 +3.3257e-02 +2.4661e+00 +8.2904e-01 +1.2108e+00 -9.5294e-01 +2.4254e+00 -2.2193e+00 -2.9873e-01 -3.3955e+00 +9.4414e-01 -3.4504e+00 -1.1333e-01 +2.1858e+00 +2.1500e+00 +1.1437e+00
60140 +9.458856956e+01 +9.458856956e+01 -3.675014304e+02 -3.675014304e+02 +1.4020e+00 +6.8482e-01 +2.4668e-01 -2.8557e-01 +1.5305e+00 +2.1762e+00 +1.8955e+00 +1.4349e+00 +1.0720e+00 -5.6323e-02 +2.2236e+00 -4.4277e+00 -2.6341e-01 -3.8717e+00 +9.9031e-01 -3.5758e+00 -7.3195e-01 +2.6153e+00 +2.7950e+00 +2.1348e+00
995929 +6.104574138e+01 +6.104574138e+01 -4.010442586e+02 -4.010442586e+02 +1.3165e+00 +5.0750e-01 +4.5151e-01 -6.3610e-01 +1.5141e+00 +2.2334e+00 +1.7287e+00 +1.8615e+00 +1.1938e+00 -3.5857e-01 +2.2238e+00 -4.3063e+00 -2.9633e-01 -2.9687e+00 +1.0221e+00 -3.9608e+00 -4.5849e-01 +2.9550e+00 +2.4892e+00 +2.1544e+00
1498198 +3.881855865e+01 +3.881855865e+01 -4.232714413e+02 -4.232714413e+02 +1.2540e+00 +5.8274e-01 +4.8509e-01 -1.4998e-01 +1.4971e+00 +2.8450e+00 +1.8841e+00 +1.9217e+00 +1.1425e+00 +8.6390e-02 +2.2535e+00 -3.7855e+00 -3.3983e-01 -3.4281e+00 +9.7296e-01 -3.4982e+00 -3.8701e-02 +2.6014e+00 +2.4639e+00 +2.1180e+00
1657529 +2.511784922e+01 +2.511784922e+01 -4.369721508e+02 -4.369721508e+02 +1.3377e+00 +4.9603e-01 +5.3324e-01 -1.4181e-01 +1.4513e+00 +2.9778e+00 +1.8035e+00 +1.8868e+00 +1.1562e+00 +6.2439e-02 +2.1593e+00 -3.7775e+00 -3.5551e-01 -3.4020e+00 +9.7551e-01 -3.4987e+00 -1.6338e-02 +2.5977e+00 +2.4916e+00 +2.1250e+00
% function evaluation | noise-free fitness - Fopt (7.766000000000e+01) | best noise-free fitness - Fopt | measured fitness | best measured fitness | x1 | x2...
1 +4.049613219e+03 +4.049613219e+03 +4.127273219e+03 +4.127273219e+03 +2.6501e+00 +2.6510e+00 -2.4485e+00 -2.4464e+00 +4.4402e-01 +4.7745e+00 -2.6061e+00 +8.2767e-01 -3.1858e+00 +3.2001e+00 -4.6058e+00 -1.4889e+00 +2.1005e+00 +2.6604e+00 -1.9412e+00 +1.7642e+00 +1.5467e+00 +9.5765e-01 -2.0692e+00 +2.0029e+00
4 +1.217920754e+03 +1.217920754e+03 +1.295580754e+03 +1.295580754e+03 -3.4861e+00 -1.1989e+00 -1.9727e+00 -1.6906e+00 -2.7484e+00 +2.0425e+00 -3.7616e+00 +3.1968e+00 -2.8711e+00 +1.4246e-01 +1.9024e+00 +6.4776e-01 -3.5999e+00 +1.2410e-01 -2.0495e+00 -4.6129e+00 -4.7877e-01 -3.4032e+00 -2.6117e+00 -3.9381e-01
7 +9.671648906e+02 +9.671648906e+02 +1.044824891e+03 +1.044824891e+03 -4.5913e-01 -4.6950e-01 +8.7178e-01 -3.4417e+00 -3.3040e+00 -1.8691e+00 -7.0214e-01 +2.9114e+00 -2.5671e+00 +2.3858e+00 +2.1115e+00 -3.1073e+00 +1.6942e-01 +1.6619e+00 +1.6760e+00 -4.0149e+00 -1.4470e+00 -3.3119e+00 -1.6756e+00 -1.6091e+00
808 +6.111654911e+02 +6.111654911e+02 +6.888254911e+02 +6.888254911e+02 -2.3922e+00 +8.0840e-01 -3.3554e+00 -2.7537e+00 +1.6027e+00 -1.4864e+00 -2.0387e+00 -3.4036e+00 -4.5338e+00 -4.4995e+00 -1.0961e+00 -1.1713e+00 -1.5667e+00 -3.0850e+00 +2.1031e+00 +1.6349e+00 -2.1812e+00 -4.4961e+00 +3.3675e-01 -4.1431e+00
2614 +3.687014483e+02 +3.687014483e+02 +4.463614483e+02 +4.463614483e+02 +9.2877e-02 -1.1142e+00 -2.2143e+00 +4.8831e+00 +1.0332e+00 -1.9147e-01 -2.0082e+00 +8.6865e-01 -1.4137e+00 -3.1825e+00 +9.4643e-01 +3.1311e-02 -5.8042e-01 -3.0728e-01 +1.2617e+00 +8.2947e-01 -1.1457e+00 -2.2462e+00 -2.6139e-01 -2.7041e+00
6375 +2.473247765e+02 +2.473247765e+02 +3.249847765e+02 +3.249847765e+02 +2.0286e+00 -8.9813e-01 -1.5531e+00 +8.9882e-01 +2.0325e-01 -1.8330e+00 -2.2223e+00 -1.0442e+00 -1.2505e+00 -2.0865e+00 -2.9144e-01 +1.1082e+00 -8.5420e-01 -8.5269e-01 +2.7097e+00 +1.3322e+00 -7.2912e-02 -2.4266e+00 +2.3545e+00 -3.4231e+00
22371 +1.583827803e+02 +1.583827803e+02 +2.360427803e+02 +2.360427803e+02 +1.5359e+00 -7.9897e-01 -1.5602e+00 +2.0161e+00 +9.5376e-01 -7.2180e-01 -7.2332e-01 -6.6737e-01 -1.5624e+00 -2.6250e+00 +1.9012e+00 -2.9409e-01 -2.2967e-01 -7.2853e-01 +2.1626e+00 +1.3029e+00 -9.3513e-02 -2.6855e+00 +2.0440e+00 -2.9214e+00
412944 +9.810454195e+01 +9.810454195e+01 +1.757645420e+02 +1.757645420e+02 +4.8751e-01 -2.6740e+00 -6.8895e-01 +3.3787e+00 +1.5982e+00 -1.1228e+00 -9.5847e-03 -5.9115e-01 -5.9039e-01 -3.9691e+00 +2.9449e+00 +1.8725e-01 -2.1353e-01 -7.3394e-01 +2.4715e+00 +8.4534e-01 -8.8087e-02 -2.4456e+00 +2.0544e+00 -3.4316e+00
1747381 +6.224751446e+01 +6.224751446e+01 +1.399075145e+02 +1.399075145e+02 +2.0384e-01 -9.7624e-01 +1.3574e+00 +4.2141e+00 +1.8042e+00 +9.5041e-01 -3.2690e-02 +2.4551e-01 -5.1099e-01 -3.2822e+00 +2.3852e+00 +1.5179e-01 -1.5268e-01 -2.0727e+00 +2.4013e+00 +9.2651e-01 -2.7179e-02 -2.7983e+00 +2.4527e+00 -3.7698e+00
1836437 +3.980721025e+01 +3.980721025e+01 +1.174672103e+02 +1.174672103e+02 +1.3534e+00 -8.1891e-01 +4.1020e-01 +2.4761e+00 +1.8619e+00 +6.9791e-02 -2.0416e-01 +8.7066e-01 -4.5255e-01 -3.8805e+00 +2.9365e+00 -3.5906e-01 -2.1323e-01 -2.0514e+00 +2.4331e+00 +9.6151e-01 -6.4724e-02 -2.4349e+00 +2.4434e+00 -3.7744e+00
1881045 +2.509052522e+01 +2.509052522e+01 +1.027505252e+02 +1.027505252e+02 +1.3823e+00 -8.4011e-01 +3.5543e-01 +2.4739e+00 +1.6856e+00 +8.9983e-02 -1.9547e-01 +7.0813e-01 -4.5596e-01 -3.8837e+00 +2.9467e+00 -3.9804e-01 -2.0479e-01 -2.0665e+00 +2.3780e+00 +9.4516e-01 -4.5365e-02 -2.4269e+00 +2.4366e+00 -3.7631e+00
% function evaluation | noise-free fitness - Fopt (1.156800000000e+02) | best noise-free fitness - Fopt | measured fitness | best measured fitness | x1 | x2...
1 +4.032258487e+03 +4.032258487e+03 +4.147938487e+03 +4.147938487e+03 -3.9783e+00 -1.2524e+00 -3.0227e+00 +4.7200e+00 -8.2978e-02 +2.9976e+00 -4.6315e+00 -8.4358e-01 +4.1060e+00 +6.6344e-01 +3.8332e+00 -1.2561e-01 -5.6170e-02 -3.7978e+00 +2.8311e+00 +4.7008e+00 +2.2509e+00 -4.7514e+00 -1.2289e-01 -3.6689e+00
2 +2.446073454e+03 +2.446073454e+03 +2.561753454e+03 +2.561753454e+03 -4.3056e+00 -1.6581e+00 +1.7482e+00 +1.8552e+00 +1.2672e+00 -1.7620e+00 -3.8519e+00 +2.5522e+00 +1.4542e+00 -1.7621e+00 -8.7013e-01 -1.6160e+00 +3.7682e+00 +1.5113e+00 +3.8415e+00 -1.2626e+00 -1.0200e+00 -6.7020e-01 +2.2274e+00 -1.9075e+00
15 +1.570860577e+03 +1.570860577e+03 +1.686540577e+03 +1.686540577e+03 +1.2505e+00 -4.9620e+00 -3.8587e+00 +4.6595e+00 -7.0537e-01 -1.7974e+00 +4.4602e+00 +3.4339e+00 -2.6755e+00 +2.5708e+00 +4.2464e+00 +3.7636e+00 -4.6297e+00 +1.6304e+00 +2.3526e+00 +2.9389e+00 +1.3145e-01 -5.3129e-01 +1.1073e+00 -2.4879e+00
19 +9.135650006e+02 +9.135650006e+02 +1.029245001e+03 +1.029245001e+03 -2.0096e-01 -4.5088e+00 -2.0479e+00 -8.0166e-01 +8.7821e-01 +2.3721e+00 -2.2505e+00 +2.0752e+00 -2.6373e+00 +9.2994e-02 -2.8990e+00 +2.4221e+00 +2.8357e+00 +7.9878e-01 -3.7196e+00 +1.0251e+00 -3.4083e-01 +4.1575e+00 +3.6099e+00 -1.3794e+00
1618 +5.874341432e+02 +5.874341432e+02 +7.031141432e+02 +7.031141432e+02 -3.4129e+00 -1.8450e+00 -1.9749e+00 +1.4025e+00 -1.4182e-01 -1.4244e+00 +4.2145e-01 +1.6271e+00 +3.8907e+00 +1.1661e+00 -2.2661e+00 -1.2193e+00 -3.0982e-01 +8.4608e-01 +1.3180e+00 -1.0353e+00 -1.9294e+00 +2.2411e+00 +2.0967e+00 -1.2558e-01
2830 +3.547486124e+02 +3.547486124e+02 +4.704286124e+02 +4.704286124e+02 +1.1165e+00 -9.1834e-01 -1.8261e+00 +3.1628e+00 +2.1061e+00 -5.0904e-02 +2.2281e+00 +1.5193e+00 +2.9360e+00 -2.0867e+00 +9.9723e-01 -5.6443e-01 +2.4514e+00 +2.3898e+00 +4.6942e-01 +9.0727e-01 -2.6816e+00 +2.2271e+00 +2.7791e+00 +3.7169e-01
6220 +2.483334666e+02 +2.483334666e+02 +3.640134666e+02 +3.640134666e+02 +4.0269e-01 +1.8801e+00 -2.5018e+00 +3.1070e+00 -1.7655e-01 -3.7987e-01 +2.2757e+00 +1.7378e+00 +2.1419e+00 -2.2156e+00 +2.5928e+00 -3.3572e+00 +9.0387e-01 +3.1861e-01 +9.0002e-01 -9.7776e-01 -8.0506e-02 +3.5666e+00 +2.6389e+00 -2.3645e+00
17025 +1.577953017e+02 +1.577953017e+02 +2.734753017e+02 +2.734753017e+02 +4.7113e-01 -1.0915e+00 -2.5892e+00 +2.4900e+00 +3.2456e+00 -2.1648e+00 +3.7871e+00 +2.3524e+00 +3.3646e+00 -2.5281e+00 +2.6693e+00 -2.6614e+00 +2.8162e+00 +6.6276e-01 +1.5829e+00 -7.3945e-01 +8.9773e-02 +4.3302e+00 +3.0539e+00 -1.1867e+00
246230 +9.114298478e+01 +9.114298478e+01 +2.068229848e+02 +2.068229848e+02 +1.3663e+00 -1.0081e+00 -1.3382e+00 +4.8548e+00 +2.7444e+00 -2.6193e+00 +3.4614e+00 +2.4361e+00 +3.3349e+00 -1.9288e+00 +2.5823e+00 -2.4659e+00 +2.8126e+00 +7.9065e-01 +1.6391e+00 -7.9495e-01 +1.0974e-01 +3.9066e+00 +3.1783e+00 -9.4326e-01
1394424 +5.973615610e+01 +5.973615610e+01 +1.754161561e+02 +1.754161561e+02 +1.1275e+00 -8.3662e-01 -6.0689e-01 +2.9995e+00 +2.7183e+00 -2.3483e+00 +2.8090e+00 +3.5004e+00 +3.3223e+00 -2.4804e+00 +2.7009e+00 -2.2316e+00 +2.8783e+00 +3.2994e-01 +1.6486e+00 -3.4243e-01 +1.0386e-01 +3.8119e+00 +3.0939e+00 -9.9792e-01
% function evaluation | noise-free fitness - Fopt (-3.710000000000e+00) | best noise-free fitness - Fopt | measured fitness | best measured fitness | x1 | x2...
1 +6.239082639e+03 +6.239082639e+03 +6.235372639e+03 +6.235372639e+03 -8.2169e-02 +3.3597e+00 +1.2338e+00 -2.8288e+00 +1.8278e+00 +1.8641e+00 +2.4574e+00 -4.9110e+00 +4.4125e+00 +1.1138e+00 +1.1835e+00 -1.4450e+00 -3.7943e+00 +4.6470e+00 +2.6114e+00 +7.5795e-01 +4.8121e-01 -3.4847e+00 +3.6294e+00 +1.0970e+00
2 +2.838483767e+03 +2.838483767e+03 +2.834773767e+03 +2.834773767e+03 -2.4390e+00 +3.4019e+00 +1.4779e+00 -2.1272e+00 +4.9308e+00 +1.2613e+00 -2.7095e-01 +4.1452e+00 -4.3205e+00 -4.4734e+00 -1.3344e+00 -4.6449e+00 -3.6697e+00 -3.9232e+00 +8.4516e-02 -1.9295e+00 -2.8373e+00 -9.7649e-01 -4.7317e+00 +4.1885e+00
5 +2.135733461e+03 +2.135733461e+03 +2.132023461e+03 +2.132023461e+03 +2.7147e+00 +7.2332e-01 +2.9816e+00 -1.6187e+00 +4.9922e+00 +9.3453e-01 -4.1983e+00 +2.4638e+00 +3.7434e+00 +3.2007e+00 -2.2252e+00 -2.9600e+00 +1.0226e+00 -3.7324e+00 -2.7342e+00 -3.4185e+00 -2.1283e+00 +7.3675e-01 +1.8811e-01 -1.9298e+00
14 +1.555504316e+03 +1.555504316e+03 +1.551794316e+03 +1.551794316e+03 +4.5170e+00 +4.8418e+00 -4.7121e+00 -1.0520e+00 +1.9695e+00 -7.6864e-01 +1.0782e+00 -7.4155e-01 +7.2002e-01 +3.3370e+00 -3.1114e+00 -5.5052e-01 +2.9194e+00 +1.5133e+00 -3.9410e+00 +2.6743e+00 -1.1819e+00 -1.5946e+00 -6.8447e-01 -4.0899e+00
29 +9.581920710e+02 +9.581920710e+02 +9.544820710e+02 +9.544820710e+02 +3.1500e+00 -4.1254e+00 -4.1997e+00 -3.5529e+00 +4.2957e+00 +4.3229e+00 -3.0802e+00 -1.9372e+00 -3.5379e+00 -4.8584e-01 +1.5709e+00 -3.5954e+00 +3.5754e+00 +2.8916e-01 -4.4574e+00 -4.5977e+00 +1.4686e+00 +1.1353e+00 +2.7067e+00 -4.7282e+00
102 +4.921140669e+02 +4.921140669e+02 +4.884040669e+02 +4.884040669e+02 -1.3829e+00 +1.7323e+00 -4.7465e+00 +4.8047e+00 +1.7368e+00 +4.6236e+00 -2.3528e+00 +2.5052e+00 +2.5556e+00 -4.2979e+00 +7.0293e-01 +2.0643e-01 +2.8431e+00 -1.6210e+00 +3.5035e-02 -3.6960e+00 +1.4381e+00 -2.8629e-01 +3.2861e+00 -3.8817e+00
3681 +3.556494127e+02 +3.556494127e+02 +3.519394127e+02 +3.519394127e+02 +1.0679e+00 -2.2257e+00 +7.4161e-01 +1.8777e+00 -9.6019e-01 +1.8240e-01 -1.8533e+00 +1.8721e-01 +1.0292e-01 -2.3060e+00 +1.7745e+00 +2.0475e+00 +3.0261e+00 -3.6641e-01 -7.5418e-01 -1.4502e+00 +7.0453e-01 +2.5187e+00 +1.9943e+00 -3.8841e+00
5887 +2.455624987e+02 +2.455624987e+02 +2.418524987e+02 +2.418524987e+02 +1.9382e-01 -2.4707e+00 -3.5460e-01 +3.1719e+00 +1.1577e-01 +7.0697e-01 -1.1470e+00 -1.3381e+00 +2.1742e+00 +9.1931e-01 +1.4666e+00 -4.8946e-01 +3.1377e+00 -2.1760e+00 -1.1471e-01 -2.8222e+00 -2.5143e-01 +1.5137e+00 +3.0226e+00 -3.4360e+00
11617 +1.555340540e+02 +1.555340540e+02 +1.518240540e+02 +1.518240540e+02 +9.6196e-02 -3.0425e+00 +9.5225e-01 +3.8690e+00 +8.5421e-01 +2.8092e+00 -4.5911e-01 -1.5269e-02 +1.6464e+00 -1.0748e+00 +3.1197e+00 +1.7532e+00 +2.5247e+00 -1.0285e+00 +5.1948e-02 -3.6849e+00 +6.9975e-01 +1.6199e+00 +2.8042e+00 -3.2311e+00
99010 +9.505961431e+01 +9.505961431e+01 +9.134961431e+01 +9.134961431e+01 +1.0569e+00 -2.2490e+00 +9.3145e-01 +3.9884e+00 +3.0099e+00 +4.3056e+00 +8.7594e-02 -1.0311e+00 +1.6886e+00 +5.2824e-01 +3.1471e+00 +1.0512e+00 +3.1091e+00 -1.8847e+00 +1.1410e-01 -4.1087e+00 +7.5125e-01 +1.5455e+00 +3.1906e+00 -3.4912e+00
% function evaluation | noise-free fitness - Fopt (1.321800000000e+02) | best noise-free fitness - Fopt | measured fitness | best measured fitness | x1 | x2...
1 +1.632875946e+03 +1.632875946e+03 +1.765055946e+03 +1.765055946e+03 -1.4728e+00 -1.6609e+00 +2.8887e+00 +3.1323e+00 -3.8352e+00 +3.0884e+00 +4.7255e-02 -1.0677e+00 -3.0783e+00 +3.5252e-01 +2.4181e+00 +4.4227e+00 +6.2334e-01 +2.0269e+00 -2.8200e+00 -1.4478e+00 +2.0518e+00 +3.7671e+00 -5.9858e-01 +2.3101e+00
4 +1.198921716e+03 +1.198921716e+03 +1.331101716e+03 +1.331101716e+03 +3.5784e+00 -1.3825e+00 -3.1161e+00 +4.7859e+00 +1.4918e+00 +1.1244e+00 +1.9129e+00 -1.1814e-01 +1.9910e+00 +8.8637e-02 -2.0755e+00 +2.1884e+00 +1.2556e-01 +9.0039e-01 -2.6864e+00 +1.9942e+00 -4.4099e+00 +2.5088e+00 +1.5170e+00 -2.2771e-01
57 +9.983964937e+02 +9.983964937e+02 +1.130576494e+03 +1.130576494e+03 +8.5562e-01 +1.3677e+00 -4.2570e+00 +7.4433e-01 +3.6262e+00 -6.2318e-03 -2.1937e+00 +3.1451e+00 +7.1915e-01 -1.9426e+00 -3.5331e+00 -2.7039e+00 -8.2284e-01 +2.0036e+00 +3.1305e+00 +3.0794e+00 -1.7005e-01 +1.4219e+00 -2.1385e+00 +2.3775e+00
730 +5.787509102e+02 +5.787509102e+02 +7.109309102e+02 +7.109309102e+02 -1.0120e+00 -7.3993e-02 -4.3962e-01 +5.9733e-01 +8.5519e-01 +2.5755e+00 -1.8830e-01 -1.6806e+00 -8.9244e-01 +4.4655e+00 +6.7219e-01 +3.5114e+00 +6.4649e-01 +3.0049e+00 +8.0521e-01 +3.2496e+00 +1.3176e+00 +9.3787e-01 +2.0792e-01 -2.7387e+00
1690 +3.704917107e+02 +3.704917107e+02 +5.026717107e+02 +5.026717107e+02 -1.4864e+00 +2.4512e+00 +3.1944e+00 +3.1424e-01 -4.5152e-01 +1.1569e-01 +8.4947e-02 -5.5959e-01 -2.8789e-01 +3.4388e+00 -3.6753e-01 +2.3096e-01 +1.0432e+00 +5.2004e+00 +4.6368e-01 +3.5050e+00 +3.1692e-01 +4.4833e+00 +9.0730e-01 +1.5602e+00
5623 +2.449381148e+02 +2.449381148e+02 +3.771181148e+02 +3.771181148e+02 +9.3725e-01 +3.8340e+00 +1.9633e+00 -3.2360e+00 +1.3963e+00 -1.0910e+00 +2.6085e+00 +6.6820e-01 -1.5576e-01 +5.7519e-01 -3.1115e-01 +2.5859e+00 +1.4514e-01 +3.7169e+00 +1.9266e+00 +2.1242e+00 +1.1667e+00 +4.1314e+00 +6.0033e-01 +3.9084e-01
12715 +1.552124745e+02 +1.552124745e+02 +2.873924745e+02 +2.873924745e+02 +8.0454e-01 +1.3270e+00 +1.7318e+00 -2.0412e+00 +1.6087e+00 -4.1291e-01 +1.8068e+00 -1.8270e+00 -1.6801e-01 +1.6152e-01 +6.1308e-02 +2.5247e+00 +4.1441e-01 +2.3398e+00 +2.9799e+00 +2.4341e+00 +9.8792e-01 +3.5070e+00 +6.6835e-01 +1.6206e+00
93782 +9.592178977e+01 +9.592178977e+01 +2.281017898e+02 +2.281017898e+02 +2.8251e+00 +1.6260e+00 +2.2267e+00 -1.2821e+00 +2.4097e+00 -1.0845e+00 +1.6080e+00 +1.2444e-01 +1.1806e-01 -8.3511e-02 +2.2096e-01 +2.5187e+00 +9.8990e-01 +3.3086e+00 +3.1653e+00 +2.8863e+00 +1.3008e+00 +3.8446e+00 +1.1208e+00 +6.9515e-01
1631691 +6.131801801e+01 +6.131801801e+01 +1.934980180e+02 +1.934980180e+02 +3.7569e+00 +1.3644e+00 +2.4674e+00 -1.0200e+00 +2.0491e+00 +4.7420e-01 +1.4295e+00 -6.4914e-01 +2.2417e-01 +4.1616e-01 +9.0832e-02 +2.5501e+00 +5.2182e-01 +2.8610e+00 +3.1768e+00 +2.7530e+00 +1.6773e+00 +3.4733e+00 +1.0424e+00 +1.3333e+00
1763135 +3.980469750e+01 +3.980469750e+01 +1.719846975e+02 +1.719846975e+02 +3.6995e+00 +1.4763e+00 +2.5521e+00 -1.0537e+00 +1.9818e+00 +5.0017e-01 +1.5254e+00 -6.3300e-01 +2.1388e-01 +4.1343e-01 +1.1652e-01 +2.4954e+00 +5.3649e-01 +2.8262e+00 +3.1842e+00 +2.7403e+00 +1.6543e+00 +3.4660e+00 +1.0543e+00 +1.3777e+00
1789802 +2.504273104e+01 +2.504273104e+01 +1.572227310e+02 +1.572227310e+02 +3.7553e+00 +1.4892e+00 +2.5655e+00 -1.0487e+00 +1.6760e+00 +4.1900e-01 +1.5106e+00 -5.9860e-01 +2.1860e-01 +4.0852e-01 +1.0357e-01 +2.5008e+00 +4.7457e-01 +2.8093e+00 +3.1795e+00 +2.7319e+00 +1.6667e+00 +3.4673e+00 +1.0681e+00 +1.3844e+00
% function evaluation | noise-free fitness - Fopt (-5.847300000000e+02) | best noise-free fitness - Fopt | measured fitness | best measured fitness | x1 | x2...
1 +3.969115349e+03 +3.969115349e+03 +3.384385349e+03 +3.384385349e+03 +3.4251e-01 -4.9578e+00 +3.5366e+00 -1.3397e+00 -9.8125e-01 +4.8734e+00 -1.7400e+00 -3.9750e+00 -1.7779e+00 -1.0200e+00 +2.7495e+00 -1.1808e+00 +2.0294e-01 +4.7958e+00 +1.9833e-01 -3.7267e+00 +9.2099e-01 +1.8960e+00 +2.4648e+00 +1.3080e+00
4 +2.104274347e+03 +2.104274347e+03 +1.519544347e+03 +1.519544347e+03 +1.6149e+00 +3.5753e-01 +2.4140e+00 -3.9375e+00 -2.8409e+00 -1.0017e+00 +2.3580e+00 +1.7681e-01 +1.0692e+00 +3.9426e+00 -4.7770e+00 +3.6950e+00 -3.8746e+00 -7.3437e-01 +4.9830e-01 -3.1491e+00 +3.0757e+00 +6.6349e-01 +2.0306e+00 -3.1758e+00
13 +1.004757846e+03 +1.004757846e+03 +4.200278464e+02 +4.200278464e+02 -4.1903e-02 +2.5420e+00 +2.6430e+00 -5.8227e-01 -2.5313e+00 -4.8506e+00 +1.0971e-01 -3.6465e+00 +1.2711e+00 -4.8297e+00 -4.3503e+00 +2.0728e+00 -2.4612e-01 -1.3394e+00 +3.1550e+00 +2.3325e+00 -2.4417e-02 +1.3680e+00 +8.8293e-01 -1.0620e+00
92 +8.099449531e+02 +8.099449531e+02 +2.252149531e+02 +2.252149531e+02 -3.3560e+00 +3.9167e+00 -3.0535e+00 -3.9397e+00 -2.1747e+00 -1.5436e+00 +1.1669e+00 -3.8666e-01 -3.6755e+00 +1.7437e+00 -2.0029e+00 +3.4920e+00 -1.4090e+00 -3.1625e+00 +1.9217e+00 -3.4872e-01 +2.4977e+00 +4.6990e+00 +5.8368e-01 -1.9735e+00
1323 +4.929105530e+02 +4.929105530e+02 -9.181944704e+01 -9.181944704e+01 -1.6592e+00 -4.6407e+00 +4.7778e-01 -3.0595e+00 -2.5112e+00 -4.1492e+00 +2.2903e+00 +2.9437e+00 -9.5161e-02 +1.5393e-01 -1.9172e+00 -1.6839e+00 -3.1852e+00 +2.0408e-01 +4.8321e-01 +8.9473e-02 +1.6098e+00 +4.0501e+00 -1.0960e+00 -1.8750e+00
3009 +3.824510729e+02 +3.824510729e+02 -2.022789271e+02 -2.022789271e+02 -2.5922e+00 +2.0757e+00 -2.0322e+00 -3.2023e+00 +2.3908e-02 -1.2416e+00 +2.7755e+00 +1.5738e+00 +2.1414e-01 -1.1885e+00 -1.2431e+00 +1.6617e+00 -9.0224e-01 +2.6953e+00 +1.8464e+00 -5.1518e-01 +1.9684e+00 +4.4754e+00 +6.8663e-01 -6.9348e-01
6192 +2.432979028e+02 +2.432979028e+02 -3.414320972e+02 -3.414320972e+02 +1.6247e+00 -9.4482e-01 +5.2277e-01 -1.4811e+00 -1.0890e+00 -4.6655e+00 +1.0587e+00 +1.0139e+00 +3.4951e-01 -2.5518e+00 -7.6434e-01 -1.5849e-01 -1.2832e-01 +2.9409e+00 +1.5878e+00 +5.0163e-01 +1.5257e+00 +2.8915e+00 -6.2102e-02 -2.2255e+00
27257 +1.570607035e+02 +1.570607035e+02 -4.276692965e+02 -4.276692965e+02 +4.5438e-01 -2.9799e+00 +3.2586e-01 -3.2229e+00 +5.1300e-01 -2.5144e+00 +2.6237e+00 +1.5058e+00 +4.4767e-01 -4.2237e+00 +3.0916e-01 +2.8450e-02 +2.1097e-02 +3.9619e+00 +2.1388e+00 -8.3328e-01 +2.0976e+00 +3.3602e+00 +6.5347e-03 -2.6312e+00
79030 +9.675096242e+01 +9.675096242e+01 -4.879790376e+02 -4.879790376e+02 +4.4832e-01 -2.9953e+00 +7.3778e-01 -3.1280e+00 -1.5427e-01 -3.4027e+00 +2.3589e+00 +1.1860e+00 +3.2270e-01 -2.9452e+00 -1.4444e-01 +6.0013e-01 +6.3036e-01 +3.6020e+00 +2.1598e+00 -9.3440e-01 +2.1347e+00 +3.3634e+00 +5.7188e-01 -3.2230e+00
1341854 +6.185052759e+01 +6.185052759e+01 -5.228794724e+02 -5.228794724e+02 +5.1994e-01 -2.8581e+00 +6.7075e-01 -3.9745e+00 -1.8447e-01 -2.5760e+00 +2.3407e+00 +3.0034e-01 +4.1942e-01 -2.3387e+00 +3.7877e-01 -8.8216e-01 +5.5352e-01 +3.9691e+00 +2.2256e+00 -5.1420e-01 +2.1769e+00 +3.6734e+00 +6.3349e-01 -2.9066e+00
1594705 +3.624892552e+01 +3.624892552e+01 -5.484810745e+02 -5.484810745e+02 +5.8584e-01 -2.9628e+00 +1.4680e+00 -3.9048e+00 -2.1253e-01 -2.6106e+00 +2.4869e+00 +2.9994e-01 +3.9410e-01 -2.4444e+00 +2.6345e-01 -1.9569e-01 +5.6690e-01 +3.5282e+00 +2.1894e+00 -5.2779e-01 +2.2175e+00 +3.7357e+00 +6.4964e-01 -3.1759e+00
1682763 +2.476501514e+01 +2.476501514e+01 -5.599649849e+02 -5.599649849e+02 +6.5999e-01 -2.9874e+00 +1.3868e+00 -3.8588e+00 -1.8919e-01 -2.6218e+00 +2.4628e+00 +3.6874e-01 +4.0819e-01 -2.3107e+00 +2.9428e-01 -2.2720e-01 +5.9835e-01 +3.5285e+00 +2.1778e+00 -5.6419e-01 +2.2389e+00 +3.7191e+00 +6.3330e-01 -3.2204e+00
% function evaluation | noise-free fitness - Fopt (-3.654000000000e+01) | best noise-free fitness - Fopt | measured fitness | best measured fitness | x1 | x2...
1 +7.395814371e+03 +7.395814371e+03 +7.359274371e+03 +7.359274371e+03 +4.3621e+00 +3.4440e+00 +5.8052e-01 -2.0707e+00 -6.5113e-01 -1.1463e+00 -9.8608e-01 +4.9348e+00 +4.9024e+00 +5.3239e-01 +3.0997e+00 +4.0824e+00 +1.6844e+00 -8.3887e-02 -4.4603e+00 -2.0163e+00 -4.2600e+00 +4.0225e-01 -3.9931e+00 -4.9712e+00
2 +3.168799019e+03 +3.168799019e+03 +3.132259019e+03 +3.132259019e+03 -6.5273e-01 -9.5784e-01 -2.5873e-01 -4.0031e+00 +2.3233e+00 -1.0716e-02 -5.0307e-01 -3.5209e+00 -4.2945e+00 -1.3979e+00 +8.5724e-01 +1.4817e+00 +1.8799e+00 +4.5475e+00 +2.8658e-01 +4.3891e+00 +4.4870e+00 -3.3274e+00 -4.3985e+00 -4.5149e+00
4 +1.698541339e+03 +1.698541339e+03 +1.662001339e+03 +1.662001339e+03 -3.5900e+00 +2.9865e+00 +1.8212e+00 +4.1337e+00 -1.1369e-01 -4.9646e+00 +8.8139e-01 -3.4246e+00 -3.7714e+00 +1.0548e+00 -1.2945e+00 +3.3511e+00 -4.5443e+00 +1.7396e-01 -3.3620e+00 -9.5073e-01 -3.0307e+00 -4.9914e+00 -1.0350e+00 +2.7517e+00
10 +1.342353088e+03 +1.342353088e+03 +1.305813088e+03 +1.305813088e+03 -2.6945e+00 +2.8165e+00 +1.2467e+00 +4.3546e+00 +6.2029e-01 -3.3124e+00 -2.7280e+00 -3.3494e+00 -8.3443e-01 +1.9344e+00 -3.1965e+00 +1.3992e+00 -2.0798e+00 -2.2794e+00 +7.7005e-02 -3.2204e+00 -1.1463e+00 +1.7552e+00 -6.1040e-01 -3.6932e+00
129 +7.935570752e+02 +7.935570752e+02 +7.570170752e+02 +7.570170752e+02 +1.8285e+00 -2.3807e+00 -4.2200e+00 -2.3684e+00 -1.7762e+00 -3.1138e+00 -4.1273e-02 +1.1070e+00 +2.0062e+00 -2.3359e+00 -1.9031e-01 -4.5648e+00 -6.2502e-01 -3.8754e+00 +3.8227e-01 -3.3666e+00 +3.8903e+00 +1.0414e+00 +2.1724e+00 +1.4297e+00
1201 +5.380108309e+02 +5.380108309e+02 +5.014708309e+02 +5.014708309e+02 -1.1725e+00 +2.9595e+00 -1.4599e+00 +2.9456e+00 +1.4988e+00 -3.0246e-01 -1.3585e+00 +8.4139e-01 +4.5552e-02 -3.7557e+00 -1.4984e+00 -8.4244e-01 -2.1506e+00 +1.2970e-01 -1.7289e+00 -1.7808e+00 +2.4233e+00 -3.0996e-01 +2.7752e+00 -1.5107e+00
2795 +3.525729327e+02 +3.525729327e+02 +3.160329327e+02 +3.160329327e+02 -2.4436e+00 -3.3822e+00 -2.2783e+00 -4.2019e-01 -2.6653e+00 -2.8477e+00 +1.5953e+00 -1.2576e+00 -5.9781e-01 -1.2700e+00 +1.2313e+00 -1.4726e+00 -4.3247e-01 -1.0135e+00 -2.9070e-01 -2.0046e+00 +1.0724e+00 -1.7522e+00 +2.2677e+00 +7.4724e-01
4558 +2.398824293e+02 +2.398824293e+02 +2.033424293e+02 +2.033424293e+02 -7.3924e-01 -3.2279e-01 -1.8915e+00 +9.1469e-01 -2.3405e+00 +9.3930e-01 +2.1204e+00 -1.6447e+00 +6.5619e-01 -1.8586e+00 -4.4316e-01 -1.6762e+00 +3.6165e-01 +1.0753e-01 -3.8174e-01 -2.3651e+00 +2.6335e+00 +7.1965e-05 +1.5786e+00 -2.3324e-01
9668 +1.537109743e+02 +1.537109743e+02 +1.171709743e+02 +1.171709743e+02 -1.2368e-01 -4.0122e+00 -1.5921e+00 -7.7143e-02 -1.2258e+00 -2.7786e+00 +2.2779e+00 +2.5810e-01 +1.6924e+00 -1.8497e+00 +1.2172e+00 -1.6217e+00 +3.1300e-01 +1.8760e-01 +3.1313e-01 -2.6657e+00 +2.8402e+00 -1.3080e+00 +2.7933e+00 +4.7696e-01
66249 +9.384250061e+01 +9.384250061e+01 +5.730250061e+01 +5.730250061e+01 -1.7007e+00 -2.0612e+00 -8.2913e-01 -1.4563e-01 -1.0627e-01 -1.9069e+00 +2.0833e+00 -8.8525e-01 +1.0164e+00 -2.8262e+00 +7.9118e-01 -2.1607e+00 +4.1244e-01 -2.6324e-01 +2.4639e-02 -2.7749e+00 +3.1604e+00 -7.6832e-01 +2.8071e+00 +4.5181e-01
1390875 +6.235510006e+01 +6.235510006e+01 +2.581510006e+01 +2.581510006e+01 +1.8591e-01 -1.5491e+00 -1.7960e+00 -2.5061e-01 -5.0443e-02 -1.0654e+00 +2.0500e+00 -7.7465e-01 +9.3823e-01 -3.0822e+00 +6.9741e-01 -2.5391e+00 +3.8912e-01 -3.0377e-01 +8.2023e-01 -2.3993e+00 +2.7275e+00 -1.2181e+00 +2.8322e+00 +4.8215e-01
1656907 +3.970222953e+01 +3.970222953e+01 +3.162229531e+00 +3.162229531e+00 +9.5917e-02 -1.3016e+00 -9.3573e-01 -1.8027e+00 -2.2707e-02 -1.1773e+00 +1.5645e+00 -9.4065e-01 +1.0666e+00 -3.1385e+00 +8.1473e-01 -2.6090e+00 +8.3301e-01 -2.8003e-01 +3.4709e-01 -2.7656e+00 +3.0880e+00 -1.6462e+00 +2.8163e+00 +4.8079e-01
1704284 +2.511748811e+01 +2.511748811e+01 -1.142251189e+01 -1.142251189e+01 +1.9823e-01 -1.2644e+00 -8.8792e-01 -1.7779e+00 -7.4016e-02 -1.0676e+00 +1.5320e+00 -9.5859e-01 +1.0200e+00 -3.1088e+00 +6.9964e-01 -2.5602e+00 +8.2508e-01 -3.1819e-01 +3.3845e-01 -2.7710e+00 +3.1054e+00 -1.6341e+00 +2.8119e+00 +4.7210e-01
% function evaluation | noise-free fitness - Fopt (1.000000000000e+03) | best noise-free fitness - Fopt | measured fitness | best measured fitness | x1 | x2...
1 +1.217336812e+03 +1.217336812e+03 +2.217336812e+03 +2.217336812e+03 +1.9506e+00 +4.5073e+00 -1.7042e+00 +1.6104e+00 -2.2671e+00 -2.9117e-01 -3.2595e+00 +3.2373e+00 +3.9527e+00 +1.5498e+00 -2.8968e+00 +2.9605e-01 -1.5949e+00 +3.3061e+00 +1.1101e+00 +4.3910e+00 -3.9745e+00 -3.0016e-01 +1.4962e+00 -3.1488e+00
3 +9.382874763e+02 +9.382874763e+02 +1.938287476e+03 +1.938287476e+03 +8.3197e-01 +3.2446e-01 -1.7118e+00 -3.5997e+00 -4.4797e+00 -9.3462e-01 -4.8514e-01 +4.0986e-01 -4.4540e+00 -6.0351e-01 -3.8433e+00 -8.1326e-01 -3.9673e-01 +2.3942e+00 +5.3571e-01 -1.5270e+00 +1.0661e+00 +4.9949e-01 -5.1858e-01 +1.1796e+00
314 +5.811315944e+02 +5.811315944e+02 +1.581131594e+03 +1.581131594e+03 -5.1038e-01 -4.9900e+00 +1.0249e-02 +4.2837e-01 +1.0007e+00 +2.1549e+00 +3.5023e+00 -3.7439e-01 +6.7984e-01 -7.1353e-01 +2.1666e+00 -1.7393e+00 -3.6193e+00 +3.8822e+00 -1.7017e+00 +1.9924e-01 +1.6997e+00 +8.8649e-01 +3.1897e-01 -7.3721e-02
3237 +3.599214850e+02 +3.599214850e+02 +1.359921485e+03 +1.359921485e+03 +1.4107e+00 +2.1132e+00 -5.4769e-01 +1.5178e+00 -3.9556e-01 -1.3845e+00 +1.3930e-01 -2.8293e+00 -4.3815e-03 -2.0767e+00 +1.1554e+00 -1.5194e+00 +2.5222e+00 +3.9529e+00 -1.3326e-01 +1.3434e+00 +1.3629e+00 +7.4396e-01 -2.1982e-01 +3.3036e-01
6498 +2.221416883e+02 +2.221416883e+02 +1.222141688e+03 +1.222141688e+03 -1.7627e-01 +3.7013e-01 +1.3525e-01 +4.2369e-01 -9.3098e-01 +1.7859e+00 +2.4922e+00 -1.6303e+00 +2.1260e+00 -3.7113e+00 +1.2831e+00 -1.5682e+00 +2.5924e+00 +3.4099e+00 +1.2061e+00 +9.3686e-01 +1.9988e+00 +2.4762e+00 +7.8968e-02 -4.2073e-01
11177 +1.573068325e+02 +1.573068325e+02 +1.157306833e+03 +1.157306833e+03 +6.9849e-01 -1.9521e-02 +8.3062e-02 +2.1806e+00 +4.8170e-01 +1.1566e+00 +1.4340e+00 -1.9830e+00 +2.0235e+00 -3.1046e+00 +1.2361e+00 -3.7260e+00 +2.5327e+00 +3.2964e+00 +1.4843e+00 +1.5876e+00 +1.8754e+00 +2.4013e+00 +7.5481e-01 -8.2637e-01
137839 +9.679336305e+01 +9.679336305e+01 +1.096793363e+03 +1.096793363e+03 -2.1316e-01 -1.0810e+00 -1.4968e+00 +2.3207e+00 +1.5043e+00 +9.8026e-01 +2.7951e+00 -3.3214e+00 +3.1153e+00 -1.9537e+00 +2.2864e+00 -4.3727e+00 +2.7201e+00 +3.4152e+00 +1.5194e+00 +3.9891e-01 +2.0456e+00 +1.4448e+00 +1.3710e+00 -1.0698e+00
1091974 +5.972513955e+01 +5.972513955e+01 +1.059725140e+03 +1.059725140e+03 +1.4692e+00 -5.5810e-02 -7.2682e-01 +3.2208e+00 +2.1069e+00 +2.4394e+00 +3.0079e+00 -1.3564e+00 +3.0781e+00 -2.4919e+00 +2.0791e+00 -3.8091e+00 +2.5850e+00 +3.8715e+00 +1.5787e+00 +8.7958e-01 +2.5350e+00 +2.1533e+00 +1.3456e+00 -8.6077e-01
1199446 +3.970830491e+01 +3.970830491e+01 +1.039708305e+03 +1.039708305e+03 +1.3758e+00 -4.5094e-02 -7.2440e-01 +3.1076e+00 +2.1387e+00 +2.4250e+00 +2.9450e+00 -1.3996e+00 +3.1060e+00 -2.4766e+00 +2.1256e+00 -3.8133e+00 +2.5920e+00 +3.8491e+00 +1.5864e+00 +8.6811e-01 +2.5959e+00 +2.1199e+00 +1.3692e+00 -7.9292e-01
1250744 +2.501768240e+01 +2.501768240e+01 +1.025017682e+03 +1.025017682e+03 +1.5067e+00 -1.1924e-01 -7.4890e-01 +3.1290e+00 +2.1154e+00 +2.4237e+00 +2.9497e+00 -1.5246e+00 +3.1194e+00 -2.4814e+00 +2.2495e+00 -3.8238e+00 +2.6185e+00 +3.8710e+00 +1.5804e+00 +8.3592e-01 +2.5936e+00 +2.1475e+00 +1.3761e+00 -7.9056e-01
1289220 +1.574164403e+01 +1.574164403e+01 +1.015741644e+03 +1.015741644e+03 +1.5555e+00 +1.3338e-01 -7.1857e-01 +3.1035e+00 +2.0878e+00 +2.4457e+00 +2.9763e+00 -1.5137e+00 +3.1306e+00 -2.4720e+00 +2.2316e+00 -3.8066e+00 +2.6869e+00 +3.8919e+00 +1.5900e+00 +8.3468e-01 +2.5904e+00 +2.1330e+00 +1.3761e+00 -7.7701e-01
% function evaluation | noise-free fitness - Fopt (4.661000000000e+01) | best noise-free fitness - Fopt | measured fitness | best measured fitness | x1 | x2...
1 +1.370901068e+04 +1.370901068e+04 +1.375562068e+04 +1.375562068e+04 +3.7719e+00 +4.9913e+00 +2.2540e+00 -2.5837e+00 -1.0601e+00 -1.6538e+00 +9.5753e-01 +4.2100e+00 -2.3324e+00 +4.7633e+00 +4.2761e-01 +6.2677e-01 +4.5174e+00 +1.9767e+00 -1.6139e+00 +6.7065e-01 +3.0979e+00 +3.3649e-01 +1.7460e+00 +2.1551e+00
3 +3.236823520e+03 +3.236823520e+03 +3.283433520e+03 +3.283433520e+03 -3.3142e+00 +1.4948e+00 +2.6344e+00 -3.7776e-01 -9.8387e-01 +2.5051e+00 -2.5494e+00 -3.1186e+00 +3.0699e+00 -3.4270e+00 -4.0200e-01 -2.8033e+00 -3.8704e+00 -9.9523e-01 +1.4863e+00 +1.7805e+00 -3.2244e+00 +2.3337e+00 -1.1984e+00 -3.8972e+00
27 +1.648757780e+03 +1.648757780e+03 +1.695367780e+03 +1.695367780e+03 +3.1834e+00 +3.5257e+00 -1.7693e+00 -1.1943e+00 -3.3486e-01 +2.9769e+00 -3.5297e+00 -1.7156e-02 -2.4853e+00 -5.6869e-01 -1.3829e+00 +2.6514e+00 -3.9967e+00 -2.8778e+00 +8.1745e-01 +4.9842e+00 -8.3478e-01 -1.8245e+00 -4.5263e-02 -3.3368e+00
31 +1.175607443e+03 +1.175607443e+03 +1.222217443e+03 +1.222217443e+03 -2.6109e+00 +3.7538e+00 +1.6083e+00 -9.1842e-01 -2.7284e+00 +2.9308e+00 +2.5034e-01 -3.9212e+00 +7.9658e-01 -3.6392e+00 -3.3985e+00 -1.3769e+00 -5.3571e-01 -2.5821e+00 -1.6225e+00 +2.8999e+00 +2.7228e-01 -4.3557e+00 -4.1898e+00 -2.8297e+00
131 +8.980634000e+02 +8.980634000e+02 +9.446734000e+02 +9.446734000e+02 +1.8446e+00 -7.7146e-02 -3.9899e+00 -9.5443e-01 -1.3397e+00 +5.4556e-01 +3.6732e+00 -1.7930e+00 -3.7899e+00 -5.4670e-01 -3.2713e+00 +1.6511e+00 -2.9895e+00 +2.5463e+00 +9.6648e-01 -1.8772e+00 -2.5994e+00 -4.4750e+00 +7.2755e-02 +2.1425e+00
814 +6.194973085e+02 +6.194973085e+02 +6.661073085e+02 +6.661073085e+02 +8.0110e-01 +2.4782e+00 -3.9581e+00 +2.9735e+00 +1.5859e+00 -4.0199e+00 +3.3554e-01 -1.7934e+00 +6.6469e-01 -1.0392e+00 +6.1233e-01 +9.1936e-01 -5.6297e-01 +3.1224e+00 -9.5864e-01 -5.5240e-01 -3.6672e+00 -1.8410e+00 +1.5592e+00 -3.3129e-02
2579 +3.953038896e+02 +3.953038896e+02 +4.419138896e+02 +4.419138896e+02 -1.0881e+00 +4.8496e+00 -3.4193e-01 +4.7456e+00 -2.2364e+00 -1.0007e+00 +5.4364e-01 -1.4239e-01 -1.3730e+00 -3.6681e+00 -1.3163e+00 +2.8571e+00 -1.2428e+00 +1.3866e+00 -2.3706e-01 +1.4277e+00 -8.8783e-01 -3.9786e-01 +5.7627e-01 +1.9223e+00
5718 +2.439222210e+02 +2.439222210e+02 +2.905322210e+02 +2.905322210e+02 -1.0797e+00 +3.0235e+00 -3.0312e-01 +2.6452e+00 -6.0763e-01 -3.8274e+00 +2.0479e+00 -2.0707e+00 -1.4520e+00 +5.9347e-01 -2.8031e-01 +2.7113e+00 -6.2639e-02 -4.0707e-01 +3.9484e-01 -1.0545e+00 -5.0412e-02 -7.0526e-01 +1.7747e+00 +2.0399e+00
13242 +1.531404100e+02 +1.531404100e+02 +1.997504100e+02 +1.997504100e+02 -1.3854e+00 +3.8177e+00 +7.1261e-01 +1.2773e+00 -3.4208e-01 -8.1557e-01 +2.4868e+00 -1.8749e+00 -1.2100e+00 -2.0522e+00 -5.5288e-01 +3.3423e+00 +4.6274e-01 -1.5851e+00 +5.0691e-01 -1.9059e-01 +5.1449e-01 +1.1021e-01 +1.4223e+00 +2.1026e+00
426403 +9.539168885e+01 +9.539168885e+01 +1.420016888e+02 +1.420016888e+02 -1.0734e+00 +2.6535e+00 -8.9395e-01 +2.9836e+00 +9.8546e-02 -2.4938e+00 +2.8079e+00 -2.5786e+00 -3.5364e-02 -2.5216e+00 -1.8561e-01 +1.3665e+00 -2.2445e-02 -1.6614e+00 +4.5285e-01 -7.0488e-01 +1.1625e-01 -4.1727e-01 +2.5431e+00 +1.6979e+00
1451129 +6.168944865e+01 +6.168944865e+01 +1.082994486e+02 +1.082994486e+02 -1.8340e-01 +2.9734e+00 +1.6768e-01 +2.6183e+00 +1.2976e-01 -1.1645e+00 +2.8332e+00 -3.1935e+00 -3.5111e-02 -2.1649e+00 -1.7601e-01 +1.3764e+00 -5.3160e-02 -1.1946e+00 +4.4104e-01 -2.4404e-01 +8.2653e-02 -5.2129e-01 +2.6024e+00 +1.7107e+00
1542801 +3.959615126e+01 +3.959615126e+01 +8.620615126e+01 +8.620615126e+01 -1.7527e-01 +2.9505e+00 +1.8551e-01 +2.6962e+00 +1.2728e-01 -1.2201e+00 +2.8350e+00 -3.3921e+00 -5.1357e-02 -2.0812e+00 -1.5604e-01 +1.3187e+00 -3.4217e-02 -1.1969e+00 +4.8254e-01 -2.3985e-01 +9.4555e-02 -4.9483e-01 +2.6303e+00 +1.7135e+00
1559157 +2.509736152e+01 +2.509736152e+01 +7.170736152e+01 +7.170736152e+01 -1.7109e-01 +2.9524e+00 +1.0383e-01 +2.8475e+00 +1.6762e-01 -9.1958e-01 +2.8513e+00 -3.4084e+00 -5.6890e-02 -2.0804e+00 -1.8177e-01 +1.3125e+00 -8.0472e-02 -1.1958e+00 +4.7306e-01 -2.2187e-01 +1.0012e-01 -4.8503e-01 +2.6321e+00 +1.7156e+00
% function evaluation | noise-free fitness - Fopt (-2.643100000000e+02) | best noise-free fitness - Fopt | measured fitness | best measured fitness | x1 | x2...
1 +1.281129382e+04 +1.281129382e+04 +1.254698382e+04 +1.254698382e+04 -1.3484e+00 +3.1832e+00 +3.7182e+00 -3.8870e-01 -4.3381e+00 -3.2028e+00 -7.4880e-01 +4.1199e+00 -3.7054e+00 +3.7420e+00 -3.8460e+00 +3.2422e+00 +4.8507e+00 -6.4940e-01 -3.5632e+00 +4.3927e+00 +4.3988e+00 +1.8424e+00 -1.9157e+00 +4.0158e+00
2 +7.548661697e+03 +7.548661697e+03 +7.284351697e+03 +7.284351697e+03 +4.8808e+00 -3.6246e+00 -2.9384e-01 -1.2193e+00 -1.6012e-01 -3.9283e+00 -4.6813e+00 +7.3095e-01 +1.7829e+00 +9.8711e-01 +4.7302e+00 -9.0834e-01 +3.2601e+00 +1.0431e+00 -1.9238e+00 -4.2219e+00 +2.4886e-01 -2.6526e+00 -4.5561e+00 +4.5082e+00
3 +5.312359579e+03 +5.312359579e+03 +5.048049579e+03 +5.048049579e+03 -4.9405e+00 -4.4260e+00 +4.9443e+00 +1.5241e+00 -3.9635e+00 -3.8055e-02 +1.6367e+00 -5.1095e-01 +4.0963e+00 -8.0086e-02 +2.0325e+00 +2.1248e+00 +4.4955e-01 -3.3310e+00 +2.8200e+00 -1.7472e+00 +1.5303e+00 -1.9665e+00 +5.3471e-01 -4.4311e-01
8 +1.390012234e+03 +1.390012234e+03 +1.125702234e+03 +1.125702234e+03 -2.5379e+00 +8.5216e-01 -1.2460e-01 +3.5153e+00 +1.9480e+00 -3.7970e+00 -3.1919e+00 +4.0856e+00 -4.5208e+00 +4.3364e+00 -3.5819e+00 +1.4378e+00 +1.3719e+00 -3.2732e-01 +4.6704e-01 +1.2802e+00 +1.6943e+00 -3.5197e+00 -2.3157e+00 +1.3309e+00
83 +8.721944880e+02 +8.721944880e+02 +6.078844880e+02 +6.078844880e+02 -1.9919e+00 +1.1346e+00 +2.0810e+00 -2.9386e+00 +2.3253e+00 +4.9781e-01 +1.3749e+00 -4.7648e-01 -3.6373e+00 -4.3838e+00 -3.4892e+00 -1.7708e+00 +1.2203e+00 -1.9350e+00 -3.0093e-01 -2.0175e+00 -3.2616e+00 -3.4135e+00 -8.5218e-01 -2.1020e+00
636 +3.685951657e+02 +3.685951657e+02 +1.042851657e+02 +1.042851657e+02 +2.4037e+00 -3.9747e+00 +2.8206e+00 +1.0277e+00 +1.2779e+00 +4.9981e-01 +2.4517e+00 +1.3682e-01 -4.1307e-01 -1.5061e-01 -1.4876e+00 +1.4384e+00 +2.0415e+00 -9.6205e-02 +7.7893e-01 -1.4157e+00 +9.8871e-01 -2.9712e+00 +7.8019e-01 -1.6400e+00
5227 +2.466733187e+02 +2.466733187e+02 -1.763668131e+01 -1.763668131e+01 -3.2570e-01 -1.5971e+00 +1.1023e-01 -1.3866e+00 +2.0791e+00 -3.0206e+00 +1.4823e+00 -1.8905e-01 -5.0264e-01 -2.4745e-01 -1.3441e+00 +2.3754e+00 +1.5405e+00 -9.3798e-02 +1.4958e+00 -4.7634e-01 -1.9999e-01 -2.7174e+00 +4.1172e-01 -3.9914e+00
11718 +1.574945839e+02 +1.574945839e+02 -1.068154161e+02 -1.068154161e+02 +2.0850e+00 -6.5916e-01 +1.9250e+00 -2.4836e+00 +2.0895e+00 -2.1898e+00 +9.1737e-01 +2.3496e-01 -1.1458e-02 +2.1022e+00 +2.9710e-01 +2.5121e+00 +2.2853e+00 -5.6107e-01 +1.9372e+00 +1.1856e+00 +7.9323e-02 -1.6860e+00 +1.8186e+00 -3.0850e+00
175506 +9.461977155e+01 +9.461977155e+01 -1.696902285e+02 -1.696902285e+02 +1.4526e+00 -1.0935e+00 +1.8631e+00 -1.6072e+00 +2.1077e+00 -2.8328e+00 +3.6837e+00 +3.6170e-01 -8.9808e-02 +1.5118e+00 +3.5454e-01 +2.6372e+00 +1.9480e+00 -1.8145e+00 +1.4406e+00 +8.6631e-01 +8.6756e-01 -2.7572e+00 +1.4835e+00 -3.5995e+00
1649974 +5.971285985e+01 +5.971285985e+01 -2.045971402e+02 -2.045971402e+02 +1.2971e+00 -1.4977e+00 +1.7157e+00 -3.2122e-01 +2.1479e+00 -2.8999e+00 +3.0156e+00 +1.6346e+00 +3.4139e-02 +2.0992e+00 +3.0969e-01 +2.3498e+00 +1.9077e+00 -1.4146e+00 +1.8840e+00 +3.4264e-01 +8.7913e-01 -1.7776e+00 +2.2330e+00 -3.3401e+00
1756524 +3.809415065e+01 +3.809415065e+01 -2.262158494e+02 -2.262158494e+02 +1.2408e+00 -1.4952e+00 +1.0806e+00 +5.3677e-02 +2.1049e+00 -2.9625e+00 +3.0407e+00 +1.0398e+00 -4.3936e-02 +1.5653e+00 +2.7817e-01 +2.3295e+00 +1.9649e+00 -1.8469e+00 +1.9278e+00 +8.2236e-01 +4.7490e-01 -2.0646e+00 +1.9069e+00 -3.3254e+00
1767532 +2.500434930e+01 +2.500434930e+01 -2.393056507e+02 -2.393056507e+02 +1.3011e+00 -1.4455e+00 +1.0495e+00 +7.3653e-02 +2.0857e+00 -2.9917e+00 +2.9445e+00 +1.0382e+00 -3.5047e-02 +1.5110e+00 +2.4257e-01 +2.2794e+00 +1.9849e+00 -1.8471e+00 +1.9254e+00 +7.5652e-01 +4.9805e-01 -2.0630e+00 +1.9179e+00 -3.3118e+00
% function evaluation | noise-free fitness - Fopt (7.273000000000e+01) | best noise-free fitness - Fopt | measured fitness | best measured fitness | x1 | x2...
1 +3.657891245e+03 +3.657891245e+03 +3.730621245e+03 +3.730621245e+03 +4.2140e-01 +7.8540e-01 -4.9439e-01 +7.8298e-01 +2.4912e+00 +2.4890e+00 +4.9448e-02 -7.3653e-01 -1.5092e+00 +3.6050e+00 -3.0520e-01 +1.3676e+00 -3.4246e+00 +3.2461e+00 +2.4155e+00 -1.7152e-01 +2.2996e+00 +2.0189e+00 -3.3664e+00 -4.3128e+00
8 +2.241001812e+03 +2.241001812e+03 +2.313731812e+03 +2.313731812e+03 +3.4090e+00 -3.2590e+00 +1.1537e+00 -2.2794e+00 -1.9435e+00 +3.2882e+00 +3.5399e+00 +1.8068e+00 +8.6386e-01 -4.8447e+00 -2.2425e+00 +1.2112e+00 -7.8882e-01 -2.2806e+00 +1.6776e+00 -1.5224e+00 -1.5846e+00 -3.6549e+00 +6.1276e-02 -2.2665e+00
31 +8.755095192e+02 +8.755095192e+02 +9.482395192e+02 +9.482395192e+02 +6.4972e-01 -3.7784e-01 -1.4459e-01 -4.4579e-01 +2.3414e+00 +4.0020e+00 +1.6033e+00 -3.3512e+00 +2.7723e-01 -4.6703e-01 +3.2460e-01 -4.7324e+00 -7.4707e-01 -1.4045e+00 -3.1998e+00 +4.9910e+00 +3.9452e+00 -1.5266e+00 +6.0830e-01 +4.1327e+00
1001 +5.800273093e+02 +5.800273093e+02 +6.527573093e+02 +6.527573093e+02 -5.1528e+00 -9.9212e-01 -6.6992e-01 -4.2927e+00 -1.3885e-01 +6.8399e-01 -2.9082e+00 -4.7977e+00 -1.3793e+00 +1.1008e+00 -6.2340e-01 -1.4639e+00 -2.8577e+00 -1.0441e+00 -1.8794e+00 +1.0433e+00 +3.0413e+00 -1.8076e+00 +3.0035e+00 +1.8578e+00
3738 +3.693537166e+02 +3.693537166e+02 +4.420837166e+02 +4.420837166e+02 -2.9837e+00 -2.4255e+00 -5.8124e-01 -1.0663e+00 -2.2721e+00 -7.2698e-01 +1.5060e+00 -1.0008e+00 -1.7995e+00 +1.4891e+00 -6.1020e-01 -1.9385e+00 -4.8416e-01 +7.1671e-01 -3.7615e-01 +1.5183e-01 +2.0155e+00 +4.4675e-01 +2.2147e+00 +2.3981e+00
6904 +2.361999221e+02 +2.361999221e+02 +3.089299221e+02 +3.089299221e+02 +1.5759e+00 -2.5175e+00 +3.7419e-01 +1.8532e+00 -6.8864e-01 +4.3516e-01 +2.2543e+00 -4.6148e+00 -1.1797e+00 -2.9881e+00 +3.6082e-01 -4.6187e-01 -4.3234e-01 +1.6779e+00 -5.7242e-01 +2.0556e-01 +3.2046e+00 -1.2387e+00 +2.3837e+00 +3.1969e+00
19947 +1.583629665e+02 +1.583629665e+02 +2.310929665e+02 +2.310929665e+02 +3.9741e-01 -1.9963e+00 +4.5314e-01 +1.6876e+00 -5.9489e-01 +2.6521e+00 +2.5156e+00 -3.2433e+00 +6.0101e-01 -6.6792e-01 -3.7762e-01 -2.4654e+00 -5.1968e-01 +1.1129e+00 +1.1027e-01 +6.6806e-01 +3.1958e+00 -1.3095e+00 +3.3883e+00 +2.8585e+00
66769 +8.330928205e+01 +8.330928205e+01 +1.560392821e+02 +1.560392821e+02 +8.3432e-01 -1.2789e+00 +1.2382e+00 +2.8095e-01 +1.6564e+00 +4.0929e+00 +3.6354e+00 -2.7738e+00 -7.1178e-02 -2.0051e-01 -4.1645e-02 -3.5938e+00 -4.3652e-01 +1.4976e+00 +1.5909e-02 +7.1838e-01 +3.4433e+00 -1.3377e+00 +3.5982e+00 +3.2339e+00
1092107 +4.872412370e+01 +4.872412370e+01 +1.214541237e+02 +1.214541237e+02 +1.5309e+00 -2.2935e+00 +1.1573e+00 +8.4285e-01 +1.5787e+00 +2.5567e+00 +3.1356e+00 -3.2308e+00 -2.0772e-02 -6.1434e-01 -7.3241e-02 -3.6144e+00 -4.6577e-01 +1.5075e+00 +4.8114e-01 +1.0676e+00 +3.0523e+00 -9.8836e-01 +3.6157e+00 +2.8536e+00
1374686 +3.954245766e+01 +3.954245766e+01 +1.122724577e+02 +1.122724577e+02 +1.5682e+00 -2.3170e+00 +1.1371e+00 +8.5653e-01 +1.6328e+00 +2.5785e+00 +3.1435e+00 -3.2359e+00 -4.4431e-03 -6.2435e-01 -7.0528e-02 -3.6094e+00 -4.6063e-01 +1.5598e+00 +4.7732e-01 +1.0536e+00 +3.0499e+00 -9.9291e-01 +3.6129e+00 +2.8628e+00
1452391 +2.501571153e+01 +2.501571153e+01 +9.774571153e+01 +9.774571153e+01 +1.5527e+00 -2.2089e+00 +1.1524e+00 +8.8205e-01 +1.6436e+00 +2.6197e+00 +3.0296e+00 -3.2755e+00 -1.7086e-02 -6.6840e-01 -9.0948e-02 -3.5258e+00 -4.8891e-01 +1.5497e+00 +4.7805e-01 +1.0601e+00 +3.0406e+00 -9.6527e-01 +3.5772e+00 +2.8899e+00
1528172 +1.584052896e+01 +1.584052896e+01 +8.857052896e+01 +8.857052896e+01 +1.5713e+00 -2.2735e+00 +1.1711e+00 +9.3184e-01 +1.6551e+00 +2.5984e+00 +2.9549e+00 -3.3085e+00 -2.7555e-02 -6.7441e-01 -1.0337e-01 -3.5292e+00 -4.8251e-01 +1.5468e+00 +4.7745e-01 +1.0534e+00 +3.0510e+00 -9.7982e-01 +3.6188e+00 +2.8949e+00
% function evaluation | noise-free fitness - Fopt (1.368700000000e+02) | best noise-free fitness - Fopt | measured fitness | best measured fitness | x1 | x2...
1 +7.561613564e+03 +7.561613564e+03 +7.698483564e+03 +7.698483564e+03 +4.6908e+00 -1.9292e+00 -1.0155e+00 -1.5508e+00 +3.6657e+00 -4.2054e+00 -1.8919e+00 +4.0041e+00 -2.6544e+00 +2.7706e+00 -4.4390e+00 -2.3236e+00 +2.8387e+00 +3.2217e+00 +4.7667e+00 -2.6413e+00 -2.0267e+00 +4.8633e+00 +3.1296e+00 +1.0413e+00
4 +3.870370883e+03 +3.870370883e+03 +4.007240883e+03 +4.007240883e+03 -4.9520e+00 +1.1085e+00 -1.2491e+00 -6.7734e-01 +2.6892e+00 -3.8955e+00 -3.9768e+00 -7.6648e-01 -1.6004e+00 -2.7935e+00 -1.6826e+00 -6.1418e-02 -4.2362e+00 +1.1662e+00 -4.0238e+00 +8.2084e-01 +3.0174e+00 +1.8703e+00 -7.5084e-01 +4.7980e+00
5 +2.128225137e+03 +2.128225137e+03 +2.265095137e+03 +2.265095137e+03 -4.7133e-02 +2.2815e+00 -1.9322e+00 +4.0105e+00 -2.7901e+00 +7.2319e-01 +1.7777e+00 -6.6452e-01 -5.4355e-01 +1.7421e+00 -3.4061e+00 -3.8861e+00 -3.2422e+00 +2.1677e+00 -3.6497e+00 -4.4607e+00 -4.1601e+00 -1.2333e+00 -1.1160e+00 +2.4188e+00
40 +1.120446827e+03 +1.120446827e+03 +1.257316827e+03 +1.257316827e+03 -3.6035e+00 -7.3448e-01 -1.0609e-01 +3.5253e+00 +2.1587e+00 -4.0798e+00 -4.6518e+00 +4.6625e+00 -1.3264e+00 -2.3180e+00 -2.6675e+00 +1.4664e+00 -2.4662e+00 +1.7690e+00 +2.6777e+00 +6.9100e-01 +1.1020e+00 -1.3964e+00 +4.7765e-01 -1.8126e+00
228 +9.970891882e+02 +9.970891882e+02 +1.133959188e+03 +1.133959188e+03 -2.9677e+00 -9.7360e-01 +7.8427e-01 +7.6695e-02 -3.3297e+00 +1.1157e+00 -9.4443e-01 -5.1354e-01 +9.6678e-01 -1.2608e+00 -1.9418e+00 -2.2076e-01 +1.4456e+00 -2.3904e+00 -2.0258e+00 -1.3943e+00 -2.1557e+00 -2.2880e+00 +7.3717e-01 +2.2867e+00
1449 +5.537907383e+02 +5.537907383e+02 +6.906607383e+02 +6.906607383e+02 +7.0884e-01 +1.7741e+00 +1.2915e+00 -1.5365e+00 -3.3127e+00 +6.6817e-02 -2.9223e+00 +2.5593e-01 -1.9471e+00 -3.4172e+00 -3.2501e-01 +1.3694e+00 -6.3553e-01 +2.6346e-01 +2.3895e+00 +1.0520e-01 +4.3424e-01 -1.2998e-02 -2.2316e-01 -3.2967e+00
3403 +3.549960393e+02 +3.549960393e+02 +4.918660393e+02 +4.918660393e+02 -2.3962e+00 +1.7368e+00 +8.2078e-01 +1.8801e+00 -2.0341e+00 +9.3040e-01 -2.7132e+00 +4.0946e+00 +1.4998e-01 -4.1673e+00 -8.3453e-01 -1.9186e+00 +1.1518e+00 +4.1233e-01 +1.8029e+00 +1.5999e+00 +3.4111e-01 -2.5520e+00 +9.4913e-02 -2.7024e+00
6851 +2.182579859e+02 +2.182579859e+02 +3.551279859e+02 +3.551279859e+02 -1.3469e+00 +2.7177e+00 +2.3650e+00 +1.7651e+00 -7.3223e-01 +2.2786e+00 -1.3022e+00 +2.7496e+00 +1.4044e-01 -4.2239e+00 -1.9226e+00 -3.6495e+00 +1.2228e+00 -1.9907e+00 +2.6009e+00 +7.1165e-01 +1.0669e+00 -3.8382e+00 +1.0853e+00 -2.3681e+00
20293 +1.571641159e+02 +1.571641159e+02 +2.940341159e+02 +2.940341159e+02 +1.7538e+00 +3.6284e+00 +1.1419e+00 +1.5899e+00 -8.1194e-01 +2.9757e+00 +6.4529e-02 +2.4555e+00 -5.2341e-02 -4.2525e+00 -8.8822e-01 -2.3491e+00 +2.8578e+00 -9.0603e-01 +3.0322e+00 +7.2516e-01 +1.4318e+00 -3.1919e+00 +3.3658e-01 -2.3734e+00
146038 +9.618735913e+01 +9.618735913e+01 +2.330573591e+02 +2.330573591e+02 +2.4976e+00 +2.7075e+00 +2.0486e+00 +8.6012e-01 -2.5358e-01 +1.4775e+00 -7.7517e-01 +2.8960e+00 +7.9097e-02 -4.0377e+00 +1.0443e-01 -2.6121e+00 +3.3870e+00 -1.7051e-01 +3.1870e+00 +1.2226e+00 +1.5342e+00 -3.9180e+00 +7.4791e-01 -2.3852e+00
1876471 +6.291018153e+01 +6.291018153e+01 +1.997801815e+02 +1.997801815e+02 +2.6283e+00 +3.6526e+00 +3.6365e+00 +8.8483e-01 -2.2832e-01 +1.5340e+00 -3.2055e-01 +3.6460e+00 +2.6058e-02 -3.4715e+00 -5.2536e-01 -2.6580e+00 +3.2735e+00 -9.3560e-01 +3.3408e+00 +1.1847e+00 +1.5265e+00 -3.6107e+00 +7.6837e-01 -2.0249e+00
1950808 +3.980722555e+01 +3.980722555e+01 +1.766772255e+02 +1.766772255e+02 +2.3964e+00 +3.5157e+00 +2.9310e+00 +8.0092e-01 -1.3651e-01 +2.9404e+00 -2.9035e-01 +3.6232e+00 +5.1905e-02 -4.1551e+00 -3.7639e-01 -2.5592e+00 +3.2322e+00 -7.6023e-01 +3.3272e+00 +1.1819e+00 +1.8308e+00 -3.2124e+00 +1.0697e+00 -2.3554e+00
1976632 +2.504269744e+01 +2.504269744e+01 +1.619126974e+02 +1.619126974e+02 +2.4614e+00 +3.5399e+00 +2.9357e+00 +8.4561e-01 -2.1367e-01 +2.9787e+00 -2.9288e-01 +3.7335e+00 +9.5427e-02 -4.1891e+00 -3.7984e-01 -2.6028e+00 +3.2398e+00 -7.8425e-01 +3.3194e+00 +1.1789e+00 +1.8463e+00 -3.2635e+00 +1.0720e+00 -2.3439e+00
% function evaluation | noise-free fitness - Fopt (2.196000000000e+01) | best noise-free fitness - Fopt | measured fitness | best measured fitness | x1 | x2...
1 +1.724192580e+04 +1.724192580e+04 +1.726388580e+04 +1.726388580e+04 +3.6591e+00 -1.5707e+00 -3.6084e-01 +2.4194e+00 +1.3906e+00 -2.3756e+00 +4.7896e+00 -8.5164e-01 +3.4920e+00 -4.7571e+00 -4.9209e+00 -1.8531e+00 -1.6310e+00 -4.5985e-01 -4.4254e+00 -1.0098e+00 +4.8520e+00 +9.9144e-01 +4.0016e+00 -2.4122e+00
3 +9.444890177e+02 +9.444890177e+02 +9.664490177e+02 +9.664490177e+02 +3.0267e+00 -4.5855e+00 -3.4669e+00 +2.3274e+00 -3.7085e+00 +5.9033e-01 -7.7741e-01 -4.1382e+00 -2.0451e+00 -1.0719e+00 +1.6171e+00 -3.6215e-01 +2.4083e+00 +5.2841e-01 -2.9954e+00 +2.5321e+00 +1.5814e+00 -1.0897e+00 -3.8031e+00 +4.9935e-01
1024 +5.827776094e+02 +5.827776094e+02 +6.047376094e+02 +6.047376094e+02 +1.0299e+00 -1.0155e+00 +1.0462e+00 -1.9176e-01 +1.8360e+00 +2.4538e+00 -1.0040e+00 +3.1248e+00 -7.0616e-01 -7.0802e-01 -2.6372e+00 +6.0204e-01 -1.0334e+00 -1.5766e+00 +1.5903e+00 +6.9626e-01 +9.6548e-01 -4.0853e-01 -8.6680e-01 +1.8943e+00
2413 +3.909337297e+02 +3.909337297e+02 +4.128937297e+02 +4.128937297e+02 -2.1955e-01 +1.8800e+00 -1.7026e+00 +1.4077e+00 +1.9678e+00 -3.2494e-01 +2.1164e-01 +2.4212e-01 -2.0417e+00 +8.5328e-01 +3.5119e-01 -1.8776e+00 +2.8780e+00 +6.8425e-02 -1.1685e+00 -6.1136e-01 +2.1778e+00 -5.6194e-01 +6.2749e-01 -5.4675e-01
5237 +2.492670395e+02 +2.492670395e+02 +2.712270395e+02 +2.712270395e+02 +1.2415e+00 -1.5783e+00 +1.7989e+00 +1.4173e+00 -1.2198e+00 +6.7209e-01 +1.6621e+00 -5.6055e-01 -7.5652e-01 -4.1082e-01 +2.0671e-01 +5.3752e-02 +1.8778e+00 -2.1619e+00 +1.1671e+00 -6.9620e-01 +2.1440e+00 -1.7431e+00 -1.0026e+00 -4.3620e-01
18984 +1.531139684e+02 +1.531139684e+02 +1.750739684e+02 +1.750739684e+02 +1.9848e+00 +2.0608e+00 +1.2088e+00 +2.8198e+00 +1.2116e+00 +2.7294e+00 +3.0324e+00 -1.6927e-01 -7.6610e-01 +3.6191e-01 +1.7495e+00 -9.9730e-01 +3.2388e+00 -3.0686e+00 +1.8885e+00 -1.4928e+00 +1.9048e+00 -9.8713e-01 -6.5535e-01 -5.7319e-01
133000 +9.922168329e+01 +9.922168329e+01 +1.211816833e+02 +1.211816833e+02 +3.1858e+00 +3.8615e-01 -2.4702e-02 +2.3096e+00 +1.1632e+00 +3.3157e+00 +3.3202e+00 +1.4157e+00 -6.7486e-01 +7.9288e-01 +1.1460e+00 +3.7503e-02 +3.7735e+00 -3.3980e+00 +1.8712e+00 -1.0080e+00 +2.2612e+00 -5.0705e-01 +2.9549e-01 -5.6748e-01
1126117 +5.627324586e+01 +5.627324586e+01 +7.823324586e+01 +7.823324586e+01 +2.3316e+00 -7.8588e-01 +9.3708e-01 +2.3848e+00 +1.7246e+00 +2.7673e+00 +3.2012e+00 +1.3332e+00 -5.9348e-01 -3.6551e-01 +1.2813e+00 -4.7368e-01 +3.2872e+00 -3.0401e+00 +1.9688e+00 -1.0926e+00 +2.2998e+00 -6.8081e-01 +2.7735e-01 -9.0200e-01
1248282 +3.858441847e+01 +3.858441847e+01 +6.054441847e+01 +6.054441847e+01 +2.3887e+00 -6.8274e-01 +8.4257e-01 +2.3944e+00 +1.7073e+00 +2.8963e+00 +3.1383e+00 +1.3334e+00 -5.8402e-01 -3.0195e-01 +1.3244e+00 -5.2252e-01 +3.2803e+00 -3.0570e+00 +1.9671e+00 -1.0883e+00 +2.3146e+00 -5.8550e-01 +2.7360e-01 -9.1706e-01
1259912 +2.386118295e+01 +2.386118295e+01 +4.582118295e+01 +4.582118295e+01 +2.3001e+00 -7.0614e-01 +8.1653e-01 +2.3783e+00 +1.7215e+00 +2.8317e+00 +3.1706e+00 +1.2512e+00 -5.7716e-01 -3.1990e-01 +1.2875e+00 -5.5056e-01 +3.3237e+00 -3.0165e+00 +1.9533e+00 -1.0372e+00 +2.2863e+00 -5.4757e-01 +2.7935e-01 -8.9810e-01
1263270 +1.584808988e+01 +1.584808988e+01 +3.780808988e+01 +3.780808988e+01 +2.2631e+00 -6.5643e-01 +7.7076e-01 +2.2988e+00 +1.7621e+00 +2.8356e+00 +3.1364e+00 +1.2367e+00 -5.5755e-01 -3.2190e-01 +1.2941e+00 -5.5545e-01 +3.3500e+00 -3.0146e+00 +1.9409e+00 -1.0422e+00 +2.3217e+00 -5.8456e-01 +2.6782e-01 -8.7801e-01
% function evaluation | noise-free fitness - Fopt (-2.139000000000e+01) | best noise-free fitness - Fopt | measured fitness | best measured fitness | x1 | x2...
1 +2.793278022e+03 +2.793278022e+03 +2.771888022e+03 +2.771888022e+03 +2.5102e+00 +3.5218e+00 -2.8482e+00 -3.5633e+00 -4.3471e+00 +4.0369e+00 -5.9075e-01 +1.5515e+00 -1.1493e+00 +4.3859e+00 -4.1181e+00 +1.6911e+00 +2.5672e+00 -3.1668e+00 +3.0633e+00 -4.6183e+00 +2.8946e+00 -2.5420e+00 +1.2028e+00 +2.5616e+00
3 +1.554833162e+03 +1.554833162e+03 +1.533443162e+03 +1.533443162e+03 -4.7968e+00 +3.4138e+00 +3.0496e+00 +1.9207e+00 -3.2732e+00 -3.0637e+00 +1.2408e+00 +3.6319e+00 +2.2583e+00 -3.5936e+00 -4.0098e-01 -2.8065e+00 +2.7213e+00 -1.8274e+00 -1.9820e-02 +8.4681e-01 -6.5858e-01 -3.6764e+00 -2.0935e+00 +4.9945e+00
57 +8.406035268e+02 +8.406035268e+02 +8.192135268e+02 +8.192135268e+02 +3.4199e+00 +3.0258e+00 -7.7922e-01 -4.9549e+00 +1.3420e+00 -1.1978e+00 -1.2678e+00 +4.3563e-01 -4.8045e-02 -3.8583e+00 -2.3378e+00 -3.1313e+00 -1.0030e+00 +4.5660e+00 -9.1708e-01 +2.2803e+00 -6.9066e-01 +4.4323e+00 +5.9335e-01 +2.4154e+00
366 +5.649314521e+02 +5.649314521e+02 +5.435414521e+02 +5.435414521e+02 -6.3753e-01 -1.2689e-01 +9.7667e-02 -4.5032e-01 -4.5953e+00 +2.3077e+00 -1.1107e-01 +1.7103e+00 -2.4864e-01 -1.2046e+00 -8.4998e-01 -2.9132e-01 -1.0349e+00 -1.0251e+00 +1.2303e+00 -3.3055e+00 +1.2725e+00 +2.1226e-01 +2.3073e+00 +2.8637e+00
2078 +3.575455027e+02 +3.575455027e+02 +3.361555027e+02 +3.361555027e+02 +1.0534e+00 +4.0090e-01 +2.8741e-01 -4.8849e+00 +2.9031e-01 +2.7632e+00 -1.7928e-01 +8.5766e-01 +1.0573e+00 -1.3783e+00 -1.4684e+00 -2.2082e-01 -2.0747e-01 -1.6452e+00 +2.0767e+00 +1.8324e+00 -1.1019e+00 +2.0313e+00 +2.2145e+00 +1.4623e+00
6173 +2.085072503e+02 +2.085072503e+02 +1.871172503e+02 +1.871172503e+02 -1.4223e-01 +2.7856e+00 -1.7478e+00 +9.4413e-02 +9.5558e-01 +1.9669e+00 +2.6966e+00 +1.2709e+00 +2.7653e+00 -5.0888e-01 +2.3662e-01 -1.7150e+00 +1.0652e+00 -1.9681e+00 +9.0005e-01 +1.1633e+00 +4.9873e-01 +2.3122e+00 +1.4303e+00 +1.7936e+00
13002 +1.560962155e+02 +1.560962155e+02 +1.347062155e+02 +1.347062155e+02 +2.1135e+00 +1.8182e+00 -1.3200e+00 -3.8799e+00 +1.4741e+00 +1.1279e+00 +2.7740e+00 +1.1074e+00 +1.7360e+00 -9.7012e-01 +9.6889e-01 -2.5486e+00 +1.0377e+00 -2.0634e+00 +2.3377e+00 +1.3737e+00 +4.3611e-01 +2.7334e+00 +2.0279e+00 +2.9099e+00
331236 +9.825004579e+01 +9.825004579e+01 +7.686004579e+01 +7.686004579e+01 +9.8069e-01 +1.8911e+00 -5.4416e-01 -3.1247e+00 +1.4124e+00 +1.7819e+00 +2.6202e+00 +1.2336e+00 +3.4093e+00 +1.7080e-01 +3.7850e-01 -2.4027e+00 +1.9824e+00 -2.7642e+00 +2.2681e+00 +1.6673e+00 +8.3772e-01 +2.2680e+00 +2.3094e+00 +3.4358e+00
1933247 +4.808500432e+01 +4.808500432e+01 +2.669500432e+01 +2.669500432e+01 +1.3232e+00 +1.9441e+00 +1.1227e-01 -3.0757e+00 +8.1556e-01 +1.8809e+00 +3.3149e+00 +1.9629e+00 +2.8090e+00 -1.0979e+00 +3.3294e-01 -1.6846e+00 +1.5050e+00 -2.3440e+00 +2.1946e+00 +1.2823e+00 +8.8009e-01 +2.3515e+00 +1.9805e+00 +3.2300e+00
% function evaluation | noise-free fitness - Fopt (5.176600000000e+02) | best noise-free fitness - Fopt | measured fitness | best measured fitness | x1 | x2...
1 +2.494035344e+03 +2.494035344e+03 +3.011695344e+03 +3.011695344e+03 +1.6529e+00 -3.5719e+00 +3.5391e+00 -4.6306e+00 -4.0342e+00 +2.5507e+00 -1.0712e+00 +4.0415e-01 -1.8661e+00 +3.8973e+00 -3.4630e+00 +2.8944e+00 +3.8433e+00 +2.6077e+00 +1.6640e+00 +2.9020e+00 -4.7429e+00 -4.6253e+00 +2.5160e+00 +2.2531e+00
4 +1.194814573e+03 +1.194814573e+03 +1.712474573e+03 +1.712474573e+03 -1.8996e+00 -1.2126e+00 -1.5361e+00 +2.8961e+00 -2.5110e-01 +7.7881e-01 +3.7815e+00 +4.9863e+00 -1.2723e+00 +1.5434e+00 +6.6487e-01 -2.3626e+00 -1.6491e-01 +3.8788e+00 +1.8168e+00 +2.9496e+00 -3.2059e+00 -2.1761e+00 -1.0113e+00 +1.0326e+00
59 +9.832732467e+02 +9.832732467e+02 +1.500933247e+03 +1.500933247e+03 -4.9021e+00 +4.1606e+00 -4.4651e+00 +3.1412e+00 +8.7593e-01 +4.0404e+00 +3.0058e+00 +7.0638e-01 -1.9551e+00 +2.0216e+00 -2.1858e+00 -2.8704e+00 -3.9490e+00 +2.1919e+00 -2.9507e+00 +8.2413e-01 -2.0653e+00 -1.4501e+00 +2.6556e+00 -3.9192e+00
1016 +4.737963205e+02 +4.737963205e+02 +9.914563205e+02 +9.914563205e+02 +4.2090e+00 +1.4856e+00 -3.3715e+00 -1.4590e+00 +4.0308e-01 +1.7942e-01 +4.0516e+00 -8.3303e-01 -6.7008e-01 +2.2461e+00 -8.5052e-01 -1.2859e+00 +1.3005e+00 +7.0288e-01 -2.3439e+00 +4.7095e-01 +1.2468e+00 -1.7075e+00 +8.1808e-01 -1.0965e+00
1991 +3.659477830e+02 +3.659477830e+02 +8.836077830e+02 +8.836077830e+02 +3.0883e+00 +1.5038e+00 -3.6845e+00 +3.9896e-01 +6.3058e-01 -2.0481e+00 +8.2906e-01 -8.4732e-01 -1.4273e+00 +4.0862e-01 -1.6521e+00 -1.3829e+00 +2.0788e+00 +2.1114e+00 +1.3575e+00 -4.1795e-01 -7.3757e-01 +8.3042e-01 +2.7662e+00 -1.0903e+00
5469 +2.386870772e+02 +2.386870772e+02 +7.563470772e+02 +7.563470772e+02 +1.9467e+00 +1.6843e+00 -2.1478e+00 +2.5346e-01 +1.0545e+00 +1.9681e-02 +1.8841e+00 -5.6718e-01 -1.2079e+00 +1.8172e+00 -1.2543e+00 -1.7579e+00 +2.6640e+00 -1.3972e-01 +1.0362e+00 +1.4714e+00 +3.3425e-02 +3.6870e-01 +1.5586e+00 -1.8910e+00
22219 +1.444304102e+02 +1.444304102e+02 +6.620904102e+02 +6.620904102e+02 +2.1137e+00 +4.7346e-01 -2.3128e-01 +2.0599e+00 +4.0489e-01 +8.9890e-01 +2.7495e+00 +6.4774e-01 -5.6849e-01 +1.6177e+00 -4.4022e-01 -2.3603e+00 +3.4638e+00 -1.0124e+00 +1.4544e+00 +1.0641e+00 +1.2932e+00 +5.9333e-01 +1.5825e+00 -2.3276e+00
177182 +9.869261382e+01 +9.869261382e+01 +6.163526138e+02 +6.163526138e+02 +2.8202e+00 +2.2657e+00 -2.7545e-01 +3.8660e+00 +3.4567e-01 +9.8971e-01 +3.1696e+00 -8.0061e-02 -1.5602e-01 +1.6103e+00 +1.7836e-01 -2.1050e+00 +3.9010e+00 -7.4865e-01 +1.4878e+00 +1.5649e+00 +1.6120e+00 +1.2388e+00 +2.0200e+00 -2.7606e+00
1100330 +6.196329614e+01 +6.196329614e+01 +5.796232961e+02 +5.796232961e+02 +2.8329e+00 +2.1672e+00 -3.8794e-01 +2.8643e+00 +6.2619e-01 -5.5296e-01 +3.2342e+00 +4.6264e-01 -1.1883e-01 +1.0631e+00 -3.7620e-01 -2.3857e+00 +3.4879e+00 -5.2734e-01 +1.1023e+00 +1.8605e+00 +1.6879e+00 +1.3592e+00 +2.0856e+00 -2.7656e+00
1186540 +3.979324915e+01 +3.979324915e+01 +5.574532492e+02 +5.574532492e+02 +2.8690e+00 +2.1791e+00 -3.4264e-01 +2.8723e+00 +5.2453e-01 -5.9737e-01 +3.1983e+00 +5.1184e-01 -7.8342e-02 +1.0984e+00 -3.5815e-01 -2.4814e+00 +3.4588e+00 -4.8533e-01 +1.1318e+00 +1.8930e+00 +1.6817e+00 +1.3401e+00 +2.0629e+00 -2.7456e+00
1250559 +2.511848062e+01 +2.511848062e+01 +5.427784806e+02 +5.427784806e+02 +2.8907e+00 +2.2127e+00 -3.1188e-01 +2.8679e+00 +4.9380e-01 -6.2700e-01 +3.1771e+00 +5.2570e-01 -4.1233e-02 +1.0759e+00 -3.0324e-01 -2.4093e+00 +3.4524e+00 -4.6041e-01 +1.0847e+00 +1.9650e+00 +1.6472e+00 +1.3000e+00 +2.0823e+00 -2.7451e+00
