% function evaluation | noise-free fitness - Fopt (-5.494000000000e+01) | best noise-free fitness - Fopt | measured fitness | best measured fitness | x1 | x2...
1 +1.080784459e+08 +1.080784459e+08 +1.080783910e+08 +1.080783910e+08
2 +3.410796297e+07 +3.410796297e+07 +3.410790803e+07 +3.410790803e+07
6 +1.546692840e+07 +1.546692840e+07 +1.546687346e+07 +1.546687346e+07
281 +9.581686801e+06 +9.581686801e+06 +9.581631861e+06 +9.581631861e+06
750 +5.963806622e+06 +5.963806622e+06 +5.963751682e+06 +5.963751682e+06
1084 +3.467425997e+06 +3.467425997e+06 +3.467371057e+06 +3.467371057e+06
2635 +2.116469724e+06 +2.116469724e+06 +2.116414784e+06 +2.116414784e+06
5960 +1.359021649e+06 +1.359021649e+06 +1.358966709e+06 +1.358966709e+06
7635 +9.312042406e+05 +9.312042406e+05 +9.311493006e+05 +9.311493006e+05
8837 +5.339318664e+05 +5.339318664e+05 +5.338769264e+05 +5.338769264e+05
10761 +3.843646807e+05 +3.843646807e+05 +3.843097407e+05 +3.843097407e+05
13362 +2.207334851e+05 +2.207334851e+05 +2.206785451e+05 +2.206785451e+05
15254 +1.226995519e+05 +1.226995519e+05 +1.226446119e+05 +1.226446119e+05
17539 +9.276482591e+04 +9.276482591e+04 +9.270988591e+04 +9.270988591e+04
19232 +5.707121637e+04 +5.707121637e+04 +5.701627637e+04 +5.701627637e+04
19943 +3.812374760e+04 +3.812374760e+04 +3.806880760e+04 +3.806880760e+04
22845 +1.843558219e+04 +1.843558219e+04 +1.838064219e+04 +1.838064219e+04
24346 +1.433203679e+04 +1.433203679e+04 +1.427709679e+04 +1.427709679e+04
27644 +9.654329246e+03 +9.654329246e+03 +9.599389246e+03 +9.599389246e+03
29303 +6.109524393e+03 +6.109524393e+03 +6.054584393e+03 +6.054584393e+03
31886 +3.618510865e+03 +3.618510865e+03 +3.563570865e+03 +3.563570865e+03
34413 +2.501626959e+03 +2.501626959e+03 +2.446686959e+03 +2.446686959e+03
37927 +1.564174669e+03 +1.564174669e+03 +1.509234669e+03 +1.509234669e+03
40946 +9.712354985e+02 +9.712354985e+02 +9.162954985e+02 +9.162954985e+02
45734 +5.478010034e+02 +5.478010034e+02 +4.928610034e+02 +4.928610034e+02
47352 +3.859221950e+02 +3.859221950e+02 +3.309821950e+02 +3.309821950e+02
49765 +2.473317363e+02 +2.473317363e+02 +1.923917363e+02 +1.923917363e+02
52244 +1.508548150e+02 +1.508548150e+02 +9.591481503e+01 +9.591481503e+01
55443 +9.573961273e+01 +9.573961273e+01 +4.079961273e+01 +4.079961273e+01
58552 +6.298408910e+01 +6.298408910e+01 +8.044089098e+00 +8.044089098e+00
60674 +3.938900332e+01 +3.938900332e+01 -1.555099668e+01 -1.555099668e+01
65091 +2.480513553e+01 +2.480513553e+01 -3.013486447e+01 -3.013486447e+01
68881 +1.481120748e+01 +1.481120748e+01 -4.012879252e+01 -4.012879252e+01
71977 +9.623189293e+00 +9.623189293e+00 -4.531681071e+01 -4.531681071e+01
74579 +6.230766945e+00 +6.230766945e+00 -4.870923305e+01 -4.870923305e+01
77709 +3.502506308e+00 +3.502506308e+00 -5.143749369e+01 -5.143749369e+01
82330 +2.315546422e+00 +2.315546422e+00 -5.262445358e+01 -5.262445358e+01
85609 +1.570059148e+00 +1.570059148e+00 -5.336994085e+01 -5.336994085e+01
88772 +9.439792294e-01 +9.439792294e-01 -5.399602077e+01 -5.399602077e+01
92852 +6.205785771e-01 +6.205785771e-01 -5.431942142e+01 -5.431942142e+01
96742 +3.872325346e-01 +3.872325346e-01 -5.455276747e+01 -5.455276747e+01
100094 +2.367673675e-01 +2.367673675e-01 -5.470323263e+01 -5.470323263e+01
103001 +1.576205746e-01 +1.576205746e-01 -5.478237943e+01 -5.478237943e+01
107345 +9.570713566e-02 +9.570713566e-02 -5.484429286e+01 -5.484429286e+01
110271 +5.250630917e-02 +5.250630917e-02 -5.488749369e+01 -5.488749369e+01
114081 +3.771286052e-02 +3.771286052e-02 -5.490228714e+01 -5.490228714e+01
117039 +2.444670219e-02 +2.444670219e-02 -5.491555330e+01 -5.491555330e+01
120443 +1.409560678e-02 +1.409560678e-02 -5.492590439e+01 -5.492590439e+01
122280 +9.792020831e-03 +9.792020831e-03 -5.493020798e+01 -5.493020798e+01
124877 +5.935528718e-03 +5.935528718e-03 -5.493406447e+01 -5.493406447e+01
127307 +3.929710741e-03 +3.929710741e-03 -5.493607029e+01 -5.493607029e+01
130329 +2.506826133e-03 +2.506826133e-03 -5.493749317e+01 -5.493749317e+01
132646 +1.363138207e-03 +1.363138207e-03 -5.493863686e+01 -5.493863686e+01
135909 +9.802014662e-04 +9.802014662e-04 -5.493901980e+01 -5.493901980e+01
138973 +5.821094772e-04 +5.821094772e-04 -5.493941789e+01 -5.493941789e+01
141854 +3.974753997e-04 +3.974753997e-04 -5.493960252e+01 -5.493960252e+01
144910 +2.474352391e-04 +2.474352391e-04 -5.493975256e+01 -5.493975256e+01
146353 +1.562458439e-04 +1.562458439e-04 -5.493984375e+01 -5.493984375e+01
150130 +9.443591723e-05 +9.443591723e-05 -5.493990556e+01 -5.493990556e+01
152946 +4.838483582e-05 +4.838483582e-05 -5.493995162e+01 -5.493995162e+01
154732 +3.467441022e-05 +3.467441022e-05 -5.493996533e+01 -5.493996533e+01
159081 +2.421242009e-05 +2.421242009e-05 -5.493997579e+01 -5.493997579e+01
160880 +1.490350262e-05 +1.490350262e-05 -5.493998510e+01 -5.493998510e+01
162925 +9.355992255e-06 +9.355992255e-06 -5.493999064e+01 -5.493999064e+01
166088 +6.191267822e-06 +6.191267822e-06 -5.493999381e+01 -5.493999381e+01
168179 +3.949876394e-06 +3.949876394e-06 -5.493999605e+01 -5.493999605e+01
171492 +2.483502307e-06 +2.483502307e-06 -5.493999752e+01 -5.493999752e+01
173670 +1.480580089e-06 +1.480580089e-06 -5.493999852e+01 -5.493999852e+01
175647 +8.043944817e-07 +8.043944817e-07 -5.493999920e+01 -5.493999920e+01
178446 +6.284604481e-07 +6.284604481e-07 -5.493999937e+01 -5.493999937e+01
181224 +3.003008828e-07 +3.003008828e-07 -5.493999970e+01 -5.493999970e+01
184297 +1.801419884e-07 +1.801419884e-07 -5.493999982e+01 -5.493999982e+01
186450 +1.578537479e-07 +1.578537479e-07 -5.493999984e+01 -5.493999984e+01
189811 +9.589577843e-08 +9.589577843e-08 -5.493999990e+01 -5.493999990e+01
192660 +6.254585827e-08 +6.254585827e-08 -5.493999994e+01 -5.493999994e+01
194746 +3.865439169e-08 +3.865439169e-08 -5.493999996e+01 -5.493999996e+01
198550 +2.305193902e-08 +2.305193902e-08 -5.493999998e+01 -5.493999998e+01
199731 +1.531885374e-08 +1.531885374e-08 -5.493999998e+01 -5.493999998e+01
202283 +9.600029216e-09 +9.600029216e-09 -5.493999999e+01 -5.493999999e+01
% function evaluation | noise-free fitness - Fopt (5.913000000000e+01) | best noise-free fitness - Fopt | measured fitness | best measured fitness | x1 | x2...
1 +9.252192200e+07 +9.252192200e+07 +9.252198113e+07 +9.252198113e+07
2 +9.059056784e+06 +9.059056784e+06 +9.059115914e+06 +9.059115914e+06
1552 +3.864515243e+06 +3.864515243e+06 +3.864574373e+06 +3.864574373e+06
4972 +2.482468582e+06 +2.482468582e+06 +2.482527712e+06 +2.482527712e+06
6264 +8.600118234e+05 +8.600118234e+05 +8.600709534e+05 +8.600709534e+05
10100 +5.500882011e+05 +5.500882011e+05 +5.501473311e+05 +5.501473311e+05
11648 +3.696296330e+05 +3.696296330e+05 +3.696887630e+05 +3.696887630e+05
13477 +2.444552387e+05 +2.444552387e+05 +2.445143687e+05 +2.445143687e+05
15436 +1.584372885e+05 +1.584372885e+05 +1.584964185e+05 +1.584964185e+05
17198 +8.460203435e+04 +8.460203435e+04 +8.466116435e+04 +8.466116435e+04
18853 +4.803063062e+04 +4.803063062e+04 +4.808976062e+04 +4.808976062e+04
20764 +3.919556787e+04 +3.919556787e+04 +3.925469787e+04 +3.925469787e+04
22079 +2.129013660e+04 +2.129013660e+04 +2.134926660e+04 +2.134926660e+04
24754 +1.370719688e+04 +1.370719688e+04 +1.376632688e+04 +1.376632688e+04
27381 +8.885616254e+03 +8.885616254e+03 +8.944746254e+03 +8.944746254e+03
28703 +6.087254371e+03 +6.087254371e+03 +6.146384371e+03 +6.146384371e+03
32118 +3.673488826e+03 +3.673488826e+03 +3.732618826e+03 +3.732618826e+03
32581 +2.481505481e+03 +2.481505481e+03 +2.540635481e+03 +2.540635481e+03
38019 +1.369277308e+03 +1.369277308e+03 +1.428407308e+03 +1.428407308e+03
40908 +9.158317156e+02 +9.158317156e+02 +9.749617156e+02 +9.749617156e+02
43837 +6.040822230e+02 +6.040822230e+02 +6.632122230e+02 +6.632122230e+02
47604 +3.244634528e+02 +3.244634528e+02 +3.835934528e+02 +3.835934528e+02
50838 +2.463425077e+02 +2.463425077e+02 +3.054725077e+02 +3.054725077e+02
54978 +1.430394479e+02 +1.430394479e+02 +2.021694479e+02 +2.021694479e+02
57623 +9.473977147e+01 +9.473977147e+01 +1.538697715e+02 +1.538697715e+02
61297 +6.166480225e+01 +6.166480225e+01 +1.207948023e+02 +1.207948023e+02
66091 +3.960087315e+01 +3.960087315e+01 +9.873087315e+01 +9.873087315e+01
71398 +2.509254820e+01 +2.509254820e+01 +8.422254820e+01 +8.422254820e+01
75302 +1.581268735e+01 +1.581268735e+01 +7.494268735e+01 +7.494268735e+01
78705 +9.407241091e+00 +9.407241091e+00 +6.853724109e+01 +6.853724109e+01
80534 +6.167586662e+00 +6.167586662e+00 +6.529758666e+01 +6.529758666e+01
84432 +3.261683753e+00 +3.261683753e+00 +6.239168375e+01 +6.239168375e+01
86997 +2.360689068e+00 +2.360689068e+00 +6.149068907e+01 +6.149068907e+01
88853 +1.507701786e+00 +1.507701786e+00 +6.063770179e+01 +6.063770179e+01
92482 +8.827582136e-01 +8.827582136e-01 +6.001275821e+01 +6.001275821e+01
94442 +5.658165231e-01 +5.658165231e-01 +5.969581652e+01 +5.969581652e+01
95711 +3.953189853e-01 +3.953189853e-01 +5.952531899e+01 +5.952531899e+01
100257 +2.426748486e-01 +2.426748486e-01 +5.937267485e+01 +5.937267485e+01
102898 +1.482470658e-01 +1.482470658e-01 +5.927824707e+01 +5.927824707e+01
106654 +9.406284432e-02 +9.406284432e-02 +5.922406284e+01 +5.922406284e+01
110465 +6.219206946e-02 +6.219206946e-02 +5.919219207e+01 +5.919219207e+01
112287 +3.814456951e-02 +3.814456951e-02 +5.916814457e+01 +5.916814457e+01
115936 +2.346940380e-02 +2.346940380e-02 +5.915346940e+01 +5.915346940e+01
118112 +1.314910852e-02 +1.314910852e-02 +5.914314911e+01 +5.914314911e+01
121244 +9.944375044e-03 +9.944375044e-03 +5.913994438e+01 +5.913994438e+01
124184 +5.925425196e-03 +5.925425196e-03 +5.913592543e+01 +5.913592543e+01
126434 +3.878702289e-03 +3.878702289e-03 +5.913387870e+01 +5.913387870e+01
128843 +2.368116031e-03 +2.368116031e-03 +5.913236812e+01 +5.913236812e+01
131292 +1.534859353e-03 +1.534859353e-03 +5.913153486e+01 +5.913153486e+01
134189 +9.512520034e-04 +9.512520034e-04 +5.913095125e+01 +5.913095125e+01
137225 +5.833255306e-04 +5.833255306e-04 +5.913058333e+01 +5.913058333e+01
138856 +3.885722070e-04 +3.885722070e-04 +5.913038857e+01 +5.913038857e+01
142180 +2.465725737e-04 +2.465725737e-04 +5.913024657e+01 +5.913024657e+01
145701 +1.562243399e-04 +1.562243399e-04 +5.913015622e+01 +5.913015622e+01
147810 +8.762792525e-05 +8.762792525e-05 +5.913008763e+01 +5.913008763e+01
152068 +6.179248167e-05 +6.179248167e-05 +5.913006179e+01 +5.913006179e+01
155365 +3.552688519e-05 +3.552688519e-05 +5.913003553e+01 +5.913003553e+01
158109 +2.345763104e-05 +2.345763104e-05 +5.913002346e+01 +5.913002346e+01
160041 +1.515735770e-05 +1.515735770e-05 +5.913001516e+01 +5.913001516e+01
162826 +9.815479451e-06 +9.815479451e-06 +5.913000982e+01 +5.913000982e+01
166090 +6.181926132e-06 +6.181926132e-06 +5.913000618e+01 +5.913000618e+01
169173 +3.439150674e-06 +3.439150674e-06 +5.913000344e+01 +5.913000344e+01
172611 +2.449371976e-06 +2.449371976e-06 +5.913000245e+01 +5.913000245e+01
176120 +1.532633391e-06 +1.532633391e-06 +5.913000153e+01 +5.913000153e+01
179416 +9.595487853e-07 +9.595487853e-07 +5.913000096e+01 +5.913000096e+01
182741 +5.500372566e-07 +5.500372566e-07 +5.913000055e+01 +5.913000055e+01
184532 +3.308142880e-07 +3.308142880e-07 +5.913000033e+01 +5.913000033e+01
186257 +2.196184212e-07 +2.196184212e-07 +5.913000022e+01 +5.913000022e+01
189025 +1.429329117e-07 +1.429329117e-07 +5.913000014e+01 +5.913000014e+01
191770 +9.894810660e-08 +9.894810660e-08 +5.913000010e+01 +5.913000010e+01
195885 +6.306548528e-08 +6.306548528e-08 +5.913000006e+01 +5.913000006e+01
198618 +3.957061523e-08 +3.957061523e-08 +5.913000004e+01 +5.913000004e+01
201750 +2.360503260e-08 +2.360503260e-08 +5.913000002e+01 +5.913000002e+01
204198 +1.517179271e-08 +1.517179271e-08 +5.913000002e+01 +5.913000002e+01
207354 +9.825143366e-09 +9.825143366e-09 +5.913000001e+01 +5.913000001e+01
% function evaluation | noise-free fitness - Fopt (-4.915300000000e+02) | best noise-free fitness - Fopt | measured fitness | best measured fitness | x1 | x2...
1 +7.530590458e+07 +7.530590458e+07 +7.530541305e+07 +7.530541305e+07
2 +4.277325250e+07 +4.277325250e+07 +4.277276097e+07 +4.277276097e+07
4 +3.686832939e+07 +3.686832939e+07 +3.686783786e+07 +3.686783786e+07
6 +9.449955252e+06 +9.449955252e+06 +9.449463722e+06 +9.449463722e+06
2048 +5.931161004e+06 +5.931161004e+06 +5.930669474e+06 +5.930669474e+06
2518 +3.637533649e+06 +3.637533649e+06 +3.637042119e+06 +3.637042119e+06
3893 +1.972809136e+06 +1.972809136e+06 +1.972317606e+06 +1.972317606e+06
6465 +1.481991364e+06 +1.481991364e+06 +1.481499834e+06 +1.481499834e+06
7178 +9.752263155e+05 +9.752263155e+05 +9.747347855e+05 +9.747347855e+05
9106 +6.121379161e+05 +6.121379161e+05 +6.116463861e+05 +6.116463861e+05
11706 +3.399490668e+05 +3.399490668e+05 +3.394575368e+05 +3.394575368e+05
14225 +1.469510762e+05 +1.469510762e+05 +1.464595462e+05 +1.464595462e+05
18217 +8.447917729e+04 +8.447917729e+04 +8.398764729e+04 +8.398764729e+04
19658 +5.351224990e+04 +5.351224990e+04 +5.302071990e+04 +5.302071990e+04
21443 +3.346661536e+04 +3.346661536e+04 +3.297508536e+04 +3.297508536e+04
24097 +1.842864032e+04 +1.842864032e+04 +1.793711032e+04 +1.793711032e+04
25859 +1.389938925e+04 +1.389938925e+04 +1.340785925e+04 +1.340785925e+04
27256 +9.901106996e+03 +9.901106996e+03 +9.409576996e+03 +9.409576996e+03
30099 +5.469275058e+03 +5.469275058e+03 +4.977745058e+03 +4.977745058e+03
33181 +3.860301222e+03 +3.860301222e+03 +3.368771222e+03 +3.368771222e+03
35608 +2.499600050e+03 +2.499600050e+03 +2.008070050e+03 +2.008070050e+03
37717 +1.300478623e+03 +1.300478623e+03 +8.089486235e+02 +8.089486235e+02
41484 +8.556190397e+02 +8.556190397e+02 +3.640890397e+02 +3.640890397e+02
44435 +5.527149187e+02 +5.527149187e+02 +6.118491868e+01 +6.118491868e+01
47663 +3.467316566e+02 +3.467316566e+02 -1.447983434e+02 -1.447983434e+02
52543 +2.246662653e+02 +2.246662653e+02 -2.668637347e+02 -2.668637347e+02
57648 +1.491098287e+02 +1.491098287e+02 -3.424201713e+02 -3.424201713e+02
66077 +9.948349351e+01 +9.948349351e+01 -3.920465065e+02 -3.920465065e+02
71756 +6.044637787e+01 +6.044637787e+01 -4.310836221e+02 -4.310836221e+02
78157 +3.800236202e+01 +3.800236202e+01 -4.535276380e+02 -4.535276380e+02
86794 +2.502426117e+01 +2.502426117e+01 -4.665057388e+02 -4.665057388e+02
92173 +1.546250631e+01 +1.546250631e+01 -4.760674937e+02 -4.760674937e+02
98388 +9.985634614e+00 +9.985634614e+00 -4.815443654e+02 -4.815443654e+02
101615 +6.266096729e+00 +6.266096729e+00 -4.852639033e+02 -4.852639033e+02
105489 +3.903840626e+00 +3.903840626e+00 -4.876261594e+02 -4.876261594e+02
110471 +2.425667793e+00 +2.425667793e+00 -4.891043322e+02 -4.891043322e+02
114730 +1.536300729e+00 +1.536300729e+00 -4.899936993e+02 -4.899936993e+02
119477 +9.689954776e-01 +9.689954776e-01 -4.905610045e+02 -4.905610045e+02
123883 +6.181314078e-01 +6.181314078e-01 -4.909118686e+02 -4.909118686e+02
129694 +3.964556334e-01 +3.964556334e-01 -4.911335444e+02 -4.911335444e+02
133441 +2.457645937e-01 +2.457645937e-01 -4.912842354e+02 -4.912842354e+02
138627 +1.581825350e-01 +1.581825350e-01 -4.913718175e+02 -4.913718175e+02
142930 +9.456655254e-02 +9.456655254e-02 -4.914354334e+02 -4.914354334e+02
146369 +6.160074360e-02 +6.160074360e-02 -4.914683993e+02 -4.914683993e+02
151258 +3.890615856e-02 +3.890615856e-02 -4.914910938e+02 -4.914910938e+02
154425 +2.463532148e-02 +2.463532148e-02 -4.915053647e+02 -4.915053647e+02
158735 +1.573050615e-02 +1.573050615e-02 -4.915142695e+02 -4.915142695e+02
162902 +8.555237597e-03 +8.555237597e-03 -4.915214448e+02 -4.915214448e+02
165826 +5.776143180e-03 +5.776143180e-03 -4.915242239e+02 -4.915242239e+02
170613 +3.842732436e-03 +3.842732436e-03 -4.915261573e+02 -4.915261573e+02
174148 +2.454140430e-03 +2.454140430e-03 -4.915275459e+02 -4.915275459e+02
178477 +1.503382589e-03 +1.503382589e-03 -4.915284966e+02 -4.915284966e+02
182192 +9.739037914e-04 +9.739037914e-04 -4.915290261e+02 -4.915290261e+02
185531 +6.066735575e-04 +6.066735575e-04 -4.915293933e+02 -4.915293933e+02
188843 +3.910051829e-04 +3.910051829e-04 -4.915296090e+02 -4.915296090e+02
191901 +2.426686634e-04 +2.426686634e-04 -4.915297573e+02 -4.915297573e+02
196619 +1.443087240e-04 +1.443087240e-04 -4.915298557e+02 -4.915298557e+02
199732 +9.989503883e-05 +9.989503883e-05 -4.915299001e+02 -4.915299001e+02
207021 +6.232743874e-05 +6.232743874e-05 -4.915299377e+02 -4.915299377e+02
212721 +3.950342125e-05 +3.950342125e-05 -4.915299605e+02 -4.915299605e+02
217148 +2.461773215e-05 +2.461773215e-05 -4.915299754e+02 -4.915299754e+02
223013 +1.572726950e-05 +1.572726950e-05 -4.915299843e+02 -4.915299843e+02
226940 +9.520195590e-06 +9.520195590e-06 -4.915299905e+02 -4.915299905e+02
232201 +6.275788166e-06 +6.275788166e-06 -4.915299937e+02 -4.915299937e+02
238212 +3.868354725e-06 +3.868354725e-06 -4.915299961e+02 -4.915299961e+02
242559 +2.479700299e-06 +2.479700299e-06 -4.915299975e+02 -4.915299975e+02
245640 +1.468048538e-06 +1.468048538e-06 -4.915299985e+02 -4.915299985e+02
251447 +8.753857514e-07 +8.753857514e-07 -4.915299991e+02 -4.915299991e+02
256614 +6.277609259e-07 +6.277609259e-07 -4.915299994e+02 -4.915299994e+02
260914 +3.560286359e-07 +3.560286359e-07 -4.915299996e+02 -4.915299996e+02
264282 +2.501860763e-07 +2.501860763e-07 -4.915299997e+02 -4.915299997e+02
267598 +1.533633736e-07 +1.533633736e-07 -4.915299998e+02 -4.915299998e+02
272444 +9.957017255e-08 +9.957017255e-08 -4.915299999e+02 -4.915299999e+02
276088 +6.184183121e-08 +6.184183121e-08 -4.915299999e+02 -4.915299999e+02
280118 +3.955699412e-08 +3.955699412e-08 -4.915300000e+02 -4.915300000e+02
283489 +2.505169050e-08 +2.505169050e-08 -4.915300000e+02 -4.915300000e+02
287426 +1.553752327e-08 +1.553752327e-08 -4.915300000e+02 -4.915300000e+02
290932 +9.551797575e-09 +9.551797575e-09 -4.915300000e+02 -4.915300000e+02
% function evaluation | noise-free fitness - Fopt (-1.702000000000e+02) | best noise-free fitness - Fopt | measured fitness | best measured fitness | x1 | x2...
1 +1.919468970e+07 +1.919468970e+07 +1.919451950e+07 +1.919451950e+07
36 +1.178627558e+07 +1.178627558e+07 +1.178610538e+07 +1.178610538e+07
155 +8.576775005e+06 +8.576775005e+06 +8.576604805e+06 +8.576604805e+06
1099 +5.969013115e+06 +5.969013115e+06 +5.968842915e+06 +5.968842915e+06
2852 +3.935481538e+06 +3.935481538e+06 +3.935311338e+06 +3.935311338e+06
2998 +2.182969267e+06 +2.182969267e+06 +2.182799067e+06 +2.182799067e+06
5370 +1.131772739e+06 +1.131772739e+06 +1.131602539e+06 +1.131602539e+06
7300 +7.994565312e+05 +7.994565312e+05 +7.992863312e+05 +7.992863312e+05
9665 +6.253653534e+05 +6.253653534e+05 +6.251951534e+05 +6.251951534e+05
11542 +2.866493488e+05 +2.866493488e+05 +2.864791488e+05 +2.864791488e+05
13238 +2.246724609e+05 +2.246724609e+05 +2.245022609e+05 +2.245022609e+05
14477 +1.402074977e+05 +1.402074977e+05 +1.400372977e+05 +1.400372977e+05
17424 +9.696405221e+04 +9.696405221e+04 +9.679385221e+04 +9.679385221e+04
18907 +4.416633504e+04 +4.416633504e+04 +4.399613504e+04 +4.399613504e+04
19798 +3.736833014e+04 +3.736833014e+04 +3.719813014e+04 +3.719813014e+04
23470 +2.464689381e+04 +2.464689381e+04 +2.447669381e+04 +2.447669381e+04
26019 +1.545433424e+04 +1.545433424e+04 +1.528413424e+04 +1.528413424e+04
28000 +9.226976827e+03 +9.226976827e+03 +9.056776827e+03 +9.056776827e+03
31260 +5.852401244e+03 +5.852401244e+03 +5.682201244e+03 +5.682201244e+03
34122 +3.698326907e+03 +3.698326907e+03 +3.528126907e+03 +3.528126907e+03
37130 +2.511319718e+03 +2.511319718e+03 +2.341119718e+03 +2.341119718e+03
41264 +1.468444529e+03 +1.468444529e+03 +1.298244529e+03 +1.298244529e+03
44938 +9.647053098e+02 +9.647053098e+02 +7.945053098e+02 +7.945053098e+02
49076 +5.785947013e+02 +5.785947013e+02 +4.083947013e+02 +4.083947013e+02
51718 +3.850743186e+02 +3.850743186e+02 +2.148743186e+02 +2.148743186e+02
55768 +2.507163334e+02 +2.507163334e+02 +8.051633343e+01 +8.051633343e+01
57998 +1.576100933e+02 +1.576100933e+02 -1.258990673e+01 -1.258990673e+01
61477 +9.724228142e+01 +9.724228142e+01 -7.295771858e+01 -7.295771858e+01
64266 +6.113492663e+01 +6.113492663e+01 -1.090650734e+02 -1.090650734e+02
67546 +3.878302756e+01 +3.878302756e+01 -1.314169724e+02 -1.314169724e+02
72505 +2.503417872e+01 +2.503417872e+01 -1.451658213e+02 -1.451658213e+02
78702 +1.439965623e+01 +1.439965623e+01 -1.558003438e+02 -1.558003438e+02
82474 +9.980610351e+00 +9.980610351e+00 -1.602193896e+02 -1.602193896e+02
87242 +6.255530208e+00 +6.255530208e+00 -1.639444698e+02 -1.639444698e+02
92245 +3.817243130e+00 +3.817243130e+00 -1.663827569e+02 -1.663827569e+02
100429 +2.487704469e+00 +2.487704469e+00 -1.677122955e+02 -1.677122955e+02
109323 +1.551899099e+00 +1.551899099e+00 -1.686481009e+02 -1.686481009e+02
117276 +9.854870117e-01 +9.854870117e-01 -1.692145130e+02 -1.692145130e+02
123425 +6.187929589e-01 +6.187929589e-01 -1.695812070e+02 -1.695812070e+02
130451 +3.929594779e-01 +3.929594779e-01 -1.698070405e+02 -1.698070405e+02
138314 +2.484354332e-01 +2.484354332e-01 -1.699515646e+02 -1.699515646e+02
144624 +1.578129194e-01 +1.578129194e-01 -1.700421871e+02 -1.700421871e+02
155024 +9.887799693e-02 +9.887799693e-02 -1.701011220e+02 -1.701011220e+02
166597 +6.185256453e-02 +6.185256453e-02 -1.701381474e+02 -1.701381474e+02
175284 +3.915664582e-02 +3.915664582e-02 -1.701608434e+02 -1.701608434e+02
190927 +2.505248334e-02 +2.505248334e-02 -1.701749475e+02 -1.701749475e+02
204370 +1.553376739e-02 +1.553376739e-02 -1.701844662e+02 -1.701844662e+02
213362 +9.618873298e-03 +9.618873298e-03 -1.701903811e+02 -1.701903811e+02
218834 +6.295928553e-03 +6.295928553e-03 -1.701937041e+02 -1.701937041e+02
225736 +3.944480327e-03 +3.944480327e-03 -1.701960555e+02 -1.701960555e+02
232525 +2.507067082e-03 +2.507067082e-03 -1.701974929e+02 -1.701974929e+02
241034 +1.531823965e-03 +1.531823965e-03 -1.701984682e+02 -1.701984682e+02
247676 +9.849771781e-04 +9.849771781e-04 -1.701990150e+02 -1.701990150e+02
252104 +5.902900963e-04 +5.902900963e-04 -1.701994097e+02 -1.701994097e+02
259486 +3.866628950e-04 +3.866628950e-04 -1.701996133e+02 -1.701996133e+02
265486 +2.485391432e-04 +2.485391432e-04 -1.701997515e+02 -1.701997515e+02
268798 +1.554198469e-04 +1.554198469e-04 -1.701998446e+02 -1.701998446e+02
272402 +9.870315114e-05 +9.870315114e-05 -1.701999013e+02 -1.701999013e+02
277679 +6.255919672e-05 +6.255919672e-05 -1.701999374e+02 -1.701999374e+02
282444 +3.919413487e-05 +3.919413487e-05 -1.701999608e+02 -1.701999608e+02
289250 +2.472438806e-05 +2.472438806e-05 -1.701999753e+02 -1.701999753e+02
293227 +1.564253753e-05 +1.564253753e-05 -1.701999844e+02 -1.701999844e+02
299548 +9.815848898e-06 +9.815848898e-06 -1.701999902e+02 -1.701999902e+02
304832 +6.245271095e-06 +6.245271095e-06 -1.701999938e+02 -1.701999938e+02
310135 +3.802505375e-06 +3.802505375e-06 -1.701999962e+02 -1.701999962e+02
316706 +2.447489152e-06 +2.447489152e-06 -1.701999976e+02 -1.701999976e+02
320050 +1.508907133e-06 +1.508907133e-06 -1.701999985e+02 -1.701999985e+02
326602 +9.872196642e-07 +9.872196642e-07 -1.701999990e+02 -1.701999990e+02
330856 +6.215465476e-07 +6.215465476e-07 -1.701999994e+02 -1.701999994e+02
335643 +3.823117538e-07 +3.823117538e-07 -1.701999996e+02 -1.701999996e+02
342610 +2.486442270e-07 +2.486442270e-07 -1.701999998e+02 -1.701999998e+02
348737 +1.558531721e-07 +1.558531721e-07 -1.701999998e+02 -1.701999998e+02
355824 +9.969252801e-08 +9.969252801e-08 -1.701999999e+02 -1.701999999e+02
363367 +6.280515663e-08 +6.280515663e-08 -1.701999999e+02 -1.701999999e+02
368851 +3.931171477e-08 +3.931171477e-08 -1.702000000e+02 -1.702000000e+02
375259 +2.482923378e-08 +2.482923378e-08 -1.702000000e+02 -1.702000000e+02
382022 +1.567954655e-08 +1.567954655e-08 -1.702000000e+02 -1.702000000e+02
385693 +9.619270713e-09 +9.619270713e-09 -1.702000000e+02 -1.702000000e+02
% function evaluation | noise-free fitness - Fopt (-4.697500000000e+02) | best noise-free fitness - Fopt | measured fitness | best measured fitness | x1 | x2...
1 +2.905876135e+07 +2.905876135e+07 +2.905829160e+07 +2.905829160e+07
8 +2.337629888e+07 +2.337629888e+07 +2.337582913e+07 +2.337582913e+07
103 +1.144700701e+07 +1.144700701e+07 +1.144653726e+07 +1.144653726e+07
550 +8.385193338e+06 +8.385193338e+06 +8.384723588e+06 +8.384723588e+06
1797 +5.059281695e+06 +5.059281695e+06 +5.058811945e+06 +5.058811945e+06
3350 +2.757990382e+06 +2.757990382e+06 +2.757520632e+06 +2.757520632e+06
4637 +2.452742873e+06 +2.452742873e+06 +2.452273123e+06 +2.452273123e+06
6056 +1.477312428e+06 +1.477312428e+06 +1.476842678e+06 +1.476842678e+06
6695 +9.814978858e+05 +9.814978858e+05 +9.810281358e+05 +9.810281358e+05
8999 +5.202046323e+05 +5.202046323e+05 +5.197348823e+05 +5.197348823e+05
12119 +3.346862541e+05 +3.346862541e+05 +3.342165041e+05 +3.342165041e+05
12711 +2.331470032e+05 +2.331470032e+05 +2.326772532e+05 +2.326772532e+05
15107 +1.567573201e+05 +1.567573201e+05 +1.562875701e+05 +1.562875701e+05
17234 +7.848640285e+04 +7.848640285e+04 +7.801665285e+04 +7.801665285e+04
19700 +5.735860619e+04 +5.735860619e+04 +5.688885619e+04 +5.688885619e+04
21266 +2.477315214e+04 +2.477315214e+04 +2.430340214e+04 +2.430340214e+04
26549 +1.502109330e+04 +1.502109330e+04 +1.455134330e+04 +1.455134330e+04
27670 +9.122494531e+03 +9.122494531e+03 +8.652744531e+03 +8.652744531e+03
30053 +6.083272053e+03 +6.083272053e+03 +5.613522053e+03 +5.613522053e+03
31312 +3.128659634e+03 +3.128659634e+03 +2.658909634e+03 +2.658909634e+03
34191 +2.272333313e+03 +2.272333313e+03 +1.802583313e+03 +1.802583313e+03
37269 +1.384620569e+03 +1.384620569e+03 +9.148705692e+02 +9.148705692e+02
40444 +9.340341437e+02 +9.340341437e+02 +4.642841437e+02 +4.642841437e+02
43388 +5.956125407e+02 +5.956125407e+02 +1.258625407e+02 +1.258625407e+02
46670 +3.522101995e+02 +3.522101995e+02 -1.175398005e+02 -1.175398005e+02
48751 +2.377251907e+02 +2.377251907e+02 -2.320248093e+02 -2.320248093e+02
52194 +1.565326971e+02 +1.565326971e+02 -3.132173029e+02 -3.132173029e+02
56379 +9.501743130e+01 +9.501743130e+01 -3.747325687e+02 -3.747325687e+02
60400 +6.294325048e+01 +6.294325048e+01 -4.068067495e+02 -4.068067495e+02
64449 +3.826286608e+01 +3.826286608e+01 -4.314871339e+02 -4.314871339e+02
68994 +2.410479045e+01 +2.410479045e+01 -4.456452096e+02 -4.456452096e+02
73588 +1.573831814e+01 +1.573831814e+01 -4.540116819e+02 -4.540116819e+02
78881 +9.610512577e+00 +9.610512577e+00 -4.601394874e+02 -4.601394874e+02
84011 +6.283253120e+00 +6.283253120e+00 -4.634667469e+02 -4.634667469e+02
88396 +3.912567946e+00 +3.912567946e+00 -4.658374321e+02 -4.658374321e+02
94957 +2.418725156e+00 +2.418725156e+00 -4.673312748e+02 -4.673312748e+02
104150 +1.580238831e+00 +1.580238831e+00 -4.681697612e+02 -4.681697612e+02
109080 +9.942991754e-01 +9.942991754e-01 -4.687557008e+02 -4.687557008e+02
114065 +6.295431880e-01 +6.295431880e-01 -4.691204568e+02 -4.691204568e+02
118920 +3.950048071e-01 +3.950048071e-01 -4.693549952e+02 -4.693549952e+02
123957 +2.489422921e-01 +2.489422921e-01 -4.695010577e+02 -4.695010577e+02
130151 +1.566832154e-01 +1.566832154e-01 -4.695933168e+02 -4.695933168e+02
135953 +9.852964907e-02 +9.852964907e-02 -4.696514704e+02 -4.696514704e+02
139414 +6.072442623e-02 +6.072442623e-02 -4.696892756e+02 -4.696892756e+02
144237 +3.472046705e-02 +3.472046705e-02 -4.697152795e+02 -4.697152795e+02
149092 +2.455367899e-02 +2.455367899e-02 -4.697254463e+02 -4.697254463e+02
155272 +1.566699937e-02 +1.566699937e-02 -4.697343330e+02 -4.697343330e+02
159648 +9.048652031e-03 +9.048652031e-03 -4.697409513e+02 -4.697409513e+02
164218 +5.440669049e-03 +5.440669049e-03 -4.697445593e+02 -4.697445593e+02
170291 +3.870558882e-03 +3.870558882e-03 -4.697461294e+02 -4.697461294e+02
174730 +2.310008535e-03 +2.310008535e-03 -4.697476900e+02 -4.697476900e+02
179539 +1.484540454e-03 +1.484540454e-03 -4.697485155e+02 -4.697485155e+02
183602 +9.991474928e-04 +9.991474928e-04 -4.697490009e+02 -4.697490009e+02
187773 +5.960512598e-04 +5.960512598e-04 -4.697494039e+02 -4.697494039e+02
191615 +3.718983455e-04 +3.718983455e-04 -4.697496281e+02 -4.697496281e+02
195547 +2.431696547e-04 +2.431696547e-04 -4.697497568e+02 -4.697497568e+02
198079 +1.334247449e-04 +1.334247449e-04 -4.697498666e+02 -4.697498666e+02
202063 +9.911386809e-05 +9.911386809e-05 -4.697499009e+02 -4.697499009e+02
206041 +6.248328640e-05 +6.248328640e-05 -4.697499375e+02 -4.697499375e+02
209721 +3.779278035e-05 +3.779278035e-05 -4.697499622e+02 -4.697499622e+02
214348 +2.380513433e-05 +2.380513433e-05 -4.697499762e+02 -4.697499762e+02
219008 +1.549951270e-05 +1.549951270e-05 -4.697499845e+02 -4.697499845e+02
222295 +9.704626962e-06 +9.704626962e-06 -4.697499903e+02 -4.697499903e+02
227886 +6.051276273e-06 +6.051276273e-06 -4.697499939e+02 -4.697499939e+02
231682 +3.888659762e-06 +3.888659762e-06 -4.697499961e+02 -4.697499961e+02
235389 +2.505656312e-06 +2.505656312e-06 -4.697499975e+02 -4.697499975e+02
239365 +1.505918078e-06 +1.505918078e-06 -4.697499985e+02 -4.697499985e+02
243630 +9.788129773e-07 +9.788129773e-07 -4.697499990e+02 -4.697499990e+02
248047 +6.281446190e-07 +6.281446190e-07 -4.697499994e+02 -4.697499994e+02
250857 +3.878917596e-07 +3.878917596e-07 -4.697499996e+02 -4.697499996e+02
255769 +2.267896662e-07 +2.267896662e-07 -4.697499998e+02 -4.697499998e+02
258659 +1.532416718e-07 +1.532416718e-07 -4.697499998e+02 -4.697499998e+02
262313 +9.967737924e-08 +9.967737924e-08 -4.697499999e+02 -4.697499999e+02
265641 +5.821408422e-08 +5.821408422e-08 -4.697499999e+02 -4.697499999e+02
269050 +3.805337201e-08 +3.805337201e-08 -4.697500000e+02 -4.697500000e+02
272316 +2.500428309e-08 +2.500428309e-08 -4.697500000e+02 -4.697500000e+02
277473 +1.507305569e-08 +1.507305569e-08 -4.697500000e+02 -4.697500000e+02
282792 +9.966129255e-09 +9.966129255e-09 -4.697500000e+02 -4.697500000e+02
% function evaluation | noise-free fitness - Fopt (-1.280000000000e+01) | best noise-free fitness - Fopt | measured fitness | best measured fitness | x1 | x2...
1 +3.473492158e+07 +3.473492158e+07 +3.473490878e+07 +3.473490878e+07
8 +1.640204303e+07 +1.640204303e+07 +1.640203023e+07 +1.640203023e+07
31 +1.266278186e+07 +1.266278186e+07 +1.266276906e+07 +1.266276906e+07
83 +7.087073903e+06 +7.087073903e+06 +7.087061103e+06 +7.087061103e+06
2480 +6.015141370e+06 +6.015141370e+06 +6.015128570e+06 +6.015128570e+06
3733 +2.884514781e+06 +2.884514781e+06 +2.884501981e+06 +2.884501981e+06
6386 +2.186944811e+06 +2.186944811e+06 +2.186932011e+06 +2.186932011e+06
6435 +1.576383975e+06 +1.576383975e+06 +1.576371175e+06 +1.576371175e+06
9130 +7.109742563e+05 +7.109742563e+05 +7.109614563e+05 +7.109614563e+05
11646 +5.197606306e+05 +5.197606306e+05 +5.197478306e+05 +5.197478306e+05
13508 +3.879385831e+05 +3.879385831e+05 +3.879257831e+05 +3.879257831e+05
15082 +2.397441965e+05 +2.397441965e+05 +2.397313965e+05 +2.397313965e+05
17875 +1.388438558e+05 +1.388438558e+05 +1.388310558e+05 +1.388310558e+05
19292 +9.788846975e+04 +9.788846975e+04 +9.787566975e+04 +9.787566975e+04
20136 +6.224674758e+04 +6.224674758e+04 +6.223394758e+04 +6.223394758e+04
22554 +3.431987919e+04 +3.431987919e+04 +3.430707919e+04 +3.430707919e+04
24965 +2.509059477e+04 +2.509059477e+04 +2.507779477e+04 +2.507779477e+04
26239 +1.293500077e+04 +1.293500077e+04 +1.292220077e+04 +1.292220077e+04
28589 +9.727163867e+03 +9.727163867e+03 +9.714363867e+03 +9.714363867e+03
30507 +5.416614464e+03 +5.416614464e+03 +5.403814464e+03 +5.403814464e+03
32887 +3.906542665e+03 +3.906542665e+03 +3.893742665e+03 +3.893742665e+03
35316 +2.464412886e+03 +2.464412886e+03 +2.451612886e+03 +2.451612886e+03
37489 +1.555830716e+03 +1.555830716e+03 +1.543030716e+03 +1.543030716e+03
41631 +9.653434916e+02 +9.653434916e+02 +9.525434916e+02 +9.525434916e+02
44017 +6.067229796e+02 +6.067229796e+02 +5.939229796e+02 +5.939229796e+02
46714 +3.566215362e+02 +3.566215362e+02 +3.438215362e+02 +3.438215362e+02
50206 +2.486336877e+02 +2.486336877e+02 +2.358336877e+02 +2.358336877e+02
54084 +1.552523918e+02 +1.552523918e+02 +1.424523918e+02 +1.424523918e+02
58009 +9.360324569e+01 +9.360324569e+01 +8.080324569e+01 +8.080324569e+01
63098 +6.126326305e+01 +6.126326305e+01 +4.846326305e+01 +4.846326305e+01
66641 +3.969407836e+01 +3.969407836e+01 +2.689407836e+01 +2.689407836e+01
71091 +2.392793881e+01 +2.392793881e+01 +1.112793881e+01 +1.112793881e+01
74760 +1.546809270e+01 +1.546809270e+01 +2.668092701e+00 +2.668092701e+00
79856 +9.618661954e+00 +9.618661954e+00 -3.181338046e+00 -3.181338046e+00
85638 +5.851822716e+00 +5.851822716e+00 -6.948177284e+00 -6.948177284e+00
92672 +3.750785068e+00 +3.750785068e+00 -9.049214932e+00 -9.049214932e+00
97527 +2.414203889e+00 +2.414203889e+00 -1.038579611e+01 -1.038579611e+01
103349 +1.512861671e+00 +1.512861671e+00 -1.128713833e+01 -1.128713833e+01
109263 +9.330204847e-01 +9.330204847e-01 -1.186697952e+01 -1.186697952e+01
113656 +5.529696540e-01 +5.529696540e-01 -1.224703035e+01 -1.224703035e+01
118884 +3.795293829e-01 +3.795293829e-01 -1.242047062e+01 -1.242047062e+01
123042 +2.411375870e-01 +2.411375870e-01 -1.255886241e+01 -1.255886241e+01
128928 +1.524723629e-01 +1.524723629e-01 -1.264752764e+01 -1.264752764e+01
134189 +9.705016948e-02 +9.705016948e-02 -1.270294983e+01 -1.270294983e+01
139533 +6.245008504e-02 +6.245008504e-02 -1.273754991e+01 -1.273754991e+01
144865 +3.883179019e-02 +3.883179019e-02 -1.276116821e+01 -1.276116821e+01
149631 +2.467746533e-02 +2.467746533e-02 -1.277532253e+01 -1.277532253e+01
157442 +1.562959484e-02 +1.562959484e-02 -1.278437041e+01 -1.278437041e+01
165649 +9.744482403e-03 +9.744482403e-03 -1.279025552e+01 -1.279025552e+01
172062 +6.159669042e-03 +6.159669042e-03 -1.279384033e+01 -1.279384033e+01
177427 +3.972405157e-03 +3.972405157e-03 -1.279602759e+01 -1.279602759e+01
184150 +2.487702486e-03 +2.487702486e-03 -1.279751230e+01 -1.279751230e+01
191216 +1.566470012e-03 +1.566470012e-03 -1.279843353e+01 -1.279843353e+01
197708 +9.759541802e-04 +9.759541802e-04 -1.279902405e+01 -1.279902405e+01
201505 +6.197595181e-04 +6.197595181e-04 -1.279938024e+01 -1.279938024e+01
206376 +3.919411885e-04 +3.919411885e-04 -1.279960806e+01 -1.279960806e+01
212972 +2.297861871e-04 +2.297861871e-04 -1.279977021e+01 -1.279977021e+01
219013 +1.554118517e-04 +1.554118517e-04 -1.279984459e+01 -1.279984459e+01
225594 +9.448833640e-05 +9.448833640e-05 -1.279990551e+01 -1.279990551e+01
231277 +6.094928455e-05 +6.094928455e-05 -1.279993905e+01 -1.279993905e+01
237066 +3.915291816e-05 +3.915291816e-05 -1.279996085e+01 -1.279996085e+01
244655 +2.474895523e-05 +2.474895523e-05 -1.279997525e+01 -1.279997525e+01
253322 +1.579954414e-05 +1.579954414e-05 -1.279998420e+01 -1.279998420e+01
261708 +9.861667859e-06 +9.861667859e-06 -1.279999014e+01 -1.279999014e+01
270073 +6.187310163e-06 +6.187310163e-06 -1.279999381e+01 -1.279999381e+01
274789 +3.920415148e-06 +3.920415148e-06 -1.279999608e+01 -1.279999608e+01
277675 +2.496276881e-06 +2.496276881e-06 -1.279999750e+01 -1.279999750e+01
280886 +1.562534894e-06 +1.562534894e-06 -1.279999844e+01 -1.279999844e+01
284355 +8.940355531e-07 +8.940355531e-07 -1.279999911e+01 -1.279999911e+01
287315 +6.033212632e-07 +6.033212632e-07 -1.279999940e+01 -1.279999940e+01
291216 +3.975196918e-07 +3.975196918e-07 -1.279999960e+01 -1.279999960e+01
294038 +2.489974875e-07 +2.489974875e-07 -1.279999975e+01 -1.279999975e+01
296900 +1.418404327e-07 +1.418404327e-07 -1.279999986e+01 -1.279999986e+01
300828 +9.531044043e-08 +9.531044043e-08 -1.279999990e+01 -1.279999990e+01
305124 +5.981750917e-08 +5.981750917e-08 -1.279999994e+01 -1.279999994e+01
307499 +3.892465905e-08 +3.892465905e-08 -1.279999996e+01 -1.279999996e+01
312458 +2.376034480e-08 +2.376034480e-08 -1.279999998e+01 -1.279999998e+01
315452 +1.527927651e-08 +1.527927651e-08 -1.279999998e+01 -1.279999998e+01
320028 +9.768573506e-09 +9.768573506e-09 -1.279999999e+01 -1.279999999e+01
% function evaluation | noise-free fitness - Fopt (-3.856900000000e+02) | best noise-free fitness - Fopt | measured fitness | best measured fitness | x1 | x2...
1 +1.917803267e+07 +1.917803267e+07 +1.917764698e+07 +1.917764698e+07
8 +9.362934647e+06 +9.362934647e+06 +9.362548957e+06 +9.362548957e+06
138 +6.228161612e+06 +6.228161612e+06 +6.227775922e+06 +6.227775922e+06
2093 +3.458110685e+06 +3.458110685e+06 +3.457724995e+06 +3.457724995e+06
4366 +2.123907417e+06 +2.123907417e+06 +2.123521727e+06 +2.123521727e+06
5704 +1.115744018e+06 +1.115744018e+06 +1.115358328e+06 +1.115358328e+06
7756 +7.805421814e+05 +7.805421814e+05 +7.801564914e+05 +7.801564914e+05
10031 +6.251911475e+05 +6.251911475e+05 +6.248054575e+05 +6.248054575e+05
11704 +3.619521408e+05 +3.619521408e+05 +3.615664508e+05 +3.615664508e+05
12519 +2.116119176e+05 +2.116119176e+05 +2.112262276e+05 +2.112262276e+05
15345 +1.375513635e+05 +1.375513635e+05 +1.371656735e+05 +1.371656735e+05
17927 +9.244400345e+04 +9.244400345e+04 +9.205831345e+04 +9.205831345e+04
18759 +5.481959119e+04 +5.481959119e+04 +5.443390119e+04 +5.443390119e+04
22502 +3.752478407e+04 +3.752478407e+04 +3.713909407e+04 +3.713909407e+04
23765 +2.490067835e+04 +2.490067835e+04 +2.451498835e+04 +2.451498835e+04
26039 +1.570556704e+04 +1.570556704e+04 +1.531987704e+04 +1.531987704e+04
29307 +9.016450305e+03 +9.016450305e+03 +8.630760305e+03 +8.630760305e+03
31738 +5.327767792e+03 +5.327767792e+03 +4.942077792e+03 +4.942077792e+03
35520 +3.956586473e+03 +3.956586473e+03 +3.570896473e+03 +3.570896473e+03
38842 +2.257038129e+03 +2.257038129e+03 +1.871348129e+03 +1.871348129e+03
43428 +1.529124102e+03 +1.529124102e+03 +1.143434102e+03 +1.143434102e+03
47246 +9.941569094e+02 +9.941569094e+02 +6.084669094e+02 +6.084669094e+02
50858 +5.975044129e+02 +5.975044129e+02 +2.118144129e+02 +2.118144129e+02
54900 +3.963496074e+02 +3.963496074e+02 +1.065960742e+01 +1.065960742e+01
59156 +2.510840350e+02 +2.510840350e+02 -1.346059650e+02 -1.346059650e+02
63553 +1.535616053e+02 +1.535616053e+02 -2.321283947e+02 -2.321283947e+02
68804 +9.530317537e+01 +9.530317537e+01 -2.903868246e+02 -2.903868246e+02
73060 +6.280896790e+01 +6.280896790e+01 -3.228810321e+02 -3.228810321e+02
77831 +3.970198339e+01 +3.970198339e+01 -3.459880166e+02 -3.459880166e+02
80856 +2.434571160e+01 +2.434571160e+01 -3.613442884e+02 -3.613442884e+02
84205 +1.514913833e+01 +1.514913833e+01 -3.705408617e+02 -3.705408617e+02
88604 +9.924486322e+00 +9.924486322e+00 -3.757655137e+02 -3.757655137e+02
93448 +6.109616788e+00 +6.109616788e+00 -3.795803832e+02 -3.795803832e+02
98214 +3.792283834e+00 +3.792283834e+00 -3.818977162e+02 -3.818977162e+02
102341 +2.449575096e+00 +2.449575096e+00 -3.832404249e+02 -3.832404249e+02
109182 +1.555381650e+00 +1.555381650e+00 -3.841346183e+02 -3.841346183e+02
115558 +9.927029295e-01 +9.927029295e-01 -3.846972971e+02 -3.846972971e+02
120870 +5.842867355e-01 +5.842867355e-01 -3.851057133e+02 -3.851057133e+02
126775 +3.872152759e-01 +3.872152759e-01 -3.853027847e+02 -3.853027847e+02
132846 +2.473678173e-01 +2.473678173e-01 -3.854426322e+02 -3.854426322e+02
138100 +1.467882678e-01 +1.467882678e-01 -3.855432117e+02 -3.855432117e+02
142848 +9.872544473e-02 +9.872544473e-02 -3.855912746e+02 -3.855912746e+02
148515 +6.229354381e-02 +6.229354381e-02 -3.856277065e+02 -3.856277065e+02
153266 +3.844186548e-02 +3.844186548e-02 -3.856515581e+02 -3.856515581e+02
159432 +2.508733732e-02 +2.508733732e-02 -3.856649127e+02 -3.856649127e+02
164507 +1.579563504e-02 +1.579563504e-02 -3.856742044e+02 -3.856742044e+02
171254 +9.735639176e-03 +9.735639176e-03 -3.856802644e+02 -3.856802644e+02
178031 +6.189826176e-03 +6.189826176e-03 -3.856838102e+02 -3.856838102e+02
181241 +3.980586332e-03 +3.980586332e-03 -3.856860194e+02 -3.856860194e+02
185297 +2.362821514e-03 +2.362821514e-03 -3.856876372e+02 -3.856876372e+02
188804 +1.380266583e-03 +1.380266583e-03 -3.856886197e+02 -3.856886197e+02
192831 +9.888130516e-04 +9.888130516e-04 -3.856890112e+02 -3.856890112e+02
196451 +5.914442968e-04 +5.914442968e-04 -3.856894086e+02 -3.856894086e+02
199203 +3.659956004e-04 +3.659956004e-04 -3.856896340e+02 -3.856896340e+02
203488 +2.506024793e-04 +2.506024793e-04 -3.856897494e+02 -3.856897494e+02
207192 +1.517392919e-04 +1.517392919e-04 -3.856898483e+02 -3.856898483e+02
211265 +9.544120775e-05 +9.544120775e-05 -3.856899046e+02 -3.856899046e+02
216115 +6.242179751e-05 +6.242179751e-05 -3.856899376e+02 -3.856899376e+02
218406 +3.915080788e-05 +3.915080788e-05 -3.856899608e+02 -3.856899608e+02
221382 +2.426943331e-05 +2.426943331e-05 -3.856899757e+02 -3.856899757e+02
224422 +1.518581479e-05 +1.518581479e-05 -3.856899848e+02 -3.856899848e+02
227175 +9.861116268e-06 +9.861116268e-06 -3.856899901e+02 -3.856899901e+02
229465 +6.219614932e-06 +6.219614932e-06 -3.856899938e+02 -3.856899938e+02
233118 +3.694490943e-06 +3.694490943e-06 -3.856899963e+02 -3.856899963e+02
234191 +2.505460486e-06 +2.505460486e-06 -3.856899975e+02 -3.856899975e+02
240055 +1.523432672e-06 +1.523432672e-06 -3.856899985e+02 -3.856899985e+02
244228 +9.704516515e-07 +9.704516515e-07 -3.856899990e+02 -3.856899990e+02
248439 +6.059730140e-07 +6.059730140e-07 -3.856899994e+02 -3.856899994e+02
252623 +3.955540819e-07 +3.955540819e-07 -3.856899996e+02 -3.856899996e+02
256914 +2.406009116e-07 +2.406009116e-07 -3.856899998e+02 -3.856899998e+02
259261 +1.520174919e-07 +1.520174919e-07 -3.856899998e+02 -3.856899998e+02
265152 +8.771223747e-08 +8.771223747e-08 -3.856899999e+02 -3.856899999e+02
269964 +5.876665909e-08 +5.876665909e-08 -3.856899999e+02 -3.856899999e+02
273883 +3.822520966e-08 +3.822520966e-08 -3.856900000e+02 -3.856900000e+02
279544 +2.456113180e-08 +2.456113180e-08 -3.856900000e+02 -3.856900000e+02
284413 +1.531850558e-08 +1.531850558e-08 -3.856900000e+02 -3.856900000e+02
288542 +9.831239822e-09 +9.831239822e-09 -3.856900000e+02 -3.856900000e+02
% function evaluation | noise-free fitness - Fopt (4.000000000000e+01) | best noise-free fitness - Fopt | measured fitness | best measured fitness | x1 | x2...
1 +2.384798882e+07 +2.384798882e+07 +2.384802882e+07 +2.384802882e+07
2 +1.110149649e+07 +1.110149649e+07 +1.110153649e+07 +1.110153649e+07
33 +8.370999976e+06 +8.370999976e+06 +8.371039976e+06 +8.371039976e+06
381 +5.516305510e+06 +5.516305510e+06 +5.516345510e+06 +5.516345510e+06
1656 +3.173559217e+06 +3.173559217e+06 +3.173599217e+06 +3.173599217e+06
3441 +2.187986825e+06 +2.187986825e+06 +2.188026825e+06 +2.188026825e+06
4745 +1.499053406e+06 +1.499053406e+06 +1.499093406e+06 +1.499093406e+06
8739 +8.668964595e+05 +8.668964595e+05 +8.669364595e+05 +8.669364595e+05
9265 +6.252980754e+05 +6.252980754e+05 +6.253380754e+05 +6.253380754e+05
10527 +3.817463111e+05 +3.817463111e+05 +3.817863111e+05 +3.817863111e+05
12906 +2.035605304e+05 +2.035605304e+05 +2.036005304e+05 +2.036005304e+05
14214 +1.504272452e+05 +1.504272452e+05 +1.504672452e+05 +1.504672452e+05
16470 +9.670021352e+04 +9.670021352e+04 +9.674021352e+04 +9.674021352e+04
18554 +5.534672292e+04 +5.534672292e+04 +5.538672292e+04 +5.538672292e+04
20626 +3.769130786e+04 +3.769130786e+04 +3.773130786e+04 +3.773130786e+04
22328 +2.446153963e+04 +2.446153963e+04 +2.450153963e+04 +2.450153963e+04
24728 +1.313866188e+04 +1.313866188e+04 +1.317866188e+04 +1.317866188e+04
26716 +9.125312029e+03 +9.125312029e+03 +9.165312029e+03 +9.165312029e+03
29918 +6.238648264e+03 +6.238648264e+03 +6.278648264e+03 +6.278648264e+03
31606 +3.599651414e+03 +3.599651414e+03 +3.639651414e+03 +3.639651414e+03
34722 +2.303908741e+03 +2.303908741e+03 +2.343908741e+03 +2.343908741e+03
36197 +1.557282029e+03 +1.557282029e+03 +1.597282029e+03 +1.597282029e+03
39081 +9.280433839e+02 +9.280433839e+02 +9.680433839e+02 +9.680433839e+02
43524 +6.150795569e+02 +6.150795569e+02 +6.550795569e+02 +6.550795569e+02
45963 +3.944621677e+02 +3.944621677e+02 +4.344621677e+02 +4.344621677e+02
49517 +2.374935218e+02 +2.374935218e+02 +2.774935218e+02 +2.774935218e+02
53664 +1.534818890e+02 +1.534818890e+02 +1.934818890e+02 +1.934818890e+02
58182 +9.549594394e+01 +9.549594394e+01 +1.354959439e+02 +1.354959439e+02
61103 +5.985483403e+01 +5.985483403e+01 +9.985483403e+01 +9.985483403e+01
64143 +3.777113944e+01 +3.777113944e+01 +7.777113944e+01 +7.777113944e+01
68035 +2.450681325e+01 +2.450681325e+01 +6.450681325e+01 +6.450681325e+01
71309 +1.552111889e+01 +1.552111889e+01 +5.552111889e+01 +5.552111889e+01
75681 +8.912436608e+00 +8.912436608e+00 +4.891243661e+01 +4.891243661e+01
78499 +6.291270308e+00 +6.291270308e+00 +4.629127031e+01 +4.629127031e+01
80540 +3.973670051e+00 +3.973670051e+00 +4.397367005e+01 +4.397367005e+01
83270 +2.226164495e+00 +2.226164495e+00 +4.222616450e+01 +4.222616450e+01
85334 +1.377579368e+00 +1.377579368e+00 +4.137757937e+01 +4.137757937e+01
87293 +9.930718964e-01 +9.930718964e-01 +4.099307190e+01 +4.099307190e+01
90958 +5.702675674e-01 +5.702675674e-01 +4.057026757e+01 +4.057026757e+01
94052 +3.674584612e-01 +3.674584612e-01 +4.036745846e+01 +4.036745846e+01
97317 +2.425157338e-01 +2.425157338e-01 +4.024251573e+01 +4.024251573e+01
100147 +1.483236959e-01 +1.483236959e-01 +4.014832370e+01 +4.014832370e+01
102415 +7.791023096e-02 +7.791023096e-02 +4.007791023e+01 +4.007791023e+01
105686 +6.221045904e-02 +6.221045904e-02 +4.006221046e+01 +4.006221046e+01
108447 +3.937685095e-02 +3.937685095e-02 +4.003937685e+01 +4.003937685e+01
110813 +2.186001502e-02 +2.186001502e-02 +4.002186002e+01 +4.002186002e+01
113843 +1.514697629e-02 +1.514697629e-02 +4.001514698e+01 +4.001514698e+01
118025 +9.814022048e-03 +9.814022048e-03 +4.000981402e+01 +4.000981402e+01
121139 +5.921378878e-03 +5.921378878e-03 +4.000592138e+01 +4.000592138e+01
125189 +3.958624666e-03 +3.958624666e-03 +4.000395862e+01 +4.000395862e+01
127828 +2.506628972e-03 +2.506628972e-03 +4.000250663e+01 +4.000250663e+01
130726 +1.508943380e-03 +1.508943380e-03 +4.000150894e+01 +4.000150894e+01
133677 +9.791645417e-04 +9.791645417e-04 +4.000097916e+01 +4.000097916e+01
137294 +6.276797031e-04 +6.276797031e-04 +4.000062768e+01 +4.000062768e+01
140805 +3.919606509e-04 +3.919606509e-04 +4.000039196e+01 +4.000039196e+01
144276 +2.456753960e-04 +2.456753960e-04 +4.000024568e+01 +4.000024568e+01
147834 +1.327804684e-04 +1.327804684e-04 +4.000013278e+01 +4.000013278e+01
151178 +9.736758945e-05 +9.736758945e-05 +4.000009737e+01 +4.000009737e+01
156329 +6.245092559e-05 +6.245092559e-05 +4.000006245e+01 +4.000006245e+01
159214 +3.782779942e-05 +3.782779942e-05 +4.000003783e+01 +4.000003783e+01
163256 +2.474414391e-05 +2.474414391e-05 +4.000002474e+01 +4.000002474e+01
166427 +1.565547693e-05 +1.565547693e-05 +4.000001566e+01 +4.000001566e+01
169262 +9.426822118e-06 +9.426822118e-06 +4.000000943e+01 +4.000000943e+01
172003 +6.038365598e-06 +6.038365598e-06 +4.000000604e+01 +4.000000604e+01
174711 +3.842174664e-06 +3.842174664e-06 +4.000000384e+01 +4.000000384e+01
177077 +2.409831424e-06 +2.409831424e-06 +4.000000241e+01 +4.000000241e+01
180845 +1.437972486e-06 +1.437972486e-06 +4.000000144e+01 +4.000000144e+01
183167 +8.894934709e-07 +8.894934709e-07 +4.000000089e+01 +4.000000089e+01
186034 +6.252209843e-07 +6.252209843e-07 +4.000000063e+01 +4.000000063e+01
188797 +3.707161795e-07 +3.707161795e-07 +4.000000037e+01 +4.000000037e+01
191215 +2.474201111e-07 +2.474201111e-07 +4.000000025e+01 +4.000000025e+01
193772 +1.552793520e-07 +1.552793520e-07 +4.000000016e+01 +4.000000016e+01
196266 +9.564250547e-08 +9.564250547e-08 +4.000000010e+01 +4.000000010e+01
198004 +6.250275675e-08 +6.250275675e-08 +4.000000006e+01 +4.000000006e+01
200442 +3.439586749e-08 +3.439586749e-08 +4.000000003e+01 +4.000000003e+01
204961 +2.505781538e-08 +2.505781538e-08 +4.000000003e+01 +4.000000003e+01
208304 +1.421162210e-08 +1.421162210e-08 +4.000000001e+01 +4.000000001e+01
211314 +9.316373450e-09 +9.316373450e-09 +4.000000001e+01 +4.000000001e+01
% function evaluation | noise-free fitness - Fopt (1.142600000000e+02) | best noise-free fitness - Fopt | measured fitness | best measured fitness | x1 | x2...
1 +3.144522588e+07 +3.144522588e+07 +3.144534014e+07 +3.144534014e+07
10 +2.274265528e+07 +2.274265528e+07 +2.274276954e+07 +2.274276954e+07
46 +1.314707783e+07 +1.314707783e+07 +1.314719209e+07 +1.314719209e+07
88 +8.722764320e+06 +8.722764320e+06 +8.722878580e+06 +8.722878580e+06
272 +4.750189290e+06 +4.750189290e+06 +4.750303550e+06 +4.750303550e+06
1003 +3.828251203e+06 +3.828251203e+06 +3.828365463e+06 +3.828365463e+06
4303 +1.793358598e+06 +1.793358598e+06 +1.793472858e+06 +1.793472858e+06
6290 +1.247965046e+06 +1.247965046e+06 +1.248079306e+06 +1.248079306e+06
7167 +9.533546594e+05 +9.533546594e+05 +9.534689194e+05 +9.534689194e+05
8910 +6.207321757e+05 +6.207321757e+05 +6.208464357e+05 +6.208464357e+05
10576 +3.896512526e+05 +3.896512526e+05 +3.897655126e+05 +3.897655126e+05
13260 +2.029182406e+05 +2.029182406e+05 +2.030325006e+05 +2.030325006e+05
14013 +1.360061389e+05 +1.360061389e+05 +1.361203989e+05 +1.361203989e+05
16985 +8.937213800e+04 +8.937213800e+04 +8.948639800e+04 +8.948639800e+04
17334 +6.031950456e+04 +6.031950456e+04 +6.043376456e+04 +6.043376456e+04
20873 +3.868657238e+04 +3.868657238e+04 +3.880083238e+04 +3.880083238e+04
22942 +2.483633779e+04 +2.483633779e+04 +2.495059779e+04 +2.495059779e+04
24787 +1.540438863e+04 +1.540438863e+04 +1.551864863e+04 +1.551864863e+04
26963 +9.026007222e+03 +9.026007222e+03 +9.140267222e+03 +9.140267222e+03
29306 +5.441179332e+03 +5.441179332e+03 +5.555439332e+03 +5.555439332e+03
30275 +3.795033601e+03 +3.795033601e+03 +3.909293601e+03 +3.909293601e+03
33746 +2.404858194e+03 +2.404858194e+03 +2.519118194e+03 +2.519118194e+03
36282 +1.564614502e+03 +1.564614502e+03 +1.678874502e+03 +1.678874502e+03
38263 +9.962140145e+02 +9.962140145e+02 +1.110474015e+03 +1.110474015e+03
41050 +6.118425553e+02 +6.118425553e+02 +7.261025553e+02 +7.261025553e+02
44817 +3.856136200e+02 +3.856136200e+02 +4.998736200e+02 +4.998736200e+02
47669 +2.476443721e+02 +2.476443721e+02 +3.619043721e+02 +3.619043721e+02
50910 +1.454499965e+02 +1.454499965e+02 +2.597099965e+02 +2.597099965e+02
53890 +9.810842341e+01 +9.810842341e+01 +2.123684234e+02 +2.123684234e+02
59698 +6.213268749e+01 +6.213268749e+01 +1.763926875e+02 +1.763926875e+02
62628 +3.813518505e+01 +3.813518505e+01 +1.523951850e+02 +1.523951850e+02
66518 +2.469384507e+01 +2.469384507e+01 +1.389538451e+02 +1.389538451e+02
70355 +1.482145091e+01 +1.482145091e+01 +1.290814509e+02 +1.290814509e+02
74012 +9.995046569e+00 +9.995046569e+00 +1.242550466e+02 +1.242550466e+02
78042 +5.619490241e+00 +5.619490241e+00 +1.198794902e+02 +1.198794902e+02
80717 +3.873786847e+00 +3.873786847e+00 +1.181337868e+02 +1.181337868e+02
84654 +2.366937794e+00 +2.366937794e+00 +1.166269378e+02 +1.166269378e+02
88018 +1.568225964e+00 +1.568225964e+00 +1.158282260e+02 +1.158282260e+02
91721 +9.978220188e-01 +9.978220188e-01 +1.152578220e+02 +1.152578220e+02
96462 +6.135827953e-01 +6.135827953e-01 +1.148735828e+02 +1.148735828e+02
100578 +3.776267486e-01 +3.776267486e-01 +1.146376267e+02 +1.146376267e+02
104224 +2.419902344e-01 +2.419902344e-01 +1.145019902e+02 +1.145019902e+02
107182 +1.419682200e-01 +1.419682200e-01 +1.144019682e+02 +1.144019682e+02
111167 +9.581513351e-02 +9.581513351e-02 +1.143558151e+02 +1.143558151e+02
113744 +6.271078630e-02 +6.271078630e-02 +1.143227108e+02 +1.143227108e+02
117400 +3.587396896e-02 +3.587396896e-02 +1.142958740e+02 +1.142958740e+02
120421 +2.479330499e-02 +2.479330499e-02 +1.142847933e+02 +1.142847933e+02
124187 +1.578612152e-02 +1.578612152e-02 +1.142757861e+02 +1.142757861e+02
129046 +9.783868496e-03 +9.783868496e-03 +1.142697839e+02 +1.142697839e+02
132653 +5.479234210e-03 +5.479234210e-03 +1.142654792e+02 +1.142654792e+02
136283 +3.957349565e-03 +3.957349565e-03 +1.142639573e+02 +1.142639573e+02
140617 +2.452648557e-03 +2.452648557e-03 +1.142624526e+02 +1.142624526e+02
143809 +1.477697911e-03 +1.477697911e-03 +1.142614777e+02 +1.142614777e+02
147537 +9.378602204e-04 +9.378602204e-04 +1.142609379e+02 +1.142609379e+02
150250 +6.095881023e-04 +6.095881023e-04 +1.142606096e+02 +1.142606096e+02
153883 +3.808093009e-04 +3.808093009e-04 +1.142603808e+02 +1.142603808e+02
156331 +2.493200238e-04 +2.493200238e-04 +1.142602493e+02 +1.142602493e+02
160581 +1.545553944e-04 +1.545553944e-04 +1.142601546e+02 +1.142601546e+02
165476 +9.900953459e-05 +9.900953459e-05 +1.142600990e+02 +1.142600990e+02
169056 +6.180389261e-05 +6.180389261e-05 +1.142600618e+02 +1.142600618e+02
173242 +3.809562423e-05 +3.809562423e-05 +1.142600381e+02 +1.142600381e+02
179544 +2.494063092e-05 +2.494063092e-05 +1.142600249e+02 +1.142600249e+02
183222 +1.523250418e-05 +1.523250418e-05 +1.142600152e+02 +1.142600152e+02
186177 +8.950450862e-06 +8.950450862e-06 +1.142600090e+02 +1.142600090e+02
189625 +6.249805338e-06 +6.249805338e-06 +1.142600062e+02 +1.142600062e+02
194136 +3.854367407e-06 +3.854367407e-06 +1.142600039e+02 +1.142600039e+02
197653 +2.497601713e-06 +2.497601713e-06 +1.142600025e+02 +1.142600025e+02
201169 +1.558239774e-06 +1.558239774e-06 +1.142600016e+02 +1.142600016e+02
205326 +9.628151929e-07 +9.628151929e-07 +1.142600010e+02 +1.142600010e+02
209673 +6.019865282e-07 +6.019865282e-07 +1.142600006e+02 +1.142600006e+02
214396 +3.968211360e-07 +3.968211360e-07 +1.142600004e+02 +1.142600004e+02
219045 +2.439161761e-07 +2.439161761e-07 +1.142600002e+02 +1.142600002e+02
222926 +1.576085396e-07 +1.576085396e-07 +1.142600002e+02 +1.142600002e+02
228597 +9.839985182e-08 +9.839985182e-08 +1.142600001e+02 +1.142600001e+02
234057 +6.196204083e-08 +6.196204083e-08 +1.142600001e+02 +1.142600001e+02
241165 +3.979826602e-08 +3.979826602e-08 +1.142600000e+02 +1.142600000e+02
248435 +2.396058107e-08 +2.396058107e-08 +1.142600000e+02 +1.142600000e+02
254033 +1.554116125e-08 +1.554116125e-08 +1.142600000e+02 +1.142600000e+02
260486 +9.985555494e-09 +9.985555494e-09 +1.142600000e+02 +1.142600000e+02
% function evaluation | noise-free fitness - Fopt (1.393000000000e+01) | best noise-free fitness - Fopt | measured fitness | best measured fitness | x1 | x2...
1 +1.726134186e+07 +1.726134186e+07 +1.726135579e+07 +1.726135579e+07
42 +1.563443601e+07 +1.563443601e+07 +1.563444994e+07 +1.563444994e+07
272 +9.787649259e+06 +9.787649259e+06 +9.787663189e+06 +9.787663189e+06
1892 +5.703146354e+06 +5.703146354e+06 +5.703160284e+06 +5.703160284e+06
3483 +3.948893524e+06 +3.948893524e+06 +3.948907454e+06 +3.948907454e+06
4868 +2.077209691e+06 +2.077209691e+06 +2.077223621e+06 +2.077223621e+06
6308 +1.348302737e+06 +1.348302737e+06 +1.348316667e+06 +1.348316667e+06
8251 +9.567325552e+05 +9.567325552e+05 +9.567464852e+05 +9.567464852e+05
10591 +5.879029407e+05 +5.879029407e+05 +5.879168707e+05 +5.879168707e+05
12463 +3.675598583e+05 +3.675598583e+05 +3.675737883e+05 +3.675737883e+05
14037 +2.104233180e+05 +2.104233180e+05 +2.104372480e+05 +2.104372480e+05
14734 +1.570961280e+05 +1.570961280e+05 +1.571100580e+05 +1.571100580e+05
16947 +9.402145616e+04 +9.402145616e+04 +9.403538616e+04 +9.403538616e+04
20816 +5.838136786e+04 +5.838136786e+04 +5.839529786e+04 +5.839529786e+04
21573 +3.866522137e+04 +3.866522137e+04 +3.867915137e+04 +3.867915137e+04
22716 +2.483395390e+04 +2.483395390e+04 +2.484788390e+04 +2.484788390e+04
26820 +1.411578193e+04 +1.411578193e+04 +1.412971193e+04 +1.412971193e+04
28531 +9.638677003e+03 +9.638677003e+03 +9.652607003e+03 +9.652607003e+03
31617 +6.192718008e+03 +6.192718008e+03 +6.206648008e+03 +6.206648008e+03
34907 +3.792364969e+03 +3.792364969e+03 +3.806294969e+03 +3.806294969e+03
36719 +2.172406671e+03 +2.172406671e+03 +2.186336671e+03 +2.186336671e+03
39333 +1.484345633e+03 +1.484345633e+03 +1.498275633e+03 +1.498275633e+03
41338 +9.489357479e+02 +9.489357479e+02 +9.628657479e+02 +9.628657479e+02
44102 +5.977906576e+02 +5.977906576e+02 +6.117206576e+02 +6.117206576e+02
47935 +3.424211805e+02 +3.424211805e+02 +3.563511805e+02 +3.563511805e+02
51379 +2.207499214e+02 +2.207499214e+02 +2.346799214e+02 +2.346799214e+02
54456 +1.392597355e+02 +1.392597355e+02 +1.531897355e+02 +1.531897355e+02
57256 +9.933403412e+01 +9.933403412e+01 +1.132640341e+02 +1.132640341e+02
60919 +6.173709510e+01 +6.173709510e+01 +7.566709510e+01 +7.566709510e+01
64418 +3.619734559e+01 +3.619734559e+01 +5.012734559e+01 +5.012734559e+01
68151 +2.379507591e+01 +2.379507591e+01 +3.772507591e+01 +3.772507591e+01
72592 +1.555751723e+01 +1.555751723e+01 +2.948751723e+01 +2.948751723e+01
77575 +9.584350856e+00 +9.584350856e+00 +2.351435086e+01 +2.351435086e+01
84161 +6.235199049e+00 +6.235199049e+00 +2.016519905e+01 +2.016519905e+01
90278 +3.945972680e+00 +3.945972680e+00 +1.787597268e+01 +1.787597268e+01
94540 +2.440214529e+00 +2.440214529e+00 +1.637021453e+01 +1.637021453e+01
98165 +1.515849690e+00 +1.515849690e+00 +1.544584969e+01 +1.544584969e+01
102228 +9.365347687e-01 +9.365347687e-01 +1.486653477e+01 +1.486653477e+01
107577 +6.260742944e-01 +6.260742944e-01 +1.455607429e+01 +1.455607429e+01
112515 +3.976874154e-01 +3.976874154e-01 +1.432768742e+01 +1.432768742e+01
116800 +2.492876423e-01 +2.492876423e-01 +1.417928764e+01 +1.417928764e+01
121111 +1.554504295e-01 +1.554504295e-01 +1.408545043e+01 +1.408545043e+01
124922 +9.807923554e-02 +9.807923554e-02 +1.402807924e+01 +1.402807924e+01
129202 +6.207435806e-02 +6.207435806e-02 +1.399207436e+01 +1.399207436e+01
132842 +3.878138718e-02 +3.878138718e-02 +1.396878139e+01 +1.396878139e+01
138271 +2.472888242e-02 +2.472888242e-02 +1.395472888e+01 +1.395472888e+01
142749 +1.536026801e-02 +1.536026801e-02 +1.394536027e+01 +1.394536027e+01
146305 +9.840393387e-03 +9.840393387e-03 +1.393984039e+01 +1.393984039e+01
152171 +6.057850553e-03 +6.057850553e-03 +1.393605785e+01 +1.393605785e+01
157325 +3.910245823e-03 +3.910245823e-03 +1.393391025e+01 +1.393391025e+01
166090 +2.413686255e-03 +2.413686255e-03 +1.393241369e+01 +1.393241369e+01
172815 +1.543809703e-03 +1.543809703e-03 +1.393154381e+01 +1.393154381e+01
183252 +9.849661917e-04 +9.849661917e-04 +1.393098497e+01 +1.393098497e+01
192296 +6.225374508e-04 +6.225374508e-04 +1.393062254e+01 +1.393062254e+01
199254 +3.793261295e-04 +3.793261295e-04 +1.393037933e+01 +1.393037933e+01
205365 +2.502434602e-04 +2.502434602e-04 +1.393025024e+01 +1.393025024e+01
208802 +1.568785611e-04 +1.568785611e-04 +1.393015688e+01 +1.393015688e+01
216103 +9.809357006e-05 +9.809357006e-05 +1.393009809e+01 +1.393009809e+01
222146 +5.852098256e-05 +5.852098256e-05 +1.393005852e+01 +1.393005852e+01
225485 +3.920121663e-05 +3.920121663e-05 +1.393003920e+01 +1.393003920e+01
231946 +2.469391231e-05 +2.469391231e-05 +1.393002469e+01 +1.393002469e+01
236063 +1.562398405e-05 +1.562398405e-05 +1.393001562e+01 +1.393001562e+01
239745 +9.468909241e-06 +9.468909241e-06 +1.393000947e+01 +1.393000947e+01
243361 +6.157065553e-06 +6.157065553e-06 +1.393000616e+01 +1.393000616e+01
246707 +3.804461555e-06 +3.804461555e-06 +1.393000380e+01 +1.393000380e+01
250459 +2.511721100e-06 +2.511721100e-06 +1.393000251e+01 +1.393000251e+01
253847 +1.536285099e-06 +1.536285099e-06 +1.393000154e+01 +1.393000154e+01
256419 +8.183726941e-07 +8.183726941e-07 +1.393000082e+01 +1.393000082e+01
261717 +6.218350102e-07 +6.218350102e-07 +1.393000062e+01 +1.393000062e+01
264521 +3.934355775e-07 +3.934355775e-07 +1.393000039e+01 +1.393000039e+01
269332 +2.369332535e-07 +2.369332535e-07 +1.393000024e+01 +1.393000024e+01
273066 +1.503207319e-07 +1.503207319e-07 +1.393000015e+01 +1.393000015e+01
276891 +9.910470666e-08 +9.910470666e-08 +1.393000010e+01 +1.393000010e+01
279606 +5.970221295e-08 +5.970221295e-08 +1.393000006e+01 +1.393000006e+01
283680 +3.549904015e-08 +3.549904015e-08 +1.393000004e+01 +1.393000004e+01
286812 +2.501740681e-08 +2.501740681e-08 +1.393000003e+01 +1.393000003e+01
292561 +1.505307701e-08 +1.505307701e-08 +1.393000002e+01 +1.393000002e+01
296117 +9.821505387e-09 +9.821505387e-09 +1.393000001e+01 +1.393000001e+01
% function evaluation | noise-free fitness - Fopt (-3.175000000000e+01) | best noise-free fitness - Fopt | measured fitness | best measured fitness | x1 | x2...
1 +1.237670016e+07 +1.237670016e+07 +1.237666841e+07 +1.237666841e+07
98 +9.036786813e+06 +9.036786813e+06 +9.036755063e+06 +9.036755063e+06
296 +6.266054172e+06 +6.266054172e+06 +6.266022422e+06 +6.266022422e+06
2260 +3.797247664e+06 +3.797247664e+06 +3.797215914e+06 +3.797215914e+06
4005 +1.894507412e+06 +1.894507412e+06 +1.894475662e+06 +1.894475662e+06
4504 +1.398331339e+06 +1.398331339e+06 +1.398299589e+06 +1.398299589e+06
5603 +9.853448515e+05 +9.853448515e+05 +9.853131015e+05 +9.853131015e+05
9138 +6.130364899e+05 +6.130364899e+05 +6.130047399e+05 +6.130047399e+05
11269 +3.760679454e+05 +3.760679454e+05 +3.760361954e+05 +3.760361954e+05
13573 +2.436741687e+05 +2.436741687e+05 +2.436424187e+05 +2.436424187e+05
15669 +1.315269205e+05 +1.315269205e+05 +1.314951705e+05 +1.314951705e+05
16950 +9.940185140e+04 +9.940185140e+04 +9.937010140e+04 +9.937010140e+04
19363 +6.199992103e+04 +6.199992103e+04 +6.196817103e+04 +6.196817103e+04
20061 +3.541555848e+04 +3.541555848e+04 +3.538380848e+04 +3.538380848e+04
22914 +2.473519487e+04 +2.473519487e+04 +2.470344487e+04 +2.470344487e+04
24143 +1.552477575e+04 +1.552477575e+04 +1.549302575e+04 +1.549302575e+04
27008 +9.751607065e+03 +9.751607065e+03 +9.719857065e+03 +9.719857065e+03
29357 +6.086357915e+03 +6.086357915e+03 +6.054607915e+03 +6.054607915e+03
30644 +3.550376280e+03 +3.550376280e+03 +3.518626280e+03 +3.518626280e+03
33677 +2.501329942e+03 +2.501329942e+03 +2.469579942e+03 +2.469579942e+03
34332 +1.549311878e+03 +1.549311878e+03 +1.517561878e+03 +1.517561878e+03
37278 +9.060565077e+02 +9.060565077e+02 +8.743065077e+02 +8.743065077e+02
40171 +5.760995117e+02 +5.760995117e+02 +5.443495117e+02 +5.443495117e+02
42501 +3.597158705e+02 +3.597158705e+02 +3.279658705e+02 +3.279658705e+02
45781 +2.477888748e+02 +2.477888748e+02 +2.160388748e+02 +2.160388748e+02
47960 +1.385307986e+02 +1.385307986e+02 +1.067807986e+02 +1.067807986e+02
49248 +9.795942562e+01 +9.795942562e+01 +6.620942562e+01 +6.620942562e+01
54032 +5.478339615e+01 +5.478339615e+01 +2.303339615e+01 +2.303339615e+01
57955 +3.950912014e+01 +3.950912014e+01 +7.759120141e+00 +7.759120141e+00
61977 +2.176979830e+01 +2.176979830e+01 -9.980201696e+00 -9.980201696e+00
67926 +1.584577996e+01 +1.584577996e+01 -1.590422004e+01 -1.590422004e+01
74509 +9.738729257e+00 +9.738729257e+00 -2.201127074e+01 -2.201127074e+01
85616 +6.141234535e+00 +6.141234535e+00 -2.560876547e+01 -2.560876547e+01
87244 +3.835145467e+00 +3.835145467e+00 -2.791485453e+01 -2.791485453e+01
93803 +2.470216151e+00 +2.470216151e+00 -2.927978385e+01 -2.927978385e+01
98813 +1.581537489e+00 +1.581537489e+00 -3.016846251e+01 -3.016846251e+01
103331 +9.796303902e-01 +9.796303902e-01 -3.077036961e+01 -3.077036961e+01
106647 +6.286084882e-01 +6.286084882e-01 -3.112139151e+01 -3.112139151e+01
110825 +3.940275493e-01 +3.940275493e-01 -3.135597245e+01 -3.135597245e+01
116532 +2.500466339e-01 +2.500466339e-01 -3.149995337e+01 -3.149995337e+01
122266 +1.581755734e-01 +1.581755734e-01 -3.159182443e+01 -3.159182443e+01
130074 +9.367628524e-02 +9.367628524e-02 -3.165632371e+01 -3.165632371e+01
137221 +6.303952982e-02 +6.303952982e-02 -3.168696047e+01 -3.168696047e+01
144066 +3.765795469e-02 +3.765795469e-02 -3.171234205e+01 -3.171234205e+01
151507 +2.327492103e-02 +2.327492103e-02 -3.172672508e+01 -3.172672508e+01
157998 +1.583867373e-02 +1.583867373e-02 -3.173416133e+01 -3.173416133e+01
164810 +9.965938843e-03 +9.965938843e-03 -3.174003406e+01 -3.174003406e+01
172932 +6.291970558e-03 +6.291970558e-03 -3.174370803e+01 -3.174370803e+01
177192 +3.925253088e-03 +3.925253088e-03 -3.174607475e+01 -3.174607475e+01
182430 +2.482814730e-03 +2.482814730e-03 -3.174751719e+01 -3.174751719e+01
190075 +1.541295425e-03 +1.541295425e-03 -3.174845870e+01 -3.174845870e+01
196650 +9.194129805e-04 +9.194129805e-04 -3.174908059e+01 -3.174908059e+01
200903 +6.100398119e-04 +6.100398119e-04 -3.174938996e+01 -3.174938996e+01
205350 +3.960643887e-04 +3.960643887e-04 -3.174960394e+01 -3.174960394e+01
210083 +2.361912106e-04 +2.361912106e-04 -3.174976381e+01 -3.174976381e+01
215089 +1.582957597e-04 +1.582957597e-04 -3.174984170e+01 -3.174984170e+01
220087 +9.523821039e-05 +9.523821039e-05 -3.174990476e+01 -3.174990476e+01
223797 +6.259136837e-05 +6.259136837e-05 -3.174993741e+01 -3.174993741e+01
227445 +3.856057758e-05 +3.856057758e-05 -3.174996144e+01 -3.174996144e+01
230915 +2.346995785e-05 +2.346995785e-05 -3.174997653e+01 -3.174997653e+01
233708 +1.366527879e-05 +1.366527879e-05 -3.174998633e+01 -3.174998633e+01
235841 +9.865481282e-06 +9.865481282e-06 -3.174999013e+01 -3.174999013e+01
240868 +6.135701003e-06 +6.135701003e-06 -3.174999386e+01 -3.174999386e+01
244601 +3.952634060e-06 +3.952634060e-06 -3.174999605e+01 -3.174999605e+01
248674 +2.479576612e-06 +2.479576612e-06 -3.174999752e+01 -3.174999752e+01
253294 +1.534540075e-06 +1.534540075e-06 -3.174999847e+01 -3.174999847e+01
257352 +9.968419192e-07 +9.968419192e-07 -3.174999900e+01 -3.174999900e+01
261741 +5.905599778e-07 +5.905599778e-07 -3.174999941e+01 -3.174999941e+01
266079 +3.798341552e-07 +3.798341552e-07 -3.174999962e+01 -3.174999962e+01
268833 +2.471557288e-07 +2.471557288e-07 -3.174999975e+01 -3.174999975e+01
271280 +1.201204007e-07 +1.201204007e-07 -3.174999988e+01 -3.174999988e+01
274808 +9.869315676e-08 +9.869315676e-08 -3.174999990e+01 -3.174999990e+01
278238 +5.910218448e-08 +5.910218448e-08 -3.174999994e+01 -3.174999994e+01
281783 +3.529699910e-08 +3.529699910e-08 -3.174999996e+01 -3.174999996e+01
285963 +2.297492330e-08 +2.297492330e-08 -3.174999998e+01 -3.174999998e+01
288675 +1.550971618e-08 +1.550971618e-08 -3.174999998e+01 -3.174999998e+01
294794 +9.988685434e-09 +9.988685434e-09 -3.174999999e+01 -3.174999999e+01
% function evaluation | noise-free fitness - Fopt (5.432000000000e+01) | best noise-free fitness - Fopt | measured fitness | best measured fitness | x1 | x2...
1 +4.197130337e+07 +4.197130337e+07 +4.197135769e+07 +4.197135769e+07
2 +2.615318184e+07 +2.615318184e+07 +2.615323616e+07 +2.615323616e+07
3 +2.358649303e+07 +2.358649303e+07 +2.358654735e+07 +2.358654735e+07
8 +1.551931148e+07 +1.551931148e+07 +1.551936580e+07 +1.551936580e+07
84 +9.448152974e+06 +9.448152974e+06 +9.448207294e+06 +9.448207294e+06
501 +4.585949783e+06 +4.585949783e+06 +4.586004103e+06 +4.586004103e+06
1640 +3.599101609e+06 +3.599101609e+06 +3.599155929e+06 +3.599155929e+06
3559 +1.933511521e+06 +1.933511521e+06 +1.933565841e+06 +1.933565841e+06
5636 +1.342306417e+06 +1.342306417e+06 +1.342360737e+06 +1.342360737e+06
6368 +9.603166251e+05 +9.603166251e+05 +9.603709451e+05 +9.603709451e+05
8115 +6.211915285e+05 +6.211915285e+05 +6.212458485e+05 +6.212458485e+05
10469 +3.492258552e+05 +3.492258552e+05 +3.492801752e+05 +3.492801752e+05
11295 +2.327850284e+05 +2.327850284e+05 +2.328393484e+05 +2.328393484e+05
13801 +1.501509726e+05 +1.501509726e+05 +1.502052926e+05 +1.502052926e+05
15459 +9.347906510e+04 +9.347906510e+04 +9.353338510e+04 +9.353338510e+04
17203 +6.177919223e+04 +6.177919223e+04 +6.183351223e+04 +6.183351223e+04
18879 +2.941039439e+04 +2.941039439e+04 +2.946471439e+04 +2.946471439e+04
21868 +2.119003214e+04 +2.119003214e+04 +2.124435214e+04 +2.124435214e+04
23460 +1.403996810e+04 +1.403996810e+04 +1.409428810e+04 +1.409428810e+04
25647 +9.249409115e+03 +9.249409115e+03 +9.303729115e+03 +9.303729115e+03
27812 +5.563289940e+03 +5.563289940e+03 +5.617609940e+03 +5.617609940e+03
30508 +3.217761038e+03 +3.217761038e+03 +3.272081038e+03 +3.272081038e+03
33345 +2.345327178e+03 +2.345327178e+03 +2.399647178e+03 +2.399647178e+03
37237 +1.525771646e+03 +1.525771646e+03 +1.580091646e+03 +1.580091646e+03
39508 +9.483850983e+02 +9.483850983e+02 +1.002705098e+03 +1.002705098e+03
41951 +6.030316280e+02 +6.030316280e+02 +6.573516280e+02 +6.573516280e+02
45433 +3.754621602e+02 +3.754621602e+02 +4.297821602e+02 +4.297821602e+02
48584 +2.467072858e+02 +2.467072858e+02 +3.010272858e+02 +3.010272858e+02
52608 +1.488412017e+02 +1.488412017e+02 +2.031612017e+02 +2.031612017e+02
58350 +9.918907928e+01 +9.918907928e+01 +1.535090793e+02 +1.535090793e+02
64650 +6.122631392e+01 +6.122631392e+01 +1.155463139e+02 +1.155463139e+02
69946 +3.957683446e+01 +3.957683446e+01 +9.389683446e+01 +9.389683446e+01
76239 +2.455841469e+01 +2.455841469e+01 +7.887841469e+01 +7.887841469e+01
81846 +1.485259051e+01 +1.485259051e+01 +6.917259051e+01 +6.917259051e+01
87916 +9.892097446e+00 +9.892097446e+00 +6.421209745e+01 +6.421209745e+01
94337 +6.160450421e+00 +6.160450421e+00 +6.048045042e+01 +6.048045042e+01
102837 +3.965829456e+00 +3.965829456e+00 +5.828582946e+01 +5.828582946e+01
114490 +2.499235894e+00 +2.499235894e+00 +5.681923589e+01 +5.681923589e+01
120487 +1.584082476e+00 +1.584082476e+00 +5.590408248e+01 +5.590408248e+01
126414 +9.908931514e-01 +9.908931514e-01 +5.531089315e+01 +5.531089315e+01
135927 +6.274232889e-01 +6.274232889e-01 +5.494742329e+01 +5.494742329e+01
143114 +3.980505159e-01 +3.980505159e-01 +5.471805052e+01 +5.471805052e+01
147798 +2.384380224e-01 +2.384380224e-01 +5.455843802e+01 +5.455843802e+01
154196 +1.572576431e-01 +1.572576431e-01 +5.447725764e+01 +5.447725764e+01
160415 +9.860557333e-02 +9.860557333e-02 +5.441860557e+01 +5.441860557e+01
165625 +6.060113799e-02 +6.060113799e-02 +5.438060114e+01 +5.438060114e+01
169950 +3.859355073e-02 +3.859355073e-02 +5.435859355e+01 +5.435859355e+01
176560 +2.437980860e-02 +2.437980860e-02 +5.434437981e+01 +5.434437981e+01
181412 +1.553691028e-02 +1.553691028e-02 +5.433553691e+01 +5.433553691e+01
186157 +9.955640593e-03 +9.955640593e-03 +5.432995564e+01 +5.432995564e+01
191117 +6.089413878e-03 +6.089413878e-03 +5.432608941e+01 +5.432608941e+01
198300 +3.917345001e-03 +3.917345001e-03 +5.432391735e+01 +5.432391735e+01
204584 +2.473943869e-03 +2.473943869e-03 +5.432247394e+01 +5.432247394e+01
209510 +1.582627566e-03 +1.582627566e-03 +5.432158263e+01 +5.432158263e+01
213655 +9.576668867e-04 +9.576668867e-04 +5.432095767e+01 +5.432095767e+01
215161 +5.975066185e-04 +5.975066185e-04 +5.432059751e+01 +5.432059751e+01
219710 +3.876986922e-04 +3.876986922e-04 +5.432038770e+01 +5.432038770e+01
224517 +2.480772066e-04 +2.480772066e-04 +5.432024808e+01 +5.432024808e+01
228748 +1.390543299e-04 +1.390543299e-04 +5.432013905e+01 +5.432013905e+01
232734 +9.830097482e-05 +9.830097482e-05 +5.432009830e+01 +5.432009830e+01
236025 +6.240204367e-05 +6.240204367e-05 +5.432006240e+01 +5.432006240e+01
239153 +3.626407133e-05 +3.626407133e-05 +5.432003626e+01 +5.432003626e+01
241369 +2.273545979e-05 +2.273545979e-05 +5.432002274e+01 +5.432002274e+01
245850 +1.474682023e-05 +1.474682023e-05 +5.432001475e+01 +5.432001475e+01
249777 +9.568618403e-06 +9.568618403e-06 +5.432000957e+01 +5.432000957e+01
252015 +5.716819452e-06 +5.716819452e-06 +5.432000572e+01 +5.432000572e+01
255217 +3.849143511e-06 +3.849143511e-06 +5.432000385e+01 +5.432000385e+01
258643 +2.468486898e-06 +2.468486898e-06 +5.432000247e+01 +5.432000247e+01
263220 +1.513860141e-06 +1.513860141e-06 +5.432000151e+01 +5.432000151e+01
268369 +9.973448485e-07 +9.973448485e-07 +5.432000100e+01 +5.432000100e+01
272091 +5.945707855e-07 +5.945707855e-07 +5.432000059e+01 +5.432000059e+01
276457 +3.930217432e-07 +3.930217432e-07 +5.432000039e+01 +5.432000039e+01
280614 +2.450094385e-07 +2.450094385e-07 +5.432000025e+01 +5.432000025e+01
284092 +1.504029186e-07 +1.504029186e-07 +5.432000015e+01 +5.432000015e+01
287302 +7.767879140e-08 +7.767879140e-08 +5.432000008e+01 +5.432000008e+01
291918 +5.723886431e-08 +5.723886431e-08 +5.432000006e+01 +5.432000006e+01
293910 +3.729848430e-08 +3.729848430e-08 +5.432000004e+01 +5.432000004e+01
298216 +2.487674777e-08 +2.487674777e-08 +5.432000002e+01 +5.432000002e+01
300853 +1.484026058e-08 +1.484026058e-08 +5.432000001e+01 +5.432000001e+01
303299 +9.897021869e-09 +9.897021869e-09 +5.432000001e+01 +5.432000001e+01
% function evaluation | noise-free fitness - Fopt (4.052000000000e+01) | best noise-free fitness - Fopt | measured fitness | best measured fitness | x1 | x2...
1 +4.676987015e+07 +4.676987015e+07 +4.676991067e+07 +4.676991067e+07
2 +3.476851582e+07 +3.476851582e+07 +3.476855634e+07 +3.476855634e+07
9 +1.536735777e+07 +1.536735777e+07 +1.536739829e+07 +1.536739829e+07
740 +9.990668632e+06 +9.990668632e+06 +9.990709152e+06 +9.990709152e+06
2098 +5.121075990e+06 +5.121075990e+06 +5.121116510e+06 +5.121116510e+06
2987 +3.505912942e+06 +3.505912942e+06 +3.505953462e+06 +3.505953462e+06
4811 +1.783120646e+06 +1.783120646e+06 +1.783161166e+06 +1.783161166e+06
6154 +1.505391286e+06 +1.505391286e+06 +1.505431806e+06 +1.505431806e+06
7756 +8.997157835e+05 +8.997157835e+05 +8.997563035e+05 +8.997563035e+05
9666 +5.328234370e+05 +5.328234370e+05 +5.328639570e+05 +5.328639570e+05
11898 +3.460557749e+05 +3.460557749e+05 +3.460962949e+05 +3.460962949e+05
13606 +2.503529367e+05 +2.503529367e+05 +2.503934567e+05 +2.503934567e+05
16428 +1.518563298e+05 +1.518563298e+05 +1.518968498e+05 +1.518968498e+05
18837 +6.774511756e+04 +6.774511756e+04 +6.778563756e+04 +6.778563756e+04
20560 +5.988273323e+04 +5.988273323e+04 +5.992325323e+04 +5.992325323e+04
23009 +3.675099530e+04 +3.675099530e+04 +3.679151530e+04 +3.679151530e+04
25002 +2.070911107e+04 +2.070911107e+04 +2.074963107e+04 +2.074963107e+04
27403 +1.530768529e+04 +1.530768529e+04 +1.534820529e+04 +1.534820529e+04
28111 +9.708146227e+03 +9.708146227e+03 +9.748666227e+03 +9.748666227e+03
31712 +5.298512023e+03 +5.298512023e+03 +5.339032023e+03 +5.339032023e+03
34507 +3.799176639e+03 +3.799176639e+03 +3.839696639e+03 +3.839696639e+03
36187 +2.453393631e+03 +2.453393631e+03 +2.493913631e+03 +2.493913631e+03
37273 +1.505344685e+03 +1.505344685e+03 +1.545864685e+03 +1.545864685e+03
41656 +9.927707322e+02 +9.927707322e+02 +1.033290732e+03 +1.033290732e+03
45945 +5.843520067e+02 +5.843520067e+02 +6.248720067e+02 +6.248720067e+02
50183 +3.791873677e+02 +3.791873677e+02 +4.197073677e+02 +4.197073677e+02
54005 +2.397124044e+02 +2.397124044e+02 +2.802324044e+02 +2.802324044e+02
59716 +1.574615840e+02 +1.574615840e+02 +1.979815840e+02 +1.979815840e+02
66801 +9.994085321e+01 +9.994085321e+01 +1.404608532e+02 +1.404608532e+02
75570 +6.278583226e+01 +6.278583226e+01 +1.033058323e+02 +1.033058323e+02
81723 +3.942662871e+01 +3.942662871e+01 +7.994662871e+01 +7.994662871e+01
91513 +2.444349505e+01 +2.444349505e+01 +6.496349505e+01 +6.496349505e+01
97714 +1.565570181e+01 +1.565570181e+01 +5.617570181e+01 +5.617570181e+01
104882 +9.861857755e+00 +9.861857755e+00 +5.038185775e+01 +5.038185775e+01
110654 +6.293188842e+00 +6.293188842e+00 +4.681318884e+01 +4.681318884e+01
119251 +3.903850290e+00 +3.903850290e+00 +4.442385029e+01 +4.442385029e+01
130135 +2.491556814e+00 +2.491556814e+00 +4.301155681e+01 +4.301155681e+01
132561 +1.552167569e+00 +1.552167569e+00 +4.207216757e+01 +4.207216757e+01
141235 +9.917069845e-01 +9.917069845e-01 +4.151170698e+01 +4.151170698e+01
146835 +6.303810875e-01 +6.303810875e-01 +4.115038109e+01 +4.115038109e+01
153429 +3.870385045e-01 +3.870385045e-01 +4.090703850e+01 +4.090703850e+01
160652 +2.430931786e-01 +2.430931786e-01 +4.076309318e+01 +4.076309318e+01
170428 +1.538016912e-01 +1.538016912e-01 +4.067380169e+01 +4.067380169e+01
180547 +9.916804951e-02 +9.916804951e-02 +4.061916805e+01 +4.061916805e+01
187505 +6.062770967e-02 +6.062770967e-02 +4.058062771e+01 +4.058062771e+01
194850 +3.971010803e-02 +3.971010803e-02 +4.055971011e+01 +4.055971011e+01
202629 +2.475131599e-02 +2.475131599e-02 +4.054475132e+01 +4.054475132e+01
209058 +1.579412393e-02 +1.579412393e-02 +4.053579412e+01 +4.053579412e+01
218869 +9.917556969e-03 +9.917556969e-03 +4.052991756e+01 +4.052991756e+01
228926 +6.261114209e-03 +6.261114209e-03 +4.052626111e+01 +4.052626111e+01
245621 +3.952677950e-03 +3.952677950e-03 +4.052395268e+01 +4.052395268e+01
258971 +2.502283011e-03 +2.502283011e-03 +4.052250228e+01 +4.052250228e+01
272434 +1.563196145e-03 +1.563196145e-03 +4.052156320e+01 +4.052156320e+01
281834 +9.999648693e-04 +9.999648693e-04 +4.052099996e+01 +4.052099996e+01
295279 +6.173006608e-04 +6.173006608e-04 +4.052061730e+01 +4.052061730e+01
303787 +3.963307761e-04 +3.963307761e-04 +4.052039633e+01 +4.052039633e+01
313608 +2.265362250e-04 +2.265362250e-04 +4.052022654e+01 +4.052022654e+01
320095 +1.578845546e-04 +1.578845546e-04 +4.052015788e+01 +4.052015788e+01
328733 +9.851214916e-05 +9.851214916e-05 +4.052009851e+01 +4.052009851e+01
333651 +6.237237938e-05 +6.237237938e-05 +4.052006237e+01 +4.052006237e+01
339305 +3.809708765e-05 +3.809708765e-05 +4.052003810e+01 +4.052003810e+01
342570 +2.474646653e-05 +2.474646653e-05 +4.052002475e+01 +4.052002475e+01
345788 +1.463338801e-05 +1.463338801e-05 +4.052001463e+01 +4.052001463e+01
349261 +9.700156710e-06 +9.700156710e-06 +4.052000970e+01 +4.052000970e+01
354742 +6.271800473e-06 +6.271800473e-06 +4.052000627e+01 +4.052000627e+01
358584 +3.831844644e-06 +3.831844644e-06 +4.052000383e+01 +4.052000383e+01
363097 +2.307047346e-06 +2.307047346e-06 +4.052000231e+01 +4.052000231e+01
367215 +1.546695678e-06 +1.546695678e-06 +4.052000155e+01 +4.052000155e+01
371780 +9.258485392e-07 +9.258485392e-07 +4.052000093e+01 +4.052000093e+01
375621 +5.821281519e-07 +5.821281519e-07 +4.052000058e+01 +4.052000058e+01
381767 +3.887780409e-07 +3.887780409e-07 +4.052000039e+01 +4.052000039e+01
386101 +2.225269924e-07 +2.225269924e-07 +4.052000022e+01 +4.052000022e+01
390093 +1.554057363e-07 +1.554057363e-07 +4.052000016e+01 +4.052000016e+01
394613 +9.995321193e-08 +9.995321193e-08 +4.052000010e+01 +4.052000010e+01
399716 +6.267869423e-08 +6.267869423e-08 +4.052000006e+01 +4.052000006e+01
404531 +3.878756871e-08 +3.878756871e-08 +4.052000004e+01 +4.052000004e+01
410368 +2.313925762e-08 +2.313925762e-08 +4.052000002e+01 +4.052000002e+01
414614 +1.560782437e-08 +1.560782437e-08 +4.052000002e+01 +4.052000002e+01
420212 +9.693160052e-09 +9.693160052e-09 +4.052000001e+01 +4.052000001e+01
% function evaluation | noise-free fitness - Fopt (-1.184900000000e+02) | best noise-free fitness - Fopt | measured fitness | best measured fitness | x1 | x2...
1 +1.403724418e+08 +1.403724418e+08 +1.403723233e+08 +1.403723233e+08
2 +5.553393338e+07 +5.553393338e+07 +5.553381489e+07 +5.553381489e+07
5 +3.329945783e+07 +3.329945783e+07 +3.329933934e+07 +3.329933934e+07
13 +2.503839245e+07 +2.503839245e+07 +2.503827396e+07 +2.503827396e+07
228 +6.612889968e+06 +6.612889968e+06 +6.612771478e+06 +6.612771478e+06
2114 +5.418927281e+06 +5.418927281e+06 +5.418808791e+06 +5.418808791e+06
2634 +3.290457899e+06 +3.290457899e+06 +3.290339409e+06 +3.290339409e+06
6440 +2.162953844e+06 +2.162953844e+06 +2.162835354e+06 +2.162835354e+06
7254 +1.537261841e+06 +1.537261841e+06 +1.537143351e+06 +1.537143351e+06
9763 +9.072505671e+05 +9.072505671e+05 +9.071320771e+05 +9.071320771e+05
10105 +6.155359377e+05 +6.155359377e+05 +6.154174477e+05 +6.154174477e+05
12440 +3.448768654e+05 +3.448768654e+05 +3.447583754e+05 +3.447583754e+05
14242 +2.268070381e+05 +2.268070381e+05 +2.266885481e+05 +2.266885481e+05
16036 +1.241091174e+05 +1.241091174e+05 +1.239906274e+05 +1.239906274e+05
16833 +8.703406399e+04 +8.703406399e+04 +8.691557399e+04 +8.691557399e+04
19828 +6.180074038e+04 +6.180074038e+04 +6.168225038e+04 +6.168225038e+04
22204 +3.490078475e+04 +3.490078475e+04 +3.478229475e+04 +3.478229475e+04
23962 +2.433019964e+04 +2.433019964e+04 +2.421170964e+04 +2.421170964e+04
27157 +1.548952069e+04 +1.548952069e+04 +1.537103069e+04 +1.537103069e+04
28728 +9.664306307e+03 +9.664306307e+03 +9.545816307e+03 +9.545816307e+03
31979 +5.498085467e+03 +5.498085467e+03 +5.379595467e+03 +5.379595467e+03
34343 +3.416933589e+03 +3.416933589e+03 +3.298443589e+03 +3.298443589e+03
37656 +2.455364682e+03 +2.455364682e+03 +2.336874682e+03 +2.336874682e+03
42468 +1.445484034e+03 +1.445484034e+03 +1.326994034e+03 +1.326994034e+03
47707 +9.846080309e+02 +9.846080309e+02 +8.661180309e+02 +8.661180309e+02
54656 +6.164165263e+02 +6.164165263e+02 +4.979265263e+02 +4.979265263e+02
60368 +3.919882879e+02 +3.919882879e+02 +2.734982879e+02 +2.734982879e+02
63515 +2.486223812e+02 +2.486223812e+02 +1.301323812e+02 +1.301323812e+02
69427 +1.573662879e+02 +1.573662879e+02 +3.887628793e+01 +3.887628793e+01
74567 +9.669784714e+01 +9.669784714e+01 -2.179215286e+01 -2.179215286e+01
76561 +5.654597221e+01 +5.654597221e+01 -6.194402779e+01 -6.194402779e+01
79779 +3.907995550e+01 +3.907995550e+01 -7.941004450e+01 -7.941004450e+01
81204 +2.441664901e+01 +2.441664901e+01 -9.407335099e+01 -9.407335099e+01
86510 +1.477279093e+01 +1.477279093e+01 -1.037172091e+02 -1.037172091e+02
89750 +9.949523237e+00 +9.949523237e+00 -1.085404768e+02 -1.085404768e+02
93297 +6.174587418e+00 +6.174587418e+00 -1.123154126e+02 -1.123154126e+02
96422 +3.500796416e+00 +3.500796416e+00 -1.149892036e+02 -1.149892036e+02
100228 +2.382167783e+00 +2.382167783e+00 -1.161078322e+02 -1.161078322e+02
103188 +1.582865595e+00 +1.582865595e+00 -1.169071344e+02 -1.169071344e+02
106013 +7.644825338e-01 +7.644825338e-01 -1.177255175e+02 -1.177255175e+02
107633 +6.309448664e-01 +6.309448664e-01 -1.178590551e+02 -1.178590551e+02
112538 +3.961399738e-01 +3.961399738e-01 -1.180938600e+02 -1.180938600e+02
117163 +2.405189672e-01 +2.405189672e-01 -1.182494810e+02 -1.182494810e+02
120095 +1.545586960e-01 +1.545586960e-01 -1.183354413e+02 -1.183354413e+02
124188 +9.012824508e-02 +9.012824508e-02 -1.183998718e+02 -1.183998718e+02
128153 +6.216965162e-02 +6.216965162e-02 -1.184278303e+02 -1.184278303e+02
131242 +3.956618803e-02 +3.956618803e-02 -1.184504338e+02 -1.184504338e+02
136417 +2.489541901e-02 +2.489541901e-02 -1.184651046e+02 -1.184651046e+02
140160 +1.547831818e-02 +1.547831818e-02 -1.184745217e+02 -1.184745217e+02
143554 +9.123284538e-03 +9.123284538e-03 -1.184808767e+02 -1.184808767e+02
147645 +6.178308648e-03 +6.178308648e-03 -1.184838217e+02 -1.184838217e+02
151211 +3.805048056e-03 +3.805048056e-03 -1.184861950e+02 -1.184861950e+02
156440 +2.468928729e-03 +2.468928729e-03 -1.184875311e+02 -1.184875311e+02
161242 +1.563666113e-03 +1.563666113e-03 -1.184884363e+02 -1.184884363e+02
165742 +9.938343923e-04 +9.938343923e-04 -1.184890062e+02 -1.184890062e+02
168927 +6.038362116e-04 +6.038362116e-04 -1.184893962e+02 -1.184893962e+02
174537 +3.866625774e-04 +3.866625774e-04 -1.184896133e+02 -1.184896133e+02
181645 +2.488567274e-04 +2.488567274e-04 -1.184897511e+02 -1.184897511e+02
187991 +1.550102668e-04 +1.550102668e-04 -1.184898450e+02 -1.184898450e+02
192883 +9.721789834e-05 +9.721789834e-05 -1.184899028e+02 -1.184899028e+02
197485 +6.280531717e-05 +6.280531717e-05 -1.184899372e+02 -1.184899372e+02
202059 +3.892070752e-05 +3.892070752e-05 -1.184899611e+02 -1.184899611e+02
206933 +2.333132005e-05 +2.333132005e-05 -1.184899767e+02 -1.184899767e+02
209909 +1.504478202e-05 +1.504478202e-05 -1.184899850e+02 -1.184899850e+02
212097 +9.303318265e-06 +9.303318265e-06 -1.184899907e+02 -1.184899907e+02
216441 +5.829006014e-06 +5.829006014e-06 -1.184899942e+02 -1.184899942e+02
219658 +3.596069760e-06 +3.596069760e-06 -1.184899964e+02 -1.184899964e+02
223437 +2.217013787e-06 +2.217013787e-06 -1.184899978e+02 -1.184899978e+02
226965 +1.534377674e-06 +1.534377674e-06 -1.184899985e+02 -1.184899985e+02
229184 +9.494907687e-07 +9.494907687e-07 -1.184899991e+02 -1.184899991e+02
232304 +6.073414909e-07 +6.073414909e-07 -1.184899994e+02 -1.184899994e+02
235227 +3.454449029e-07 +3.454449029e-07 -1.184899997e+02 -1.184899997e+02
238360 +2.081298618e-07 +2.081298618e-07 -1.184899998e+02 -1.184899998e+02
240812 +1.517054500e-07 +1.517054500e-07 -1.184899998e+02 -1.184899998e+02
243783 +9.837029324e-08 +9.837029324e-08 -1.184899999e+02 -1.184899999e+02
246819 +5.806278125e-08 +5.806278125e-08 -1.184899999e+02 -1.184899999e+02
249899 +3.667855708e-08 +3.667855708e-08 -1.184900000e+02 -1.184900000e+02
251228 +2.330126847e-08 +2.330126847e-08 -1.184900000e+02 -1.184900000e+02
254095 +1.485118162e-08 +1.485118162e-08 -1.184900000e+02 -1.184900000e+02
255948 +9.515758848e-09 +9.515758848e-09 -1.184900000e+02 -1.184900000e+02
% function evaluation | noise-free fitness - Fopt (2.810000000000e+01) | best noise-free fitness - Fopt | measured fitness | best measured fitness | x1 | x2...
1 +6.379431394e+07 +6.379431394e+07 +6.379434204e+07 +6.379434204e+07
2 +1.729942902e+07 +1.729942902e+07 +1.729945712e+07 +1.729945712e+07
18 +1.411558605e+07 +1.411558605e+07 +1.411561415e+07 +1.411561415e+07
23 +7.875936986e+06 +7.875936986e+06 +7.875965086e+06 +7.875965086e+06
390 +6.023332385e+06 +6.023332385e+06 +6.023360485e+06 +6.023360485e+06
2006 +3.291031916e+06 +3.291031916e+06 +3.291060016e+06 +3.291060016e+06
2991 +2.435643884e+06 +2.435643884e+06 +2.435671984e+06 +2.435671984e+06
5658 +1.522646617e+06 +1.522646617e+06 +1.522674717e+06 +1.522674717e+06
6030 +9.685012079e+05 +9.685012079e+05 +9.685293079e+05 +9.685293079e+05
8058 +6.223223548e+05 +6.223223548e+05 +6.223504548e+05 +6.223504548e+05
10044 +3.122298266e+05 +3.122298266e+05 +3.122579266e+05 +3.122579266e+05
13586 +2.450680291e+05 +2.450680291e+05 +2.450961291e+05 +2.450961291e+05
15367 +1.406241821e+05 +1.406241821e+05 +1.406522821e+05 +1.406522821e+05
17325 +9.365535338e+04 +9.365535338e+04 +9.368345338e+04 +9.368345338e+04
18565 +6.161151418e+04 +6.161151418e+04 +6.163961418e+04 +6.163961418e+04
21481 +3.942259714e+04 +3.942259714e+04 +3.945069714e+04 +3.945069714e+04
22513 +2.447791689e+04 +2.447791689e+04 +2.450601689e+04 +2.450601689e+04
24645 +1.538830385e+04 +1.538830385e+04 +1.541640385e+04 +1.541640385e+04
27157 +8.699344045e+03 +8.699344045e+03 +8.727444045e+03 +8.727444045e+03
28925 +6.176451308e+03 +6.176451308e+03 +6.204551308e+03 +6.204551308e+03
31030 +3.762483607e+03 +3.762483607e+03 +3.790583607e+03 +3.790583607e+03
34580 +2.435995510e+03 +2.435995510e+03 +2.464095510e+03 +2.464095510e+03
35322 +1.567642988e+03 +1.567642988e+03 +1.595742988e+03 +1.595742988e+03
39002 +9.788993248e+02 +9.788993248e+02 +1.006999325e+03 +1.006999325e+03
41641 +5.511095193e+02 +5.511095193e+02 +5.792095193e+02 +5.792095193e+02
44298 +3.958780405e+02 +3.958780405e+02 +4.239780405e+02 +4.239780405e+02
47021 +2.355137738e+02 +2.355137738e+02 +2.636137738e+02 +2.636137738e+02
49044 +1.196741671e+02 +1.196741671e+02 +1.477741671e+02 +1.477741671e+02
51479 +9.697354248e+01 +9.697354248e+01 +1.250735425e+02 +1.250735425e+02
53392 +6.211802887e+01 +6.211802887e+01 +9.021802887e+01 +9.021802887e+01
56839 +3.836987281e+01 +3.836987281e+01 +6.646987281e+01 +6.646987281e+01
59933 +2.450915810e+01 +2.450915810e+01 +5.260915810e+01 +5.260915810e+01
63680 +1.447798980e+01 +1.447798980e+01 +4.257798980e+01 +4.257798980e+01
67469 +9.693582016e+00 +9.693582016e+00 +3.779358202e+01 +3.779358202e+01
72042 +6.307163539e+00 +6.307163539e+00 +3.440716354e+01 +3.440716354e+01
76075 +3.851950357e+00 +3.851950357e+00 +3.195195036e+01 +3.195195036e+01
79130 +2.443957735e+00 +2.443957735e+00 +3.054395774e+01 +3.054395774e+01
81285 +1.577675279e+00 +1.577675279e+00 +2.967767528e+01 +2.967767528e+01
85011 +9.733629383e-01 +9.733629383e-01 +2.907336294e+01 +2.907336294e+01
88081 +6.184237837e-01 +6.184237837e-01 +2.871842378e+01 +2.871842378e+01
91876 +3.760793807e-01 +3.760793807e-01 +2.847607938e+01 +2.847607938e+01
95269 +2.308589710e-01 +2.308589710e-01 +2.833085897e+01 +2.833085897e+01
98808 +1.551411366e-01 +1.551411366e-01 +2.825514114e+01 +2.825514114e+01
103227 +8.607435608e-02 +8.607435608e-02 +2.818607436e+01 +2.818607436e+01
106013 +5.978504235e-02 +5.978504235e-02 +2.815978504e+01 +2.815978504e+01
109446 +3.826726226e-02 +3.826726226e-02 +2.813826726e+01 +2.813826726e+01
112098 +2.436284041e-02 +2.436284041e-02 +2.812436284e+01 +2.812436284e+01
114137 +1.577417086e-02 +1.577417086e-02 +2.811577417e+01 +2.811577417e+01
116702 +9.559256441e-03 +9.559256441e-03 +2.810955926e+01 +2.810955926e+01
118077 +6.250097405e-03 +6.250097405e-03 +2.810625010e+01 +2.810625010e+01
123430 +3.961472111e-03 +3.961472111e-03 +2.810396147e+01 +2.810396147e+01
125294 +2.497422619e-03 +2.497422619e-03 +2.810249742e+01 +2.810249742e+01
127968 +1.464214797e-03 +1.464214797e-03 +2.810146421e+01 +2.810146421e+01
131134 +9.920399147e-04 +9.920399147e-04 +2.810099204e+01 +2.810099204e+01
133965 +6.214129954e-04 +6.214129954e-04 +2.810062141e+01 +2.810062141e+01
138460 +3.642087050e-04 +3.642087050e-04 +2.810036421e+01 +2.810036421e+01
141068 +2.186872565e-04 +2.186872565e-04 +2.810021869e+01 +2.810021869e+01
145328 +1.533471477e-04 +1.533471477e-04 +2.810015335e+01 +2.810015335e+01
149044 +9.819429320e-05 +9.819429320e-05 +2.810009819e+01 +2.810009819e+01
154163 +6.080138249e-05 +6.080138249e-05 +2.810006080e+01 +2.810006080e+01
159258 +3.892942078e-05 +3.892942078e-05 +2.810003893e+01 +2.810003893e+01
162910 +2.367564052e-05 +2.367564052e-05 +2.810002368e+01 +2.810002368e+01
166314 +1.463266027e-05 +1.463266027e-05 +2.810001463e+01 +2.810001463e+01
170062 +9.152457928e-06 +9.152457928e-06 +2.810000915e+01 +2.810000915e+01
173086 +6.222061103e-06 +6.222061103e-06 +2.810000622e+01 +2.810000622e+01
176906 +3.871523198e-06 +3.871523198e-06 +2.810000387e+01 +2.810000387e+01
181664 +2.403895067e-06 +2.403895067e-06 +2.810000240e+01 +2.810000240e+01
185320 +1.531682130e-06 +1.531682130e-06 +2.810000153e+01 +2.810000153e+01
189897 +9.316775866e-07 +9.316775866e-07 +2.810000093e+01 +2.810000093e+01
193302 +6.242974813e-07 +6.242974813e-07 +2.810000062e+01 +2.810000062e+01
197702 +3.735019938e-07 +3.735019938e-07 +2.810000037e+01 +2.810000037e+01
203158 +2.247332276e-07 +2.247332276e-07 +2.810000022e+01 +2.810000022e+01
206888 +1.509627587e-07 +1.509627587e-07 +2.810000015e+01 +2.810000015e+01
210725 +9.834323578e-08 +9.834323578e-08 +2.810000010e+01 +2.810000010e+01
214762 +5.858404251e-08 +5.858404251e-08 +2.810000006e+01 +2.810000006e+01
217845 +3.979608820e-08 +3.979608820e-08 +2.810000004e+01 +2.810000004e+01
222103 +2.496206974e-08 +2.496206974e-08 +2.810000002e+01 +2.810000002e+01
225398 +1.574462161e-08 +1.574462161e-08 +2.810000002e+01 +2.810000002e+01
229280 +9.453010819e-09 +9.453010819e-09 +2.810000001e+01 +2.810000001e+01
