% function evaluation | noise-free fitness - Fopt (-1.025500000000e+02) | best noise-free fitness - Fopt | measured fitness | best measured fitness | x1 | x2...
1 +1.120526550e+02 +1.120526550e+02 +9.502655027e+00 +9.502655027e+00 +3.6058e+00 -4.5628e+00 -4.2047e+00 +8.2689e-01 +1.6222e+00
2 +6.740947581e+01 +6.740947581e+01 -3.514052419e+01 -3.514052419e+01 -1.8449e+00 +3.6319e+00 -1.4810e+00 +3.9432e+00 -4.0213e-01
4 +4.582233027e+01 +4.582233027e+01 -5.672766973e+01 -5.672766973e+01 +1.7641e+00 +1.6590e+00 -2.6209e+00 +3.9740e+00 -3.1969e+00
7 +1.996184779e+01 +1.996184779e+01 -8.258815221e+01 -8.258815221e+01 +3.1352e+00 +4.9253e+00 +6.9450e-01 -4.1959e+00 -2.4740e+00
8 +1.154642086e+01 +1.154642086e+01 -9.100357914e+01 -9.100357914e+01 -1.4387e+00 +2.3642e+00 +5.0730e-01 -1.1199e+00 -2.0588e-01
88 +9.665202887e+00 +9.665202887e+00 -9.288479711e+01 -9.288479711e+01 +4.0087e+00 -1.2118e-01 +1.9006e-01 -1.1215e+00 +6.5428e-01
189 +3.086583823e+00 +3.086583823e+00 -9.946341618e+01 -9.946341618e+01 +2.0135e+00 +8.7893e-01 -3.8327e-01 -2.1782e-01 +1.5238e+00
435 +2.034130142e+00 +2.034130142e+00 -1.005158699e+02 -1.005158699e+02 +1.6711e-01 +1.4848e+00 -9.0659e-02 +1.1107e+00 +1.1137e+00
655 +9.183586066e-01 +9.183586066e-01 -1.016316414e+02 -1.016316414e+02 -1.4174e+00 -9.3883e-01 -1.3136e+00 +1.7223e+00 +1.2766e-01
4065 +6.039214329e-01 +6.039214329e-01 -1.019460786e+02 -1.019460786e+02 -6.8032e-01 -5.7941e-01 -1.0327e+00 +9.0730e-01 +5.5981e-01
28625 +2.047113938e-01 +2.047113938e-01 -1.023452886e+02 -1.023452886e+02 -8.0221e-01 +3.9494e-01 +1.4204e-01 -9.8625e-02 +8.6755e-01
% function evaluation | noise-free fitness - Fopt (7.169000000000e+01) | best noise-free fitness - Fopt | measured fitness | best measured fitness | x1 | x2...
1 +1.902620999e+01 +1.902620999e+01 +9.071620999e+01 +9.071620999e+01 -6.4642e-01 +3.8972e+00 +2.1355e+00 +2.7890e+00 +7.3730e-01
5 +1.123785841e+01 +1.123785841e+01 +8.292785841e+01 +8.292785841e+01 +1.3119e+00 +1.1678e+00 -1.7525e+00 -9.3862e-01 -1.3365e+00
13 +4.975019664e+00 +4.975019664e+00 +7.666501966e+01 +7.666501966e+01 +5.7206e-01 -4.2374e-01 +9.4110e-01 +1.5209e+00 +2.4595e+00
325 +2.875909360e+00 +2.875909360e+00 +7.456590936e+01 +7.456590936e+01 -5.2497e-01 +4.1665e-01 -1.4626e-01 -9.1922e-01 +9.6681e-01
367 +2.291150169e+00 +2.291150169e+00 +7.398115017e+01 +7.398115017e+01 +9.9833e-01 -1.2607e+00 +6.6424e-01 +1.2541e+00 -1.6640e-01
578 +1.236108156e+00 +1.236108156e+00 +7.292610816e+01 +7.292610816e+01 -4.9583e-01 +7.7779e-01 +3.6772e-02 +1.7967e+00 +3.4526e-01
3829 +6.120510718e-01 +6.120510718e-01 +7.230205107e+01 +7.230205107e+01 +3.0981e-02 -8.1725e-01 +5.0515e-01 +1.6457e-01 +5.7187e-01
99259 +3.976369331e-01 +3.976369331e-01 +7.208763693e+01 +7.208763693e+01 +1.2579e+00 -4.8584e-01 +7.4042e-01 -1.2731e+00 +1.8727e-01
101702 +2.506535218e-01 +2.506535218e-01 +7.194065352e+01 +7.194065352e+01 +1.2563e+00 -4.8629e-01 +7.4140e-01 -1.2731e+00 +1.8638e-01
% function evaluation | noise-free fitness - Fopt (2.140100000000e+02) | best noise-free fitness - Fopt | measured fitness | best measured fitness | x1 | x2...
1 +4.761952779e+01 +4.761952779e+01 +2.616295278e+02 +2.616295278e+02 +8.8873e-01 +1.1000e+00 +2.7434e+00 -4.4187e+00 -3.6116e+00
2 +4.972654818e+00 +4.972654818e+00 +2.189826548e+02 +2.189826548e+02 -1.9756e-01 -1.1063e+00 -3.8555e+00 +8.9210e-01 -8.2641e-01
201 +3.765740752e+00 +3.765740752e+00 +2.177757408e+02 +2.177757408e+02 -2.1662e+00 +2.4860e+00 +2.2225e+00 -1.4401e+00 +2.2927e+00
819 +2.370282836e+00 +2.370282836e+00 +2.163802828e+02 +2.163802828e+02 -2.0957e+00 +3.9313e+00 +4.6284e+00 +5.4105e-01 +2.2264e+00
945 +2.028243472e-01 +2.028243472e-01 +2.142128243e+02 +2.142128243e+02 -6.5580e-01 +1.2166e+00 +6.5408e-01 +8.0071e-02 +8.5182e-01
123307 +1.434977408e-01 +1.434977408e-01 +2.141534977e+02 +2.141534977e+02 -7.8241e-02 +9.3158e-01 +9.6412e-01 -2.4698e-01 +9.2559e-01
176938 +9.876116435e-02 +9.876116435e-02 +2.141087612e+02 +2.141087612e+02 +3.1910e-01 +6.5906e-01 +1.3371e-01 -2.7962e-02 +9.8089e-01
% function evaluation | noise-free fitness - Fopt (-5.848000000000e+01) | best noise-free fitness - Fopt | measured fitness | best measured fitness | x1 | x2...
1 +2.023711171e+01 +2.023711171e+01 -3.824288829e+01 -3.824288829e+01 +2.7060e+00 -3.9047e+00 -4.1925e+00 +4.2860e-01 -1.9103e+00
3 +1.051301297e+01 +1.051301297e+01 -4.796698703e+01 -4.796698703e+01 +1.9092e+00 -3.5790e+00 -1.3637e+00 +1.5287e+00 -4.8522e-02
12 +6.584587001e+00 +6.584587001e+00 -5.189541300e+01 -5.189541300e+01 +4.3221e+00 -4.3776e+00 -1.0423e+00 -3.5508e-01 -2.7561e+00
311 +4.552214502e+00 +4.552214502e+00 -5.392778550e+01 -5.392778550e+01 +1.6761e+00 -1.0604e+00 -1.5171e+00 +1.7163e+00 -5.2289e-01
472 +3.394009056e+00 +3.394009056e+00 -5.508599094e+01 -5.508599094e+01 +2.7747e+00 -5.7248e+00 -1.0728e+00 +4.0608e+00 -2.4407e+00
893 +1.617575172e+00 +1.617575172e+00 -5.686242483e+01 -5.686242483e+01 -9.5962e-02 +1.6967e+00 -1.0953e+00 -1.7481e+00 +5.4096e-03
1631 +2.629480793e-01 +2.629480793e-01 -5.821705192e+01 -5.821705192e+01 +5.0552e-01 -1.8039e+00 -1.4605e+00 +8.0424e-01 -3.1124e-01
18017 +2.390850072e-01 +2.390850072e-01 -5.824091499e+01 -5.824091499e+01 +1.3253e+00 -2.3709e+00 -1.2943e+00 +1.8643e+00 -5.3547e-01
64885 +1.540874461e-01 +1.540874461e-01 -5.832591255e+01 -5.832591255e+01 +1.8659e+00 -2.0945e+00 -1.8183e+00 +2.7906e+00 -1.4381e+00
116008 +9.965875275e-02 +9.965875275e-02 -5.838034125e+01 -5.838034125e+01 +9.5086e-02 +8.0070e-01 -6.1456e-01 +7.7505e-01 -1.0252e-01
% function evaluation | noise-free fitness - Fopt (-6.130800000000e+02) | best noise-free fitness - Fopt | measured fitness | best measured fitness | x1 | x2...
1 +5.167116486e+01 +5.167116486e+01 -5.614088351e+02 -5.614088351e+02 +4.0090e-01 +4.0520e-03 -4.9790e+00 -1.9962e+00 -1.7731e+00
2 +1.463750206e+01 +1.463750206e+01 -5.984424979e+02 -5.984424979e+02 -2.3256e+00 -2.3470e+00 +2.0071e+00 +7.5260e-01 +3.5424e-01
24 +8.841977049e+00 +8.841977049e+00 -6.042380230e+02 -6.042380230e+02 +2.3949e+00 +4.9055e+00 -7.2667e-01 -1.7170e-01 -2.7290e+00
112 +6.182703657e+00 +6.182703657e+00 -6.068972963e+02 -6.068972963e+02 -1.5115e+00 +1.0264e+00 +4.7474e-01 -6.0299e-02 -2.6878e+00
285 +2.713910971e+00 +2.713910971e+00 -6.103660890e+02 -6.103660890e+02 +1.4048e+00 -1.3912e+00 +4.5806e-01 -4.8383e-01 +1.1961e+00
622 +1.836773219e+00 +1.836773219e+00 -6.112432268e+02 -6.112432268e+02 -5.4120e-01 -6.3935e-01 +1.1221e+00 +9.3435e-01 +1.1500e+00
1583 +1.002418151e+00 +1.002418151e+00 -6.120775818e+02 -6.120775818e+02 +1.7545e+00 -1.7565e+00 +4.9398e-01 -8.1440e-01 +9.0133e-01
2078 +5.947509200e-01 +5.947509200e-01 -6.124852491e+02 -6.124852491e+02 -5.8728e-02 -7.7408e-01 +6.8823e-01 -2.6539e-01 -3.8968e-01
13803 +3.885812868e-01 +3.885812868e-01 -6.126914187e+02 -6.126914187e+02 -7.8238e-01 +1.3482e+00 -2.0482e-01 +2.8381e-01 +5.4904e-01
58192 +2.165666069e-01 +2.165666069e-01 -6.128634334e+02 -6.128634334e+02 -7.1049e-01 +2.1621e-01 +8.7449e-02 +5.9620e-01 +3.2033e-01
255175 +1.416348806e-01 +1.416348806e-01 -6.129383651e+02 -6.129383651e+02 -3.4540e-01 +1.8137e-01 +7.9633e-01 +3.9500e-01 +4.1236e-01
278499 +5.950544413e-02 +5.950544413e-02 -6.130204946e+02 -6.130204946e+02 -2.9039e-01 +1.4513e-01 -8.1928e-01 -3.3549e-01 +3.0784e-01
% function evaluation | noise-free fitness - Fopt (-1.852700000000e+02) | best noise-free fitness - Fopt | measured fitness | best measured fitness | x1 | x2...
1 +1.568700846e+01 +1.568700846e+01 -1.695829915e+02 -1.695829915e+02 -1.2760e+00 -1.1626e+00 -8.6023e-04 -1.2706e-01 -2.4024e+00
62 +9.566235291e+00 +9.566235291e+00 -1.757037647e+02 -1.757037647e+02 -3.2643e-01 +3.7512e+00 +1.6702e-01 +4.5516e-01 +2.0557e+00
131 +5.467587031e+00 +5.467587031e+00 -1.798024130e+02 -1.798024130e+02 +9.1315e-01 -2.4549e+00 +2.6500e+00 -1.0374e+00 +1.0605e+00
308 +3.087640721e+00 +3.087640721e+00 -1.821823593e+02 -1.821823593e+02 +1.0820e+00 +2.3294e+00 -1.3732e+00 -6.1113e-02 +4.3818e-01
720 +9.306076281e-01 +9.306076281e-01 -1.843393924e+02 -1.843393924e+02 +4.6741e-01 +3.8206e-01 -8.0795e-01 -7.5043e-02 -2.0416e+00
3214 +5.353691016e-01 +5.353691016e-01 -1.847346309e+02 -1.847346309e+02 -1.8521e-01 +1.6603e+00 +1.5265e+00 +3.0495e-01 +3.5414e-01
36278 +3.064723069e-01 +3.064723069e-01 -1.849635277e+02 -1.849635277e+02 +5.3054e-01 -3.3295e-01 -1.6194e+00 -7.2597e-01 -7.0881e-01
68302 +2.136603686e-01 +2.136603686e-01 -1.850563396e+02 -1.850563396e+02 +4.6139e-01 -3.2832e-01 -1.0794e+00 -1.3338e+00 -1.0937e+00
87955 +1.552983080e-01 +1.552983080e-01 -1.851147017e+02 -1.851147017e+02 +1.8135e-01 -4.0345e-01 +7.3131e-01 +7.1847e-02 +3.4155e-01
212475 +9.860488351e-02 +9.860488351e-02 -1.851713951e+02 -1.851713951e+02 +6.7950e-01 -5.1601e-01 -5.1880e-01 -3.4322e-01 -1.3666e+00
329201 +7.347461664e-03 +7.347461664e-03 -1.852626525e+02 -1.852626525e+02 +5.7395e-01 -6.2867e-01 -4.1525e-01 -4.9640e-01 -3.9167e-01
372963 +6.033028468e-03 +6.033028468e-03 -1.852639670e+02 -1.852639670e+02 +5.9123e-01 -6.6924e-01 -4.7244e-01 -5.5866e-01 -2.9824e-01
374375 +1.640144995e-03 +1.640144995e-03 -1.852683599e+02 -1.852683599e+02 +5.1803e-01 -5.7893e-01 -2.6699e-01 -4.2097e-01 -2.0059e-01
375251 +9.223105809e-04 +9.223105809e-04 -1.852690777e+02 -1.852690777e+02 +5.4572e-01 -6.0745e-01 -3.0722e-01 -4.4413e-01 -2.4574e-01
375294 +7.811450226e-05 +7.811450226e-05 -1.852699219e+02 -1.852699219e+02 +5.3764e-01 -5.9794e-01 -3.1935e-01 -4.4689e-01 -2.5545e-01
375762 +1.525611773e-05 +1.525611773e-05 -1.852699847e+02 -1.852699847e+02 +5.7050e-01 -6.2007e-01 -4.0860e-01 -4.9094e-01 -3.6481e-01
375846 +9.338840783e-06 +9.338840783e-06 -1.852699907e+02 -1.852699907e+02 +5.6608e-01 -6.1701e-01 -3.8076e-01 -4.7869e-01 -3.3092e-01
375958 +7.661791983e-07 +7.661791983e-07 -1.852699992e+02 -1.852699992e+02 +5.7052e-01 -6.2085e-01 -4.0232e-01 -4.8901e-01 -3.5681e-01
376197 +4.301823822e-07 +4.301823822e-07 -1.852699996e+02 -1.852699996e+02 +5.7035e-01 -6.2078e-01 -3.9882e-01 -4.8781e-01 -3.5296e-01
376457 +1.187523253e-07 +1.187523253e-07 -1.852699999e+02 -1.852699999e+02 +5.7539e-01 -6.2363e-01 -4.1356e-01 -4.9362e-01 -3.6903e-01
376637 +9.704933746e-08 +9.704933746e-08 -1.852699999e+02 -1.852699999e+02 +5.6984e-01 -6.2034e-01 -3.9746e-01 -4.8687e-01 -3.5042e-01
376663 +3.500466050e-08 +3.500466050e-08 -1.852700000e+02 -1.852700000e+02 +5.7592e-01 -6.2368e-01 -4.1360e-01 -4.9403e-01 -3.6912e-01
376863 +1.802331440e-08 +1.802331440e-08 -1.852700000e+02 -1.852700000e+02 +5.7321e-01 -6.2240e-01 -4.0716e-01 -4.9099e-01 -3.6138e-01
376887 +1.015661155e-08 +1.015661155e-08 -1.852700000e+02 -1.852700000e+02 +5.7174e-01 -6.2154e-01 -4.0274e-01 -4.8906e-01 -3.5626e-01
377008 +3.667139481e-09 +3.667139481e-09 -1.852700000e+02 -1.852700000e+02 +5.7235e-01 -6.2190e-01 -4.0442e-01 -4.8972e-01 -3.5814e-01
% function evaluation | noise-free fitness - Fopt (3.747000000000e+01) | best noise-free fitness - Fopt | measured fitness | best measured fitness | x1 | x2...
1 +2.328392717e+01 +2.328392717e+01 +6.075392717e+01 +6.075392717e+01 +1.6957e+00 +2.0660e+00 -1.6956e+00 +3.1866e+00 -1.2197e+00
39 +1.204725946e+01 +1.204725946e+01 +4.951725946e+01 +4.951725946e+01 -1.0631e+00 -8.9173e-01 +4.5300e-03 -1.6113e+00 +5.0207e-01
50 +8.953678608e+00 +8.953678608e+00 +4.642367861e+01 +4.642367861e+01 -8.4102e-01 +2.1334e+00 -2.1164e+00 -1.6654e-01 +1.7421e+00
210 +3.951099003e+00 +3.951099003e+00 +4.142109900e+01 +4.142109900e+01 -3.5920e+00 -5.9809e-01 -3.6271e-01 +1.6973e+00 -2.8007e-01
675 +2.463150372e+00 +2.463150372e+00 +3.993315037e+01 +3.993315037e+01 -2.1916e+00 +4.0984e-01 -1.1785e-01 +5.7061e-01 -1.1839e+00
1388 +1.377468804e+00 +1.377468804e+00 +3.884746880e+01 +3.884746880e+01 -8.3234e-01 +7.4016e-01 +1.6016e-01 -2.8547e-01 -7.8161e-01
3328 +3.389103618e-01 +3.389103618e-01 +3.780891036e+01 +3.780891036e+01 -1.1808e+00 +7.9963e-01 -5.9927e-01 +1.3309e+00 -9.4753e-01
24841 +1.542831335e-01 +1.542831335e-01 +3.762428313e+01 +3.762428313e+01 +5.0864e-01 +3.3310e-01 +8.3982e-01 -4.3909e-01 -5.1376e-01
74014 +3.586442722e-02 +3.586442722e-02 +3.750586443e+01 +3.750586443e+01 +1.6923e-01 +4.0908e-01 +7.2599e-01 -5.0285e-01 -8.5862e-01
137468 +1.825551450e-02 +1.825551450e-02 +3.748825551e+01 +3.748825551e+01 +4.8542e-01 +3.5169e-01 +9.1916e-01 -5.8923e-01 -6.5766e-01
140100 +1.347901706e-02 +1.347901706e-02 +3.748347902e+01 +3.748347902e+01 +1.4160e-01 +3.5973e-01 +4.2845e-01 -5.9505e-02 -5.5391e-01
141633 +6.237200906e-03 +6.237200906e-03 +3.747623720e+01 +3.747623720e+01 +2.6207e-01 +3.5254e-01 +5.9440e-01 -2.4924e-01 -6.0000e-01
142383 +2.205287325e-03 +2.205287325e-03 +3.747220529e+01 +3.747220529e+01 +3.8369e-01 +3.6157e-01 +7.8083e-01 -4.4237e-01 -6.4160e-01
142854 +1.296863329e-03 +1.296863329e-03 +3.747129686e+01 +3.747129686e+01 +3.9500e-01 +3.5360e-01 +7.8690e-01 -4.6366e-01 -6.3001e-01
142871 +7.515509478e-05 +7.515509478e-05 +3.747007516e+01 +3.747007516e+01 +2.9260e-01 +3.5812e-01 +6.4995e-01 -3.1193e-01 -6.1438e-01
143141 +4.011967378e-05 +4.011967378e-05 +3.747004012e+01 +3.747004012e+01 +3.1767e-01 +3.5872e-01 +6.9064e-01 -3.5315e-01 -6.2319e-01
143208 +3.638265676e-05 +3.638265676e-05 +3.747003638e+01 +3.747003638e+01 +2.9013e-01 +3.6162e-01 +6.4752e-01 -3.1069e-01 -6.1387e-01
143427 +9.058258001e-06 +9.058258001e-06 +3.747000906e+01 +3.747000906e+01 +3.3707e-01 +3.5880e-01 +7.1062e-01 -3.7839e-01 -6.3032e-01
143461 +4.732349439e-06 +4.732349439e-06 +3.747000473e+01 +3.747000473e+01 +3.5498e-01 +3.5519e-01 +7.3665e-01 -4.0547e-01 -6.3001e-01
143472 +3.261827992e-06 +3.261827992e-06 +3.747000326e+01 +3.747000326e+01 +3.0687e-01 +3.6221e-01 +6.7423e-01 -3.3765e-01 -6.2354e-01
143510 +2.207140838e-06 +2.207140838e-06 +3.747000221e+01 +3.747000221e+01 +3.4217e-01 +3.5510e-01 +7.1695e-01 -3.8445e-01 -6.2875e-01
143657 +5.550328055e-07 +5.550328055e-07 +3.747000056e+01 +3.747000056e+01 +3.1106e-01 +3.6061e-01 +6.7702e-01 -3.4156e-01 -6.2360e-01
143845 +2.378146178e-07 +2.378146178e-07 +3.747000024e+01 +3.747000024e+01 +3.2021e-01 +3.5901e-01 +6.8936e-01 -3.5622e-01 -6.2464e-01
143862 +1.438427901e-07 +1.438427901e-07 +3.747000014e+01 +3.747000014e+01 +3.2264e-01 +3.5888e-01 +6.9225e-01 -3.5793e-01 -6.2483e-01
143892 +7.749193287e-08 +7.749193287e-08 +3.747000008e+01 +3.747000008e+01 +3.2593e-01 +3.5813e-01 +6.9653e-01 -3.6347e-01 -6.2581e-01
144035 +2.289859680e-08 +2.289859680e-08 +3.747000002e+01 +3.747000002e+01 +3.2562e-01 +3.5822e-01 +6.9673e-01 -3.6337e-01 -6.2577e-01
144336 +1.272669437e-08 +1.272669437e-08 +3.747000001e+01 +3.747000001e+01 +3.2879e-01 +3.5804e-01 +7.0072e-01 -3.6747e-01 -6.2620e-01
144362 +3.694708539e-09 +3.694708539e-09 +3.747000000e+01 +3.747000000e+01 +3.2818e-01 +3.5816e-01 +7.0013e-01 -3.6689e-01 -6.2618e-01
% function evaluation | noise-free fitness - Fopt (-3.944700000000e+02) | best noise-free fitness - Fopt | measured fitness | best measured fitness | x1 | x2...
1 +5.091462880e+01 +5.091462880e+01 -3.435553712e+02 -3.435553712e+02 -8.0471e-01 -3.8563e+00 -2.1493e+00 +2.2306e+00 -4.6431e+00
11 +2.612476713e+01 +2.612476713e+01 -3.683452329e+02 -3.683452329e+02 -3.7449e+00 -1.7045e+00 -1.7308e+00 +1.6892e+00 +3.9022e+00
12 +2.146060910e+01 +2.146060910e+01 -3.730093909e+02 -3.730093909e+02 +1.9350e+00 +1.6354e+00 -3.6679e-01 -2.7797e+00 -3.2092e+00
19 +1.002649194e+01 +1.002649194e+01 -3.844435081e+02 -3.844435081e+02 +1.5234e+00 +2.5458e+00 +1.5185e+00 +3.7874e+00 -3.0118e+00
25 +8.214231508e+00 +8.214231508e+00 -3.862557685e+02 -3.862557685e+02 -2.3135e-01 -2.1222e+00 +9.3961e-01 -9.6179e-02 -2.7909e+00
240 +3.896668274e+00 +3.896668274e+00 -3.905733317e+02 -3.905733317e+02 -4.3895e-01 +7.9965e-01 -2.2771e+00 +6.6054e-01 +1.2713e+00
706 +9.447007313e-01 +9.447007313e-01 -3.935252993e+02 -3.935252993e+02 +4.3566e-01 +5.3643e-01 +8.0487e-01 -1.3060e-01 +9.2077e-01
5566 +6.225942375e-01 +6.225942375e-01 -3.938474058e+02 -3.938474058e+02 +9.2644e-01 +1.0066e+00 +1.2930e+00 +8.4252e-01 +4.5407e-01
13045 +3.773075211e-01 +3.773075211e-01 -3.940926925e+02 -3.940926925e+02 +1.8629e-02 +2.1601e-01 -8.3438e-01 -9.0378e-01 +9.7930e-01
54777 +9.315662798e-02 +9.315662798e-02 -3.943768434e+02 -3.943768434e+02 +1.0009e-01 +5.3643e-01 +1.0705e+00 +1.4853e-01 -5.2219e-01
146982 +4.173918520e-02 +4.173918520e-02 -3.944282608e+02 -3.944282608e+02 -4.6819e-01 -3.0946e-01 +9.3707e-02 -2.7627e-01 -3.1600e-01
319885 +2.935809711e-02 +2.935809711e-02 -3.944406419e+02 -3.944406419e+02 -5.9781e-01 -2.1653e-01 +2.3119e-01 -2.4458e-01 -5.1349e-02
384796 +1.815936409e-02 +1.815936409e-02 -3.944518406e+02 -3.944518406e+02 -5.0023e-01 -4.1138e-01 +5.0275e-01 -1.6595e-01 -5.8210e-01
387675 +1.182950303e-02 +1.182950303e-02 -3.944581705e+02 -3.944581705e+02 -4.3662e-01 -3.5366e-01 +2.3244e-01 -2.4171e-01 -4.3596e-01
387756 +5.698463522e-03 +5.698463522e-03 -3.944643015e+02 -3.944643015e+02 -4.2174e-01 -3.9845e-01 +3.6289e-01 -2.0053e-01 -5.4242e-01
388043 +1.209955325e-03 +1.209955325e-03 -3.944687900e+02 -3.944687900e+02 -3.9290e-01 -3.8798e-01 +3.9119e-01 -1.7804e-01 -5.5230e-01
389126 +5.797159976e-04 +5.797159976e-04 -3.944694203e+02 -3.944694203e+02 -3.8790e-01 -4.0710e-01 +4.3881e-01 -1.7266e-01 -5.9996e-01
389294 +3.771419322e-04 +3.771419322e-04 -3.944696229e+02 -3.944696229e+02 -3.7888e-01 -4.1452e-01 +4.4411e-01 -1.5880e-01 -6.0518e-01
389312 +1.942497590e-04 +1.942497590e-04 -3.944698058e+02 -3.944698058e+02 -3.7203e-01 -4.2159e-01 +4.7012e-01 -1.5516e-01 -6.3726e-01
389370 +6.600036664e-05 +6.600036664e-05 -3.944699340e+02 -3.944699340e+02 -3.5817e-01 -4.3206e-01 +5.0712e-01 -1.3857e-01 -6.6331e-01
389398 +2.608949973e-05 +2.608949973e-05 -3.944699739e+02 -3.944699739e+02 -3.5374e-01 -4.4151e-01 +5.3026e-01 -1.3186e-01 -6.8541e-01
389467 +1.639585162e-05 +1.639585162e-05 -3.944699836e+02 -3.944699836e+02 -3.5908e-01 -4.3855e-01 +5.1774e-01 -1.3674e-01 -6.7765e-01
389519 +6.185445500e-06 +6.185445500e-06 -3.944699938e+02 -3.944699938e+02 -3.5022e-01 -4.4436e-01 +5.3795e-01 -1.2916e-01 -6.9739e-01
389667 +4.710402663e-07 +4.710402663e-07 -3.944699995e+02 -3.944699995e+02 -3.3010e-01 -4.6118e-01 +5.8533e-01 -1.0765e-01 -7.4215e-01
390048 +1.334850595e-07 +1.334850595e-07 -3.944699999e+02 -3.944699999e+02 -3.3103e-01 -4.6068e-01 +5.8442e-01 -1.0883e-01 -7.4074e-01
390290 +7.019372106e-08 +7.019372106e-08 -3.944699999e+02 -3.944699999e+02 -3.2910e-01 -4.6216e-01 +5.8966e-01 -1.0678e-01 -7.4558e-01
390352 +5.869367214e-08 +5.869367214e-08 -3.944699999e+02 -3.944699999e+02 -3.2329e-01 -4.6622e-01 +6.0266e-01 -1.0137e-01 -7.5768e-01
390452 +2.796122089e-08 +2.796122089e-08 -3.944700000e+02 -3.944700000e+02 -3.2563e-01 -4.6448e-01 +5.9622e-01 -1.0392e-01 -7.5223e-01
390490 +5.277058790e-09 +5.277058790e-09 -3.944700000e+02 -3.944700000e+02 -3.2573e-01 -4.6424e-01 +5.9616e-01 -1.0404e-01 -7.5186e-01
% function evaluation | noise-free fitness - Fopt (-1.026200000000e+02) | best noise-free fitness - Fopt | measured fitness | best measured fitness | x1 | x2...
1 +2.051023043e+01 +2.051023043e+01 -8.210976957e+01 -8.210976957e+01 +1.4705e+00 +2.4489e-01 -4.9052e-01 +2.6048e+00 -1.6224e+00
7 +8.520247706e+00 +8.520247706e+00 -9.409975229e+01 -9.409975229e+01 +1.0075e+00 -5.3907e-01 -2.2120e+00 -2.9426e+00 +1.8205e+00
351 +3.950980973e+00 +3.950980973e+00 -9.866901903e+01 -9.866901903e+01 +1.0614e+00 +5.8723e-01 -8.7451e-01 -3.9383e+00 -3.2936e+00
666 +2.230639833e+00 +2.230639833e+00 -1.003893602e+02 -1.003893602e+02 +4.9443e-01 +3.6135e-01 -1.5759e+00 -2.7664e+00 -1.6486e-01
1121 +1.564070769e+00 +1.564070769e+00 -1.010559292e+02 -1.010559292e+02 -2.0498e-01 +5.2894e-01 -8.1229e-01 -1.4433e+00 -6.3312e-01
4188 +6.972741742e-01 +6.972741742e-01 -1.019227258e+02 -1.019227258e+02 -6.0499e-01 -6.4050e-01 +8.7464e-01 +8.4912e-01 +3.2663e-01
13365 +4.846719015e-01 +4.846719015e-01 -1.021353281e+02 -1.021353281e+02 -7.8419e-01 -7.4779e-01 -7.7226e-01 -8.2260e-01 -1.4536e+00
30550 +2.453509484e-01 +2.453509484e-01 -1.023746491e+02 -1.023746491e+02 -4.2619e-01 +8.1978e-01 -6.8579e-03 -8.4560e-01 -1.4992e+00
333182 +7.574530462e-02 +7.574530462e-02 -1.025442547e+02 -1.025442547e+02 +2.6209e-01 +6.6947e-01 -6.0980e-01 +9.8974e-02 -7.1565e-01
363028 +5.927580403e-02 +5.927580403e-02 -1.025607242e+02 -1.025607242e+02 +2.0971e-01 +6.3104e-01 -1.8373e-01 +2.6495e-01 -2.8260e-01
385804 +3.968074245e-02 +3.968074245e-02 -1.025803193e+02 -1.025803193e+02 +2.0772e-01 +6.3239e-01 -1.8824e-01 +2.5881e-01 -2.8672e-01
386787 +2.482192139e-02 +2.482192139e-02 -1.025951781e+02 -1.025951781e+02 +2.0899e-01 +6.3159e-01 -1.8376e-01 +2.5797e-01 -2.8210e-01
387054 +1.562980199e-02 +1.562980199e-02 -1.026043702e+02 -1.026043702e+02 +2.0931e-01 +6.3198e-01 -1.8159e-01 +2.5518e-01 -2.7996e-01
389606 +9.971673387e-03 +9.971673387e-03 -1.026100283e+02 -1.026100283e+02 +2.1117e-01 +6.3696e-01 -1.8575e-01 +2.5247e-01 -2.8256e-01
390141 +6.196907668e-03 +6.196907668e-03 -1.026138031e+02 -1.026138031e+02 +2.1507e-01 +6.4286e-01 -1.8982e-01 +2.4959e-01 -2.8374e-01
395215 +3.981047761e-03 +3.981047761e-03 -1.026160190e+02 -1.026160190e+02 +2.2437e-01 +7.8519e-01 -2.6320e-01 +1.8573e-01 -4.2699e-01
% function evaluation | noise-free fitness - Fopt (2.728300000000e+02) | best noise-free fitness - Fopt | measured fitness | best measured fitness | x1 | x2...
1 +6.263963942e+01 +6.263963942e+01 +3.354696394e+02 +3.354696394e+02 -1.9375e+00 -3.6024e+00 -4.9842e-01 -4.5395e+00 +5.6441e-01
3 +3.884552758e+01 +3.884552758e+01 +3.116755276e+02 +3.116755276e+02 +2.3784e+00 +2.6002e+00 +1.9127e+00 +4.6302e+00 -4.3984e+00
4 +1.462410652e+01 +1.462410652e+01 +2.874541065e+02 +2.874541065e+02 -3.3166e+00 -2.3287e+00 +7.3822e-01 +7.9141e-01 -3.3037e-02
66 +8.358864098e+00 +8.358864098e+00 +2.811888641e+02 +2.811888641e+02 -6.8023e+00 +2.5209e+00 +3.3247e+00 -4.5459e+00 +9.4553e+00
73 +3.000635402e+00 +3.000635402e+00 +2.758306354e+02 +2.758306354e+02 +1.2097e+00 -4.5806e-01 -8.7441e-01 +9.5283e-01 +1.9945e+00
256 +1.907288983e+00 +1.907288983e+00 +2.747372890e+02 +2.747372890e+02 +2.7682e+00 +1.5893e+00 -5.2067e-01 +9.5990e-01 -1.1740e+00
1439 +1.098856866e+00 +1.098856866e+00 +2.739288569e+02 +2.739288569e+02 -1.0762e+00 +1.6721e+00 -4.0688e-01 -1.1204e+00 +1.8237e+00
5699 +6.618822841e-01 +6.618822841e-01 +2.734918823e+02 +2.734918823e+02 +3.1065e-01 +2.2740e-02 -1.0709e+00 +1.0180e+00 -2.8419e-02
12753 +4.514634499e-01 +4.514634499e-01 +2.732814634e+02 +2.732814634e+02 -1.6668e+00 -1.2993e+00 +2.1747e+00 -2.4709e+00 +7.6891e-01
40547 +3.971575511e-01 +3.971575511e-01 +2.732271576e+02 +2.732271576e+02 -1.6668e+00 -1.2990e+00 +2.1747e+00 -2.4713e+00 +7.6837e-01
% function evaluation | noise-free fitness - Fopt (-3.400000000000e+00) | best noise-free fitness - Fopt | measured fitness | best measured fitness | x1 | x2...
1 +1.476528650e+02 +1.476528650e+02 +1.442528650e+02 +1.442528650e+02 -3.7445e+00 -2.2384e+00 +4.8216e+00 -1.7820e+00 -4.9425e+00
2 +1.556472792e+01 +1.556472792e+01 +1.216472792e+01 +1.216472792e+01 +1.6993e+00 +4.9558e+00 +3.2652e+00 -4.3327e+00 +3.5861e+00
33 +8.412904810e+00 +8.412904810e+00 +5.012904810e+00 +5.012904810e+00 +2.5024e+00 +2.3962e+00 +3.6021e+00 +9.6029e-01 -1.8716e+00
168 +6.196336683e+00 +6.196336683e+00 +2.796336683e+00 +2.796336683e+00 -3.5634e-01 +1.4445e+00 -1.8513e+00 +1.1934e+00 +1.9758e+00
476 +1.444807286e+00 +1.444807286e+00 -1.955192714e+00 -1.955192714e+00 +2.6528e-01 -4.2673e-01 +6.0579e-02 +1.1904e-01 -7.9004e-01
5023 +8.592196530e-01 +8.592196530e-01 -2.540780347e+00 -2.540780347e+00 -2.9895e-01 +2.8113e+00 +2.8733e+00 +1.4185e+00 -1.2153e+00
7242 +5.148204820e-01 +5.148204820e-01 -2.885179518e+00 -2.885179518e+00 +9.8181e-01 +2.2862e-01 +1.1598e+00 -1.0390e+00 +2.9966e-01
30743 +3.602960570e-01 +3.602960570e-01 -3.039703943e+00 -3.039703943e+00 -3.7912e-01 +6.2004e-01 +2.2058e-01 +1.3753e-01 -5.7467e-02
38610 +2.437808326e-01 +2.437808326e-01 -3.156219167e+00 -3.156219167e+00 -1.9785e-01 +5.4046e-01 -4.0795e-01 +9.6325e-02 -4.1222e-01
72131 +1.352516346e-01 +1.352516346e-01 -3.264748365e+00 -3.264748365e+00 +3.1491e-01 +3.0126e-01 +1.2790e-02 +4.6493e-01 -3.0839e-03
139110 +3.324919036e-02 +3.324919036e-02 -3.366750810e+00 -3.366750810e+00 -1.7577e-01 +4.8704e-01 +2.9505e-01 +4.2341e-01 -5.2093e-01
229514 +1.038662614e-02 +1.038662614e-02 -3.389613374e+00 -3.389613374e+00 -2.2845e-01 +4.0284e-01 -3.8969e-02 +6.5092e-01 -3.7790e-01
272862 +4.261715982e-03 +4.261715982e-03 -3.395738284e+00 -3.395738284e+00 -1.9196e-01 +5.4585e-01 +1.6597e-01 +7.2511e-01 -4.7050e-01
274065 +3.926082935e-03 +3.926082935e-03 -3.396073917e+00 -3.396073917e+00 -1.9812e-01 +5.2807e-01 +1.5051e-01 +7.0099e-01 -4.4496e-01
274806 +4.296554523e-04 +4.296554523e-04 -3.399570345e+00 -3.399570345e+00 -1.9981e-01 +4.9615e-01 +1.1626e-01 +7.0363e-01 -4.3685e-01
275324 +1.786871644e-04 +1.786871644e-04 -3.399821313e+00 -3.399821313e+00 -2.0468e-01 +5.1732e-01 +1.3392e-01 +7.0375e-01 -4.4559e-01
275427 +4.098382919e-05 +4.098382919e-05 -3.399959016e+00 -3.399959016e+00 -1.9986e-01 +5.4523e-01 +1.7104e-01 +7.2064e-01 -4.6110e-01
275508 +2.444432164e-05 +2.444432164e-05 -3.399975556e+00 -3.399975556e+00 -2.0154e-01 +5.3572e-01 +1.5681e-01 +7.2298e-01 -4.5807e-01
275665 +7.105007246e-06 +7.105007246e-06 -3.399992895e+00 -3.399992895e+00 -1.9505e-01 +5.8412e-01 +2.2061e-01 +7.4636e-01 -4.8365e-01
275752 +8.669042053e-07 +8.669042053e-07 -3.399999133e+00 -3.399999133e+00 -1.9032e-01 +6.0626e-01 +2.4750e-01 +7.5629e-01 -4.9534e-01
276089 +4.279891712e-07 +4.279891712e-07 -3.399999572e+00 -3.399999572e+00 -1.9187e-01 +5.8798e-01 +2.2546e-01 +7.4483e-01 -4.8536e-01
276116 +3.757182974e-07 +3.757182974e-07 -3.399999624e+00 -3.399999624e+00 -1.9311e-01 +5.8662e-01 +2.2283e-01 +7.4637e-01 -4.8504e-01
276128 +2.147547526e-07 +2.147547526e-07 -3.399999785e+00 -3.399999785e+00 -1.9359e-01 +5.8464e-01 +2.2067e-01 +7.4475e-01 -4.8356e-01
276150 +1.448371414e-07 +1.448371414e-07 -3.399999855e+00 -3.399999855e+00 -1.9094e-01 +5.9833e-01 +2.3798e-01 +7.5133e-01 -4.9030e-01
276401 +7.663045132e-08 +7.663045132e-08 -3.399999923e+00 -3.399999923e+00 -1.9205e-01 +5.9146e-01 +2.2942e-01 +7.4728e-01 -4.8684e-01
276452 +6.102955297e-08 +6.102955297e-08 -3.399999939e+00 -3.399999939e+00 -1.9212e-01 +5.9208e-01 +2.3033e-01 +7.4781e-01 -4.8770e-01
276532 +1.839806529e-08 +1.839806529e-08 -3.399999982e+00 -3.399999982e+00 -1.9135e-01 +5.9618e-01 +2.3578e-01 +7.5029e-01 -4.8971e-01
276558 +7.973945060e-09 +7.973945060e-09 -3.399999992e+00 -3.399999992e+00 -1.9119e-01 +5.9627e-01 +2.3591e-01 +7.5002e-01 -4.8975e-01
% function evaluation | noise-free fitness - Fopt (-1.851700000000e+02) | best noise-free fitness - Fopt | measured fitness | best measured fitness | x1 | x2...
1 +6.186145127e+01 +6.186145127e+01 -1.233085487e+02 -1.233085487e+02 -1.8210e+00 +2.8488e+00 +1.3449e+00 -4.1579e+00 -1.3330e+00
2 +3.816684779e+01 +3.816684779e+01 -1.470031522e+02 -1.470031522e+02 -1.2433e+00 +3.4563e+00 +2.4716e-01 -4.8730e-01 -2.5887e+00
12 +8.784754303e+00 +8.784754303e+00 -1.763852457e+02 -1.763852457e+02 +7.4148e-01 +9.2457e-01 -3.1200e-01 -7.2909e-01 -1.1115e-02
137 +6.201123752e+00 +6.201123752e+00 -1.789688762e+02 -1.789688762e+02 -2.0062e-01 -1.4520e+00 -6.4127e-01 -2.7328e+00 +2.7005e+00
312 +3.548517338e+00 +3.548517338e+00 -1.816214827e+02 -1.816214827e+02 -1.2446e+00 -7.0132e-01 -7.9593e-01 -2.1293e-01 +2.3684e+00
320 +1.720597136e+00 +1.720597136e+00 -1.834494029e+02 -1.834494029e+02 +2.0135e+00 +3.7955e-01 +8.8310e-02 +1.3514e+00 -3.1609e-01
386 +1.480000890e+00 +1.480000890e+00 -1.836899991e+02 -1.836899991e+02 -1.2117e+00 -3.8224e-01 -6.9575e-01 +1.0654e+00 +1.1968e+00
2911 +9.732425545e-01 +9.732425545e-01 -1.841967574e+02 -1.841967574e+02 +1.3625e+00 -5.5899e-01 -5.0207e-01 -1.0087e+00 -1.2121e+00
7119 +6.139730376e-01 +6.139730376e-01 -1.845560270e+02 -1.845560270e+02 +9.4574e-01 -7.4339e-01 +6.5144e-01 -1.0341e+00 -1.0243e+00
16494 +2.906601828e-01 +2.906601828e-01 -1.848793398e+02 -1.848793398e+02 +9.9628e-01 +1.0066e+00 -9.2602e-01 -1.7851e+00 +4.2693e-01
91792 +2.511648299e-01 +2.511648299e-01 -1.849188352e+02 -1.849188352e+02 +1.7461e-01 -8.2078e-01 +4.4552e-02 -2.2221e+00 +1.9812e-01
% function evaluation | noise-free fitness - Fopt (1.013400000000e+02) | best noise-free fitness - Fopt | measured fitness | best measured fitness | x1 | x2...
1 +7.442408650e+01 +7.442408650e+01 +1.757640865e+02 +1.757640865e+02 -8.3745e-01 -2.1121e+00 +4.3155e+00 +4.5363e+00 -4.1873e+00
2 +1.516355704e+01 +1.516355704e+01 +1.165035570e+02 +1.165035570e+02 -2.2348e+00 -2.2437e-01 +3.1316e+00 +2.8934e+00 +2.2670e+00
16 +6.477782616e+00 +6.477782616e+00 +1.078177826e+02 +1.078177826e+02 -2.5169e-01 +4.6943e+00 +2.5705e+00 +7.0695e-01 +3.2259e+00
43 +5.124475426e+00 +5.124475426e+00 +1.064644754e+02 +1.064644754e+02 +2.9787e-01 +1.8125e+00 +2.7870e+00 +9.2975e-01 +4.6281e+00
155 +1.077245906e+00 +1.077245906e+00 +1.024172459e+02 +1.024172459e+02 -1.9097e-01 -1.7874e+00 +1.6797e-01 -3.6402e-01 -1.0529e+00
558 +5.204385520e-01 +5.204385520e-01 +1.018604386e+02 +1.018604386e+02 -3.6016e-02 -2.5458e+00 -7.1672e-01 +4.3726e-01 -7.4448e-01
43762 +2.177754362e-01 +2.177754362e-01 +1.015577754e+02 +1.015577754e+02 +3.9420e-01 -7.0447e-01 -4.4393e-01 -2.5145e-01 -4.8338e-01
% function evaluation | noise-free fitness - Fopt (-2.400000000000e+00) | best noise-free fitness - Fopt | measured fitness | best measured fitness | x1 | x2...
1 +9.621342705e+00 +9.621342705e+00 +7.221342705e+00 +7.221342705e+00 -2.5160e-01 -1.4318e+00 +2.5502e+00 +1.8846e+00 +5.6870e-01
165 +4.571443292e+00 +4.571443292e+00 +2.171443292e+00 +2.171443292e+00 +7.7179e-01 -4.3410e-01 +2.3111e-01 -4.4777e-01 +1.1104e+00
172 +3.356137322e+00 +3.356137322e+00 +9.561373222e-01 +9.561373222e-01 +9.7055e-01 +2.2184e+00 +8.3684e-01 +2.5798e-01 -8.7952e-02
311 +2.414806384e+00 +2.414806384e+00 +1.480638358e-02 +1.480638358e-02 -1.4554e+00 +6.8884e-01 -7.6562e-01 -1.8170e-01 -1.3307e+00
1312 +1.337981092e+00 +1.337981092e+00 -1.062018908e+00 -1.062018908e+00 -1.4649e+00 +6.8162e-01 +2.3278e-01 -5.5918e-02 -5.5997e-02
1626 +8.600777217e-01 +8.600777217e-01 -1.539922278e+00 -1.539922278e+00 +2.6809e-01 -1.1167e+00 -6.1613e-04 -7.9128e-01 +1.0162e+00
4339 +6.120005398e-01 +6.120005398e-01 -1.787999460e+00 -1.787999460e+00 -4.2649e-01 -1.0798e+00 +2.3710e-01 +5.1456e-01 +4.3379e-01
23901 +2.718890433e-01 +2.718890433e-01 -2.128110957e+00 -2.128110957e+00 -1.6934e-01 -9.8441e-01 +2.5323e-01 -1.0477e-01 +4.1838e-01
60091 +1.390654835e-01 +1.390654835e-01 -2.260934516e+00 -2.260934516e+00 +2.8801e-01 +1.2654e+00 -1.2483e-01 +5.1339e-01 -4.2406e-01
119422 +7.308510848e-02 +7.308510848e-02 -2.326914892e+00 -2.326914892e+00 +4.9163e-01 +9.1470e-01 +4.6179e-02 -1.4185e-01 +5.2875e-02
211115 +6.255160647e-02 +6.255160647e-02 -2.337448394e+00 -2.337448394e+00 +4.9182e-01 +9.1470e-01 +4.6179e-02 -1.4185e-01 +5.2753e-02
% function evaluation | noise-free fitness - Fopt (-2.778000000000e+01) | best noise-free fitness - Fopt | measured fitness | best measured fitness | x1 | x2...
1 +6.065682912e+01 +6.065682912e+01 +3.287682912e+01 +3.287682912e+01 +2.9868e+00 -3.1364e+00 -1.2143e+00 -3.2314e+00 +1.4057e+00
4 +2.872453505e+01 +2.872453505e+01 +9.445350530e-01 +9.445350530e-01 +4.0636e+00 +1.9889e+00 -3.1215e+00 -4.4112e-01 -2.9272e-01
7 +1.123193397e+01 +1.123193397e+01 -1.654806603e+01 -1.654806603e+01 -1.8699e+00 -3.7789e+00 -2.6287e+00 +1.3148e+00 +2.8731e-01
29 +8.760016760e+00 +8.760016760e+00 -1.901998324e+01 -1.901998324e+01 +2.5508e+00 -9.3406e-01 -1.2465e-01 +1.3723e+00 -3.9420e-01
49 +3.165257819e+00 +3.165257819e+00 -2.461474218e+01 -2.461474218e+01 -1.3011e+00 -2.5269e+00 +2.1250e-01 +1.5906e+00 +1.0953e+00
551 +1.106019773e+00 +1.106019773e+00 -2.667398023e+01 -2.667398023e+01 +1.2591e+00 -1.8268e+00 -1.1807e+00 +5.3641e-01 -3.8642e-01
4886 +9.706978981e-01 +9.706978981e-01 -2.680930210e+01 -2.680930210e+01 +1.6206e-01 +6.2038e-01 -3.0345e-01 +9.8016e-01 +1.1744e+00
14380 +4.229166175e-01 +4.229166175e-01 -2.735708338e+01 -2.735708338e+01 -7.2086e-01 +9.7695e-01 +1.4492e+00 -1.0213e+00 +3.2805e-01
17954 +2.260856588e-01 +2.260856588e-01 -2.755391434e+01 -2.755391434e+01 +4.3591e-01 +4.0480e-02 +2.9670e-01 -2.0455e-01 -2.4168e-01
76792 +1.488236921e-01 +1.488236921e-01 -2.763117631e+01 -2.763117631e+01 +2.0887e-01 +4.4712e-02 +2.4821e-01 -2.6272e-01 -4.3891e-01
176902 +6.335088582e-02 +6.335088582e-02 -2.771664911e+01 -2.771664911e+01 +2.4341e-01 -1.6630e+00 -4.2731e-01 +5.3438e-02 -5.4514e-01
183322 +4.863622895e-02 +4.863622895e-02 -2.773136377e+01 -2.773136377e+01 +1.5444e-01 -1.3230e-01 +7.6322e-02 -2.9392e-01 -5.5566e-01
189269 +2.105811417e-02 +2.105811417e-02 -2.775894189e+01 -2.775894189e+01 +2.2905e-01 -7.3782e-01 -2.9963e-01 -1.7634e-01 -5.0609e-01
196678 +1.181302445e-02 +1.181302445e-02 -2.776818698e+01 -2.776818698e+01 +2.2703e-01 -9.0205e-01 -1.5314e-01 -1.3090e-01 -6.3320e-01
198371 +1.471812509e-03 +1.471812509e-03 -2.777852819e+01 -2.777852819e+01 +2.4277e-01 -1.0127e+00 -1.8694e-01 -1.0456e-01 -6.5623e-01
198910 +3.700837712e-04 +3.700837712e-04 -2.777962992e+01 -2.777962992e+01 +2.1688e-01 -7.7707e-01 -9.9565e-02 -1.6305e-01 -6.4745e-01
199302 +2.368531517e-04 +2.368531517e-04 -2.777976315e+01 -2.777976315e+01 +2.3741e-01 -9.4768e-01 -1.6429e-01 -1.3052e-01 -6.5449e-01
199328 +1.427598901e-04 +1.427598901e-04 -2.777985724e+01 -2.777985724e+01 +2.3553e-01 -8.7160e-01 -1.4040e-01 -1.4898e-01 -6.5359e-01
199623 +7.392593414e-05 +7.392593414e-05 -2.777992607e+01 -2.777992607e+01 +2.2595e-01 -8.3983e-01 -1.2259e-01 -1.5201e-01 -6.5206e-01
199702 +6.216729115e-05 +6.216729115e-05 -2.777993783e+01 -2.777993783e+01 +2.3828e-01 -9.3648e-01 -1.5841e-01 -1.3570e-01 -6.6207e-01
199716 +2.986767261e-05 +2.986767261e-05 -2.777997013e+01 -2.777997013e+01 +2.3260e-01 -8.7539e-01 -1.4191e-01 -1.4627e-01 -6.5520e-01
199873 +4.476599955e-06 +4.476599955e-06 -2.777999552e+01 -2.777999552e+01 +2.2788e-01 -8.4321e-01 -1.2849e-01 -1.5193e-01 -6.5616e-01
199998 +3.713921970e-06 +3.713921970e-06 -2.777999629e+01 -2.777999629e+01 +2.2678e-01 -8.2774e-01 -1.2017e-01 -1.5876e-01 -6.5636e-01
200049 +2.208169469e-06 +2.208169469e-06 -2.777999779e+01 -2.777999779e+01 +2.3182e-01 -8.7702e-01 -1.4016e-01 -1.4424e-01 -6.5655e-01
200304 +1.172558903e-06 +1.172558903e-06 -2.777999883e+01 -2.777999883e+01 +2.2863e-01 -8.3485e-01 -1.2529e-01 -1.5573e-01 -6.5563e-01
200324 +8.719454243e-07 +8.719454243e-07 -2.777999913e+01 -2.777999913e+01 +2.2835e-01 -8.3798e-01 -1.2658e-01 -1.5454e-01 -6.5552e-01
200338 +6.160876609e-07 +6.160876609e-07 -2.777999938e+01 -2.777999938e+01 +2.3061e-01 -8.6248e-01 -1.3332e-01 -1.4983e-01 -6.5747e-01
200351 +3.096949328e-07 +3.096949328e-07 -2.777999969e+01 -2.777999969e+01 +2.2847e-01 -8.4544e-01 -1.2879e-01 -1.5299e-01 -6.5565e-01
200459 +2.412955489e-07 +2.412955489e-07 -2.777999976e+01 -2.777999976e+01 +2.2785e-01 -8.4312e-01 -1.2701e-01 -1.5396e-01 -6.5587e-01
200503 +1.404877636e-07 +1.404877636e-07 -2.777999986e+01 -2.777999986e+01 +2.2690e-01 -8.3411e-01 -1.2405e-01 -1.5556e-01 -6.5617e-01
200584 +8.425195119e-08 +8.425195119e-08 -2.777999992e+01 -2.777999992e+01 +2.2824e-01 -8.4542e-01 -1.2838e-01 -1.5279e-01 -6.5615e-01
200601 +5.525140878e-08 +5.525140878e-08 -2.777999994e+01 -2.777999994e+01 +2.2967e-01 -8.6065e-01 -1.3359e-01 -1.4956e-01 -6.5691e-01
200753 +3.227353673e-08 +3.227353673e-08 -2.777999997e+01 -2.777999997e+01 +2.2901e-01 -8.5267e-01 -1.3043e-01 -1.5146e-01 -6.5656e-01
200800 +2.366585861e-08 +2.366585861e-08 -2.777999998e+01 -2.777999998e+01 +2.2804e-01 -8.4264e-01 -1.2712e-01 -1.5374e-01 -6.5640e-01
200838 +5.188930174e-09 +5.188930174e-09 -2.777999999e+01 -2.777999999e+01 +2.2908e-01 -8.5289e-01 -1.3076e-01 -1.5143e-01 -6.5686e-01
