% function evaluation | noise-free fitness - Fopt (-1.025500000000e+02) | best noise-free fitness - Fopt | measured fitness | best measured fitness | x1 | x2...
1 +1.745141506e+01 +1.745141506e+01 -8.509858494e+01 -8.509858494e+01 +4.4817e-01 +1.7177e+00
5 +1.406256420e+01 +1.406256420e+01 -8.848743580e+01 -8.848743580e+01 -6.1824e-01 -2.7968e+00
14 +5.765732365e+00 +5.765732365e+00 -9.678426763e+01 -9.678426763e+01 +2.6727e+00 +2.5514e+00
25 +3.102750422e+00 +3.102750422e+00 -9.944724958e+01 -9.944724958e+01 -1.0331e+00 -1.1880e+00
58 +1.797942905e+00 +1.797942905e+00 -1.007520571e+02 -1.007520571e+02 +1.0638e+00 +2.8880e+00
79 +1.441679717e+00 +1.441679717e+00 -1.011083203e+02 -1.011083203e+02 -1.4881e+00 -2.1169e+00
122 +9.815458746e-01 +9.815458746e-01 -1.015684541e+02 -1.015684541e+02 +1.3392e+00 +8.8670e-01
127 +4.208623053e-01 +4.208623053e-01 -1.021291377e+02 -1.021291377e+02 -6.6098e-01 +2.8660e-01
143 +2.667640681e-01 +2.667640681e-01 -1.022832359e+02 -1.022832359e+02 +6.5512e-01 -4.4043e-01
144 +1.367145905e-01 +1.367145905e-01 -1.024132854e+02 -1.024132854e+02 -3.5652e-01 -9.4539e-01
204 +3.247608563e-02 +3.247608563e-02 -1.025175239e+02 -1.025175239e+02 -3.7507e-02 -9.8629e-01
249 +2.357726667e-02 +2.357726667e-02 -1.025264227e+02 -1.025264227e+02 +1.9106e+00 -1.2746e-01
702 +3.189401323e-03 +3.189401323e-03 -1.025468106e+02 -1.025468106e+02 -1.6709e-01 +4.4058e-01
1868 +8.378047631e-04 +8.378047631e-04 -1.025491622e+02 -1.025491622e+02 -1.5370e-01 +5.7892e-01
2325 +5.549874162e-04 +5.549874162e-04 -1.025494450e+02 -1.025494450e+02 -1.5185e-01 +5.2223e-01
2329 +3.428524951e-05 +3.428524951e-05 -1.025499657e+02 -1.025499657e+02 -1.3641e-01 +7.0172e-01
2414 +2.351223856e-07 +2.351223856e-07 -1.025499998e+02 -1.025499998e+02 -1.3601e-01 +6.8528e-01
2489 +1.379827097e-08 +1.379827097e-08 -1.025500000e+02 -1.025500000e+02 -1.3462e-01 +6.9898e-01
2590 +4.469796977e-09 +4.469796977e-09 -1.025500000e+02 -1.025500000e+02 -1.3554e-01 +6.9204e-01
% function evaluation | noise-free fitness - Fopt (7.169000000000e+01) | best noise-free fitness - Fopt | measured fitness | best measured fitness | x1 | x2...
1 +5.238060066e+01 +5.238060066e+01 +1.240706007e+02 +1.240706007e+02 -1.8257e+00 -3.0741e+00
3 +2.344145914e+01 +2.344145914e+01 +9.513145914e+01 +9.513145914e+01 +2.2973e+00 -3.7251e+00
6 +9.383648898e+00 +9.383648898e+00 +8.107364890e+01 +8.107364890e+01 -1.9080e-02 -3.6309e+00
30 +4.070726552e+00 +4.070726552e+00 +7.576072655e+01 +7.576072655e+01 +2.0649e+00 +4.0449e-01
35 +8.719730849e-01 +8.719730849e-01 +7.256197308e+01 +7.256197308e+01 -1.1817e+00 +3.6986e-01
115 +4.731177528e-01 +4.731177528e-01 +7.216311775e+01 +7.216311775e+01 +7.7757e-01 +1.9314e+00
182 +3.144390379e-02 +3.144390379e-02 +7.172144390e+01 +7.172144390e+01 +1.2500e+00 +1.6628e-01
802 +2.104941250e-02 +2.104941250e-02 +7.171104941e+01 +7.171104941e+01 +1.1385e+00 +8.6486e-01
3188 +1.572255575e-02 +1.572255575e-02 +7.170572256e+01 +7.170572256e+01 +1.3027e+00 +1.9811e+00
% function evaluation | noise-free fitness - Fopt (2.140100000000e+02) | best noise-free fitness - Fopt | measured fitness | best measured fitness | x1 | x2...
1 +9.145815138e+00 +9.145815138e+00 +2.231558151e+02 +2.231558151e+02 +8.2945e-01 +6.3093e-01
16 +4.243099539e+00 +4.243099539e+00 +2.182530995e+02 +2.182530995e+02 +2.2336e+00 -2.3307e+00
22 +3.230894445e+00 +3.230894445e+00 +2.172408944e+02 +2.172408944e+02 -4.3571e+00 +1.5950e+00
32 +8.730170445e-01 +8.730170445e-01 +2.148830170e+02 +2.148830170e+02 -3.2383e+00 -2.1389e+00
39 +3.982522444e-01 +3.982522444e-01 +2.144082522e+02 +2.144082522e+02 +9.0821e-01 -1.2093e+00
133 +2.981649246e-02 +2.981649246e-02 +2.140398165e+02 +2.140398165e+02 -9.8490e-01 +9.5744e-01
929 +1.656881096e-02 +1.656881096e-02 +2.140265688e+02 +2.140265688e+02 +4.3444e-02 -1.1901e+00
1444 +5.124939975e-06 +5.124939975e-06 +2.140100051e+02 +2.140100051e+02 -4.5948e-01 +6.1447e-01
4359 +2.374900987e-08 +2.374900987e-08 +2.140100000e+02 +2.140100000e+02 -4.0336e-01 +5.7350e-01
4455 +8.184088074e-09 +8.184088074e-09 +2.140100000e+02 +2.140100000e+02 -4.1060e-01 +5.7880e-01
% function evaluation | noise-free fitness - Fopt (-5.848000000000e+01) | best noise-free fitness - Fopt | measured fitness | best measured fitness | x1 | x2...
1 +1.542969222e+01 +1.542969222e+01 -4.305030778e+01 -4.305030778e+01 -4.4853e+00 -9.6500e-01
5 +7.984113369e+00 +7.984113369e+00 -5.049588663e+01 -5.049588663e+01 -3.3267e+00 +1.7958e-01
12 +5.663752600e+00 +5.663752600e+00 -5.281624740e+01 -5.281624740e+01 +4.4436e+00 +3.5610e+00
39 +3.459677016e+00 +3.459677016e+00 -5.502032298e+01 -5.502032298e+01 +2.8456e+00 +1.0080e+00
116 +4.346378238e-01 +4.346378238e-01 -5.804536218e+01 -5.804536218e+01 +6.1142e+00 +3.0794e+00
131 +2.042175073e-01 +2.042175073e-01 -5.827578249e+01 -5.827578249e+01 -7.1449e-01 +1.3192e+00
167 +1.343364998e-02 +1.343364998e-02 -5.846656635e+01 -5.846656635e+01 +8.5705e-01 -6.5536e-01
1625 +4.116236993e-03 +4.116236993e-03 -5.847588376e+01 -5.847588376e+01 +7.9332e-01 -6.3026e-01
1690 +1.941076136e-03 +1.941076136e-03 -5.847805892e+01 -5.847805892e+01 +6.9488e-01 -5.8600e-01
1719 +7.734533546e-04 +7.734533546e-04 -5.847922655e+01 -5.847922655e+01 +7.2025e-01 -6.0057e-01
1775 +5.395773009e-04 +5.395773009e-04 -5.847946042e+01 -5.847946042e+01 +5.6135e-01 -5.2368e-01
1811 +2.757814851e-04 +2.757814851e-04 -5.847972422e+01 -5.847972422e+01 +6.2506e-01 -5.5578e-01
1840 +2.252467887e-06 +2.252467887e-06 -5.847999775e+01 -5.847999775e+01 +4.7266e-01 -4.8387e-01
1873 +3.863722071e-07 +3.863722071e-07 -5.847999961e+01 -5.847999961e+01 +5.1980e-01 -5.0783e-01
1926 +2.294266537e-07 +2.294266537e-07 -5.847999977e+01 -5.847999977e+01 +4.8538e-01 -4.9086e-01
1938 +1.509141683e-07 +1.509141683e-07 -5.847999985e+01 -5.847999985e+01 +5.1354e-01 -5.0525e-01
1947 +8.874442869e-08 +8.874442869e-08 -5.847999991e+01 -5.847999991e+01 +5.1137e-01 -5.0385e-01
1965 +4.490762251e-08 +4.490762251e-08 -5.847999996e+01 -5.847999996e+01 +5.0175e-01 -4.9901e-01
1968 +2.808036470e-09 +2.808036470e-09 -5.848000000e+01 -5.848000000e+01 +5.0322e-01 -4.9994e-01
% function evaluation | noise-free fitness - Fopt (-6.130800000000e+02) | best noise-free fitness - Fopt | measured fitness | best measured fitness | x1 | x2...
1 +1.308080851e+02 +1.308080851e+02 -4.822719149e+02 -4.822719149e+02 +4.0185e+00 -1.5586e+00
2 +3.252495313e-01 +3.252495313e-01 -6.127547505e+02 -6.127547505e+02 +3.7339e+00 +4.9365e+00
258 +1.502648260e-01 +1.502648260e-01 -6.129297352e+02 -6.129297352e+02 -1.0081e+00 -7.1623e-01
304 +2.682224415e-03 +2.682224415e-03 -6.130773178e+02 -6.130773178e+02 +4.0561e-01 +1.1199e-01
845 +2.465551379e-03 +2.465551379e-03 -6.130775344e+02 -6.130775344e+02 +8.2054e-01 +5.2589e-01
2188 +9.903314814e-04 +9.903314814e-04 -6.130790097e+02 -6.130790097e+02 +6.0610e-01 +2.9425e-01
2193 +1.700830334e-04 +1.700830334e-04 -6.130798299e+02 -6.130798299e+02 +6.9801e-01 +4.0109e-01
2230 +1.089292574e-04 +1.089292574e-04 -6.130798911e+02 -6.130798911e+02 +5.6499e-01 +2.6390e-01
2239 +1.926847142e-05 +1.926847142e-05 -6.130799807e+02 -6.130799807e+02 +5.8484e-01 +2.8229e-01
2282 +9.292909908e-07 +9.292909908e-07 -6.130799991e+02 -6.130799991e+02 +6.4020e-01 +3.3583e-01
2311 +3.665064696e-07 +3.665064696e-07 -6.130799996e+02 -6.130799996e+02 +6.2782e-01 +3.2326e-01
2376 +8.232393611e-08 +8.232393611e-08 -6.130799999e+02 -6.130799999e+02 +6.3675e-01 +3.3306e-01
2404 +2.045442216e-08 +2.045442216e-08 -6.130800000e+02 -6.130800000e+02 +6.3157e-01 +3.2792e-01
2477 +1.075045475e-08 +1.075045475e-08 -6.130800000e+02 -6.130800000e+02 +6.2987e-01 +3.2594e-01
2504 +3.862055564e-09 +3.862055564e-09 -6.130800000e+02 -6.130800000e+02 +6.2638e-01 +3.2246e-01
% function evaluation | noise-free fitness - Fopt (-1.852700000000e+02) | best noise-free fitness - Fopt | measured fitness | best measured fitness | x1 | x2...
1 +8.674500930e+01 +8.674500930e+01 -9.852499070e+01 -9.852499070e+01 -4.7885e+00 -1.4077e-01
2 +1.361848244e+01 +1.361848244e+01 -1.716515176e+02 -1.716515176e+02 +1.9903e+00 +1.3666e+00
18 +8.684580881e+00 +8.684580881e+00 -1.765854191e+02 -1.765854191e+02 +2.0279e+00 +2.9282e+00
52 +2.390491507e+00 +2.390491507e+00 -1.828795085e+02 -1.828795085e+02 -1.7045e+00 +1.8023e+00
109 +1.464905766e+00 +1.464905766e+00 -1.838050942e+02 -1.838050942e+02 +6.7862e-01 -9.7198e-01
177 +4.790542261e-01 +4.790542261e-01 -1.847909458e+02 -1.847909458e+02 -7.8827e-01 +1.0928e+00
245 +3.074150959e-01 +3.074150959e-01 -1.849625849e+02 -1.849625849e+02 +6.6044e-01 +9.1507e-01
275 +6.130832621e-02 +6.130832621e-02 -1.852086917e+02 -1.852086917e+02 +4.0466e+00 +4.5907e+00
819 +9.156689287e-04 +9.156689287e-04 -1.852690843e+02 -1.852690843e+02 +8.3016e-01 +4.1938e-01
1703 +1.213765905e-04 +1.213765905e-04 -1.852698786e+02 -1.852698786e+02 +7.7307e-01 +3.7036e-01
1857 +3.019514821e-06 +3.019514821e-06 -1.852699970e+02 -1.852699970e+02 +6.2678e-01 +2.4343e-01
1923 +4.160559115e-07 +4.160559115e-07 -1.852699996e+02 -1.852699996e+02 +6.7450e-01 +2.8319e-01
2018 +2.848769611e-07 +2.848769611e-07 -1.852699997e+02 -1.852699997e+02 +6.5659e-01 +2.6838e-01
2099 +1.027023018e-07 +1.027023018e-07 -1.852699999e+02 -1.852699999e+02 +6.5142e-01 +2.6373e-01
2101 +4.133568154e-08 +4.133568154e-08 -1.852700000e+02 -1.852700000e+02 +6.6166e-01 +2.7212e-01
2126 +1.523366677e-08 +1.523366677e-08 -1.852700000e+02 -1.852700000e+02 +6.5795e-01 +2.6887e-01
2185 +4.834078027e-09 +4.834078027e-09 -1.852700000e+02 -1.852700000e+02 +6.5481e-01 +2.6620e-01
% function evaluation | noise-free fitness - Fopt (3.747000000000e+01) | best noise-free fitness - Fopt | measured fitness | best measured fitness | x1 | x2...
1 +1.106536405e+02 +1.106536405e+02 +1.481236405e+02 +1.481236405e+02 +4.9325e+00 -1.8743e+00
2 +9.400860563e+01 +9.400860563e+01 +1.314786056e+02 +1.314786056e+02 +4.7597e+00 +4.9952e+00
4 +3.805166990e+01 +3.805166990e+01 +7.552166990e+01 +7.552166990e+01 -3.4528e+00 +1.6614e+00
5 +6.137733631e+00 +6.137733631e+00 +4.360773363e+01 +4.360773363e+01 +2.4525e+00 -2.6712e+00
11 +2.045590008e+00 +2.045590008e+00 +3.951559001e+01 +3.951559001e+01 +2.8507e-01 +2.4232e+00
63 +3.574285504e-01 +3.574285504e-01 +3.782742855e+01 +3.782742855e+01 +1.5355e+00 +1.2723e+00
164 +5.054003956e-02 +5.054003956e-02 +3.752054004e+01 +3.752054004e+01 -1.8266e-01 -4.8028e-02
572 +2.160661297e-02 +2.160661297e-02 +3.749160661e+01 +3.749160661e+01 +1.6517e+00 +1.7182e+00
880 +1.576671482e-04 +1.576671482e-04 +3.747015767e+01 +3.747015767e+01 -5.5481e-01 +4.1618e-01
4107 +7.960559344e-06 +7.960559344e-06 +3.747000796e+01 +3.747000796e+01 -6.0545e-01 +4.8502e-01
4181 +2.199372489e-07 +2.199372489e-07 +3.747000022e+01 +3.747000022e+01 -5.5868e-01 +4.1656e-01
4216 +5.151022719e-09 +5.151022719e-09 +3.747000001e+01 +3.747000001e+01 -5.6435e-01 +4.2431e-01
% function evaluation | noise-free fitness - Fopt (-3.944700000000e+02) | best noise-free fitness - Fopt | measured fitness | best measured fitness | x1 | x2...
1 +6.143169007e+00 +6.143169007e+00 -3.883268310e+02 -3.883268310e+02 +3.8342e+00 +3.9289e+00
23 +2.923148742e+00 +2.923148742e+00 -3.915468513e+02 -3.915468513e+02 -7.6126e-02 -2.0740e+00
24 +8.978034512e-01 +8.978034512e-01 -3.935721965e+02 -3.935721965e+02 +7.0648e+00 +6.7739e+00
31 +3.698445774e-01 +3.698445774e-01 -3.941001554e+02 -3.941001554e+02 +3.1461e+00 +2.8583e+00
211 +9.376922221e-02 +9.376922221e-02 -3.943762308e+02 -3.943762308e+02 +3.9311e+00 +3.3091e+00
931 +2.348597639e-03 +2.348597639e-03 -3.944676514e+02 -3.944676514e+02 +8.9266e-01 +3.4626e-01
2127 +9.057045241e-04 +9.057045241e-04 -3.944690943e+02 -3.944690943e+02 +5.1109e-01 +8.9281e-02
2302 +4.282432696e-04 +4.282432696e-04 -3.944695718e+02 -3.944695718e+02 +7.3955e-01 +2.3428e-01
2418 +8.433518133e-07 +8.433518133e-07 -3.944699992e+02 -3.944699992e+02 +6.5910e-01 +1.8241e-01
2562 +1.157152383e-07 +1.157152383e-07 -3.944699999e+02 -3.944699999e+02 +6.7991e-01 +1.9764e-01
2644 +7.302992344e-08 +7.302992344e-08 -3.944699999e+02 -3.944699999e+02 +6.7281e-01 +1.9261e-01
2753 +4.237068651e-08 +4.237068651e-08 -3.944700000e+02 -3.944700000e+02 +6.8662e-01 +2.0191e-01
2771 +2.393716159e-08 +2.393716159e-08 -3.944700000e+02 -3.944700000e+02 +6.8471e-01 +2.0064e-01
2796 +1.175158104e-08 +1.175158104e-08 -3.944700000e+02 -3.944700000e+02 +6.7737e-01 +1.9564e-01
2822 +6.110667528e-10 +6.110667528e-10 -3.944700000e+02 -3.944700000e+02 +6.7828e-01 +1.9617e-01
% function evaluation | noise-free fitness - Fopt (-1.026200000000e+02) | best noise-free fitness - Fopt | measured fitness | best measured fitness | x1 | x2...
1 +2.019818622e+01 +2.019818622e+01 -8.242181378e+01 -8.242181378e+01 +1.6496e+00 -1.4471e+00
4 +3.331131838e+00 +3.331131838e+00 -9.928886816e+01 -9.928886816e+01 -2.1834e+00 +3.4832e+00
11 +1.353432246e+00 +1.353432246e+00 -1.012665678e+02 -1.012665678e+02 +4.4687e-01 -1.3170e+00
21 +5.093104072e-01 +5.093104072e-01 -1.021106896e+02 -1.021106896e+02 -6.4429e-01 -1.1728e+00
110 +2.435307506e-01 +2.435307506e-01 -1.023764692e+02 -1.023764692e+02 -1.7519e+00 -2.5788e-01
237 +3.162380562e-03 +3.162380562e-03 -1.026168376e+02 -1.026168376e+02 -3.9620e-02 +1.0155e+00
555 +2.447032198e-04 +2.447032198e-04 -1.026197553e+02 -1.026197553e+02 +1.4433e-03 +8.8791e-01
1359 +1.126693162e-05 +1.126693162e-05 -1.026199887e+02 -1.026199887e+02 +6.8599e-02 +6.3348e-01
1613 +2.855809299e-06 +2.855809299e-06 -1.026199971e+02 -1.026199971e+02 +6.1140e-02 +6.6391e-01
1693 +2.331882712e-06 +2.331882712e-06 -1.026199977e+02 -1.026199977e+02 +6.3198e-02 +6.5863e-01
1716 +4.449706381e-07 +4.449706381e-07 -1.026199996e+02 -1.026199996e+02 +4.6101e-02 +7.2694e-01
1763 +2.816170621e-07 +2.816170621e-07 -1.026199997e+02 -1.026199997e+02 +5.6726e-02 +6.8422e-01
1787 +2.896614149e-08 +2.896614149e-08 -1.026200000e+02 -1.026200000e+02 +4.9686e-02 +7.1212e-01
1851 +1.085126655e-09 +1.085126655e-09 -1.026200000e+02 -1.026200000e+02 +5.1314e-02 +7.0566e-01
% function evaluation | noise-free fitness - Fopt (2.728300000000e+02) | best noise-free fitness - Fopt | measured fitness | best measured fitness | x1 | x2...
1 +1.161827157e+02 +1.161827157e+02 +3.890127157e+02 +3.890127157e+02 +1.7335e+00 -4.5625e+00
2 +1.658834433e+01 +1.658834433e+01 +2.894183443e+02 +2.894183443e+02 -1.4295e+00 -3.7856e+00
3 +2.386065200e+00 +2.386065200e+00 +2.752160652e+02 +2.752160652e+02 +8.4573e-01 -8.0289e-01
32 +2.363833839e-01 +2.363833839e-01 +2.730663834e+02 +2.730663834e+02 -8.5376e-01 +1.2277e-01
66 +3.890574662e-02 +3.890574662e-02 +2.728689057e+02 +2.728689057e+02 -1.0755e+00 -2.8863e+00
434 +3.762142566e-03 +3.762142566e-03 +2.728337621e+02 +2.728337621e+02 -1.1485e-01 -1.0751e+00
1143 +2.088510785e-04 +2.088510785e-04 +2.728302089e+02 +2.728302089e+02 -3.9875e-02 -8.7279e-01
1285 +7.928396599e-06 +7.928396599e-06 +2.728300079e+02 +2.728300079e+02 -5.7951e-03 -7.6559e-01
1382 +1.587879694e-06 +1.587879694e-06 +2.728300016e+02 +2.728300016e+02 +1.9077e-03 -7.4517e-01
1509 +7.374414963e-07 +7.374414963e-07 +2.728300007e+02 +2.728300007e+02 +2.0204e-02 -6.8444e-01
1568 +4.208559972e-07 +4.208559972e-07 +2.728300004e+02 +2.728300004e+02 +1.0800e-02 -7.1767e-01
1640 +1.446769602e-07 +1.446769602e-07 +2.728300001e+02 +2.728300001e+02 +8.8361e-03 -7.2214e-01
1680 +1.682656148e-08 +1.682656148e-08 +2.728300000e+02 +2.728300000e+02 +1.5379e-02 -7.0158e-01
1689 +1.056201882e-08 +1.056201882e-08 +2.728300000e+02 +2.728300000e+02 +1.3313e-02 -7.0782e-01
1795 +9.282871360e-09 +9.282871360e-09 +2.728300000e+02 +2.728300000e+02 +1.4228e-02 -7.0546e-01
% function evaluation | noise-free fitness - Fopt (-3.400000000000e+00) | best noise-free fitness - Fopt | measured fitness | best measured fitness | x1 | x2...
1 +3.993269343e+00 +3.993269343e+00 +5.932693427e-01 +5.932693427e-01 -3.6453e-01 -2.6023e+00
7 +2.539976573e+00 +2.539976573e+00 -8.600234270e-01 -8.600234270e-01 +3.7344e+00 +4.6492e-01
10 +1.808823415e+00 +1.808823415e+00 -1.591176585e+00 -1.591176585e+00 +9.6469e-01 +1.0324e+00
18 +1.556787986e+00 +1.556787986e+00 -1.843212014e+00 -1.843212014e+00 +3.0341e+00 -3.3001e+00
41 +2.001867938e-01 +2.001867938e-01 -3.199813206e+00 -3.199813206e+00 +2.4018e+00 -2.9426e+00
55 +2.542125686e-02 +2.542125686e-02 -3.374578743e+00 -3.374578743e+00 -1.1627e-01 -1.3761e+00
292 +1.784370363e-02 +1.784370363e-02 -3.382156296e+00 -3.382156296e+00 +2.1698e+00 +6.8002e-01
850 +6.506558559e-03 +6.506558559e-03 -3.393493441e+00 -3.393493441e+00 +7.6477e-01 +4.7915e-01
2296 +3.777639450e-03 +3.777639450e-03 -3.396222361e+00 -3.396222361e+00 +4.2939e-01 +3.7521e-01
2580 +3.854057550e-04 +3.854057550e-04 -3.399614594e+00 -3.399614594e+00 +7.7398e-01 +4.7365e-01
3875 +1.598004877e-04 +1.598004877e-04 -3.399840200e+00 -3.399840200e+00 +7.3436e-01 +4.6356e-01
3905 +8.635473143e-05 +8.635473143e-05 -3.399913645e+00 -3.399913645e+00 +6.8195e-01 +4.4649e-01
3932 +5.892213620e-05 +5.892213620e-05 -3.399941078e+00 -3.399941078e+00 +4.5527e-01 +3.7678e-01
3934 +3.672200334e-05 +3.672200334e-05 -3.399963278e+00 -3.399963278e+00 +5.4554e-01 +4.0411e-01
3959 +1.821057078e-06 +1.821057078e-06 -3.399998179e+00 -3.399998179e+00 +5.5193e-01 +4.0760e-01
3982 +1.401922715e-06 +1.401922715e-06 -3.399998598e+00 -3.399998598e+00 +6.1159e-01 +4.2695e-01
4038 +8.532297215e-07 +8.532297215e-07 -3.399999147e+00 -3.399999147e+00 +5.7923e-01 +4.1775e-01
4065 +2.180406593e-07 +2.180406593e-07 -3.399999782e+00 -3.399999782e+00 +5.7222e-01 +4.1526e-01
4109 +8.232598603e-09 +8.232598603e-09 -3.399999992e+00 -3.399999992e+00 +5.7311e-01 +4.1505e-01
% function evaluation | noise-free fitness - Fopt (-1.851700000000e+02) | best noise-free fitness - Fopt | measured fitness | best measured fitness | x1 | x2...
1 +3.255545264e+01 +3.255545264e+01 -1.526145474e+02 -1.526145474e+02 +4.9542e+00 +2.9243e-01
2 +8.758847525e+00 +8.758847525e+00 -1.764111525e+02 -1.764111525e+02 -3.6494e+00 -1.7338e+00
29 +5.921217034e+00 +5.921217034e+00 -1.792487830e+02 -1.792487830e+02 +2.1902e+00 +3.1241e-01
42 +3.596806514e+00 +3.596806514e+00 -1.815731935e+02 -1.815731935e+02 -8.1391e+00 -2.3094e+00
50 +2.057127385e+00 +2.057127385e+00 -1.831128726e+02 -1.831128726e+02 -4.3268e+00 +2.3751e+00
66 +9.282340494e-01 +9.282340494e-01 -1.842417660e+02 -1.842417660e+02 -2.7805e+00 +1.2729e+00
252 +4.926864632e-01 +4.926864632e-01 -1.846773135e+02 -1.846773135e+02 -1.3901e+00 -1.9348e+00
338 +3.194329059e-01 +3.194329059e-01 -1.848505671e+02 -1.848505671e+02 -2.4245e+00 +2.0216e+00
430 +2.064964230e-01 +2.064964230e-01 -1.849635036e+02 -1.849635036e+02 -6.9151e-01 -9.9455e-01
455 +4.512083019e-02 +4.512083019e-02 -1.851248792e+02 -1.851248792e+02 -5.1454e-01 +4.5497e-01
507 +3.308994589e-02 +3.308994589e-02 -1.851369101e+02 -1.851369101e+02 -2.9159e+00 -1.6942e+00
1335 +1.647974966e-02 +1.647974966e-02 -1.851535203e+02 -1.851535203e+02 -3.0714e-02 +2.7195e-01
2088 +3.689376325e-03 +3.689376325e-03 -1.851663106e+02 -1.851663106e+02 -2.1996e-01 +4.4514e-01
2434 +4.339965469e-04 +4.339965469e-04 -1.851695660e+02 -1.851695660e+02 -2.5610e-01 +4.6927e-01
5309 +8.037336298e-05 +8.037336298e-05 -1.851699196e+02 -1.851699196e+02 -2.9800e-01 +5.0060e-01
5356 +2.096950254e-06 +2.096950254e-06 -1.851699979e+02 -1.851699979e+02 -3.6861e-01 +5.5413e-01
5375 +5.631734155e-07 +5.631734155e-07 -1.851699994e+02 -1.851699994e+02 -3.8529e-01 +5.6763e-01
5417 +1.937608829e-07 +1.937608829e-07 -1.851699998e+02 -1.851699998e+02 -3.9187e-01 +5.7240e-01
5434 +3.837706686e-08 +3.837706686e-08 -1.851700000e+02 -1.851700000e+02 -3.9981e-01 +5.7787e-01
5480 +7.940229807e-09 +7.940229807e-09 -1.851700000e+02 -1.851700000e+02 -4.0128e-01 +5.7908e-01
% function evaluation | noise-free fitness - Fopt (1.013400000000e+02) | best noise-free fitness - Fopt | measured fitness | best measured fitness | x1 | x2...
1 +1.042512186e+02 +1.042512186e+02 +2.055912186e+02 +2.055912186e+02 +4.1334e+00 +2.9116e+00
2 +5.013582155e+01 +5.013582155e+01 +1.514758215e+02 +1.514758215e+02 +4.2428e+00 -3.9649e+00
7 +2.309869418e+01 +2.309869418e+01 +1.244386942e+02 +1.244386942e+02 +8.5674e-01 -2.3806e+00
13 +1.402819642e+01 +1.402819642e+01 +1.153681964e+02 +1.153681964e+02 +2.8257e+00 -3.7604e-01
16 +3.536874364e+00 +3.536874364e+00 +1.048768744e+02 +1.048768744e+02 +3.9801e+00 -1.3687e+00
49 +1.859253176e+00 +1.859253176e+00 +1.031992532e+02 +1.031992532e+02 -5.1241e-01 -2.5060e-01
53 +1.573474446e+00 +1.573474446e+00 +1.029134744e+02 +1.029134744e+02 -1.5780e+00 -2.6448e-01
88 +1.952743728e-01 +1.952743728e-01 +1.015352744e+02 +1.015352744e+02 +1.4134e-01 +7.3506e-02
146 +8.314585724e-02 +8.314585724e-02 +1.014231459e+02 +1.014231459e+02 +8.7743e-01 -7.3379e-01
268 +3.381028564e-04 +3.381028564e-04 +1.013403381e+02 +1.013403381e+02 -4.3085e-01 +5.7732e-01
315 +5.154467473e-06 +5.154467473e-06 +1.013400052e+02 +1.013400052e+02 -4.1701e-01 +5.7080e-01
1223 +1.564955539e-06 +1.564955539e-06 +1.013400016e+02 +1.013400016e+02 -3.9427e-01 +5.5690e-01
1273 +6.422843342e-07 +6.422843342e-07 +1.013400006e+02 +1.013400006e+02 -4.1687e-01 +5.7300e-01
1303 +3.695134154e-07 +3.695134154e-07 +1.013400004e+02 +1.013400004e+02 -4.3402e-01 +5.8468e-01
1385 +4.108397889e-08 +4.108397889e-08 +1.013400000e+02 +1.013400000e+02 -4.1950e-01 +5.7392e-01
1389 +7.751680187e-09 +7.751680187e-09 +1.013400000e+02 +1.013400000e+02 -4.1920e-01 +5.7393e-01
% function evaluation | noise-free fitness - Fopt (-2.400000000000e+00) | best noise-free fitness - Fopt | measured fitness | best measured fitness | x1 | x2...
1 +5.939794620e+01 +5.939794620e+01 +5.699794620e+01 +5.699794620e+01 +3.6002e+00 +4.8907e+00
5 +1.147527704e+01 +1.147527704e+01 +9.075277043e+00 +9.075277043e+00 -3.4775e+00 -3.1991e+00
9 +5.516223712e+00 +5.516223712e+00 +3.116223712e+00 +3.116223712e+00 +3.7520e+00 +1.3319e+00
19 +2.975401488e+00 +2.975401488e+00 +5.754014884e-01 +5.754014884e-01 +4.2275e+00 +2.1895e+00
31 +3.110629423e-01 +3.110629423e-01 -2.088937058e+00 -2.088937058e+00 +5.4979e+00 +3.8566e+00
145 +1.230046604e-01 +1.230046604e-01 -2.276995340e+00 -2.276995340e+00 +5.6472e-05 +2.4124e-01
372 +4.911209921e-02 +4.911209921e-02 -2.350887901e+00 -2.350887901e+00 -1.7870e-01 +2.6942e-01
637 +3.698690699e-02 +3.698690699e-02 -2.363013093e+00 -2.363013093e+00 -4.7427e-01 +7.5376e-04
844 +2.092693400e-02 +2.092693400e-02 -2.379073066e+00 -2.379073066e+00 +1.8380e+00 +1.7946e+00
1188 +1.249693549e-03 +1.249693549e-03 -2.398750306e+00 -2.398750306e+00 +5.5485e-01 +7.9544e-01
2703 +6.000748633e-04 +6.000748633e-04 -2.399399925e+00 -2.399399925e+00 +4.8984e-01 +7.4629e-01
3065 +7.043055010e-06 +7.043055010e-06 -2.399992957e+00 -2.399992957e+00 +3.9666e-01 +6.6149e-01
3204 +5.170654051e-06 +5.170654051e-06 -2.399994829e+00 -2.399994829e+00 +3.0993e-01 +5.8465e-01
3245 +2.616507006e-06 +2.616507006e-06 -2.399997383e+00 -2.399997383e+00 +3.7376e-01 +6.4248e-01
3249 +2.235406157e-06 +2.235406157e-06 -2.399997765e+00 -2.399997765e+00 +3.3756e-01 +6.1016e-01
3251 +4.213953773e-07 +4.213953773e-07 -2.399999579e+00 -2.399999579e+00 +3.3399e-01 +6.0618e-01
3257 +3.349484547e-07 +3.349484547e-07 -2.399999665e+00 -2.399999665e+00 +3.5201e-01 +6.2141e-01
3268 +1.375266976e-07 +1.375266976e-07 -2.399999862e+00 -2.399999862e+00 +3.4722e-01 +6.1724e-01
3293 +1.340446332e-08 +1.340446332e-08 -2.399999987e+00 -2.399999987e+00 +3.4988e-01 +6.2009e-01
3362 +3.430340456e-10 +3.430340456e-10 -2.400000000e+00 -2.400000000e+00 +3.4577e-01 +6.1633e-01
% function evaluation | noise-free fitness - Fopt (-2.778000000000e+01) | best noise-free fitness - Fopt | measured fitness | best measured fitness | x1 | x2...
1 +6.574566795e+01 +6.574566795e+01 +3.796566795e+01 +3.796566795e+01 +2.5665e+00 -4.2353e+00
5 +2.167032807e+01 +2.167032807e+01 -6.109671926e+00 -6.109671926e+00 -4.6057e+00 -3.4302e+00
8 +1.429462740e+01 +1.429462740e+01 -1.348537260e+01 -1.348537260e+01 +6.7821e-01 +1.4149e+00
11 +7.216012883e+00 +7.216012883e+00 -2.056398712e+01 -2.056398712e+01 -2.3875e+00 -2.0954e+00
24 +5.996473755e+00 +5.996473755e+00 -2.178352624e+01 -2.178352624e+01 -7.7352e-01 -7.8935e+00
53 +3.631175876e+00 +3.631175876e+00 -2.414882412e+01 -2.414882412e+01 -6.1395e+00 -6.6658e+00
98 +1.105826676e+00 +1.105826676e+00 -2.667417332e+01 -2.667417332e+01 -2.0437e+00 -1.3460e+00
100 +5.706960540e-01 +5.706960540e-01 -2.720930395e+01 -2.720930395e+01 +1.9405e-01 +3.8552e-02
125 +3.323443877e-01 +3.323443877e-01 -2.744765561e+01 -2.744765561e+01 +5.7355e-01 +6.6477e-01
308 +1.124304554e-01 +1.124304554e-01 -2.766756954e+01 -2.766756954e+01 -1.2765e+00 -3.1754e-02
333 +8.242079571e-02 +8.242079571e-02 -2.769757920e+01 -2.769757920e+01 -1.3948e+00 +2.5360e-01
466 +1.996046252e-02 +1.996046252e-02 -2.776003954e+01 -2.776003954e+01 -2.0652e+00 -5.5103e-01
2446 +1.582690432e-02 +1.582690432e-02 -2.776417310e+01 -2.776417310e+01 -3.0367e-01 +8.5270e-01
