% function evaluation | noise-free fitness - Fopt (2.997000000000e+01) | best noise-free fitness - Fopt | measured fitness | best measured fitness | x1 | x2...
1 +9.285081918e+02 +9.285081918e+02 +9.584781918e+02 +9.584781918e+02 +1.0093e+00 +3.0468e+00 -4.9779e-01
3 +6.033425467e+02 +6.033425467e+02 +6.333125467e+02 +6.333125467e+02 +4.0517e+00 -5.9332e-01 -4.0612e+00
7 +2.236482056e+02 +2.236482056e+02 +2.536182056e+02 +2.536182056e+02 -1.3831e+00 +3.6156e-01 -4.9643e+00
31 +1.146966406e+02 +1.146966406e+02 +1.446666406e+02 +1.446666406e+02 +9.0602e-01 -2.0309e+00 -2.6774e+00
61 +9.006550914e+01 +9.006550914e+01 +1.200355091e+02 +1.200355091e+02 +9.7854e-01 -2.0309e+00 -2.8040e+00
76 +5.342280957e+01 +5.342280957e+01 +8.339280957e+01 +8.339280957e+01 +1.2715e+00 -2.2625e+00 -2.8040e+00
123 +2.634712858e+01 +2.634712858e+01 +5.631712858e+01 +5.631712858e+01 +8.3948e-01 -1.8853e+00 -3.4770e+00
165 +2.029787240e+01 +2.029787240e+01 +5.026787240e+01 +5.026787240e+01 +9.5397e-01 -2.0052e+00 -3.3879e+00
243 +1.330337919e+01 +1.330337919e+01 +4.327337919e+01 +4.327337919e+01 +7.7144e-01 -1.6134e+00 -3.6745e+00
271 +8.263186481e+00 +8.263186481e+00 +3.823318648e+01 +3.823318648e+01 +1.1878e+00 -2.1073e+00 -3.2604e+00
288 +4.999601924e+00 +4.999601924e+00 +3.496960192e+01 +3.496960192e+01 +8.3948e-01 -1.6779e+00 -3.7267e+00
364 +1.992110813e+00 +1.992110813e+00 +3.196211081e+01 +3.196211081e+01 +7.2615e-01 -1.4745e+00 -3.8691e+00
485 +1.082232423e+00 +1.082232423e+00 +3.105223242e+01 +3.105223242e+01 +8.7835e-01 -1.7137e+00 -3.6615e+00
539 +5.440979552e-01 +5.440979552e-01 +3.051409796e+01 +3.051409796e+01 +7.4902e-01 -1.5166e+00 -3.8272e+00
694 +3.615153696e-01 +3.615153696e-01 +3.033151537e+01 +3.033151537e+01 +8.8803e-01 -1.7205e+00 -3.6455e+00
753 +2.486859627e-01 +2.486859627e-01 +3.021868596e+01 +3.021868596e+01 +8.6994e-01 -1.6959e+00 -3.6690e+00
874 +1.409396760e-01 +1.409396760e-01 +3.011093968e+01 +3.011093968e+01 +8.8246e-01 -1.7162e+00 -3.6491e+00
938 +9.850591785e-02 +9.850591785e-02 +3.006850592e+01 +3.006850592e+01 +9.1087e-01 -1.7578e+00 -3.6136e+00
971 +4.739110781e-02 +4.739110781e-02 +3.001739111e+01 +3.001739111e+01 +8.7358e-01 -1.7024e+00 -3.6623e+00
1010 +3.425185507e-02 +3.425185507e-02 +3.000425186e+01 +3.000425186e+01 +8.6884e-01 -1.6954e+00 -3.6683e+00
1209 +1.248138424e-02 +1.248138424e-02 +2.998248138e+01 +2.998248138e+01 +8.9037e-01 -1.7276e+00 -3.6398e+00
1294 +6.797216870e-03 +6.797216870e-03 +2.997679722e+01 +2.997679722e+01 +8.7202e-01 -1.7005e+00 -3.6639e+00
1359 +5.185500545e-03 +5.185500545e-03 +2.997518550e+01 +2.997518550e+01 +8.7948e-01 -1.7116e+00 -3.6541e+00
1384 +2.098898495e-03 +2.098898495e-03 +2.997209890e+01 +2.997209890e+01 +8.7297e-01 -1.7019e+00 -3.6627e+00
1564 +1.350962764e-03 +1.350962764e-03 +2.997135096e+01 +2.997135096e+01 +8.7416e-01 -1.7036e+00 -3.6611e+00
1691 +8.770045841e-04 +8.770045841e-04 +2.997087700e+01 +2.997087700e+01 +8.7918e-01 -1.7111e+00 -3.6545e+00
1739 +6.034642231e-04 +6.034642231e-04 +2.997060346e+01 +2.997060346e+01 +8.7243e-01 -1.7011e+00 -3.6634e+00
1789 +1.709257819e-04 +1.709257819e-04 +2.997017093e+01 +2.997017093e+01 +8.7605e-01 -1.7065e+00 -3.6586e+00
1889 +1.163865582e-04 +1.163865582e-04 +2.997011639e+01 +2.997011639e+01 +8.7384e-01 -1.7032e+00 -3.6615e+00
1902 +5.197441810e-05 +5.197441810e-05 +2.997005197e+01 +2.997005197e+01 +8.7530e-01 -1.7053e+00 -3.6596e+00
2012 +1.845487302e-05 +1.845487302e-05 +2.997001845e+01 +2.997001845e+01 +8.7506e-01 -1.7050e+00 -3.6599e+00
2102 +1.310962486e-05 +1.310962486e-05 +2.997001311e+01 +2.997001311e+01 +8.7463e-01 -1.7043e+00 -3.6605e+00
2181 +4.008227460e-06 +4.008227460e-06 +2.997000401e+01 +2.997000401e+01 +8.7438e-01 -1.7040e+00 -3.6608e+00
2246 +2.978835287e-06 +2.978835287e-06 +2.997000298e+01 +2.997000298e+01 +8.7446e-01 -1.7041e+00 -3.6607e+00
2272 +2.304484230e-06 +2.304484230e-06 +2.997000230e+01 +2.997000230e+01 +8.7444e-01 -1.7041e+00 -3.6607e+00
2314 +1.451812416e-06 +1.451812416e-06 +2.997000145e+01 +2.997000145e+01 +8.7448e-01 -1.7041e+00 -3.6607e+00
2367 +3.917008833e-07 +3.917008833e-07 +2.997000039e+01 +2.997000039e+01 +8.7443e-01 -1.7040e+00 -3.6608e+00
2461 +1.506342642e-07 +1.506342642e-07 +2.997000015e+01 +2.997000015e+01 +8.7444e-01 -1.7041e+00 -3.6607e+00
2596 +5.139544257e-08 +5.139544257e-08 +2.997000005e+01 +2.997000005e+01 +8.7440e-01 -1.7040e+00 -3.6608e+00
2646 +3.743164356e-08 +3.743164356e-08 +2.997000004e+01 +2.997000004e+01 +8.7441e-01 -1.7040e+00 -3.6608e+00
2762 +1.456405840e-08 +1.456405840e-08 +2.997000001e+01 +2.997000001e+01 +8.7441e-01 -1.7040e+00 -3.6608e+00
2801 +6.430017407e-09 +6.430017407e-09 +2.997000001e+01 +2.997000001e+01 +8.7441e-01 -1.7040e+00 -3.6608e+00
% function evaluation | noise-free fitness - Fopt (-5.171000000000e+01) | best noise-free fitness - Fopt | measured fitness | best measured fitness | x1 | x2...
1 +1.127648387e+03 +1.127648387e+03 +1.075938387e+03 +1.075938387e+03 -4.7794e+00 +1.9693e+00 -3.8359e+00
7 +6.384630421e+02 +6.384630421e+02 +5.867530421e+02 +5.867530421e+02 -4.2877e+00 +3.6044e+00 -1.9840e+00
11 +5.526812627e+02 +5.526812627e+02 +5.009712627e+02 +5.009712627e+02 +3.8193e+00 +5.0681e-01 -3.3961e+00
31 +3.596635444e+02 +3.596635444e+02 +3.079535444e+02 +3.079535444e+02 +3.7772e+00 +4.0973e+00 -3.3795e+00
64 +2.183985000e+02 +2.183985000e+02 +1.666885000e+02 +1.666885000e+02 -1.7438e+00 +5.1996e+00 -3.0580e+00
123 +7.777921626e+01 +7.777921626e+01 +2.606921626e+01 +2.606921626e+01 +3.1832e+00 +2.8735e+00 -3.6697e+00
157 +6.094682928e+01 +6.094682928e+01 +9.236829279e+00 +9.236829279e+00 +4.3719e-01 +4.2317e+00 -3.4596e+00
198 +2.384138298e+01 +2.384138298e+01 -2.786861702e+01 -2.786861702e+01 +1.9709e+00 +3.3106e+00 -3.3696e+00
385 +1.544063862e+01 +1.544063862e+01 -3.626936138e+01 -3.626936138e+01 +2.1916e+00 +3.2502e+00 -3.3798e+00
431 +5.743254802e+00 +5.743254802e+00 -4.596674520e+01 -4.596674520e+01 +1.5299e+00 +3.6375e+00 -3.5005e+00
456 +2.959302377e+00 +2.959302377e+00 -4.875069762e+01 -4.875069762e+01 +2.7137e+00 +3.0862e+00 -3.3375e+00
586 +2.066005656e+00 +2.066005656e+00 -4.964399434e+01 -4.964399434e+01 +2.4161e+00 +3.2271e+00 -3.3918e+00
606 +1.218464834e+00 +1.218464834e+00 -5.049153517e+01 -5.049153517e+01 +2.6994e+00 +3.0922e+00 -3.3577e+00
710 +2.352352853e-01 +2.352352853e-01 -5.147476471e+01 -5.147476471e+01 +2.6481e+00 +3.1119e+00 -3.3554e+00
877 +8.763954180e-02 +8.763954180e-02 -5.162236046e+01 -5.162236046e+01 +2.4973e+00 +3.1810e+00 -3.3733e+00
1077 +6.272988622e-02 +6.272988622e-02 -5.164727011e+01 -5.164727011e+01 +2.5978e+00 +3.1353e+00 -3.3621e+00
1162 +3.639769664e-02 +3.639769664e-02 -5.167360230e+01 -5.167360230e+01 +2.6433e+00 +3.1148e+00 -3.3570e+00
1200 +2.292863075e-02 +2.292863075e-02 -5.168707137e+01 -5.168707137e+01 +2.6417e+00 +3.1157e+00 -3.3572e+00
1202 +7.810941499e-03 +7.810941499e-03 -5.170218906e+01 -5.170218906e+01 +2.6014e+00 +3.1339e+00 -3.3619e+00
1276 +3.502892285e-03 +3.502892285e-03 -5.170649711e+01 -5.170649711e+01 +2.6047e+00 +3.1325e+00 -3.3615e+00
1493 +2.091120718e-03 +2.091120718e-03 -5.170790888e+01 -5.170790888e+01 +2.6138e+00 +3.1284e+00 -3.3605e+00
1576 +5.725484756e-04 +5.725484756e-04 -5.170942745e+01 -5.170942745e+01 +2.6091e+00 +3.1305e+00 -3.3610e+00
1584 +3.817618203e-04 +3.817618203e-04 -5.170961824e+01 -5.170961824e+01 +2.6001e+00 +3.1346e+00 -3.3620e+00
1778 +1.671567275e-04 +1.671567275e-04 -5.170983284e+01 -5.170983284e+01 +2.6058e+00 +3.1320e+00 -3.3614e+00
1795 +1.424398205e-04 +1.424398205e-04 -5.170985756e+01 -5.170985756e+01 +2.6109e+00 +3.1297e+00 -3.3608e+00
1833 +6.857777045e-05 +6.857777045e-05 -5.170993142e+01 -5.170993142e+01 +2.6053e+00 +3.1322e+00 -3.3615e+00
1870 +5.733705130e-05 +5.733705130e-05 -5.170994266e+01 -5.170994266e+01 +2.6053e+00 +3.1322e+00 -3.3615e+00
2002 +2.772778328e-05 +2.772778328e-05 -5.170997227e+01 -5.170997227e+01 +2.6018e+00 +3.1338e+00 -3.3618e+00
2027 +1.533889269e-05 +1.533889269e-05 -5.170998466e+01 -5.170998466e+01 +2.6055e+00 +3.1321e+00 -3.3614e+00
2119 +5.825174519e-06 +5.825174519e-06 -5.170999417e+01 -5.170999417e+01 +2.6034e+00 +3.1331e+00 -3.3617e+00
2164 +3.793615022e-06 +3.793615022e-06 -5.170999621e+01 -5.170999621e+01 +2.6038e+00 +3.1329e+00 -3.3616e+00
2232 +1.685790600e-06 +1.685790600e-06 -5.170999831e+01 -5.170999831e+01 +2.6045e+00 +3.1326e+00 -3.3615e+00
2258 +3.441547491e-07 +3.441547491e-07 -5.170999966e+01 -5.170999966e+01 +2.6041e+00 +3.1328e+00 -3.3616e+00
2326 +1.716681126e-07 +1.716681126e-07 -5.170999983e+01 -5.170999983e+01 +2.6041e+00 +3.1327e+00 -3.3616e+00
2380 +1.402022889e-07 +1.402022889e-07 -5.170999986e+01 -5.170999986e+01 +2.6040e+00 +3.1328e+00 -3.3616e+00
2409 +8.012530373e-08 +8.012530373e-08 -5.170999992e+01 -5.170999992e+01 +2.6040e+00 +3.1328e+00 -3.3616e+00
2438 +3.651187797e-08 +3.651187797e-08 -5.170999996e+01 -5.170999996e+01 +2.6040e+00 +3.1328e+00 -3.3616e+00
2513 +2.193549875e-08 +2.193549875e-08 -5.170999998e+01 -5.170999998e+01 +2.6040e+00 +3.1328e+00 -3.3616e+00
2556 +1.030973351e-08 +1.030973351e-08 -5.170999999e+01 -5.170999999e+01 +2.6040e+00 +3.1328e+00 -3.3616e+00
2580 +9.413788860e-09 +9.413788860e-09 -5.170999999e+01 -5.170999999e+01 +2.6040e+00 +3.1328e+00 -3.3616e+00
% function evaluation | noise-free fitness - Fopt (-2.799500000000e+02) | best noise-free fitness - Fopt | measured fitness | best measured fitness | x1 | x2...
1 +1.414136141e+03 +1.414136141e+03 +1.134186141e+03 +1.134186141e+03 -1.4314e+00 +6.0439e-01 +2.3240e+00
2 +8.822961889e+02 +8.822961889e+02 +6.023461889e+02 +6.023461889e+02 +3.7970e+00 -3.2911e+00 +1.7734e+00
8 +6.090634227e+02 +6.090634227e+02 +3.291134227e+02 +3.291134227e+02 +3.7218e+00 -4.9208e+00 +1.9857e+00
40 +3.157871473e+02 +3.157871473e+02 +3.583714733e+01 +3.583714733e+01 -3.2746e+00 -5.6068e+00 -2.0740e-02
48 +2.473543365e+02 +2.473543365e+02 -3.259566350e+01 -3.259566350e+01 -4.5573e-02 -4.9208e+00 +1.9857e+00
62 +1.498933878e+02 +1.498933878e+02 -1.300566122e+02 -1.300566122e+02 -3.5014e+00 -4.9697e+00 +1.4979e+00
92 +9.920140447e+01 +9.920140447e+01 -1.807485955e+02 -1.807485955e+02 -3.0621e+00 -4.0811e+00 +2.6576e+00
109 +2.960074396e+01 +2.960074396e+01 -2.503492560e+02 -2.503492560e+02 -3.4556e+00 -3.8093e+00 +3.4559e+00
258 +2.479910131e+01 +2.479910131e+01 -2.551508987e+02 -2.551508987e+02 -3.8779e+00 -3.8709e+00 +3.2739e+00
273 +2.076080437e+00 +2.076080437e+00 -2.778739196e+02 -2.778739196e+02 -3.4556e+00 -4.0878e+00 +3.1284e+00
511 +1.567152127e+00 +1.567152127e+00 -2.783828479e+02 -2.783828479e+02 -3.5206e+00 -4.0568e+00 +3.1546e+00
671 +4.365591755e-01 +4.365591755e-01 -2.795134408e+02 -2.795134408e+02 -3.7522e+00 -3.8382e+00 +3.4211e+00
802 +3.606827224e-01 +3.606827224e-01 -2.795893173e+02 -2.795893173e+02 -3.5453e+00 -4.0226e+00 +3.1995e+00
845 +1.514721723e-01 +1.514721723e-01 -2.797985278e+02 -2.797985278e+02 -3.6194e+00 -3.9586e+00 +3.2769e+00
872 +6.074099959e-02 +6.074099959e-02 -2.798892590e+02 -2.798892590e+02 -3.5848e+00 -3.9893e+00 +3.2412e+00
965 +2.298026238e-02 +2.298026238e-02 -2.799270197e+02 -2.799270197e+02 -3.6593e+00 -3.9231e+00 +3.3202e+00
1103 +1.570845904e-02 +1.570845904e-02 -2.799342915e+02 -2.799342915e+02 -3.6330e+00 -3.9462e+00 +3.2925e+00
1111 +9.056285330e-03 +9.056285330e-03 -2.799409437e+02 -2.799409437e+02 -3.6240e+00 -3.9543e+00 +3.2829e+00
1186 +3.714508188e-03 +3.714508188e-03 -2.799462855e+02 -2.799462855e+02 -3.6222e+00 -3.9559e+00 +3.2809e+00
1338 +2.321067591e-03 +2.321067591e-03 -2.799476789e+02 -2.799476789e+02 -3.6213e+00 -3.9568e+00 +3.2799e+00
1398 +1.015675742e-03 +1.015675742e-03 -2.799489843e+02 -2.799489843e+02 -3.6181e+00 -3.9595e+00 +3.2766e+00
1439 +5.441786934e-04 +5.441786934e-04 -2.799494558e+02 -2.799494558e+02 -3.6186e+00 -3.9591e+00 +3.2770e+00
1540 +2.261383695e-04 +2.261383695e-04 -2.799497739e+02 -2.799497739e+02 -3.6193e+00 -3.9585e+00 +3.2778e+00
1613 +1.313576307e-04 +1.313576307e-04 -2.799498686e+02 -2.799498686e+02 -3.6192e+00 -3.9586e+00 +3.2777e+00
1659 +9.928813580e-05 +9.928813580e-05 -2.799499007e+02 -2.799499007e+02 -3.6191e+00 -3.9586e+00 +3.2776e+00
1674 +5.014590920e-05 +5.014590920e-05 -2.799499499e+02 -2.799499499e+02 -3.6195e+00 -3.9583e+00 +3.2780e+00
1758 +2.917369392e-05 +2.917369392e-05 -2.799499708e+02 -2.799499708e+02 -3.6189e+00 -3.9589e+00 +3.2774e+00
1877 +2.477351990e-05 +2.477351990e-05 -2.799499752e+02 -2.799499752e+02 -3.6185e+00 -3.9592e+00 +3.2770e+00
1895 +1.379554897e-05 +1.379554897e-05 -2.799499862e+02 -2.799499862e+02 -3.6185e+00 -3.9592e+00 +3.2770e+00
2021 +9.284953478e-06 +9.284953478e-06 -2.799499907e+02 -2.799499907e+02 -3.6186e+00 -3.9591e+00 +3.2771e+00
2042 +3.919380617e-06 +3.919380617e-06 -2.799499961e+02 -2.799499961e+02 -3.6177e+00 -3.9599e+00 +3.2761e+00
2093 +2.510493232e-06 +2.510493232e-06 -2.799499975e+02 -2.799499975e+02 -3.6179e+00 -3.9597e+00 +3.2764e+00
2151 +1.245707665e-06 +1.245707665e-06 -2.799499988e+02 -2.799499988e+02 -3.6179e+00 -3.9598e+00 +3.2763e+00
2161 +9.423333722e-07 +9.423333722e-07 -2.799499991e+02 -2.799499991e+02 -3.6178e+00 -3.9599e+00 +3.2762e+00
2206 +5.234400078e-07 +5.234400078e-07 -2.799499995e+02 -2.799499995e+02 -3.6177e+00 -3.9599e+00 +3.2761e+00
2215 +3.448555503e-07 +3.448555503e-07 -2.799499997e+02 -2.799499997e+02 -3.6176e+00 -3.9600e+00 +3.2760e+00
2275 +2.277397471e-07 +2.277397471e-07 -2.799499998e+02 -2.799499998e+02 -3.6176e+00 -3.9600e+00 +3.2760e+00
2314 +1.477818046e-07 +1.477818046e-07 -2.799499999e+02 -2.799499999e+02 -3.6176e+00 -3.9600e+00 +3.2760e+00
2327 +8.409807606e-08 +8.409807606e-08 -2.799499999e+02 -2.799499999e+02 -3.6177e+00 -3.9599e+00 +3.2761e+00
2362 +4.475458582e-08 +4.475458582e-08 -2.799500000e+02 -2.799500000e+02 -3.6176e+00 -3.9600e+00 +3.2760e+00
2373 +3.865517328e-08 +3.865517328e-08 -2.799500000e+02 -2.799500000e+02 -3.6176e+00 -3.9600e+00 +3.2760e+00
2391 +2.060573934e-08 +2.060573934e-08 -2.799500000e+02 -2.799500000e+02 -3.6176e+00 -3.9600e+00 +3.2760e+00
2426 +3.988930075e-09 +3.988930075e-09 -2.799500000e+02 -2.799500000e+02 -3.6176e+00 -3.9600e+00 +3.2760e+00
% function evaluation | noise-free fitness - Fopt (9.319900000000e+02) | best noise-free fitness - Fopt | measured fitness | best measured fitness | x1 | x2...
1 +1.045228038e+03 +1.045228038e+03 +1.977218038e+03 +1.977218038e+03 +4.1847e+00 -2.6916e+00 +2.5501e-01
2 +4.167395566e+02 +4.167395566e+02 +1.348729557e+03 +1.348729557e+03 -1.5499e+00 -2.1734e+00 +2.6509e+00
18 +1.831757746e+02 +1.831757746e+02 +1.115165775e+03 +1.115165775e+03 +1.2724e+00 +1.0262e+00 +4.7737e+00
46 +1.444434193e+02 +1.444434193e+02 +1.076433419e+03 +1.076433419e+03 +1.2724e+00 +1.0262e+00 +1.4819e+00
95 +8.633152125e+01 +8.633152125e+01 +1.018321521e+03 +1.018321521e+03 +2.3109e+00 +2.4658e+00 +2.1830e+00
154 +6.289664309e+01 +6.289664309e+01 +9.948866431e+02 +9.948866431e+02 +1.9971e+00 +2.7902e+00 +2.5904e+00
253 +3.029799031e+01 +3.029799031e+01 +9.622879903e+02 +9.622879903e+02 +1.6232e+00 +1.3272e+00 +2.9951e+00
302 +2.222996071e+01 +2.222996071e+01 +9.542199607e+02 +9.542199607e+02 +1.6232e+00 +1.3272e+00 +2.7407e+00
322 +1.000376341e+01 +1.000376341e+01 +9.419937634e+02 +9.419937634e+02 +1.2110e+00 +6.7865e-01 +3.0438e+00
325 +5.680562569e+00 +5.680562569e+00 +9.376705626e+02 +9.376705626e+02 +1.4671e+00 +1.1373e+00 +2.8825e+00
420 +2.814427918e+00 +2.814427918e+00 +9.348044279e+02 +9.348044279e+02 +1.3476e+00 +8.8784e-01 +2.9507e+00
544 +1.535387501e+00 +1.535387501e+00 +9.335253875e+02 +9.335253875e+02 +1.2716e+00 +7.1249e-01 +2.9775e+00
744 +6.029819873e-01 +6.029819873e-01 +9.325929820e+02 +9.325929820e+02 +1.2783e+00 +7.4358e-01 +2.9652e+00
801 +3.822863399e-01 +3.822863399e-01 +9.323722863e+02 +9.323722863e+02 +1.2627e+00 +7.0706e-01 +2.9817e+00
894 +2.510440523e-01 +2.510440523e-01 +9.322410441e+02 +9.322410441e+02 +1.2986e+00 +7.9054e-01 +2.9544e+00
1125 +1.554473516e-01 +1.554473516e-01 +9.321454474e+02 +9.321454474e+02 +1.2767e+00 +7.3891e-01 +2.9711e+00
1372 +9.885711494e-02 +9.885711494e-02 +9.320888571e+02 +9.320888571e+02 +1.2920e+00 +7.7447e-01 +2.9608e+00
1468 +6.066213965e-02 +6.066213965e-02 +9.320506621e+02 +9.320506621e+02 +1.3064e+00 +8.0814e-01 +2.9512e+00
1501 +3.909419325e-02 +3.909419325e-02 +9.320290942e+02 +9.320290942e+02 +1.3186e+00 +8.3660e-01 +2.9430e+00
1583 +2.458779094e-02 +2.458779094e-02 +9.320145878e+02 +9.320145878e+02 +1.3280e+00 +8.5877e-01 +2.9367e+00
1657 +1.233257347e-02 +1.233257347e-02 +9.320023326e+02 +9.320023326e+02 +1.3257e+00 +8.5334e-01 +2.9382e+00
1696 +2.643687263e-03 +2.643687263e-03 +9.319926437e+02 +9.319926437e+02 +1.3383e+00 +8.8302e-01 +2.9296e+00
1778 +1.972809259e-03 +1.972809259e-03 +9.319919728e+02 +9.319919728e+02 +1.3370e+00 +8.7993e-01 +2.9305e+00
1815 +1.110069625e-03 +1.110069625e-03 +9.319911101e+02 +9.319911101e+02 +1.3349e+00 +8.7493e-01 +2.9320e+00
1824 +8.140057467e-04 +8.140057467e-04 +9.319908140e+02 +9.319908140e+02 +1.3357e+00 +8.7696e-01 +2.9314e+00
1929 +5.262728922e-04 +5.262728922e-04 +9.319905263e+02 +9.319905263e+02 +1.3355e+00 +8.7649e-01 +2.9315e+00
1981 +3.884344592e-04 +3.884344592e-04 +9.319903884e+02 +9.319903884e+02 +1.3370e+00 +8.7989e-01 +2.9306e+00
2010 +2.013710395e-04 +2.013710395e-04 +9.319902014e+02 +9.319902014e+02 +1.3379e+00 +8.8209e-01 +2.9299e+00
2038 +1.000946705e-04 +1.000946705e-04 +9.319901001e+02 +9.319901001e+02 +1.3372e+00 +8.8050e-01 +2.9304e+00
2042 +2.211226706e-05 +2.211226706e-05 +9.319900221e+02 +9.319900221e+02 +1.3380e+00 +8.8217e-01 +2.9299e+00
2130 +1.537346145e-05 +1.537346145e-05 +9.319900154e+02 +9.319900154e+02 +1.3382e+00 +8.8267e-01 +2.9298e+00
2193 +9.723460039e-06 +9.723460039e-06 +9.319900097e+02 +9.319900097e+02 +1.3383e+00 +8.8294e-01 +2.9297e+00
2226 +4.382053362e-06 +4.382053362e-06 +9.319900044e+02 +9.319900044e+02 +1.3386e+00 +8.8371e-01 +2.9295e+00
2229 +5.573414228e-07 +5.573414228e-07 +9.319900006e+02 +9.319900006e+02 +1.3385e+00 +8.8335e-01 +2.9296e+00
2382 +3.959705737e-07 +3.959705737e-07 +9.319900004e+02 +9.319900004e+02 +1.3383e+00 +8.8305e-01 +2.9296e+00
2416 +1.654633479e-07 +1.654633479e-07 +9.319900002e+02 +9.319900002e+02 +1.3384e+00 +8.8311e-01 +2.9296e+00
2429 +1.123354423e-07 +1.123354423e-07 +9.319900001e+02 +9.319900001e+02 +1.3384e+00 +8.8318e-01 +2.9296e+00
2508 +9.685447822e-08 +9.685447822e-08 +9.319900001e+02 +9.319900001e+02 +1.3384e+00 +8.8330e-01 +2.9296e+00
2511 +5.256026725e-08 +5.256026725e-08 +9.319900001e+02 +9.319900001e+02 +1.3384e+00 +8.8320e-01 +2.9296e+00
2584 +3.790592018e-08 +3.790592018e-08 +9.319900000e+02 +9.319900000e+02 +1.3384e+00 +8.8322e-01 +2.9296e+00
2625 +2.123442755e-08 +2.123442755e-08 +9.319900000e+02 +9.319900000e+02 +1.3384e+00 +8.8322e-01 +2.9296e+00
2637 +1.098339908e-08 +1.098339908e-08 +9.319900000e+02 +9.319900000e+02 +1.3384e+00 +8.8320e-01 +2.9296e+00
2701 +6.603613656e-09 +6.603613656e-09 +9.319900000e+02 +9.319900000e+02 +1.3384e+00 +8.8320e-01 +2.9296e+00
% function evaluation | noise-free fitness - Fopt (1.133100000000e+02) | best noise-free fitness - Fopt | measured fitness | best measured fitness | x1 | x2...
1 +1.262635511e+03 +1.262635511e+03 +1.375945511e+03 +1.375945511e+03 +6.2220e-01 -4.4783e+00 -1.2170e+00
3 +9.270562042e+02 +9.270562042e+02 +1.040366204e+03 +1.040366204e+03 -3.8297e+00 +2.3309e+00 +4.2643e+00
6 +6.145986439e+02 +6.145986439e+02 +7.279086439e+02 +7.279086439e+02 -9.1420e-01 +3.2795e+00 +1.3302e-01
10 +7.925262415e+01 +7.925262415e+01 +1.925626242e+02 +1.925626242e+02 +1.8370e+00 +1.6506e+00 +1.9767e+00
47 +3.056344855e+01 +3.056344855e+01 +1.438734485e+02 +1.438734485e+02 +2.3539e+00 +3.2598e+00 +2.2992e-01
91 +1.969510776e+01 +1.969510776e+01 +1.330051078e+02 +1.330051078e+02 +2.0699e+00 +3.6730e+00 +2.2992e-01
200 +8.880295520e+00 +8.880295520e+00 +1.221902955e+02 +1.221902955e+02 +2.0659e+00 +2.8093e+00 +1.0088e+00
230 +4.095600708e+00 +4.095600708e+00 +1.174056007e+02 +1.174056007e+02 +2.1333e+00 +3.4058e+00 +3.0635e-01
261 +1.796138450e+00 +1.796138450e+00 +1.151061385e+02 +1.151061385e+02 +2.1394e+00 +3.0482e+00 +6.7599e-01
297 +1.340635145e+00 +1.340635145e+00 +1.146506351e+02 +1.146506351e+02 +2.1420e+00 +3.3631e+00 +3.6783e-01
455 +6.908334652e-01 +6.908334652e-01 +1.140008335e+02 +1.140008335e+02 +2.1365e+00 +3.2118e+00 +5.1450e-01
502 +5.291339139e-01 +5.291339139e-01 +1.138391339e+02 +1.138391339e+02 +2.1388e+00 +3.2753e+00 +4.5292e-01
543 +3.705997125e-01 +3.705997125e-01 +1.136805997e+02 +1.136805997e+02 +2.1388e+00 +3.2573e+00 +4.7345e-01
616 +1.682576269e-01 +1.682576269e-01 +1.134782576e+02 +1.134782576e+02 +2.1308e+00 +3.0825e+00 +6.5555e-01
694 +1.315835281e-01 +1.315835281e-01 +1.134415835e+02 +1.134415835e+02 +2.1326e+00 +3.1278e+00 +6.0790e-01
902 +8.472503862e-02 +8.472503862e-02 +1.133947250e+02 +1.133947250e+02 +2.1348e+00 +3.1644e+00 +5.6905e-01
920 +4.551703744e-02 +4.551703744e-02 +1.133555170e+02 +1.133555170e+02 +2.1329e+00 +3.1227e+00 +6.1374e-01
965 +2.657328735e-02 +2.657328735e-02 +1.133365733e+02 +1.133365733e+02 +2.1340e+00 +3.1467e+00 +5.8816e-01
1025 +1.509367790e-02 +1.509367790e-02 +1.133250937e+02 +1.133250937e+02 +2.1345e+00 +3.1533e+00 +5.8095e-01
1101 +6.184135546e-03 +6.184135546e-03 +1.133161841e+02 +1.133161841e+02 +2.1345e+00 +3.1534e+00 +5.8102e-01
1253 +3.506581596e-03 +3.506581596e-03 +1.133135066e+02 +1.133135066e+02 +2.1345e+00 +3.1535e+00 +5.8092e-01
1326 +1.611223544e-03 +1.611223544e-03 +1.133116112e+02 +1.133116112e+02 +2.1346e+00 +3.1548e+00 +5.7951e-01
1416 +9.517177107e-04 +9.517177107e-04 +1.133109517e+02 +1.133109517e+02 +2.1348e+00 +3.1584e+00 +5.7563e-01
1462 +5.979981307e-04 +5.979981307e-04 +1.133105980e+02 +1.133105980e+02 +2.1349e+00 +3.1610e+00 +5.7291e-01
1483 +3.060953526e-04 +3.060953526e-04 +1.133103061e+02 +1.133103061e+02 +2.1350e+00 +3.1629e+00 +5.7089e-01
1496 +1.274948472e-04 +1.274948472e-04 +1.133101275e+02 +1.133101275e+02 +2.1351e+00 +3.1642e+00 +5.6949e-01
1606 +9.688162588e-05 +9.688162588e-05 +1.133100969e+02 +1.133100969e+02 +2.1352e+00 +3.1657e+00 +5.6793e-01
1609 +2.112050483e-05 +2.112050483e-05 +1.133100211e+02 +1.133100211e+02 +2.1351e+00 +3.1646e+00 +5.6903e-01
1785 +1.503716233e-05 +1.503716233e-05 +1.133100150e+02 +1.133100150e+02 +2.1352e+00 +3.1659e+00 +5.6772e-01
1833 +7.074180616e-06 +7.074180616e-06 +1.133100071e+02 +1.133100071e+02 +2.1352e+00 +3.1656e+00 +5.6797e-01
1850 +6.254864388e-06 +6.254864388e-06 +1.133100063e+02 +1.133100063e+02 +2.1352e+00 +3.1655e+00 +5.6811e-01
1889 +3.058747723e-06 +3.058747723e-06 +1.133100031e+02 +1.133100031e+02 +2.1352e+00 +3.1656e+00 +5.6800e-01
1912 +5.947849502e-07 +5.947849502e-07 +1.133100006e+02 +1.133100006e+02 +2.1352e+00 +3.1654e+00 +5.6817e-01
1971 +3.844007779e-07 +3.844007779e-07 +1.133100004e+02 +1.133100004e+02 +2.1352e+00 +3.1657e+00 +5.6789e-01
2095 +1.967460150e-07 +1.967460150e-07 +1.133100002e+02 +1.133100002e+02 +2.1352e+00 +3.1657e+00 +5.6793e-01
2140 +4.594262748e-08 +4.594262748e-08 +1.133100000e+02 +1.133100000e+02 +2.1352e+00 +3.1656e+00 +5.6803e-01
2223 +3.540080229e-08 +3.540080229e-08 +1.133100000e+02 +1.133100000e+02 +2.1352e+00 +3.1656e+00 +5.6801e-01
2299 +1.952359696e-08 +1.952359696e-08 +1.133100000e+02 +1.133100000e+02 +2.1352e+00 +3.1656e+00 +5.6799e-01
2331 +9.523574818e-09 +9.523574818e-09 +1.133100000e+02 +1.133100000e+02 +2.1352e+00 +3.1656e+00 +5.6802e-01
% function evaluation | noise-free fitness - Fopt (-2.879000000000e+01) | best noise-free fitness - Fopt | measured fitness | best measured fitness | x1 | x2...
1 +1.891277455e+03 +1.891277455e+03 +1.862487455e+03 +1.862487455e+03 +7.0276e-02 -1.8617e+00 -2.2257e+00
3 +6.585250204e+02 +6.585250204e+02 +6.297350204e+02 +6.297350204e+02 -1.6017e+00 -2.8344e+00 +4.8543e+00
6 +2.119573963e+02 +2.119573963e+02 +1.831673963e+02 +1.831673963e+02 -4.4615e+00 -1.2023e+00 +4.7330e+00
16 +1.331951153e+02 +1.331951153e+02 +1.044051153e+02 +1.044051153e+02 -4.4615e+00 -1.2023e+00 +3.7173e+00
106 +8.004158522e+01 +8.004158522e+01 +5.125158522e+01 +5.125158522e+01 -4.4615e+00 -7.8842e-01 +3.7678e+00
155 +4.911272843e+01 +4.911272843e+01 +2.032272843e+01 +2.032272843e+01 -2.8001e+00 +2.8585e-01 +3.7619e+00
181 +3.422608923e+01 +3.422608923e+01 +5.436089234e+00 +5.436089234e+00 -1.8184e+00 +7.6364e-01 +3.5228e+00
189 +2.402102169e+01 +2.402102169e+01 -4.768978307e+00 -4.768978307e+00 -1.9104e+00 +7.9079e-01 +3.5883e+00
331 +7.762325923e+00 +7.762325923e+00 -2.102767408e+01 -2.102767408e+01 -7.5120e-01 +1.4921e+00 +3.4950e+00
428 +5.685511921e+00 +5.685511921e+00 -2.310448808e+01 -2.310448808e+01 -7.7816e-02 +1.9174e+00 +3.4538e+00
540 +2.738306755e+00 +2.738306755e+00 -2.605169324e+01 -2.605169324e+01 +2.8735e-01 +2.1153e+00 +3.4116e+00
551 +1.279788848e+00 +1.279788848e+00 -2.751021115e+01 -2.751021115e+01 +4.9752e-01 +2.2714e+00 +3.3848e+00
662 +9.442246627e-01 +9.442246627e-01 -2.784577534e+01 -2.784577534e+01 +2.4520e-01 +2.1069e+00 +3.4045e+00
697 +3.550401604e-01 +3.550401604e-01 -2.843495984e+01 -2.843495984e+01 +2.8785e-01 +2.1301e+00 +3.4058e+00
751 +5.343563650e-02 +5.343563650e-02 -2.873656436e+01 -2.873656436e+01 +2.3961e-01 +2.1006e+00 +3.4094e+00
1036 +2.835060650e-02 +2.835060650e-02 -2.876164939e+01 -2.876164939e+01 +2.7324e-01 +2.1223e+00 +3.4060e+00
1079 +1.457875078e-02 +1.457875078e-02 -2.877542125e+01 -2.877542125e+01 +2.3128e-01 +2.0952e+00 +3.4104e+00
1146 +5.442641897e-03 +5.442641897e-03 -2.878455736e+01 -2.878455736e+01 +2.2863e-01 +2.0935e+00 +3.4108e+00
1295 +3.445152209e-03 +3.445152209e-03 -2.878655485e+01 -2.878655485e+01 +2.1065e-01 +2.0819e+00 +3.4127e+00
1383 +1.108551639e-03 +1.108551639e-03 -2.878889145e+01 -2.878889145e+01 +2.0790e-01 +2.0801e+00 +3.4129e+00
1548 +7.229446663e-04 +7.229446663e-04 -2.878927706e+01 -2.878927706e+01 +2.0509e-01 +2.0783e+00 +3.4132e+00
1616 +4.287737951e-04 +4.287737951e-04 -2.878957123e+01 -2.878957123e+01 +1.9955e-01 +2.0747e+00 +3.4138e+00
1679 +3.617559801e-04 +3.617559801e-04 -2.878963824e+01 -2.878963824e+01 +1.9398e-01 +2.0711e+00 +3.4144e+00
1687 +2.391382182e-04 +2.391382182e-04 -2.878976086e+01 -2.878976086e+01 +1.9803e-01 +2.0737e+00 +3.4140e+00
1715 +9.431998962e-05 +9.431998962e-05 -2.878990568e+01 -2.878990568e+01 +2.0784e-01 +2.0800e+00 +3.4129e+00
1759 +3.294456222e-05 +3.294456222e-05 -2.878996706e+01 -2.878996706e+01 +2.0243e-01 +2.0765e+00 +3.4135e+00
1884 +8.647474694e-06 +8.647474694e-06 -2.878999135e+01 -2.878999135e+01 +2.0197e-01 +2.0762e+00 +3.4136e+00
2093 +3.206238045e-06 +3.206238045e-06 -2.878999679e+01 -2.878999679e+01 +2.0241e-01 +2.0765e+00 +3.4135e+00
2147 +8.702481828e-07 +8.702481828e-07 -2.878999913e+01 -2.878999913e+01 +2.0157e-01 +2.0760e+00 +3.4136e+00
2317 +6.195184667e-07 +6.195184667e-07 -2.878999938e+01 -2.878999938e+01 +2.0185e-01 +2.0762e+00 +3.4136e+00
2362 +3.476475250e-07 +3.476475250e-07 -2.878999965e+01 -2.878999965e+01 +2.0188e-01 +2.0762e+00 +3.4136e+00
2369 +2.213440951e-07 +2.213440951e-07 -2.878999978e+01 -2.878999978e+01 +2.0160e-01 +2.0760e+00 +3.4136e+00
2469 +7.183121298e-08 +7.183121298e-08 -2.878999993e+01 -2.878999993e+01 +2.0160e-01 +2.0760e+00 +3.4136e+00
2522 +1.978211372e-08 +1.978211372e-08 -2.878999998e+01 -2.878999998e+01 +2.0158e-01 +2.0760e+00 +3.4136e+00
2678 +4.627086270e-09 +4.627086270e-09 -2.879000000e+01 -2.879000000e+01 +2.0162e-01 +2.0760e+00 +3.4136e+00
% function evaluation | noise-free fitness - Fopt (3.588000000000e+01) | best noise-free fitness - Fopt | measured fitness | best measured fitness | x1 | x2...
1 +6.537280288e+02 +6.537280288e+02 +6.896080288e+02 +6.896080288e+02 +4.6956e+00 +3.1519e+00 +4.9658e+00
3 +4.879522640e+02 +4.879522640e+02 +5.238322640e+02 +5.238322640e+02 -2.9942e+00 -2.0782e+00 +4.2652e+00
5 +3.933455472e+02 +3.933455472e+02 +4.292255472e+02 +4.292255472e+02 -3.7453e+00 -2.1933e+00 +3.2585e+00
24 +2.236106714e+02 +2.236106714e+02 +2.594906714e+02 +2.594906714e+02 +4.3282e+00 +4.9976e+00 -2.9652e-01
110 +5.038083961e+01 +5.038083961e+01 +8.626083961e+01 +8.626083961e+01 +3.6375e-01 +2.0305e+00 +1.1267e+00
194 +3.475852212e+01 +3.475852212e+01 +7.063852212e+01 +7.063852212e+01 -2.3145e+00 +5.0894e-01 +2.1710e+00
302 +1.476048899e+01 +1.476048899e+01 +5.064048899e+01 +5.064048899e+01 +6.0398e-01 +2.1421e+00 +1.3767e+00
395 +6.091462534e+00 +6.091462534e+00 +4.197146253e+01 +4.197146253e+01 -7.8790e-01 +1.3457e+00 +1.8175e+00
708 +1.335317061e+00 +1.335317061e+00 +3.721531706e+01 +3.721531706e+01 -5.2978e-01 +1.5140e+00 +1.7093e+00
865 +9.870410335e-01 +9.870410335e-01 +3.686704103e+01 +3.686704103e+01 -5.1114e-01 +1.5273e+00 +1.7096e+00
992 +4.349466637e-01 +4.349466637e-01 +3.631494666e+01 +3.631494666e+01 -2.4199e-01 +1.6911e+00 +1.6290e+00
1000 +3.360349534e-01 +3.360349534e-01 +3.621603495e+01 +3.621603495e+01 -2.4900e-01 +1.6875e+00 +1.6301e+00
1037 +7.129520160e-02 +7.129520160e-02 +3.595129520e+01 +3.595129520e+01 -1.9906e-01 +1.7178e+00 +1.6131e+00
1236 +6.145313593e-02 +6.145313593e-02 +3.594145314e+01 +3.594145314e+01 -1.7959e-01 +1.7289e+00 +1.6076e+00
1280 +3.021077785e-02 +3.021077785e-02 +3.591021078e+01 +3.591021078e+01 -2.4863e-01 +1.6874e+00 +1.6280e+00
1426 +2.285225871e-02 +2.285225871e-02 +3.590285226e+01 +3.590285226e+01 -2.4885e-01 +1.6873e+00 +1.6280e+00
1511 +5.346514756e-03 +5.346514756e-03 +3.588534651e+01 +3.588534651e+01 -2.0979e-01 +1.7109e+00 +1.6164e+00
1608 +2.908192223e-03 +2.908192223e-03 +3.588290819e+01 +3.588290819e+01 -1.9840e-01 +1.7178e+00 +1.6130e+00
1743 +1.762136675e-03 +1.762136675e-03 +3.588176214e+01 +3.588176214e+01 -1.9030e-01 +1.7227e+00 +1.6106e+00
1831 +1.283360035e-03 +1.283360035e-03 +3.588128336e+01 +3.588128336e+01 -1.8259e-01 +1.7274e+00 +1.6083e+00
1970 +6.441751780e-04 +6.441751780e-04 +3.588064418e+01 +3.588064418e+01 -1.8233e-01 +1.7276e+00 +1.6082e+00
2008 +4.233877655e-04 +4.233877655e-04 +3.588042339e+01 +3.588042339e+01 -1.8381e-01 +1.7267e+00 +1.6087e+00
2047 +3.863771312e-04 +3.863771312e-04 +3.588038638e+01 +3.588038638e+01 -1.8483e-01 +1.7260e+00 +1.6090e+00
2072 +1.965270261e-04 +1.965270261e-04 +3.588019653e+01 +3.588019653e+01 -1.8388e-01 +1.7266e+00 +1.6087e+00
2088 +9.213589911e-05 +9.213589911e-05 +3.588009214e+01 +3.588009214e+01 -1.8412e-01 +1.7265e+00 +1.6087e+00
2187 +1.904742395e-05 +1.904742395e-05 +3.588001905e+01 +3.588001905e+01 -1.8081e-01 +1.7285e+00 +1.6078e+00
2266 +1.561209818e-05 +1.561209818e-05 +3.588001561e+01 +3.588001561e+01 -1.8112e-01 +1.7283e+00 +1.6079e+00
2394 +4.141130368e-06 +4.141130368e-06 +3.588000414e+01 +3.588000414e+01 -1.8160e-01 +1.7280e+00 +1.6080e+00
2470 +2.677627094e-06 +2.677627094e-06 +3.588000268e+01 +3.588000268e+01 -1.8138e-01 +1.7281e+00 +1.6079e+00
2509 +4.512161453e-07 +4.512161453e-07 +3.588000045e+01 +3.588000045e+01 -1.8136e-01 +1.7281e+00 +1.6079e+00
2571 +1.301415153e-07 +1.301415153e-07 +3.588000013e+01 +3.588000013e+01 -1.8168e-01 +1.7280e+00 +1.6080e+00
2736 +7.764896992e-08 +7.764896992e-08 +3.588000008e+01 +3.588000008e+01 -1.8155e-01 +1.7280e+00 +1.6080e+00
2761 +5.540427139e-08 +5.540427139e-08 +3.588000006e+01 +3.588000006e+01 -1.8156e-01 +1.7280e+00 +1.6080e+00
2866 +3.313591890e-08 +3.313591890e-08 +3.588000003e+01 +3.588000003e+01 -1.8159e-01 +1.7280e+00 +1.6080e+00
2932 +1.761523549e-08 +1.761523549e-08 +3.588000002e+01 +3.588000002e+01 -1.8158e-01 +1.7280e+00 +1.6080e+00
2996 +1.275772377e-08 +1.275772377e-08 +3.588000001e+01 +3.588000001e+01 -1.8157e-01 +1.7280e+00 +1.6080e+00
2998 +7.891536313e-09 +7.891536313e-09 +3.588000001e+01 +3.588000001e+01 -1.8159e-01 +1.7280e+00 +1.6080e+00
% function evaluation | noise-free fitness - Fopt (2.392000000000e+01) | best noise-free fitness - Fopt | measured fitness | best measured fitness | x1 | x2...
1 +4.168587391e+02 +4.168587391e+02 +4.407787391e+02 +4.407787391e+02 -2.1209e+00 +7.4131e-01 -1.3333e+00
10 +3.563219041e+02 +3.563219041e+02 +3.802419041e+02 +3.802419041e+02 -2.3375e-01 -7.3332e-01 -1.5887e+00
15 +2.265864495e+02 +2.265864495e+02 +2.505064495e+02 +2.505064495e+02 +3.1171e+00 +2.5700e+00 -1.5052e+00
37 +1.500091675e+02 +1.500091675e+02 +1.739291675e+02 +1.739291675e+02 +1.7361e+00 +2.7128e+00 -1.7307e+00
78 +8.087759702e+01 +8.087759702e+01 +1.047975970e+02 +1.047975970e+02 +1.4227e+00 +2.0007e+00 -2.1166e+00
137 +6.034515047e+01 +6.034515047e+01 +8.426515047e+01 +8.426515047e+01 +1.4501e+00 +2.1650e+00 -2.3676e+00
170 +1.453943622e+01 +1.453943622e+01 +3.845943622e+01 +3.845943622e+01 +1.5733e+00 +2.0007e+00 -2.6203e+00
318 +7.624196295e+00 +7.624196295e+00 +3.154419630e+01 +3.154419630e+01 +9.9564e-01 +1.4389e+00 -2.7029e+00
411 +5.398083671e+00 +5.398083671e+00 +2.931808367e+01 +2.931808367e+01 +1.3116e+00 +1.7153e+00 -2.6612e+00
486 +1.699236198e+00 +1.699236198e+00 +2.561923620e+01 +2.561923620e+01 +4.4857e-01 +1.0453e+00 -2.7923e+00
562 +7.169480538e-01 +7.169480538e-01 +2.463694805e+01 +2.463694805e+01 +5.8338e-01 +1.1494e+00 -2.7751e+00
648 +4.642608603e-01 +4.642608603e-01 +2.438426086e+01 +2.438426086e+01 +6.5710e-01 +1.2064e+00 -2.7581e+00
799 +2.036643021e-01 +2.036643021e-01 +2.412366430e+01 +2.412366430e+01 +8.0131e-01 +1.3221e+00 -2.7349e+00
931 +1.500178615e-01 +1.500178615e-01 +2.407001786e+01 +2.407001786e+01 +7.8077e-01 +1.3062e+00 -2.7390e+00
1040 +5.434876211e-02 +5.434876211e-02 +2.397434876e+01 +2.397434876e+01 +6.4986e-01 +1.1995e+00 -2.7623e+00
1201 +2.783873901e-02 +2.783873901e-02 +2.394783874e+01 +2.394783874e+01 +7.0104e-01 +1.2412e+00 -2.7534e+00
1235 +2.121310119e-02 +2.121310119e-02 +2.394121310e+01 +2.394121310e+01 +7.2355e-01 +1.2594e+00 -2.7493e+00
1266 +5.055868230e-03 +5.055868230e-03 +2.392505587e+01 +2.392505587e+01 +6.6045e-01 +1.2083e+00 -2.7605e+00
1384 +3.214473910e-03 +3.214473910e-03 +2.392321447e+01 +2.392321447e+01 +6.6679e-01 +1.2134e+00 -2.7594e+00
1412 +2.111352092e-03 +2.111352092e-03 +2.392211135e+01 +2.392211135e+01 +6.5059e-01 +1.2003e+00 -2.7623e+00
1481 +1.290169721e-03 +1.290169721e-03 +2.392129017e+01 +2.392129017e+01 +6.5564e-01 +1.2044e+00 -2.7614e+00
1542 +2.695473189e-04 +2.695473189e-04 +2.392026955e+01 +2.392026955e+01 +6.6930e-01 +1.2155e+00 -2.7590e+00
1625 +1.626333844e-04 +1.626333844e-04 +2.392016263e+01 +2.392016263e+01 +6.6916e-01 +1.2153e+00 -2.7590e+00
1756 +9.026131343e-05 +9.026131343e-05 +2.392009026e+01 +2.392009026e+01 +6.6769e-01 +1.2141e+00 -2.7593e+00
1786 +3.878198369e-05 +3.878198369e-05 +2.392003878e+01 +2.392003878e+01 +6.6587e-01 +1.2127e+00 -2.7596e+00
1938 +1.683815297e-05 +1.683815297e-05 +2.392001684e+01 +2.392001684e+01 +6.6712e-01 +1.2137e+00 -2.7594e+00
2008 +1.270593147e-05 +1.270593147e-05 +2.392001271e+01 +2.392001271e+01 +6.6729e-01 +1.2138e+00 -2.7593e+00
2011 +5.536253703e-06 +5.536253703e-06 +2.392000554e+01 +2.392000554e+01 +6.6727e-01 +1.2138e+00 -2.7593e+00
2164 +3.653914611e-06 +3.653914611e-06 +2.392000365e+01 +2.392000365e+01 +6.6757e-01 +1.2140e+00 -2.7593e+00
2181 +2.462594129e-06 +2.462594129e-06 +2.392000246e+01 +2.392000246e+01 +6.6801e-01 +1.2144e+00 -2.7592e+00
2246 +1.136944423e-06 +1.136944423e-06 +2.392000114e+01 +2.392000114e+01 +6.6762e-01 +1.2141e+00 -2.7593e+00
2258 +8.338121624e-07 +8.338121624e-07 +2.392000083e+01 +2.392000083e+01 +6.6802e-01 +1.2144e+00 -2.7592e+00
2292 +4.589921403e-07 +4.589921403e-07 +2.392000046e+01 +2.392000046e+01 +6.6795e-01 +1.2144e+00 -2.7592e+00
2341 +3.930509571e-07 +3.930509571e-07 +2.392000039e+01 +2.392000039e+01 +6.6797e-01 +1.2144e+00 -2.7592e+00
2350 +2.437143216e-07 +2.437143216e-07 +2.392000024e+01 +2.392000024e+01 +6.6790e-01 +1.2143e+00 -2.7592e+00
2407 +6.926201124e-08 +6.926201124e-08 +2.392000007e+01 +2.392000007e+01 +6.6799e-01 +1.2144e+00 -2.7592e+00
2491 +6.224455973e-08 +6.224455973e-08 +2.392000006e+01 +2.392000006e+01 +6.6796e-01 +1.2144e+00 -2.7592e+00
2522 +3.609504162e-08 +3.609504162e-08 +2.392000004e+01 +2.392000004e+01 +6.6797e-01 +1.2144e+00 -2.7592e+00
2528 +1.185265930e-08 +1.185265930e-08 +2.392000001e+01 +2.392000001e+01 +6.6798e-01 +1.2144e+00 -2.7592e+00
2556 +8.469832835e-09 +8.469832835e-09 +2.392000001e+01 +2.392000001e+01 +6.6801e-01 +1.2144e+00 -2.7592e+00
% function evaluation | noise-free fitness - Fopt (6.507500000000e+02) | best noise-free fitness - Fopt | measured fitness | best measured fitness | x1 | x2...
1 +5.329084618e+02 +5.329084618e+02 +1.183658462e+03 +1.183658462e+03 +5.5242e-01 -1.4943e+00 -2.2104e+00
7 +2.613630134e+02 +2.613630134e+02 +9.121130134e+02 +9.121130134e+02 -4.7069e+00 +1.5214e+00 -2.6702e+00
32 +1.701870138e+02 +1.701870138e+02 +8.209370138e+02 +8.209370138e+02 -3.9096e+00 +2.1512e+00 -3.6476e+00
92 +1.083083654e+02 +1.083083654e+02 +7.590583654e+02 +7.590583654e+02 -4.2066e+00 +1.2556e+00 -3.3888e+00
102 +6.325192651e+01 +6.325192651e+01 +7.140019265e+02 +7.140019265e+02 -3.6762e+00 -9.6371e-02 -3.9226e+00
138 +4.783902095e+01 +4.783902095e+01 +6.985890209e+02 +6.985890209e+02 -2.8008e+00 +1.2201e+00 -3.0938e+00
198 +3.596648103e+01 +3.596648103e+01 +6.867164810e+02 +6.867164810e+02 -3.6737e+00 -7.9841e-02 -3.6605e+00
233 +1.298778960e+01 +1.298778960e+01 +6.637377896e+02 +6.637377896e+02 -3.6173e+00 +3.6828e-01 -3.5185e+00
240 +5.389184243e+00 +5.389184243e+00 +6.561391842e+02 +6.561391842e+02 -3.9666e+00 -2.5410e-02 -3.7678e+00
468 +2.115437456e+00 +2.115437456e+00 +6.528654375e+02 +6.528654375e+02 -3.8278e+00 +2.6810e-01 -3.6308e+00
496 +9.704995414e-01 +9.704995414e-01 +6.517204995e+02 +6.517204995e+02 -3.8183e+00 +2.6810e-01 -3.6308e+00
661 +3.948517563e-01 +3.948517563e-01 +6.511448518e+02 +6.511448518e+02 -3.6473e+00 +5.2202e-01 -3.5130e+00
727 +8.061195982e-02 +8.061195982e-02 +6.508306120e+02 +6.508306120e+02 -3.7825e+00 +3.1365e-01 -3.6103e+00
993 +5.582076721e-02 +5.582076721e-02 +6.508058208e+02 +6.508058208e+02 -3.7682e+00 +3.3485e-01 -3.6005e+00
1050 +2.044197379e-02 +2.044197379e-02 +6.507704420e+02 +6.507704420e+02 -3.7414e+00 +3.7730e-01 -3.5811e+00
1096 +1.389043399e-02 +1.389043399e-02 +6.507638904e+02 +6.507638904e+02 -3.7513e+00 +3.6167e-01 -3.5882e+00
1236 +4.931388269e-03 +4.931388269e-03 +6.507549314e+02 +6.507549314e+02 -3.7511e+00 +3.6196e-01 -3.5881e+00
1270 +1.210870332e-03 +1.210870332e-03 +6.507512109e+02 +6.507512109e+02 -3.7523e+00 +3.6018e-01 -3.5890e+00
1346 +5.991270455e-04 +5.991270455e-04 +6.507505991e+02 +6.507505991e+02 -3.7571e+00 +3.5271e-01 -3.5925e+00
1548 +3.253893301e-04 +3.253893301e-04 +6.507503254e+02 +6.507503254e+02 -3.7576e+00 +3.5207e-01 -3.5928e+00
1580 +2.024010100e-04 +2.024010100e-04 +6.507502024e+02 +6.507502024e+02 -3.7571e+00 +3.5275e-01 -3.5925e+00
1760 +1.407688164e-04 +1.407688164e-04 +6.507501408e+02 +6.507501408e+02 -3.7574e+00 +3.5233e-01 -3.5926e+00
1785 +8.589212132e-05 +8.589212132e-05 +6.507500859e+02 +6.507500859e+02 -3.7568e+00 +3.5319e-01 -3.5922e+00
1806 +6.266822857e-05 +6.266822857e-05 +6.507500627e+02 +6.507500627e+02 -3.7581e+00 +3.5119e-01 -3.5932e+00
1820 +3.042476135e-05 +3.042476135e-05 +6.507500304e+02 +6.507500304e+02 -3.7579e+00 +3.5156e-01 -3.5930e+00
1833 +2.024231435e-05 +2.024231435e-05 +6.507500202e+02 +6.507500202e+02 -3.7573e+00 +3.5241e-01 -3.5926e+00
1835 +1.469806944e-05 +1.469806944e-05 +6.507500147e+02 +6.507500147e+02 -3.7576e+00 +3.5200e-01 -3.5928e+00
2000 +8.831561900e-06 +8.831561900e-06 +6.507500088e+02 +6.507500088e+02 -3.7577e+00 +3.5188e-01 -3.5929e+00
2036 +2.153609785e-06 +2.153609785e-06 +6.507500022e+02 +6.507500022e+02 -3.7575e+00 +3.5219e-01 -3.5927e+00
2178 +7.571056813e-07 +7.571056813e-07 +6.507500008e+02 +6.507500008e+02 -3.7574e+00 +3.5225e-01 -3.5927e+00
2213 +2.907837597e-07 +2.907837597e-07 +6.507500003e+02 +6.507500003e+02 -3.7576e+00 +3.5199e-01 -3.5928e+00
2263 +2.395667025e-07 +2.395667025e-07 +6.507500002e+02 +6.507500002e+02 -3.7576e+00 +3.5206e-01 -3.5928e+00
2328 +1.399141638e-07 +1.399141638e-07 +6.507500001e+02 +6.507500001e+02 -3.7576e+00 +3.5205e-01 -3.5928e+00
2381 +7.033440852e-08 +7.033440852e-08 +6.507500001e+02 +6.507500001e+02 -3.7576e+00 +3.5206e-01 -3.5928e+00
2395 +4.876051207e-08 +4.876051207e-08 +6.507500000e+02 +6.507500000e+02 -3.7576e+00 +3.5201e-01 -3.5928e+00
2439 +3.880245458e-08 +3.880245458e-08 +6.507500000e+02 +6.507500000e+02 -3.7576e+00 +3.5201e-01 -3.5928e+00
2478 +1.235423497e-08 +1.235423497e-08 +6.507500000e+02 +6.507500000e+02 -3.7576e+00 +3.5202e-01 -3.5928e+00
2510 +8.447159416e-09 +8.447159416e-09 +6.507500000e+02 +6.507500000e+02 -3.7576e+00 +3.5200e-01 -3.5928e+00
% function evaluation | noise-free fitness - Fopt (3.808600000000e+02) | best noise-free fitness - Fopt | measured fitness | best measured fitness | x1 | x2...
1 +7.673126742e+02 +7.673126742e+02 +1.148172674e+03 +1.148172674e+03 -4.0166e-01 +2.1734e+00 +2.6649e+00
3 +2.063978985e+02 +2.063978985e+02 +5.872578985e+02 +5.872578985e+02 -9.0436e-01 +3.0649e+00 +9.7242e-01
31 +9.361309123e+01 +9.361309123e+01 +4.744730912e+02 +4.744730912e+02 -3.7707e+00 +3.2422e+00 +2.3089e+00
99 +6.294746283e+01 +6.294746283e+01 +4.438074628e+02 +4.438074628e+02 -2.0191e+00 +3.2732e+00 +8.6398e-01
151 +3.717649709e+01 +3.717649709e+01 +4.180364971e+02 +4.180364971e+02 -2.2163e-01 +3.2732e+00 -5.3948e-01
185 +2.302298430e+01 +2.302298430e+01 +4.038829843e+02 +4.038829843e+02 +1.1398e-01 +3.5400e+00 -6.4128e-01
220 +1.045953146e+01 +1.045953146e+01 +3.913195315e+02 +3.913195315e+02 -5.9206e-01 +3.5034e+00 +4.6074e-02
237 +9.914798324e+00 +9.914798324e+00 +3.907747983e+02 +3.907747983e+02 -5.6360e-02 +3.4244e+00 -5.2508e-01
346 +6.071687422e+00 +6.071687422e+00 +3.869316874e+02 +3.869316874e+02 -5.4094e-01 +3.4993e+00 -3.5900e-02
380 +2.924765947e+00 +2.924765947e+00 +3.837847659e+02 +3.837847659e+02 -1.1385e+00 +3.4682e+00 +4.5749e-01
395 +2.462882713e+00 +2.462882713e+00 +3.833228827e+02 +3.833228827e+02 -5.7368e-01 +3.4648e+00 -4.0053e-02
467 +1.120543957e+00 +1.120543957e+00 +3.819805440e+02 +3.819805440e+02 -9.5357e-01 +3.4671e+00 +2.9459e-01
488 +1.437763038e-01 +1.437763038e-01 +3.810037763e+02 +3.810037763e+02 -5.4965e-01 +3.4608e+00 -5.1223e-02
892 +6.184932076e-02 +6.184932076e-02 +3.809218493e+02 +3.809218493e+02 -6.3016e-01 +3.4624e+00 +1.7242e-02
925 +2.028928380e-02 +2.028928380e-02 +3.808802893e+02 +3.808802893e+02 -6.5892e-01 +3.4633e+00 +4.2358e-02
1144 +1.069807183e-02 +1.069807183e-02 +3.808706981e+02 +3.808706981e+02 -6.3238e-01 +3.4625e+00 +1.9505e-02
1191 +8.155954261e-03 +8.155954261e-03 +3.808681560e+02 +3.808681560e+02 -6.4056e-01 +3.4628e+00 +2.6486e-02
1261 +2.073859047e-03 +2.073859047e-03 +3.808620739e+02 +3.808620739e+02 -6.7605e-01 +3.4638e+00 +5.7016e-02
1443 +1.574832198e-03 +1.574832198e-03 +3.808615748e+02 +3.808615748e+02 -6.6961e-01 +3.4637e+00 +5.1481e-02
1517 +8.404000408e-04 +8.404000408e-04 +3.808608404e+02 +3.808608404e+02 -6.5430e-01 +3.4632e+00 +3.8320e-02
1558 +6.279700327e-04 +6.279700327e-04 +3.808606280e+02 +3.808606280e+02 -6.6570e-01 +3.4635e+00 +4.8110e-02
1584 +3.581925306e-04 +3.581925306e-04 +3.808603582e+02 +3.808603582e+02 -6.5902e-01 +3.4633e+00 +4.2370e-02
1665 +2.097823941e-04 +2.097823941e-04 +3.808602098e+02 +3.808602098e+02 -6.5396e-01 +3.4632e+00 +3.8024e-02
1675 +9.571491722e-05 +9.571491722e-05 +3.808600957e+02 +3.808600957e+02 -6.5474e-01 +3.4632e+00 +3.8689e-02
1687 +5.039148550e-05 +5.039148550e-05 +3.808600504e+02 +3.808600504e+02 -6.5657e-01 +3.4633e+00 +4.0265e-02
1809 +3.158750536e-05 +3.158750536e-05 +3.808600316e+02 +3.808600316e+02 -6.5194e-01 +3.4631e+00 +3.6289e-02
1831 +2.315169826e-05 +2.315169826e-05 +3.808600232e+02 +3.808600232e+02 -6.5360e-01 +3.4632e+00 +3.7714e-02
1876 +1.359720909e-05 +1.359720909e-05 +3.808600136e+02 +3.808600136e+02 -6.5355e-01 +3.4632e+00 +3.7673e-02
1957 +2.418746135e-06 +2.418746135e-06 +3.808600024e+02 +3.808600024e+02 -6.5429e-01 +3.4632e+00 +3.8308e-02
2090 +5.466775406e-07 +5.466775406e-07 +3.808600005e+02 +3.808600005e+02 -6.5417e-01 +3.4632e+00 +3.8199e-02
2198 +1.571291364e-07 +1.571291364e-07 +3.808600002e+02 +3.808600002e+02 -6.5433e-01 +3.4632e+00 +3.8336e-02
2341 +9.668303846e-08 +9.668303846e-08 +3.808600001e+02 +3.808600001e+02 -6.5451e-01 +3.4632e+00 +3.8491e-02
2362 +2.786958930e-08 +2.786958930e-08 +3.808600000e+02 +3.808600000e+02 -6.5446e-01 +3.4632e+00 +3.8450e-02
2495 +2.401816346e-08 +2.401816346e-08 +3.808600000e+02 +3.808600000e+02 -6.5439e-01 +3.4632e+00 +3.8395e-02
2501 +1.520533033e-08 +1.520533033e-08 +3.808600000e+02 +3.808600000e+02 -6.5440e-01 +3.4632e+00 +3.8398e-02
2555 +5.628464805e-09 +5.628464805e-09 +3.808600000e+02 +3.808600000e+02 -6.5439e-01 +3.4632e+00 +3.8392e-02
% function evaluation | noise-free fitness - Fopt (-2.282700000000e+02) | best noise-free fitness - Fopt | measured fitness | best measured fitness | x1 | x2...
1 +1.101006342e+03 +1.101006342e+03 +8.727363420e+02 +8.727363420e+02 -3.9497e+00 +4.3267e+00 -3.6823e+00
3 +9.404652162e+02 +9.404652162e+02 +7.121952162e+02 +7.121952162e+02 +7.3218e-01 -1.5032e+00 -2.4483e+00
7 +1.025065082e+02 +1.025065082e+02 -1.257634918e+02 -1.257634918e+02 +1.2134e+00 +1.4445e+00 +8.7808e-02
14 +5.753310744e+01 +5.753310744e+01 -1.707368926e+02 -1.707368926e+02 +1.9049e+00 +6.0515e-01 +3.1653e+00
31 +3.768155158e+01 +3.768155158e+01 -1.905884484e+02 -1.905884484e+02 +1.9049e+00 +5.4290e-01 +2.9895e+00
78 +2.025679924e+01 +2.025679924e+01 -2.080132008e+02 -2.080132008e+02 +1.7833e+00 +6.5010e-01 +2.4414e+00
169 +1.584652241e+01 +1.584652241e+01 -2.124234776e+02 -2.124234776e+02 +1.8803e+00 +3.1109e-01 +3.2286e+00
196 +6.044413034e+00 +6.044413034e+00 -2.222255870e+02 -2.222255870e+02 +1.7964e+00 +3.6599e-01 +3.2286e+00
408 +3.775979323e+00 +3.775979323e+00 -2.244940207e+02 -2.244940207e+02 +1.7653e+00 +4.7479e-01 +2.9431e+00
458 +1.985863014e+00 +1.985863014e+00 -2.262841370e+02 -2.262841370e+02 +1.7509e+00 +4.9686e-01 +2.8102e+00
555 +1.325513518e+00 +1.325513518e+00 -2.269444865e+02 -2.269444865e+02 +1.7703e+00 +5.1661e-01 +2.6406e+00
571 +9.283980858e-01 +9.283980858e-01 -2.273416019e+02 -2.273416019e+02 +1.7522e+00 +5.2810e-01 +2.6384e+00
620 +4.332846584e-01 +4.332846584e-01 -2.278367153e+02 -2.278367153e+02 +1.7550e+00 +5.3744e-01 +2.5876e+00
652 +3.944459637e-01 +3.944459637e-01 -2.278755540e+02 -2.278755540e+02 +1.7577e+00 +5.2474e-01 +2.6355e+00
745 +1.378054961e-01 +1.378054961e-01 -2.281321945e+02 -2.281321945e+02 +1.7579e+00 +5.3336e-01 +2.5992e+00
746 +9.883875852e-02 +9.883875852e-02 -2.281711612e+02 -2.281711612e+02 +1.7601e+00 +5.2501e-01 +2.6376e+00
961 +5.452493246e-02 +5.452493246e-02 -2.282154751e+02 -2.282154751e+02 +1.7598e+00 +5.2739e-01 +2.6241e+00
1064 +2.902405404e-02 +2.902405404e-02 -2.282409759e+02 -2.282409759e+02 +1.7592e+00 +5.3003e-01 +2.6136e+00
1085 +9.108322277e-03 +9.108322277e-03 -2.282608917e+02 -2.282608917e+02 +1.7605e+00 +5.2054e-01 +2.6560e+00
1180 +6.115975813e-03 +6.115975813e-03 -2.282638840e+02 -2.282638840e+02 +1.7606e+00 +5.1976e-01 +2.6596e+00
1388 +7.933168809e-04 +7.933168809e-04 -2.282692067e+02 -2.282692067e+02 +1.7611e+00 +5.1608e-01 +2.6760e+00
1561 +4.260121643e-04 +4.260121643e-04 -2.282695740e+02 -2.282695740e+02 +1.7607e+00 +5.1910e-01 +2.6625e+00
1640 +2.761922570e-04 +2.761922570e-04 -2.282697238e+02 -2.282697238e+02 +1.7607e+00 +5.1900e-01 +2.6629e+00
1664 +8.547702490e-05 +8.547702490e-05 -2.282699145e+02 -2.282699145e+02 +1.7608e+00 +5.1829e-01 +2.6661e+00
1759 +4.421233098e-05 +4.421233098e-05 -2.282699558e+02 -2.282699558e+02 +1.7608e+00 +5.1821e-01 +2.6665e+00
1823 +2.057084785e-05 +2.057084785e-05 -2.282699794e+02 -2.282699794e+02 +1.7608e+00 +5.1806e-01 +2.6671e+00
1957 +1.265562304e-05 +1.265562304e-05 -2.282699873e+02 -2.282699873e+02 +1.7608e+00 +5.1819e-01 +2.6665e+00
1985 +7.635122131e-06 +7.635122131e-06 -2.282699924e+02 -2.282699924e+02 +1.7608e+00 +5.1825e-01 +2.6663e+00
2022 +2.843666437e-06 +2.843666437e-06 -2.282699972e+02 -2.282699972e+02 +1.7608e+00 +5.1837e-01 +2.6657e+00
2060 +2.297180686e-06 +2.297180686e-06 -2.282699977e+02 -2.282699977e+02 +1.7608e+00 +5.1841e-01 +2.6655e+00
2132 +1.261049107e-06 +1.261049107e-06 -2.282699987e+02 -2.282699987e+02 +1.7608e+00 +5.1847e-01 +2.6653e+00
2158 +7.864061331e-07 +7.864061331e-07 -2.282699992e+02 -2.282699992e+02 +1.7608e+00 +5.1842e-01 +2.6655e+00
2260 +4.759259866e-07 +4.759259866e-07 -2.282699995e+02 -2.282699995e+02 +1.7608e+00 +5.1845e-01 +2.6654e+00
2269 +3.684762930e-07 +3.684762930e-07 -2.282699996e+02 -2.282699996e+02 +1.7608e+00 +5.1845e-01 +2.6654e+00
2341 +2.071271865e-07 +2.071271865e-07 -2.282699998e+02 -2.282699998e+02 +1.7608e+00 +5.1840e-01 +2.6656e+00
2358 +1.102917224e-07 +1.102917224e-07 -2.282699999e+02 -2.282699999e+02 +1.7608e+00 +5.1842e-01 +2.6655e+00
2496 +8.103720006e-08 +8.103720006e-08 -2.282699999e+02 -2.282699999e+02 +1.7608e+00 +5.1838e-01 +2.6657e+00
2497 +5.245709644e-08 +5.245709644e-08 -2.282699999e+02 -2.282699999e+02 +1.7608e+00 +5.1841e-01 +2.6656e+00
2527 +1.535138949e-08 +1.535138949e-08 -2.282700000e+02 -2.282700000e+02 +1.7608e+00 +5.1840e-01 +2.6656e+00
2621 +8.122782447e-09 +8.122782447e-09 -2.282700000e+02 -2.282700000e+02 +1.7608e+00 +5.1840e-01 +2.6656e+00
% function evaluation | noise-free fitness - Fopt (1.000000000000e+03) | best noise-free fitness - Fopt | measured fitness | best measured fitness | x1 | x2...
1 +1.409308843e+03 +1.409308843e+03 +2.409308843e+03 +2.409308843e+03 +2.4202e+00 -7.1317e-01 -3.5695e+00
2 +3.704579794e+02 +3.704579794e+02 +1.370457979e+03 +1.370457979e+03 -1.1473e+00 +3.3667e+00 +1.2580e+00
35 +1.668226831e+02 +1.668226831e+02 +1.166822683e+03 +1.166822683e+03 -4.9936e+00 +3.9613e+00 +2.3947e+00
92 +7.561532236e+01 +7.561532236e+01 +1.075615322e+03 +1.075615322e+03 -4.0671e+00 +4.7869e+00 +2.5987e+00
138 +6.144066406e+01 +6.144066406e+01 +1.061440664e+03 +1.061440664e+03 -3.9222e+00 +3.6423e+00 +3.3650e+00
211 +2.968768183e+01 +2.968768183e+01 +1.029687682e+03 +1.029687682e+03 -3.8687e+00 +4.1533e+00 +2.4591e+00
257 +1.712883687e+01 +1.712883687e+01 +1.017128837e+03 +1.017128837e+03 -3.7447e+00 +3.8042e+00 +3.0110e+00
286 +1.535922395e+01 +1.535922395e+01 +1.015359224e+03 +1.015359224e+03 -3.6895e+00 +3.8042e+00 +2.7886e+00
346 +1.587190025e+00 +1.587190025e+00 +1.001587190e+03 +1.001587190e+03 -3.8105e+00 +3.9936e+00 +2.7647e+00
466 +1.481923939e+00 +1.481923939e+00 +1.001481924e+03 +1.001481924e+03 -3.8105e+00 +3.9787e+00 +2.7647e+00
557 +8.505943179e-01 +8.505943179e-01 +1.000850594e+03 +1.000850594e+03 -3.7284e+00 +3.8373e+00 +2.8667e+00
707 +4.955478546e-01 +4.955478546e-01 +1.000495548e+03 +1.000495548e+03 -3.8138e+00 +3.9859e+00 +2.7676e+00
844 +2.612295329e-01 +2.612295329e-01 +1.000261230e+03 +1.000261230e+03 -3.7619e+00 +3.8967e+00 +2.8313e+00
863 +2.502038809e-01 +2.502038809e-01 +1.000250204e+03 +1.000250204e+03 -3.8036e+00 +3.9667e+00 +2.7813e+00
971 +1.083990371e-01 +1.083990371e-01 +1.000108399e+03 +1.000108399e+03 -3.7318e+00 +3.8477e+00 +2.8646e+00
1059 +6.185989000e-02 +6.185989000e-02 +1.000061860e+03 +1.000061860e+03 -3.7336e+00 +3.8514e+00 +2.8618e+00
1195 +3.426216436e-02 +3.426216436e-02 +1.000034262e+03 +1.000034262e+03 -3.7076e+00 +3.8085e+00 +2.8911e+00
1227 +2.332800495e-02 +2.332800495e-02 +1.000023328e+03 +1.000023328e+03 -3.7032e+00 +3.8017e+00 +2.8960e+00
1263 +1.540332916e-02 +1.540332916e-02 +1.000015403e+03 +1.000015403e+03 -3.7287e+00 +3.8433e+00 +2.8671e+00
1325 +4.366381840e-03 +4.366381840e-03 +1.000004366e+03 +1.000004366e+03 -3.7153e+00 +3.8215e+00 +2.8821e+00
1383 +3.556301589e-03 +3.556301589e-03 +1.000003556e+03 +1.000003556e+03 -3.7061e+00 +3.8064e+00 +2.8927e+00
1416 +2.005542256e-03 +2.005542256e-03 +1.000002006e+03 +1.000002006e+03 -3.7163e+00 +3.8232e+00 +2.8810e+00
1497 +1.404446351e-03 +1.404446351e-03 +1.000001404e+03 +1.000001404e+03 -3.7131e+00 +3.8178e+00 +2.8847e+00
1631 +9.859516342e-04 +9.859516342e-04 +1.000000986e+03 +1.000000986e+03 -3.7096e+00 +3.8122e+00 +2.8886e+00
1696 +5.939486196e-04 +5.939486196e-04 +1.000000594e+03 +1.000000594e+03 -3.7133e+00 +3.8182e+00 +2.8845e+00
1734 +3.769191186e-04 +3.769191186e-04 +1.000000377e+03 +1.000000377e+03 -3.7119e+00 +3.8159e+00 +2.8861e+00
1758 +2.485379789e-04 +2.485379789e-04 +1.000000249e+03 +1.000000249e+03 -3.7118e+00 +3.8157e+00 +2.8862e+00
1817 +1.262325726e-04 +1.262325726e-04 +1.000000126e+03 +1.000000126e+03 -3.7129e+00 +3.8176e+00 +2.8849e+00
1838 +8.357903062e-05 +8.357903062e-05 +1.000000084e+03 +1.000000084e+03 -3.7132e+00 +3.8180e+00 +2.8846e+00
1880 +2.807806868e-05 +2.807806868e-05 +1.000000028e+03 +1.000000028e+03 -3.7143e+00 +3.8199e+00 +2.8833e+00
1924 +1.787051110e-05 +1.787051110e-05 +1.000000018e+03 +1.000000018e+03 -3.7146e+00 +3.8204e+00 +2.8830e+00
1966 +1.209415836e-05 +1.209415836e-05 +1.000000012e+03 +1.000000012e+03 -3.7145e+00 +3.8202e+00 +2.8830e+00
2029 +5.783506367e-06 +5.783506367e-06 +1.000000006e+03 +1.000000006e+03 -3.7143e+00 +3.8198e+00 +2.8833e+00
2042 +3.553823262e-06 +3.553823262e-06 +1.000000004e+03 +1.000000004e+03 -3.7145e+00 +3.8202e+00 +2.8831e+00
2140 +2.168039032e-06 +2.168039032e-06 +1.000000002e+03 +1.000000002e+03 -3.7146e+00 +3.8203e+00 +2.8830e+00
2186 +8.223225905e-07 +8.223225905e-07 +1.000000001e+03 +1.000000001e+03 -3.7145e+00 +3.8202e+00 +2.8831e+00
2206 +5.069060762e-07 +5.069060762e-07 +1.000000001e+03 +1.000000001e+03 -3.7143e+00 +3.8198e+00 +2.8833e+00
2260 +1.466820549e-07 +1.466820549e-07 +1.000000000e+03 +1.000000000e+03 -3.7144e+00 +3.8199e+00 +2.8832e+00
2317 +9.721622973e-08 +9.721622973e-08 +1.000000000e+03 +1.000000000e+03 -3.7144e+00 +3.8199e+00 +2.8832e+00
2483 +3.840398222e-08 +3.840398222e-08 +1.000000000e+03 +1.000000000e+03 -3.7144e+00 +3.8200e+00 +2.8832e+00
2493 +2.399860932e-08 +2.399860932e-08 +1.000000000e+03 +1.000000000e+03 -3.7144e+00 +3.8200e+00 +2.8832e+00
2520 +9.962263903e-09 +9.962263903e-09 +1.000000000e+03 +1.000000000e+03 -3.7144e+00 +3.8200e+00 +2.8832e+00
% function evaluation | noise-free fitness - Fopt (6.551000000000e+01) | best noise-free fitness - Fopt | measured fitness | best measured fitness | x1 | x2...
1 +1.266513072e+03 +1.266513072e+03 +1.332023072e+03 +1.332023072e+03 +2.5594e+00 -3.9932e+00 +2.9049e+00
2 +6.860013404e+02 +6.860013404e+02 +7.515113404e+02 +7.515113404e+02 +1.7005e-01 +2.9252e+00 +3.8980e+00
4 +4.622714629e+02 +4.622714629e+02 +5.277814629e+02 +5.277814629e+02 -3.2609e+00 -3.5283e+00 +2.2189e-01
8 +1.779101905e+02 +1.779101905e+02 +2.434201905e+02 +2.434201905e+02 -7.8118e-01 +1.6782e-01 +1.9192e+00
49 +1.471071982e+02 +1.471071982e+02 +2.126171982e+02 +2.126171982e+02 -2.3286e+00 +1.5122e+00 -2.9431e+00
76 +7.666231299e+01 +7.666231299e+01 +1.421723130e+02 +1.421723130e+02 -2.0139e+00 +1.3378e+00 -1.9696e+00
140 +4.601803970e+01 +4.601803970e+01 +1.115280397e+02 +1.115280397e+02 -1.8247e+00 +2.0345e+00 -1.8407e+00
159 +3.094663818e+01 +3.094663818e+01 +9.645663818e+01 +9.645663818e+01 -1.7890e+00 +2.2469e+00 -2.2565e+00
164 +1.865978922e+01 +1.865978922e+01 +8.416978922e+01 +8.416978922e+01 -1.8236e+00 +1.2579e+00 -1.0643e+00
211 +7.484614493e+00 +7.484614493e+00 +7.299461449e+01 +7.299461449e+01 -1.7426e+00 +1.2579e+00 -1.0643e+00
378 +4.610734407e+00 +4.610734407e+00 +7.012073441e+01 +7.012073441e+01 -1.7068e+00 +1.7340e+00 -1.6028e+00
457 +3.453196360e+00 +3.453196360e+00 +6.896319636e+01 +6.896319636e+01 -1.6868e+00 +1.7758e+00 -1.6380e+00
511 +1.792794975e+00 +1.792794975e+00 +6.730279498e+01 +6.730279498e+01 -1.6915e+00 +1.5270e+00 -1.2975e+00
565 +6.439944769e-01 +6.439944769e-01 +6.615399448e+01 +6.615399448e+01 -1.6998e+00 +1.2323e+00 -9.3678e-01
685 +3.418913118e-01 +3.418913118e-01 +6.585189131e+01 +6.585189131e+01 -1.7005e+00 +1.2866e+00 -1.0040e+00
753 +1.769567864e-01 +1.769567864e-01 +6.568695679e+01 +6.568695679e+01 -1.6998e+00 +1.3711e+00 -1.1167e+00
828 +1.525118346e-01 +1.525118346e-01 +6.566251183e+01 +6.566251183e+01 -1.7005e+00 +1.2977e+00 -1.0201e+00
936 +5.810989332e-02 +5.810989332e-02 +6.556810989e+01 +6.556810989e+01 -1.6994e+00 +1.3629e+00 -1.1047e+00
1071 +2.831192805e-02 +2.831192805e-02 +6.553831193e+01 +6.553831193e+01 -1.7008e+00 +1.3070e+00 -1.0337e+00
1127 +2.370093977e-02 +2.370093977e-02 +6.553370094e+01 +6.553370094e+01 -1.6994e+00 +1.3500e+00 -1.0880e+00
1346 +9.942041320e-03 +9.942041320e-03 +6.551994204e+01 +6.551994204e+01 -1.7003e+00 +1.3272e+00 -1.0591e+00
1411 +2.596746843e-03 +2.596746843e-03 +6.551259675e+01 +6.551259675e+01 -1.7001e+00 +1.3310e+00 -1.0640e+00
1586 +1.421821442e-03 +1.421821442e-03 +6.551142182e+01 +6.551142182e+01 -1.6998e+00 +1.3403e+00 -1.0757e+00
1640 +8.111856897e-04 +8.111856897e-04 +6.551081119e+01 +6.551081119e+01 -1.7000e+00 +1.3323e+00 -1.0656e+00
1727 +5.566002893e-04 +5.566002893e-04 +6.551055660e+01 +6.551055660e+01 -1.7000e+00 +1.3323e+00 -1.0656e+00
1745 +3.640296840e-04 +3.640296840e-04 +6.551036403e+01 +6.551036403e+01 -1.6999e+00 +1.3359e+00 -1.0701e+00
1807 +2.361463797e-04 +2.361463797e-04 +6.551023615e+01 +6.551023615e+01 -1.6999e+00 +1.3363e+00 -1.0706e+00
1883 +1.250558167e-04 +1.250558167e-04 +6.551012506e+01 +6.551012506e+01 -1.7000e+00 +1.3332e+00 -1.0667e+00
1914 +2.663297326e-05 +2.663297326e-05 +6.551002663e+01 +6.551002663e+01 -1.7000e+00 +1.3344e+00 -1.0682e+00
2110 +1.682063633e-05 +1.682063633e-05 +6.551001682e+01 +6.551001682e+01 -1.7000e+00 +1.3337e+00 -1.0673e+00
2166 +1.874445815e-06 +1.874445815e-06 +6.551000187e+01 +6.551000187e+01 -1.7000e+00 +1.3339e+00 -1.0676e+00
2319 +1.249138407e-06 +1.249138407e-06 +6.551000125e+01 +6.551000125e+01 -1.7000e+00 +1.3335e+00 -1.0671e+00
2424 +3.827372268e-07 +3.827372268e-07 +6.551000038e+01 +6.551000038e+01 -1.7000e+00 +1.3337e+00 -1.0673e+00
2530 +2.127185326e-07 +2.127185326e-07 +6.551000021e+01 +6.551000021e+01 -1.7000e+00 +1.3336e+00 -1.0672e+00
2626 +1.460824279e-07 +1.460824279e-07 +6.551000015e+01 +6.551000015e+01 -1.7000e+00 +1.3336e+00 -1.0672e+00
2673 +4.749554705e-08 +4.749554705e-08 +6.551000005e+01 +6.551000005e+01 -1.7000e+00 +1.3336e+00 -1.0672e+00
2746 +3.921947211e-08 +3.921947211e-08 +6.551000004e+01 +6.551000004e+01 -1.7000e+00 +1.3336e+00 -1.0672e+00
2780 +1.937127081e-08 +1.937127081e-08 +6.551000002e+01 +6.551000002e+01 -1.7000e+00 +1.3336e+00 -1.0672e+00
2879 +1.049333775e-08 +1.049333775e-08 +6.551000001e+01 +6.551000001e+01 -1.7000e+00 +1.3336e+00 -1.0672e+00
2941 +2.743490768e-09 +2.743490768e-09 +6.551000000e+01 +6.551000000e+01 -1.7000e+00 +1.3336e+00 -1.0672e+00
% function evaluation | noise-free fitness - Fopt (-1.028600000000e+02) | best noise-free fitness - Fopt | measured fitness | best measured fitness | x1 | x2...
1 +1.879976348e+03 +1.879976348e+03 +1.777116348e+03 +1.777116348e+03 -2.3427e+00 -4.9589e+00 +4.4441e+00
2 +9.104710850e+02 +9.104710850e+02 +8.076110850e+02 +8.076110850e+02 +8.4439e-01 -2.8257e+00 +2.2087e+00
4 +5.118087759e+02 +5.118087759e+02 +4.089487759e+02 +4.089487759e+02 -4.3665e+00 +2.8595e+00 +4.5055e+00
7 +3.398867930e+02 +3.398867930e+02 +2.370267930e+02 +2.370267930e+02 -2.1662e+00 +1.1744e+00 +1.0341e+00
17 +1.581983468e+02 +1.581983468e+02 +5.533834684e+01 +5.533834684e+01 +4.6774e-01 +1.4906e+00 +3.9275e+00
23 +7.611228312e+01 +7.611228312e+01 -2.674771688e+01 -2.674771688e+01 -3.5839e+00 +2.8003e+00 +1.5665e+00
100 +5.557713836e+01 +5.557713836e+01 -4.728286164e+01 -4.728286164e+01 -5.0465e+00 +3.9789e+00 +5.8779e-01
174 +1.877053814e+01 +1.877053814e+01 -8.408946186e+01 -8.408946186e+01 -4.1874e+00 +3.3657e+00 +1.3080e+00
184 +1.366659920e+01 +1.366659920e+01 -8.919340080e+01 -8.919340080e+01 -3.5978e+00 +3.1866e+00 +1.7256e+00
314 +4.613161401e+00 +4.613161401e+00 -9.824683860e+01 -9.824683860e+01 -3.8448e+00 +3.2564e+00 +1.5960e+00
410 +1.219243280e+00 +1.219243280e+00 -1.016407567e+02 -1.016407567e+02 -3.5166e+00 +3.1118e+00 +1.8437e+00
636 +7.034998825e-01 +7.034998825e-01 -1.021565001e+02 -1.021565001e+02 -3.6192e+00 +3.1592e+00 +1.7750e+00
843 +5.303589149e-01 +5.303589149e-01 -1.023296411e+02 -1.023296411e+02 -3.5817e+00 +3.1413e+00 +1.8024e+00
925 +2.825042888e-01 +2.825042888e-01 -1.025774957e+02 -1.025774957e+02 -3.5208e+00 +3.1119e+00 +1.8467e+00
977 +2.473938268e-01 +2.473938268e-01 -1.026126062e+02 -1.026126062e+02 -3.4495e+00 +3.0781e+00 +1.8987e+00
1096 +1.098344052e-01 +1.098344052e-01 -1.027501656e+02 -1.027501656e+02 -3.3699e+00 +3.0395e+00 +1.9548e+00
1100 +2.571627009e-02 +2.571627009e-02 -1.028342837e+02 -1.028342837e+02 -3.3326e+00 +3.0218e+00 +1.9811e+00
1236 +2.078394501e-02 +2.078394501e-02 -1.028392161e+02 -1.028392161e+02 -3.3077e+00 +3.0099e+00 +1.9990e+00
1259 +1.092042297e-02 +1.092042297e-02 -1.028490796e+02 -1.028490796e+02 -3.3110e+00 +3.0115e+00 +1.9966e+00
1318 +4.981176474e-03 +4.981176474e-03 -1.028550188e+02 -1.028550188e+02 -3.2756e+00 +2.9946e+00 +2.0218e+00
1370 +2.410466158e-03 +2.410466158e-03 -1.028575895e+02 -1.028575895e+02 -3.2873e+00 +3.0002e+00 +2.0134e+00
1549 +1.190030697e-03 +1.190030697e-03 -1.028588100e+02 -1.028588100e+02 -3.2687e+00 +2.9913e+00 +2.0267e+00
1676 +3.358891210e-04 +3.358891210e-04 -1.028596641e+02 -1.028596641e+02 -3.2695e+00 +2.9917e+00 +2.0261e+00
1696 +1.581562982e-04 +1.581562982e-04 -1.028598418e+02 -1.028598418e+02 -3.2731e+00 +2.9934e+00 +2.0236e+00
1858 +8.166526646e-05 +8.166526646e-05 -1.028599183e+02 -1.028599183e+02 -3.2729e+00 +2.9933e+00 +2.0237e+00
1945 +5.764314935e-05 +5.764314935e-05 -1.028599424e+02 -1.028599424e+02 -3.2727e+00 +2.9932e+00 +2.0239e+00
1957 +3.157785339e-05 +3.157785339e-05 -1.028599684e+02 -1.028599684e+02 -3.2731e+00 +2.9934e+00 +2.0235e+00
2007 +2.032865275e-05 +2.032865275e-05 -1.028599797e+02 -1.028599797e+02 -3.2722e+00 +2.9929e+00 +2.0242e+00
2109 +2.814810870e-06 +2.814810870e-06 -1.028599972e+02 -1.028599972e+02 -3.2741e+00 +2.9938e+00 +2.0228e+00
2200 +2.182589142e-06 +2.182589142e-06 -1.028599978e+02 -1.028599978e+02 -3.2739e+00 +2.9937e+00 +2.0230e+00
2253 +8.396460771e-07 +8.396460771e-07 -1.028599992e+02 -1.028599992e+02 -3.2733e+00 +2.9935e+00 +2.0234e+00
2316 +4.720056097e-07 +4.720056097e-07 -1.028599995e+02 -1.028599995e+02 -3.2737e+00 +2.9937e+00 +2.0231e+00
2371 +1.370112415e-07 +1.370112415e-07 -1.028599999e+02 -1.028599999e+02 -3.2735e+00 +2.9936e+00 +2.0233e+00
2387 +8.222734493e-08 +8.222734493e-08 -1.028599999e+02 -1.028599999e+02 -3.2736e+00 +2.9936e+00 +2.0232e+00
2481 +5.692545813e-08 +5.692545813e-08 -1.028599999e+02 -1.028599999e+02 -3.2737e+00 +2.9936e+00 +2.0232e+00
2546 +2.918042696e-08 +2.918042696e-08 -1.028600000e+02 -1.028600000e+02 -3.2736e+00 +2.9936e+00 +2.0232e+00
2630 +2.116328801e-08 +2.116328801e-08 -1.028600000e+02 -1.028600000e+02 -3.2736e+00 +2.9936e+00 +2.0232e+00
2677 +6.845709777e-09 +6.845709777e-09 -1.028600000e+02 -1.028600000e+02 -3.2736e+00 +2.9936e+00 +2.0232e+00
% function evaluation | noise-free fitness - Fopt (-1.787700000000e+02) | best noise-free fitness - Fopt | measured fitness | best measured fitness | x1 | x2...
1 +1.657719717e+02 +1.657719717e+02 -1.299802833e+01 -1.299802833e+01 -4.4137e+00 +3.0175e+00 +1.1541e+00
43 +1.136889159e+02 +1.136889159e+02 -6.508108405e+01 -6.508108405e+01 +4.1963e-01 +3.6421e+00 +3.4909e+00
53 +4.728981615e+01 +4.728981615e+01 -1.314801839e+02 -1.314801839e+02 +1.0566e+00 +3.9073e+00 +3.1259e+00
151 +3.792671675e+01 +3.792671675e+01 -1.408432833e+02 -1.408432833e+02 -1.7011e-01 +3.6379e+00 +2.8829e+00
196 +2.365649373e+01 +2.365649373e+01 -1.551135063e+02 -1.551135063e+02 +1.2256e+00 +3.8274e+00 +3.3559e+00
229 +1.329689541e+01 +1.329689541e+01 -1.654731046e+02 -1.654731046e+02 +4.6208e-01 +3.8065e+00 +3.0467e+00
290 +8.353254174e+00 +8.353254174e+00 -1.704167458e+02 -1.704167458e+02 -5.6694e-01 +3.8172e+00 +2.6618e+00
336 +2.547642238e+00 +2.547642238e+00 -1.762223578e+02 -1.762223578e+02 -1.3021e+00 +3.7912e+00 +2.3835e+00
421 +2.327570550e+00 +2.327570550e+00 -1.764424294e+02 -1.764424294e+02 -1.3021e+00 +3.7894e+00 +2.3835e+00
587 +1.183592694e+00 +1.183592694e+00 -1.775864073e+02 -1.775864073e+02 -1.5461e+00 +3.7791e+00 +2.2970e+00
617 +8.049553429e-01 +8.049553429e-01 -1.779650447e+02 -1.779650447e+02 -1.7526e+00 +3.7791e+00 +2.2167e+00
710 +4.142050995e-01 +4.142050995e-01 -1.783557949e+02 -1.783557949e+02 -2.0492e+00 +3.7726e+00 +2.1087e+00
811 +3.910171322e-01 +3.910171322e-01 -1.783789829e+02 -1.783789829e+02 -2.1447e+00 +3.7729e+00 +2.0713e+00
872 +2.325806157e-01 +2.325806157e-01 -1.785374194e+02 -1.785374194e+02 -2.0919e+00 +3.7729e+00 +2.0910e+00
957 +1.534215179e-01 +1.534215179e-01 -1.786165785e+02 -1.786165785e+02 -2.0205e+00 +3.7734e+00 +2.1178e+00
1025 +6.770123208e-02 +6.770123208e-02 -1.787022988e+02 -1.787022988e+02 -2.1649e+00 +3.7710e+00 +2.0637e+00
1141 +5.238029614e-02 +5.238029614e-02 -1.787176197e+02 -1.787176197e+02 -2.1745e+00 +3.7707e+00 +2.0604e+00
1190 +3.614182888e-02 +3.614182888e-02 -1.787338582e+02 -1.787338582e+02 -2.3017e+00 +3.7686e+00 +2.0126e+00
1192 +1.700592666e-02 +1.700592666e-02 -1.787529941e+02 -1.787529941e+02 -2.1796e+00 +3.7705e+00 +2.0584e+00
1202 +6.675494549e-03 +6.675494549e-03 -1.787633245e+02 -1.787633245e+02 -2.2799e+00 +3.7688e+00 +2.0208e+00
1279 +6.261981974e-03 +6.261981974e-03 -1.787637380e+02 -1.787637380e+02 -2.2276e+00 +3.7697e+00 +2.0404e+00
1431 +3.898069883e-03 +3.898069883e-03 -1.787661019e+02 -1.787661019e+02 -2.2565e+00 +3.7692e+00 +2.0296e+00
1525 +1.629495628e-03 +1.629495628e-03 -1.787683705e+02 -1.787683705e+02 -2.2626e+00 +3.7691e+00 +2.0273e+00
1547 +5.936549038e-04 +5.936549038e-04 -1.787694063e+02 -1.787694063e+02 -2.2755e+00 +3.7689e+00 +2.0225e+00
1662 +3.354598145e-04 +3.354598145e-04 -1.787696645e+02 -1.787696645e+02 -2.2860e+00 +3.7687e+00 +2.0186e+00
1756 +2.202061670e-04 +2.202061670e-04 -1.787697798e+02 -1.787697798e+02 -2.2692e+00 +3.7690e+00 +2.0249e+00
1770 +5.572569853e-05 +5.572569853e-05 -1.787699443e+02 -1.787699443e+02 -2.2768e+00 +3.7689e+00 +2.0220e+00
1882 +1.388667332e-05 +1.388667332e-05 -1.787699861e+02 -1.787699861e+02 -2.2772e+00 +3.7688e+00 +2.0218e+00
2102 +7.742873805e-06 +7.742873805e-06 -1.787699923e+02 -1.787699923e+02 -2.2781e+00 +3.7688e+00 +2.0215e+00
2132 +1.593783736e-06 +1.593783736e-06 -1.787699984e+02 -1.787699984e+02 -2.2795e+00 +3.7688e+00 +2.0210e+00
2197 +1.219444073e-06 +1.219444073e-06 -1.787699988e+02 -1.787699988e+02 -2.2794e+00 +3.7688e+00 +2.0210e+00
2207 +5.048106289e-07 +5.048106289e-07 -1.787699995e+02 -1.787699995e+02 -2.2803e+00 +3.7688e+00 +2.0207e+00
2268 +2.991697556e-07 +2.991697556e-07 -1.787699997e+02 -1.787699997e+02 -2.2800e+00 +3.7688e+00 +2.0208e+00
2336 +1.628195037e-07 +1.628195037e-07 -1.787699998e+02 -1.787699998e+02 -2.2797e+00 +3.7688e+00 +2.0209e+00
2342 +1.364200273e-07 +1.364200273e-07 -1.787699999e+02 -1.787699999e+02 -2.2803e+00 +3.7688e+00 +2.0207e+00
2371 +9.120367395e-08 +9.120367395e-08 -1.787699999e+02 -1.787699999e+02 -2.2799e+00 +3.7688e+00 +2.0209e+00
2475 +5.248656976e-08 +5.248656976e-08 -1.787699999e+02 -1.787699999e+02 -2.2799e+00 +3.7688e+00 +2.0209e+00
2538 +3.239250645e-08 +3.239250645e-08 -1.787700000e+02 -1.787700000e+02 -2.2800e+00 +3.7688e+00 +2.0208e+00
2568 +1.976877684e-08 +1.976877684e-08 -1.787700000e+02 -1.787700000e+02 -2.2800e+00 +3.7688e+00 +2.0208e+00
2643 +8.257160289e-09 +8.257160289e-09 -1.787700000e+02 -1.787700000e+02 -2.2800e+00 +3.7688e+00 +2.0208e+00
