% function evaluation | noise-free fitness - Fopt (-6.211100000000e+02) | best noise-free fitness - Fopt | measured fitness | best measured fitness | x1 | x2...
1 +7.743579863e+05 +7.743579863e+05 +7.737368763e+05 +7.737368763e+05 -1.5001e+00 +3.0714e+00
16 +4.604327772e+05 +4.604327772e+05 +4.598116672e+05 +4.598116672e+05 +4.0748e+00 +4.6944e+00
18 +7.810380074e+04 +7.810380074e+04 +7.748269074e+04 +7.748269074e+04 +1.1567e+00 +3.6252e+00
81 +3.281611644e+04 +3.281611644e+04 +3.219500644e+04 +3.219500644e+04 -1.7212e+00 +3.7307e+00
85 +1.454328456e+03 +1.454328456e+03 +8.332184556e+02 +8.332184556e+02 -2.2357e+00 +4.0226e+00
126 +4.821945479e+02 +4.821945479e+02 -1.389154521e+02 -1.389154521e+02 -2.9881e+00 +3.9488e+00
145 +1.453828390e+02 +1.453828390e+02 -4.757271610e+02 -4.757271610e+02 -2.0599e+00 +3.9974e+00
156 +5.751498678e+01 +5.751498678e+01 -5.635950132e+02 -5.635950132e+02 -2.5398e+00 +3.9722e+00
190 +9.428324228e-01 +9.428324228e-01 -6.201671676e+02 -6.201671676e+02 -1.6442e+00 +3.9864e+00
304 +4.291579959e-01 +4.291579959e-01 -6.206808420e+02 -6.206808420e+02 -1.3643e+00 +3.9892e+00
317 +2.670904442e-01 +2.670904442e-01 -6.208429096e+02 -6.208429096e+02 -1.2484e+00 +3.9889e+00
364 +4.602105473e-02 +4.602105473e-02 -6.210639789e+02 -6.210639789e+02 -8.7272e-01 +3.9915e+00
429 +2.514609989e-03 +2.514609989e-03 -6.211074854e+02 -6.211074854e+02 -8.5045e-01 +3.9914e+00
491 +3.148346445e-05 +3.148346445e-05 -6.211099685e+02 -6.211099685e+02 -8.9389e-01 +3.9912e+00
704 +2.011678430e-05 +2.011678430e-05 -6.211099799e+02 -6.211099799e+02 -8.8923e-01 +3.9912e+00
710 +8.906491303e-06 +8.906491303e-06 -6.211099911e+02 -6.211099911e+02 -8.8934e-01 +3.9912e+00
746 +6.282868412e-06 +6.282868412e-06 -6.211099937e+02 -6.211099937e+02 -8.8961e-01 +3.9912e+00
769 +7.609124850e-07 +7.609124850e-07 -6.211099992e+02 -6.211099992e+02 -8.9113e-01 +3.9912e+00
834 +4.351093139e-07 +4.351093139e-07 -6.211099996e+02 -6.211099996e+02 -8.9191e-01 +3.9912e+00
843 +6.066352398e-08 +6.066352398e-08 -6.211099999e+02 -6.211099999e+02 -8.9221e-01 +3.9912e+00
883 +3.847208063e-08 +3.847208063e-08 -6.211100000e+02 -6.211100000e+02 -8.9211e-01 +3.9912e+00
915 +1.371677172e-08 +1.371677172e-08 -6.211100000e+02 -6.211100000e+02 -8.9196e-01 +3.9912e+00
985 +9.219434105e-09 +9.219434105e-09 -6.211100000e+02 -6.211100000e+02 -8.9208e-01 +3.9912e+00
% function evaluation | noise-free fitness - Fopt (-2.548200000000e+02) | best noise-free fitness - Fopt | measured fitness | best measured fitness | x1 | x2...
1 +7.695973535e+08 +7.695973535e+08 +7.695970987e+08 +7.695970987e+08 -4.6608e-01 -9.5280e-01
3 +6.229867007e+08 +6.229867007e+08 +6.229864459e+08 +6.229864459e+08 -2.9184e+00 +3.2236e+00
4 +5.530428721e+06 +5.530428721e+06 +5.530173901e+06 +5.530173901e+06 -1.5351e-01 +4.2096e+00
7 +1.815837328e+06 +1.815837328e+06 +1.815582508e+06 +1.815582508e+06 +4.3769e+00 +2.3965e+00
20 +1.386684695e+05 +1.386684695e+05 +1.384136495e+05 +1.384136495e+05 +1.4022e-01 +4.8655e+00
29 +4.896221549e+03 +4.896221549e+03 +4.641401549e+03 +4.641401549e+03 +6.6793e+00 +3.8307e+00
102 +3.633814936e+03 +3.633814936e+03 +3.378994936e+03 +3.378994936e+03 +4.2696e+00 +3.7005e+00
111 +1.960585358e+03 +1.960585358e+03 +1.705765358e+03 +1.705765358e+03 +8.0896e+00 +3.8049e+00
145 +1.052369152e+03 +1.052369152e+03 +7.975491516e+02 +7.975491516e+02 +1.1922e+01 +3.7294e+00
152 +8.855101235e+02 +8.855101235e+02 +6.306901235e+02 +6.306901235e+02 +4.3232e+00 +3.7906e+00
182 +1.090105704e+02 +1.090105704e+02 -1.458094296e+02 -1.458094296e+02 +7.5745e+00 +3.7511e+00
230 +1.675169354e+01 +1.675169354e+01 -2.380683065e+02 -2.380683065e+02 +4.9649e+00 +3.7647e+00
356 +1.328957832e+01 +1.328957832e+01 -2.415304217e+02 -2.415304217e+02 +5.5445e+00 +3.7640e+00
387 +9.603101989e+00 +9.603101989e+00 -2.452168980e+02 -2.452168980e+02 +5.8774e+00 +3.7586e+00
407 +5.905645985e+00 +5.905645985e+00 -2.489143540e+02 -2.489143540e+02 +5.3818e+00 +3.7626e+00
430 +1.701773527e+00 +1.701773527e+00 -2.531182265e+02 -2.531182265e+02 +4.9395e+00 +3.7613e+00
441 +1.213732916e+00 +1.213732916e+00 -2.536062671e+02 -2.536062671e+02 +4.8417e+00 +3.7608e+00
449 +9.226002271e-01 +9.226002271e-01 -2.538973998e+02 -2.538973998e+02 +4.4118e+00 +3.7615e+00
489 +9.698896332e-02 +9.698896332e-02 -2.547230110e+02 -2.547230110e+02 +3.9227e+00 +3.7605e+00
596 +1.680446285e-02 +1.680446285e-02 -2.548031955e+02 -2.548031955e+02 +3.8703e+00 +3.7608e+00
642 +1.434142030e-02 +1.434142030e-02 -2.548056586e+02 -2.548056586e+02 +3.8559e+00 +3.7608e+00
687 +7.904956380e-04 +7.904956380e-04 -2.548192095e+02 -2.548192095e+02 +3.7590e+00 +3.7608e+00
781 +3.233983770e-04 +3.233983770e-04 -2.548196766e+02 -2.548196766e+02 +3.7413e+00 +3.7608e+00
874 +1.105226119e-04 +1.105226119e-04 -2.548198895e+02 -2.548198895e+02 +3.7425e+00 +3.7608e+00
917 +9.117073378e-05 +9.117073378e-05 -2.548199088e+02 -2.548199088e+02 +3.7428e+00 +3.7608e+00
928 +1.964310795e-05 +1.964310795e-05 -2.548199804e+02 -2.548199804e+02 +3.7448e+00 +3.7608e+00
943 +5.262456597e-06 +5.262456597e-06 -2.548199947e+02 -2.548199947e+02 +3.7401e+00 +3.7608e+00
1033 +3.267144962e-06 +3.267144962e-06 -2.548199967e+02 -2.548199967e+02 +3.7413e+00 +3.7608e+00
1094 +1.818186405e-06 +1.818186405e-06 -2.548199982e+02 -2.548199982e+02 +3.7420e+00 +3.7608e+00
1101 +9.163244954e-07 +9.163244954e-07 -2.548199991e+02 -2.548199991e+02 +3.7416e+00 +3.7608e+00
1119 +2.573159179e-07 +2.573159179e-07 -2.548199997e+02 -2.548199997e+02 +3.7409e+00 +3.7608e+00
1192 +3.316702646e-08 +3.316702646e-08 -2.548200000e+02 -2.548200000e+02 +3.7409e+00 +3.7608e+00
1282 +1.185838983e-09 +1.185838983e-09 -2.548200000e+02 -2.548200000e+02 +3.7408e+00 +3.7608e+00
% function evaluation | noise-free fitness - Fopt (5.661000000000e+01) | best noise-free fitness - Fopt | measured fitness | best measured fitness | x1 | x2...
1 +2.134567534e+08 +2.134567534e+08 +2.134568100e+08 +2.134568100e+08 -4.5059e+00 +2.1699e+00
3 +2.341672007e+06 +2.341672007e+06 +2.341728617e+06 +2.341728617e+06 +5.3194e-02 -3.2090e+00
7 +8.948354161e+05 +8.948354161e+05 +8.948920261e+05 +8.948920261e+05 -3.1550e+00 -1.5683e+00
8 +1.077496711e+03 +1.077496711e+03 +1.134106711e+03 +1.134106711e+03 -3.5787e+00 -2.4465e+00
102 +2.742571876e+02 +2.742571876e+02 +3.308671876e+02 +3.308671876e+02 -1.8468e+00 -3.7816e+00
128 +1.271126047e+02 +1.271126047e+02 +1.837226047e+02 +1.837226047e+02 -2.9902e+00 -2.9202e+00
181 +9.406062464e+01 +9.406062464e+01 +1.506706246e+02 +1.506706246e+02 -2.9897e+00 -2.9468e+00
198 +2.512536118e+01 +2.512536118e+01 +8.173536118e+01 +8.173536118e+01 -1.8674e+00 -3.7920e+00
228 +1.004288804e+01 +1.004288804e+01 +6.665288804e+01 +6.665288804e+01 -2.3746e+00 -3.3983e+00
262 +2.838443285e+00 +2.838443285e+00 +5.944844328e+01 +5.944844328e+01 -2.5107e+00 -3.2983e+00
370 +1.298356560e+00 +1.298356560e+00 +5.790835656e+01 +5.790835656e+01 -4.5331e+00 -1.6470e+00
412 +4.085779690e-01 +4.085779690e-01 +5.701857797e+01 +5.701857797e+01 -3.3708e+00 -2.6451e+00
461 +3.589034384e-01 +3.589034384e-01 +5.696890344e+01 +5.696890344e+01 -3.6357e+00 -2.4437e+00
522 +1.339768861e-01 +1.339768861e-01 +5.674397689e+01 +5.674397689e+01 -3.6145e+00 -2.4602e+00
565 +2.813448141e-02 +2.813448141e-02 +5.663813448e+01 +5.663813448e+01 -3.7242e+00 -2.3773e+00
582 +5.268242163e-04 +5.268242163e-04 +5.661052682e+01 +5.661052682e+01 -3.8632e+00 -2.2704e+00
754 +3.248651090e-04 +3.248651090e-04 +5.661032487e+01 +5.661032487e+01 -3.8372e+00 -2.2914e+00
861 +7.020917902e-05 +7.020917902e-05 +5.661007021e+01 +5.661007021e+01 -3.8473e+00 -2.2838e+00
906 +5.063450801e-05 +5.063450801e-05 +5.661005063e+01 +5.661005063e+01 -3.8456e+00 -2.2851e+00
911 +3.171459431e-05 +3.171459431e-05 +5.661003171e+01 +5.661003171e+01 -3.8517e+00 -2.2804e+00
914 +3.675741198e-06 +3.675741198e-06 +5.661000368e+01 +5.661000368e+01 -3.8501e+00 -2.2816e+00
1024 +1.505315424e-06 +1.505315424e-06 +5.661000151e+01 +5.661000151e+01 -3.8506e+00 -2.2812e+00
1033 +5.531172818e-07 +5.531172818e-07 +5.661000055e+01 +5.661000055e+01 -3.8515e+00 -2.2805e+00
1091 +1.593561265e-07 +1.593561265e-07 +5.661000016e+01 +5.661000016e+01 -3.8513e+00 -2.2808e+00
1111 +1.227104889e-07 +1.227104889e-07 +5.661000012e+01 +5.661000012e+01 -3.8511e+00 -2.2809e+00
1185 +4.600510550e-08 +4.600510550e-08 +5.661000005e+01 +5.661000005e+01 -3.8512e+00 -2.2808e+00
1352 +2.834983803e-08 +2.834983803e-08 +5.661000003e+01 +5.661000003e+01 -3.8511e+00 -2.2809e+00
1355 +2.271178801e-10 +2.271178801e-10 +5.661000000e+01 +5.661000000e+01 -3.8512e+00 -2.2808e+00
% function evaluation | noise-free fitness - Fopt (-1.810000000000e+01) | best noise-free fitness - Fopt | measured fitness | best measured fitness | x1 | x2...
1 +9.367117171e+06 +9.367117171e+06 +9.367099071e+06 +9.367099071e+06 -1.1088e+00 -2.3112e+00
5 +3.606261570e+06 +3.606261570e+06 +3.606243470e+06 +3.606243470e+06 +4.0888e+00 +1.6349e+00
7 +6.836141785e+05 +6.836141785e+05 +6.835960785e+05 +6.835960785e+05 +2.6485e+00 +8.5223e-01
13 +9.483989492e+04 +9.483989492e+04 +9.482179492e+04 +9.482179492e+04 +2.6704e+00 -3.1411e-01
15 +3.213958066e+03 +3.213958066e+03 +3.195858066e+03 +3.195858066e+03 +7.1436e-01 +3.7071e-01
47 +2.216840546e+03 +2.216840546e+03 +2.198740546e+03 +2.198740546e+03 +3.5630e+00 -2.4201e-01
137 +7.034732598e+02 +7.034732598e+02 +6.853732598e+02 +6.853732598e+02 +3.1062e+00 -1.2102e-01
165 +9.062593069e+01 +9.062593069e+01 +7.252593069e+01 +7.252593069e+01 +4.5696e+00 -4.2216e-01
190 +5.521665639e+01 +5.521665639e+01 +3.711665639e+01 +3.711665639e+01 +4.4774e+00 -3.8850e-01
298 +3.601768851e+01 +3.601768851e+01 +1.791768851e+01 +1.791768851e+01 +3.0724e+00 -9.1538e-02
317 +2.270021811e+01 +2.270021811e+01 +4.600218109e+00 +4.600218109e+00 +2.7624e+00 -2.2364e-02
333 +1.396289343e+01 +1.396289343e+01 -4.137106572e+00 -4.137106572e+00 +8.9820e-01 +3.9201e-01
369 +7.529785096e+00 +7.529785096e+00 -1.057021490e+01 -1.057021490e+01 +2.0604e+00 +1.3428e-01
373 +1.399141178e+00 +1.399141178e+00 -1.670085882e+01 -1.670085882e+01 +2.1915e-01 +5.3782e-01
434 +4.205750920e-01 +4.205750920e-01 -1.767942491e+01 -1.767942491e+01 -2.8434e-01 +6.4761e-01
495 +7.547424117e-02 +7.547424117e-02 -1.802452576e+01 -1.802452576e+01 -4.1321e-01 +6.7503e-01
528 +4.135080361e-02 +4.135080361e-02 -1.805864920e+01 -1.805864920e+01 -4.1800e-01 +6.7623e-01
549 +1.851792828e-02 +1.851792828e-02 -1.808148207e+01 -1.808148207e+01 -5.9813e-01 +7.1578e-01
629 +9.065729625e-03 +9.065729625e-03 -1.809093427e+01 -1.809093427e+01 -5.7277e-01 +7.1001e-01
650 +2.586490934e-04 +2.586490934e-04 -1.809974135e+01 -1.809974135e+01 -6.0653e-01 +7.1746e-01
741 +1.043664764e-04 +1.043664764e-04 -1.809989563e+01 -1.809989563e+01 -6.0784e-01 +7.1776e-01
798 +1.765379875e-05 +1.765379875e-05 -1.809998235e+01 -1.809998235e+01 -6.1788e-01 +7.1990e-01
889 +1.018955750e-05 +1.018955750e-05 -1.809998981e+01 -1.809998981e+01 -6.1130e-01 +7.1852e-01
955 +2.554532688e-06 +2.554532688e-06 -1.809999745e+01 -1.809999745e+01 -6.1414e-01 +7.1914e-01
977 +2.020827495e-06 +2.020827495e-06 -1.809999798e+01 -1.809999798e+01 -6.1301e-01 +7.1890e-01
1021 +1.061681836e-07 +1.061681836e-07 -1.809999989e+01 -1.809999989e+01 -6.1415e-01 +7.1915e-01
1067 +6.626143190e-08 +6.626143190e-08 -1.809999993e+01 -1.809999993e+01 -6.1433e-01 +7.1919e-01
1081 +4.324265390e-08 +4.324265390e-08 -1.809999996e+01 -1.809999996e+01 -6.1422e-01 +7.1916e-01
1149 +1.748021461e-08 +1.748021461e-08 -1.809999998e+01 -1.809999998e+01 -6.1441e-01 +7.1920e-01
1206 +1.129878768e-08 +1.129878768e-08 -1.809999999e+01 -1.809999999e+01 -6.1430e-01 +7.1918e-01
1244 +3.578435326e-10 +3.578435326e-10 -1.810000000e+01 -1.810000000e+01 -6.1442e-01 +7.1920e-01
% function evaluation | noise-free fitness - Fopt (3.777000000000e+01) | best noise-free fitness - Fopt | measured fitness | best measured fitness | x1 | x2...
1 +5.138756998e+06 +5.138756998e+06 +5.138794768e+06 +5.138794768e+06 +5.0121e-01 -2.0768e-01
13 +1.709352976e+05 +1.709352976e+05 +1.709730676e+05 +1.709730676e+05 +2.2702e+00 +1.5749e+00
60 +4.473195930e+01 +4.473195930e+01 +8.250195930e+01 +8.250195930e+01 +1.7556e+00 +1.6056e+00
198 +3.826848727e+01 +3.826848727e+01 +7.603848727e+01 +7.603848727e+01 +6.6667e-01 +1.9937e+00
433 +8.053605679e+00 +8.053605679e+00 +4.582360568e+01 +4.582360568e+01 -2.0689e+00 +2.0618e+00
554 +5.221182041e+00 +5.221182041e+00 +4.299118204e+01 +4.299118204e+01 -1.3994e+00 +2.0570e+00
590 +1.892900715e+00 +1.892900715e+00 +3.966290072e+01 +3.966290072e+01 -2.3019e+00 +2.0588e+00
654 +8.234155680e-01 +8.234155680e-01 +3.859341557e+01 +3.859341557e+01 -1.5676e+00 +2.0599e+00
697 +1.093432095e-01 +1.093432095e-01 +3.787934321e+01 +3.787934321e+01 -1.2463e+00 +2.0590e+00
725 +7.161808909e-02 +7.161808909e-02 +3.784161809e+01 +3.784161809e+01 -9.7208e-01 +2.0596e+00
808 +2.033542082e-02 +2.033542082e-02 +3.779033542e+01 +3.779033542e+01 -1.0280e+00 +2.0593e+00
869 +6.421978195e-04 +6.421978195e-04 +3.777064220e+01 +3.777064220e+01 -9.8307e-01 +2.0592e+00
1084 +5.995765758e-04 +5.995765758e-04 +3.777059958e+01 +3.777059958e+01 -9.9248e-01 +2.0592e+00
1094 +1.082008357e-04 +1.082008357e-04 +3.777010820e+01 +3.777010820e+01 -9.8960e-01 +2.0592e+00
1207 +9.710058073e-05 +9.710058073e-05 +3.777009710e+01 +3.777009710e+01 -9.8466e-01 +2.0592e+00
1290 +5.178814450e-05 +5.178814450e-05 +3.777005179e+01 +3.777005179e+01 -9.8439e-01 +2.0592e+00
1307 +3.821983083e-05 +3.821983083e-05 +3.777003822e+01 +3.777003822e+01 -9.8527e-01 +2.0592e+00
1333 +1.810654789e-05 +1.810654789e-05 +3.777001811e+01 +3.777001811e+01 -9.8345e-01 +2.0592e+00
1344 +6.003696456e-06 +6.003696456e-06 +3.777000600e+01 +3.777000600e+01 -9.7932e-01 +2.0592e+00
1385 +2.962083663e-06 +2.962083663e-06 +3.777000296e+01 +3.777000296e+01 -9.8072e-01 +2.0592e+00
1395 +1.925472667e-06 +1.925472667e-06 +3.777000193e+01 +3.777000193e+01 -9.8059e-01 +2.0592e+00
1402 +9.025417924e-07 +9.025417924e-07 +3.777000090e+01 +3.777000090e+01 -9.8004e-01 +2.0592e+00
1457 +2.830313548e-07 +2.830313548e-07 +3.777000028e+01 +3.777000028e+01 -9.7931e-01 +2.0592e+00
1465 +1.187327214e-07 +1.187327214e-07 +3.777000012e+01 +3.777000012e+01 -9.7918e-01 +2.0592e+00
1477 +8.725493217e-09 +8.725493217e-09 +3.777000001e+01 +3.777000001e+01 -9.7929e-01 +2.0592e+00
% function evaluation | noise-free fitness - Fopt (-1.523000000000e+01) | best noise-free fitness - Fopt | measured fitness | best measured fitness | x1 | x2...
1 +1.361688933e+08 +1.361688933e+08 +1.361688781e+08 +1.361688781e+08 -1.7048e+00 +2.3074e+00
2 +4.093741363e+05 +4.093741363e+05 +4.093589063e+05 +4.093589063e+05 +1.8830e+00 +2.2691e+00
22 +6.466030772e+04 +6.466030772e+04 +6.464507772e+04 +6.464507772e+04 +3.8460e+00 +1.6078e+00
50 +2.461828027e+04 +2.461828027e+04 +2.460305027e+04 +2.460305027e+04 +6.3927e+00 -7.1248e-01
110 +3.144917875e+03 +3.144917875e+03 +3.129687875e+03 +3.129687875e+03 +2.9607e+00 +1.8208e+00
133 +3.092704948e+01 +3.092704948e+01 +1.569704948e+01 +1.569704948e+01 +1.7102e+00 +3.7793e+00
243 +6.980381867e+00 +6.980381867e+00 -8.249618133e+00 -8.249618133e+00 +4.5198e+00 +8.1229e-01
259 +3.198725442e+00 +3.198725442e+00 -1.203127456e+01 -1.203127456e+01 +3.8516e+00 +1.2894e+00
413 +1.717707049e+00 +1.717707049e+00 -1.351229295e+01 -1.351229295e+01 +4.6137e+00 +7.4793e-01
421 +1.390765518e+00 +1.390765518e+00 -1.383923448e+01 -1.383923448e+01 +4.0382e+00 +1.1573e+00
424 +9.157163480e-01 +9.157163480e-01 -1.431428365e+01 -1.431428365e+01 +4.3474e+00 +9.3828e-01
428 +4.025131860e-01 +4.025131860e-01 -1.482748681e+01 -1.482748681e+01 +4.0852e+00 +1.1249e+00
482 +3.492484150e-01 +3.492484150e-01 -1.488075158e+01 -1.488075158e+01 +4.0395e+00 +1.1574e+00
484 +3.856821045e-02 +3.856821045e-02 -1.519143179e+01 -1.519143179e+01 +3.7213e+00 +1.3843e+00
523 +1.560983509e-02 +1.560983509e-02 -1.521439016e+01 -1.521439016e+01 +3.6776e+00 +1.4156e+00
594 +2.709523015e-03 +2.709523015e-03 -1.522729048e+01 -1.522729048e+01 +3.6144e+00 +1.4606e+00
607 +2.500059428e-03 +2.500059428e-03 -1.522749994e+01 -1.522749994e+01 +3.5982e+00 +1.4723e+00
720 +1.556454587e-03 +1.556454587e-03 -1.522844355e+01 -1.522844355e+01 +3.6065e+00 +1.4662e+00
731 +3.770494776e-04 +3.770494776e-04 -1.522962295e+01 -1.522962295e+01 +3.5850e+00 +1.4816e+00
789 +5.630403115e-05 +5.630403115e-05 -1.522994370e+01 -1.522994370e+01 +3.5804e+00 +1.4848e+00
880 +1.113771078e-05 +1.113771078e-05 -1.522998886e+01 -1.522998886e+01 +3.5759e+00 +1.4881e+00
894 +6.878775311e-06 +6.878775311e-06 -1.522999312e+01 -1.522999312e+01 +3.5777e+00 +1.4868e+00
911 +3.418387784e-06 +3.418387784e-06 -1.522999658e+01 -1.522999658e+01 +3.5775e+00 +1.4869e+00
972 +5.427142451e-07 +5.427142451e-07 -1.522999946e+01 -1.522999946e+01 +3.5762e+00 +1.4878e+00
1008 +2.932893590e-07 +2.932893590e-07 -1.522999971e+01 -1.522999971e+01 +3.5763e+00 +1.4878e+00
1146 +1.812188959e-07 +1.812188959e-07 -1.522999982e+01 -1.522999982e+01 +3.5763e+00 +1.4878e+00
1159 +4.528592434e-08 +4.528592434e-08 -1.522999995e+01 -1.522999995e+01 +3.5762e+00 +1.4879e+00
1180 +2.887805550e-09 +2.887805550e-09 -1.523000000e+01 -1.523000000e+01 +3.5760e+00 +1.4880e+00
% function evaluation | noise-free fitness - Fopt (-1.614300000000e+02) | best noise-free fitness - Fopt | measured fitness | best measured fitness | x1 | x2...
1 +1.501128947e+06 +1.501128947e+06 +1.500967517e+06 +1.500967517e+06 +4.5268e+00 +3.0982e+00
11 +1.243724454e+05 +1.243724454e+05 +1.242110154e+05 +1.242110154e+05 -1.2496e-02 -3.6531e+00
14 +7.241735941e+03 +7.241735941e+03 +7.080305941e+03 +7.080305941e+03 +7.0792e-01 -3.2765e+00
71 +3.470977312e+01 +3.470977312e+01 -1.267202269e+02 -1.267202269e+02 +1.0081e+00 -3.0394e+00
185 +9.202203198e-01 +9.202203198e-01 -1.605097797e+02 -1.605097797e+02 +9.9547e-01 -3.0647e+00
366 +2.614260134e-01 +2.614260134e-01 -1.611685740e+02 -1.611685740e+02 +2.7921e-01 -3.8701e+00
685 +2.431613405e-01 +2.431613405e-01 -1.611868387e+02 -1.611868387e+02 +6.0838e-01 -3.5285e+00
751 +1.260478047e-01 +1.260478047e-01 -1.613039522e+02 -1.613039522e+02 +7.2940e-01 -3.3838e+00
780 +6.368401925e-02 +6.368401925e-02 -1.613663160e+02 -1.613663160e+02 +5.8120e-01 -3.5616e+00
831 +3.725982625e-02 +3.725982625e-02 -1.613927402e+02 -1.613927402e+02 +6.0306e-01 -3.5354e+00
858 +1.743273958e-02 +1.743273958e-02 -1.614125673e+02 -1.614125673e+02 +5.8368e-01 -3.5590e+00
890 +2.142481974e-03 +2.142481974e-03 -1.614278575e+02 -1.614278575e+02 +5.3519e-01 -3.6172e+00
1173 +1.101133670e-03 +1.101133670e-03 -1.614288989e+02 -1.614288989e+02 +5.1558e-01 -3.6408e+00
1196 +7.250951437e-04 +7.250951437e-04 -1.614292749e+02 -1.614292749e+02 +5.2036e-01 -3.6351e+00
1216 +1.924870515e-04 +1.924870515e-04 -1.614298075e+02 -1.614298075e+02 +5.1349e-01 -3.6433e+00
1227 +2.485941886e-05 +2.485941886e-05 -1.614299751e+02 -1.614299751e+02 +5.0870e-01 -3.6491e+00
1373 +1.121154753e-06 +1.121154753e-06 -1.614299989e+02 -1.614299989e+02 +5.0625e-01 -3.6520e+00
1438 +5.808183801e-08 +5.808183801e-08 -1.614299999e+02 -1.614299999e+02 +5.0562e-01 -3.6528e+00
1632 +3.242951152e-08 +3.242951152e-08 -1.614300000e+02 -1.614300000e+02 +5.0572e-01 -3.6527e+00
1722 +1.430942120e-08 +1.430942120e-08 -1.614300000e+02 -1.614300000e+02 +5.0559e-01 -3.6528e+00
1757 +8.843841215e-09 +8.843841215e-09 -1.614300000e+02 -1.614300000e+02 +5.0566e-01 -3.6527e+00
% function evaluation | noise-free fitness - Fopt (3.280300000000e+02) | best noise-free fitness - Fopt | measured fitness | best measured fitness | x1 | x2...
1 +1.223045996e+05 +1.223045996e+05 +1.226326296e+05 +1.226326296e+05 +5.5368e-01 -4.4060e-01
11 +2.451681236e+04 +2.451681236e+04 +2.484484236e+04 +2.484484236e+04 -1.0854e+00 -2.1098e+00
51 +3.125498180e+02 +3.125498180e+02 +6.405798180e+02 +6.405798180e+02 -2.4176e+00 -3.4915e+00
58 +1.438451975e+02 +1.438451975e+02 +4.718751975e+02 +4.718751975e+02 +9.4908e-01 +5.6410e-01
155 +8.765649222e+01 +8.765649222e+01 +4.156864922e+02 +4.156864922e+02 -2.6670e+00 -3.7701e+00
183 +3.693197628e+01 +3.693197628e+01 +3.649619763e+02 +3.649619763e+02 +1.1103e+00 +7.8391e-01
185 +7.487116413e+00 +7.487116413e+00 +3.355171164e+02 +3.355171164e+02 +2.5255e+00 +2.4821e+00
244 +7.882358124e-01 +7.882358124e-01 +3.288182358e+02 +3.288182358e+02 +2.9137e+00 +2.9464e+00
532 +5.358249682e-02 +5.358249682e-02 +3.280835825e+02 +3.280835825e+02 +3.1217e+00 +3.1951e+00
624 +3.559869084e-02 +3.559869084e-02 +3.280655987e+02 +3.280655987e+02 +3.1111e+00 +3.1827e+00
665 +6.720792117e-03 +6.720792117e-03 +3.280367208e+02 +3.280367208e+02 +3.2122e+00 +3.3040e+00
671 +5.684340654e-03 +5.684340654e-03 +3.280356843e+02 +3.280356843e+02 +3.1876e+00 +3.2745e+00
678 +4.500316839e-04 +4.500316839e-04 +3.280304500e+02 +3.280304500e+02 +3.2119e+00 +3.3039e+00
741 +3.247685798e-04 +3.247685798e-04 +3.280303248e+02 +3.280303248e+02 +3.2235e+00 +3.3178e+00
867 +2.390837990e-04 +2.390837990e-04 +3.280302391e+02 +3.280302391e+02 +3.2207e+00 +3.3144e+00
872 +1.065285147e-05 +1.065285147e-05 +3.280300107e+02 +3.280300107e+02 +3.2227e+00 +3.3168e+00
922 +1.123525749e-06 +1.123525749e-06 +3.280300011e+02 +3.280300011e+02 +3.2240e+00 +3.3184e+00
1104 +8.163289635e-07 +8.163289635e-07 +3.280300008e+02 +3.280300008e+02 +3.2234e+00 +3.3177e+00
1131 +3.185948572e-08 +3.185948572e-08 +3.280300000e+02 +3.280300000e+02 +3.2240e+00 +3.3184e+00
1187 +1.482192147e-08 +1.482192147e-08 +3.280300000e+02 +3.280300000e+02 +3.2239e+00 +3.3183e+00
1280 +4.186233582e-09 +4.186233582e-09 +3.280300000e+02 +3.280300000e+02 +3.2240e+00 +3.3184e+00
% function evaluation | noise-free fitness - Fopt (-3.213000000000e+01) | best noise-free fitness - Fopt | measured fitness | best measured fitness | x1 | x2...
1 +2.765480499e+07 +2.765480499e+07 +2.765477286e+07 +2.765477286e+07 +1.7083e+00 -3.4836e+00
2 +8.727068578e+04 +8.727068578e+04 +8.723855578e+04 +8.723855578e+04 +2.1063e+00 +2.0749e+00
3 +4.578671605e+04 +4.578671605e+04 +4.575458605e+04 +4.575458605e+04 +4.5416e+00 +1.2664e+00
15 +2.280210666e+04 +2.280210666e+04 +2.276997666e+04 +2.276997666e+04 +5.8330e-01 +1.6242e+00
87 +3.629598834e+03 +3.629598834e+03 +3.597468834e+03 +3.597468834e+03 -1.5231e+00 +1.7150e+00
108 +1.970768047e+03 +1.970768047e+03 +1.938638047e+03 +1.938638047e+03 -3.5894e+00 +1.7310e+00
153 +5.764518064e+02 +5.764518064e+02 +5.443218064e+02 +5.443218064e+02 -8.6440e+00 +1.7532e+00
192 +2.809269099e+02 +2.809269099e+02 +2.487969099e+02 +2.487969099e+02 -9.4481e+00 +1.7620e+00
197 +3.383784505e+01 +3.383784505e+01 +1.707845047e+00 +1.707845047e+00 -2.4694e+00 +1.7800e+00
379 +1.074005380e+01 +1.074005380e+01 -2.138994620e+01 -2.138994620e+01 -2.4100e+00 +1.7752e+00
423 +4.730430154e+00 +4.730430154e+00 -2.739956985e+01 -2.739956985e+01 -2.4894e-01 +1.7733e+00
453 +2.658386433e+00 +2.658386433e+00 -2.947161357e+01 -2.947161357e+01 +3.0670e-02 +1.7738e+00
473 +1.771844009e+00 +1.771844009e+00 -3.035815599e+01 -3.035815599e+01 +6.9083e-01 +1.7765e+00
481 +4.177077246e-01 +4.177077246e-01 -3.171229228e+01 -3.171229228e+01 +3.2572e-01 +1.7748e+00
616 +9.819986207e-02 +9.819986207e-02 -3.203180014e+01 -3.203180014e+01 +6.3462e-01 +1.7750e+00
622 +1.064330946e-02 +1.064330946e-02 -3.211935669e+01 -3.211935669e+01 +8.1209e-01 +1.7753e+00
806 +4.218240316e-03 +4.218240316e-03 -3.212578176e+01 -3.212578176e+01 +8.5167e-01 +1.7751e+00
807 +8.827461282e-04 +8.827461282e-04 -3.212911725e+01 -3.212911725e+01 +8.3998e-01 +1.7752e+00
852 +7.048260652e-05 +7.048260652e-05 -3.212992952e+01 -3.212992952e+01 +8.6624e-01 +1.7752e+00
866 +6.119461968e-05 +6.119461968e-05 -3.212993881e+01 -3.212993881e+01 +8.6198e-01 +1.7752e+00
909 +2.744735378e-05 +2.744735378e-05 -3.212997255e+01 -3.212997255e+01 +8.6847e-01 +1.7753e+00
1099 +1.092858284e-06 +1.092858284e-06 -3.212999891e+01 -3.212999891e+01 +8.6683e-01 +1.7752e+00
1236 +6.195182323e-08 +6.195182323e-08 -3.212999994e+01 -3.212999994e+01 +8.6696e-01 +1.7752e+00
1405 +1.575391906e-08 +1.575391906e-08 -3.212999998e+01 -3.212999998e+01 +8.6720e-01 +1.7752e+00
1570 +9.956579561e-09 +9.956579561e-09 -3.212999999e+01 -3.212999999e+01 +8.6710e-01 +1.7752e+00
% function evaluation | noise-free fitness - Fopt (1.576000000000e+01) | best noise-free fitness - Fopt | measured fitness | best measured fitness | x1 | x2...
1 +1.045294878e+07 +1.045294878e+07 +1.045296454e+07 +1.045296454e+07 -2.8514e+00 -1.1730e+00
5 +7.915751054e+05 +7.915751054e+05 +7.915908654e+05 +7.915908654e+05 +4.4893e+00 -2.9521e+00
6 +3.039970612e+04 +3.039970612e+04 +3.041546612e+04 +3.041546612e+04 +3.6151e+00 -2.2368e+00
58 +2.033612557e+04 +2.033612557e+04 +2.035188557e+04 +2.035188557e+04 +5.9624e+00 -1.9198e+00
79 +4.391020261e+03 +4.391020261e+03 +4.406780261e+03 +4.406780261e+03 +9.4373e+00 -1.9964e+00
97 +1.084306689e+03 +1.084306689e+03 +1.100066689e+03 +1.100066689e+03 +3.9793e+00 -2.0295e+00
126 +5.890368082e+02 +5.890368082e+02 +6.047968082e+02 +6.047968082e+02 +3.5389e+00 -2.0381e+00
149 +3.189131933e+01 +3.189131933e+01 +4.765131933e+01 +4.765131933e+01 +6.2214e+00 -2.0577e+00
160 +4.798985105e+00 +4.798985105e+00 +2.055898511e+01 +2.055898511e+01 +4.7731e+00 -2.0638e+00
239 +2.358926449e+00 +2.358926449e+00 +1.811892645e+01 +1.811892645e+01 +4.5565e+00 -2.0629e+00
282 +7.391498148e-01 +7.391498148e-01 +1.649914981e+01 +1.649914981e+01 +3.6122e+00 -2.0617e+00
331 +6.571560137e-02 +6.571560137e-02 +1.582571560e+01 +1.582571560e+01 +3.3168e+00 -2.0625e+00
584 +4.682173836e-02 +4.682173836e-02 +1.580682174e+01 +1.580682174e+01 +3.1834e+00 -2.0626e+00
588 +1.526500906e-02 +1.526500906e-02 +1.577526501e+01 +1.577526501e+01 +2.9388e+00 -2.0671e+00
754 +3.858867413e-03 +3.858867413e-03 +1.576385887e+01 +1.576385887e+01 +3.1357e+00 -2.0624e+00
864 +1.133300589e-03 +1.133300589e-03 +1.576113330e+01 +1.576113330e+01 +3.0537e+00 -2.0636e+00
992 +2.144106141e-04 +2.144106141e-04 +1.576021441e+01 +1.576021441e+01 +3.1101e+00 -2.0624e+00
1436 +4.366307446e-05 +4.366307446e-05 +1.576004366e+01 +1.576004366e+01 +3.0907e+00 -2.0625e+00
1633 +3.133288093e-05 +3.133288093e-05 +1.576003133e+01 +1.576003133e+01 +3.0921e+00 -2.0625e+00
1644 +1.883630802e-05 +1.883630802e-05 +1.576001884e+01 +1.576001884e+01 +3.0950e+00 -2.0624e+00
1705 +2.846111176e-06 +2.846111176e-06 +1.576000285e+01 +1.576000285e+01 +3.0959e+00 -2.0624e+00
1740 +1.684248176e-06 +1.684248176e-06 +1.576000168e+01 +1.576000168e+01 +3.0965e+00 -2.0624e+00
1828 +1.530565804e-06 +1.530565804e-06 +1.576000153e+01 +1.576000153e+01 +3.0966e+00 -2.0624e+00
1855 +5.607527847e-07 +5.607527847e-07 +1.576000056e+01 +1.576000056e+01 +3.0969e+00 -2.0624e+00
1956 +1.784549806e-07 +1.784549806e-07 +1.576000018e+01 +1.576000018e+01 +3.0971e+00 -2.0624e+00
1973 +1.302172912e-07 +1.302172912e-07 +1.576000013e+01 +1.576000013e+01 +3.0972e+00 -2.0624e+00
2129 +6.214824566e-08 +6.214824566e-08 +1.576000006e+01 +1.576000006e+01 +3.0973e+00 -2.0624e+00
2304 +3.661154580e-08 +3.661154580e-08 +1.576000004e+01 +1.576000004e+01 +3.0974e+00 -2.0624e+00
2367 +2.479468897e-08 +2.479468897e-08 +1.576000002e+01 +1.576000002e+01 +3.0975e+00 -2.0624e+00
2463 +1.412771766e-08 +1.412771766e-08 +1.576000001e+01 +1.576000001e+01 +3.0975e+00 -2.0624e+00
2522 +9.555094493e-09 +9.555094493e-09 +1.576000001e+01 +1.576000001e+01 +3.0975e+00 -2.0624e+00
% function evaluation | noise-free fitness - Fopt (3.735000000000e+01) | best noise-free fitness - Fopt | measured fitness | best measured fitness | x1 | x2...
1 +3.040009781e+06 +3.040009781e+06 +3.040047131e+06 +3.040047131e+06 -4.4005e+00 +8.6596e-01
3 +7.124572376e+05 +7.124572376e+05 +7.124945876e+05 +7.124945876e+05 -3.6169e+00 +3.9558e-03
18 +1.744004998e+04 +1.744004998e+04 +1.747739998e+04 +1.747739998e+04 -2.3386e+00 -1.0392e+00
28 +1.401839156e+02 +1.401839156e+02 +1.775339156e+02 +1.775339156e+02 -2.8248e+00 -8.5527e-01
172 +8.966345141e+01 +8.966345141e+01 +1.270134514e+02 +1.270134514e+02 -5.4824e+00 -8.6831e-01
293 +1.682401098e+01 +1.682401098e+01 +5.417401098e+01 +5.417401098e+01 -2.2716e+00 -9.3324e-01
475 +2.791593039e+00 +2.791593039e+00 +4.014159304e+01 +4.014159304e+01 -3.9813e+00 -8.7597e-01
589 +1.730944317e+00 +1.730944317e+00 +3.908094432e+01 +3.908094432e+01 -4.9464e+00 -8.7771e-01
638 +2.044420848e-01 +2.044420848e-01 +3.755444208e+01 +3.755444208e+01 -3.6259e+00 -8.7644e-01
716 +2.276417868e-02 +2.276417868e-02 +3.737276418e+01 +3.737276418e+01 -3.7848e+00 -8.7762e-01
803 +8.638542744e-03 +8.638542744e-03 +3.735863854e+01 +3.735863854e+01 -3.6596e+00 -8.7751e-01
824 +5.879918296e-03 +5.879918296e-03 +3.735587992e+01 +3.735587992e+01 -3.6842e+00 -8.7754e-01
873 +6.796356936e-04 +6.796356936e-04 +3.735067964e+01 +3.735067964e+01 -3.6613e+00 -8.7760e-01
882 +5.979725623e-05 +5.979725623e-05 +3.735005980e+01 +3.735005980e+01 -3.6318e+00 -8.7742e-01
1131 +3.209342432e-05 +3.209342432e-05 +3.735003209e+01 +3.735003209e+01 -3.6407e+00 -8.7760e-01
1206 +1.711566379e-05 +1.711566379e-05 +3.735001712e+01 +3.735001712e+01 -3.6380e+00 -8.7760e-01
1262 +1.567406178e-05 +1.567406178e-05 +3.735001567e+01 +3.735001567e+01 -3.6388e+00 -8.7760e-01
1278 +6.883559976e-06 +6.883559976e-06 +3.735000688e+01 +3.735000688e+01 -3.6378e+00 -8.7760e-01
1290 +2.718343907e-06 +2.718343907e-06 +3.735000272e+01 +3.735000272e+01 -3.6344e+00 -8.7757e-01
1348 +1.932178570e-06 +1.932178570e-06 +3.735000193e+01 +3.735000193e+01 -3.6344e+00 -8.7757e-01
1352 +8.008494987e-07 +8.008494987e-07 +3.735000080e+01 +3.735000080e+01 -3.6346e+00 -8.7758e-01
1676 +4.665168589e-07 +4.665168589e-07 +3.735000047e+01 +3.735000047e+01 -3.6345e+00 -8.7758e-01
1881 +2.769582821e-07 +2.769582821e-07 +3.735000028e+01 +3.735000028e+01 -3.6347e+00 -8.7758e-01
2002 +1.968304915e-07 +1.968304915e-07 +3.735000020e+01 +3.735000020e+01 -3.6347e+00 -8.7759e-01
2094 +1.089005295e-07 +1.089005295e-07 +3.735000011e+01 +3.735000011e+01 -3.6354e+00 -8.7760e-01
2126 +3.569731888e-08 +3.569731888e-08 +3.735000004e+01 +3.735000004e+01 -3.6352e+00 -8.7760e-01
2187 +1.051218845e-08 +1.051218845e-08 +3.735000001e+01 +3.735000001e+01 -3.6351e+00 -8.7760e-01
2224 +8.676032337e-09 +8.676032337e-09 +3.735000001e+01 +3.735000001e+01 -3.6351e+00 -8.7760e-01
% function evaluation | noise-free fitness - Fopt (-3.096300000000e+02) | best noise-free fitness - Fopt | measured fitness | best measured fitness | x1 | x2...
1 +3.795880301e+07 +3.795880301e+07 +3.795849338e+07 +3.795849338e+07 -1.6318e+00 +4.9749e+00
2 +6.506998314e+04 +6.506998314e+04 +6.476035314e+04 +6.476035314e+04 +4.4606e+00 +3.4407e+00
40 +5.242962082e+04 +5.242962082e+04 +5.211999082e+04 +5.211999082e+04 +1.0336e+01 +3.7141e+00
51 +1.692648010e+04 +1.692648010e+04 +1.661685010e+04 +1.661685010e+04 +4.2722e+00 +3.3172e+00
52 +1.499731650e+04 +1.499731650e+04 +1.468768650e+04 +1.468768650e+04 -3.6879e+00 +2.2650e+00
66 +4.124326784e+03 +4.124326784e+03 +3.814696784e+03 +3.814696784e+03 +1.0979e+01 +4.0048e+00
84 +3.908557745e+03 +3.908557745e+03 +3.598927745e+03 +3.598927745e+03 -3.3798e+00 +2.2249e+00
94 +5.546054383e+02 +5.546054383e+02 +2.449754383e+02 +2.449754383e+02 -2.9275e-01 +2.5689e+00
124 +2.991149708e+01 +2.991149708e+01 -2.797185029e+02 -2.797185029e+02 -8.7839e+00 +1.4504e+00
169 +1.384951567e+01 +1.384951567e+01 -2.957804843e+02 -2.957804843e+02 -3.7247e+00 +2.0832e+00
201 +7.326310997e+00 +7.326310997e+00 -3.023036890e+02 -3.023036890e+02 -1.3888e+00 +2.4366e+00
268 +2.986221984e-01 +2.986221984e-01 -3.093313778e+02 -3.093313778e+02 -3.2211e+00 +2.1571e+00
449 +1.181078001e-01 +1.181078001e-01 -3.095118922e+02 -3.095118922e+02 -3.8534e+00 +2.0709e+00
1018 +9.461814741e-02 +9.461814741e-02 -3.095353819e+02 -3.095353819e+02 -3.2291e+00 +2.1551e+00
1041 +2.866041607e-03 +2.866041607e-03 -3.096271340e+02 -3.096271340e+02 -3.4597e+00 +2.1209e+00
1463 +1.464290633e-03 +1.464290633e-03 -3.096285357e+02 -3.096285357e+02 -3.4916e+00 +2.1164e+00
1503 +9.571550023e-04 +9.571550023e-04 -3.096290428e+02 -3.096290428e+02 -3.5411e+00 +2.1101e+00
1786 +1.914324715e-04 +1.914324715e-04 -3.096298086e+02 -3.096298086e+02 -3.5165e+00 +2.1131e+00
1836 +9.262441898e-05 +9.262441898e-05 -3.096299074e+02 -3.096299074e+02 -3.5218e+00 +2.1125e+00
1928 +4.156056127e-05 +4.156056127e-05 -3.096299584e+02 -3.096299584e+02 -3.5100e+00 +2.1140e+00
1956 +3.475610703e-05 +3.475610703e-05 -3.096299652e+02 -3.096299652e+02 -3.5162e+00 +2.1132e+00
1976 +1.462038853e-05 +1.462038853e-05 -3.096299854e+02 -3.096299854e+02 -3.5090e+00 +2.1141e+00
2055 +6.459128826e-06 +6.459128826e-06 -3.096299935e+02 -3.096299935e+02 -3.5105e+00 +2.1139e+00
2140 +1.624810409e-06 +1.624810409e-06 -3.096299984e+02 -3.096299984e+02 -3.5116e+00 +2.1138e+00
2232 +3.455436399e-07 +3.455436399e-07 -3.096299997e+02 -3.096299997e+02 -3.5130e+00 +2.1136e+00
2281 +1.629255735e-07 +1.629255735e-07 -3.096299998e+02 -3.096299998e+02 -3.5132e+00 +2.1135e+00
2291 +2.699681545e-08 +2.699681545e-08 -3.096300000e+02 -3.096300000e+02 -3.5128e+00 +2.1136e+00
2350 +1.418919737e-08 +1.418919737e-08 -3.096300000e+02 -3.096300000e+02 -3.5128e+00 +2.1136e+00
2469 +4.494268069e-09 +4.494268069e-09 -3.096300000e+02 -3.096300000e+02 -3.5128e+00 +2.1136e+00
% function evaluation | noise-free fitness - Fopt (-1.000000000000e+03) | best noise-free fitness - Fopt | measured fitness | best measured fitness | x1 | x2...
1 +4.713001310e+07 +4.713001310e+07 +4.712901310e+07 +4.712901310e+07 -2.1009e+00 -3.2691e+00
3 +8.558847521e+04 +8.558847521e+04 +8.458847521e+04 +8.458847521e+04 +2.7307e+00 +3.3034e+00
10 +3.803803147e+04 +3.803803147e+04 +3.703803147e+04 +3.703803147e+04 -7.8770e-01 +3.4010e+00
42 +1.440325838e+04 +1.440325838e+04 +1.340325838e+04 +1.340325838e+04 -3.6385e+00 +3.7158e+00
51 +5.661686842e+03 +5.661686842e+03 +4.661686842e+03 +4.661686842e+03 -3.4692e+00 +3.5211e+00
106 +1.528398605e+03 +1.528398605e+03 +5.283986049e+02 +5.283986049e+02 -2.1879e+00 +3.6347e+00
129 +7.621641803e+01 +7.621641803e+01 -9.237835820e+02 -9.237835820e+02 -8.9275e-01 +3.6036e+00
242 +3.868804263e+01 +3.868804263e+01 -9.613119574e+02 -9.613119574e+02 -2.5577e+00 +3.5978e+00
274 +9.312488898e+00 +9.312488898e+00 -9.906875111e+02 -9.906875111e+02 +1.5637e+00 +3.5936e+00
321 +3.650626125e+00 +3.650626125e+00 -9.963493739e+02 -9.963493739e+02 +1.5289e+00 +3.5957e+00
368 +2.707410305e-01 +2.707410305e-01 -9.997292590e+02 -9.997292590e+02 +2.8892e+00 +3.5960e+00
402 +1.422435181e-01 +1.422435181e-01 -9.998577565e+02 -9.998577565e+02 +3.1586e+00 +3.5963e+00
420 +1.028438719e-03 +1.028438719e-03 -9.999989716e+02 -9.999989716e+02 +3.4460e+00 +3.5972e+00
582 +5.849380424e-04 +5.849380424e-04 -9.999994151e+02 -9.999994151e+02 +3.4271e+00 +3.5965e+00
641 +3.332232239e-04 +3.332232239e-04 -9.999996668e+02 -9.999996668e+02 +3.4230e+00 +3.5964e+00
773 +1.163348281e-04 +1.163348281e-04 -9.999998837e+02 -9.999998837e+02 +3.3973e+00 +3.5960e+00
1040 +7.341870446e-05 +7.341870446e-05 -9.999999266e+02 -9.999999266e+02 +3.4182e+00 +3.5962e+00
1051 +3.076408780e-05 +3.076408780e-05 -9.999999692e+02 -9.999999692e+02 +3.4064e+00 +3.5960e+00
1264 +2.492984186e-05 +2.492984186e-05 -9.999999751e+02 -9.999999751e+02 +3.4034e+00 +3.5960e+00
1301 +1.336914886e-05 +1.336914886e-05 -9.999999866e+02 -9.999999866e+02 +3.4053e+00 +3.5960e+00
1373 +2.413071570e-06 +2.413071570e-06 -9.999999976e+02 -9.999999976e+02 +3.4093e+00 +3.5960e+00
1594 +9.002235402e-08 +9.002235402e-08 -9.999999999e+02 -9.999999999e+02 +3.4081e+00 +3.5960e+00
1945 +1.001490091e-08 +1.001490091e-08 -1.000000000e+03 -1.000000000e+03 +3.4081e+00 +3.5960e+00
2129 +8.386450645e-09 +8.386450645e-09 -1.000000000e+03 -1.000000000e+03 +3.4081e+00 +3.5960e+00
% function evaluation | noise-free fitness - Fopt (5.800000000000e+01) | best noise-free fitness - Fopt | measured fitness | best measured fitness | x1 | x2...
1 +7.557468536e+04 +7.557468536e+04 +7.563268536e+04 +7.563268536e+04 -2.5416e+00 +3.8913e+00
5 +9.312749198e+03 +9.312749198e+03 +9.370749198e+03 +9.370749198e+03 -4.5473e+00 +3.8861e+00
75 +4.009679724e+03 +4.009679724e+03 +4.067679724e+03 +4.067679724e+03 +1.7498e+00 +3.0843e+00
119 +1.405129665e+03 +1.405129665e+03 +1.463129665e+03 +1.463129665e+03 +4.6450e-01 +3.2411e+00
148 +6.691405962e+02 +6.691405962e+02 +7.271405962e+02 +7.271405962e+02 +8.3877e+00 +2.5826e+00
156 +1.994298129e+02 +1.994298129e+02 +2.574298129e+02 +2.574298129e+02 +4.0261e+00 +2.9309e+00
164 +4.205889678e+01 +4.205889678e+01 +1.000588968e+02 +1.000588968e+02 +3.4761e+00 +2.9966e+00
214 +3.414423603e+01 +3.414423603e+01 +9.214423603e+01 +9.214423603e+01 -2.3033e-01 +3.3700e+00
221 +2.122946781e+01 +2.122946781e+01 +7.922946781e+01 +7.922946781e+01 +1.4385e-01 +3.3191e+00
243 +1.477564866e+01 +1.477564866e+01 +7.277564866e+01 +7.277564866e+01 +8.6247e-01 +3.2505e+00
264 +3.261810136e+00 +3.261810136e+00 +6.126181014e+01 +6.126181014e+01 -1.1778e+00 +3.4625e+00
308 +7.350500230e-01 +7.350500230e-01 +5.873505002e+01 +5.873505002e+01 -2.1433e+00 +3.5663e+00
384 +3.825546683e-01 +3.825546683e-01 +5.838255467e+01 +5.838255467e+01 -2.5266e+00 +3.6082e+00
424 +2.097465474e-01 +2.097465474e-01 +5.820974655e+01 +5.820974655e+01 -2.6472e+00 +3.6198e+00
457 +1.560158745e-01 +1.560158745e-01 +5.815601587e+01 +5.815601587e+01 -2.6906e+00 +3.6244e+00
495 +2.889860267e-02 +2.889860267e-02 +5.802889860e+01 +5.802889860e+01 -2.8773e+00 +3.6439e+00
514 +2.085674030e-02 +2.085674030e-02 +5.802085674e+01 +5.802085674e+01 -2.8553e+00 +3.6414e+00
523 +9.752025615e-03 +9.752025615e-03 +5.800975203e+01 +5.800975203e+01 -2.9013e+00 +3.6462e+00
647 +5.431446626e-03 +5.431446626e-03 +5.800543145e+01 +5.800543145e+01 -2.8975e+00 +3.6458e+00
675 +3.713329495e-03 +3.713329495e-03 +5.800371333e+01 +5.800371333e+01 -2.9084e+00 +3.6467e+00
822 +2.109861768e-03 +2.109861768e-03 +5.800210986e+01 +5.800210986e+01 -2.9244e+00 +3.6483e+00
927 +1.576203204e-03 +1.576203204e-03 +5.800157620e+01 +5.800157620e+01 -2.9283e+00 +3.6487e+00
1002 +9.739576550e-04 +9.739576550e-04 +5.800097396e+01 +5.800097396e+01 -2.9390e+00 +3.6497e+00
1060 +5.524901875e-04 +5.524901875e-04 +5.800055249e+01 +5.800055249e+01 -2.9468e+00 +3.6504e+00
1077 +7.014395052e-05 +7.014395052e-05 +5.800007014e+01 +5.800007014e+01 -2.9615e+00 +3.6518e+00
1079 +6.134667707e-06 +6.134667707e-06 +5.800000613e+01 +5.800000613e+01 -2.9615e+00 +3.6518e+00
1114 +3.434543764e-06 +3.434543764e-06 +5.800000343e+01 +5.800000343e+01 -2.9631e+00 +3.6519e+00
1120 +1.732870231e-06 +1.732870231e-06 +5.800000173e+01 +5.800000173e+01 -2.9629e+00 +3.6519e+00
1189 +1.449469870e-06 +1.449469870e-06 +5.800000145e+01 +5.800000145e+01 -2.9636e+00 +3.6520e+00
1221 +9.474696654e-07 +9.474696654e-07 +5.800000095e+01 +5.800000095e+01 -2.9637e+00 +3.6520e+00
1261 +1.600110124e-07 +1.600110124e-07 +5.800000016e+01 +5.800000016e+01 -2.9636e+00 +3.6520e+00
1301 +4.659010244e-08 +4.659010244e-08 +5.800000005e+01 +5.800000005e+01 -2.9639e+00 +3.6520e+00
1360 +2.827550105e-08 +2.827550105e-08 +5.800000003e+01 +5.800000003e+01 -2.9641e+00 +3.6520e+00
1367 +1.615358514e-08 +1.615358514e-08 +5.800000002e+01 +5.800000002e+01 -2.9639e+00 +3.6520e+00
1401 +5.425647487e-09 +5.425647487e-09 +5.800000001e+01 +5.800000001e+01 -2.9639e+00 +3.6520e+00
% function evaluation | noise-free fitness - Fopt (9.438000000000e+01) | best noise-free fitness - Fopt | measured fitness | best measured fitness | x1 | x2...
1 +5.726607106e+07 +5.726607106e+07 +5.726616544e+07 +5.726616544e+07 -1.1312e+00 -4.0077e+00
2 +5.023922046e+05 +5.023922046e+05 +5.024865846e+05 +5.024865846e+05 +7.3409e-01 +2.8530e+00
10 +3.404635266e+05 +3.404635266e+05 +3.405579066e+05 +3.405579066e+05 -6.5982e-01 +2.9768e+00
30 +6.094982318e+04 +6.094982318e+04 +6.104420318e+04 +6.104420318e+04 +5.3971e-01 +3.9003e+00
79 +7.078533854e+02 +7.078533854e+02 +8.022333854e+02 +8.022333854e+02 -5.3774e-01 +3.5974e+00
96 +3.561134096e+01 +3.561134096e+01 +1.299913410e+02 +1.299913410e+02 +1.7043e+00 +3.5680e+00
229 +1.663363103e+01 +1.663363103e+01 +1.110136310e+02 +1.110136310e+02 -3.5566e-01 +3.5646e+00
236 +6.983156899e+00 +6.983156899e+00 +1.013631569e+02 +1.013631569e+02 -5.3143e-01 +3.5616e+00
301 +3.607662939e+00 +3.607662939e+00 +9.798766294e+01 +9.798766294e+01 -1.3660e+00 +3.5606e+00
315 +1.167014756e+00 +1.167014756e+00 +9.554701476e+01 +9.554701476e+01 -1.9876e+00 +3.5591e+00
361 +9.903858001e-01 +9.903858001e-01 +9.537038580e+01 +9.537038580e+01 -2.6067e+00 +3.5591e+00
370 +2.184440281e-01 +2.184440281e-01 +9.459844403e+01 +9.459844403e+01 -2.6130e+00 +3.5583e+00
390 +7.382953281e-04 +7.382953281e-04 +9.438073830e+01 +9.438073830e+01 -3.0442e+00 +3.5576e+00
502 +5.944179155e-04 +5.944179155e-04 +9.438059442e+01 +9.438059442e+01 -3.0652e+00 +3.5576e+00
602 +1.948816382e-04 +1.948816382e-04 +9.438019488e+01 +9.438019488e+01 -3.0550e+00 +3.5576e+00
647 +6.128276027e-06 +6.128276027e-06 +9.438000613e+01 +9.438000613e+01 -3.0410e+00 +3.5576e+00
824 +6.107638484e-07 +6.107638484e-07 +9.438000061e+01 +9.438000061e+01 -3.0430e+00 +3.5576e+00
902 +3.288618444e-07 +3.288618444e-07 +9.438000033e+01 +9.438000033e+01 -3.0427e+00 +3.5576e+00
946 +2.264272183e-07 +2.264272183e-07 +9.438000023e+01 +9.438000023e+01 -3.0427e+00 +3.5576e+00
948 +9.123940004e-08 +9.123940004e-08 +9.438000009e+01 +9.438000009e+01 -3.0429e+00 +3.5576e+00
1005 +5.375586909e-08 +5.375586909e-08 +9.438000005e+01 +9.438000005e+01 -3.0434e+00 +3.5576e+00
1008 +1.337451749e-08 +1.337451749e-08 +9.438000001e+01 +9.438000001e+01 -3.0432e+00 +3.5576e+00
1013 +3.011550120e-09 +3.011550120e-09 +9.438000000e+01 +9.438000000e+01 -3.0432e+00 +3.5576e+00
