% function evaluation | noise-free fitness - Fopt (-5.235000000000e+01) | best noise-free fitness - Fopt | measured fitness | best measured fitness | x1 | x2...
1 +1.527590667e+02 +1.527590667e+02 +1.004090667e+02 +1.004090667e+02 +2.8365e+00 +3.2795e+00 +2.7158e+00 +4.0294e-01 +1.7653e+00
5 +1.143860525e+01 +1.143860525e+01 -4.091139475e+01 -4.091139475e+01 -2.7564e+00 -1.6546e+00 +3.2607e+00 -3.1092e+00 -3.4684e+00
8 +5.853762170e+00 +5.853762170e+00 -4.649623783e+01 -4.649623783e+01 -1.5041e+00 +3.2798e+00 +4.3827e+00 -1.5301e+00 -2.1826e+00
32 +3.909107555e+00 +3.909107555e+00 -4.844089244e+01 -4.844089244e+01 +1.7518e+00 -1.4069e+00 +2.0423e+00 -3.3986e+00 -2.4572e+00
138 +2.397250285e+00 +2.397250285e+00 -4.995274971e+01 -4.995274971e+01 -1.8888e+00 -2.7178e+00 +2.9256e+00 -1.3559e+00 -2.0211e+00
153 +1.375229507e+00 +1.375229507e+00 -5.097477049e+01 -5.097477049e+01 +7.6179e-03 -1.6795e+00 +2.0423e+00 -3.3986e+00 -1.9729e+00
227 +4.680258753e-01 +4.680258753e-01 -5.188197412e+01 -5.188197412e+01 -8.3920e-01 -8.8710e-01 +2.3861e+00 -1.5304e+00 -1.6668e+00
336 +3.462559758e-01 +3.462559758e-01 -5.200374402e+01 -5.200374402e+01 -6.2816e-01 -7.0208e-01 +2.2313e+00 -2.6312e+00 -1.6196e+00
409 +1.999795724e-01 +1.999795724e-01 -5.215002043e+01 -5.215002043e+01 -6.8893e-01 -1.1350e+00 +2.5462e+00 -2.7310e+00 -1.7532e+00
469 +1.265492033e-01 +1.265492033e-01 -5.222345080e+01 -5.222345080e+01 -9.8650e-01 -1.2157e+00 +2.6099e+00 -2.6524e+00 -1.2441e+00
479 +4.349294935e-02 +4.349294935e-02 -5.230650705e+01 -5.230650705e+01 -8.4538e-01 -1.2883e+00 +2.6316e+00 -2.4462e+00 -1.7382e+00
601 +3.513732982e-02 +3.513732982e-02 -5.231486267e+01 -5.231486267e+01 -9.2976e-01 -1.2883e+00 +2.6316e+00 -2.5198e+00 -1.3818e+00
654 +2.205982987e-02 +2.205982987e-02 -5.232794017e+01 -5.232794017e+01 -8.2818e-01 -1.1762e+00 +2.3484e+00 -2.3359e+00 -1.3960e+00
663 +5.349411267e-03 +5.349411267e-03 -5.234465059e+01 -5.234465059e+01 -9.6314e-01 -1.3035e+00 +2.5617e+00 -2.4862e+00 -1.5495e+00
685 +2.274542181e-03 +2.274542181e-03 -5.234772546e+01 -5.234772546e+01 -8.1505e-01 -1.2007e+00 +2.5137e+00 -2.2835e+00 -1.5562e+00
876 +1.346567577e-03 +1.346567577e-03 -5.234865343e+01 -5.234865343e+01 -8.1505e-01 -1.2022e+00 +2.5137e+00 -2.2835e+00 -1.5357e+00
910 +8.477831200e-04 +8.477831200e-04 -5.234915222e+01 -5.234915222e+01 -8.6414e-01 -1.2330e+00 +2.5218e+00 -2.3635e+00 -1.5392e+00
1452 +2.758329458e-04 +2.758329458e-04 -5.234972417e+01 -5.234972417e+01 -8.8113e-01 -1.2483e+00 +2.5387e+00 -2.3827e+00 -1.5230e+00
1802 +1.325746315e-04 +1.325746315e-04 -5.234986743e+01 -5.234986743e+01 -8.5696e-01 -1.2234e+00 +2.5047e+00 -2.3450e+00 -1.5099e+00
2176 +9.747358742e-05 +9.747358742e-05 -5.234990253e+01 -5.234990253e+01 -8.6102e-01 -1.2332e+00 +2.5261e+00 -2.3487e+00 -1.5250e+00
2353 +3.289816133e-05 +3.289816133e-05 -5.234996710e+01 -5.234996710e+01 -8.6419e-01 -1.2352e+00 +2.5247e+00 -2.3472e+00 -1.5119e+00
2806 +2.041692576e-05 +2.041692576e-05 -5.234997958e+01 -5.234997958e+01 -8.6883e-01 -1.2408e+00 +2.5334e+00 -2.3539e+00 -1.5160e+00
2886 +8.936091881e-06 +8.936091881e-06 -5.234999106e+01 -5.234999106e+01 -8.7294e-01 -1.2429e+00 +2.5327e+00 -2.3614e+00 -1.5161e+00
3037 +5.578919932e-06 +5.578919932e-06 -5.234999442e+01 -5.234999442e+01 -8.6988e-01 -1.2401e+00 +2.5300e+00 -2.3578e+00 -1.5172e+00
3050 +3.723975738e-06 +3.723975738e-06 -5.234999628e+01 -5.234999628e+01 -8.7028e-01 -1.2421e+00 +2.5351e+00 -2.3573e+00 -1.5201e+00
3143 +1.872967303e-06 +1.872967303e-06 -5.234999813e+01 -5.234999813e+01 -8.7289e-01 -1.2449e+00 +2.5387e+00 -2.3608e+00 -1.5217e+00
3157 +1.320387028e-06 +1.320387028e-06 -5.234999868e+01 -5.234999868e+01 -8.6917e-01 -1.2421e+00 +2.5366e+00 -2.3544e+00 -1.5205e+00
3266 +8.591029186e-07 +8.591029186e-07 -5.234999914e+01 -5.234999914e+01 -8.6973e-01 -1.2420e+00 +2.5355e+00 -2.3558e+00 -1.5200e+00
3278 +2.723830974e-07 +2.723830974e-07 -5.234999973e+01 -5.234999973e+01 -8.7181e-01 -1.2450e+00 +2.5410e+00 -2.3588e+00 -1.5242e+00
3405 +2.422896088e-07 +2.422896088e-07 -5.234999976e+01 -5.234999976e+01 -8.7366e-01 -1.2461e+00 +2.5409e+00 -2.3617e+00 -1.5231e+00
3553 +1.070860733e-07 +1.070860733e-07 -5.234999989e+01 -5.234999989e+01 -8.7252e-01 -1.2453e+00 +2.5404e+00 -2.3599e+00 -1.5232e+00
3627 +9.200681461e-08 +9.200681461e-08 -5.234999991e+01 -5.234999991e+01 -8.7073e-01 -1.2437e+00 +2.5388e+00 -2.3572e+00 -1.5228e+00
3707 +3.419217620e-08 +3.419217620e-08 -5.234999997e+01 -5.234999997e+01 -8.7115e-01 -1.2441e+00 +2.5394e+00 -2.3578e+00 -1.5230e+00
3718 +1.036416819e-08 +1.036416819e-08 -5.234999999e+01 -5.234999999e+01 -8.7205e-01 -1.2450e+00 +2.5404e+00 -2.3592e+00 -1.5234e+00
3852 +9.945537727e-09 +9.945537727e-09 -5.234999999e+01 -5.234999999e+01 -8.7240e-01 -1.2452e+00 +2.5406e+00 -2.3598e+00 -1.5236e+00
% function evaluation | noise-free fitness - Fopt (-1.795400000000e+02) | best noise-free fitness - Fopt | measured fitness | best measured fitness | x1 | x2...
1 +6.686408968e+00 +6.686408968e+00 -1.728535910e+02 -1.728535910e+02 -1.1664e+00 +1.9958e+00 -4.9159e+00 +4.0224e+00 +3.6395e+00
16 +5.422262809e+00 +5.422262809e+00 -1.741177372e+02 -1.741177372e+02 -1.1531e+00 +1.3804e-01 -2.2262e+00 +3.4056e+00 +2.5855e+00
52 +3.177878098e+00 +3.177878098e+00 -1.763621219e+02 -1.763621219e+02 -1.1664e+00 +1.0289e+00 -3.1971e+00 +3.1674e+00 +3.6245e+00
117 +2.201598386e+00 +2.201598386e+00 -1.773384016e+02 -1.773384016e+02 +2.4680e-01 +2.3278e+00 -4.0601e+00 +2.5078e+00 +2.5835e+00
188 +1.171660318e+00 +1.171660318e+00 -1.783683397e+02 -1.783683397e+02 -2.1495e-03 +1.2989e+00 -2.8791e+00 +2.2587e+00 +3.5249e+00
253 +4.657225442e-01 +4.657225442e-01 -1.790742775e+02 -1.790742775e+02 +1.0662e+00 +6.5967e-01 -3.0304e+00 +1.7677e+00 +3.6141e+00
413 +1.261321594e-01 +1.261321594e-01 -1.794138678e+02 -1.794138678e+02 +1.0425e+00 +7.1660e-01 -3.3687e+00 +2.5078e+00 +3.7169e+00
501 +9.673147101e-02 +9.673147101e-02 -1.794432685e+02 -1.794432685e+02 +1.0425e+00 +6.5318e-01 -3.4222e+00 +2.5078e+00 +3.7481e+00
676 +5.482276435e-02 +5.482276435e-02 -1.794851772e+02 -1.794851772e+02 +9.8124e-01 +4.0039e-01 -3.5575e+00 +2.1418e+00 +3.7445e+00
704 +3.721375228e-02 +3.721375228e-02 -1.795027862e+02 -1.795027862e+02 +8.4340e-01 +4.8532e-01 -3.5203e+00 +2.4966e+00 +3.8916e+00
706 +8.950219515e-03 +8.950219515e-03 -1.795310498e+02 -1.795310498e+02 +8.3463e-01 +6.2495e-01 -3.4445e+00 +2.5462e+00 +3.9315e+00
974 +3.921376349e-03 +3.921376349e-03 -1.795360786e+02 -1.795360786e+02 +8.0150e-01 +4.0299e-01 -3.4486e+00 +2.3090e+00 +3.7749e+00
1293 +1.749645855e-03 +1.749645855e-03 -1.795382504e+02 -1.795382504e+02 +8.2164e-01 +5.5298e-01 -3.4382e+00 +2.4477e+00 +3.8658e+00
1395 +1.196192892e-03 +1.196192892e-03 -1.795388038e+02 -1.795388038e+02 +7.8192e-01 +5.0481e-01 -3.4488e+00 +2.3292e+00 +3.8294e+00
1412 +9.407640432e-04 +9.407640432e-04 -1.795390592e+02 -1.795390592e+02 +7.9317e-01 +4.9290e-01 -3.4427e+00 +2.4184e+00 +3.8404e+00
1838 +6.113011290e-04 +6.113011290e-04 -1.795393887e+02 -1.795393887e+02 +8.2820e-01 +5.1819e-01 -3.4397e+00 +2.4267e+00 +3.8466e+00
1934 +2.743445430e-04 +2.743445430e-04 -1.795397257e+02 -1.795397257e+02 +8.1134e-01 +5.2913e-01 -3.4419e+00 +2.4363e+00 +3.8592e+00
2155 +1.470111507e-04 +1.470111507e-04 -1.795398530e+02 -1.795398530e+02 +8.0792e-01 +5.2060e-01 -3.4464e+00 +2.4136e+00 +3.8530e+00
2362 +7.508898153e-05 +7.508898153e-05 -1.795399249e+02 -1.795399249e+02 +7.8279e-01 +5.4025e-01 -3.4483e+00 +2.4183e+00 +3.8699e+00
2730 +5.239833709e-05 +5.239833709e-05 -1.795399476e+02 -1.795399476e+02 +7.9438e-01 +5.2438e-01 -3.4472e+00 +2.4088e+00 +3.8567e+00
2782 +3.345963208e-05 +3.345963208e-05 -1.795399665e+02 -1.795399665e+02 +8.0471e-01 +5.2617e-01 -3.4459e+00 +2.4188e+00 +3.8574e+00
2933 +1.783031320e-05 +1.783031320e-05 -1.795399822e+02 -1.795399822e+02 +8.0533e-01 +5.2042e-01 -3.4463e+00 +2.4139e+00 +3.8536e+00
2980 +5.706020005e-06 +5.706020005e-06 -1.795399943e+02 -1.795399943e+02 +7.9884e-01 +5.2016e-01 -3.4472e+00 +2.4062e+00 +3.8533e+00
3346 +3.506219940e-06 +3.506219940e-06 -1.795399965e+02 -1.795399965e+02 +7.9381e-01 +5.1340e-01 -3.4484e+00 +2.3938e+00 +3.8486e+00
3401 +2.180120049e-06 +2.180120049e-06 -1.795399978e+02 -1.795399978e+02 +7.9457e-01 +5.1846e-01 -3.4480e+00 +2.4012e+00 +3.8526e+00
3504 +7.574207359e-07 +7.574207359e-07 -1.795399992e+02 -1.795399992e+02 +7.9316e-01 +5.1628e-01 -3.4482e+00 +2.3972e+00 +3.8508e+00
3703 +4.548560923e-07 +4.548560923e-07 -1.795399995e+02 -1.795399995e+02 +7.9298e-01 +5.1661e-01 -3.4480e+00 +2.3985e+00 +3.8513e+00
3826 +3.703484595e-07 +3.703484595e-07 -1.795399996e+02 -1.795399996e+02 +7.9384e-01 +5.1378e-01 -3.4479e+00 +2.3959e+00 +3.8489e+00
3901 +2.202699534e-07 +2.202699534e-07 -1.795399998e+02 -1.795399998e+02 +7.9337e-01 +5.1386e-01 -3.4481e+00 +2.3951e+00 +3.8490e+00
3962 +1.342289409e-07 +1.342289409e-07 -1.795399999e+02 -1.795399999e+02 +7.9366e-01 +5.1587e-01 -3.4479e+00 +2.3985e+00 +3.8507e+00
4111 +8.547979746e-08 +8.547979746e-08 -1.795399999e+02 -1.795399999e+02 +7.9361e-01 +5.1401e-01 -3.4480e+00 +2.3959e+00 +3.8492e+00
4167 +4.781972507e-08 +4.781972507e-08 -1.795400000e+02 -1.795400000e+02 +7.9424e-01 +5.1478e-01 -3.4478e+00 +2.3977e+00 +3.8498e+00
4235 +3.002682547e-08 +3.002682547e-08 -1.795400000e+02 -1.795400000e+02 +7.9415e-01 +5.1392e-01 -3.4479e+00 +2.3962e+00 +3.8490e+00
4276 +2.495809781e-08 +2.495809781e-08 -1.795400000e+02 -1.795400000e+02 +7.9408e-01 +5.1360e-01 -3.4479e+00 +2.3957e+00 +3.8488e+00
4456 +1.481950562e-08 +1.481950562e-08 -1.795400000e+02 -1.795400000e+02 +7.9380e-01 +5.1459e-01 -3.4479e+00 +2.3967e+00 +3.8496e+00
4490 +7.528029755e-09 +7.528029755e-09 -1.795400000e+02 -1.795400000e+02 +7.9388e-01 +5.1335e-01 -3.4480e+00 +2.3951e+00 +3.8486e+00
% function evaluation | noise-free fitness - Fopt (7.731000000000e+01) | best noise-free fitness - Fopt | measured fitness | best measured fitness | x1 | x2...
1 +2.280517751e+02 +2.280517751e+02 +3.053617751e+02 +3.053617751e+02 -4.6712e-01 -4.8097e+00 +2.7042e+00 +8.6815e-01 -1.8906e+00
2 +8.860959781e+01 +8.860959781e+01 +1.659195978e+02 +1.659195978e+02 +1.6018e+00 -1.7513e+00 +2.8097e+00 +3.6904e+00 +3.2818e+00
4 +5.221916815e+01 +5.221916815e+01 +1.295291681e+02 +1.295291681e+02 +2.6972e-01 -1.4620e+00 -4.7345e+00 +3.4594e+00 +4.9178e+00
5 +1.165915853e+01 +1.165915853e+01 +8.896915853e+01 +8.896915853e+01 +3.0880e+00 -4.3193e+00 -4.1519e+00 -3.8980e+00 +4.3713e+00
9 +9.699776499e+00 +9.699776499e+00 +8.700977650e+01 +8.700977650e+01 +1.5696e+00 -3.8724e+00 -4.6267e+00 -4.7094e+00 +1.4425e+00
45 +5.582465090e+00 +5.582465090e+00 +8.289246509e+01 +8.289246509e+01 +1.6018e+00 -1.7513e+00 -1.9693e+00 -2.6223e-01 +3.7713e+00
83 +3.109353464e+00 +3.109353464e+00 +8.041935346e+01 +8.041935346e+01 +2.6972e-01 +4.8517e-01 -2.7522e+00 -2.5506e+00 +3.2545e+00
87 +1.969515776e+00 +1.969515776e+00 +7.927951578e+01 +7.927951578e+01 +1.8944e+00 -3.7736e-02 -2.0319e+00 -1.5727e+00 -4.6034e-01
177 +1.215101421e+00 +1.215101421e+00 +7.852510142e+01 +7.852510142e+01 +1.4777e+00 -1.3970e+00 -3.1810e+00 -1.8341e+00 +1.6004e+00
235 +7.846927948e-01 +7.846927948e-01 +7.809469279e+01 +7.809469279e+01 +8.0603e-01 -7.2785e-01 -3.0740e+00 -2.2515e+00 +5.8014e-01
314 +2.341151831e-01 +2.341151831e-01 +7.754411518e+01 +7.754411518e+01 +5.7792e-01 -4.4207e-01 -2.3323e+00 -2.0911e+00 +1.2749e+00
404 +1.457368646e-01 +1.457368646e-01 +7.745573686e+01 +7.745573686e+01 +7.4455e-01 -6.2687e-01 -2.5290e+00 -1.8249e+00 +9.4031e-01
558 +9.051205889e-02 +9.051205889e-02 +7.740051206e+01 +7.740051206e+01 +1.0839e+00 -3.5379e-01 -1.9616e+00 -1.7773e+00 +9.1872e-01
580 +5.697247123e-02 +5.697247123e-02 +7.736697247e+01 +7.736697247e+01 +1.0988e+00 -3.8143e-01 -2.4294e+00 -1.8703e+00 +9.4031e-01
654 +3.487297203e-02 +3.487297203e-02 +7.734487297e+01 +7.734487297e+01 +7.7595e-01 -6.0913e-01 -2.3971e+00 -1.9187e+00 +1.0226e+00
752 +1.444143535e-02 +1.444143535e-02 +7.732444144e+01 +7.732444144e+01 +8.4182e-01 -6.9430e-01 -2.1873e+00 -1.9052e+00 +1.0028e+00
805 +7.432643084e-03 +7.432643084e-03 +7.731743264e+01 +7.731743264e+01 +8.7475e-01 -5.7262e-01 -1.9571e+00 -1.9671e+00 +9.8732e-01
903 +6.149575127e-03 +6.149575127e-03 +7.731614958e+01 +7.731614958e+01 +8.6923e-01 -5.7073e-01 -2.1425e+00 -1.9655e+00 +9.9313e-01
1088 +2.055424562e-03 +2.055424562e-03 +7.731205542e+01 +7.731205542e+01 +8.9408e-01 -5.5524e-01 -2.2202e+00 -1.8752e+00 +1.0138e+00
1307 +1.444227676e-03 +1.444227676e-03 +7.731144423e+01 +7.731144423e+01 +8.6877e-01 -6.5002e-01 -2.1038e+00 -1.8698e+00 +1.0121e+00
1426 +8.135309770e-04 +8.135309770e-04 +7.731081353e+01 +7.731081353e+01 +8.9750e-01 -5.6336e-01 -2.1536e+00 -1.9000e+00 +1.0012e+00
1452 +3.004291997e-04 +3.004291997e-04 +7.731030043e+01 +7.731030043e+01 +8.8284e-01 -6.5002e-01 -2.1038e+00 -1.8698e+00 +1.0066e+00
1602 +1.039570592e-04 +1.039570592e-04 +7.731010396e+01 +7.731010396e+01 +8.8560e-01 -6.2223e-01 -2.1268e+00 -1.8861e+00 +1.0040e+00
2400 +1.260127738e-05 +1.260127738e-05 +7.731001260e+01 +7.731001260e+01 +8.9879e-01 -5.9818e-01 -2.1328e+00 -1.8902e+00 +9.9943e-01
2743 +7.107561018e-06 +7.107561018e-06 +7.731000711e+01 +7.731000711e+01 +8.9384e-01 -6.1022e-01 -2.1272e+00 -1.8862e+00 +1.0015e+00
3433 +5.988161391e-06 +5.988161391e-06 +7.731000599e+01 +7.731000599e+01 +8.9493e-01 -6.0711e-01 -2.1261e+00 -1.8883e+00 +1.0007e+00
3525 +2.343360123e-06 +2.343360123e-06 +7.731000234e+01 +7.731000234e+01 +8.9521e-01 -6.0794e-01 -2.1207e+00 -1.8897e+00 +9.9993e-01
3534 +1.323244092e-06 +1.323244092e-06 +7.731000132e+01 +7.731000132e+01 +8.9576e-01 -6.0276e-01 -2.1342e+00 -1.8881e+00 +1.0010e+00
3683 +6.646828155e-07 +6.646828155e-07 +7.731000066e+01 +7.731000066e+01 +8.9576e-01 -6.0746e-01 -2.1273e+00 -1.8868e+00 +1.0007e+00
3907 +4.460679293e-07 +4.460679293e-07 +7.731000045e+01 +7.731000045e+01 +8.9569e-01 -6.0860e-01 -2.1209e+00 -1.8886e+00 +9.9995e-01
3934 +4.701360012e-08 +4.701360012e-08 +7.731000005e+01 +7.731000005e+01 +8.9488e-01 -6.0937e-01 -2.1254e+00 -1.8867e+00 +1.0009e+00
4247 +3.264173642e-08 +3.264173642e-08 +7.731000003e+01 +7.731000003e+01 +8.9540e-01 -6.0729e-01 -2.1266e+00 -1.8876e+00 +1.0007e+00
4431 +1.879399747e-08 +1.879399747e-08 +7.731000002e+01 +7.731000002e+01 +8.9536e-01 -6.0732e-01 -2.1270e+00 -1.8874e+00 +1.0008e+00
4554 +1.251429183e-08 +1.251429183e-08 +7.731000001e+01 +7.731000001e+01 +8.9513e-01 -6.0831e-01 -2.1258e+00 -1.8873e+00 +1.0008e+00
4564 +7.348234021e-09 +7.348234021e-09 +7.731000001e+01 +7.731000001e+01 +8.9517e-01 -6.0849e-01 -2.1254e+00 -1.8872e+00 +1.0007e+00
% function evaluation | noise-free fitness - Fopt (3.992000000000e+01) | best noise-free fitness - Fopt | measured fitness | best measured fitness | x1 | x2...
1 +3.294685549e+01 +3.294685549e+01 +7.286685549e+01 +7.286685549e+01 -3.6783e+00 -4.9557e+00 -1.6264e+00 +9.1124e-01 -2.0046e-01
7 +1.870766559e+01 +1.870766559e+01 +5.862766559e+01 +5.862766559e+01 -3.6703e+00 +1.6370e+00 +9.1334e-01 -3.4030e+00 +2.9914e+00
10 +9.159387199e+00 +9.159387199e+00 +4.907938720e+01 +4.907938720e+01 -2.6724e+00 +1.9645e-01 -2.2130e+00 -5.0045e-01 +9.2808e-01
29 +6.288716029e+00 +6.288716029e+00 +4.620871603e+01 +4.620871603e+01 +4.4001e-01 +1.6370e+00 +2.5626e+00 -1.9642e+00 +1.7667e-01
151 +2.651322662e+00 +2.651322662e+00 +4.257132266e+01 +4.257132266e+01 +2.0309e+00 +1.5576e-01 +2.5366e+00 -1.9394e+00 -6.8141e-01
220 +1.718747114e+00 +1.718747114e+00 +4.163874711e+01 +4.163874711e+01 +5.0043e+00 -1.1330e+00 +1.7395e+00 -1.0315e+00 -1.4818e+00
251 +1.418512961e+00 +1.418512961e+00 +4.133851296e+01 +4.133851296e+01 +3.3295e+00 -1.1330e+00 +1.7395e+00 -1.6858e+00 -8.6139e-01
360 +8.105787774e-01 +8.105787774e-01 +4.073057878e+01 +4.073057878e+01 +3.8221e+00 -1.3548e+00 +1.3868e+00 -2.0356e+00 -1.4591e+00
401 +3.121277128e-01 +3.121277128e-01 +4.023212771e+01 +4.023212771e+01 +3.8092e+00 -1.0329e+00 +2.0950e+00 -2.0046e+00 -1.9788e+00
501 +2.493438943e-01 +2.493438943e-01 +4.016934389e+01 +4.016934389e+01 +3.9762e+00 -1.4774e+00 +2.4513e+00 -2.1669e+00 -2.2141e+00
646 +1.231541817e-01 +1.231541817e-01 +4.004315418e+01 +4.004315418e+01 +4.2209e+00 -1.0550e+00 +2.1333e+00 -2.0730e+00 -2.0357e+00
652 +8.128940014e-02 +8.128940014e-02 +4.000128940e+01 +4.000128940e+01 +3.8991e+00 -1.2499e+00 +2.0928e+00 -2.3151e+00 -2.1700e+00
738 +4.802910702e-02 +4.802910702e-02 +3.996802911e+01 +3.996802911e+01 +3.8849e+00 -1.1905e+00 +2.2330e+00 -2.3824e+00 -2.1174e+00
815 +2.922241202e-02 +2.922241202e-02 +3.994922241e+01 +3.994922241e+01 +4.0346e+00 -1.0292e+00 +2.2525e+00 -2.2713e+00 -1.9348e+00
852 +2.073075533e-02 +2.073075533e-02 +3.994073076e+01 +3.994073076e+01 +4.0340e+00 -1.1549e+00 +2.1926e+00 -2.2713e+00 -1.9348e+00
1027 +1.251843536e-02 +1.251843536e-02 +3.993251844e+01 +3.993251844e+01 +3.9913e+00 -1.1525e+00 +2.2381e+00 -2.3375e+00 -2.0024e+00
1129 +5.320188448e-03 +5.320188448e-03 +3.992532019e+01 +3.992532019e+01 +3.9170e+00 -1.0786e+00 +2.4430e+00 -2.3317e+00 -2.0174e+00
1196 +2.272219311e-03 +2.272219311e-03 +3.992227222e+01 +3.992227222e+01 +3.9681e+00 -1.0676e+00 +2.3409e+00 -2.2954e+00 -2.0451e+00
1302 +5.166976111e-04 +5.166976111e-04 +3.992051670e+01 +3.992051670e+01 +3.9732e+00 -1.0810e+00 +2.3383e+00 -2.2971e+00 -2.0167e+00
2279 +3.531891023e-04 +3.531891023e-04 +3.992035319e+01 +3.992035319e+01 +3.9492e+00 -1.0652e+00 +2.3736e+00 -2.2716e+00 -2.0686e+00
2359 +2.068235588e-04 +2.068235588e-04 +3.992020682e+01 +3.992020682e+01 +3.9410e+00 -1.0658e+00 +2.3785e+00 -2.2768e+00 -2.0793e+00
2441 +1.544912269e-04 +1.544912269e-04 +3.992015449e+01 +3.992015449e+01 +3.9659e+00 -1.0779e+00 +2.3506e+00 -2.2905e+00 -2.0299e+00
2681 +8.823426800e-05 +8.823426800e-05 +3.992008823e+01 +3.992008823e+01 +3.9672e+00 -1.0699e+00 +2.3625e+00 -2.2952e+00 -2.0192e+00
2878 +4.758163150e-05 +4.758163150e-05 +3.992004758e+01 +3.992004758e+01 +3.9568e+00 -1.0660e+00 +2.3764e+00 -2.2886e+00 -2.0376e+00
3026 +1.532012162e-05 +1.532012162e-05 +3.992001532e+01 +3.992001532e+01 +3.9531e+00 -1.0679e+00 +2.3812e+00 -2.2874e+00 -2.0408e+00
3381 +8.748377503e-06 +8.748377503e-06 +3.992000875e+01 +3.992000875e+01 +3.9525e+00 -1.0675e+00 +2.3835e+00 -2.2888e+00 -2.0394e+00
3397 +5.141908453e-06 +5.141908453e-06 +3.992000514e+01 +3.992000514e+01 +3.9509e+00 -1.0710e+00 +2.3833e+00 -2.2904e+00 -2.0395e+00
3461 +3.458380938e-06 +3.458380938e-06 +3.992000346e+01 +3.992000346e+01 +3.9509e+00 -1.0701e+00 +2.3850e+00 -2.2899e+00 -2.0388e+00
3644 +1.935589871e-06 +1.935589871e-06 +3.992000194e+01 +3.992000194e+01 +3.9517e+00 -1.0702e+00 +2.3836e+00 -2.2904e+00 -2.0379e+00
3651 +1.418932001e-06 +1.418932001e-06 +3.992000142e+01 +3.992000142e+01 +3.9533e+00 -1.0700e+00 +2.3832e+00 -2.2914e+00 -2.0342e+00
3825 +7.676385678e-07 +7.676385678e-07 +3.992000077e+01 +3.992000077e+01 +3.9484e+00 -1.0693e+00 +2.3860e+00 -2.2876e+00 -2.0457e+00
3836 +4.065696260e-07 +4.065696260e-07 +3.992000041e+01 +3.992000041e+01 +3.9523e+00 -1.0699e+00 +2.3844e+00 -2.2910e+00 -2.0357e+00
3881 +2.641439920e-07 +2.641439920e-07 +3.992000026e+01 +3.992000026e+01 +3.9505e+00 -1.0692e+00 +2.3847e+00 -2.2887e+00 -2.0416e+00
3907 +9.796688261e-08 +9.796688261e-08 +3.992000010e+01 +3.992000010e+01 +3.9500e+00 -1.0696e+00 +2.3858e+00 -2.2893e+00 -2.0408e+00
4180 +2.648136643e-08 +2.648136643e-08 +3.992000003e+01 +3.992000003e+01 +3.9504e+00 -1.0697e+00 +2.3861e+00 -2.2900e+00 -2.0392e+00
4350 +2.341072047e-08 +2.341072047e-08 +3.992000002e+01 +3.992000002e+01 +3.9510e+00 -1.0696e+00 +2.3854e+00 -2.2901e+00 -2.0384e+00
4353 +6.079901027e-09 +6.079901027e-09 +3.992000001e+01 +3.992000001e+01 +3.9502e+00 -1.0696e+00 +2.3858e+00 -2.2896e+00 -2.0402e+00
% function evaluation | noise-free fitness - Fopt (-5.661000000000e+01) | best noise-free fitness - Fopt | measured fitness | best measured fitness | x1 | x2...
1 +2.647569472e+02 +2.647569472e+02 +2.081469472e+02 +2.081469472e+02 -8.5526e-01 +1.1404e+00 +3.1100e+00 +4.2076e+00 +3.3621e+00
2 +7.014265367e+01 +7.014265367e+01 +1.353265367e+01 +1.353265367e+01 +3.0184e+00 +2.0505e+00 -5.7377e-02 +4.8245e+00 -2.6864e+00
4 +9.526127121e+00 +9.526127121e+00 -4.708387288e+01 -4.708387288e+01 +4.4597e+00 +7.3745e-01 +1.5517e+00 -3.2185e+00 -2.6792e+00
19 +3.045322955e+00 +3.045322955e+00 -5.356467705e+01 -5.356467705e+01 +3.1065e+00 +3.2652e+00 +3.7388e+00 -3.6912e+00 -4.5539e+00
104 +1.241552133e+00 +1.241552133e+00 -5.536844787e+01 -5.536844787e+01 +1.4121e+00 +2.3871e+00 +4.0374e+00 -3.8769e+00 -3.7840e+00
177 +9.588248986e-01 +9.588248986e-01 -5.565117510e+01 -5.565117510e+01 +1.3759e+00 +2.3871e+00 +2.6209e+00 -3.7148e+00 -2.9383e+00
208 +5.406892084e-01 +5.406892084e-01 -5.606931079e+01 -5.606931079e+01 +1.4748e+00 +2.3064e+00 +3.2616e+00 -3.4109e+00 -2.9472e+00
226 +3.867092890e-01 +3.867092890e-01 -5.622329071e+01 -5.622329071e+01 +2.2108e+00 +2.9017e+00 +3.6506e+00 -3.6872e+00 -3.4277e+00
363 +2.010534000e-01 +2.010534000e-01 -5.640894660e+01 -5.640894660e+01 +1.6025e+00 +2.7822e+00 +3.4894e+00 -3.3572e+00 -2.9607e+00
376 +1.386452133e-01 +1.386452133e-01 -5.647135479e+01 -5.647135479e+01 +1.6025e+00 +2.7822e+00 +3.4894e+00 -3.0606e+00 -2.9607e+00
458 +6.729033470e-02 +6.729033470e-02 -5.654270967e+01 -5.654270967e+01 +1.7826e+00 +2.9017e+00 +3.5263e+00 -3.3977e+00 -2.8982e+00
502 +3.486253861e-02 +3.486253861e-02 -5.657513746e+01 -5.657513746e+01 +1.7806e+00 +2.8639e+00 +3.2267e+00 -3.1437e+00 -3.0784e+00
558 +2.007373765e-02 +2.007373765e-02 -5.658992626e+01 -5.658992626e+01 +1.8313e+00 +2.8289e+00 +3.3623e+00 -3.3055e+00 -2.8840e+00
677 +1.500042653e-02 +1.500042653e-02 -5.659499957e+01 -5.659499957e+01 +1.8104e+00 +2.8689e+00 +3.2655e+00 -3.2183e+00 -2.9588e+00
826 +9.707805461e-03 +9.707805461e-03 -5.660029219e+01 -5.660029219e+01 +1.8750e+00 +2.8605e+00 +3.2307e+00 -3.2863e+00 -2.9518e+00
977 +5.365352863e-03 +5.365352863e-03 -5.660463465e+01 -5.660463465e+01 +1.8791e+00 +2.8656e+00 +3.2655e+00 -3.2913e+00 -2.9738e+00
1063 +9.773992088e-04 +9.773992088e-04 -5.660902260e+01 -5.660902260e+01 +1.9069e+00 +2.9039e+00 +3.2657e+00 -3.2644e+00 -3.0553e+00
1651 +4.884435038e-04 +4.884435038e-04 -5.660951156e+01 -5.660951156e+01 +1.9519e+00 +2.9150e+00 +3.2457e+00 -3.2922e+00 -3.0761e+00
1764 +1.670344476e-04 +1.670344476e-04 -5.660983297e+01 -5.660983297e+01 +1.9238e+00 +2.9157e+00 +3.2249e+00 -3.2667e+00 -3.0723e+00
2086 +6.958369409e-05 +6.958369409e-05 -5.660993042e+01 -5.660993042e+01 +1.9615e+00 +2.9162e+00 +3.2134e+00 -3.2882e+00 -3.0832e+00
2340 +3.266050345e-05 +3.266050345e-05 -5.660996734e+01 -5.660996734e+01 +1.9464e+00 +2.9250e+00 +3.1969e+00 -3.2694e+00 -3.0930e+00
2504 +1.385290787e-05 +1.385290787e-05 -5.660998615e+01 -5.660998615e+01 +1.9381e+00 +2.9204e+00 +3.2141e+00 -3.2713e+00 -3.0827e+00
2816 +2.959792837e-06 +2.959792837e-06 -5.660999704e+01 -5.660999704e+01 +1.9437e+00 +2.9209e+00 +3.2103e+00 -3.2737e+00 -3.0851e+00
3277 +1.013386829e-06 +1.013386829e-06 -5.660999899e+01 -5.660999899e+01 +1.9474e+00 +2.9210e+00 +3.2075e+00 -3.2756e+00 -3.0861e+00
3367 +8.502015518e-07 +8.502015518e-07 -5.660999915e+01 -5.660999915e+01 +1.9437e+00 +2.9204e+00 +3.2109e+00 -3.2739e+00 -3.0846e+00
3507 +5.113176655e-07 +5.113176655e-07 -5.660999949e+01 -5.660999949e+01 +1.9456e+00 +2.9207e+00 +3.2095e+00 -3.2748e+00 -3.0854e+00
3701 +2.573065672e-07 +2.573065672e-07 -5.660999974e+01 -5.660999974e+01 +1.9470e+00 +2.9213e+00 +3.2077e+00 -3.2750e+00 -3.0867e+00
3876 +2.223299944e-07 +2.223299944e-07 -5.660999978e+01 -5.660999978e+01 +1.9479e+00 +2.9215e+00 +3.2070e+00 -3.2753e+00 -3.0872e+00
3959 +1.237958074e-07 +1.237958074e-07 -5.660999988e+01 -5.660999988e+01 +1.9477e+00 +2.9210e+00 +3.2083e+00 -3.2758e+00 -3.0863e+00
4074 +7.481508391e-08 +7.481508391e-08 -5.660999993e+01 -5.660999993e+01 +1.9482e+00 +2.9212e+00 +3.2077e+00 -3.2759e+00 -3.0868e+00
4103 +5.312307394e-08 +5.312307394e-08 -5.660999995e+01 -5.660999995e+01 +1.9482e+00 +2.9214e+00 +3.2074e+00 -3.2756e+00 -3.0872e+00
4126 +3.747845057e-08 +3.747845057e-08 -5.660999996e+01 -5.660999996e+01 +1.9489e+00 +2.9213e+00 +3.2075e+00 -3.2763e+00 -3.0870e+00
4184 +2.110377295e-08 +2.110377295e-08 -5.660999998e+01 -5.660999998e+01 +1.9493e+00 +2.9211e+00 +3.2077e+00 -3.2767e+00 -3.0869e+00
4302 +1.463769905e-08 +1.463769905e-08 -5.660999999e+01 -5.660999999e+01 +1.9496e+00 +2.9215e+00 +3.2069e+00 -3.2764e+00 -3.0876e+00
4313 +7.053778006e-09 +7.053778006e-09 -5.660999999e+01 -5.660999999e+01 +1.9505e+00 +2.9218e+00 +3.2061e+00 -3.2767e+00 -3.0883e+00
% function evaluation | noise-free fitness - Fopt (1.620000000000e+01) | best noise-free fitness - Fopt | measured fitness | best measured fitness | x1 | x2...
1 +2.909748048e+01 +2.909748048e+01 +4.529748048e+01 +4.529748048e+01 +1.1225e+00 -4.9913e+00 +1.6053e-01 +3.4601e+00 -6.3678e-01
2 +5.392120686e+00 +5.392120686e+00 +2.159212069e+01 +2.159212069e+01 +1.0181e+00 +2.5140e+00 +2.7602e+00 +2.3207e+00 +1.2426e+00
18 +3.899173811e+00 +3.899173811e+00 +2.009917381e+01 +2.009917381e+01 +3.5980e+00 -8.7775e-01 +1.7556e+00 +1.9346e+00 +2.4722e-01
133 +1.828971664e+00 +1.828971664e+00 +1.802897166e+01 +1.802897166e+01 +1.5382e+00 +6.8207e-01 +3.3061e+00 +2.4153e+00 -6.5685e-01
154 +7.045410980e-01 +7.045410980e-01 +1.690454110e+01 +1.690454110e+01 +2.7728e+00 +1.4161e+00 +2.4127e+00 +1.5622e+00 -4.8248e-01
228 +5.860089825e-01 +5.860089825e-01 +1.678600898e+01 +1.678600898e+01 +1.7798e+00 +9.3606e-01 +1.8190e+00 +2.2650e+00 +1.3018e-01
336 +3.568445716e-02 +3.568445716e-02 +1.623568446e+01 +1.623568446e+01 +2.3647e+00 +1.5277e+00 +1.6793e+00 +1.9979e+00 -6.1091e-01
761 +2.271468369e-02 +2.271468369e-02 +1.622271468e+01 +1.622271468e+01 +2.2699e+00 +1.4374e+00 +1.7345e+00 +1.9993e+00 -3.6667e-01
804 +1.549528426e-02 +1.549528426e-02 +1.621549528e+01 +1.621549528e+01 +2.4449e+00 +1.5998e+00 +1.8406e+00 +2.0581e+00 -4.0676e-01
844 +8.330031593e-03 +8.330031593e-03 +1.620833003e+01 +1.620833003e+01 +2.3603e+00 +1.4532e+00 +1.7664e+00 +2.0456e+00 -3.7738e-01
964 +5.750614258e-03 +5.750614258e-03 +1.620575061e+01 +1.620575061e+01 +2.3683e+00 +1.5018e+00 +1.8623e+00 +2.1209e+00 -2.3927e-01
974 +3.325029496e-03 +3.325029496e-03 +1.620332503e+01 +1.620332503e+01 +2.4483e+00 +1.5946e+00 +1.7971e+00 +2.1223e+00 -4.4990e-01
1127 +1.574655779e-03 +1.574655779e-03 +1.620157466e+01 +1.620157466e+01 +2.4149e+00 +1.5192e+00 +1.8040e+00 +2.0666e+00 -3.8524e-01
1990 +8.160574514e-04 +8.160574514e-04 +1.620081606e+01 +1.620081606e+01 +2.4404e+00 +1.5663e+00 +1.8105e+00 +2.1421e+00 -3.8883e-01
2079 +5.576460146e-04 +5.576460146e-04 +1.620055765e+01 +1.620055765e+01 +2.4405e+00 +1.5486e+00 +1.8144e+00 +2.1391e+00 -3.6508e-01
2102 +2.476468450e-04 +2.476468450e-04 +1.620024765e+01 +1.620024765e+01 +2.4375e+00 +1.5524e+00 +1.8264e+00 +2.1398e+00 -3.5150e-01
2494 +1.347990997e-04 +1.347990997e-04 +1.620013480e+01 +1.620013480e+01 +2.4264e+00 +1.5352e+00 +1.7981e+00 +2.1402e+00 -3.7048e-01
2627 +5.811572745e-05 +5.811572745e-05 +1.620005812e+01 +1.620005812e+01 +2.4206e+00 +1.5328e+00 +1.8099e+00 +2.1303e+00 -3.5438e-01
2916 +3.535099137e-05 +3.535099137e-05 +1.620003535e+01 +1.620003535e+01 +2.4185e+00 +1.5290e+00 +1.8013e+00 +2.1286e+00 -3.6321e-01
3028 +2.386051932e-05 +2.386051932e-05 +1.620002386e+01 +1.620002386e+01 +2.4241e+00 +1.5332e+00 +1.8155e+00 +2.1390e+00 -3.4280e-01
3144 +1.230959665e-05 +1.230959665e-05 +1.620001231e+01 +1.620001231e+01 +2.4178e+00 +1.5283e+00 +1.8079e+00 +2.1252e+00 -3.5463e-01
3310 +5.768719937e-06 +5.768719937e-06 +1.620000577e+01 +1.620000577e+01 +2.4218e+00 +1.5327e+00 +1.8123e+00 +2.1272e+00 -3.5309e-01
3381 +2.070504557e-06 +2.070504557e-06 +1.620000207e+01 +1.620000207e+01 +2.4210e+00 +1.5314e+00 +1.8113e+00 +2.1299e+00 -3.5125e-01
3534 +1.414729137e-06 +1.414729137e-06 +1.620000141e+01 +1.620000141e+01 +2.4229e+00 +1.5336e+00 +1.8125e+00 +2.1311e+00 -3.5178e-01
3588 +7.829075948e-07 +7.829075948e-07 +1.620000078e+01 +1.620000078e+01 +2.4226e+00 +1.5330e+00 +1.8139e+00 +2.1321e+00 -3.4856e-01
3601 +4.750423948e-07 +4.750423948e-07 +1.620000048e+01 +1.620000048e+01 +2.4226e+00 +1.5330e+00 +1.8136e+00 +2.1316e+00 -3.4923e-01
3716 +2.890989599e-07 +2.890989599e-07 +1.620000029e+01 +1.620000029e+01 +2.4228e+00 +1.5334e+00 +1.8125e+00 +2.1317e+00 -3.5127e-01
3781 +2.327059576e-07 +2.327059576e-07 +1.620000023e+01 +1.620000023e+01 +2.4246e+00 +1.5349e+00 +1.8159e+00 +2.1344e+00 -3.4686e-01
3853 +1.180258984e-07 +1.180258984e-07 +1.620000012e+01 +1.620000012e+01 +2.4234e+00 +1.5338e+00 +1.8142e+00 +2.1328e+00 -3.4879e-01
3970 +5.709908280e-08 +5.709908280e-08 +1.620000006e+01 +1.620000006e+01 +2.4236e+00 +1.5340e+00 +1.8140e+00 +2.1327e+00 -3.4936e-01
4093 +3.828764861e-08 +3.828764861e-08 +1.620000004e+01 +1.620000004e+01 +2.4237e+00 +1.5341e+00 +1.8140e+00 +2.1328e+00 -3.4947e-01
4110 +2.444863156e-08 +2.444863156e-08 +1.620000002e+01 +1.620000002e+01 +2.4236e+00 +1.5341e+00 +1.8136e+00 +2.1329e+00 -3.4987e-01
4169 +9.796405465e-09 +9.796405465e-09 +1.620000001e+01 +1.620000001e+01 +2.4240e+00 +1.5345e+00 +1.8139e+00 +2.1336e+00 -3.4971e-01
% function evaluation | noise-free fitness - Fopt (-5.327000000000e+01) | best noise-free fitness - Fopt | measured fitness | best measured fitness | x1 | x2...
1 +1.242374816e+01 +1.242374816e+01 -4.084625184e+01 -4.084625184e+01 +2.1973e+00 +3.7913e+00 -1.5098e+00 +3.8588e+00 +2.6485e+00
13 +8.276689823e+00 +8.276689823e+00 -4.499331018e+01 -4.499331018e+01 -5.2499e-02 -1.4666e+00 +4.8225e+00 -4.9286e+00 +2.1287e+00
52 +5.278368449e+00 +5.278368449e+00 -4.799163155e+01 -4.799163155e+01 +7.4848e-01 +7.3210e-01 +3.3115e+00 +3.0795e+00 +3.1253e+00
124 +3.211702802e+00 +3.211702802e+00 -5.005829720e+01 -5.005829720e+01 +1.3572e+00 -1.3238e+00 +2.6164e+00 -1.2470e+00 +2.4146e+00
155 +2.359838844e+00 +2.359838844e+00 -5.091016116e+01 -5.091016116e+01 +1.6270e+00 +5.1740e-01 +5.4854e-01 +1.0904e+00 +1.5521e+00
191 +7.629424124e-01 +7.629424124e-01 -5.250705759e+01 -5.250705759e+01 +1.8820e+00 +5.7700e-01 +1.4552e+00 +1.6281e+00 +2.0438e+00
301 +4.201345314e-01 +4.201345314e-01 -5.284986547e+01 -5.284986547e+01 +1.8820e+00 +1.3562e-02 +1.4552e+00 +1.6281e+00 +3.2834e+00
305 +3.848073368e-01 +3.848073368e-01 -5.288519266e+01 -5.288519266e+01 +2.0057e+00 -1.0553e-01 +1.5645e+00 +1.1060e+00 +2.8628e+00
351 +2.489284945e-01 +2.489284945e-01 -5.302107151e+01 -5.302107151e+01 +1.8098e+00 -3.6549e-01 +2.0393e+00 +1.8938e+00 +2.9598e+00
527 +1.260648293e-01 +1.260648293e-01 -5.314393517e+01 -5.314393517e+01 +1.8098e+00 -5.7528e-01 +1.7981e+00 +1.6803e+00 +2.8357e+00
531 +5.992510877e-02 +5.992510877e-02 -5.321007489e+01 -5.321007489e+01 +1.8453e+00 -4.8984e-01 +1.5864e+00 +1.6281e+00 +2.8606e+00
659 +1.640986279e-02 +1.640986279e-02 -5.325359014e+01 -5.325359014e+01 +2.0032e+00 -2.9875e-01 +1.7085e+00 +1.6990e+00 +2.6865e+00
676 +8.920657278e-03 +8.920657278e-03 -5.326107934e+01 -5.326107934e+01 +2.0032e+00 -3.8236e-01 +1.7085e+00 +1.6990e+00 +2.6865e+00
989 +2.233715290e-03 +2.233715290e-03 -5.326776628e+01 -5.326776628e+01 +2.1487e+00 -3.8714e-01 +1.6466e+00 +1.6736e+00 +2.5943e+00
1460 +1.009333755e-03 +1.009333755e-03 -5.326899067e+01 -5.326899067e+01 +2.1328e+00 -3.5114e-01 +1.6648e+00 +1.6840e+00 +2.5765e+00
1689 +2.901843320e-04 +2.901843320e-04 -5.326970982e+01 -5.326970982e+01 +2.0643e+00 -3.4779e-01 +1.6713e+00 +1.6780e+00 +2.6410e+00
1952 +1.023124672e-04 +1.023124672e-04 -5.326989769e+01 -5.326989769e+01 +2.0638e+00 -3.2276e-01 +1.6709e+00 +1.6705e+00 +2.6498e+00
2592 +6.998708039e-05 +6.998708039e-05 -5.326993001e+01 -5.326993001e+01 +2.0620e+00 -3.4313e-01 +1.6668e+00 +1.6762e+00 +2.6423e+00
2764 +5.352780556e-05 +5.352780556e-05 -5.326994647e+01 -5.326994647e+01 +2.0740e+00 -3.3093e-01 +1.6678e+00 +1.6712e+00 +2.6418e+00
2807 +2.703493072e-05 +2.703493072e-05 -5.326997297e+01 -5.326997297e+01 +2.0732e+00 -3.3686e-01 +1.6669e+00 +1.6731e+00 +2.6393e+00
2958 +1.431880774e-05 +1.431880774e-05 -5.326998568e+01 -5.326998568e+01 +2.0722e+00 -3.3590e-01 +1.6655e+00 +1.6716e+00 +2.6423e+00
3083 +9.027677017e-06 +9.027677017e-06 -5.326999097e+01 -5.326999097e+01 +2.0716e+00 -3.3208e-01 +1.6658e+00 +1.6704e+00 +2.6445e+00
3154 +3.584736326e-06 +3.584736326e-06 -5.326999642e+01 -5.326999642e+01 +2.0708e+00 -3.3911e-01 +1.6643e+00 +1.6721e+00 +2.6424e+00
3202 +2.057614800e-06 +2.057614800e-06 -5.326999794e+01 -5.326999794e+01 +2.0718e+00 -3.2497e-01 +1.6643e+00 +1.6664e+00 +2.6503e+00
3236 +1.338811991e-06 +1.338811991e-06 -5.326999866e+01 -5.326999866e+01 +2.0722e+00 -3.3366e-01 +1.6637e+00 +1.6693e+00 +2.6458e+00
3443 +6.049493138e-07 +6.049493138e-07 -5.326999940e+01 -5.326999940e+01 +2.0704e+00 -3.3005e-01 +1.6639e+00 +1.6679e+00 +2.6492e+00
3530 +3.911369220e-07 +3.911369220e-07 -5.326999961e+01 -5.326999961e+01 +2.0708e+00 -3.3266e-01 +1.6644e+00 +1.6694e+00 +2.6466e+00
3626 +2.129229060e-07 +2.129229060e-07 -5.326999979e+01 -5.326999979e+01 +2.0706e+00 -3.3111e-01 +1.6641e+00 +1.6685e+00 +2.6481e+00
3690 +1.460746475e-07 +1.460746475e-07 -5.326999985e+01 -5.326999985e+01 +2.0726e+00 -3.3100e-01 +1.6641e+00 +1.6686e+00 +2.6464e+00
3896 +7.164868521e-08 +7.164868521e-08 -5.326999993e+01 -5.326999993e+01 +2.0728e+00 -3.3360e-01 +1.6640e+00 +1.6696e+00 +2.6448e+00
3937 +5.894286659e-08 +5.894286659e-08 -5.326999994e+01 -5.326999994e+01 +2.0742e+00 -3.3516e-01 +1.6638e+00 +1.6701e+00 +2.6429e+00
4035 +3.494563572e-08 +3.494563572e-08 -5.326999997e+01 -5.326999997e+01 +2.0715e+00 -3.3210e-01 +1.6640e+00 +1.6689e+00 +2.6468e+00
4078 +2.065852556e-08 +2.065852556e-08 -5.326999998e+01 -5.326999998e+01 +2.0735e+00 -3.3340e-01 +1.6639e+00 +1.6695e+00 +2.6444e+00
4138 +1.151460793e-08 +1.151460793e-08 -5.326999999e+01 -5.326999999e+01 +2.0729e+00 -3.3340e-01 +1.6640e+00 +1.6696e+00 +2.6448e+00
4177 +9.985299698e-09 +9.985299698e-09 -5.326999999e+01 -5.326999999e+01 +2.0732e+00 -3.3346e-01 +1.6640e+00 +1.6696e+00 +2.6445e+00
% function evaluation | noise-free fitness - Fopt (-1.000000000000e+03) | best noise-free fitness - Fopt | measured fitness | best measured fitness | x1 | x2...
1 +5.251742047e+01 +5.251742047e+01 -9.474825795e+02 -9.474825795e+02 -4.2792e+00 +2.9187e+00 -2.9016e+00 +3.1992e+00 +8.0262e-01
3 +3.751273798e+01 +3.751273798e+01 -9.624872620e+02 -9.624872620e+02 +2.3823e+00 +1.7832e+00 -2.6466e+00 -3.0062e+00 -3.3441e+00
4 +1.592960921e+01 +1.592960921e+01 -9.840703908e+02 -9.840703908e+02 -4.0600e-01 +2.5329e+00 +2.5084e+00 +1.1618e+00 +9.9524e-01
11 +6.811158305e+00 +6.811158305e+00 -9.931888417e+02 -9.931888417e+02 -4.2887e+00 -8.4837e-01 +1.9761e+00 +4.8325e+00 -7.5270e-01
59 +4.778309159e+00 +4.778309159e+00 -9.952216908e+02 -9.952216908e+02 -3.1533e+00 -8.0018e-02 +1.8682e+00 +1.7628e-01 -3.2952e+00
76 +3.838464324e+00 +3.838464324e+00 -9.961615357e+02 -9.961615357e+02 -3.1533e+00 -9.7391e-01 -2.7598e-01 +1.7628e-01 -2.5174e-01
101 +2.280826372e+00 +2.280826372e+00 -9.977191736e+02 -9.977191736e+02 -3.1596e+00 -9.7391e-01 -2.7598e-01 +1.7628e-01 -7.9973e-01
161 +1.402258362e+00 +1.402258362e+00 -9.985977416e+02 -9.985977416e+02 -3.6171e+00 -2.1287e+00 +3.0606e-02 -1.0146e+00 -2.8053e+00
209 +9.110366624e-01 +9.110366624e-01 -9.990889633e+02 -9.990889633e+02 -4.2386e+00 +2.4426e-01 +3.3197e-01 -2.4859e-01 -2.7246e+00
276 +5.070573185e-01 +5.070573185e-01 -9.994929427e+02 -9.994929427e+02 -4.3972e+00 -1.0209e+00 +4.3605e-01 -6.6282e-01 -1.6669e+00
376 +3.656503202e-01 +3.656503202e-01 -9.996343497e+02 -9.996343497e+02 -4.2390e+00 -3.8540e-01 +4.3605e-01 -7.5870e-01 -2.4783e+00
435 +1.628393630e-01 +1.628393630e-01 -9.998371606e+02 -9.998371606e+02 -4.0921e+00 -9.9727e-01 +3.9267e-01 -7.9544e-01 -1.8474e+00
554 +1.484213470e-01 +1.484213470e-01 -9.998515787e+02 -9.998515787e+02 -4.0938e+00 -9.7382e-01 +4.7541e-01 -8.9292e-01 -2.3260e+00
606 +8.211351778e-02 +8.211351778e-02 -9.999178865e+02 -9.999178865e+02 -3.9849e+00 -8.4338e-01 +2.2339e-01 -6.3020e-01 -2.3139e+00
659 +5.253564896e-02 +5.253564896e-02 -9.999474644e+02 -9.999474644e+02 -3.9649e+00 -8.8577e-01 +2.2684e-02 -6.7680e-01 -1.9617e+00
672 +3.338744825e-02 +3.338744825e-02 -9.999666126e+02 -9.999666126e+02 -3.7310e+00 -8.9556e-01 +1.8754e-01 -6.2116e-01 -2.3521e+00
835 +2.491152521e-02 +2.491152521e-02 -9.999750885e+02 -9.999750885e+02 -3.9382e+00 -9.2467e-01 +1.2253e-01 -7.1475e-01 -2.1224e+00
842 +1.552312144e-02 +1.552312144e-02 -9.999844769e+02 -9.999844769e+02 -3.9155e+00 -7.4328e-01 +2.5251e-01 -6.9138e-01 -2.4452e+00
852 +8.053274137e-03 +8.053274137e-03 -9.999919467e+02 -9.999919467e+02 -3.9571e+00 -8.6950e-01 +1.2534e-01 -6.8317e-01 -2.1488e+00
1031 +4.430006771e-03 +4.430006771e-03 -9.999955700e+02 -9.999955700e+02 -3.8861e+00 -8.3012e-01 +1.9105e-01 -6.7819e-01 -2.3124e+00
1180 +1.979988171e-03 +1.979988171e-03 -9.999980200e+02 -9.999980200e+02 -3.9018e+00 -7.8598e-01 +1.1938e-01 -6.3174e-01 -2.3534e+00
1232 +1.494653773e-03 +1.494653773e-03 -9.999985053e+02 -9.999985053e+02 -3.9306e+00 -7.5999e-01 +1.2322e-01 -6.3143e-01 -2.3133e+00
1344 +9.269101174e-04 +9.269101174e-04 -9.999990731e+02 -9.999990731e+02 -3.9003e+00 -7.7769e-01 +1.3661e-01 -6.3333e-01 -2.3277e+00
1483 +2.228055508e-04 +2.228055508e-04 -9.999997772e+02 -9.999997772e+02 -3.9007e+00 -7.8474e-01 +1.3993e-01 -6.3798e-01 -2.3423e+00
2044 +7.471805429e-05 +7.471805429e-05 -9.999999253e+02 -9.999999253e+02 -3.9200e+00 -7.8048e-01 +1.3842e-01 -6.4260e-01 -2.3228e+00
2688 +5.712010670e-05 +5.712010670e-05 -9.999999429e+02 -9.999999429e+02 -3.9252e+00 -7.7880e-01 +1.2375e-01 -6.3693e-01 -2.3159e+00
2845 +2.197365291e-05 +2.197365291e-05 -9.999999780e+02 -9.999999780e+02 -3.9402e+00 -7.7962e-01 +1.1882e-01 -6.4020e-01 -2.2878e+00
2943 +9.207792687e-06 +9.207792687e-06 -9.999999908e+02 -9.999999908e+02 -3.9331e+00 -7.8441e-01 +1.3082e-01 -6.4509e-01 -2.2907e+00
3104 +2.333902898e-06 +2.333902898e-06 -9.999999977e+02 -9.999999977e+02 -3.9325e+00 -7.8274e-01 +1.2882e-01 -6.4329e-01 -2.2944e+00
3388 +1.558340500e-06 +1.558340500e-06 -9.999999984e+02 -9.999999984e+02 -3.9242e+00 -7.8019e-01 +1.2740e-01 -6.3876e-01 -2.3113e+00
3429 +9.940307564e-07 +9.940307564e-07 -9.999999990e+02 -9.999999990e+02 -3.9317e+00 -7.8179e-01 +1.2646e-01 -6.4156e-01 -2.2972e+00
3485 +5.688094689e-07 +5.688094689e-07 -9.999999994e+02 -9.999999994e+02 -3.9315e+00 -7.8252e-01 +1.2743e-01 -6.4224e-01 -2.2960e+00
3486 +2.477896714e-07 +2.477896714e-07 -9.999999998e+02 -9.999999998e+02 -3.9287e+00 -7.8270e-01 +1.2821e-01 -6.4169e-01 -2.2997e+00
3633 +1.353960215e-07 +1.353960215e-07 -9.999999999e+02 -9.999999999e+02 -3.9290e+00 -7.8291e-01 +1.2947e-01 -6.4246e-01 -2.2992e+00
3677 +7.326616469e-08 +7.326616469e-08 -9.999999999e+02 -9.999999999e+02 -3.9285e+00 -7.8194e-01 +1.2771e-01 -6.4107e-01 -2.3017e+00
3881 +5.309584594e-08 +5.309584594e-08 -9.999999999e+02 -9.999999999e+02 -3.9283e+00 -7.8196e-01 +1.2785e-01 -6.4111e-01 -2.3019e+00
3998 +2.701324320e-08 +2.701324320e-08 -1.000000000e+03 -1.000000000e+03 -3.9285e+00 -7.8217e-01 +1.2816e-01 -6.4138e-01 -2.3013e+00
4026 +2.200113158e-08 +2.200113158e-08 -1.000000000e+03 -1.000000000e+03 -3.9269e+00 -7.8209e-01 +1.2909e-01 -6.4124e-01 -2.3039e+00
4144 +1.567718755e-08 +1.567718755e-08 -1.000000000e+03 -1.000000000e+03 -3.9271e+00 -7.8233e-01 +1.2930e-01 -6.4150e-01 -2.3031e+00
4222 +5.746755960e-09 +5.746755960e-09 -1.000000000e+03 -1.000000000e+03 -3.9284e+00 -7.8253e-01 +1.2876e-01 -6.4179e-01 -2.3007e+00
% function evaluation | noise-free fitness - Fopt (6.600300000000e+02) | best noise-free fitness - Fopt | measured fitness | best measured fitness | x1 | x2...
1 +9.069495948e+01 +9.069495948e+01 +7.507249595e+02 +7.507249595e+02 +9.2227e-01 -1.2093e+00 -1.3480e+00 +3.2718e+00 -4.4692e+00
4 +3.459765089e+01 +3.459765089e+01 +6.946276509e+02 +6.946276509e+02 +4.6314e+00 -2.0609e+00 +4.8080e+00 -1.7002e+00 +3.5883e+00
11 +1.596373418e+01 +1.596373418e+01 +6.759937342e+02 +6.759937342e+02 +3.8410e+00 -4.7622e+00 -3.1555e+00 +2.0879e+00 -4.0853e+00
16 +7.679006668e+00 +7.679006668e+00 +6.677090067e+02 +6.677090067e+02 +2.4998e+00 -2.5519e+00 -2.0504e+00 -2.7181e+00 +3.6471e+00
56 +5.790629567e+00 +5.790629567e+00 +6.658206296e+02 +6.658206296e+02 +4.9804e+00 -1.4293e-01 -2.1735e+00 -8.7836e-01 +1.2549e+00
87 +2.894284001e+00 +2.894284001e+00 +6.629242840e+02 +6.629242840e+02 +1.9180e+00 +2.4581e-01 -2.2491e+00 -2.7013e+00 +5.1845e+00
181 +1.990378278e+00 +1.990378278e+00 +6.620203783e+02 +6.620203783e+02 +1.5921e+00 -1.1906e-01 -3.8065e+00 -2.5108e+00 +4.2137e+00
193 +3.051713103e-01 +3.051713103e-01 +6.603351713e+02 +6.603351713e+02 +1.8288e+00 +1.4060e+00 -3.0595e+00 -2.6372e+00 +3.6600e+00
354 +1.733355439e-01 +1.733355439e-01 +6.602033355e+02 +6.602033355e+02 +1.4254e+00 +1.4546e+00 -3.0506e+00 -3.0567e+00 +3.7367e+00
451 +1.218229882e-01 +1.218229882e-01 +6.601518230e+02 +6.601518230e+02 +1.4254e+00 +1.4546e+00 -3.0506e+00 -2.6906e+00 +3.6982e+00
487 +9.420197823e-02 +9.420197823e-02 +6.601242020e+02 +6.601242020e+02 +1.4046e+00 +1.1858e+00 -3.1540e+00 -2.9432e+00 +3.7667e+00
529 +4.940159743e-02 +4.940159743e-02 +6.600794016e+02 +6.600794016e+02 +1.6511e+00 +1.4357e+00 -3.0080e+00 -3.0014e+00 +3.6982e+00
576 +2.764559775e-02 +2.764559775e-02 +6.600576456e+02 +6.600576456e+02 +1.6541e+00 +1.4357e+00 -2.9865e+00 -2.9922e+00 +3.6642e+00
696 +2.289527470e-02 +2.289527470e-02 +6.600528953e+02 +6.600528953e+02 +1.8515e+00 +1.4392e+00 -3.1135e+00 -3.1567e+00 +3.6031e+00
734 +1.583139357e-02 +1.583139357e-02 +6.600458314e+02 +6.600458314e+02 +1.6504e+00 +1.2055e+00 -3.1796e+00 -3.1759e+00 +3.6529e+00
760 +9.820680184e-03 +9.820680184e-03 +6.600398207e+02 +6.600398207e+02 +1.5175e+00 +1.3189e+00 -2.9466e+00 -3.0288e+00 +3.5801e+00
884 +1.625733932e-03 +1.625733932e-03 +6.600316257e+02 +6.600316257e+02 +1.6773e+00 +1.3087e+00 -3.0487e+00 -3.1682e+00 +3.5751e+00
1020 +1.065876455e-03 +1.065876455e-03 +6.600310659e+02 +6.600310659e+02 +1.6183e+00 +1.3728e+00 -2.9963e+00 -3.0963e+00 +3.5628e+00
1326 +9.082952852e-04 +9.082952852e-04 +6.600309083e+02 +6.600309083e+02 +1.6183e+00 +1.3469e+00 -2.9963e+00 -3.0963e+00 +3.5747e+00
1481 +5.913834697e-04 +5.913834697e-04 +6.600305914e+02 +6.600305914e+02 +1.6656e+00 +1.3343e+00 -3.0403e+00 -3.1298e+00 +3.5870e+00
1627 +3.529765639e-04 +3.529765639e-04 +6.600303530e+02 +6.600303530e+02 +1.6599e+00 +1.4183e+00 -2.9948e+00 -3.0745e+00 +3.5805e+00
1966 +8.516772232e-05 +8.516772232e-05 +6.600300852e+02 +6.600300852e+02 +1.6694e+00 +1.3867e+00 -3.0123e+00 -3.1025e+00 +3.5806e+00
2336 +4.209439010e-05 +4.209439010e-05 +6.600300421e+02 +6.600300421e+02 +1.6257e+00 +1.3760e+00 -2.9985e+00 -3.0851e+00 +3.5748e+00
2515 +3.858984292e-05 +3.858984292e-05 +6.600300386e+02 +6.600300386e+02 +1.6487e+00 +1.3839e+00 -3.0088e+00 -3.0906e+00 +3.5808e+00
2851 +2.464610736e-05 +2.464610736e-05 +6.600300246e+02 +6.600300246e+02 +1.6483e+00 +1.3964e+00 -2.9995e+00 -3.0847e+00 +3.5772e+00
2855 +2.179234684e-06 +2.179234684e-06 +6.600300022e+02 +6.600300022e+02 +1.6532e+00 +1.3773e+00 -3.0118e+00 -3.0995e+00 +3.5794e+00
3201 +1.240347501e-06 +1.240347501e-06 +6.600300012e+02 +6.600300012e+02 +1.6479e+00 +1.3726e+00 -3.0129e+00 -3.0990e+00 +3.5796e+00
3354 +5.298370525e-07 +5.298370525e-07 +6.600300005e+02 +6.600300005e+02 +1.6489e+00 +1.3758e+00 -3.0113e+00 -3.0978e+00 +3.5792e+00
3524 +3.452919373e-07 +3.452919373e-07 +6.600300003e+02 +6.600300003e+02 +1.6491e+00 +1.3790e+00 -3.0095e+00 -3.0959e+00 +3.5790e+00
3704 +2.479050636e-07 +2.479050636e-07 +6.600300002e+02 +6.600300002e+02 +1.6486e+00 +1.3790e+00 -3.0089e+00 -3.0958e+00 +3.5786e+00
3744 +1.454500307e-07 +1.454500307e-07 +6.600300001e+02 +6.600300001e+02 +1.6490e+00 +1.3786e+00 -3.0095e+00 -3.0962e+00 +3.5789e+00
3885 +9.769337339e-08 +9.769337339e-08 +6.600300001e+02 +6.600300001e+02 +1.6482e+00 +1.3769e+00 -3.0103e+00 -3.0968e+00 +3.5790e+00
3977 +3.440879937e-08 +3.440879937e-08 +6.600300000e+02 +6.600300000e+02 +1.6474e+00 +1.3779e+00 -3.0092e+00 -3.0958e+00 +3.5787e+00
4061 +2.374792984e-08 +2.374792984e-08 +6.600300000e+02 +6.600300000e+02 +1.6473e+00 +1.3781e+00 -3.0090e+00 -3.0956e+00 +3.5786e+00
4107 +1.451167009e-08 +1.451167009e-08 +6.600300000e+02 +6.600300000e+02 +1.6474e+00 +1.3780e+00 -3.0091e+00 -3.0957e+00 +3.5787e+00
4167 +8.260713003e-09 +8.260713003e-09 +6.600300000e+02 +6.600300000e+02 +1.6469e+00 +1.3789e+00 -3.0083e+00 -3.0949e+00 +3.5785e+00
% function evaluation | noise-free fitness - Fopt (-3.032000000000e+01) | best noise-free fitness - Fopt | measured fitness | best measured fitness | x1 | x2...
1 +5.276167310e+01 +5.276167310e+01 +2.244167310e+01 +2.244167310e+01 +3.4027e+00 -8.0818e-01 -1.9401e+00 -4.4026e+00 -4.5788e+00
6 +3.278216017e+01 +3.278216017e+01 +2.462160168e+00 +2.462160168e+00 +8.6987e-01 +3.6051e-01 +9.5397e-01 -4.2563e+00 -3.4540e+00
12 +1.449152851e+01 +1.449152851e+01 -1.582847149e+01 -1.582847149e+01 -7.8527e-01 +4.1112e+00 -2.7501e+00 -6.8173e-01 -9.3828e-01
33 +3.290866721e+00 +3.290866721e+00 -2.702913328e+01 -2.702913328e+01 -1.8238e+00 +3.0731e+00 +2.2070e+00 -3.8102e-01 +2.4405e+00
103 +2.056360269e+00 +2.056360269e+00 -2.826363973e+01 -2.826363973e+01 -4.0318e+00 +3.1190e+00 +5.6184e-01 -6.7648e-01 +1.9353e+00
157 +1.521360504e+00 +1.521360504e+00 -2.879863950e+01 -2.879863950e+01 -4.0429e+00 +2.1083e+00 +6.4469e-02 +1.1120e+00 +2.1277e+00
188 +9.068111285e-01 +9.068111285e-01 -2.941318887e+01 -2.941318887e+01 -2.5547e+00 +3.0700e+00 -1.5330e-01 -9.5486e-02 +1.5875e+00
280 +1.595461761e-01 +1.595461761e-01 -3.016045382e+01 -3.016045382e+01 -2.7871e+00 +1.9402e+00 -2.2683e-01 +8.0533e-01 +1.9899e+00
482 +1.579444860e-01 +1.579444860e-01 -3.016205551e+01 -3.016205551e+01 -2.7549e+00 +2.2412e+00 -1.7772e-01 +4.9456e-01 +1.8764e+00
570 +9.781860475e-02 +9.781860475e-02 -3.022218140e+01 -3.022218140e+01 -2.5258e+00 +2.6380e+00 -1.2706e-01 +7.2633e-01 +2.2774e+00
651 +4.587847109e-02 +4.587847109e-02 -3.027412153e+01 -3.027412153e+01 -2.7056e+00 +2.4054e+00 -3.9489e-01 +5.2780e-01 +2.4070e+00
652 +2.986196257e-02 +2.986196257e-02 -3.029013804e+01 -3.029013804e+01 -2.6993e+00 +2.4009e+00 -2.0832e-01 +6.1904e-01 +2.1273e+00
701 +1.937927627e-02 +1.937927627e-02 -3.030062072e+01 -3.030062072e+01 -2.7511e+00 +2.3081e+00 -2.4030e-01 +6.5219e-01 +2.4070e+00
731 +6.266461852e-03 +6.266461852e-03 -3.031373354e+01 -3.031373354e+01 -2.7088e+00 +2.2663e+00 -2.2795e-01 +6.1510e-01 +2.2938e+00
1108 +3.545247356e-03 +3.545247356e-03 -3.031645475e+01 -3.031645475e+01 -2.7626e+00 +2.1728e+00 -2.5521e-01 +6.0660e-01 +2.2699e+00
1157 +1.361982594e-03 +1.361982594e-03 -3.031863802e+01 -3.031863802e+01 -2.7278e+00 +2.2663e+00 -2.4540e-01 +6.1510e-01 +2.2722e+00
1477 +9.298025472e-04 +9.298025472e-04 -3.031907020e+01 -3.031907020e+01 -2.7316e+00 +2.2458e+00 -2.6003e-01 +5.9699e-01 +2.2829e+00
1877 +5.776878919e-04 +5.776878919e-04 -3.031942231e+01 -3.031942231e+01 -2.7343e+00 +2.2158e+00 -2.5768e-01 +5.9616e-01 +2.2922e+00
2197 +3.880230304e-04 +3.880230304e-04 -3.031961198e+01 -3.031961198e+01 -2.7352e+00 +2.2688e+00 -2.7350e-01 +5.9057e-01 +2.3054e+00
2464 +2.335842072e-04 +2.335842072e-04 -3.031976642e+01 -3.031976642e+01 -2.7385e+00 +2.2498e+00 -2.6910e-01 +5.9481e-01 +2.3074e+00
2577 +1.219072493e-04 +1.219072493e-04 -3.031987809e+01 -3.031987809e+01 -2.7404e+00 +2.2237e+00 -2.6899e-01 +5.9102e-01 +2.3135e+00
2735 +8.828653174e-05 +8.828653174e-05 -3.031991171e+01 -3.031991171e+01 -2.7361e+00 +2.2191e+00 -2.6808e-01 +5.8966e-01 +2.3289e+00
2838 +4.012913031e-05 +4.012913031e-05 -3.031995987e+01 -3.031995987e+01 -2.7392e+00 +2.2309e+00 -2.8058e-01 +5.7972e-01 +2.3330e+00
2944 +3.588831387e-05 +3.588831387e-05 -3.031996411e+01 -3.031996411e+01 -2.7402e+00 +2.2222e+00 -2.7713e-01 +5.8211e-01 +2.3266e+00
3076 +2.269412440e-05 +2.269412440e-05 -3.031997731e+01 -3.031997731e+01 -2.7400e+00 +2.2156e+00 -2.7547e-01 +5.8230e-01 +2.3253e+00
3307 +1.073013912e-05 +1.073013912e-05 -3.031998927e+01 -3.031998927e+01 -2.7406e+00 +2.2157e+00 -2.7765e-01 +5.8043e-01 +2.3283e+00
3428 +6.566052047e-06 +6.566052047e-06 -3.031999343e+01 -3.031999343e+01 -2.7415e+00 +2.2194e+00 -2.8353e-01 +5.7529e-01 +2.3335e+00
3727 +6.284328204e-06 +6.284328204e-06 -3.031999372e+01 -3.031999372e+01 -2.7407e+00 +2.2217e+00 -2.8393e-01 +5.7510e-01 +2.3363e+00
3804 +3.761826555e-06 +3.761826555e-06 -3.031999624e+01 -3.031999624e+01 -2.7414e+00 +2.2166e+00 -2.8346e-01 +5.7495e-01 +2.3356e+00
4084 +2.327978503e-06 +2.327978503e-06 -3.031999767e+01 -3.031999767e+01 -2.7420e+00 +2.2167e+00 -2.8700e-01 +5.7152e-01 +2.3396e+00
4092 +1.318577926e-06 +1.318577926e-06 -3.031999868e+01 -3.031999868e+01 -2.7414e+00 +2.2144e+00 -2.8463e-01 +5.7355e-01 +2.3400e+00
4142 +9.327543609e-07 +9.327543609e-07 -3.031999907e+01 -3.031999907e+01 -2.7425e+00 +2.2075e+00 -2.8741e-01 +5.6986e-01 +2.3442e+00
4313 +3.730461664e-07 +3.730461664e-07 -3.031999963e+01 -3.031999963e+01 -2.7423e+00 +2.2094e+00 -2.8743e-01 +5.7014e-01 +2.3442e+00
4583 +6.768620153e-08 +6.768620153e-08 -3.031999993e+01 -3.031999993e+01 -2.7426e+00 +2.2098e+00 -2.8845e-01 +5.6920e-01 +2.3446e+00
4806 +6.284554388e-08 +6.284554388e-08 -3.031999994e+01 -3.031999994e+01 -2.7426e+00 +2.2089e+00 -2.8830e-01 +5.6924e-01 +2.3449e+00
4908 +3.237462209e-08 +3.237462209e-08 -3.031999997e+01 -3.031999997e+01 -2.7421e+00 +2.2104e+00 -2.8588e-01 +5.7178e-01 +2.3415e+00
4962 +2.485502648e-08 +2.485502648e-08 -3.031999998e+01 -3.031999998e+01 -2.7427e+00 +2.2089e+00 -2.8842e-01 +5.6911e-01 +2.3446e+00
5057 +1.082305445e-08 +1.082305445e-08 -3.031999999e+01 -3.031999999e+01 -2.7424e+00 +2.2095e+00 -2.8692e-01 +5.7066e-01 +2.3429e+00
5061 +3.400149495e-09 +3.400149495e-09 -3.032000000e+01 -3.032000000e+01 -2.7425e+00 +2.2088e+00 -2.8765e-01 +5.6986e-01 +2.3439e+00
% function evaluation | noise-free fitness - Fopt (4.421000000000e+01) | best noise-free fitness - Fopt | measured fitness | best measured fitness | x1 | x2...
1 +7.818389798e+01 +7.818389798e+01 +1.223938980e+02 +1.223938980e+02 +2.0235e+00 -1.9333e+00 +1.5343e-01 -2.1849e+00 -3.2795e+00
3 +1.827790177e+01 +1.827790177e+01 +6.248790177e+01 +6.248790177e+01 +1.1918e+00 -3.6021e-01 -2.5540e-01 -5.4080e-01 -6.7073e-02
5 +1.001311377e+01 +1.001311377e+01 +5.422311377e+01 +5.422311377e+01 +8.2368e-01 +3.4911e-01 -1.3406e+00 +1.3248e+00 +2.2645e+00
10 +6.344759006e+00 +6.344759006e+00 +5.055475901e+01 +5.055475901e+01 -1.9997e+00 +1.0116e+00 -2.2749e+00 +3.8889e+00 +2.1156e+00
29 +3.535156110e+00 +3.535156110e+00 +4.774515611e+01 +4.774515611e+01 -1.7876e+00 -3.6021e-01 -2.5540e-01 +3.7768e+00 -6.7073e-02
201 +2.476905831e+00 +2.476905831e+00 +4.668690583e+01 +4.668690583e+01 +1.6973e+00 -2.7984e+00 +1.2404e+00 +1.5618e+00 +2.0451e+00
202 +1.390836730e+00 +1.390836730e+00 +4.560083673e+01 +4.560083673e+01 +6.8438e-01 -2.1163e+00 +8.6745e-01 +2.6233e+00 +1.0529e+00
295 +5.012369472e-01 +5.012369472e-01 +4.471123695e+01 +4.471123695e+01 +2.6873e-01 -2.5352e+00 +2.2786e-01 +2.5324e+00 +1.2464e+00
455 +2.398053500e-01 +2.398053500e-01 +4.444980535e+01 +4.444980535e+01 +8.2825e-01 -2.5717e+00 -2.8411e-01 +2.7332e+00 +9.8091e-01
526 +7.908477567e-02 +7.908477567e-02 +4.428908478e+01 +4.428908478e+01 +8.1123e-01 -2.1870e+00 -3.6477e-01 +2.6455e+00 +9.8091e-01
656 +5.299970466e-02 +5.299970466e-02 +4.426299970e+01 +4.426299970e+01 +6.8310e-01 -2.4197e+00 -3.9952e-01 +2.6537e+00 +9.6312e-01
663 +2.722127722e-02 +2.722127722e-02 +4.423722128e+01 +4.423722128e+01 +7.2849e-01 -2.4971e+00 -4.3552e-01 +2.7983e+00 +7.4594e-01
819 +4.253745325e-03 +4.253745325e-03 +4.421425375e+01 +4.421425375e+01 +7.7279e-01 -2.3852e+00 -4.5602e-01 +2.8389e+00 +8.8815e-01
1140 +1.728925465e-03 +1.728925465e-03 +4.421172893e+01 +4.421172893e+01 +7.5034e-01 -2.4423e+00 -5.0995e-01 +2.8974e+00 +1.0126e+00
1444 +8.888111237e-04 +8.888111237e-04 +4.421088881e+01 +4.421088881e+01 +7.5708e-01 -2.4197e+00 -4.8130e-01 +2.8420e+00 +9.1070e-01
1801 +6.176959006e-04 +6.176959006e-04 +4.421061770e+01 +4.421061770e+01 +7.4524e-01 -2.4155e+00 -4.9776e-01 +2.8757e+00 +1.0518e+00
2007 +2.868917832e-04 +2.868917832e-04 +4.421028689e+01 +4.421028689e+01 +7.6657e-01 -2.4068e+00 -4.9033e-01 +2.8530e+00 +9.4576e-01
2176 +1.221952938e-04 +1.221952938e-04 +4.421012220e+01 +4.421012220e+01 +7.3685e-01 -2.4199e+00 -4.8858e-01 +2.8549e+00 +1.0233e+00
2407 +7.425957299e-05 +7.425957299e-05 +4.421007426e+01 +4.421007426e+01 +7.4676e-01 -2.4180e+00 -4.9212e-01 +2.8648e+00 +1.0135e+00
2734 +6.109050207e-05 +6.109050207e-05 +4.421006109e+01 +4.421006109e+01 +7.6151e-01 -2.4120e+00 -4.9157e-01 +2.8660e+00 +9.7446e-01
2853 +3.493880976e-05 +3.493880976e-05 +4.421003494e+01 +4.421003494e+01 +7.6811e-01 -2.4129e+00 -4.9901e-01 +2.8812e+00 +9.8616e-01
2932 +2.083511173e-05 +2.083511173e-05 +4.421002084e+01 +4.421002084e+01 +7.5922e-01 -2.4130e+00 -4.9337e-01 +2.8674e+00 +9.8610e-01
3087 +1.462124749e-05 +1.462124749e-05 +4.421001462e+01 +4.421001462e+01 +7.6297e-01 -2.4111e+00 -4.9407e-01 +2.8677e+00 +9.7873e-01
3101 +9.204330929e-06 +9.204330929e-06 +4.421000920e+01 +4.421000920e+01 +7.6836e-01 -2.4119e+00 -4.9780e-01 +2.8773e+00 +9.7908e-01
3174 +5.156952632e-06 +5.156952632e-06 +4.421000516e+01 +4.421000516e+01 +7.5704e-01 -2.4162e+00 -4.9604e-01 +2.8713e+00 +9.9708e-01
3236 +1.913292458e-06 +1.913292458e-06 +4.421000191e+01 +4.421000191e+01 +7.6256e-01 -2.4146e+00 -4.9680e-01 +2.8747e+00 +9.8759e-01
3455 +1.219275255e-06 +1.219275255e-06 +4.421000122e+01 +4.421000122e+01 +7.6198e-01 -2.4156e+00 -4.9709e-01 +2.8756e+00 +9.8922e-01
3538 +9.616269239e-07 +9.616269239e-07 +4.421000096e+01 +4.421000096e+01 +7.6189e-01 -2.4147e+00 -4.9645e-01 +2.8735e+00 +9.8702e-01
3584 +2.327270039e-07 +2.327270039e-07 +4.421000023e+01 +4.421000023e+01 +7.5969e-01 -2.4158e+00 -4.9607e-01 +2.8730e+00 +9.9093e-01
3720 +1.495774953e-07 +1.495774953e-07 +4.421000015e+01 +4.421000015e+01 +7.5980e-01 -2.4154e+00 -4.9591e-01 +2.8723e+00 +9.9025e-01
3776 +4.637783491e-08 +4.637783491e-08 +4.421000005e+01 +4.421000005e+01 +7.5963e-01 -2.4156e+00 -4.9588e-01 +2.8724e+00 +9.9048e-01
3929 +2.272111033e-08 +2.272111033e-08 +4.421000002e+01 +4.421000002e+01 +7.6135e-01 -2.4151e+00 -4.9605e-01 +2.8731e+00 +9.8676e-01
4027 +8.029765297e-09 +8.029765297e-09 +4.421000001e+01 +4.421000001e+01 +7.6049e-01 -2.4153e+00 -4.9593e-01 +2.8726e+00 +9.8848e-01
% function evaluation | noise-free fitness - Fopt (1.161000000000e+01) | best noise-free fitness - Fopt | measured fitness | best measured fitness | x1 | x2...
1 +2.243243039e+02 +2.243243039e+02 +2.359343039e+02 +2.359343039e+02 -3.0305e+00 -4.5893e+00 +3.3064e+00 -1.9941e+00 -2.0111e+00
2 +9.098985977e+00 +9.098985977e+00 +2.070898598e+01 +2.070898598e+01 +4.8451e+00 -2.3825e+00 -1.4088e+00 -3.9068e-01 -1.5313e+00
11 +1.138638303e+00 +1.138638303e+00 +1.274863830e+01 +1.274863830e+01 +4.7773e+00 -2.1736e+00 -4.2457e-01 +2.5441e+00 -6.1185e-01
176 +9.629684634e-01 +9.629684634e-01 +1.257296846e+01 +1.257296846e+01 +3.9382e+00 -2.0682e+00 -1.6589e+00 +2.5441e+00 -6.1185e-01
177 +6.146515622e-01 +6.146515622e-01 +1.222465156e+01 +1.222465156e+01 +2.8186e+00 -2.0684e+00 -2.0426e-01 +2.3379e+00 -4.4271e-01
207 +3.502505017e-01 +3.502505017e-01 +1.196025050e+01 +1.196025050e+01 +2.9021e+00 -2.5240e+00 -6.7389e-01 +2.1292e+00 -1.0014e+00
288 +1.735790852e-01 +1.735790852e-01 +1.178357909e+01 +1.178357909e+01 +3.6593e+00 -2.8550e+00 -2.3554e-01 +2.8379e+00 -8.3300e-01
376 +1.508938060e-01 +1.508938060e-01 +1.176089381e+01 +1.176089381e+01 +3.6593e+00 -2.8550e+00 -8.0668e-01 +2.8379e+00 -5.8643e-01
432 +9.645659852e-02 +9.645659852e-02 +1.170645660e+01 +1.170645660e+01 +3.2633e+00 -2.5812e+00 -7.6378e-01 +2.1997e+00 -9.0074e-01
526 +4.722727816e-02 +4.722727816e-02 +1.165722728e+01 +1.165722728e+01 +3.6091e+00 -2.5402e+00 -4.6689e-01 +2.4557e+00 -7.5967e-01
617 +3.752001193e-02 +3.752001193e-02 +1.164752001e+01 +1.164752001e+01 +3.4620e+00 -2.6082e+00 -8.7334e-01 +2.3009e+00 -9.8764e-01
628 +2.112323382e-02 +2.112323382e-02 +1.163112323e+01 +1.163112323e+01 +3.5427e+00 -2.7459e+00 -8.8937e-01 +2.4667e+00 -8.9672e-01
639 +1.203241402e-02 +1.203241402e-02 +1.162203241e+01 +1.162203241e+01 +3.5601e+00 -2.6752e+00 -8.0168e-01 +2.4225e+00 -9.1372e-01
832 +8.870822085e-03 +8.870822085e-03 +1.161887082e+01 +1.161887082e+01 +3.5464e+00 -2.7086e+00 -7.3095e-01 +2.5367e+00 -8.3632e-01
878 +4.583641870e-03 +4.583641870e-03 +1.161458364e+01 +1.161458364e+01 +3.5601e+00 -2.6760e+00 -6.0616e-01 +2.5248e+00 -8.5682e-01
994 +3.385248462e-03 +3.385248462e-03 +1.161338525e+01 +1.161338525e+01 +3.5536e+00 -2.7214e+00 -6.8058e-01 +2.5544e+00 -8.5583e-01
1156 +9.319819023e-04 +9.319819023e-04 +1.161093198e+01 +1.161093198e+01 +3.5215e+00 -2.6530e+00 -7.1318e-01 +2.4456e+00 -8.8047e-01
1402 +5.341271690e-04 +5.341271690e-04 +1.161053413e+01 +1.161053413e+01 +3.5012e+00 -2.6718e+00 -7.0330e-01 +2.4713e+00 -8.8424e-01
1626 +3.498539770e-04 +3.498539770e-04 +1.161034985e+01 +1.161034985e+01 +3.4928e+00 -2.6495e+00 -6.9692e-01 +2.4502e+00 -8.8086e-01
1676 +2.432756837e-04 +2.432756837e-04 +1.161024328e+01 +1.161024328e+01 +3.4928e+00 -2.6534e+00 -6.8601e-01 +2.4603e+00 -8.8004e-01
1792 +1.098295487e-04 +1.098295487e-04 +1.161010983e+01 +1.161010983e+01 +3.5363e+00 -2.6728e+00 -6.9334e-01 +2.4794e+00 -8.7580e-01
2213 +2.513151110e-05 +2.513151110e-05 +1.161002513e+01 +1.161002513e+01 +3.5301e+00 -2.6701e+00 -6.8955e-01 +2.4773e+00 -8.7795e-01
2684 +2.211608347e-05 +2.211608347e-05 +1.161002212e+01 +1.161002212e+01 +3.5302e+00 -2.6699e+00 -6.8858e-01 +2.4776e+00 -8.7773e-01
2852 +1.288594724e-05 +1.288594724e-05 +1.161001289e+01 +1.161001289e+01 +3.5165e+00 -2.6577e+00 -6.8364e-01 +2.4647e+00 -8.7993e-01
2986 +8.558517935e-06 +8.558517935e-06 +1.161000856e+01 +1.161000856e+01 +3.5233e+00 -2.6600e+00 -6.7871e-01 +2.4702e+00 -8.7817e-01
3229 +2.585733670e-06 +2.585733670e-06 +1.161000259e+01 +1.161000259e+01 +3.5221e+00 -2.6604e+00 -6.8516e-01 +2.4672e+00 -8.7925e-01
3391 +2.299216348e-06 +2.299216348e-06 +1.161000230e+01 +1.161000230e+01 +3.5217e+00 -2.6608e+00 -6.8307e-01 +2.4690e+00 -8.7879e-01
3471 +5.215611161e-07 +5.215611161e-07 +1.161000052e+01 +1.161000052e+01 +3.5175e+00 -2.6597e+00 -6.8603e-01 +2.4660e+00 -8.7983e-01
3731 +3.869154170e-07 +3.869154170e-07 +1.161000039e+01 +1.161000039e+01 +3.5181e+00 -2.6601e+00 -6.8558e-01 +2.4668e+00 -8.7963e-01
3899 +2.465883924e-07 +2.465883924e-07 +1.161000025e+01 +1.161000025e+01 +3.5137e+00 -2.6581e+00 -6.8706e-01 +2.4635e+00 -8.8067e-01
3980 +1.104236169e-07 +1.104236169e-07 +1.161000011e+01 +1.161000011e+01 +3.5131e+00 -2.6585e+00 -6.8786e-01 +2.4637e+00 -8.8078e-01
4006 +8.523848294e-08 +8.523848294e-08 +1.161000009e+01 +1.161000009e+01 +3.5127e+00 -2.6583e+00 -6.8792e-01 +2.4634e+00 -8.8087e-01
4027 +5.707173933e-08 +5.707173933e-08 +1.161000006e+01 +1.161000006e+01 +3.5151e+00 -2.6594e+00 -6.8770e-01 +2.4648e+00 -8.8042e-01
4181 +3.423520845e-08 +3.423520845e-08 +1.161000003e+01 +1.161000003e+01 +3.5139e+00 -2.6590e+00 -6.8805e-01 +2.4641e+00 -8.8067e-01
4286 +2.236997787e-08 +2.236997787e-08 +1.161000002e+01 +1.161000002e+01 +3.5123e+00 -2.6584e+00 -6.8865e-01 +2.4631e+00 -8.8103e-01
4355 +1.452637299e-08 +1.452637299e-08 +1.161000001e+01 +1.161000001e+01 +3.5121e+00 -2.6584e+00 -6.8872e-01 +2.4630e+00 -8.8108e-01
4460 +8.405670826e-09 +8.405670826e-09 +1.161000001e+01 +1.161000001e+01 +3.5132e+00 -2.6588e+00 -6.8839e-01 +2.4637e+00 -8.8083e-01
% function evaluation | noise-free fitness - Fopt (1.139400000000e+02) | best noise-free fitness - Fopt | measured fitness | best measured fitness | x1 | x2...
1 +1.077665564e+01 +1.077665564e+01 +1.247166556e+02 +1.247166556e+02 +1.5444e+00 +1.0283e+00 +7.7434e-01 +6.9086e-02 +1.4572e+00
4 +3.284751198e+00 +3.284751198e+00 +1.172247512e+02 +1.172247512e+02 -3.4336e+00 +2.0826e+00 +3.6491e+00 +1.1816e+00 +1.0462e+00
110 +4.958510353e-01 +4.958510353e-01 +1.144358510e+02 +1.144358510e+02 -3.8800e+00 +1.2694e+00 +1.7820e+00 -1.0068e-01 +2.3118e-01
304 +1.651873738e-01 +1.651873738e-01 +1.141051874e+02 +1.141051874e+02 -3.1849e+00 +1.3226e+00 +2.2296e+00 -2.8281e-01 +4.6856e-01
406 +1.464225587e-01 +1.464225587e-01 +1.140864226e+02 +1.140864226e+02 -3.2494e+00 +1.0751e+00 +2.4794e+00 -3.9361e-01 +5.5896e-01
501 +9.630413158e-02 +9.630413158e-02 +1.140363041e+02 +1.140363041e+02 -3.3192e+00 +1.1052e+00 +2.3990e+00 -4.6514e-01 +5.5896e-01
528 +1.612818507e-02 +1.612818507e-02 +1.139561282e+02 +1.139561282e+02 -3.2852e+00 +1.2600e+00 +2.0434e+00 -2.8281e-01 +5.6542e-01
665 +1.548980725e-02 +1.548980725e-02 +1.139554898e+02 +1.139554898e+02 -3.1989e+00 +1.1698e+00 +2.0259e+00 -3.0823e-01 +5.4616e-01
812 +9.361338671e-03 +9.361338671e-03 +1.139493613e+02 +1.139493613e+02 -3.2401e+00 +1.1800e+00 +2.0455e+00 -3.0691e-01 +5.5155e-01
927 +6.108112900e-03 +6.108112900e-03 +1.139461081e+02 +1.139461081e+02 -3.2669e+00 +1.1799e+00 +2.1161e+00 -3.5905e-01 +5.4643e-01
1012 +2.976946974e-03 +2.976946974e-03 +1.139429769e+02 +1.139429769e+02 -3.2634e+00 +1.2695e+00 +2.1164e+00 -2.8470e-01 +5.9202e-01
1122 +1.829272044e-03 +1.829272044e-03 +1.139418293e+02 +1.139418293e+02 -3.2473e+00 +1.2544e+00 +2.1400e+00 -2.9508e-01 +5.9769e-01
1299 +1.045473776e-03 +1.045473776e-03 +1.139410455e+02 +1.139410455e+02 -3.2151e+00 +1.2292e+00 +2.0553e+00 -1.9954e-01 +6.0330e-01
1440 +7.268441059e-04 +7.268441059e-04 +1.139407268e+02 +1.139407268e+02 -3.2293e+00 +1.2942e+00 +2.1168e+00 -2.2777e-01 +6.2416e-01
1657 +6.073788842e-04 +6.073788842e-04 +1.139406074e+02 +1.139406074e+02 -3.2426e+00 +1.2445e+00 +2.0466e+00 -2.0135e-01 +5.9271e-01
1780 +3.307434334e-04 +3.307434334e-04 +1.139403307e+02 +1.139403307e+02 -3.2340e+00 +1.2511e+00 +2.0494e+00 -1.9405e-01 +6.0012e-01
2047 +2.184443718e-04 +2.184443718e-04 +1.139402184e+02 +1.139402184e+02 -3.2318e+00 +1.2352e+00 +2.0548e+00 -2.0813e-01 +5.9576e-01
2117 +3.660714626e-05 +3.660714626e-05 +1.139400366e+02 +1.139400366e+02 -3.2310e+00 +1.2516e+00 +2.0768e+00 -2.1960e-01 +6.0335e-01
2633 +2.335845527e-05 +2.335845527e-05 +1.139400234e+02 +1.139400234e+02 -3.2263e+00 +1.2500e+00 +2.0977e+00 -2.3622e-01 +6.0744e-01
2679 +1.042784173e-05 +1.042784173e-05 +1.139400104e+02 +1.139400104e+02 -3.2265e+00 +1.2394e+00 +2.0922e+00 -2.3708e-01 +6.0331e-01
2909 +8.871717284e-06 +8.871717284e-06 +1.139400089e+02 +1.139400089e+02 -3.2303e+00 +1.2537e+00 +2.0919e+00 -2.3321e-01 +6.0533e-01
3034 +2.009580498e-06 +2.009580498e-06 +1.139400020e+02 +1.139400020e+02 -3.2270e+00 +1.2453e+00 +2.0961e+00 -2.3851e-01 +6.0506e-01
3145 +8.428257701e-07 +8.428257701e-07 +1.139400008e+02 +1.139400008e+02 -3.2276e+00 +1.2455e+00 +2.0932e+00 -2.3559e-01 +6.0479e-01
3276 +5.959938818e-07 +5.959938818e-07 +1.139400006e+02 +1.139400006e+02 -3.2279e+00 +1.2461e+00 +2.0954e+00 -2.3874e-01 +6.0448e-01
3479 +3.452663435e-07 +3.452663435e-07 +1.139400003e+02 +1.139400003e+02 -3.2279e+00 +1.2475e+00 +2.0971e+00 -2.3968e-01 +6.0509e-01
3506 +2.207732308e-07 +2.207732308e-07 +1.139400002e+02 +1.139400002e+02 -3.2276e+00 +1.2460e+00 +2.0973e+00 -2.4053e-01 +6.0472e-01
3680 +1.000988590e-07 +1.000988590e-07 +1.139400001e+02 +1.139400001e+02 -3.2277e+00 +1.2461e+00 +2.0977e+00 -2.4120e-01 +6.0463e-01
3783 +9.584015004e-08 +9.584015004e-08 +1.139400001e+02 +1.139400001e+02 -3.2278e+00 +1.2465e+00 +2.0994e+00 -2.4318e-01 +6.0466e-01
3908 +6.123164553e-08 +6.123164553e-08 +1.139400001e+02 +1.139400001e+02 -3.2278e+00 +1.2468e+00 +2.0994e+00 -2.4289e-01 +6.0481e-01
3953 +1.977733177e-08 +1.977733177e-08 +1.139400000e+02 +1.139400000e+02 -3.2279e+00 +1.2471e+00 +2.0979e+00 -2.4102e-01 +6.0486e-01
4107 +1.499013536e-08 +1.499013536e-08 +1.139400000e+02 +1.139400000e+02 -3.2279e+00 +1.2469e+00 +2.0982e+00 -2.4157e-01 +6.0477e-01
4144 +5.352077892e-09 +5.352077892e-09 +1.139400000e+02 +1.139400000e+02 -3.2280e+00 +1.2470e+00 +2.0978e+00 -2.4115e-01 +6.0477e-01
% function evaluation | noise-free fitness - Fopt (1.910100000000e+02) | best noise-free fitness - Fopt | measured fitness | best measured fitness | x1 | x2...
1 +4.576365003e+01 +4.576365003e+01 +2.367736500e+02 +2.367736500e+02 +4.4940e-01 -1.9779e+00 +2.6078e+00 -3.1824e+00 +2.5512e+00
3 +1.776431230e+01 +1.776431230e+01 +2.087743123e+02 +2.087743123e+02 +5.7146e-01 -2.9268e+00 -4.4609e-01 +2.7712e+00 +3.5335e+00
5 +1.313666600e+01 +1.313666600e+01 +2.041466660e+02 +2.041466660e+02 +4.2524e-01 +7.2009e-02 -1.5086e+00 +8.7579e-02 +9.1067e-01
16 +7.891770279e+00 +7.891770279e+00 +1.989017703e+02 +1.989017703e+02 -3.4189e+00 -1.9088e+00 +2.8009e+00 +7.4270e-01 +6.9393e-01
65 +3.659611686e+00 +3.659611686e+00 +1.946696117e+02 +1.946696117e+02 -4.4222e+00 -5.1883e-01 -1.7075e+00 -2.5644e+00 +4.7504e-02
102 +2.305475711e+00 +2.305475711e+00 +1.933154757e+02 +1.933154757e+02 -2.3571e+00 +1.5082e+00 -2.3259e+00 -3.0477e+00 +4.7504e-02
179 +1.023425006e+00 +1.023425006e+00 +1.920334250e+02 +1.920334250e+02 -2.3571e+00 +4.6170e-01 -2.3259e+00 -3.7155e+00 +1.4214e+00
183 +9.455500565e-01 +9.455500565e-01 +1.919555501e+02 +1.919555501e+02 -2.6966e+00 +3.1804e-01 -3.1219e+00 -3.7095e+00 +2.3297e+00
278 +4.522430522e-01 +4.522430522e-01 +1.914622431e+02 +1.914622431e+02 -2.8284e+00 +6.8323e-01 -2.7017e+00 -3.2059e+00 +2.0903e+00
352 +3.843181051e-01 +3.843181051e-01 +1.913943181e+02 +1.913943181e+02 -3.0581e+00 +6.8539e-01 -3.1069e+00 -3.7155e+00 +1.5403e+00
353 +2.298979263e-01 +2.298979263e-01 +1.912398979e+02 +1.912398979e+02 -3.2409e+00 +1.3611e+00 -2.2531e+00 -3.5051e+00 +1.2980e+00
429 +1.051996709e-01 +1.051996709e-01 +1.911151997e+02 +1.911151997e+02 -3.1307e+00 +1.0430e+00 -2.4834e+00 -3.6438e+00 +1.9587e+00
529 +7.882255692e-02 +7.882255692e-02 +1.910888226e+02 +1.910888226e+02 -3.0305e+00 +1.2323e+00 -2.2866e+00 -3.8113e+00 +1.6285e+00
605 +1.489708462e-02 +1.489708462e-02 +1.910248971e+02 +1.910248971e+02 -3.2953e+00 +1.0408e+00 -2.5183e+00 -3.6090e+00 +1.8002e+00
770 +9.339113010e-03 +9.339113010e-03 +1.910193391e+02 +1.910193391e+02 -3.2148e+00 +1.0670e+00 -2.4885e+00 -3.6052e+00 +1.7008e+00
878 +3.419975555e-03 +3.419975555e-03 +1.910134200e+02 +1.910134200e+02 -3.2864e+00 +1.0135e+00 -2.5241e+00 -3.6110e+00 +1.7676e+00
1221 +1.462505336e-03 +1.462505336e-03 +1.910114625e+02 +1.910114625e+02 -3.2503e+00 +1.0846e+00 -2.4887e+00 -3.6069e+00 +1.7172e+00
1519 +7.217775557e-04 +7.217775557e-04 +1.910107218e+02 +1.910107218e+02 -3.2488e+00 +1.0511e+00 -2.5277e+00 -3.5879e+00 +1.7289e+00
1535 +5.065215297e-04 +5.065215297e-04 +1.910105065e+02 +1.910105065e+02 -3.2640e+00 +1.0874e+00 -2.4835e+00 -3.6075e+00 +1.7264e+00
1755 +1.590317082e-04 +1.590317082e-04 +1.910101590e+02 +1.910101590e+02 -3.2675e+00 +1.0816e+00 -2.5047e+00 -3.5875e+00 +1.7166e+00
2009 +4.909498003e-05 +4.909498003e-05 +1.910100491e+02 +1.910100491e+02 -3.2849e+00 +1.0582e+00 -2.5176e+00 -3.5856e+00 +1.7263e+00
2507 +1.908976432e-05 +1.908976432e-05 +1.910100191e+02 +1.910100191e+02 -3.2791e+00 +1.0604e+00 -2.5100e+00 -3.5928e+00 +1.7264e+00
2905 +1.340864551e-05 +1.340864551e-05 +1.910100134e+02 +1.910100134e+02 -3.2848e+00 +1.0633e+00 -2.5106e+00 -3.5894e+00 +1.7254e+00
2979 +9.840267154e-06 +9.840267154e-06 +1.910100098e+02 +1.910100098e+02 -3.2838e+00 +1.0612e+00 -2.5125e+00 -3.5889e+00 +1.7256e+00
3003 +5.726180348e-06 +5.726180348e-06 +1.910100057e+02 +1.910100057e+02 -3.2848e+00 +1.0584e+00 -2.5136e+00 -3.5893e+00 +1.7269e+00
3029 +3.536936219e-06 +3.536936219e-06 +1.910100035e+02 +1.910100035e+02 -3.2843e+00 +1.0555e+00 -2.5155e+00 -3.5893e+00 +1.7274e+00
3214 +1.235979141e-06 +1.235979141e-06 +1.910100012e+02 +1.910100012e+02 -3.2860e+00 +1.0471e+00 -2.5215e+00 -3.5879e+00 +1.7297e+00
3282 +9.715002420e-07 +9.715002420e-07 +1.910100010e+02 +1.910100010e+02 -3.2861e+00 +1.0472e+00 -2.5215e+00 -3.5879e+00 +1.7297e+00
3355 +2.122697254e-07 +2.122697254e-07 +1.910100002e+02 +1.910100002e+02 -3.2858e+00 +1.0475e+00 -2.5208e+00 -3.5885e+00 +1.7298e+00
3785 +1.480568699e-07 +1.480568699e-07 +1.910100001e+02 +1.910100001e+02 -3.2885e+00 +1.0440e+00 -2.5237e+00 -3.5871e+00 +1.7307e+00
3879 +5.317929208e-08 +5.317929208e-08 +1.910100001e+02 +1.910100001e+02 -3.2881e+00 +1.0446e+00 -2.5232e+00 -3.5873e+00 +1.7305e+00
3945 +2.150505907e-08 +2.150505907e-08 +1.910100000e+02 +1.910100000e+02 -3.2889e+00 +1.0437e+00 -2.5242e+00 -3.5867e+00 +1.7307e+00
3976 +1.115176929e-08 +1.115176929e-08 +1.910100000e+02 +1.910100000e+02 -3.2885e+00 +1.0433e+00 -2.5242e+00 -3.5870e+00 +1.7308e+00
4064 +9.251692745e-09 +9.251692745e-09 +1.910100000e+02 +1.910100000e+02 -3.2881e+00 +1.0434e+00 -2.5239e+00 -3.5873e+00 +1.7308e+00
% function evaluation | noise-free fitness - Fopt (-1.000000000000e+03) | best noise-free fitness - Fopt | measured fitness | best measured fitness | x1 | x2...
1 +8.957807382e+00 +8.957807382e+00 -9.910421926e+02 -9.910421926e+02 -1.6800e+00 -1.2129e+00 +3.1188e+00 -1.9171e+00 +3.4822e+00
85 +3.985872716e+00 +3.985872716e+00 -9.960141273e+02 -9.960141273e+02 +9.2614e-01 -1.5776e+00 +3.0319e+00 +1.7456e+00 +2.1191e+00
154 +1.964981149e+00 +1.964981149e+00 -9.980350189e+02 -9.980350189e+02 +5.1288e-02 -1.3977e+00 +1.1429e+00 +8.6693e-01 +4.0675e+00
261 +1.473491264e+00 +1.473491264e+00 -9.985265087e+02 -9.985265087e+02 +1.4792e+00 -6.6929e-01 +8.1905e-01 -5.8321e-01 +2.7548e+00
308 +6.316833270e-01 +6.316833270e-01 -9.993683167e+02 -9.993683167e+02 +5.1288e-02 -9.5496e-01 +1.9217e+00 +5.0821e-01 +3.6819e+00
382 +4.929053421e-01 +4.929053421e-01 -9.995070947e+02 -9.995070947e+02 +1.0398e+00 -4.6886e-01 +2.4339e+00 -4.8384e-01 +3.8125e+00
432 +3.368580734e-01 +3.368580734e-01 -9.996631419e+02 -9.996631419e+02 -4.9175e-04 -6.4836e-01 +1.9929e+00 -6.9108e-01 +3.4913e+00
501 +1.994180022e-01 +1.994180022e-01 -9.998005820e+02 -9.998005820e+02 +2.0686e-01 -6.0988e-01 +1.7642e+00 -4.3038e-01 +3.5729e+00
566 +7.852152848e-02 +7.852152848e-02 -9.999214785e+02 -9.999214785e+02 +7.2020e-01 -5.0484e-01 +2.1316e+00 -3.3100e-01 +3.1005e+00
654 +5.978827757e-02 +5.978827757e-02 -9.999402117e+02 -9.999402117e+02 +2.6334e-01 -7.2754e-01 +2.0925e+00 -3.5830e-01 +3.4434e+00
691 +3.878813872e-02 +3.878813872e-02 -9.999612119e+02 -9.999612119e+02 +3.3145e-01 -5.3444e-01 +2.0126e+00 -2.7202e-01 +3.2442e+00
760 +2.488945031e-02 +2.488945031e-02 -9.999751105e+02 -9.999751105e+02 +2.8656e-01 -6.1155e-01 +1.9865e+00 -1.7539e-01 +3.2344e+00
828 +1.046934529e-02 +1.046934529e-02 -9.999895307e+02 -9.999895307e+02 +3.9008e-01 -6.0090e-01 +2.1051e+00 -2.7202e-01 +3.2442e+00
1028 +6.529845276e-03 +6.529845276e-03 -9.999934702e+02 -9.999934702e+02 +3.4679e-01 -6.4927e-01 +2.0265e+00 -2.0499e-01 +3.3725e+00
1126 +5.384571163e-03 +5.384571163e-03 -9.999946154e+02 -9.999946154e+02 +3.9987e-01 -6.2028e-01 +2.0275e+00 -2.1108e-01 +3.3725e+00
1151 +2.359161237e-03 +2.359161237e-03 -9.999976408e+02 -9.999976408e+02 +4.3368e-01 -6.1178e-01 +2.0275e+00 -2.2165e-01 +3.3725e+00
1455 +1.233697878e-03 +1.233697878e-03 -9.999987663e+02 -9.999987663e+02 +4.2366e-01 -6.2036e-01 +2.0522e+00 -2.1538e-01 +3.3416e+00
1534 +8.778224800e-04 +8.778224800e-04 -9.999991222e+02 -9.999991222e+02 +5.3823e-01 -5.6287e-01 +2.0244e+00 -1.9569e-01 +3.3108e+00
1635 +3.916309485e-04 +3.916309485e-04 -9.999996084e+02 -9.999996084e+02 +5.2870e-01 -5.6448e-01 +2.0284e+00 -2.0665e-01 +3.3159e+00
1941 +2.159298427e-04 +2.159298427e-04 -9.999997841e+02 -9.999997841e+02 +4.7331e-01 -5.8956e-01 +2.0350e+00 -2.1268e-01 +3.3299e+00
2271 +1.102912299e-04 +1.102912299e-04 -9.999998897e+02 -9.999998897e+02 +4.9126e-01 -5.9128e-01 +2.0396e+00 -2.1438e-01 +3.3466e+00
2401 +8.304424114e-05 +8.304424114e-05 -9.999999170e+02 -9.999999170e+02 +4.8934e-01 -5.8864e-01 +2.0421e+00 -2.1389e-01 +3.3327e+00
2443 +6.089560884e-05 +6.089560884e-05 -9.999999391e+02 -9.999999391e+02 +5.2014e-01 -5.6743e-01 +2.0284e+00 -2.0449e-01 +3.3139e+00
2663 +3.860445679e-05 +3.860445679e-05 -9.999999614e+02 -9.999999614e+02 +5.0542e-01 -5.7779e-01 +2.0327e+00 -2.0853e-01 +3.3269e+00
2863 +2.006532054e-05 +2.006532054e-05 -9.999999799e+02 -9.999999799e+02 +4.9546e-01 -5.8330e-01 +2.0421e+00 -2.1479e-01 +3.3250e+00
3032 +1.029480393e-05 +1.029480393e-05 -9.999999897e+02 -9.999999897e+02 +4.9925e-01 -5.7655e-01 +2.0383e+00 -2.1060e-01 +3.3107e+00
3076 +5.558042517e-06 +5.558042517e-06 -9.999999944e+02 -9.999999944e+02 +5.0628e-01 -5.7584e-01 +2.0374e+00 -2.1092e-01 +3.3176e+00
3211 +3.260860581e-06 +3.260860581e-06 -9.999999967e+02 -9.999999967e+02 +5.0163e-01 -5.7646e-01 +2.0396e+00 -2.1120e-01 +3.3114e+00
3320 +1.701676183e-06 +1.701676183e-06 -9.999999983e+02 -9.999999983e+02 +5.0295e-01 -5.7624e-01 +2.0388e+00 -2.1123e-01 +3.3134e+00
3426 +1.456894665e-06 +1.456894665e-06 -9.999999985e+02 -9.999999985e+02 +5.0434e-01 -5.7627e-01 +2.0390e+00 -2.1122e-01 +3.3146e+00
3432 +7.185714139e-07 +7.185714139e-07 -9.999999993e+02 -9.999999993e+02 +5.0845e-01 -5.7276e-01 +2.0382e+00 -2.1004e-01 +3.3085e+00
3563 +2.244606776e-07 +2.244606776e-07 -9.999999998e+02 -9.999999998e+02 +5.0841e-01 -5.7306e-01 +2.0375e+00 -2.0991e-01 +3.3104e+00
3740 +6.444099654e-08 +6.444099654e-08 -9.999999999e+02 -9.999999999e+02 +5.0959e-01 -5.7128e-01 +2.0376e+00 -2.0942e-01 +3.3058e+00
3989 +3.561706308e-08 +3.561706308e-08 -1.000000000e+03 -1.000000000e+03 +5.0928e-01 -5.7170e-01 +2.0373e+00 -2.0944e-01 +3.3071e+00
4102 +2.396404852e-08 +2.396404852e-08 -1.000000000e+03 -1.000000000e+03 +5.0911e-01 -5.7187e-01 +2.0376e+00 -2.0957e-01 +3.3072e+00
4157 +1.004968908e-08 +1.004968908e-08 -1.000000000e+03 -1.000000000e+03 +5.0909e-01 -5.7151e-01 +2.0375e+00 -2.0940e-01 +3.3060e+00
4216 +9.753193808e-09 +9.753193808e-09 -1.000000000e+03 -1.000000000e+03 +5.0881e-01 -5.7179e-01 +2.0377e+00 -2.0956e-01 +3.3064e+00
