% function evaluation | noise-free fitness - Fopt (-5.235000000000e+01) | best noise-free fitness - Fopt | measured fitness | best measured fitness | x1 | x2...
1 +3.293419283e+00 +3.293419283e+00 -4.905658072e+01 -4.905658072e+01 +7.0952e-01 -2.3188e+00
4 +6.099603256e-01 +6.099603256e-01 -5.174003967e+01 -5.174003967e+01 -2.7938e-01 -1.0997e+00
16 +1.709193465e-01 +1.709193465e-01 -5.217908065e+01 -5.217908065e+01 -7.2309e-01 -1.1408e+00
72 +1.555442271e-02 +1.555442271e-02 -5.233444558e+01 -5.233444558e+01 -8.9783e-01 -1.0916e+00
102 +1.769085047e-03 +1.769085047e-03 -5.234823091e+01 -5.234823091e+01 -8.4042e-01 -1.3615e+00
130 +1.068903134e-03 +1.068903134e-03 -5.234893110e+01 -5.234893110e+01 -8.7829e-01 -1.2175e+00
164 +4.631127951e-04 +4.631127951e-04 -5.234953689e+01 -5.234953689e+01 -8.7410e-01 -1.2388e+00
192 +2.738879900e-04 +2.738879900e-04 -5.234972611e+01 -5.234972611e+01 -8.5504e-01 -1.3075e+00
242 +2.257026704e-04 +2.257026704e-04 -5.234977430e+01 -5.234977430e+01 -8.7744e-01 -1.2256e+00
257 +1.036153519e-04 +1.036153519e-04 -5.234989638e+01 -5.234989638e+01 -8.6916e-01 -1.2549e+00
273 +2.959839568e-05 +2.959839568e-05 -5.234997040e+01 -5.234997040e+01 -8.6803e-01 -1.2593e+00
275 +1.757032359e-05 +1.757032359e-05 -5.234998243e+01 -5.234998243e+01 -8.7306e-01 -1.2408e+00
305 +3.783403834e-06 +3.783403834e-06 -5.234999622e+01 -5.234999622e+01 -8.7097e-01 -1.2486e+00
415 +2.328777953e-06 +2.328777953e-06 -5.234999767e+01 -5.234999767e+01 -8.7121e-01 -1.2477e+00
426 +1.904520204e-07 +1.904520204e-07 -5.234999981e+01 -5.234999981e+01 -8.7265e-01 -1.2424e+00
554 +9.020189395e-08 +9.020189395e-08 -5.234999991e+01 -5.234999991e+01 -8.7257e-01 -1.2427e+00
557 +2.404278376e-08 +2.404278376e-08 -5.234999998e+01 -5.234999998e+01 -8.7275e-01 -1.2420e+00
569 +1.362792545e-08 +1.362792545e-08 -5.234999999e+01 -5.234999999e+01 -8.7223e-01 -1.2439e+00
588 +7.738343299e-09 +7.738343299e-09 -5.234999999e+01 -5.234999999e+01 -8.7173e-01 -1.2458e+00
% function evaluation | noise-free fitness - Fopt (-1.795400000000e+02) | best noise-free fitness - Fopt | measured fitness | best measured fitness | x1 | x2...
1 +5.901295606e+01 +5.901295606e+01 -1.205270439e+02 -1.205270439e+02 -1.2398e-01 -3.3949e+00
3 +7.660341011e+00 +7.660341011e+00 -1.718796590e+02 -1.718796590e+02 -6.7039e-01 -9.4600e-01
5 +5.413437861e+00 +5.413437861e+00 -1.741265621e+02 -1.741265621e+02 -3.7026e+00 +3.5868e+00
9 +1.890815041e+00 +1.890815041e+00 -1.776491850e+02 -1.776491850e+02 -7.2545e-01 +1.6913e+00
11 +1.428112826e+00 +1.428112826e+00 -1.781118872e+02 -1.781118872e+02 -7.2545e-01 +6.5951e-01
21 +6.809345385e-01 +6.809345385e-01 -1.788590655e+02 -1.788590655e+02 +1.0247e-01 +6.5951e-01
31 +5.339971828e-01 +5.339971828e-01 -1.790060028e+02 -1.790060028e+02 +8.4700e-02 +1.7545e-01
67 +9.639833637e-02 +9.639833637e-02 -1.794436017e+02 -1.794436017e+02 +8.8623e-01 +4.8287e-01
137 +4.974805288e-02 +4.974805288e-02 -1.794902519e+02 -1.794902519e+02 +7.5138e-01 +5.4025e-01
163 +1.141714377e-02 +1.141714377e-02 -1.795285829e+02 -1.795285829e+02 +7.9453e-01 +5.4025e-01
172 +8.904736255e-03 +8.904736255e-03 -1.795310953e+02 -1.795310953e+02 +8.7542e-01 +6.5484e-01
201 +5.381824757e-03 +5.381824757e-03 -1.795346182e+02 -1.795346182e+02 +7.7563e-01 +4.6715e-01
242 +3.420495265e-03 +3.420495265e-03 -1.795365795e+02 -1.795365795e+02 +7.9168e-01 +5.0244e-01
251 +7.589636857e-04 +7.589636857e-04 -1.795392410e+02 -1.795392410e+02 +7.7587e-01 +4.7767e-01
304 +4.197940424e-04 +4.197940424e-04 -1.795395802e+02 -1.795395802e+02 +7.7441e-01 +4.7739e-01
312 +1.507768580e-04 +1.507768580e-04 -1.795398492e+02 -1.795398492e+02 +8.1199e-01 +5.4945e-01
335 +6.218917866e-05 +6.218917866e-05 -1.795399378e+02 -1.795399378e+02 +7.9572e-01 +5.1783e-01
366 +4.219230988e-06 +4.219230988e-06 -1.795399958e+02 -1.795399958e+02 +7.9805e-01 +5.2222e-01
482 +2.021682803e-06 +2.021682803e-06 -1.795399980e+02 -1.795399980e+02 +7.9512e-01 +5.1654e-01
490 +1.564893921e-07 +1.564893921e-07 -1.795399998e+02 -1.795399998e+02 +7.9436e-01 +5.1506e-01
583 +9.448902460e-08 +9.448902460e-08 -1.795399999e+02 -1.795399999e+02 +7.9417e-01 +5.1471e-01
609 +3.776682433e-08 +3.776682433e-08 -1.795400000e+02 -1.795400000e+02 +7.9325e-01 +5.1291e-01
626 +2.033920055e-08 +2.033920055e-08 -1.795400000e+02 -1.795400000e+02 +7.9467e-01 +5.1567e-01
644 +1.268747951e-08 +1.268747951e-08 -1.795400000e+02 -1.795400000e+02 +7.9368e-01 +5.1376e-01
676 +1.940804850e-09 +1.940804850e-09 -1.795400000e+02 -1.795400000e+02 +7.9409e-01 +5.1455e-01
% function evaluation | noise-free fitness - Fopt (7.731000000000e+01) | best noise-free fitness - Fopt | measured fitness | best measured fitness | x1 | x2...
1 +7.075035820e+01 +7.075035820e+01 +1.480603582e+02 +1.480603582e+02 +3.4277e+00 -4.8888e+00
4 +1.640534919e+01 +1.640534919e+01 +9.371534919e+01 +9.371534919e+01 +3.8009e+00 +1.7644e+00
7 +4.464230989e-01 +4.464230989e-01 +7.775642310e+01 +7.775642310e+01 +4.3833e-01 -7.8675e-01
26 +2.379870602e-01 +2.379870602e-01 +7.754798706e+01 +7.754798706e+01 +1.0203e+00 -1.1797e+00
32 +4.941312569e-02 +4.941312569e-02 +7.735941313e+01 +7.735941313e+01 +9.3453e-01 -7.8675e-01
96 +3.480676189e-02 +3.480676189e-02 +7.734480676e+01 +7.734480676e+01 +8.7115e-01 -4.2215e-01
115 +2.172761435e-02 +2.172761435e-02 +7.733172761e+01 +7.733172761e+01 +8.7265e-01 -6.2231e-01
135 +6.354547082e-03 +6.354547082e-03 +7.731635455e+01 +7.731635455e+01 +9.0112e-01 -6.1614e-01
145 +5.153328549e-03 +5.153328549e-03 +7.731515333e+01 +7.731515333e+01 +8.9590e-01 -6.8854e-01
192 +1.275478598e-03 +1.275478598e-03 +7.731127548e+01 +7.731127548e+01 +8.9590e-01 -5.7223e-01
213 +5.534185872e-04 +5.534185872e-04 +7.731055342e+01 +7.731055342e+01 +8.9893e-01 -5.4971e-01
221 +3.559953982e-04 +3.559953982e-04 +7.731035600e+01 +7.731035600e+01 +8.9893e-01 -5.3837e-01
283 +2.184025034e-04 +2.184025034e-04 +7.731021840e+01 +7.731021840e+01 +8.9719e-01 -5.6818e-01
312 +1.467486289e-04 +1.467486289e-04 +7.731014675e+01 +7.731014675e+01 +8.9758e-01 -5.6721e-01
314 +7.251619169e-05 +7.251619169e-05 +7.731007252e+01 +7.731007252e+01 +8.9716e-01 -5.7139e-01
325 +2.896217424e-06 +2.896217424e-06 +7.731000290e+01 +7.731000290e+01 +8.9568e-01 -5.9935e-01
412 +2.130071039e-06 +2.130071039e-06 +7.731000213e+01 +7.731000213e+01 +8.9588e-01 -5.9561e-01
492 +1.527639469e-06 +1.527639469e-06 +7.731000153e+01 +7.731000153e+01 +8.9582e-01 -5.9669e-01
515 +5.801572485e-07 +5.801572485e-07 +7.731000058e+01 +7.731000058e+01 +8.9559e-01 -6.0096e-01
551 +3.306053458e-07 +3.306053458e-07 +7.731000033e+01 +7.731000033e+01 +8.9548e-01 -6.0293e-01
564 +1.105951100e-07 +1.105951100e-07 +7.731000011e+01 +7.731000011e+01 +8.9543e-01 -6.0381e-01
571 +2.953404987e-08 +2.953404987e-08 +7.731000003e+01 +7.731000003e+01 +8.9536e-01 -6.0514e-01
613 +1.380094261e-08 +1.380094261e-08 +7.731000001e+01 +7.731000001e+01 +8.9531e-01 -6.0594e-01
662 +1.667956440e-09 +1.667956440e-09 +7.731000000e+01 +7.731000000e+01 +8.9526e-01 -6.0691e-01
% function evaluation | noise-free fitness - Fopt (3.992000000000e+01) | best noise-free fitness - Fopt | measured fitness | best measured fitness | x1 | x2...
1 +2.846618278e+02 +2.846618278e+02 +3.245818278e+02 +3.245818278e+02 -5.7801e-01 +4.4971e+00
2 +9.167326819e+00 +9.167326819e+00 +4.908732682e+01 +4.908732682e+01 -2.5438e+00 -9.1881e-01
8 +8.698722158e-01 +8.698722158e-01 +4.078987222e+01 +4.078987222e+01 +3.0320e+00 -1.0129e+00
37 +2.940398502e-01 +2.940398502e-01 +4.021403985e+01 +4.021403985e+01 +3.6297e+00 -1.0142e+00
67 +3.701770191e-03 +3.701770191e-03 +3.992370177e+01 +3.992370177e+01 +3.9127e+00 -9.4533e-01
214 +2.184404980e-03 +2.184404980e-03 +3.992218440e+01 +3.992218440e+01 +3.9850e+00 -1.1906e+00
240 +6.935425434e-04 +6.935425434e-04 +3.992069354e+01 +3.992069354e+01 +3.9722e+00 -1.1461e+00
367 +3.771362339e-04 +3.771362339e-04 +3.992037714e+01 +3.992037714e+01 +3.9584e+00 -1.0970e+00
372 +1.995654522e-04 +1.995654522e-04 +3.992019957e+01 +3.992019957e+01 +3.9658e+00 -1.1246e+00
375 +1.190496803e-04 +1.190496803e-04 +3.992011905e+01 +3.992011905e+01 +3.9626e+00 -1.1133e+00
446 +3.606713469e-05 +3.606713469e-05 +3.992003607e+01 +3.992003607e+01 +3.9575e+00 -1.0949e+00
466 +2.318005062e-05 +2.318005062e-05 +3.992002318e+01 +3.992002318e+01 +3.9577e+00 -1.0957e+00
507 +1.266031755e-05 +1.266031755e-05 +3.992001266e+01 +3.992001266e+01 +3.9565e+00 -1.0914e+00
528 +2.862315633e-06 +2.862315633e-06 +3.992000286e+01 +3.992000286e+01 +3.9486e+00 -1.0630e+00
582 +8.272664260e-07 +8.272664260e-07 +3.992000083e+01 +3.992000083e+01 +3.9479e+00 -1.0606e+00
600 +5.868088593e-07 +5.868088593e-07 +3.992000059e+01 +3.992000059e+01 +3.9509e+00 -1.0715e+00
647 +8.386775363e-08 +8.386775363e-08 +3.992000008e+01 +3.992000008e+01 +3.9499e+00 -1.0679e+00
831 +5.785935997e-08 +5.785935997e-08 +3.992000006e+01 +3.992000006e+01 +3.9511e+00 -1.0721e+00
859 +2.372272689e-08 +2.372272689e-08 +3.992000002e+01 +3.992000002e+01 +3.9510e+00 -1.0719e+00
867 +8.630664183e-09 +8.630664183e-09 +3.992000001e+01 +3.992000001e+01 +3.9501e+00 -1.0685e+00
% function evaluation | noise-free fitness - Fopt (-5.661000000000e+01) | best noise-free fitness - Fopt | measured fitness | best measured fitness | x1 | x2...
1 +3.276524898e+00 +3.276524898e+00 -5.333347510e+01 -5.333347510e+01 +3.5236e+00 -5.6502e-03
14 +1.040976073e+00 +1.040976073e+00 -5.556902393e+01 -5.556902393e+01 +1.3768e+00 +1.8814e+00
32 +9.608127763e-01 +9.608127763e-01 -5.564918722e+01 -5.564918722e+01 +2.4557e+00 +2.0755e+00
37 +5.047021681e-01 +5.047021681e-01 -5.610529783e+01 -5.610529783e+01 +1.7369e+00 +2.3253e+00
63 +2.755457159e-01 +2.755457159e-01 -5.633445428e+01 -5.633445428e+01 +2.5812e+00 +2.9719e+00
67 +1.040088874e-01 +1.040088874e-01 -5.650599111e+01 -5.650599111e+01 +2.2515e+00 +3.1193e+00
75 +7.571436129e-02 +7.571436129e-02 -5.653428564e+01 -5.653428564e+01 +1.5949e+00 +2.7563e+00
91 +4.460761971e-02 +4.460761971e-02 -5.656539238e+01 -5.656539238e+01 +1.8957e+00 +2.8570e+00
95 +3.135246291e-02 +3.135246291e-02 -5.657864754e+01 -5.657864754e+01 +2.0039e+00 +2.9719e+00
113 +1.212126836e-02 +1.212126836e-02 -5.659787873e+01 -5.659787873e+01 +2.1621e+00 +2.9950e+00
155 +5.344354824e-04 +5.344354824e-04 -5.660946556e+01 -5.660946556e+01 +1.9727e+00 +2.9283e+00
231 +3.162340902e-04 +3.162340902e-04 -5.660968377e+01 -5.660968377e+01 +2.0145e+00 +2.9423e+00
234 +2.394421435e-04 +2.394421435e-04 -5.660976056e+01 -5.660976056e+01 +1.9388e+00 +2.9181e+00
275 +1.366282133e-04 +1.366282133e-04 -5.660986337e+01 -5.660986337e+01 +1.9062e+00 +2.9072e+00
302 +4.213314225e-05 +4.213314225e-05 -5.660995787e+01 -5.660995787e+01 +1.9178e+00 +2.9110e+00
348 +2.002599836e-05 +2.002599836e-05 -5.660997997e+01 -5.660997997e+01 +1.9340e+00 +2.9163e+00
441 +1.062753260e-05 +1.062753260e-05 -5.660998937e+01 -5.660998937e+01 +1.9363e+00 +2.9170e+00
453 +4.641190614e-06 +4.641190614e-06 -5.660999536e+01 -5.660999536e+01 +1.9441e+00 +2.9195e+00
456 +2.401056207e-07 +2.401056207e-07 -5.660999976e+01 -5.660999976e+01 +1.9472e+00 +2.9206e+00
564 +5.535802927e-08 +5.535802927e-08 -5.660999994e+01 -5.660999994e+01 +1.9540e+00 +2.9228e+00
648 +3.398867676e-08 +3.398867676e-08 -5.660999997e+01 -5.660999997e+01 +1.9533e+00 +2.9225e+00
720 +1.464993460e-08 +1.464993460e-08 -5.660999999e+01 -5.660999999e+01 +1.9501e+00 +2.9215e+00
721 +4.814737053e-09 +4.814737053e-09 -5.661000000e+01 -5.661000000e+01 +1.9500e+00 +2.9215e+00
724 +2.890416795e-10 +2.890416795e-10 -5.661000000e+01 -5.661000000e+01 +1.9507e+00 +2.9217e+00
% function evaluation | noise-free fitness - Fopt (1.620000000000e+01) | best noise-free fitness - Fopt | measured fitness | best measured fitness | x1 | x2...
1 +5.219209641e+00 +5.219209641e+00 +2.141920964e+01 +2.141920964e+01 +1.9715e+00 -3.6981e+00
2 +2.668969660e+00 +2.668969660e+00 +1.886896966e+01 +1.886896966e+01 +3.9884e+00 +2.5046e+00
7 +7.978282107e-01 +7.978282107e-01 +1.699782821e+01 +1.699782821e+01 +2.9872e+00 +6.9792e-01
11 +4.504527969e-01 +4.504527969e-01 +1.665045280e+01 +1.665045280e+01 +2.9872e+00 +1.0510e+00
32 +2.588504943e-01 +2.588504943e-01 +1.645885049e+01 +1.645885049e+01 +2.1468e+00 +1.3290e+00
45 +2.055364580e-01 +2.055364580e-01 +1.640553646e+01 +1.640553646e+01 +2.3468e+00 +1.7609e+00
55 +4.079049493e-02 +4.079049493e-02 +1.624079049e+01 +1.624079049e+01 +2.0921e+00 +1.6143e+00
91 +3.233369047e-02 +3.233369047e-02 +1.623233369e+01 +1.623233369e+01 +2.3240e+00 +1.5887e+00
113 +1.410631624e-02 +1.410631624e-02 +1.621410632e+01 +1.621410632e+01 +2.4653e+00 +1.5112e+00
131 +9.836074784e-03 +9.836074784e-03 +1.620983607e+01 +1.620983607e+01 +2.4653e+00 +1.5357e+00
143 +5.486183529e-03 +5.486183529e-03 +1.620548618e+01 +1.620548618e+01 +2.4332e+00 +1.5381e+00
171 +7.261734370e-04 +7.261734370e-04 +1.620072617e+01 +1.620072617e+01 +2.3433e+00 +1.5511e+00
202 +4.481688499e-04 +4.481688499e-04 +1.620044817e+01 +1.620044817e+01 +2.3879e+00 +1.5425e+00
222 +1.006348351e-04 +1.006348351e-04 +1.620010063e+01 +1.620010063e+01 +2.3935e+00 +1.5410e+00
232 +7.924057054e-05 +7.924057054e-05 +1.620007924e+01 +1.620007924e+01 +2.3977e+00 +1.5399e+00
314 +2.068810211e-05 +2.068810211e-05 +1.620002069e+01 +1.620002069e+01 +2.3981e+00 +1.5399e+00
371 +1.580967498e-05 +1.580967498e-05 +1.620001581e+01 +1.620001581e+01 +2.4001e+00 +1.5395e+00
376 +6.730248302e-06 +6.730248302e-06 +1.620000673e+01 +1.620000673e+01 +2.4056e+00 +1.5383e+00
441 +6.203282247e-06 +6.203282247e-06 +1.620000620e+01 +1.620000620e+01 +2.4081e+00 +1.5378e+00
446 +2.799952579e-06 +2.799952579e-06 +1.620000280e+01 +1.620000280e+01 +2.4131e+00 +1.5367e+00
463 +2.496679542e-06 +2.496679542e-06 +1.620000250e+01 +1.620000250e+01 +2.4208e+00 +1.5351e+00
485 +1.504254215e-06 +1.504254215e-06 +1.620000150e+01 +1.620000150e+01 +2.4130e+00 +1.5367e+00
541 +5.494731816e-07 +5.494731816e-07 +1.620000055e+01 +1.620000055e+01 +2.4160e+00 +1.5361e+00
585 +5.648741919e-08 +5.648741919e-08 +1.620000006e+01 +1.620000006e+01 +2.4261e+00 +1.5340e+00
681 +3.716509767e-08 +3.716509767e-08 +1.620000004e+01 +1.620000004e+01 +2.4261e+00 +1.5340e+00
699 +2.018543910e-08 +2.018543910e-08 +1.620000002e+01 +1.620000002e+01 +2.4248e+00 +1.5342e+00
706 +1.420944074e-08 +1.420944074e-08 +1.620000001e+01 +1.620000001e+01 +2.4240e+00 +1.5344e+00
737 +8.285187647e-09 +8.285187647e-09 +1.620000001e+01 +1.620000001e+01 +2.4245e+00 +1.5343e+00
% function evaluation | noise-free fitness - Fopt (-5.327000000000e+01) | best noise-free fitness - Fopt | measured fitness | best measured fitness | x1 | x2...
1 +2.818311822e+02 +2.818311822e+02 +2.285611822e+02 +2.285611822e+02 -4.2650e+00 +2.8013e+00
2 +7.536862414e+01 +7.536862414e+01 +2.209862414e+01 +2.209862414e+01 +4.2687e-01 +3.8566e+00
3 +3.126511954e+01 +3.126511954e+01 -2.200488046e+01 -2.200488046e+01 +4.3198e+00 -2.5509e+00
4 +8.811329428e+00 +8.811329428e+00 -4.445867057e+01 -4.445867057e+01 -1.3408e+00 -6.5541e-01
6 +1.092162226e+00 +1.092162226e+00 -5.217783777e+01 -5.217783777e+01 +1.5871e+00 -1.4210e+00
29 +9.123703600e-01 +9.123703600e-01 -5.235762964e+01 -5.235762964e+01 +1.5639e+00 -1.1337e+00
54 +1.295700259e-01 +1.295700259e-01 -5.314042997e+01 -5.314042997e+01 +2.3706e+00 -7.3285e-01
81 +5.553887876e-02 +5.553887876e-02 -5.321446112e+01 -5.321446112e+01 +2.3173e+00 -6.2373e-01
89 +3.482896663e-02 +3.482896663e-02 -5.323517103e+01 -5.323517103e+01 +1.9653e+00 -1.6197e-01
107 +8.856551562e-03 +8.856551562e-03 -5.326114345e+01 -5.326114345e+01 +2.2104e+00 -4.8814e-01
166 +3.798904545e-03 +3.798904545e-03 -5.326620110e+01 -5.326620110e+01 +2.1766e+00 -4.5014e-01
219 +1.781887162e-03 +1.781887162e-03 -5.326821811e+01 -5.326821811e+01 +2.1524e+00 -4.2214e-01
241 +1.019210332e-03 +1.019210332e-03 -5.326898079e+01 -5.326898079e+01 +2.1268e+00 -3.9295e-01
259 +8.766051505e-04 +8.766051505e-04 -5.326912339e+01 -5.326912339e+01 +2.1364e+00 -4.0507e-01
266 +5.214487222e-04 +5.214487222e-04 -5.326947855e+01 -5.326947855e+01 +2.0894e+00 -3.5302e-01
281 +2.332802161e-05 +2.332802161e-05 -5.326997667e+01 -5.326997667e+01 +2.0812e+00 -3.4299e-01
390 +9.737597694e-06 +9.737597694e-06 -5.326999026e+01 -5.326999026e+01 +2.0867e+00 -3.4924e-01
456 +2.658317307e-06 +2.658317307e-06 -5.326999734e+01 -5.326999734e+01 +2.0663e+00 -3.2625e-01
497 +2.003919739e-06 +2.003919739e-06 -5.326999800e+01 -5.326999800e+01 +2.0656e+00 -3.2551e-01
504 +9.357607667e-08 +9.357607667e-08 -5.326999991e+01 -5.326999991e+01 +2.0717e+00 -3.3235e-01
663 +5.864814767e-08 +5.864814767e-08 -5.326999994e+01 -5.326999994e+01 +2.0704e+00 -3.3086e-01
690 +3.366347556e-08 +3.366347556e-08 -5.326999997e+01 -5.326999997e+01 +2.0743e+00 -3.3526e-01
693 +1.098672442e-08 +1.098672442e-08 -5.326999999e+01 -5.326999999e+01 +2.0713e+00 -3.3194e-01
712 +1.303071429e-09 +1.303071429e-09 -5.327000000e+01 -5.327000000e+01 +2.0721e+00 -3.3280e-01
% function evaluation | noise-free fitness - Fopt (-1.000000000000e+03) | best noise-free fitness - Fopt | measured fitness | best measured fitness | x1 | x2...
1 +5.817986647e+00 +5.817986647e+00 -9.941820134e+02 -9.941820134e+02 -4.8956e+00 +1.5837e+00
6 +1.472169199e+00 +1.472169199e+00 -9.985278308e+02 -9.985278308e+02 -3.1260e+00 -2.1252e+00
18 +1.821640985e-01 +1.821640985e-01 -9.998178359e+02 -9.998178359e+02 -4.0042e+00 -5.0670e-01
31 +1.321788561e-01 +1.321788561e-01 -9.998678211e+02 -9.998678211e+02 -4.0042e+00 -1.2157e+00
51 +6.103975487e-02 +6.103975487e-02 -9.999389602e+02 -9.999389602e+02 -4.0042e+00 -1.0850e+00
91 +6.375468201e-03 +6.375468201e-03 -9.999936245e+02 -9.999936245e+02 -4.0042e+00 -9.4996e-01
116 +3.714504095e-03 +3.714504095e-03 -9.999962855e+02 -9.999962855e+02 -3.9853e+00 -9.1606e-01
154 +6.543004617e-04 +6.543004617e-04 -9.999993457e+02 -9.999993457e+02 -3.9458e+00 -8.2381e-01
181 +4.495270573e-04 +4.495270573e-04 -9.999995505e+02 -9.999995505e+02 -3.9035e+00 -7.2660e-01
210 +2.258725507e-04 +2.258725507e-04 -9.999997741e+02 -9.999997741e+02 -3.9201e+00 -7.6513e-01
242 +3.273050220e-05 +3.273050220e-05 -9.999999673e+02 -9.999999673e+02 -3.9355e+00 -7.9934e-01
295 +9.096065583e-06 +9.096065583e-06 -9.999999909e+02 -9.999999909e+02 -3.9217e+00 -7.6819e-01
435 +1.131291015e-06 +1.131291015e-06 -9.999999989e+02 -9.999999989e+02 -3.9238e+00 -7.7304e-01
515 +2.698367325e-07 +2.698367325e-07 -9.999999997e+02 -9.999999997e+02 -3.9258e+00 -7.7748e-01
544 +6.601715086e-08 +6.601715086e-08 -9.999999999e+02 -9.999999999e+02 -3.9264e+00 -7.7882e-01
587 +3.467971510e-08 +3.467971510e-08 -1.000000000e+03 -1.000000000e+03 -3.9267e+00 -7.7956e-01
602 +1.931721272e-08 +1.931721272e-08 -1.000000000e+03 -1.000000000e+03 -3.9269e+00 -7.8003e-01
648 +1.251328285e-08 +1.251328285e-08 -1.000000000e+03 -1.000000000e+03 -3.9272e+00 -7.8050e-01
651 +5.291894922e-09 +5.291894922e-09 -1.000000000e+03 -1.000000000e+03 -3.9275e+00 -7.8117e-01
% function evaluation | noise-free fitness - Fopt (6.600300000000e+02) | best noise-free fitness - Fopt | measured fitness | best measured fitness | x1 | x2...
1 +1.774872257e+01 +1.774872257e+01 +6.777787226e+02 +6.777787226e+02 -4.1314e+00 +1.8278e+00
2 +2.770238506e+00 +2.770238506e+00 +6.628002385e+02 +6.628002385e+02 +4.0508e+00 +2.5509e-03
4 +3.699890054e-01 +3.699890054e-01 +6.603999890e+02 +6.603999890e+02 +2.2121e+00 +1.7353e+00
74 +1.051754372e-01 +1.051754372e-01 +6.601351754e+02 +6.601351754e+02 +1.6102e+00 +1.5239e+00
81 +8.210438087e-02 +8.210438087e-02 +6.601121044e+02 +6.601121044e+02 +1.7214e+00 +1.3447e+00
111 +4.852183718e-02 +4.852183718e-02 +6.600785218e+02 +6.600785218e+02 +1.7214e+00 +1.5973e+00
125 +3.239654656e-02 +3.239654656e-02 +6.600623965e+02 +6.600623965e+02 +1.4870e+00 +1.1624e+00
127 +4.953753459e-03 +4.953753459e-03 +6.600349538e+02 +6.600349538e+02 +1.7279e+00 +1.5096e+00
172 +2.349470659e-03 +2.349470659e-03 +6.600323495e+02 +6.600323495e+02 +1.6790e+00 +1.4294e+00
242 +1.391854630e-03 +1.391854630e-03 +6.600313919e+02 +6.600313919e+02 +1.7030e+00 +1.4748e+00
284 +4.257818568e-04 +4.257818568e-04 +6.600304258e+02 +6.600304258e+02 +1.6846e+00 +1.4432e+00
320 +3.873737456e-04 +3.873737456e-04 +6.600303874e+02 +6.600303874e+02 +1.6597e+00 +1.4024e+00
345 +1.595601441e-04 +1.595601441e-04 +6.600301596e+02 +6.600301596e+02 +1.6260e+00 +1.3453e+00
426 +7.795261661e-05 +7.795261661e-05 +6.600300780e+02 +6.600300780e+02 +1.6246e+00 +1.3425e+00
463 +5.500683346e-05 +5.500683346e-05 +6.600300550e+02 +6.600300550e+02 +1.6270e+00 +1.3466e+00
468 +1.851759203e-05 +1.851759203e-05 +6.600300185e+02 +6.600300185e+02 +1.6339e+00 +1.3583e+00
512 +1.262376725e-05 +1.262376725e-05 +6.600300126e+02 +6.600300126e+02 +1.6358e+00 +1.3614e+00
530 +8.110222780e-06 +8.110222780e-06 +6.600300081e+02 +6.600300081e+02 +1.6377e+00 +1.3646e+00
533 +3.329399874e-06 +3.329399874e-06 +6.600300033e+02 +6.600300033e+02 +1.6388e+00 +1.3664e+00
574 +1.550213824e-06 +1.550213824e-06 +6.600300016e+02 +6.600300016e+02 +1.6455e+00 +1.3777e+00
612 +6.338444791e-07 +6.338444791e-07 +6.600300006e+02 +6.600300006e+02 +1.6420e+00 +1.3718e+00
613 +4.480107236e-07 +4.480107236e-07 +6.600300004e+02 +6.600300004e+02 +1.6432e+00 +1.3738e+00
620 +2.375917347e-07 +2.375917347e-07 +6.600300002e+02 +6.600300002e+02 +1.6433e+00 +1.3741e+00
662 +1.034826482e-07 +1.034826482e-07 +6.600300001e+02 +6.600300001e+02 +1.6441e+00 +1.3753e+00
675 +7.624453247e-08 +7.624453247e-08 +6.600300001e+02 +6.600300001e+02 +1.6443e+00 +1.3757e+00
680 +3.305171958e-08 +3.305171958e-08 +6.600300000e+02 +6.600300000e+02 +1.6449e+00 +1.3767e+00
723 +1.120110937e-08 +1.120110937e-08 +6.600300000e+02 +6.600300000e+02 +1.6454e+00 +1.3774e+00
753 +8.616439118e-09 +8.616439118e-09 +6.600300000e+02 +6.600300000e+02 +1.6455e+00 +1.3777e+00
% function evaluation | noise-free fitness - Fopt (-3.032000000000e+01) | best noise-free fitness - Fopt | measured fitness | best measured fitness | x1 | x2...
1 +2.954958092e+02 +2.954958092e+02 +2.651758092e+02 +2.651758092e+02 +3.9782e+00 +1.3801e+00
2 +3.728707036e+01 +3.728707036e+01 +6.967070357e+00 +6.967070357e+00 +1.1465e+00 +3.4514e+00
4 +4.089775016e+00 +4.089775016e+00 -2.623022498e+01 -2.623022498e+01 -4.1045e+00 -1.6494e+00
5 +3.732927948e+00 +3.732927948e+00 -2.658707205e+01 -2.658707205e+01 -7.8034e-01 +3.5132e+00
13 +1.080677544e+00 +1.080677544e+00 -2.923932246e+01 -2.923932246e+01 -3.7416e+00 +1.4671e+00
27 +7.488041730e-01 +7.488041730e-01 -2.957119583e+01 -2.957119583e+01 -3.0210e+00 +3.0675e+00
62 +1.966358264e-01 +1.966358264e-01 -3.012336417e+01 -3.012336417e+01 -2.2112e+00 +2.1939e+00
76 +1.390430698e-01 +1.390430698e-01 -3.018095693e+01 -3.018095693e+01 -3.0763e+00 +2.1719e+00
92 +2.951998052e-02 +2.951998052e-02 -3.029048002e+01 -3.029048002e+01 -2.5943e+00 +2.1939e+00
118 +2.449524389e-02 +2.449524389e-02 -3.029550476e+01 -3.029550476e+01 -2.7133e+00 +2.1748e+00
121 +3.856229521e-03 +3.856229521e-03 -3.031614377e+01 -3.031614377e+01 -2.6462e+00 +2.1833e+00
128 +5.062517305e-04 +5.062517305e-04 -3.031949375e+01 -3.031949375e+01 -2.8170e+00 +2.2332e+00
188 +2.049940479e-04 +2.049940479e-04 -3.031979501e+01 -3.031979501e+01 -2.7683e+00 +2.2179e+00
290 +1.201352279e-04 +1.201352279e-04 -3.031987986e+01 -3.031987986e+01 -2.7819e+00 +2.2221e+00
306 +2.713548267e-05 +2.713548267e-05 -3.031997286e+01 -3.031997286e+01 -2.7490e+00 +2.2116e+00
331 +5.754004039e-06 +5.754004039e-06 -3.031999425e+01 -3.031999425e+01 -2.7420e+00 +2.2095e+00
373 +2.197633435e-07 +2.197633435e-07 -3.031999978e+01 -3.031999978e+01 -2.7414e+00 +2.2093e+00
453 +6.315046264e-08 +6.315046264e-08 -3.031999994e+01 -3.031999994e+01 -2.7428e+00 +2.2097e+00
572 +3.534889714e-09 +3.534889714e-09 -3.032000000e+01 -3.032000000e+01 -2.7437e+00 +2.2100e+00
% function evaluation | noise-free fitness - Fopt (4.421000000000e+01) | best noise-free fitness - Fopt | measured fitness | best measured fitness | x1 | x2...
1 +2.615154111e+02 +2.615154111e+02 +3.057254111e+02 +3.057254111e+02 -3.5907e+00 +4.5263e+00
2 +3.025099935e+00 +3.025099935e+00 +4.723509994e+01 +4.723509994e+01 -2.2386e+00 -2.0187e+00
16 +8.329788721e-01 +8.329788721e-01 +4.504297887e+01 +4.504297887e+01 -8.0320e-02 -3.0096e+00
74 +5.635275139e-01 +5.635275139e-01 +4.477352751e+01 +4.477352751e+01 +1.2468e+00 -2.9829e+00
87 +2.330344794e-01 +2.330344794e-01 +4.444303448e+01 +4.444303448e+01 +9.7940e-01 -2.5532e+00
91 +5.257903572e-03 +5.257903572e-03 +4.421525790e+01 +4.421525790e+01 +7.4028e-01 -2.5532e+00
174 +1.768891795e-03 +1.768891795e-03 +4.421176889e+01 +4.421176889e+01 +7.5243e-01 -2.4722e+00
234 +1.142345733e-03 +1.142345733e-03 +4.421114235e+01 +4.421114235e+01 +7.4918e-01 -2.5087e+00
264 +6.772362917e-04 +6.772362917e-04 +4.421067724e+01 +4.421067724e+01 +7.5191e-01 -2.4956e+00
273 +6.223981537e-04 +6.223981537e-04 +4.421062240e+01 +4.421062240e+01 +7.5250e-01 -2.4907e+00
284 +2.473354297e-04 +2.473354297e-04 +4.421024734e+01 +4.421024734e+01 +7.5580e-01 -2.4563e+00
335 +1.475441545e-04 +1.475441545e-04 +4.421014754e+01 +4.421014754e+01 +7.5756e-01 -2.4419e+00
349 +6.546169394e-05 +6.546169394e-05 +4.421006546e+01 +4.421006546e+01 +7.6063e-01 -2.4173e+00
374 +5.576326075e-05 +5.576326075e-05 +4.421005576e+01 +4.421005576e+01 +7.6158e-01 -2.4089e+00
403 +3.841000495e-05 +3.841000495e-05 +4.421003841e+01 +4.421003841e+01 +7.6329e-01 -2.3940e+00
437 +1.143324332e-05 +1.143324332e-05 +4.421001143e+01 +4.421001143e+01 +7.5942e-01 -2.4270e+00
468 +8.517186103e-06 +8.517186103e-06 +4.421000852e+01 +4.421000852e+01 +7.6315e-01 -2.3949e+00
511 +2.688250341e-06 +2.688250341e-06 +4.421000269e+01 +4.421000269e+01 +7.5952e-01 -2.4263e+00
581 +1.726069883e-07 +1.726069883e-07 +4.421000017e+01 +4.421000017e+01 +7.6037e-01 -2.4189e+00
660 +1.336245532e-07 +1.336245532e-07 +4.421000013e+01 +4.421000013e+01 +7.6043e-01 -2.4184e+00
662 +6.534036601e-08 +6.534036601e-08 +4.421000007e+01 +4.421000007e+01 +7.6034e-01 -2.4191e+00
692 +4.178060919e-08 +4.178060919e-08 +4.421000004e+01 +4.421000004e+01 +7.6061e-01 -2.4168e+00
702 +2.083418593e-08 +2.083418593e-08 +4.421000002e+01 +4.421000002e+01 +7.6053e-01 -2.4175e+00
711 +9.394803158e-09 +9.394803158e-09 +4.421000001e+01 +4.421000001e+01 +7.6056e-01 -2.4173e+00
% function evaluation | noise-free fitness - Fopt (1.161000000000e+01) | best noise-free fitness - Fopt | measured fitness | best measured fitness | x1 | x2...
1 +2.286282616e+02 +2.286282616e+02 +2.402382616e+02 +2.402382616e+02 +4.6298e+00 +3.3571e+00
2 +1.225175718e+01 +1.225175718e+01 +2.386175718e+01 +2.386175718e+01 -2.1136e+00 -3.6801e+00
4 +3.654461216e+00 +3.654461216e+00 +1.526446122e+01 +1.526446122e+01 +4.2170e-01 -3.3097e+00
5 +1.018127499e+00 +1.018127499e+00 +1.262812750e+01 +1.262812750e+01 +3.4078e+00 -1.6233e+00
23 +8.273236828e-01 +8.273236828e-01 +1.243732368e+01 +1.243732368e+01 +2.8978e+00 -1.8497e+00
27 +5.040806998e-01 +5.040806998e-01 +1.211408070e+01 +1.211408070e+01 +3.4198e+00 -1.8654e+00
44 +2.633082620e-01 +2.633082620e-01 +1.187330826e+01 +1.187330826e+01 +3.3471e+00 -2.2272e+00
64 +2.000548856e-01 +2.000548856e-01 +1.181005489e+01 +1.181005489e+01 +3.4078e+00 -2.2499e+00
71 +1.410164323e-01 +1.410164323e-01 +1.175101643e+01 +1.175101643e+01 +3.6132e+00 -2.1491e+00
84 +7.744208062e-02 +7.744208062e-02 +1.168744208e+01 +1.168744208e+01 +3.5175e+00 -2.9715e+00
92 +4.198439830e-02 +4.198439830e-02 +1.165198440e+01 +1.165198440e+01 +3.4250e+00 -2.8692e+00
114 +3.663195629e-02 +3.663195629e-02 +1.164663196e+01 +1.164663196e+01 +3.4542e+00 -2.7566e+00
131 +1.756662853e-02 +1.756662853e-02 +1.162756663e+01 +1.162756663e+01 +3.5056e+00 -2.7749e+00
134 +7.238352180e-03 +7.238352180e-03 +1.161723835e+01 +1.161723835e+01 +3.4704e+00 -2.8304e+00
190 +5.835581213e-03 +5.835581213e-03 +1.161583558e+01 +1.161583558e+01 +3.4783e+00 -2.7929e+00
202 +2.989265107e-03 +2.989265107e-03 +1.161298927e+01 +1.161298927e+01 +3.4946e+00 -2.7566e+00
211 +1.688930873e-03 +1.688930873e-03 +1.161168893e+01 +1.161168893e+01 +3.4904e+00 -2.7566e+00
241 +1.306507872e-03 +1.306507872e-03 +1.161130651e+01 +1.161130651e+01 +3.4896e+00 -2.7656e+00
291 +8.332679592e-04 +8.332679592e-04 +1.161083327e+01 +1.161083327e+01 +3.4930e+00 -2.7510e+00
333 +5.684918884e-04 +5.684918884e-04 +1.161056849e+01 +1.161056849e+01 +3.4972e+00 -2.7337e+00
408 +3.219555402e-04 +3.219555402e-04 +1.161032196e+01 +1.161032196e+01 +3.4988e+00 -2.7253e+00
453 +1.707075104e-04 +1.707075104e-04 +1.161017071e+01 +1.161017071e+01 +3.5016e+00 -2.7123e+00
491 +1.432277035e-04 +1.432277035e-04 +1.161014323e+01 +1.161014323e+01 +3.5025e+00 -2.7085e+00
505 +6.550078801e-05 +6.550078801e-05 +1.161006550e+01 +1.161006550e+01 +3.5048e+00 -2.6985e+00
565 +4.118330256e-05 +4.118330256e-05 +1.161004118e+01 +1.161004118e+01 +3.5078e+00 -2.6851e+00
574 +2.093341428e-05 +2.093341428e-05 +1.161002093e+01 +1.161002093e+01 +3.5094e+00 -2.6780e+00
613 +9.501812789e-06 +9.501812789e-06 +1.161000950e+01 +1.161000950e+01 +3.5118e+00 -2.6672e+00
677 +3.577480689e-06 +3.577480689e-06 +1.161000358e+01 +1.161000358e+01 +3.5119e+00 -2.6667e+00
729 +1.782455671e-06 +1.782455671e-06 +1.161000178e+01 +1.161000178e+01 +3.5122e+00 -2.6654e+00
737 +1.499217534e-06 +1.499217534e-06 +1.161000150e+01 +1.161000150e+01 +3.5138e+00 -2.6585e+00
772 +8.562419556e-07 +8.562419556e-07 +1.161000086e+01 +1.161000086e+01 +3.5134e+00 -2.6603e+00
782 +7.620798570e-08 +7.620798570e-08 +1.161000008e+01 +1.161000008e+01 +3.5134e+00 -2.6603e+00
851 +2.457012904e-08 +2.457012904e-08 +1.161000002e+01 +1.161000002e+01 +3.5140e+00 -2.6574e+00
899 +1.264001703e-08 +1.264001703e-08 +1.161000001e+01 +1.161000001e+01 +3.5131e+00 -2.6615e+00
971 +2.719913184e-09 +2.719913184e-09 +1.161000000e+01 +1.161000000e+01 +3.5135e+00 -2.6598e+00
% function evaluation | noise-free fitness - Fopt (1.139400000000e+02) | best noise-free fitness - Fopt | measured fitness | best measured fitness | x1 | x2...
1 +5.075067397e-01 +5.075067397e-01 +1.144475067e+02 +1.144475067e+02 -2.5480e+00 +9.7096e-01
25 +2.806948868e-01 +2.806948868e-01 +1.142206949e+02 +1.142206949e+02 -2.8319e+00 +1.0882e+00
47 +8.406949035e-02 +8.406949035e-02 +1.140240695e+02 +1.140240695e+02 -3.3941e+00 +1.3861e+00
52 +3.628473363e-02 +3.628473363e-02 +1.139762847e+02 +1.139762847e+02 -3.0949e+00 +1.0652e+00
65 +3.947893655e-03 +3.947893655e-03 +1.139439479e+02 +1.139439479e+02 -3.2436e+00 +1.2859e+00
85 +9.185853788e-04 +9.185853788e-04 +1.139409186e+02 +1.139409186e+02 -3.1926e+00 +1.1771e+00
164 +4.513641714e-04 +4.513641714e-04 +1.139404514e+02 +1.139404514e+02 -3.2336e+00 +1.2571e+00
211 +2.262134892e-04 +2.262134892e-04 +1.139402262e+02 +1.139402262e+02 -3.2122e+00 +1.2172e+00
257 +3.734702314e-05 +3.734702314e-05 +1.139400373e+02 +1.139400373e+02 -3.2136e+00 +1.2194e+00
353 +2.311827700e-06 +2.311827700e-06 +1.139400023e+02 +1.139400023e+02 -3.2223e+00 +1.2362e+00
409 +1.441810213e-06 +1.441810213e-06 +1.139400014e+02 +1.139400014e+02 -3.2228e+00 +1.2372e+00
436 +1.757425991e-07 +1.757425991e-07 +1.139400002e+02 +1.139400002e+02 -3.2297e+00 +1.2505e+00
523 +1.547831943e-07 +1.547831943e-07 +1.139400002e+02 +1.139400002e+02 -3.2302e+00 +1.2515e+00
554 +6.709458944e-08 +6.709458944e-08 +1.139400001e+02 +1.139400001e+02 -3.2295e+00 +1.2501e+00
574 +4.085897842e-08 +4.085897842e-08 +1.139400000e+02 +1.139400000e+02 -3.2286e+00 +1.2484e+00
581 +3.264497650e-08 +3.264497650e-08 +1.139400000e+02 +1.139400000e+02 -3.2285e+00 +1.2482e+00
629 +1.724848175e-08 +1.724848175e-08 +1.139400000e+02 +1.139400000e+02 -3.2283e+00 +1.2477e+00
631 +9.399983014e-09 +9.399983014e-09 +1.139400000e+02 +1.139400000e+02 -3.2288e+00 +1.2488e+00
% function evaluation | noise-free fitness - Fopt (1.910100000000e+02) | best noise-free fitness - Fopt | measured fitness | best measured fitness | x1 | x2...
1 +1.342770250e+01 +1.342770250e+01 +2.044377025e+02 +2.044377025e+02 +2.1000e+00 +3.4121e+00
8 +1.422718931e+00 +1.422718931e+00 +1.924327189e+02 +1.924327189e+02 -1.8632e+00 +6.1415e-01
22 +4.058617255e-01 +4.058617255e-01 +1.914158617e+02 +1.914158617e+02 -3.4246e+00 +3.1943e-01
24 +3.399619523e-01 +3.399619523e-01 +1.913499620e+02 +1.913499620e+02 -3.6301e+00 +1.2426e+00
27 +2.125351279e-01 +2.125351279e-01 +1.912225351e+02 +1.912225351e+02 -3.3270e+00 +4.5221e-01
41 +1.443205942e-01 +1.443205942e-01 +1.911543206e+02 +1.911543206e+02 -3.4309e+00 +9.1936e-01
59 +6.718540355e-02 +6.718540355e-02 +1.910771854e+02 +1.910771854e+02 -3.3558e+00 +1.1029e+00
61 +1.849887213e-02 +1.849887213e-02 +1.910284989e+02 +1.910284989e+02 -3.3026e+00 +8.4701e-01
81 +1.552570625e-02 +1.552570625e-02 +1.910255257e+02 +1.910255257e+02 -3.3026e+00 +9.6418e-01
121 +7.127951757e-03 +7.127951757e-03 +1.910171280e+02 +1.910171280e+02 -3.2944e+00 +9.7876e-01
142 +3.267244238e-03 +3.267244238e-03 +1.910132672e+02 +1.910132672e+02 -3.2846e+00 +9.0541e-01
193 +2.203451375e-03 +2.203451375e-03 +1.910122035e+02 +1.910122035e+02 -3.2862e+00 +1.0817e+00
204 +1.070789577e-03 +1.070789577e-03 +1.910110708e+02 +1.910110708e+02 -3.2879e+00 +9.6020e-01
241 +3.983443503e-04 +3.983443503e-04 +1.910103983e+02 +1.910103983e+02 -3.2870e+00 +9.8147e-01
261 +3.979893702e-04 +3.979893702e-04 +1.910103980e+02 +1.910103980e+02 -3.2870e+00 +9.8035e-01
306 +2.402860019e-05 +2.402860019e-05 +1.910100240e+02 +1.910100240e+02 -3.2881e+00 +1.0517e+00
378 +6.649789526e-06 +6.649789526e-06 +1.910100066e+02 +1.910100066e+02 -3.2880e+00 +1.0436e+00
416 +8.079639997e-07 +8.079639997e-07 +1.910100008e+02 +1.910100008e+02 -3.2881e+00 +1.0519e+00
472 +5.008915593e-07 +5.008915593e-07 +1.910100005e+02 +1.910100005e+02 -3.2880e+00 +1.0459e+00
477 +3.466928717e-07 +3.466928717e-07 +1.910100003e+02 +1.910100003e+02 -3.2880e+00 +1.0477e+00
521 +1.580760625e-07 +1.580760625e-07 +1.910100002e+02 +1.910100002e+02 -3.2880e+00 +1.0428e+00
526 +1.791329396e-08 +1.791329396e-08 +1.910100000e+02 +1.910100000e+02 -3.2880e+00 +1.0437e+00
614 +1.106849368e-08 +1.106849368e-08 +1.910100000e+02 +1.910100000e+02 -3.2880e+00 +1.0450e+00
617 +4.200671810e-09 +4.200671810e-09 +1.910100000e+02 +1.910100000e+02 -3.2880e+00 +1.0450e+00
% function evaluation | noise-free fitness - Fopt (-1.000000000000e+03) | best noise-free fitness - Fopt | measured fitness | best measured fitness | x1 | x2...
1 +3.270963023e+00 +3.270963023e+00 -9.967290370e+02 -9.967290370e+02 +3.7620e+00 -9.4911e-01
15 +1.167911313e+00 +1.167911313e+00 -9.988320887e+02 -9.988320887e+02 +1.5164e+00 +1.9409e-01
23 +3.291578721e-01 +3.291578721e-01 -9.996708421e+02 -9.996708421e+02 +6.0022e-01 +1.1221e-01
38 +8.791875302e-02 +8.791875302e-02 -9.999120812e+02 -9.999120812e+02 +6.2227e-01 -4.2484e-01
101 +8.877900357e-03 +8.877900357e-03 -9.999911221e+02 -9.999911221e+02 +5.2774e-01 -4.1060e-01
199 +4.394526560e-03 +4.394526560e-03 -9.999956055e+02 -9.999956055e+02 +4.8474e-01 -6.9241e-01
213 +2.295852334e-03 +2.295852334e-03 -9.999977041e+02 -9.999977041e+02 +5.2931e-01 -4.4410e-01
253 +6.954567432e-04 +6.954567432e-04 -9.999993045e+02 -9.999993045e+02 +5.1484e-01 -5.3990e-01
296 +2.819096572e-04 +2.819096572e-04 -9.999997181e+02 -9.999997181e+02 +5.1665e-01 -5.2321e-01
313 +1.627990900e-04 +1.627990900e-04 -9.999998372e+02 -9.999998372e+02 +5.1396e-01 -5.3999e-01
343 +1.542708596e-04 +1.542708596e-04 -9.999998457e+02 -9.999998457e+02 +5.1665e-01 -5.2413e-01
358 +7.901613890e-05 +7.901613890e-05 -9.999999210e+02 -9.999999210e+02 +5.1580e-01 -5.2980e-01
441 +5.337460118e-05 +5.337460118e-05 -9.999999466e+02 -9.999999466e+02 +5.1495e-01 -5.3506e-01
491 +3.693592646e-05 +3.693592646e-05 -9.999999631e+02 -9.999999631e+02 +5.1399e-01 -5.4087e-01
517 +2.437804915e-05 +2.437804915e-05 -9.999999756e+02 -9.999999756e+02 +5.1210e-01 -5.5226e-01
525 +1.068520874e-05 +1.068520874e-05 -9.999999893e+02 -9.999999893e+02 +5.1198e-01 -5.5294e-01
554 +7.619956705e-06 +7.619956705e-06 -9.999999924e+02 -9.999999924e+02 +5.1095e-01 -5.5911e-01
571 +3.502250024e-06 +3.502250024e-06 -9.999999965e+02 -9.999999965e+02 +5.1079e-01 -5.6006e-01
576 +3.686146783e-07 +3.686146783e-07 -9.999999996e+02 -9.999999996e+02 +5.0989e-01 -5.6541e-01
654 +1.269719405e-07 +1.269719405e-07 -9.999999999e+02 -9.999999999e+02 +5.0962e-01 -5.6704e-01
792 +8.728375178e-08 +8.728375178e-08 -9.999999999e+02 -9.999999999e+02 +5.0921e-01 -5.6953e-01
806 +5.541153314e-08 +5.541153314e-08 -9.999999999e+02 -9.999999999e+02 +5.0852e-01 -5.7371e-01
845 +3.101786206e-08 +3.101786206e-08 -1.000000000e+03 -1.000000000e+03 +5.0889e-01 -5.7144e-01
876 +2.077842964e-08 +2.077842964e-08 -1.000000000e+03 -1.000000000e+03 +5.0836e-01 -5.7462e-01
899 +5.714014151e-09 +5.714014151e-09 -1.000000000e+03 -1.000000000e+03 +5.0873e-01 -5.7241e-01
