% function evaluation | noise-free fitness - Fopt (-5.465000000000e+02) | best noise-free fitness - Fopt | measured fitness | best measured fitness | x1 | x2...
1 +1.196107612e+03 +1.196107612e+03 +6.496076121e+02 +6.496076121e+02 +4.2245e+00 +2.1874e+00
6 +3.396740613e+00 +3.396740613e+00 -5.431032594e+02 -5.431032594e+02 -2.2607e+00 +1.1135e+00
56 +1.884656112e+00 +1.884656112e+00 -5.446153439e+02 -5.446153439e+02 -1.9771e+00 +1.2677e+00
81 +1.501233052e+00 +1.501233052e+00 -5.449987669e+02 -5.449987669e+02 -2.0994e+00 +1.8042e+00
84 +3.047330287e-01 +3.047330287e-01 -5.461952670e+02 -5.461952670e+02 -2.0225e+00 +2.1488e+00
261 +2.045041958e-01 +2.045041958e-01 -5.462954958e+02 -5.462954958e+02 -2.1310e+00 +2.1256e+00
361 +1.752752603e-02 +1.752752603e-02 -5.464824725e+02 -5.464824725e+02 -2.1310e+00 +2.0974e+00
553 +1.858136513e-03 +1.858136513e-03 -5.464981419e+02 -5.464981419e+02 -2.0963e+00 +2.1068e+00
693 +3.716510701e-04 +3.716510701e-04 -5.464996283e+02 -5.464996283e+02 -2.1083e+00 +2.1045e+00
735 +2.271953554e-05 +2.271953554e-05 -5.464999773e+02 -5.464999773e+02 -2.1041e+00 +2.1052e+00
813 +8.621985899e-06 +8.621985899e-06 -5.464999914e+02 -5.464999914e+02 -2.1046e+00 +2.1051e+00
852 +6.216390489e-06 +6.216390489e-06 -5.464999938e+02 -5.464999938e+02 -2.1053e+00 +2.1048e+00
854 +3.761008429e-06 +3.761008429e-06 -5.464999962e+02 -5.464999962e+02 -2.1052e+00 +2.1047e+00
874 +1.539577966e-06 +1.539577966e-06 -5.464999985e+02 -5.464999985e+02 -2.1046e+00 +2.1049e+00
933 +5.557353688e-09 +5.557353688e-09 -5.465000000e+02 -5.465000000e+02 -2.1048e+00 +2.1048e+00
% function evaluation | noise-free fitness - Fopt (1.000000000000e+03) | best noise-free fitness - Fopt | measured fitness | best measured fitness | x1 | x2...
1 +6.719010493e+04 +6.719010493e+04 +6.819010493e+04 +6.819010493e+04 -4.4073e+00 -3.9810e+00
2 +1.106001459e+04 +1.106001459e+04 +1.206001459e+04 +1.206001459e+04 -2.9422e+00 +3.6775e+00
3 +4.012721588e+00 +4.012721588e+00 +1.004012722e+03 +1.004012722e+03 -2.2754e+00 +7.9291e-01
9 +3.231910298e+00 +3.231910298e+00 +1.003231910e+03 +1.003231910e+03 +6.0666e-01 +1.8871e+00
36 +1.432378775e+00 +1.432378775e+00 +1.001432379e+03 +1.001432379e+03 -1.1331e+00 +2.3374e+00
62 +9.853732532e-01 +9.853732532e-01 +1.000985373e+03 +1.000985373e+03 -2.0079e+00 +2.0721e+00
158 +1.755221500e-01 +1.755221500e-01 +1.000175522e+03 +1.000175522e+03 -2.1405e+00 +2.0719e+00
171 +8.248624133e-02 +8.248624133e-02 +1.000082486e+03 +1.000082486e+03 -2.1405e+00 +2.0817e+00
256 +1.755206735e-02 +1.755206735e-02 +1.000017552e+03 +1.000017552e+03 -2.1310e+00 +2.0973e+00
271 +1.148142974e-02 +1.148142974e-02 +1.000011481e+03 +1.000011481e+03 -2.1245e+00 +2.0973e+00
296 +5.716110011e-03 +5.716110011e-03 +1.000005716e+03 +1.000005716e+03 -2.1100e+00 +2.0991e+00
301 +1.389085553e-03 +1.389085553e-03 +1.000001389e+03 +1.000001389e+03 -2.1100e+00 +2.1019e+00
352 +3.632374187e-04 +3.632374187e-04 +1.000000363e+03 +1.000000363e+03 -2.1069e+00 +2.1033e+00
373 +4.322061989e-05 +4.322061989e-05 +1.000000043e+03 +1.000000043e+03 -2.1037e+00 +2.1049e+00
446 +2.344787379e-05 +2.344787379e-05 +1.000000023e+03 +1.000000023e+03 -2.1051e+00 +2.1045e+00
461 +2.521683200e-06 +2.521683200e-06 +1.000000003e+03 +1.000000003e+03 -2.1051e+00 +2.1049e+00
501 +2.204035241e-06 +2.204035241e-06 +1.000000002e+03 +1.000000002e+03 -2.1051e+00 +2.1048e+00
543 +3.250145255e-07 +3.250145255e-07 +1.000000000e+03 +1.000000000e+03 -2.1049e+00 +2.1049e+00
594 +1.745488589e-07 +1.745488589e-07 +1.000000000e+03 +1.000000000e+03 -2.1048e+00 +2.1048e+00
601 +1.372020506e-07 +1.372020506e-07 +1.000000000e+03 +1.000000000e+03 -2.1049e+00 +2.1048e+00
603 +7.857977380e-08 +7.857977380e-08 +1.000000000e+03 +1.000000000e+03 -2.1049e+00 +2.1048e+00
626 +4.700086720e-08 +4.700086720e-08 +1.000000000e+03 +1.000000000e+03 -2.1048e+00 +2.1049e+00
637 +3.006027782e-08 +3.006027782e-08 +1.000000000e+03 +1.000000000e+03 -2.1049e+00 +2.1048e+00
647 +1.946398243e-08 +1.946398243e-08 +1.000000000e+03 +1.000000000e+03 -2.1048e+00 +2.1049e+00
659 +9.771042642e-09 +9.771042642e-09 +1.000000000e+03 +1.000000000e+03 -2.1049e+00 +2.1048e+00
% function evaluation | noise-free fitness - Fopt (2.083800000000e+02) | best noise-free fitness - Fopt | measured fitness | best measured fitness | x1 | x2...
1 +1.239199174e+05 +1.239199174e+05 +1.241282974e+05 +1.241282974e+05 -8.5319e-01 -4.6041e+00
2 +2.537778160e+02 +2.537778160e+02 +4.621578160e+02 +4.621578160e+02 -3.2959e+00 +1.8063e+00
9 +5.384616704e+00 +5.384616704e+00 +2.137646167e+02 +2.137646167e+02 -2.5051e+00 +1.5768e+00
15 +2.771946754e+00 +2.771946754e+00 +2.111519468e+02 +2.111519468e+02 -1.9026e+00 +7.1783e-01
50 +1.191531575e+00 +1.191531575e+00 +2.095715316e+02 +2.095715316e+02 +1.6608e+00 +3.0626e+00
254 +8.965741162e-01 +8.965741162e-01 +2.092765741e+02 +2.092765741e+02 +1.4953e+00 +2.9700e+00
286 +5.949314203e-01 +5.949314203e-01 +2.089749314e+02 +2.089749314e+02 +1.5089e+00 +3.0114e+00
1534 +3.527620030e-01 +3.527620030e-01 +2.087327620e+02 +2.087327620e+02 -1.9997e+00 +2.1130e+00
1582 +2.289022151e-01 +2.289022151e-01 +2.086089022e+02 +2.086089022e+02 -2.1993e+00 +2.0763e+00
1641 +1.271065694e-01 +1.271065694e-01 +2.085071066e+02 +2.085071066e+02 -2.1541e+00 +2.0763e+00
1662 +7.001813629e-02 +7.001813629e-02 +2.084500181e+02 +2.084500181e+02 -2.1573e+00 +2.0902e+00
1672 +3.783111589e-02 +3.783111589e-02 +2.084178311e+02 +2.084178311e+02 -2.0741e+00 +2.1200e+00
1749 +3.525716204e-03 +3.525716204e-03 +2.083835257e+02 +2.083835257e+02 -2.1047e+00 +2.1011e+00
1786 +7.381726869e-04 +7.381726869e-04 +2.083807382e+02 +2.083807382e+02 -2.0998e+00 +2.1067e+00
1832 +3.479090322e-04 +3.479090322e-04 +2.083803479e+02 +2.083803479e+02 -2.1012e+00 +2.1059e+00
1845 +2.419411004e-06 +2.419411004e-06 +2.083800024e+02 +2.083800024e+02 -2.1046e+00 +2.1048e+00
1988 +1.032568690e-06 +1.032568690e-06 +2.083800010e+02 +2.083800010e+02 -2.1047e+00 +2.1049e+00
2011 +8.200771617e-07 +8.200771617e-07 +2.083800008e+02 +2.083800008e+02 -2.1047e+00 +2.1049e+00
2024 +3.108811768e-07 +3.108811768e-07 +2.083800003e+02 +2.083800003e+02 -2.1047e+00 +2.1049e+00
2045 +1.150043261e-07 +1.150043261e-07 +2.083800001e+02 +2.083800001e+02 -2.1048e+00 +2.1049e+00
2061 +8.908943983e-08 +8.908943983e-08 +2.083800001e+02 +2.083800001e+02 -2.1049e+00 +2.1048e+00
2063 +2.342298444e-08 +2.342298444e-08 +2.083800000e+02 +2.083800000e+02 -2.1049e+00 +2.1048e+00
2083 +1.557069140e-08 +1.557069140e-08 +2.083800000e+02 +2.083800000e+02 -2.1048e+00 +2.1048e+00
2090 +6.265594266e-09 +6.265594266e-09 +2.083800000e+02 +2.083800000e+02 -2.1048e+00 +2.1048e+00
% function evaluation | noise-free fitness - Fopt (-1.449600000000e+02) | best noise-free fitness - Fopt | measured fitness | best measured fitness | x1 | x2...
1 +1.795727289e+05 +1.795727289e+05 +1.794277689e+05 +1.794277689e+05 +4.3016e+00 +4.4259e+00
2 +1.417944277e+04 +1.417944277e+04 +1.403448277e+04 +1.403448277e+04 -1.3886e+00 +1.0548e+00
4 +3.409989138e+03 +3.409989138e+03 +3.265029138e+03 +3.265029138e+03 -4.5776e+00 -2.2579e+00
5 +3.661703675e+02 +3.661703675e+02 +2.212103675e+02 +2.212103675e+02 -3.4527e+00 -4.3801e-01
26 +6.436973137e+00 +6.436973137e+00 -1.385230269e+02 -1.385230269e+02 -2.4460e+00 -7.1351e-01
28 +4.656932087e+00 +4.656932087e+00 -1.403030679e+02 -1.403030679e+02 +1.5769e-02 -1.6973e+00
43 +3.379966559e+00 +3.379966559e+00 -1.415800334e+02 -1.415800334e+02 +4.1378e-01 -1.2769e+00
82 +2.040150297e+00 +2.040150297e+00 -1.429198497e+02 -1.429198497e+02 +2.4775e+00 -2.0999e+00
108 +1.552280032e+00 +1.552280032e+00 -1.434077200e+02 -1.434077200e+02 +1.3949e+00 -1.8476e+00
284 +1.440597803e-01 +1.440597803e-01 -1.448159402e+02 -1.448159402e+02 -2.0361e+00 -2.1118e+00
350 +2.700705573e-02 +2.700705573e-02 -1.449329929e+02 -1.449329929e+02 -2.0830e+00 -2.1026e+00
353 +8.067823921e-03 +8.067823921e-03 -1.449519322e+02 -1.449519322e+02 -2.0981e+00 -2.1118e+00
449 +1.570973861e-03 +1.570973861e-03 -1.449584290e+02 -1.449584290e+02 -2.1084e+00 -2.1017e+00
642 +1.189773335e-04 +1.189773335e-04 -1.449598810e+02 -1.449598810e+02 -2.1051e+00 -2.1055e+00
681 +3.756468962e-05 +3.756468962e-05 -1.449599624e+02 -1.449599624e+02 -2.1045e+00 -2.1053e+00
727 +5.125701875e-06 +5.125701875e-06 -1.449599949e+02 -1.449599949e+02 -2.1046e+00 -2.1048e+00
751 +3.379102139e-06 +3.379102139e-06 -1.449599966e+02 -1.449599966e+02 -2.1047e+00 -2.1048e+00
801 +1.821058248e-06 +1.821058248e-06 -1.449599982e+02 -1.449599982e+02 -2.1048e+00 -2.1048e+00
827 +9.941789472e-07 +9.941789472e-07 -1.449599990e+02 -1.449599990e+02 -2.1048e+00 -2.1049e+00
856 +3.961600328e-07 +3.961600328e-07 -1.449599996e+02 -1.449599996e+02 -2.1049e+00 -2.1048e+00
865 +2.001704331e-07 +2.001704331e-07 -1.449599998e+02 -1.449599998e+02 -2.1049e+00 -2.1048e+00
933 +1.548079069e-07 +1.548079069e-07 -1.449599998e+02 -1.449599998e+02 -2.1048e+00 -2.1049e+00
971 +1.914713721e-09 +1.914713721e-09 -1.449600000e+02 -1.449600000e+02 -2.1048e+00 -2.1048e+00
% function evaluation | noise-free fitness - Fopt (-6.300000000000e+00) | best noise-free fitness - Fopt | measured fitness | best measured fitness | x1 | x2...
1 +1.110589785e+03 +1.110589785e+03 +1.104289785e+03 +1.104289785e+03 +4.1614e+00 -9.5449e-01
8 +6.109978930e+00 +6.109978930e+00 -1.900210696e-01 -1.900210696e-01 -2.0436e+00 -2.3306e+00
12 +2.794856428e+00 +2.794856428e+00 -3.505143572e+00 -3.505143572e+00 +1.9866e+00 -1.0938e+00
70 +1.838807615e+00 +1.838807615e+00 -4.461192385e+00 -4.461192385e+00 +1.9841e+00 -1.2762e+00
117 +1.071393125e+00 +1.071393125e+00 -5.228606875e+00 -5.228606875e+00 +1.9229e+00 -2.1151e+00
151 +7.483660697e-01 +7.483660697e-01 -5.551633930e+00 -5.551633930e+00 +2.1214e+00 -2.0443e+00
213 +3.041424880e-02 +3.041424880e-02 -6.269585751e+00 -6.269585751e+00 +2.1077e+00 -2.1151e+00
311 +1.808596626e-02 +1.808596626e-02 -6.281914034e+00 -6.281914034e+00 +2.1070e+00 -2.1127e+00
341 +8.344090390e-03 +8.344090390e-03 -6.291655910e+00 -6.291655910e+00 +2.1070e+00 -2.0986e+00
391 +2.628769348e-03 +2.628769348e-03 -6.297371231e+00 -6.297371231e+00 +2.1017e+00 -2.1087e+00
411 +1.071686775e-03 +1.071686775e-03 -6.298928313e+00 -6.298928313e+00 +2.1017e+00 -2.1038e+00
431 +4.077656862e-04 +4.077656862e-04 -6.299592234e+00 -6.299592234e+00 +2.1067e+00 -2.1032e+00
481 +3.602391187e-05 +3.602391187e-05 -6.299963976e+00 -6.299963976e+00 +2.1045e+00 -2.1053e+00
489 +1.252055635e-05 +1.252055635e-05 -6.299987479e+00 -6.299987479e+00 +2.1042e+00 -2.1051e+00
503 +7.065922635e-06 +7.065922635e-06 -6.299992934e+00 -6.299992934e+00 +2.1045e+00 -2.1051e+00
525 +3.393824535e-06 +3.393824535e-06 -6.299996606e+00 -6.299996606e+00 +2.1052e+00 -2.1048e+00
526 +2.708218538e-07 +2.708218538e-07 -6.299999729e+00 -6.299999729e+00 +2.1048e+00 -2.1049e+00
581 +2.233571310e-07 +2.233571310e-07 -6.299999777e+00 -6.299999777e+00 +2.1049e+00 -2.1048e+00
602 +7.849315597e-08 +7.849315597e-08 -6.299999922e+00 -6.299999922e+00 +2.1048e+00 -2.1048e+00
621 +6.659313101e-09 +6.659313101e-09 -6.299999993e+00 -6.299999993e+00 +2.1049e+00 -2.1048e+00
% function evaluation | noise-free fitness - Fopt (-5.393000000000e+01) | best noise-free fitness - Fopt | measured fitness | best measured fitness | x1 | x2...
1 +4.683772879e+04 +4.683772879e+04 +4.678379879e+04 +4.678379879e+04 -3.4729e+00 -3.1009e+00
3 +7.768785847e+03 +7.768785847e+03 +7.714855847e+03 +7.714855847e+03 +4.6939e+00 +1.1392e+00
4 +2.387435582e+03 +2.387435582e+03 +2.333505582e+03 +2.333505582e+03 -2.7054e+00 -2.7022e-01
6 +3.047425657e+00 +3.047425657e+00 -5.088257434e+01 -5.088257434e+01 +1.3799e+00 +2.2856e+00
67 +2.257621485e+00 +2.257621485e+00 -5.167237851e+01 -5.167237851e+01 -2.2056e+00 +1.4850e+00
99 +1.018000065e+00 +1.018000065e+00 -5.291199993e+01 -5.291199993e+01 -2.0093e+00 +9.5639e-01
131 +8.157486939e-01 +8.157486939e-01 -5.311425131e+01 -5.311425131e+01 -2.0382e+00 +9.5639e-01
483 +6.122575611e-01 +6.122575611e-01 -5.331774244e+01 -5.331774244e+01 -2.0787e+00 +9.7081e-01
4392 +3.495379356e-01 +3.495379356e-01 -5.358046206e+01 -5.358046206e+01 -2.2234e+00 +2.0731e+00
4482 +1.468562270e-01 +1.468562270e-01 -5.378314377e+01 -5.378314377e+01 -2.1367e+00 +2.0748e+00
4502 +7.330940922e-02 +7.330940922e-02 -5.385669059e+01 -5.385669059e+01 -2.0525e+00 +2.1223e+00
4631 +5.969433428e-02 +5.969433428e-02 -5.387030567e+01 -5.387030567e+01 -2.0952e+00 +2.1223e+00
4632 +7.044615677e-03 +7.044615677e-03 -5.392295538e+01 -5.392295538e+01 -2.0916e+00 +2.1114e+00
4862 +2.247193376e-04 +2.247193376e-04 -5.392977528e+01 -5.392977528e+01 -2.1021e+00 +2.1052e+00
5002 +1.363141011e-04 +1.363141011e-04 -5.392986369e+01 -5.392986369e+01 -2.1060e+00 +2.1052e+00
5014 +7.430279558e-05 +7.430279558e-05 -5.392992570e+01 -5.392992570e+01 -2.1031e+00 +2.1052e+00
5031 +1.146717735e-05 +1.146717735e-05 -5.392998853e+01 -5.392998853e+01 -2.1053e+00 +2.1046e+00
5042 +8.093625844e-06 +8.093625844e-06 -5.392999191e+01 -5.392999191e+01 -2.1054e+00 +2.1048e+00
5093 +6.115588867e-06 +6.115588867e-06 -5.392999388e+01 -5.392999388e+01 -2.1044e+00 +2.1050e+00
5110 +5.705001840e-07 +5.705001840e-07 -5.392999943e+01 -5.392999943e+01 -2.1049e+00 +2.1048e+00
5170 +2.276027757e-07 +2.276027757e-07 -5.392999977e+01 -5.392999977e+01 -2.1048e+00 +2.1048e+00
5203 +1.545581014e-07 +1.545581014e-07 -5.392999985e+01 -5.392999985e+01 -2.1049e+00 +2.1048e+00
5207 +8.647748473e-08 +8.647748473e-08 -5.392999991e+01 -5.392999991e+01 -2.1048e+00 +2.1049e+00
5228 +1.458889898e-08 +1.458889898e-08 -5.392999999e+01 -5.392999999e+01 -2.1049e+00 +2.1048e+00
5232 +9.664766765e-09 +9.664766765e-09 -5.392999999e+01 -5.392999999e+01 -2.1049e+00 +2.1048e+00
5237 +5.084636712e-09 +5.084636712e-09 -5.392999999e+01 -5.392999999e+01 -2.1048e+00 +2.1048e+00
% function evaluation | noise-free fitness - Fopt (5.623000000000e+01) | best noise-free fitness - Fopt | measured fitness | best measured fitness | x1 | x2...
1 +9.659446506e+02 +9.659446506e+02 +1.022174651e+03 +1.022174651e+03 -2.7733e+00 +3.9326e+00
3 +5.759486647e+00 +5.759486647e+00 +6.198948665e+01 +6.198948665e+01 +8.4993e-01 +1.0638e+00
8 +3.388595957e+00 +3.388595957e+00 +5.961859596e+01 +5.961859596e+01 +1.2014e+00 +1.9427e+00
41 +2.112013091e+00 +2.112013091e+00 +5.834201309e+01 +5.834201309e+01 +2.4773e-01 +2.5965e+00
120 +1.158621250e+00 +1.158621250e+00 +5.738862125e+01 +5.738862125e+01 +9.6657e-01 +2.3854e+00
232 +8.382491474e-01 +8.382491474e-01 +5.706824915e+01 +5.706824915e+01 +1.9192e+00 +2.1639e+00
244 +3.838962961e-01 +3.838962961e-01 +5.661389630e+01 +5.661389630e+01 +1.9794e+00 +2.1398e+00
272 +2.118903152e-01 +2.118903152e-01 +5.644189032e+01 +5.644189032e+01 +2.0750e+00 +2.1398e+00
291 +1.158289449e-01 +1.158289449e-01 +5.634582894e+01 +5.634582894e+01 +2.1179e+00 +2.1226e+00
351 +4.080342398e-02 +4.080342398e-02 +5.627080342e+01 +5.627080342e+01 +2.1179e+00 +2.0895e+00
375 +1.335966772e-02 +1.335966772e-02 +5.624335967e+01 +5.624335967e+01 +2.0868e+00 +2.1048e+00
396 +7.921466548e-03 +7.921466548e-03 +5.623792147e+01 +5.623792147e+01 +2.0929e+00 +2.1120e+00
411 +3.765653949e-03 +3.765653949e-03 +5.623376565e+01 +5.623376565e+01 +2.0929e+00 +2.1087e+00
432 +3.683526091e-05 +3.683526091e-05 +5.623003684e+01 +5.623003684e+01 +2.1054e+00 +2.1044e+00
564 +2.217741599e-05 +2.217741599e-05 +5.623002218e+01 +5.623002218e+01 +2.1051e+00 +2.1051e+00
581 +1.517662711e-05 +1.517662711e-05 +5.623001518e+01 +5.623001518e+01 +2.1044e+00 +2.1048e+00
630 +7.838945862e-06 +7.838945862e-06 +5.623000784e+01 +5.623000784e+01 +2.1049e+00 +2.1047e+00
646 +4.905348433e-06 +4.905348433e-06 +5.623000491e+01 +5.623000491e+01 +2.1050e+00 +2.1049e+00
662 +5.809282300e-08 +5.809282300e-08 +5.623000006e+01 +5.623000006e+01 +2.1049e+00 +2.1048e+00
771 +2.636473795e-08 +2.636473795e-08 +5.623000003e+01 +5.623000003e+01 +2.1048e+00 +2.1048e+00
796 +7.729724416e-09 +7.729724416e-09 +5.623000001e+01 +5.623000001e+01 +2.1049e+00 +2.1048e+00
% function evaluation | noise-free fitness - Fopt (1.113000000000e+01) | best noise-free fitness - Fopt | measured fitness | best measured fitness | x1 | x2...
1 +3.094015485e+04 +3.094015485e+04 +3.095128485e+04 +3.095128485e+04 +4.6270e+00 +2.6801e+00
2 +1.831967779e+01 +1.831967779e+01 +2.944967779e+01 +2.944967779e+01 +1.3680e+00 -2.4659e+00
13 +4.541541613e+00 +4.541541613e+00 +1.567154161e+01 +1.567154161e+01 -8.6320e-01 -2.1442e+00
32 +3.816024888e+00 +3.816024888e+00 +1.494602489e+01 +1.494602489e+01 +1.6976e+00 -1.0207e+00
64 +2.307166496e+00 +2.307166496e+00 +1.343716650e+01 +1.343716650e+01 +1.8861e+00 -1.8405e+00
125 +1.350908443e+00 +1.350908443e+00 +1.248090844e+01 +1.248090844e+01 +2.2091e+00 -2.1467e+00
141 +3.370023892e-01 +3.370023892e-01 +1.146700239e+01 +1.146700239e+01 +2.0821e+00 -2.1467e+00
254 +3.936304331e-02 +3.936304331e-02 +1.116936304e+01 +1.116936304e+01 +2.0688e+00 -2.1190e+00
363 +7.512244205e-03 +7.512244205e-03 +1.113751224e+01 +1.113751224e+01 +2.1210e+00 -2.0989e+00
412 +3.515788536e-04 +3.515788536e-04 +1.113035158e+01 +1.113035158e+01 +2.1050e+00 -2.1060e+00
534 +1.762052682e-04 +1.762052682e-04 +1.113017621e+01 +1.113017621e+01 +2.1038e+00 -2.1059e+00
571 +2.710196076e-05 +2.710196076e-05 +1.113002710e+01 +1.113002710e+01 +2.1038e+00 -2.1051e+00
662 +1.506874840e-05 +1.506874840e-05 +1.113001507e+01 +1.113001507e+01 +2.1046e+00 -2.1051e+00
693 +5.288390552e-06 +5.288390552e-06 +1.113000529e+01 +1.113000529e+01 +2.1044e+00 -2.1050e+00
713 +3.369170516e-06 +3.369170516e-06 +1.113000337e+01 +1.113000337e+01 +2.1045e+00 -2.1050e+00
725 +9.585289060e-07 +9.585289060e-07 +1.113000096e+01 +1.113000096e+01 +2.1047e+00 -2.1049e+00
741 +2.818590339e-08 +2.818590339e-08 +1.113000003e+01 +1.113000003e+01 +2.1048e+00 -2.1048e+00
762 +2.420692446e-08 +2.420692446e-08 +1.113000002e+01 +1.113000002e+01 +2.1049e+00 -2.1048e+00
823 +1.362996471e-08 +1.362996471e-08 +1.113000001e+01 +1.113000001e+01 +2.1049e+00 -2.1048e+00
852 +6.531720942e-09 +6.531720942e-09 +1.113000001e+01 +1.113000001e+01 +2.1049e+00 -2.1048e+00
% function evaluation | noise-free fitness - Fopt (3.409900000000e+02) | best noise-free fitness - Fopt | measured fitness | best measured fitness | x1 | x2...
1 +4.494039275e+01 +4.494039275e+01 +3.859303927e+02 +3.859303927e+02 +2.6863e+00 -1.7568e+00
15 +3.815595456e+00 +3.815595456e+00 +3.448055955e+02 +3.448055955e+02 -1.0576e-01 -1.7185e+00
16 +9.009815691e-01 +9.009815691e-01 +3.418909816e+02 +3.418909816e+02 -1.9839e+00 -2.0872e+00
61 +4.883569646e-01 +4.883569646e-01 +3.414783570e+02 +3.414783570e+02 -2.2368e+00 -2.0872e+00
111 +8.782961305e-02 +8.782961305e-02 +3.410778296e+02 +3.410778296e+02 -2.1006e+00 -2.0872e+00
231 +2.596794442e-02 +2.596794442e-02 +3.410159679e+02 +3.410159679e+02 -2.1006e+00 -2.0958e+00
261 +6.323923959e-03 +6.323923959e-03 +3.409963239e+02 +3.409963239e+02 -2.1001e+00 -2.1013e+00
435 +1.049121143e-03 +1.049121143e-03 +3.409910491e+02 +3.409910491e+02 -2.1069e+00 -2.1024e+00
483 +8.195155896e-04 +8.195155896e-04 +3.409908195e+02 +3.409908195e+02 -2.1046e+00 -2.1031e+00
513 +5.671588648e-04 +5.671588648e-04 +3.409905672e+02 +3.409905672e+02 -2.1094e+00 -2.1040e+00
537 +2.140482033e-04 +2.140482033e-04 +3.409902140e+02 +3.409902140e+02 -2.1072e+00 -2.1037e+00
551 +7.020867571e-05 +7.020867571e-05 +3.409900702e+02 +3.409900702e+02 -2.1043e+00 -2.1045e+00
571 +4.467455017e-05 +4.467455017e-05 +3.409900447e+02 +3.409900447e+02 -2.1046e+00 -2.1045e+00
581 +3.198497137e-05 +3.198497137e-05 +3.409900320e+02 +3.409900320e+02 -2.1059e+00 -2.1045e+00
588 +7.475580617e-06 +7.475580617e-06 +3.409900075e+02 +3.409900075e+02 -2.1045e+00 -2.1051e+00
602 +5.921161858e-06 +5.921161858e-06 +3.409900059e+02 +3.409900059e+02 -2.1053e+00 -2.1047e+00
631 +3.829206946e-06 +3.829206946e-06 +3.409900038e+02 +3.409900038e+02 -2.1048e+00 -2.1050e+00
668 +2.331890983e-06 +2.331890983e-06 +3.409900023e+02 +3.409900023e+02 -2.1046e+00 -2.1050e+00
685 +7.405735118e-07 +7.405735118e-07 +3.409900007e+02 +3.409900007e+02 -2.1048e+00 -2.1048e+00
691 +4.587280387e-07 +4.587280387e-07 +3.409900005e+02 +3.409900005e+02 -2.1050e+00 -2.1048e+00
692 +2.146430802e-07 +2.146430802e-07 +3.409900002e+02 +3.409900002e+02 -2.1048e+00 -2.1049e+00
700 +1.431720307e-07 +1.431720307e-07 +3.409900001e+02 +3.409900001e+02 -2.1048e+00 -2.1048e+00
723 +3.037553142e-08 +3.037553142e-08 +3.409900000e+02 +3.409900000e+02 -2.1048e+00 -2.1048e+00
744 +2.305824864e-08 +2.305824864e-08 +3.409900000e+02 +3.409900000e+02 -2.1049e+00 -2.1048e+00
759 +7.817050118e-09 +7.817050118e-09 +3.409900000e+02 +3.409900000e+02 -2.1049e+00 -2.1048e+00
% function evaluation | noise-free fitness - Fopt (6.051000000000e+01) | best noise-free fitness - Fopt | measured fitness | best measured fitness | x1 | x2...
1 +4.593473328e+04 +4.593473328e+04 +4.599524328e+04 +4.599524328e+04 -2.3413e+00 -1.6279e+00
2 +8.511586181e+02 +8.511586181e+02 +9.116686181e+02 +9.116686181e+02 -1.8499e+00 +3.6786e+00
9 +1.733939591e+01 +1.733939591e+01 +7.784939591e+01 +7.784939591e+01 -1.3294e+00 +3.1420e+00
11 +3.488055417e+00 +3.488055417e+00 +6.399805542e+01 +6.399805542e+01 -1.8014e+00 +1.8891e+00
88 +2.501456203e+00 +2.501456203e+00 +6.301145620e+01 +6.301145620e+01 +1.7559e+00 +2.1625e+00
92 +1.403485562e+00 +1.403485562e+00 +6.191348556e+01 +6.191348556e+01 +2.0864e+00 +1.7299e+00
173 +7.025683827e-01 +7.025683827e-01 +6.121256838e+01 +6.121256838e+01 +2.0161e+00 +2.0809e+00
177 +5.993621067e-01 +5.993621067e-01 +6.110936211e+01 +6.110936211e+01 +2.0683e+00 +2.0652e+00
202 +2.419669914e-01 +2.419669914e-01 +6.075196699e+01 +6.075196699e+01 +2.0161e+00 +2.1133e+00
221 +1.488228121e-01 +1.488228121e-01 +6.065882281e+01 +6.065882281e+01 +2.1499e+00 +2.1133e+00
272 +1.186847595e-02 +1.186847595e-02 +6.052186848e+01 +6.052186848e+01 +2.0965e+00 +2.1133e+00
341 +4.383729009e-03 +4.383729009e-03 +6.051438373e+01 +6.051438373e+01 +2.0965e+00 +2.1037e+00
383 +3.096620881e-03 +3.096620881e-03 +6.051309662e+01 +6.051309662e+01 +2.1142e+00 +2.1006e+00
392 +1.160968046e-03 +1.160968046e-03 +6.051116097e+01 +6.051116097e+01 +2.1027e+00 +2.1074e+00
401 +1.510547840e-04 +1.510547840e-04 +6.051015105e+01 +6.051015105e+01 +2.1027e+00 +2.1058e+00
423 +4.447057925e-05 +4.447057925e-05 +6.051004447e+01 +6.051004447e+01 +2.1035e+00 +2.1052e+00
471 +1.771526203e-05 +1.771526203e-05 +6.051001772e+01 +6.051001772e+01 +2.1044e+00 +2.1052e+00
496 +3.438229939e-06 +3.438229939e-06 +6.051000344e+01 +6.051000344e+01 +2.1051e+00 +2.1047e+00
532 +2.343960084e-06 +2.343960084e-06 +6.051000234e+01 +6.051000234e+01 +2.1048e+00 +2.1050e+00
533 +2.517607314e-07 +2.517607314e-07 +6.051000025e+01 +6.051000025e+01 +2.1048e+00 +2.1048e+00
551 +1.483471479e-07 +1.483471479e-07 +6.051000015e+01 +6.051000015e+01 +2.1049e+00 +2.1048e+00
596 +8.111089045e-08 +8.111089045e-08 +6.051000008e+01 +6.051000008e+01 +2.1048e+00 +2.1049e+00
611 +1.526530014e-10 +1.526530014e-10 +6.051000000e+01 +6.051000000e+01 +2.1048e+00 +2.1048e+00
% function evaluation | noise-free fitness - Fopt (6.141900000000e+02) | best noise-free fitness - Fopt | measured fitness | best measured fitness | x1 | x2...
1 +1.494468999e+03 +1.494468999e+03 +2.108658999e+03 +2.108658999e+03 +3.6793e+00 -1.6122e+00
6 +2.958091202e+00 +2.958091202e+00 +6.171480912e+02 +6.171480912e+02 +7.4985e-01 -2.4679e+00
58 +1.321315122e+00 +1.321315122e+00 +6.155113151e+02 +6.155113151e+02 -2.1952e+00 -2.1514e+00
91 +3.428387874e-01 +3.428387874e-01 +6.145328388e+02 +6.145328388e+02 -2.0496e+00 -2.1514e+00
105 +1.787758965e-02 +1.787758965e-02 +6.142078776e+02 +6.142078776e+02 -2.1313e+00 -2.0975e+00
274 +8.659111373e-03 +8.659111373e-03 +6.141986591e+02 +6.141986591e+02 -2.0975e+00 -2.1121e+00
307 +3.750892403e-03 +3.750892403e-03 +6.141937509e+02 +6.141937509e+02 -2.1084e+00 -2.1076e+00
434 +4.996914895e-04 +4.996914895e-04 +6.141904997e+02 +6.141904997e+02 -2.1078e+00 -2.1052e+00
444 +7.335671046e-05 +7.335671046e-05 +6.141900734e+02 +6.141900734e+02 -2.1048e+00 -2.1054e+00
574 +2.118116640e-05 +2.118116640e-05 +6.141900212e+02 +6.141900212e+02 -2.1040e+00 -2.1050e+00
624 +2.080550303e-06 +2.080550303e-06 +6.141900021e+02 +6.141900021e+02 -2.1048e+00 -2.1050e+00
625 +8.390225048e-08 +8.390225048e-08 +6.141900001e+02 +6.141900001e+02 -2.1048e+00 -2.1049e+00
718 +2.482750006e-08 +2.482750006e-08 +6.141900000e+02 +6.141900000e+02 -2.1049e+00 -2.1048e+00
753 +6.255618246e-09 +6.255618246e-09 +6.141900000e+02 +6.141900000e+02 -2.1048e+00 -2.1048e+00
% function evaluation | noise-free fitness - Fopt (1.136300000000e+02) | best noise-free fitness - Fopt | measured fitness | best measured fitness | x1 | x2...
1 +1.865804446e+04 +1.865804446e+04 +1.877167446e+04 +1.877167446e+04 -1.6949e+00 -5.6134e-01
2 +1.458960594e+03 +1.458960594e+03 +1.572590594e+03 +1.572590594e+03 -1.3132e+00 +8.9907e-01
3 +2.348556293e+02 +2.348556293e+02 +3.484856293e+02 +3.484856293e+02 +3.2584e+00 +5.1509e-01
22 +4.106666912e+01 +4.106666912e+01 +1.546966691e+02 +1.546966691e+02 +2.7384e+00 +2.1193e+00
40 +5.953941524e+00 +5.953941524e+00 +1.195839415e+02 +1.195839415e+02 +2.9861e-01 +1.2135e+00
45 +3.979941047e+00 +3.979941047e+00 +1.176099410e+02 +1.176099410e+02 +3.1635e-01 +1.1247e+00
84 +2.094985550e+00 +2.094985550e+00 +1.157249856e+02 +1.157249856e+02 -6.2824e-01 +1.6349e+00
166 +6.425900882e-01 +6.425900882e-01 +1.142725901e+02 +1.142725901e+02 +2.0862e+00 +9.5276e-01
201 +6.228495251e-01 +6.228495251e-01 +1.142528495e+02 +1.142528495e+02 +2.1128e+00 +9.6965e-01
2791 +2.827405237e-01 +2.827405237e-01 +1.139127405e+02 +1.139127405e+02 +2.0050e+00 +2.1174e+00
2897 +3.001405306e-02 +3.001405306e-02 +1.136600141e+02 +1.136600141e+02 +2.0850e+00 +2.1187e+00
2923 +5.149398832e-03 +5.149398832e-03 +1.136351494e+02 +1.136351494e+02 +2.1102e+00 +2.1077e+00
2992 +1.640912772e-03 +1.640912772e-03 +1.136316409e+02 +1.136316409e+02 +2.1066e+00 +2.1069e+00
3021 +2.860517626e-04 +2.860517626e-04 +1.136302861e+02 +1.136302861e+02 +2.1015e+00 +2.1057e+00
3111 +1.354558271e-04 +1.354558271e-04 +1.136301355e+02 +1.136301355e+02 +2.1071e+00 +2.1041e+00
3122 +8.505752841e-05 +8.505752841e-05 +1.136300851e+02 +1.136300851e+02 +2.1044e+00 +2.1044e+00
3134 +4.889229201e-05 +4.889229201e-05 +1.136300489e+02 +1.136300489e+02 +2.1035e+00 +2.1051e+00
3141 +2.192981229e-05 +2.192981229e-05 +1.136300219e+02 +1.136300219e+02 +2.1039e+00 +2.1051e+00
3146 +7.984111974e-06 +7.984111974e-06 +1.136300080e+02 +1.136300080e+02 +2.1045e+00 +2.1048e+00
3161 +3.371207782e-06 +3.371207782e-06 +1.136300034e+02 +1.136300034e+02 +2.1052e+00 +2.1047e+00
3214 +1.196003453e-06 +1.196003453e-06 +1.136300012e+02 +1.136300012e+02 +2.1048e+00 +2.1049e+00
3248 +4.446553703e-08 +4.446553703e-08 +1.136300000e+02 +1.136300000e+02 +2.1049e+00 +2.1048e+00
3361 +3.318025676e-08 +3.318025676e-08 +1.136300000e+02 +1.136300000e+02 +2.1049e+00 +2.1048e+00
3371 +1.169001962e-08 +1.169001962e-08 +1.136300000e+02 +1.136300000e+02 +2.1049e+00 +2.1048e+00
3392 +7.912746014e-09 +7.912746014e-09 +1.136300000e+02 +1.136300000e+02 +2.1048e+00 +2.1048e+00
% function evaluation | noise-free fitness - Fopt (8.855000000000e+01) | best noise-free fitness - Fopt | measured fitness | best measured fitness | x1 | x2...
1 +4.344153650e+01 +4.344153650e+01 +1.319915365e+02 +1.319915365e+02 -1.0533e+00 +8.0788e-01
7 +5.261155753e+00 +5.261155753e+00 +9.381115575e+01 +9.381115575e+01 +1.9379e+00 +2.2851e+00
15 +3.678589928e+00 +3.678589928e+00 +9.222858993e+01 +9.222858993e+01 +1.0775e+00 +1.7731e+00
72 +1.263267670e+00 +1.263267670e+00 +8.981326767e+01 +8.981326767e+01 +1.5560e+00 +1.8650e+00
1441 +3.628918402e-01 +3.628918402e-01 +8.891289184e+01 +8.891289184e+01 -2.2068e+00 +2.0997e+00
1453 +2.196027316e-01 +2.196027316e-01 +8.876960273e+01 +8.876960273e+01 -2.1503e+00 +2.1194e+00
1461 +5.273054627e-02 +5.273054627e-02 +8.860273055e+01 +8.860273055e+01 -2.1503e+00 +2.0952e+00
1502 +2.771564220e-02 +2.771564220e-02 +8.857771564e+01 +8.857771564e+01 -2.1368e+00 +2.0997e+00
1631 +2.017844834e-02 +2.017844834e-02 +8.857017845e+01 +8.857017845e+01 -2.1326e+00 +2.0997e+00
1645 +1.509878023e-02 +1.509878023e-02 +8.856509878e+01 +8.856509878e+01 -2.1290e+00 +2.0999e+00
1660 +3.982176277e-03 +3.982176277e-03 +8.855398218e+01 +8.855398218e+01 -2.1149e+00 +2.0999e+00
1681 +3.851539016e-03 +3.851539016e-03 +8.855385154e+01 +8.855385154e+01 -2.1106e+00 +2.0999e+00
1703 +1.318489647e-03 +1.318489647e-03 +8.855131849e+01 +8.855131849e+01 -2.1115e+00 +2.1023e+00
1785 +9.703592535e-04 +9.703592535e-04 +8.855097036e+01 +8.855097036e+01 -2.1109e+00 +2.1029e+00
1792 +6.076530875e-04 +6.076530875e-04 +8.855060765e+01 +8.855060765e+01 -2.1070e+00 +2.1029e+00
1834 +3.956268888e-04 +3.956268888e-04 +8.855039563e+01 +8.855039563e+01 -2.1024e+00 +2.1064e+00
1853 +1.013135148e-04 +1.013135148e-04 +8.855010131e+01 +8.855010131e+01 -2.1053e+00 +2.1054e+00
1896 +2.810065510e-05 +2.810065510e-05 +8.855002810e+01 +8.855002810e+01 -2.1040e+00 +2.1048e+00
1901 +4.664104836e-07 +4.664104836e-07 +8.855000047e+01 +8.855000047e+01 -2.1047e+00 +2.1048e+00
2020 +1.830172067e-07 +1.830172067e-07 +8.855000018e+01 +8.855000018e+01 -2.1048e+00 +2.1048e+00
2061 +2.416661005e-08 +2.416661005e-08 +8.855000002e+01 +8.855000002e+01 -2.1049e+00 +2.1048e+00
2185 +6.706244449e-10 +6.706244449e-10 +8.855000000e+01 +8.855000000e+01 -2.1048e+00 +2.1048e+00
% function evaluation | noise-free fitness - Fopt (1.874500000000e+02) | best noise-free fitness - Fopt | measured fitness | best measured fitness | x1 | x2...
1 +6.588897159e+03 +6.588897159e+03 +6.776347159e+03 +6.776347159e+03 -3.9042e+00 +2.9833e+00
5 +6.736958002e+02 +6.736958002e+02 +8.611458002e+02 +8.611458002e+02 +3.7907e+00 +3.1022e+00
10 +5.377194541e+00 +5.377194541e+00 +1.928271945e+02 +1.928271945e+02 -2.7639e-01 +2.3588e+00
32 +3.153361425e+00 +3.153361425e+00 +1.906033614e+02 +1.906033614e+02 +3.3122e-01 +1.5944e+00
54 +2.379122094e+00 +2.379122094e+00 +1.898291221e+02 +1.898291221e+02 -2.1929e+00 +1.4684e+00
64 +1.222065699e+00 +1.222065699e+00 +1.886720657e+02 +1.886720657e+02 -2.0947e+00 +6.4206e-01
153 +7.539464296e-01 +7.539464296e-01 +1.882039464e+02 +1.882039464e+02 -2.0824e+00 +9.9108e-01
216 +5.924860818e-01 +5.924860818e-01 +1.880424861e+02 +1.880424861e+02 -2.1058e+00 +9.6170e-01
1426 +3.845921903e-01 +3.845921903e-01 +1.878345922e+02 +1.878345922e+02 -2.0690e+00 +2.0757e+00
1496 +2.241537758e-01 +2.241537758e-01 +1.876741538e+02 +1.876741538e+02 -2.0567e+00 +2.0910e+00
1521 +1.044096580e-01 +1.044096580e-01 +1.875544097e+02 +1.875544097e+02 -2.0567e+00 +2.1033e+00
1532 +4.755728428e-02 +4.755728428e-02 +1.874975573e+02 +1.874975573e+02 -2.1351e+00 +2.0874e+00
1542 +2.132555667e-03 +2.132555667e-03 +1.874521326e+02 +1.874521326e+02 -2.1007e+00 +2.1033e+00
1551 +8.040246964e-04 +8.040246964e-04 +1.874508040e+02 +1.874508040e+02 -2.1007e+00 +2.1047e+00
1644 +2.499983475e-05 +2.499983475e-05 +1.874500250e+02 +1.874500250e+02 -2.1039e+00 +2.1050e+00
1678 +1.238990103e-05 +1.238990103e-05 +1.874500124e+02 +1.874500124e+02 -2.1050e+00 +2.1046e+00
1724 +2.110195169e-06 +2.110195169e-06 +1.874500021e+02 +1.874500021e+02 -2.1050e+00 +2.1049e+00
1753 +6.452365540e-07 +6.452365540e-07 +1.874500006e+02 +1.874500006e+02 -2.1050e+00 +2.1048e+00
1831 +1.643336986e-07 +1.643336986e-07 +1.874500002e+02 +1.874500002e+02 -2.1049e+00 +2.1049e+00
1854 +1.131089675e-07 +1.131089675e-07 +1.874500001e+02 +1.874500001e+02 -2.1048e+00 +2.1048e+00
1864 +1.635666536e-08 +1.635666536e-08 +1.874500000e+02 +1.874500000e+02 -2.1048e+00 +2.1048e+00
1959 +1.117103920e-08 +1.117103920e-08 +1.874500000e+02 +1.874500000e+02 -2.1048e+00 +2.1049e+00
1963 +7.697650517e-09 +7.697650517e-09 +1.874500000e+02 +1.874500000e+02 -2.1049e+00 +2.1048e+00
1965 +5.112866575e-09 +5.112866575e-09 +1.874500000e+02 +1.874500000e+02 -2.1048e+00 +2.1048e+00
% function evaluation | noise-free fitness - Fopt (1.419000000000e+02) | best noise-free fitness - Fopt | measured fitness | best measured fitness | x1 | x2...
1 +5.169542005e+02 +5.169542005e+02 +6.588542005e+02 +6.588542005e+02 -2.2563e+00 -2.5345e-01
10 +4.068431732e+00 +4.068431732e+00 +1.459684317e+02 +1.459684317e+02 -3.7196e-01 -1.7965e+00
14 +3.628764285e+00 +3.628764285e+00 +1.455287643e+02 +1.455287643e+02 -8.8721e-01 -1.4916e+00
59 +2.388173344e+00 +2.388173344e+00 +1.442881733e+02 +1.442881733e+02 -3.1690e-01 -2.6018e+00
119 +8.804137969e-01 +8.804137969e-01 +1.427804138e+02 +1.427804138e+02 -1.9788e+00 -2.0908e+00
172 +6.194011548e-01 +6.194011548e-01 +1.425194012e+02 +1.425194012e+02 -2.1070e+00 -9.5003e-01
232 +3.123460041e-02 +3.123460041e-02 +1.419312346e+02 +1.419312346e+02 -2.1225e+00 -2.0908e+00
394 +1.208660933e-02 +1.208660933e-02 +1.419120866e+02 +1.419120866e+02 -2.1246e+00 -2.1029e+00
473 +3.634904907e-03 +3.634904907e-03 +1.419036349e+02 +1.419036349e+02 -2.1160e+00 -2.1034e+00
518 +2.969339348e-04 +2.969339348e-04 +1.419002969e+02 +1.419002969e+02 -2.1028e+00 -2.1062e+00
548 +1.062434674e-04 +1.062434674e-04 +1.419001062e+02 +1.419001062e+02 -2.1050e+00 -2.1054e+00
564 +6.894468413e-06 +6.894468413e-06 +1.419000069e+02 +1.419000069e+02 -2.1054e+00 -2.1047e+00
618 +5.344692966e-06 +5.344692966e-06 +1.419000053e+02 +1.419000053e+02 -2.1050e+00 -2.1049e+00
634 +4.303564936e-07 +4.303564936e-07 +1.419000004e+02 +1.419000004e+02 -2.1050e+00 -2.1048e+00
647 +2.723828629e-08 +2.723828629e-08 +1.419000000e+02 +1.419000000e+02 -2.1049e+00 -2.1048e+00
750 +1.085302870e-08 +1.085302870e-08 +1.419000000e+02 +1.419000000e+02 -2.1049e+00 -2.1048e+00
774 +4.668663678e-09 +4.668663678e-09 +1.419000000e+02 +1.419000000e+02 -2.1048e+00 -2.1048e+00
