% function evaluation | noise-free fitness - Fopt (6.870000000000e+00) | best noise-free fitness - Fopt | measured fitness | best measured fitness | x1 | x2...
1 +1.200374991e+01 +1.200374991e+01 +1.887374991e+01 +1.887374991e+01 +2.7964e+00 +1.6482e+00 +2.2569e+00 -4.9031e+00 +4.5612e+00 +4.6073e+00 +1.1472e+00 -2.5923e+00 +4.7536e+00 +1.9546e+00
5 +9.058262967e+00 +9.058262967e+00 +1.592826297e+01 +1.592826297e+01 -1.5124e+00 -2.2085e+00 +6.1570e-01 -1.1018e+00 -8.9134e-01 -3.0733e+00 -4.0659e-01 +4.8708e+00 -3.0321e+00 -2.3193e+00
23 +5.846889118e+00 +5.846889118e+00 +1.271688912e+01 +1.271688912e+01 -3.5189e+00 -3.2714e+00 +1.8031e+00 -1.3849e+00 -4.3926e+00 +4.7525e+00 -1.7736e+00 +2.3279e+00 -1.6675e+00 +3.7150e-01
34 +3.952758467e+00 +3.952758467e+00 +1.082275847e+01 +1.082275847e+01 +2.8685e+00 +1.1981e+00 +1.9965e+00 +3.6186e+00 +6.5131e-01 -3.9105e+00 -7.2240e-01 +3.9229e+00 -2.3073e+00 -6.5284e-01
483 +2.417116169e+00 +2.417116169e+00 +9.287116169e+00 +9.287116169e+00 -1.8900e+00 +2.6349e+00 -3.1270e+00 +1.7814e+00 +4.5652e+00 +4.6695e+00 +2.6044e+00 +1.3017e+00 +2.4863e-01 -2.2398e-01
609 +1.175598031e+00 +1.175598031e+00 +8.045598031e+00 +8.045598031e+00 -2.5011e+00 +1.6155e+00 -4.3372e-01 -2.1304e+00 +4.9254e+00 +9.9427e-01 -2.1043e-01 +2.7089e+00 +1.0889e+00 +4.3591e+00
57597 +7.581846651e-01 +7.581846651e-01 +7.628184665e+00 +7.628184665e+00 -7.6368e-02 +3.6357e+00 -1.3173e+00 +4.9994e+00 +1.3705e+00 +2.6954e+00 +1.7728e-01 -2.4687e-01 -1.9054e+00 +2.2556e+00
183532 +5.882107812e-01 +5.882107812e-01 +7.458210781e+00 +7.458210781e+00 +2.3441e+00 +2.8636e-01 +4.2530e+00 -2.1547e+00 -9.6128e-01 -5.6075e-01 +1.7272e+00 +3.9280e+00 -6.9900e-01 +2.7875e+00
353375 +3.979008410e-01 +3.979008410e-01 +7.267900841e+00 +7.267900841e+00 -1.7928e+00 +1.3984e-02 -2.5886e+00 +2.6574e+00 +1.4047e+00 -1.7707e+00 -1.1366e+00 +2.7340e+00 +9.5673e-01 +1.7640e+00
361201 +2.493383882e-01 +2.493383882e-01 +7.119338388e+00 +7.119338388e+00 -1.7907e+00 +1.4201e-02 -2.5893e+00 +2.6574e+00 +1.4053e+00 -1.7705e+00 -1.1388e+00 +2.7331e+00 +9.5686e-01 +1.7627e+00
374408 +1.584132471e-01 +1.584132471e-01 +7.028413247e+00 +7.028413247e+00 -1.7891e+00 +1.4297e-02 -2.5897e+00 +2.6574e+00 +1.4067e+00 -1.7710e+00 -1.1405e+00 +2.7329e+00 +9.5675e-01 +1.7629e+00
377416 +9.865279286e-02 +9.865279286e-02 +6.968652793e+00 +6.968652793e+00 -1.7874e+00 +1.4280e-02 -2.5900e+00 +2.6574e+00 +1.4097e+00 -1.7692e+00 -1.1399e+00 +2.7369e+00 +9.5945e-01 +1.7612e+00
380781 +6.308764030e-02 +6.308764030e-02 +6.933087640e+00 +6.933087640e+00 -1.7866e+00 +1.4188e-02 -2.5906e+00 +2.6574e+00 +1.4113e+00 -1.7691e+00 -1.1395e+00 +2.7385e+00 +9.5980e-01 +1.7613e+00
% function evaluation | noise-free fitness - Fopt (1.000000000000e-02) | best noise-free fitness - Fopt | measured fitness | best measured fitness | x1 | x2...
1 +2.196102786e+01 +2.196102786e+01 +2.197102786e+01 +2.197102786e+01 -3.1563e+00 +1.2415e+00 -3.4133e+00 +4.0918e+00 +2.9415e+00 -1.9778e-01 -8.0542e-02 +2.3070e+00 +2.9176e+00 +1.9509e+00
2 +1.208626279e+01 +1.208626279e+01 +1.209626279e+01 +1.209626279e+01 +2.0623e+00 +2.3528e+00 +8.6880e-01 -3.2152e+00 -2.3660e+00 +2.8095e+00 -3.4107e+00 +1.2119e+00 -2.4649e+00 +1.5930e+00
3 +3.843919596e+00 +3.843919596e+00 +3.853919596e+00 +3.853919596e+00 +2.5934e+00 -1.7429e+00 -1.8676e+00 -2.8456e-01 +4.0559e+00 +2.2987e-01 -2.2902e+00 +3.9732e+00 -4.6824e-01 +5.6209e-01
3832 +2.107881540e+00 +2.107881540e+00 +2.117881540e+00 +2.117881540e+00 +9.9244e-01 -2.4157e-01 +4.3563e+00 +4.1776e+00 -2.5548e+00 +1.0777e+00 +9.8898e-01 -4.4146e+00 -3.5614e+00 +2.3504e+00
15435 +1.311190956e+00 +1.311190956e+00 +1.321190956e+00 +1.321190956e+00 +3.1837e+00 -8.6084e-01 -3.8250e-03 -5.4027e+00 +1.0970e+00 -2.4470e+00 -5.3315e+00 +1.4321e-01 +3.0602e+00 -4.3157e-01
38571 +7.784282216e-01 +7.784282216e-01 +7.884282216e-01 +7.884282216e-01 +2.6646e+00 -3.8879e+00 +1.1194e+00 +1.7005e-01 -1.2671e+00 +3.9106e+00 -1.5324e+00 +2.4962e+00 +1.9905e+00 -1.1161e+00
242931 +6.154609900e-01 +6.154609900e-01 +6.254609900e-01 +6.254609900e-01 +4.1452e-01 -3.6523e+00 -2.2659e+00 +2.7710e+00 -4.9268e-01 +7.7664e-01 -1.3237e-01 -3.9835e-01 +2.0395e-01 -6.8606e-01
395406 +3.423071350e-01 +3.423071350e-01 +3.523071350e-01 +3.523071350e-01 +3.3250e+00 -1.6552e+00 -1.0435e+00 +4.5091e+00 -1.0476e-01 +1.0924e+00 +1.3946e+00 -3.0907e-01 -1.4951e+00 -1.7674e+00
687701 +2.506412370e-01 +2.506412370e-01 +2.606412370e-01 +2.606412370e-01 -5.0702e-01 -4.4460e+00 -2.3574e+00 -9.0087e-01 +1.1301e+00 +1.7897e-01 -2.8300e+00 -1.0099e+00 -2.2139e+00 +3.4516e+00
704301 +1.573136634e-01 +1.573136634e-01 +1.673136634e-01 +1.673136634e-01 -5.0740e-01 -4.4472e+00 -2.3569e+00 -8.9963e-01 +1.1294e+00 +1.8009e-01 -2.8295e+00 -1.0120e+00 -2.2133e+00 +3.4514e+00
706729 +9.942413493e-02 +9.942413493e-02 +1.094241349e-01 +1.094241349e-01 -5.0842e-01 -4.4496e+00 -2.3532e+00 -8.9612e-01 +1.1263e+00 +1.8327e-01 -2.8295e+00 -1.0150e+00 -2.2115e+00 +3.4516e+00
717761 +6.265583466e-02 +6.265583466e-02 +7.265583466e-02 +7.265583466e-02 -5.1599e-01 -4.4427e+00 -2.3628e+00 -8.9806e-01 +1.1152e+00 +1.8663e-01 -2.8341e+00 -1.0031e+00 -2.2089e+00 +3.4496e+00
% function evaluation | noise-free fitness - Fopt (-1.306100000000e+02) | best noise-free fitness - Fopt | measured fitness | best measured fitness | x1 | x2...
1 +1.935043657e+01 +1.935043657e+01 -1.112595634e+02 -1.112595634e+02 +2.7005e+00 +4.0085e+00 -3.0675e+00 +3.0644e+00 +4.6200e+00 -3.7716e+00 -4.8366e-01 +9.4772e-01 -9.7314e-01 -1.2900e+00
3 +8.372463269e+00 +8.372463269e+00 -1.222375367e+02 -1.222375367e+02 -4.2659e+00 -1.8591e+00 -1.4229e-01 +3.2419e+00 +6.7578e-01 -1.9406e+00 +1.0272e+00 +7.1741e-02 -3.4965e+00 -3.6795e+00
11 +5.728832010e+00 +5.728832010e+00 -1.248811680e+02 -1.248811680e+02 +1.2876e+00 -3.6723e+00 -4.5744e+00 +4.9189e-01 -4.0483e+00 +4.1308e-01 -4.3251e+00 -2.4528e+00 -1.7594e+00 +3.9394e+00
58 +3.408761388e+00 +3.408761388e+00 -1.272012386e+02 -1.272012386e+02 +3.2364e+00 +1.7646e+00 +1.6591e+00 -4.6585e+00 +4.0613e+00 -3.7960e+00 +2.4712e+00 +3.5999e+00 -4.6191e+00 -1.4175e+00
5431 +2.465515036e+00 +2.465515036e+00 -1.281444850e+02 -1.281444850e+02 +5.2902e-01 -1.6537e+00 -2.0544e+00 -2.0039e+00 +8.7147e-01 -1.8242e+00 -4.1433e+00 +2.7615e+00 -1.0600e+00 -9.5059e-01
21661 +1.545736356e+00 +1.545736356e+00 -1.290642636e+02 -1.290642636e+02 +3.7744e+00 -2.5913e+00 -4.2069e+00 -3.5318e+00 +2.8576e+00 -5.4987e+00 -7.4289e-01 +1.7100e+00 -2.3160e+00 +9.3977e-01
74263 +9.488744731e-01 +9.488744731e-01 -1.296611255e+02 -1.296611255e+02 -1.7669e+00 +1.1377e+00 +1.1284e+00 -3.3436e-01 -2.3216e+00 -1.0470e+00 +1.8225e+00 +5.1497e+00 +9.1298e-01 -2.7046e+00
361759 +6.293504103e-01 +6.293504103e-01 -1.299806496e+02 -1.299806496e+02 +1.8803e+00 -1.4005e+00 +7.1126e-01 +2.1934e+00 +5.2349e-02 +3.4138e+00 -2.2957e+00 +2.0360e+00 -3.4033e+00 -1.7759e+00
566353 +3.791234704e-01 +3.791234704e-01 -1.302308765e+02 -1.302308765e+02 -1.0006e+00 -2.2261e+00 +2.9865e+00 -1.8044e+00 -3.4994e+00 +1.1121e+00 -3.4708e+00 +2.6976e+00 -4.5017e-01 -4.4720e+00
759634 +2.501135041e-01 +2.501135041e-01 -1.303598865e+02 -1.303598865e+02 +2.5879e+00 +2.7765e+00 -8.9809e-01 +3.7089e+00 +2.7594e+00 +2.0544e+00 +2.4741e+00 -1.3129e-01 +1.9461e+00 +1.1134e+00
767701 +1.579483755e-01 +1.579483755e-01 -1.304520516e+02 -1.304520516e+02 +2.5898e+00 +2.7721e+00 -8.9655e-01 +3.7075e+00 +2.7618e+00 +2.0523e+00 +2.4696e+00 -1.3228e-01 +1.9473e+00 +1.1147e+00
% function evaluation | noise-free fitness - Fopt (-2.231200000000e+02) | best noise-free fitness - Fopt | measured fitness | best measured fitness | x1 | x2...
1 +2.491459347e+01 +2.491459347e+01 -1.982054065e+02 -1.982054065e+02 +4.5724e+00 -3.6841e+00 +3.8903e+00 +3.1975e+00 -3.6068e+00 -2.3131e-01 -4.3136e+00 -2.3181e+00 -4.2583e+00 +3.4638e+00
4 +1.186390996e+01 +1.186390996e+01 -2.112560900e+02 -2.112560900e+02 +1.3183e+00 +7.3512e-01 +3.0835e+00 +1.8051e+00 +3.2025e+00 +3.8388e+00 -5.9602e-01 -8.6050e-01 +3.9457e+00 +4.6823e-01
14 +9.598407915e+00 +9.598407915e+00 -2.135215921e+02 -2.135215921e+02 +2.8060e-01 -3.2211e+00 +3.8557e+00 +8.0026e-01 -1.5049e+00 -3.6301e+00 -2.3557e+00 +3.9487e+00 -4.0244e+00 -1.7296e+00
46 +5.093696667e+00 +5.093696667e+00 -2.180263033e+02 -2.180263033e+02 -1.9458e+00 -3.3928e+00 +4.6162e+00 +6.5972e-01 -4.5221e+00 -2.0967e+00 +1.3719e+00 -2.7735e+00 -3.0039e+00 -2.6129e+00
71 +3.915044141e+00 +3.915044141e+00 -2.192049559e+02 -2.192049559e+02 +4.8907e+00 -2.3937e+00 +1.3052e+00 +3.4018e+00 +4.1227e+00 +2.0564e+00 +2.9100e+00 +4.8228e+00 +2.8454e+00 -4.5685e-01
1335 +2.446782262e+00 +2.446782262e+00 -2.206732177e+02 -2.206732177e+02 -4.2360e+00 +2.3331e+00 -1.2627e+00 -3.5953e+00 +1.1539e+00 -1.0402e+00 -3.8299e+00 -2.8281e+00 -3.5617e+00 -5.7898e-01
17063 +1.233316917e+00 +1.233316917e+00 -2.218866831e+02 -2.218866831e+02 +4.7702e-01 -1.0016e-01 +2.8678e+00 +3.8796e-01 +3.3123e-01 -4.8439e+00 +2.4987e+00 -2.8592e+00 -1.0061e+00 +1.0769e+00
94616 +8.680764149e-01 +8.680764149e-01 -2.222519236e+02 -2.222519236e+02 -3.4083e+00 +2.1982e+00 +6.3977e-01 -2.1777e+00 +3.5905e+00 -5.0414e+00 +1.5452e-03 -1.7911e+00 +1.5633e+00 +1.3095e+00
237112 +4.984078263e-01 +4.984078263e-01 -2.226215922e+02 -2.226215922e+02 -1.3585e+00 +4.1465e+00 -2.1742e+00 +2.0157e+00 +4.6992e-01 -1.9784e+00 -4.3063e-01 -2.3467e+00 -4.7450e-01 -1.1128e+00
324734 +3.974397065e-01 +3.974397065e-01 -2.227225603e+02 -2.227225603e+02 -4.7711e-01 +5.5159e-01 +3.8199e+00 +1.5902e+00 -2.7474e-01 -6.5863e-01 -2.5982e+00 +1.1705e-01 +2.1080e-01 +2.1675e-01
329051 +2.508138298e-01 +2.508138298e-01 -2.228691862e+02 -2.228691862e+02 -4.7690e-01 +5.5131e-01 +3.8188e+00 +1.5919e+00 -2.7474e-01 -6.5868e-01 -2.5982e+00 +1.1764e-01 +2.1080e-01 +2.1675e-01
334557 +1.581752342e-01 +1.581752342e-01 -2.229618248e+02 -2.229618248e+02 -4.7597e-01 +5.5234e-01 +3.8163e+00 +1.5922e+00 -2.7474e-01 -6.5983e-01 -2.5982e+00 +1.1959e-01 +2.1080e-01 +2.1675e-01
340727 +9.999891953e-02 +9.999891953e-02 -2.230200011e+02 -2.230200011e+02 -4.7775e-01 +5.5245e-01 +3.8147e+00 +1.5914e+00 -2.7474e-01 -6.6352e-01 -2.5982e+00 +1.2052e-01 +2.1080e-01 +2.1675e-01
% function evaluation | noise-free fitness - Fopt (-4.443000000000e+01) | best noise-free fitness - Fopt | measured fitness | best measured fitness | x1 | x2...
1 +1.233027506e+01 +1.233027506e+01 -3.209972494e+01 -3.209972494e+01 -2.9934e+00 -4.7793e+00 +2.3630e+00 -3.9344e+00 -4.8752e+00 -4.1211e+00 +2.7761e+00 +4.9176e+00 -8.0062e-01 +3.6147e+00
3 +9.565899728e+00 +9.565899728e+00 -3.486410027e+01 -3.486410027e+01 -1.3948e+00 -1.3524e+00 -2.7573e+00 +2.1344e+00 +1.5061e+00 +7.1789e-01 +1.6361e+00 +1.7353e+00 +3.2060e+00 -4.3336e+00
7 +5.970333924e+00 +5.970333924e+00 -3.845966608e+01 -3.845966608e+01 +1.8593e+00 +5.7708e-01 +8.4186e-01 +7.9715e-01 +2.2761e+00 +2.8098e+00 -2.2779e+00 -3.6382e+00 +1.4751e+00 +3.4509e+00
30 +3.188538261e+00 +3.188538261e+00 -4.124146174e+01 -4.124146174e+01 +4.0075e+00 +2.5697e+00 -3.7647e+00 +2.1835e+00 +3.2065e+00 +4.4637e+00 +3.2672e+00 +3.8031e+00 -3.2487e+00 +4.9640e+00
1239 +2.190464689e+00 +2.190464689e+00 -4.223953531e+01 -4.223953531e+01 +2.4092e+00 +3.4108e+00 -4.9880e+00 +8.3968e-01 +2.1321e+00 +3.2680e+00 +2.3340e+00 +3.3862e+00 +1.8709e+00 +4.2006e+00
9249 +1.563992266e+00 +1.563992266e+00 -4.286600773e+01 -4.286600773e+01 -2.7115e+00 +2.8622e+00 +3.3894e+00 -2.1885e-01 +3.4269e+00 +1.8076e+00 +1.2068e+00 -1.9996e+00 -3.5760e+00 +3.1227e+00
124942 +9.564957385e-01 +9.564957385e-01 -4.347350426e+01 -4.347350426e+01 -2.8479e+00 +4.3675e+00 +3.7125e+00 +2.3620e+00 +1.3539e+00 +6.3791e-02 +4.7813e+00 -2.6853e+00 -3.6291e+00 +3.9489e+00
179360 +5.673376751e-01 +5.673376751e-01 -4.386266232e+01 -4.386266232e+01 -8.3854e-01 +1.1243e+00 +5.0517e-01 -1.4817e+00 +2.0834e+00 +2.5644e-01 -7.7936e-01 -1.9467e-01 -3.3275e+00 +1.4111e+00
544499 +3.179433047e-01 +3.179433047e-01 -4.411205670e+01 -4.411205670e+01 -3.0907e+00 -2.3951e+00 -3.0675e+00 -1.6815e+00 +3.1041e+00 +7.9317e-01 +7.2446e-01 -9.5357e-01 -1.2792e+00 +1.4167e+00
% function evaluation | noise-free fitness - Fopt (8.539000000000e+01) | best noise-free fitness - Fopt | measured fitness | best measured fitness | x1 | x2...
1 +1.151592247e+01 +1.151592247e+01 +9.690592247e+01 +9.690592247e+01 -2.1618e+00 -4.3510e+00 -8.7714e-01 +2.5591e-01 +3.6142e+00 +4.4520e+00 +5.7772e-02 -2.6957e+00 -2.6302e+00 +3.2595e+00
7 +6.827540875e+00 +6.827540875e+00 +9.221754087e+01 +9.221754087e+01 +3.4133e+00 -8.5994e-01 -1.6739e+00 -4.8815e-01 -8.9387e-01 +3.1640e+00 -2.6828e+00 -3.0917e+00 +1.7601e+00 -6.4149e-01
9 +6.308952937e+00 +6.308952937e+00 +9.169895294e+01 +9.169895294e+01 +2.3009e+00 +2.6403e+00 +2.1328e+00 -2.6272e+00 +4.6930e+00 -4.8688e+00 +4.5971e+00 +4.7454e+00 +1.6889e+00 +2.9607e+00
70 +3.573239477e+00 +3.573239477e+00 +8.896323948e+01 +8.896323948e+01 -4.6159e+00 -8.8640e-01 -4.7405e+00 +4.0678e+00 +7.9074e-02 -1.6722e-02 -3.1531e+00 -3.7985e+00 +2.7710e+00 -4.1122e+00
3804 +2.470087982e+00 +2.470087982e+00 +8.786008798e+01 +8.786008798e+01 +1.3206e-02 -4.0521e+00 +7.8867e-01 +1.2007e+00 -3.1945e+00 -4.5812e-01 +8.6388e-02 +2.9708e+00 +2.4459e+00 -1.6446e+00
51245 +1.007145560e+00 +1.007145560e+00 +8.639714556e+01 +8.639714556e+01 +3.1657e-01 +2.0836e+00 +2.1039e+00 -8.1944e-02 +3.5810e+00 +4.4554e+00 +5.0009e+00 -1.9543e-01 +2.8180e+00 -1.3061e+00
53389 +9.673815785e-01 +9.673815785e-01 +8.635738158e+01 +8.635738158e+01 -2.3402e+00 +4.5850e-01 -1.5862e+00 -4.1136e+00 +1.0831e+00 +4.2095e+00 +2.7939e+00 +5.1792e+00 +2.9516e+00 -2.9575e+00
292314 +4.546337037e-01 +4.546337037e-01 +8.584463370e+01 +8.584463370e+01 -5.1226e+00 -2.3923e+00 -2.0292e+00 -2.1579e+00 -1.4793e+00 +3.6882e+00 -1.1147e+00 +3.0478e+00 +4.6904e+00 -2.4548e+00
386951 +3.812730002e-01 +3.812730002e-01 +8.577127300e+01 +8.577127300e+01 +2.0306e+00 -2.4807e-01 -5.9431e-01 -7.4686e-03 +1.4765e+00 +2.1751e+00 +2.7976e+00 +1.6786e+00 -1.3604e-01 -3.1428e-02
517047 +2.510598133e-01 +2.510598133e-01 +8.564105981e+01 +8.564105981e+01 +7.5896e-01 -5.3970e-01 -3.0566e+00 -2.6554e+00 +3.4354e+00 +7.8377e-01 +2.9752e+00 +4.2640e+00 +1.3243e+00 +2.0624e-01
518363 +1.551716485e-01 +1.551716485e-01 +8.554517165e+01 +8.554517165e+01 +7.5978e-01 -5.3897e-01 -3.0463e+00 -2.6554e+00 +3.4336e+00 +7.7996e-01 +2.9752e+00 +4.2713e+00 +1.3229e+00 +2.0705e-01
% function evaluation | noise-free fitness - Fopt (-9.872900000000e+02) | best noise-free fitness - Fopt | measured fitness | best measured fitness | x1 | x2...
1 +1.725474360e+01 +1.725474360e+01 -9.700352564e+02 -9.700352564e+02 +1.1452e+00 +2.3268e-01 -3.0325e+00 +2.0417e+00 -7.4608e-01 +2.7833e+00 +4.6081e+00 +2.4298e+00 -1.4039e+00 -4.2378e+00
2 +1.583062970e+01 +1.583062970e+01 -9.714593703e+02 -9.714593703e+02 -1.6650e+00 +1.8925e+00 -3.5381e+00 -3.8016e+00 +2.7335e+00 +2.8443e+00 -4.9881e-01 +4.8204e+00 +2.6386e+00 -4.1350e+00
14 +8.891508138e+00 +8.891508138e+00 -9.783984919e+02 -9.783984919e+02 +4.4932e+00 -4.3510e+00 -3.2447e+00 -1.9471e+00 -3.2146e+00 +1.4734e+00 -3.6510e+00 -2.5808e+00 +2.5170e+00 -2.4603e+00
35 +3.419350795e+00 +3.419350795e+00 -9.838706492e+02 -9.838706492e+02 +2.8426e+00 +1.3575e+00 +2.7617e+00 +4.8068e-02 +4.4675e+00 +4.6429e+00 +3.7139e+00 +1.7157e+00 -4.9837e+00 +1.5583e-01
5610 +2.337908845e+00 +2.337908845e+00 -9.849520912e+02 -9.849520912e+02 +1.0453e+00 +8.5747e-01 -4.3642e+00 -1.0012e+00 +8.0396e-01 +4.3414e+00 -3.1433e+00 -4.5869e+00 -1.7052e-01 -1.0116e+00
42951 +1.482894437e+00 +1.482894437e+00 -9.858071056e+02 -9.858071056e+02 +1.7559e+00 +3.2097e+00 +4.5151e-01 -5.9606e-01 -1.4040e+00 +2.7728e+00 -1.7805e+00 -2.5759e+00 +1.8784e+00 -5.5360e-01
72804 +9.737303649e-01 +9.737303649e-01 -9.863162696e+02 -9.863162696e+02 +3.2379e-01 +2.7637e+00 -4.3025e+00 -1.4366e+00 +2.4091e-01 +1.6565e+00 -2.7026e+00 -4.0488e+00 -6.9090e-01 -2.7357e+00
227716 +6.218917069e-01 +6.218917069e-01 -9.866681083e+02 -9.866681083e+02 +1.8841e+00 +3.8687e-01 -3.4538e+00 +2.5026e+00 +2.5251e+00 +7.3683e-01 +2.0921e+00 +6.0852e-01 -5.9914e-01 -4.7110e+00
351170 +3.893922089e-01 +3.893922089e-01 -9.869006078e+02 -9.869006078e+02 -1.6879e+00 -1.4751e+00 +4.5805e+00 -1.1366e+00 -2.5244e+00 +7.2502e-01 +4.7881e-01 -3.5036e+00 +2.1550e+00 -1.5309e+00
450474 +2.510355997e-01 +2.510355997e-01 -9.870389644e+02 -9.870389644e+02 -3.0174e+00 -5.6981e-02 +7.8705e-01 -1.0549e+00 -1.8076e+00 +7.8895e-01 -1.7272e+00 -3.0278e+00 +1.9656e+00 -2.0949e+00
% function evaluation | noise-free fitness - Fopt (-1.517600000000e+02) | best noise-free fitness - Fopt | measured fitness | best measured fitness | x1 | x2...
1 +2.104651132e+01 +2.104651132e+01 -1.307134887e+02 -1.307134887e+02 +1.4766e+00 +4.0192e+00 +1.3669e-01 -2.3488e+00 +3.0962e+00 -2.8043e+00 -5.6546e-02 -3.2266e+00 -2.3750e+00 +4.3871e+00
2 +1.138344549e+01 +1.138344549e+01 -1.403765545e+02 -1.403765545e+02 +2.8061e+00 +3.1973e+00 -1.5482e+00 -1.7014e+00 +4.5020e+00 +1.6146e-01 -3.6634e-02 -4.4544e+00 +3.4017e+00 +1.6902e+00
12 +8.089845413e+00 +8.089845413e+00 -1.436701546e+02 -1.436701546e+02 +4.1347e+00 +1.7911e+00 +1.4503e+00 +1.1595e+00 -2.2113e+00 +4.6035e+00 -2.1543e+00 +1.4904e+00 +4.5361e-01 -3.0616e-01
49 +5.935611755e+00 +5.935611755e+00 -1.458243882e+02 -1.458243882e+02 +3.4565e+00 -5.7273e-01 +4.8604e+00 -2.6575e+00 +3.1941e+00 -5.2781e-01 -2.7270e+00 -5.6517e-01 -1.9309e+00 +2.8688e+00
177 +3.694796820e+00 +3.694796820e+00 -1.480652032e+02 -1.480652032e+02 +4.8916e+00 -6.6576e-01 -3.3930e+00 -3.7592e-01 -3.1150e+00 -3.0878e+00 +1.1055e+00 +1.0791e-01 +5.6823e+00 -2.1165e+00
306 +2.415099911e+00 +2.415099911e+00 -1.493449001e+02 -1.493449001e+02 +3.7039e+00 +4.0910e-01 -2.1353e+00 -2.2670e+00 -1.7456e+00 +6.9907e-01 +3.7899e+00 -3.7415e+00 +4.8962e+00 +4.7365e+00
6830 +1.407626767e+00 +1.407626767e+00 -1.503523732e+02 -1.503523732e+02 +1.9242e-01 -2.0214e+00 +3.6173e+00 +5.1201e+00 -1.4221e+00 -8.2784e-01 +8.7938e-01 -1.5003e+00 +2.7807e+00 -2.0777e-01
84904 +9.804196203e-01 +9.804196203e-01 -1.507795804e+02 -1.507795804e+02 +1.7537e+00 -3.3461e+00 +5.1468e+00 -9.4791e-01 +1.3693e+00 +1.3744e+00 +1.6884e+00 -1.6750e+00 +6.3498e-01 +4.1121e+00
246936 +5.121270781e-01 +5.121270781e-01 -1.512478729e+02 -1.512478729e+02 -1.0070e+00 +6.8449e-01 +3.5295e+00 -6.1134e-01 +1.1069e+00 -6.0885e-01 +8.5493e-01 -2.6377e+00 -1.1036e+00 -8.2049e-01
287184 +3.769395533e-01 +3.769395533e-01 -1.513830604e+02 -1.513830604e+02 +5.6890e-01 +6.2055e-01 -9.5516e-01 +3.3442e-01 +2.4873e+00 -1.0098e-01 +3.8662e+00 -3.1777e-01 -2.8613e+00 -1.9528e+00
329013 +2.504948282e-01 +2.504948282e-01 -1.515095052e+02 -1.515095052e+02 +5.6803e-01 +6.1870e-01 -9.5400e-01 +3.3414e-01 +2.4894e+00 -9.8714e-02 +3.8697e+00 -3.1922e-01 -2.8617e+00 -1.9527e+00
% function evaluation | noise-free fitness - Fopt (6.680000000000e+01) | best noise-free fitness - Fopt | measured fitness | best measured fitness | x1 | x2...
1 +7.993264243e+00 +7.993264243e+00 +7.479326424e+01 +7.479326424e+01 +2.5964e+00 +2.3844e+00 +2.7635e+00 -4.7927e+00 +1.5751e+00 +7.8160e-01 -1.7006e+00 -4.6606e+00 -1.4838e+00 -2.7967e+00
40 +4.497407969e+00 +4.497407969e+00 +7.129740797e+01 +7.129740797e+01 +9.6900e-01 -3.1490e+00 -7.3592e-01 -2.9480e-01 +1.9724e+00 +1.3682e+00 -1.0335e+00 +4.5959e+00 +4.2206e+00 +2.6588e+00
111 +3.320487662e+00 +3.320487662e+00 +7.012048766e+01 +7.012048766e+01 +1.1700e+00 -1.2952e+00 -5.3725e+00 -6.1627e+00 -2.3634e+00 +4.9826e-01 +4.5035e+00 +6.3949e-01 -3.6493e+00 -2.2625e-01
5367 +2.456225285e+00 +2.456225285e+00 +6.925622529e+01 +6.925622529e+01 -2.4204e+00 +3.6732e+00 +7.7895e-01 +2.3962e+00 +3.5263e+00 -1.9630e+00 +1.0870e+00 +3.1956e+00 +5.1103e-01 +1.2747e+00
15382 +1.339739747e+00 +1.339739747e+00 +6.813973975e+01 +6.813973975e+01 +2.6493e+00 -3.3501e+00 +2.7176e+00 +2.8933e-01 -2.4529e+00 -1.5480e+00 -3.2250e+00 +1.9780e+00 +3.2623e+00 +1.1061e-01
52767 +7.177121503e-01 +7.177121503e-01 +6.751771215e+01 +6.751771215e+01 +1.4913e+00 -1.4169e+00 +1.0757e+00 -2.4443e+00 -2.3305e+00 -1.7282e+00 -2.8225e+00 -1.4660e+00 +1.1415e-01 +3.0716e+00
156396 +4.631011203e-01 +4.631011203e-01 +6.726310112e+01 +6.726310112e+01 +1.2044e+00 -3.6885e+00 +4.3956e+00 +1.1658e+00 -6.1989e-01 +1.7419e+00 +5.0574e-01 -2.1024e+00 +2.1531e+00 -1.7653e+00
380846 +3.666715585e-01 +3.666715585e-01 +6.716667156e+01 +6.716667156e+01 -2.4316e+00 +3.2237e+00 -1.8039e+00 +7.0079e-02 +3.6033e+00 +1.2174e+00 +6.6985e-01 +1.2754e+00 +1.5983e+00 -3.1601e+00
613313 +2.036617605e-01 +2.036617605e-01 +6.700366176e+01 +6.700366176e+01 -1.9510e+00 +1.9170e+00 -1.9591e+00 -7.2390e-01 +1.3970e+00 +3.5537e+00 -1.0616e+00 +1.4123e+00 +5.1577e-01 -2.9642e+00
974035 +1.583241765e-01 +1.583241765e-01 +6.695832418e+01 +6.695832418e+01 -5.0395e+00 -2.1251e-01 +8.4153e-01 -1.8497e+00 +2.6568e-01 -3.4344e-01 +4.1478e+00 -4.2348e+00 -3.7801e-03 +3.6471e+00
992642 +9.998534066e-02 +9.998534066e-02 +6.689998534e+01 +6.689998534e+01 -5.0404e+00 -2.1249e-01 +8.4153e-01 -1.8516e+00 +2.6515e-01 -3.4344e-01 +4.1459e+00 -4.2355e+00 -4.6745e-03 +3.6465e+00
% function evaluation | noise-free fitness - Fopt (9.625000000000e+01) | best noise-free fitness - Fopt | measured fitness | best measured fitness | x1 | x2...
1 +1.687377225e+01 +1.687377225e+01 +1.131237722e+02 +1.131237722e+02 -1.4324e+00 -2.4949e+00 -3.2019e+00 +1.8889e+00 +1.7415e+00 +5.2964e-01 +5.5986e-01 +4.7924e+00 -1.9823e+00 -2.0938e+00
3 +1.380204624e+01 +1.380204624e+01 +1.100520462e+02 +1.100520462e+02 +3.3724e+00 +2.6739e+00 +1.4281e+00 +4.6386e+00 -9.5472e-01 -4.0056e+00 -1.0145e+00 +2.4906e+00 +2.8083e+00 +3.9425e-01
10 +4.712206764e+00 +4.712206764e+00 +1.009622068e+02 +1.009622068e+02 +2.4132e+00 +4.4065e+00 +2.2268e+00 +4.0223e+00 +3.5705e+00 +2.7069e+00 +3.3230e+00 +5.8443e-01 +4.7076e+00 -1.9471e+00
18 +3.886320493e+00 +3.886320493e+00 +1.001363205e+02 +1.001363205e+02 -3.2127e+00 -1.2583e+00 +2.1885e+00 -2.0601e-01 -4.4503e+00 +8.8043e-01 +1.3441e+00 -2.7621e+00 +7.3598e-01 -3.0980e+00
2799 +2.216521115e+00 +2.216521115e+00 +9.846652112e+01 +9.846652112e+01 +4.7044e-02 -3.2320e+00 +2.5257e-01 +1.5248e-01 -2.3149e-01 -2.9298e-01 -1.4655e+00 +1.7154e-01 -6.1812e-01 +1.1394e+00
9038 +1.292427794e+00 +1.292427794e+00 +9.754242779e+01 +9.754242779e+01 -2.6102e+00 +2.8799e+00 +4.3744e+00 +2.6825e-02 +3.9512e-01 +3.3922e+00 +2.6302e+00 +1.9565e+00 -7.1556e-02 -4.0161e+00
107889 +9.057482234e-01 +9.057482234e-01 +9.715574822e+01 +9.715574822e+01 -2.5808e-01 -7.1017e-01 +2.5395e+00 +1.3724e-01 +2.0928e+00 +4.4123e+00 +2.0881e+00 +2.4390e-01 +4.2616e-01 -2.4056e+00
238641 +6.095217549e-01 +6.095217549e-01 +9.685952175e+01 +9.685952175e+01 +2.3339e-01 -2.5943e+00 +2.7042e+00 -7.1775e-01 -5.1073e+00 +3.4963e+00 -5.0393e+00 +1.1310e+00 -3.7677e+00 +1.7197e+00
339094 +3.470119256e-01 +3.470119256e-01 +9.659701193e+01 +9.659701193e+01 -2.6436e+00 -3.3670e-01 +3.7325e+00 +3.1515e+00 +2.5895e+00 +1.6602e+00 +3.8675e+00 -3.6161e+00 +2.2561e+00 -2.0486e+00
451112 +2.470187437e-01 +2.470187437e-01 +9.649701874e+01 +9.649701874e+01 -1.4786e+00 +3.1239e+00 -3.4628e+00 +5.8939e-01 +2.5256e+00 -4.0633e+00 +2.9301e-01 -3.2512e-01 +3.2904e+00 -1.2455e+00
% function evaluation | noise-free fitness - Fopt (1.467200000000e+02) | best noise-free fitness - Fopt | measured fitness | best measured fitness | x1 | x2...
1 +2.074220432e+01 +2.074220432e+01 +1.674622043e+02 +1.674622043e+02 +1.4241e+00 -2.6305e+00 -4.3069e+00 +3.0137e+00 +2.6027e+00 +7.3177e-01 -4.2822e+00 +4.3498e+00 +2.0915e+00 -2.3423e+00
4 +1.449514959e+01 +1.449514959e+01 +1.612151496e+02 +1.612151496e+02 +4.9647e+00 +1.9485e-01 +4.1252e+00 -3.4422e+00 +4.5878e+00 +3.7865e-01 +3.1091e+00 -4.0174e+00 -4.9436e+00 -3.1256e+00
6 +9.806808895e+00 +9.806808895e+00 +1.565268089e+02 +1.565268089e+02 +2.8738e+00 +3.3634e+00 +4.5721e+00 +2.2602e+00 -4.5219e+00 -3.7714e+00 +4.2067e+00 +2.6185e+00 -8.4797e-01 -2.4959e+00
34 +4.220810539e+00 +4.220810539e+00 +1.509408105e+02 +1.509408105e+02 -1.9302e+00 -4.5560e+00 -1.3229e+00 +4.9088e+00 -5.5677e-01 +1.5277e+00 -2.5139e+00 -2.9779e+00 -3.2138e+00 +3.2842e+00
857 +3.743046555e+00 +3.743046555e+00 +1.504630466e+02 +1.504630466e+02 +2.5224e+00 +2.3872e+00 +4.7815e-01 -3.8093e+00 -1.7474e+00 -3.7969e+00 +2.6552e+00 +2.6423e+00 +2.5197e+00 -1.4363e+00
5044 +1.145442357e+00 +1.145442357e+00 +1.478654424e+02 +1.478654424e+02 +3.0991e+00 +1.9570e+00 +2.1254e+00 +1.6917e-01 +2.6047e+00 +2.7391e+00 -3.6869e+00 +4.2483e-01 -1.1533e-01 +1.1353e+00
70179 +9.448211998e-01 +9.448211998e-01 +1.476648212e+02 +1.476648212e+02 -1.3972e+00 -3.2961e+00 -3.0393e+00 +1.7672e-01 +1.6689e+00 +2.4667e+00 +1.4080e+00 +3.5332e+00 +3.3929e+00 +3.3645e+00
146494 +6.157768500e-01 +6.157768500e-01 +1.473357769e+02 +1.473357769e+02 -8.6094e-01 +8.0228e-01 -2.2451e+00 +1.4546e+00 -1.4381e+00 +1.6947e+00 -3.1975e+00 -2.2473e-01 -1.8673e+00 +4.8070e+00
492124 +3.132331116e-01 +3.132331116e-01 +1.470332331e+02 +1.470332331e+02 -2.6383e+00 -3.4968e+00 +1.4540e+00 -2.7696e+00 -3.8668e-01 -6.6313e-01 +4.3793e+00 -6.1373e-02 +8.7566e-01 -1.3136e+00
655386 +2.356334361e-01 +2.356334361e-01 +1.469556334e+02 +1.469556334e+02 +1.7700e+00 +3.8449e-01 -1.6663e+00 -4.1031e+00 -2.2255e+00 -1.0693e+00 +2.2535e+00 +1.4980e+00 -2.5501e+00 +4.4878e+00
% function evaluation | noise-free fitness - Fopt (-5.919800000000e+02) | best noise-free fitness - Fopt | measured fitness | best measured fitness | x1 | x2...
1 +1.520664827e+01 +1.520664827e+01 -5.767733517e+02 -5.767733517e+02 -1.7606e+00 -2.2183e+00 -1.6162e+00 -2.9295e+00 -2.7313e+00 +8.0151e-01 -9.7084e-01 +3.9600e+00 +1.8268e+00 -8.7964e-01
3 +6.304154006e+00 +6.304154006e+00 -5.856758460e+02 -5.856758460e+02 +3.5472e+00 +4.2071e+00 +4.1566e+00 -1.0742e+00 +4.0667e+00 +4.4628e+00 +6.5518e-01 +4.9231e+00 +4.4217e+00 +1.7626e+00
350 +3.495652721e+00 +3.495652721e+00 -5.884843473e+02 -5.884843473e+02 +5.7247e+00 +2.8185e+00 -4.3556e+00 -1.3526e+00 +1.0201e+00 -1.4873e+00 +3.3582e+00 +9.8426e-01 -1.3698e+00 -1.1200e+00
8799 +2.062812202e+00 +2.062812202e+00 -5.899171878e+02 -5.899171878e+02 +4.4553e+00 +2.6024e+00 +1.1671e+00 -1.8048e+00 +2.7206e+00 +1.0265e-01 +4.8980e+00 -2.6223e-01 +3.5079e+00 +1.1695e-01
43962 +1.271591659e+00 +1.271591659e+00 -5.907084083e+02 -5.907084083e+02 +5.1015e+00 +1.7049e+00 +1.7846e-01 -1.0619e+00 -1.5759e+00 +2.1259e+00 +3.9495e+00 +1.1229e+00 +1.8586e+00 +5.7411e-01
158377 +9.704845559e-01 +9.704845559e-01 -5.910095154e+02 -5.910095154e+02 +3.7910e+00 -1.8450e+00 +3.6594e-01 +3.8197e+00 -9.2045e-01 +1.4851e+00 +1.7896e+00 +1.3377e+00 -3.8861e+00 -2.9020e+00
242153 +6.068395357e-01 +6.068395357e-01 -5.913731605e+02 -5.913731605e+02 -2.5532e+00 +8.3072e-01 -3.0584e+00 -1.4660e+00 +2.8051e+00 -6.3561e-01 +2.6900e+00 +1.7096e+00 +5.5573e-01 +1.9691e+00
406131 +3.974827366e-01 +3.974827366e-01 -5.915825173e+02 -5.915825173e+02 +2.4931e+00 -3.0988e+00 +6.2382e-01 +2.8982e+00 -3.9306e+00 +2.5764e+00 +1.6131e+00 +1.4735e+00 -2.3550e+00 -2.0426e+00
414424 +2.511692758e-01 +2.511692758e-01 -5.917288307e+02 -5.917288307e+02 +2.4931e+00 -3.0988e+00 +6.2157e-01 +2.9002e+00 -3.9312e+00 +2.5760e+00 +1.6149e+00 +1.4725e+00 -2.3561e+00 -2.0444e+00
% function evaluation | noise-free fitness - Fopt (7.429000000000e+01) | best noise-free fitness - Fopt | measured fitness | best measured fitness | x1 | x2...
1 +1.217949828e+01 +1.217949828e+01 +8.646949828e+01 +8.646949828e+01 +2.0859e+00 +9.8424e-01 +1.4492e+00 +3.8672e+00 -3.9133e+00 +3.2004e+00 +4.9169e-02 +1.9006e+00 -2.7679e+00 +7.1826e-01
2 +7.090572197e+00 +7.090572197e+00 +8.138057220e+01 +8.138057220e+01 +4.8497e+00 -3.1826e+00 +1.1878e+00 +3.8154e+00 -9.8281e-01 -7.9234e-01 +3.3736e+00 +4.4797e+00 +1.2877e+00 +6.8049e-01
38 +5.096891754e+00 +5.096891754e+00 +7.938689175e+01 +7.938689175e+01 -3.0052e+00 -3.8206e+00 -3.4939e+00 -3.8757e+00 -4.8541e+00 -3.7002e+00 +1.5488e+00 +3.2309e+00 -4.4417e+00 +4.1104e+00
1008 +3.588085163e+00 +3.588085163e+00 +7.787808516e+01 +7.787808516e+01 +6.1777e-02 -9.6631e-01 +3.6252e+00 +5.6413e+00 +1.8976e+00 +5.0681e+00 -3.6069e+00 -6.7136e-02 +2.4402e+00 +8.1040e-01
1009 +2.346151833e+00 +2.346151833e+00 +7.663615183e+01 +7.663615183e+01 -1.6519e+00 +8.6086e-01 +6.8048e-01 -3.2834e+00 +4.0886e+00 -3.9066e+00 +1.4065e+00 -9.6055e-01 -8.9902e-01 -3.0903e+00
11337 +1.459989219e+00 +1.459989219e+00 +7.574998922e+01 +7.574998922e+01 +1.6248e+00 -1.4466e+00 -1.1408e+00 +1.0605e+00 -7.6226e-01 -2.9097e+00 -2.3736e+00 +1.4571e+00 -3.7458e+00 +2.2366e-01
47299 +8.965413864e-01 +8.965413864e-01 +7.518654139e+01 +7.518654139e+01 -5.8869e-02 -3.2783e+00 -2.4315e+00 +2.6662e-01 +4.1140e+00 +2.7845e+00 +4.2500e+00 +1.2071e+00 +1.3906e+00 -3.3962e+00
362232 +6.090057842e-01 +6.090057842e-01 +7.489900578e+01 +7.489900578e+01 +2.6320e+00 +9.6008e-02 +2.5569e+00 -2.2961e+00 +4.5991e+00 +4.4544e+00 -1.2298e+00 -1.9423e+00 +9.5979e-01 -2.2517e+00
665350 +3.897422353e-01 +3.897422353e-01 +7.467974224e+01 +7.467974224e+01 +2.1716e+00 -4.1828e+00 +3.5124e+00 +2.5980e+00 -4.8525e-01 -1.2350e+00 +3.2823e-01 -1.1778e+00 +2.1905e+00 +1.0126e+00
923483 +2.169471611e-01 +2.169471611e-01 +7.450694716e+01 +7.450694716e+01 +7.3391e-01 -2.1044e+00 -6.4104e-01 -1.3354e+00 -2.8392e-01 -3.5422e+00 +3.5663e-01 -4.0357e-01 +7.4700e-01 -2.9309e+00
981957 +1.477551123e-01 +1.477551123e-01 +7.443775511e+01 +7.443775511e+01 -2.4332e+00 +1.6915e-01 -3.2260e+00 -1.7263e+00 +1.5035e+00 +3.4866e+00 +4.5923e+00 +2.0304e+00 -9.6460e-01 -4.4822e+00
% function evaluation | noise-free fitness - Fopt (-3.490000000000e+00) | best noise-free fitness - Fopt | measured fitness | best measured fitness | x1 | x2...
1 +2.505613667e+01 +2.505613667e+01 +2.156613667e+01 +2.156613667e+01 +3.1739e-01 -9.3169e-01 -1.4900e+00 -4.4807e+00 -1.1069e+00 +7.8678e-03 +4.3824e+00 +2.6112e+00 -2.7305e+00 +2.9173e+00
2 +1.306266453e+01 +1.306266453e+01 +9.572664530e+00 +9.572664530e+00 -3.0875e-01 -2.8442e+00 +4.5842e+00 +3.8768e+00 -3.6357e+00 -2.2007e+00 -1.0759e+00 -4.2084e+00 -1.5053e+00 -2.5688e+00
4 +6.733710540e+00 +6.733710540e+00 +3.243710540e+00 +3.243710540e+00 +2.8337e+00 +3.3024e+00 +1.8472e+00 +3.0521e+00 -1.0747e+00 +4.5873e+00 -4.4866e+00 +2.6345e+00 +4.5419e-01 -2.4116e+00
8 +4.521738286e+00 +4.521738286e+00 +1.031738286e+00 +1.031738286e+00 -2.2656e+00 +4.2056e+00 +2.7680e+00 -1.4819e+00 -3.2810e+00 +1.0584e+00 -1.8723e+00 -6.0897e-01 -2.5501e+00 -3.3573e-01
9 +2.982776097e+00 +2.982776097e+00 -5.072239033e-01 -5.072239033e-01 -4.2675e+00 -4.3356e+00 +3.8830e+00 +3.5975e+00 +4.2034e+00 +2.4927e+00 +3.7389e+00 -1.6657e+00 -2.2267e+00 -2.2006e+00
2732 +2.100503546e+00 +2.100503546e+00 -1.389496454e+00 -1.389496454e+00 +3.0948e+00 -2.3014e+00 +4.0141e+00 -2.6154e+00 -2.3939e+00 -3.2039e-02 +3.4961e+00 +4.5242e+00 -1.1272e-01 -1.6960e+00
36531 +1.253180931e+00 +1.253180931e+00 -2.236819069e+00 -2.236819069e+00 +3.3554e+00 +1.9534e+00 +4.3138e-01 +3.7056e+00 +4.6483e+00 -1.1054e+00 +5.3126e+00 -2.1095e+00 -1.6961e+00 -2.0661e+00
47808 +9.122059241e-01 +9.122059241e-01 -2.577794076e+00 -2.577794076e+00 -1.0317e+00 +2.7001e+00 +2.1075e+00 +9.1112e-01 +2.7907e+00 -3.3612e+00 +3.0095e-01 +1.8188e+00 +6.1831e-01 +1.8804e+00
323708 +6.062355487e-01 +6.062355487e-01 -2.883764451e+00 -2.883764451e+00 +7.8390e-02 -2.5009e+00 +1.4804e+00 -2.1015e+00 +4.3853e+00 -5.9905e-01 +5.9853e-01 -1.3026e+00 -2.7151e+00 +4.5899e-01
493906 +3.338985444e-01 +3.338985444e-01 -3.156101456e+00 -3.156101456e+00 -2.3751e+00 -1.7421e+00 -4.8436e-02 -1.3491e+00 +2.8083e-01 -2.3773e+00 +1.9322e+00 -3.0261e-01 -1.9595e+00 +3.4019e+00
674816 +2.505620568e-01 +2.505620568e-01 -3.239437943e+00 -3.239437943e+00 +6.5290e-01 -6.2236e-02 +3.6215e-01 -1.3120e+00 +1.7145e+00 -1.0108e+00 +8.1392e-01 -2.0084e-01 -8.6556e-02 +2.0445e+00
680892 +1.507065199e-01 +1.507065199e-01 -3.339293480e+00 -3.339293480e+00 +6.5290e-01 -6.2236e-02 +3.5733e-01 -1.3132e+00 +1.7152e+00 -1.0065e+00 +8.1897e-01 -2.0200e-01 -8.5169e-02 +2.0445e+00
682120 +9.925567086e-02 +9.925567086e-02 -3.390744329e+00 -3.390744329e+00 +6.5290e-01 -6.2236e-02 +3.5783e-01 -1.2951e+00 +1.7113e+00 -1.0106e+00 +8.2068e-01 -1.9684e-01 -7.8617e-02 +2.0445e+00
682467 +6.196834886e-02 +6.196834886e-02 -3.428031651e+00 -3.428031651e+00 +6.5290e-01 -6.2236e-02 +3.5816e-01 -1.2815e+00 +1.7079e+00 -1.0138e+00 +8.2214e-01 -1.9293e-01 -7.3475e-02 +2.0445e+00
682949 +3.860790525e-02 +3.860790525e-02 -3.451392095e+00 -3.451392095e+00 +6.5290e-01 -6.2236e-02 +3.5798e-01 -1.2761e+00 +1.7061e+00 -1.0149e+00 +8.2321e-01 -1.9157e-01 -7.1859e-02 +2.0445e+00
683876 +2.489454508e-02 +2.489454508e-02 -3.465105455e+00 -3.465105455e+00 +6.5290e-01 -6.2236e-02 +3.5851e-01 -1.2760e+00 +1.7061e+00 -1.0150e+00 +8.2288e-01 -1.9155e-01 -7.2360e-02 +2.0445e+00
% function evaluation | noise-free fitness - Fopt (-1.283000000000e+01) | best noise-free fitness - Fopt | measured fitness | best measured fitness | x1 | x2...
1 +1.483529300e+01 +1.483529300e+01 +2.005293000e+00 +2.005293000e+00 -2.9295e+00 +1.5631e+00 -3.6216e+00 +1.1778e+00 +2.9567e+00 +1.2399e+00 -1.3541e+00 -3.6223e+00 +2.3095e+00 -3.7208e+00
10 +9.408238736e+00 +9.408238736e+00 -3.421761264e+00 -3.421761264e+00 -2.7278e+00 -1.3155e+00 +1.3244e+00 -1.6316e-01 +2.0143e+00 -2.8854e+00 -2.4585e-02 +1.4534e+00 +4.9942e+00 +3.1283e+00
27 +5.266413916e+00 +5.266413916e+00 -7.563586084e+00 -7.563586084e+00 +1.2513e+00 -4.0408e+00 +2.3564e+00 +1.6949e-01 -2.8080e+00 +2.3044e+00 -2.9024e+00 +2.5133e+00 +1.7943e+00 +8.8637e-01
419 +3.791348054e+00 +3.791348054e+00 -9.038651946e+00 -9.038651946e+00 +4.0839e-01 -2.0612e+00 +1.4082e+00 -7.3565e-01 -1.3547e+00 -1.0766e-01 +3.1422e+00 +3.7530e+00 +5.7563e-01 +5.8578e-02
4125 +2.366108064e+00 +2.366108064e+00 -1.046389194e+01 -1.046389194e+01 -2.0267e-01 -1.5919e+00 +3.7279e-01 +4.0008e-01 +2.5542e+00 -2.2862e+00 -1.1639e-01 -5.1676e+00 -6.5346e-01 +4.4781e+00
8697 +1.480260927e+00 +1.480260927e+00 -1.134973907e+01 -1.134973907e+01 +1.0467e+00 +1.8631e+00 +4.1274e+00 +2.7360e+00 +2.3516e+00 -2.6534e+00 -3.0425e+00 +3.6583e+00 -1.9329e+00 +3.0495e-01
78386 +8.309179789e-01 +8.309179789e-01 -1.199908202e+01 -1.199908202e+01 +1.0270e+00 +7.9623e-01 -4.8530e-01 -2.2089e+00 -2.1267e+00 -7.6917e-01 -4.1018e+00 +2.9747e+00 +2.5736e+00 -2.6827e-01
183707 +5.313773222e-01 +5.313773222e-01 -1.229862268e+01 -1.229862268e+01 -1.7751e+00 +2.8543e+00 +1.0397e+00 -1.7737e+00 +2.1456e-01 +3.6454e+00 -9.6654e-01 -1.1289e+00 -3.1480e+00 +5.2241e+00
412189 +3.478726125e-01 +3.478726125e-01 -1.248212739e+01 -1.248212739e+01 +2.2776e-01 +3.4241e+00 +1.8063e-01 -1.4560e+00 -3.3358e+00 +3.5821e+00 +9.9602e-01 +1.0600e-01 -3.1300e+00 +2.5572e+00
678486 +2.336813794e-01 +2.336813794e-01 -1.259631862e+01 -1.259631862e+01 -1.1758e+00 -1.1840e-01 +7.2105e-01 -1.4684e+00 -2.1017e+00 +3.5598e+00 +1.7482e+00 -4.0719e+00 +2.5993e+00 +1.5773e+00
