% function evaluation | noise-free fitness - Fopt (6.870000000000e+00) | best noise-free fitness - Fopt | measured fitness | best measured fitness | x1 | x2...
1 +2.439773891e+01 +2.439773891e+01 +3.126773891e+01 +3.126773891e+01 -1.2065e+00 -1.8989e+00 +2.7292e+00 -1.2515e+00 +1.8089e+00
4 +1.146562865e+01 +1.146562865e+01 +1.833562865e+01 +1.833562865e+01 +2.6265e+00 -3.8435e+00 +2.5902e-01 -2.6345e-01 +2.6659e+00
11 +9.968353954e+00 +9.968353954e+00 +1.683835395e+01 +1.683835395e+01 +2.4382e+00 +1.7618e-01 +1.2743e+00 +6.1451e-01 -2.8709e+00
29 +4.201359559e+00 +4.201359559e+00 +1.107135956e+01 +1.107135956e+01 +2.8248e+00 +1.3809e+00 +1.8591e+00 -8.8100e-01 -3.9749e+00
443 +3.832195190e+00 +3.832195190e+00 +1.070219519e+01 +1.070219519e+01 +4.4654e+00 +6.7249e-01 +7.1954e-02 -3.7580e-01 -1.5896e+00
858 +2.125953030e+00 +2.125953030e+00 +8.995953030e+00 +8.995953030e+00 -8.6112e-02 -1.6595e+00 -1.4678e+00 -3.8088e+00 -1.1403e+00
2012 +1.063135004e+00 +1.063135004e+00 +7.933135004e+00 +7.933135004e+00 +6.3414e-01 +2.1639e+00 -3.0876e+00 -3.0852e+00 -2.1591e+00
3976 +6.425890088e-01 +6.425890088e-01 +7.512589009e+00 +7.512589009e+00 -2.0887e+00 +2.7458e+00 -2.0886e+00 -3.1568e+00 +6.4959e-01
7438 +5.354085091e-01 +5.354085091e-01 +7.405408509e+00 +7.405408509e+00 +2.5095e+00 +5.4719e-01 -2.0411e+00 -3.7134e+00 -3.1180e+00
12266 +2.471749300e-01 +2.471749300e-01 +7.117174930e+00 +7.117174930e+00 +3.0608e+00 -3.7127e-01 +2.4274e+00 -9.8442e-01 +6.4728e-03
24145 +1.481440907e-01 +1.481440907e-01 +7.018144091e+00 +7.018144091e+00 +2.3564e+00 +1.8354e+00 -1.2539e+00 -7.6065e-01 -3.2244e-01
32630 +7.100044031e-02 +7.100044031e-02 +6.941000440e+00 +6.941000440e+00 +1.0081e+00 -5.9250e-01 -3.7184e+00 -1.7654e+00 -3.5031e+00
38772 +4.754925675e-02 +4.754925675e-02 +6.917549257e+00 +6.917549257e+00 +4.1615e-02 -2.6007e-01 -2.6393e+00 -3.1426e+00 -9.7698e-01
40392 +1.562647180e-02 +1.562647180e-02 +6.885626472e+00 +6.885626472e+00 +1.7670e+00 +5.1859e-01 -4.2440e-01 -6.0672e-01 -2.9251e+00
65254 +8.580626376e-03 +8.580626376e-03 +6.878580626e+00 +6.878580626e+00 +8.0343e-01 +1.2325e+00 +1.4560e+00 -1.8402e+00 -1.7795e+00
69255 +6.201411912e-03 +6.201411912e-03 +6.876201412e+00 +6.876201412e+00 +2.3887e+00 +1.1909e+00 -2.9153e-01 -1.9983e+00 -7.4447e-01
75761 +3.696004718e-03 +3.696004718e-03 +6.873696005e+00 +6.873696005e+00 +1.8216e+00 +2.6227e+00 +1.4928e+00 -2.0613e+00 -9.9767e-01
88004 +2.329184313e-03 +2.329184313e-03 +6.872329184e+00 +6.872329184e+00 +1.2529e+00 +2.2813e+00 +8.8382e-01 -3.6925e+00 +1.2926e+00
97874 +1.351472602e-03 +1.351472602e-03 +6.871351473e+00 +6.871351473e+00 +1.6298e+00 +9.1045e-01 -3.8664e-01 -1.5853e+00 -1.7313e+00
102283 +7.328043778e-04 +7.328043778e-04 +6.870732804e+00 +6.870732804e+00 +1.0532e+00 -1.2773e+00 +1.1057e+00 -1.2992e+00 -1.3841e+00
110130 +6.072239183e-04 +6.072239183e-04 +6.870607224e+00 +6.870607224e+00 +1.5282e+00 -2.8346e+00 +5.8139e-01 +8.2134e-01 -3.9883e+00
112203 +3.456255156e-04 +3.456255156e-04 +6.870345626e+00 +6.870345626e+00 +2.2815e-01 -4.7637e-01 +2.1358e+00 -3.0399e+00 +5.7315e-01
119357 +1.958811046e-04 +1.958811046e-04 +6.870195881e+00 +6.870195881e+00 +7.3291e-01 -8.4867e-01 +1.3733e+00 -2.3764e+00 +2.0707e-01
130946 +1.568911224e-04 +1.568911224e-04 +6.870156891e+00 +6.870156891e+00 -9.8304e-01 -3.3273e+00 +3.0199e+00 -3.3305e+00 +1.5629e+00
139125 +9.279043750e-05 +9.279043750e-05 +6.870092790e+00 +6.870092790e+00 +2.8339e-01 -9.8588e-01 +2.1959e+00 -2.9260e+00 +7.9886e-01
145704 +5.630600276e-05 +5.630600276e-05 +6.870056306e+00 +6.870056306e+00 -4.0956e-01 -1.9493e+00 +2.2920e+00 -3.8312e+00 +2.5746e+00
155320 +3.706592008e-05 +3.706592008e-05 +6.870037066e+00 +6.870037066e+00 +8.3005e-01 +2.2343e+00 -3.1286e-01 -3.4446e+00 +2.0478e-01
161077 +2.411888673e-05 +2.411888673e-05 +6.870024119e+00 +6.870024119e+00 +2.4516e+00 +1.7930e+00 +3.3603e-01 -4.4321e-01 -3.5037e+00
161156 +1.005192626e-05 +1.005192626e-05 +6.870010052e+00 +6.870010052e+00 +1.9027e+00 +1.5113e+00 -7.9922e-02 -1.1451e+00 -2.5542e+00
170213 +6.087553616e-06 +6.087553616e-06 +6.870006088e+00 +6.870006088e+00 +1.9340e+00 +2.5212e+00 +2.9746e-01 -1.8667e+00 -1.7657e+00
186873 +2.720144629e-06 +2.720144629e-06 +6.870002720e+00 +6.870002720e+00 +8.2009e-01 -9.1445e-01 +1.4998e+00 -1.7953e+00 -8.8886e-01
195026 +2.319602632e-06 +2.319602632e-06 +6.870002320e+00 +6.870002320e+00 +2.1613e+00 +2.6469e+00 +3.7199e-01 -9.2353e-01 -3.6741e+00
202099 +1.528552914e-06 +1.528552914e-06 +6.870001529e+00 +6.870001529e+00 +1.3695e+00 +1.0112e+00 +8.4853e-01 -1.6991e+00 -1.8294e+00
208497 +9.942500583e-07 +9.942500583e-07 +6.870000994e+00 +6.870000994e+00 +1.3368e+00 +1.1592e+00 +1.1593e+00 -1.7638e+00 -1.8997e+00
213458 +2.591536772e-07 +2.591536772e-07 +6.870000259e+00 +6.870000259e+00 +1.2986e+00 +1.0066e+00 +3.1738e-01 -2.1954e+00 -7.6225e-01
228926 +2.064414435e-07 +2.064414435e-07 +6.870000206e+00 +6.870000206e+00 +1.0158e+00 -1.7568e+00 +1.0666e+00 -2.2091e+00 +1.2264e+00
230989 +1.508977565e-07 +1.508977565e-07 +6.870000151e+00 +6.870000151e+00 +1.6014e+00 +1.0426e+00 -4.1274e-01 -1.2122e+00 -2.4875e+00
239769 +4.776990092e-08 +4.776990092e-08 +6.870000048e+00 +6.870000048e+00 +1.0782e+00 +2.3662e-02 +7.0740e-01 -1.9854e+00 -7.7975e-01
253027 +3.594239040e-08 +3.594239040e-08 +6.870000036e+00 +6.870000036e+00 +1.7925e+00 +1.0198e+00 +1.1509e-01 -1.0400e+00 -2.5629e+00
256985 +1.636532865e-08 +1.636532865e-08 +6.870000016e+00 +6.870000016e+00 +1.6361e+00 +1.6239e+00 +1.9691e-01 -1.3572e+00 -2.6620e+00
260971 +7.045218631e-09 +7.045218631e-09 +6.870000007e+00 +6.870000007e+00 +1.3745e+00 +1.1144e+00 +7.5698e-01 -1.7438e+00 -1.8081e+00
% function evaluation | noise-free fitness - Fopt (1.000000000000e-02) | best noise-free fitness - Fopt | measured fitness | best measured fitness | x1 | x2...
1 +2.761530596e+01 +2.761530596e+01 +2.762530596e+01 +2.762530596e+01 +4.3085e-01 +3.7100e+00 +2.6766e-01 -2.4489e+00 -2.9309e+00
2 +2.211475867e+01 +2.211475867e+01 +2.212475867e+01 +2.212475867e+01 -4.2762e+00 -1.7332e+00 -2.7907e+00 -1.8949e-01 -6.8646e-01
3 +1.374153980e+01 +1.374153980e+01 +1.375153980e+01 +1.375153980e+01 +3.9187e+00 -3.3868e+00 +3.6872e+00 -3.5198e+00 -1.0824e+00
7 +6.136145926e+00 +6.136145926e+00 +6.146145926e+00 +6.146145926e+00 +2.9824e+00 -4.6089e+00 +8.4609e-01 -2.6113e-01 +3.4274e+00
15 +3.348264035e+00 +3.348264035e+00 +3.358264035e+00 +3.358264035e+00 +2.2612e+00 +3.3270e+00 +4.0717e+00 -3.6639e+00 +1.7085e+00
334 +1.471547848e+00 +1.471547848e+00 +1.481547848e+00 +1.481547848e+00 +9.9964e-01 +2.1283e+00 +2.1030e-01 -1.1008e+00 -1.9706e+00
3140 +5.209503313e-01 +5.209503313e-01 +5.309503313e-01 +5.309503313e-01 +3.7090e+00 -3.1459e+00 +3.2719e+00 -8.6088e-01 -3.0141e+00
20718 +3.596930193e-01 +3.596930193e-01 +3.696930193e-01 +3.696930193e-01 +4.5847e+00 -7.8406e-01 +2.2749e+00 -1.3003e+00 -1.4585e+00
20977 +1.722899462e-01 +1.722899462e-01 +1.822899462e-01 +1.822899462e-01 +7.4804e-01 +1.0800e+00 +4.9315e-01 -1.5264e+00 -2.6474e+00
29098 +1.352978556e-01 +1.352978556e-01 +1.452978556e-01 +1.452978556e-01 +9.2966e-01 +2.7562e+00 +5.5551e-01 +3.6421e+00 -1.7833e+00
35465 +8.341294068e-02 +8.341294068e-02 +9.341294068e-02 +9.341294068e-02 +1.7281e+00 +4.3100e-01 +1.5203e-01 +2.0375e+00 +7.7767e-01
52892 +6.252038769e-02 +6.252038769e-02 +7.252038769e-02 +7.252038769e-02 +4.1168e+00 +2.5956e+00 -2.2649e+00 +1.6660e-01 +3.2471e-01
58477 +3.069637683e-02 +3.069637683e-02 +4.069637683e-02 +4.069637683e-02 +2.6127e-01 -1.2112e+00 -1.4389e+00 +1.5592e+00 +1.4636e+00
67295 +2.455685486e-02 +2.455685486e-02 +3.455685486e-02 +3.455685486e-02 -1.6981e-01 -1.0374e+00 -3.0146e-01 -2.3657e+00 +6.0363e-01
74911 +1.198505888e-02 +1.198505888e-02 +2.198505888e-02 +2.198505888e-02 +2.2772e-01 -4.9182e-01 -2.4135e+00 -4.4338e-02 +2.5579e+00
83559 +6.756460816e-03 +6.756460816e-03 +1.675646082e-02 +1.675646082e-02 -7.2557e-02 -1.4725e-01 +2.7271e-01 -1.4761e+00 -1.4000e+00
86629 +5.547013804e-03 +5.547013804e-03 +1.554701380e-02 +1.554701380e-02 +4.0321e+00 +2.9532e-01 -3.8547e+00 -1.0026e+00 +7.7554e-01
93495 +3.938571131e-03 +3.938571131e-03 +1.393857113e-02 +1.393857113e-02 +9.7415e-01 +2.0918e-02 -1.1572e+00 +8.0419e-01 -7.2844e-01
100175 +2.414738071e-03 +2.414738071e-03 +1.241473807e-02 +1.241473807e-02 +3.4330e-01 +2.8458e-01 -2.5419e+00 -1.0144e+00 +2.0877e-01
113157 +1.250825087e-03 +1.250825087e-03 +1.125082509e-02 +1.125082509e-02 +1.4394e+00 +1.0140e+00 -3.9824e+00 +2.2980e+00 +8.7762e-02
117371 +8.100775207e-04 +8.100775207e-04 +1.081007752e-02 +1.081007752e-02 +1.1004e+00 +1.3129e+00 -2.3061e+00 +3.0525e+00 -1.9404e+00
125515 +5.963466803e-04 +5.963466803e-04 +1.059634668e-02 +1.059634668e-02 +1.2685e+00 +4.1556e-01 -2.8222e+00 +3.9890e-01 +1.1823e+00
135123 +3.970376285e-04 +3.970376285e-04 +1.039703763e-02 +1.039703763e-02 -1.3273e+00 +9.9189e-01 -3.0747e+00 -2.1412e+00 +3.1218e-01
142320 +1.932047166e-04 +1.932047166e-04 +1.019320472e-02 +1.019320472e-02 +1.1187e-01 +1.5462e+00 -2.4724e+00 +2.4271e+00 -2.4406e+00
145062 +8.318717378e-05 +8.318717378e-05 +1.008318717e-02 +1.008318717e-02 +4.0700e-01 +1.1083e+00 -2.7821e+00 +1.9415e+00 -1.7330e+00
157171 +5.581854752e-05 +5.581854752e-05 +1.005581855e-02 +1.005581855e-02 +5.3739e-01 +6.8512e-01 -6.3401e-01 +3.5978e+00 -3.2382e+00
164305 +3.791047528e-05 +3.791047528e-05 +1.003791048e-02 +1.003791048e-02 +7.2342e-01 +1.0085e+00 -1.7134e+00 +1.6376e+00 -9.4756e-01
169171 +1.568449065e-05 +1.568449065e-05 +1.001568449e-02 +1.001568449e-02 +2.8603e-01 +1.5226e+00 -2.5184e+00 +1.5234e+00 -1.1551e+00
178182 +9.542583447e-06 +9.542583447e-06 +1.000954258e-02 +1.000954258e-02 +8.9779e-01 +1.0437e+00 -1.4253e+00 +1.7857e+00 -1.1066e+00
191162 +4.938637057e-06 +4.938637057e-06 +1.000493864e-02 +1.000493864e-02 +6.7311e-01 -6.2523e-01 -1.2531e+00 -1.6012e+00 +9.7164e-01
196278 +3.310925480e-06 +3.310925480e-06 +1.000331093e-02 +1.000331093e-02 -2.4492e-01 +4.7999e-01 -1.9362e+00 -5.3679e-01 -9.3784e-01
202109 +1.648218141e-06 +1.648218141e-06 +1.000164822e-02 +1.000164822e-02 +2.8533e-01 +1.8219e+00 -2.0351e+00 +2.3855e+00 -2.3508e+00
208910 +1.527300817e-06 +1.527300817e-06 +1.000152730e-02 +1.000152730e-02 +5.0565e-02 +1.2143e+00 -1.9280e+00 +1.1733e+00 -1.7866e+00
220750 +8.031267771e-07 +8.031267771e-07 +1.000080313e-02 +1.000080313e-02 -2.6293e-01 -2.0027e-01 -1.7110e+00 -1.0603e+00 -4.5506e-01
223906 +5.026728067e-07 +5.026728067e-07 +1.000050267e-02 +1.000050267e-02 +7.4453e-01 -3.1801e-01 -2.0077e-01 +2.3744e-01 -6.0416e-01
226648 +2.867504265e-07 +2.867504265e-07 +1.000028675e-02 +1.000028675e-02 +6.4366e-01 +3.6528e-01 +9.3559e-02 +2.0422e+00 -2.2555e+00
237483 +2.322020729e-07 +2.322020729e-07 +1.000023220e-02 +1.000023220e-02 +7.5089e-03 -5.5122e-01 -1.4260e-01 +5.4735e-01 -1.8582e+00
241995 +1.418436170e-07 +1.418436170e-07 +1.000014184e-02 +1.000014184e-02 +6.0776e-01 +4.0156e-01 +1.9602e-01 +2.3479e+00 -2.5921e+00
249684 +9.628101987e-08 +9.628101987e-08 +1.000009628e-02 +1.000009628e-02 +1.1551e+00 -5.8595e-01 +1.0078e+00 +2.0645e+00 -1.7097e+00
253633 +5.119900335e-08 +5.119900335e-08 +1.000005120e-02 +1.000005120e-02 +8.2892e-01 +4.1158e-01 -3.0412e-03 +2.2222e+00 -2.0272e+00
263299 +2.741942060e-08 +2.741942060e-08 +1.000002742e-02 +1.000002742e-02 -1.6032e-01 +4.5881e-01 -1.3359e+00 +1.3707e-01 -1.4410e+00
266165 +1.844800250e-08 +1.844800250e-08 +1.000001845e-02 +1.000001845e-02 -1.0057e+00 +4.3056e-01 -2.5246e+00 -1.8508e+00 -7.5733e-01
271965 +1.492103347e-08 +1.492103347e-08 +1.000001492e-02 +1.000001492e-02 +1.9620e+00 +2.8887e-01 +1.4741e+00 +4.4047e+00 -2.5157e+00
282848 +9.811362034e-09 +9.811362034e-09 +1.000000981e-02 +1.000000981e-02 +1.7487e+00 -4.4302e-01 +1.8055e+00 +3.5522e+00 -2.2519e+00
% function evaluation | noise-free fitness - Fopt (-1.306100000000e+02) | best noise-free fitness - Fopt | measured fitness | best measured fitness | x1 | x2...
1 +2.848029577e+01 +2.848029577e+01 -1.021297042e+02 -1.021297042e+02 +4.8591e+00 -3.1773e+00 -2.0372e+00 +4.3041e+00 -1.4171e+00
2 +2.249837329e+01 +2.249837329e+01 -1.081116267e+02 -1.081116267e+02 -4.2716e+00 -3.0934e+00 -5.4774e-01 +3.7213e+00 +1.9223e+00
3 +1.388962866e+01 +1.388962866e+01 -1.167203713e+02 -1.167203713e+02 +7.9098e-01 +4.7073e-01 -2.7275e+00 +4.3917e+00 -3.4256e+00
8 +8.821125626e+00 +8.821125626e+00 -1.217888744e+02 -1.217888744e+02 +4.8886e+00 +4.7485e+00 -4.3523e+00 +3.7209e+00 +1.5512e+00
22 +5.070148833e+00 +5.070148833e+00 -1.255398512e+02 -1.255398512e+02 +4.1831e+00 +1.1222e-01 -3.4434e+00 -3.6634e+00 -2.6874e+00
38 +2.926056839e+00 +2.926056839e+00 -1.276839432e+02 -1.276839432e+02 -1.7644e+00 +3.7865e+00 -2.2107e+00 -3.9490e+00 +1.5109e-01
475 +1.694385870e+00 +1.694385870e+00 -1.289156141e+02 -1.289156141e+02 +6.3335e-01 +1.4126e+00 -7.1786e-01 -3.5339e+00 +4.9095e+00
5661 +1.183475547e+00 +1.183475547e+00 -1.294265245e+02 -1.294265245e+02 -3.7133e-01 +3.6112e+00 -2.6448e+00 -3.8682e+00 -2.6696e+00
7439 +7.126272750e-01 +7.126272750e-01 -1.298973727e+02 -1.298973727e+02 -1.5390e+00 +2.8596e+00 +3.0975e+00 -3.5994e+00 +2.1491e+00
11672 +6.093134862e-01 +6.093134862e-01 -1.300006865e+02 -1.300006865e+02 +4.0533e-01 +4.5845e+00 +3.2007e-01 -4.3906e+00 -6.0309e-01
14101 +3.689326850e-01 +3.689326850e-01 -1.302410673e+02 -1.302410673e+02 -2.7281e+00 +1.1328e+00 +3.9609e+00 -4.1220e+00 +8.5845e-02
17230 +1.558920947e-01 +1.558920947e-01 -1.304541079e+02 -1.304541079e+02 +5.0779e-01 +1.7478e+00 -2.8743e+00 -4.0345e+00 -3.7334e-01
26068 +8.844264828e-02 +8.844264828e-02 -1.305215574e+02 -1.305215574e+02 +2.3232e+00 +3.7521e+00 -1.3619e+00 -1.3250e+00 -1.2059e+00
36861 +4.780953750e-02 +4.780953750e-02 -1.305621905e+02 -1.305621905e+02 +4.2803e-01 -2.6460e-01 -4.5570e-01 +1.1587e+00 -8.8034e-01
39138 +2.825520657e-02 +2.825520657e-02 -1.305817448e+02 -1.305817448e+02 -7.0697e-01 -1.7357e+00 +3.7246e+00 +3.2468e+00 +1.5958e-01
52421 +2.458283394e-02 +2.458283394e-02 -1.305854172e+02 -1.305854172e+02 -2.6215e+00 -2.2133e+00 +4.3189e+00 +4.4688e+00 +1.8529e+00
54460 +1.085972036e-02 +1.085972036e-02 -1.305991403e+02 -1.305991403e+02 -1.6171e+00 +1.3042e+00 -3.2349e+00 -1.8863e+00 +2.9303e+00
63831 +9.948727030e-03 +9.948727030e-03 -1.306000513e+02 -1.306000513e+02 -2.3246e+00 -1.5843e+00 -9.3779e-01 +1.5856e+00 +1.8800e-01
72499 +2.923157185e-03 +2.923157185e-03 -1.306070768e+02 -1.306070768e+02 -3.2628e+00 -8.1601e-01 -2.4784e+00 -6.1396e-01 +4.1513e+00
87493 +2.411531326e-03 +2.411531326e-03 -1.306075885e+02 -1.306075885e+02 -1.3637e+00 +2.6289e-01 -1.6961e+00 +2.4321e+00 +3.7972e-01
90504 +1.567329609e-03 +1.567329609e-03 -1.306084327e+02 -1.306084327e+02 -7.9696e-01 +1.1827e+00 -1.8469e+00 +2.9220e+00 -3.9327e-01
97432 +7.840289226e-04 +7.840289226e-04 -1.306092160e+02 -1.306092160e+02 -2.9337e+00 -3.2959e+00 -4.7672e-01 -1.4132e+00 +2.9836e+00
105523 +4.594394707e-04 +4.594394707e-04 -1.306095406e+02 -1.306095406e+02 -2.2501e+00 -1.6682e+00 -1.6367e+00 -4.9826e-01 +2.2604e+00
106132 +3.266821981e-04 +3.266821981e-04 -1.306096733e+02 -1.306096733e+02 -1.5655e+00 +2.5692e-01 -2.0037e+00 -3.2884e-01 +2.6015e+00
120640 +1.476724312e-04 +1.476724312e-04 -1.306098523e+02 -1.306098523e+02 -3.5311e+00 -4.2167e+00 -4.4597e-01 -1.7507e+00 +3.8629e+00
132830 +6.750588409e-05 +6.750588409e-05 -1.306099325e+02 -1.306099325e+02 -9.2749e-01 +1.3487e+00 -2.7311e+00 +3.2212e-01 +1.5597e+00
141621 +6.255854862e-05 +6.255854862e-05 -1.306099374e+02 -1.306099374e+02 -7.5379e-01 +2.0239e+00 -2.9323e+00 +1.1830e+00 +1.0603e+00
147249 +1.632931082e-05 +1.632931082e-05 -1.306099837e+02 -1.306099837e+02 -1.7453e+00 -5.2064e-01 -1.5150e+00 -9.5936e-01 +2.5739e+00
160527 +1.559738331e-05 +1.559738331e-05 -1.306099844e+02 -1.306099844e+02 -2.1902e+00 -1.2607e+00 -1.7303e+00 -8.5908e-01 +2.4534e+00
162265 +6.650857529e-06 +6.650857529e-06 -1.306099933e+02 -1.306099933e+02 -2.9308e+00 -3.2273e+00 -5.7991e-02 -2.5993e+00 +3.5742e+00
168224 +5.206933679e-06 +5.206933679e-06 -1.306099948e+02 -1.306099948e+02 -1.9760e+00 -8.2461e-01 -1.7113e+00 -1.1385e-01 +1.8942e+00
174908 +3.430135251e-06 +3.430135251e-06 -1.306099966e+02 -1.306099966e+02 -2.2860e+00 -1.9751e+00 -4.3553e-01 -2.4527e+00 +3.4929e+00
184296 +1.826931509e-06 +1.826931509e-06 -1.306099982e+02 -1.306099982e+02 -2.9363e+00 -3.1392e+00 -6.0905e-01 -1.7821e+00 +3.0015e+00
187985 +1.240383853e-06 +1.240383853e-06 -1.306099988e+02 -1.306099988e+02 -1.8682e+00 -1.8180e+00 -1.0823e-01 -1.6621e+00 +2.6083e+00
195120 +9.846746138e-07 +9.846746138e-07 -1.306099990e+02 -1.306099990e+02 -2.6085e+00 -1.3955e+00 -2.6096e+00 +8.8490e-01 +1.4875e+00
205461 +4.885716010e-07 +4.885716010e-07 -1.306099995e+02 -1.306099995e+02 -1.3542e+00 +1.0206e+00 -3.1896e+00 +9.4794e-01 +1.3267e+00
212109 +2.588295445e-07 +2.588295445e-07 -1.306099997e+02 -1.306099997e+02 -1.7259e+00 -3.3288e-01 -1.9062e+00 -5.7519e-01 +2.2529e+00
219493 +1.990862870e-07 +1.990862870e-07 -1.306099998e+02 -1.306099998e+02 -1.3762e+00 +5.3071e-01 -3.0081e+00 +8.2422e-01 +1.0917e+00
222123 +1.360735098e-07 +1.360735098e-07 -1.306099999e+02 -1.306099999e+02 -1.4784e+00 -1.4330e-01 -2.3109e+00 -7.7609e-01 +2.0557e+00
226420 +8.877645996e-08 +8.877645996e-08 -1.306099999e+02 -1.306099999e+02 -1.6793e+00 -4.3125e-01 -1.5701e+00 -8.8160e-01 +2.4658e+00
237706 +5.272127623e-08 +5.272127623e-08 -1.306099999e+02 -1.306099999e+02 -1.4053e+00 +3.8427e-01 -1.4572e+00 -1.6346e+00 +3.2847e+00
243646 +3.402490734e-08 +3.402490734e-08 -1.306100000e+02 -1.306100000e+02 -1.5021e+00 +4.9272e-01 -2.7820e+00 +4.7791e-01 +1.5806e+00
248033 +2.174604674e-08 +2.174604674e-08 -1.306100000e+02 -1.306100000e+02 -1.4996e+00 +8.0523e-01 -1.9814e+00 -8.8045e-01 +3.0673e+00
253796 +1.464778165e-08 +1.464778165e-08 -1.306100000e+02 -1.306100000e+02 -1.5595e+00 +8.5662e-01 -1.8104e+00 -1.1490e+00 +3.4481e+00
257740 +9.274316426e-09 +9.274316426e-09 -1.306100000e+02 -1.306100000e+02 -1.2377e+00 +1.3392e+00 -2.1002e+00 -1.2519e+00 +3.3407e+00
% function evaluation | noise-free fitness - Fopt (-2.231200000000e+02) | best noise-free fitness - Fopt | measured fitness | best measured fitness | x1 | x2...
1 +2.852488710e+01 +2.852488710e+01 -1.945951129e+02 -1.945951129e+02 -3.8323e+00 -8.6150e-01 +9.4718e-01 -2.7708e-02 -2.9991e-01
2 +1.483973253e+01 +1.483973253e+01 -2.082802675e+02 -2.082802675e+02 -3.9552e+00 -1.1782e-01 -4.0377e+00 -3.3544e+00 -1.2777e+00
3 +4.972269984e+00 +4.972269984e+00 -2.181477300e+02 -2.181477300e+02 +1.2980e+00 +2.8869e+00 +1.9423e+00 +3.2639e+00 -2.3428e+00
47 +3.857949897e+00 +3.857949897e+00 -2.192620501e+02 -2.192620501e+02 -3.6778e+00 -1.6773e+00 -6.1934e-02 -2.0143e+00 -2.7622e+00
845 +2.128298780e+00 +2.128298780e+00 -2.209917012e+02 -2.209917012e+02 -2.3706e+00 +4.2307e-01 -3.0671e+00 +2.2817e-01 -1.7779e+00
1865 +5.413470683e-01 +5.413470683e-01 -2.225786529e+02 -2.225786529e+02 -6.6491e-01 -1.6717e+00 +4.6257e+00 +1.7957e+00 -2.1071e-01
13258 +3.696311083e-01 +3.696311083e-01 -2.227503689e+02 -2.227503689e+02 +8.2982e-01 +1.1346e+00 +1.8560e+00 +3.2134e-01 -2.1673e+00
19092 +2.307515291e-01 +2.307515291e-01 -2.228892485e+02 -2.228892485e+02 -2.5821e+00 -2.4718e-02 +1.0763e+00 +3.7659e+00 -2.4760e+00
25597 +1.251806362e-01 +1.251806362e-01 -2.229948194e+02 -2.229948194e+02 -2.2782e+00 -2.9917e+00 +3.2398e+00 +3.5185e+00 -4.1602e+00
27215 +9.503679759e-02 +9.503679759e-02 -2.230249632e+02 -2.230249632e+02 -6.3415e-01 -5.0112e-01 +1.1728e+00 -6.7406e-01 +9.0677e-01
35588 +6.130562100e-02 +6.130562100e-02 -2.230586944e+02 -2.230586944e+02 +2.9015e+00 +2.8776e+00 +1.2595e+00 -2.6667e+00 +3.4539e+00
50355 +3.653252123e-02 +3.653252123e-02 -2.230834675e+02 -2.230834675e+02 -8.3055e-01 -2.4545e+00 +3.1080e+00 +4.5387e-01 +1.6096e+00
61034 +2.108330309e-02 +2.108330309e-02 -2.230989167e+02 -2.230989167e+02 -3.4987e-01 -2.5220e+00 +4.5087e+00 +1.2549e-01 +2.2851e+00
62201 +1.200866218e-02 +1.200866218e-02 -2.231079913e+02 -2.231079913e+02 -3.3224e+00 -4.3048e+00 +4.1969e+00 +1.4967e+00 +2.0666e-01
73561 +6.941889242e-03 +6.941889242e-03 -2.231130581e+02 -2.231130581e+02 -2.2945e-01 -1.9530e+00 +1.6712e+00 +8.7267e-01 -1.2143e-02
81469 +4.598302503e-03 +4.598302503e-03 -2.231154017e+02 -2.231154017e+02 +8.8691e-03 -1.9792e+00 +3.0119e+00 +2.8741e-01 +1.4398e+00
88843 +3.818562132e-03 +3.818562132e-03 -2.231161814e+02 -2.231161814e+02 -1.8722e+00 -2.5982e+00 +2.9166e+00 +1.9736e+00 +4.4172e-01
95540 +2.124816918e-03 +2.124816918e-03 -2.231178752e+02 -2.231178752e+02 -1.0153e+00 -1.6401e+00 +1.4232e+00 +1.1979e+00 -3.5239e-01
100747 +1.512458929e-03 +1.512458929e-03 -2.231184875e+02 -2.231184875e+02 -4.7576e-01 -1.2972e+00 +1.3807e+00 +1.4421e+00 -5.2442e-01
106486 +4.032711693e-04 +4.032711693e-04 -2.231195967e+02 -2.231195967e+02 +5.7711e-01 -1.1478e+00 +2.1453e+00 +5.6565e-01 +1.3601e+00
120256 +3.333482228e-04 +3.333482228e-04 -2.231196667e+02 -2.231196667e+02 +1.2984e+00 -1.0228e+00 +2.1386e+00 -3.6363e-01 +1.4873e+00
124408 +2.474953617e-04 +2.474953617e-04 -2.231197525e+02 -2.231197525e+02 +1.5880e+00 -5.7636e-01 +5.9023e-01 -1.2463e+00 +4.2468e-01
135014 +1.364771486e-04 +1.364771486e-04 -2.231198635e+02 -2.231198635e+02 +1.1888e+00 -1.1635e+00 +9.3762e-01 -2.2138e+00 +1.4600e+00
140241 +9.355364844e-05 +9.355364844e-05 -2.231199064e+02 -2.231199064e+02 +1.5636e+00 -9.5658e-01 +6.4054e-01 -2.5524e+00 +1.0076e+00
140356 +5.386403646e-05 +5.386403646e-05 -2.231199461e+02 -2.231199461e+02 +2.0047e+00 -1.1832e+00 +8.1213e-01 -3.0013e+00 +2.5653e+00
143207 +2.727190451e-05 +2.727190451e-05 -2.231199727e+02 -2.231199727e+02 +2.2776e+00 -9.8652e-01 +7.8074e-01 -3.0813e+00 +3.2017e+00
156836 +2.085718265e-05 +2.085718265e-05 -2.231199791e+02 -2.231199791e+02 +1.6013e+00 -1.4473e+00 +1.1316e+00 -2.7491e+00 +3.2035e+00
159105 +6.589581744e-06 +6.589581744e-06 -2.231199934e+02 -2.231199934e+02 +2.0502e+00 -1.0903e+00 +8.2558e-01 -2.9086e+00 +3.0955e+00
172312 +5.859429308e-06 +5.859429308e-06 -2.231199941e+02 -2.231199941e+02 +2.1174e+00 -1.3964e+00 +7.8289e-01 -3.8056e+00 +4.1123e+00
184952 +3.473823909e-06 +3.473823909e-06 -2.231199965e+02 -2.231199965e+02 +2.5352e+00 -3.2152e-01 +1.1353e-01 -3.6002e+00 +1.8589e+00
192564 +1.784907056e-06 +1.784907056e-06 -2.231199982e+02 -2.231199982e+02 +2.6488e+00 -8.7797e-01 +5.2946e-01 -4.3467e+00 +3.6255e+00
193788 +1.472129782e-06 +1.472129782e-06 -2.231199985e+02 -2.231199985e+02 +1.8211e+00 -7.1027e-01 +6.8773e-01 -1.8910e+00 +1.5486e+00
201858 +9.429911927e-07 +9.429911927e-07 -2.231199991e+02 -2.231199991e+02 +1.8739e+00 -1.1594e+00 +7.0328e-01 -3.2853e+00 +3.0200e+00
209694 +5.238729273e-07 +5.238729273e-07 -2.231199995e+02 -2.231199995e+02 +1.5911e+00 -1.1153e+00 +1.0555e+00 -1.9655e+00 +2.5120e+00
218023 +3.335524639e-07 +3.335524639e-07 -2.231199997e+02 -2.231199997e+02 +1.7210e+00 -7.9591e-01 +7.1914e-01 -1.7393e+00 +1.8377e+00
218024 +2.139234141e-07 +2.139234141e-07 -2.231199998e+02 -2.231199998e+02 +7.0484e-01 -1.0981e+00 +1.3730e+00 +6.4790e-01 +9.8015e-01
220822 +1.426308245e-07 +1.426308245e-07 -2.231199999e+02 -2.231199999e+02 +5.5536e-01 -1.3722e+00 +9.6573e-01 -9.6227e-01 +1.4924e+00
235248 +9.681454571e-08 +9.681454571e-08 -2.231199999e+02 -2.231199999e+02 +2.4676e-01 -1.9733e+00 +1.5767e+00 -1.5261e+00 +2.4637e+00
237451 +5.935493164e-08 +5.935493164e-08 -2.231199999e+02 -2.231199999e+02 +1.1670e+00 -1.8928e+00 +1.9445e+00 -2.2583e+00 +3.7030e+00
240554 +2.877808924e-08 +2.877808924e-08 -2.231200000e+02 -2.231200000e+02 -1.1056e-01 -2.3965e+00 +1.9578e+00 -1.5796e+00 +3.0317e+00
245885 +1.671236305e-08 +1.671236305e-08 -2.231200000e+02 -2.231200000e+02 +9.3749e-01 -1.3696e+00 +1.1676e+00 -1.3610e+00 +2.0073e+00
248416 +1.253934556e-08 +1.253934556e-08 -2.231200000e+02 -2.231200000e+02 +1.1422e+00 -1.4722e+00 +1.3615e+00 -1.8060e+00 +2.6201e+00
252531 +9.208605434e-09 +9.208605434e-09 -2.231200000e+02 -2.231200000e+02 +9.5641e-01 -1.6409e+00 +1.5342e+00 -1.6273e+00 +2.7698e+00
% function evaluation | noise-free fitness - Fopt (-4.443000000000e+01) | best noise-free fitness - Fopt | measured fitness | best measured fitness | x1 | x2...
1 +1.047593984e+01 +1.047593984e+01 -3.395406016e+01 -3.395406016e+01 -3.8876e+00 +2.2461e+00 -3.6390e+00 +2.1950e+00 -1.9414e-01
3 +9.691126233e+00 +9.691126233e+00 -3.473887377e+01 -3.473887377e+01 -3.4827e+00 +2.9168e+00 +4.6303e+00 +3.9814e-01 -2.8351e+00
14 +5.187856836e+00 +5.187856836e+00 -3.924214316e+01 -3.924214316e+01 -1.5766e-01 +3.2848e+00 +4.5749e+00 +3.2607e+00 +2.0116e+00
189 +3.388093576e+00 +3.388093576e+00 -4.104190642e+01 -4.104190642e+01 -5.1921e-01 +1.7748e+00 +3.1855e+00 -2.6785e+00 -1.7093e+00
937 +1.924968878e+00 +1.924968878e+00 -4.250503112e+01 -4.250503112e+01 -2.4868e+00 -2.3335e+00 -2.3559e+00 -1.9247e+00 +4.3956e+00
4265 +4.504222638e-01 +4.504222638e-01 -4.397957774e+01 -4.397957774e+01 -2.4918e+00 +1.1656e+00 -1.7881e+00 +9.5304e-01 +3.0539e+00
17712 +3.716389511e-01 +3.716389511e-01 -4.405836105e+01 -4.405836105e+01 -1.9704e+00 +1.9605e+00 -9.2106e-02 +1.7559e+00 +2.5406e+00
18114 +2.370763567e-01 +2.370763567e-01 -4.419292364e+01 -4.419292364e+01 -2.5542e+00 -1.3841e+00 -1.0864e+00 -1.1727e+00 +2.6294e+00
27461 +1.455397024e-01 +1.455397024e-01 -4.428446030e+01 -4.428446030e+01 -2.8794e+00 -4.5924e+00 -1.2714e+00 -4.8948e+00 +2.1701e+00
33504 +8.555474020e-02 +8.555474020e-02 -4.434444526e+01 -4.434444526e+01 -8.2120e-01 +3.9816e+00 -2.8648e+00 +3.8125e+00 +4.3821e+00
40069 +5.253220675e-02 +5.253220675e-02 -4.437746779e+01 -4.437746779e+01 -1.5677e+00 +7.0591e-01 -4.8795e-01 -8.9482e-01 +2.1173e+00
52201 +3.509758405e-02 +3.509758405e-02 -4.439490242e+01 -4.439490242e+01 -1.3751e+00 -2.7724e+00 -3.0613e+00 -6.1872e-01 +4.2402e+00
54965 +2.205822155e-02 +2.205822155e-02 -4.440794178e+01 -4.440794178e+01 -8.4456e-02 -2.3749e+00 -2.3457e+00 +1.0357e+00 +4.7529e+00
64443 +1.572047884e-02 +1.572047884e-02 -4.441427952e+01 -4.441427952e+01 -2.4755e-01 -4.0384e-01 -2.8976e+00 +2.0973e+00 +4.9762e+00
80992 +8.799847126e-03 +8.799847126e-03 -4.442120015e+01 -4.442120015e+01 -2.3925e+00 +5.8404e-01 -3.5976e+00 +6.1214e-01 +4.1715e+00
92431 +3.850596727e-03 +3.850596727e-03 -4.442614940e+01 -4.442614940e+01 +4.8307e-01 +3.2439e+00 -2.4303e+00 +1.5493e+00 +3.7791e+00
101475 +2.299453447e-03 +2.299453447e-03 -4.442770055e+01 -4.442770055e+01 -3.2816e-01 +2.3929e+00 -2.2934e+00 +9.6433e-01 +3.4887e+00
111724 +1.304199632e-03 +1.304199632e-03 -4.442869580e+01 -4.442869580e+01 +1.1127e+00 -2.6753e+00 -4.6494e-01 -2.2382e+00 +2.5934e+00
115586 +9.850243581e-04 +9.850243581e-04 -4.442901498e+01 -4.442901498e+01 -2.5386e+00 +4.1280e+00 -4.0447e+00 +4.3874e-01 +3.4375e+00
125595 +6.091388872e-04 +6.091388872e-04 -4.442939086e+01 -4.442939086e+01 +2.5038e+00 -8.5287e-01 +4.3851e-02 +4.1708e-01 +3.3410e+00
133890 +3.743837180e-04 +3.743837180e-04 -4.442962562e+01 -4.442962562e+01 +1.1745e+00 -1.3332e+00 +3.2111e-01 -1.3850e+00 +2.3717e+00
140075 +2.412689057e-04 +2.412689057e-04 -4.442975873e+01 -4.442975873e+01 +1.8004e+00 -4.8873e-01 -2.4113e+00 +6.8054e-01 +4.4869e+00
143930 +1.422745519e-04 +1.422745519e-04 -4.442985773e+01 -4.442985773e+01 -5.2595e-01 +1.7943e+00 -1.2296e+00 -1.7337e-01 +2.6569e+00
149404 +5.895113189e-05 +5.895113189e-05 -4.442994105e+01 -4.442994105e+01 +1.8538e+00 -1.4424e+00 -5.1139e-01 -6.0369e-01 +3.1118e+00
157946 +2.170165651e-05 +2.170165651e-05 -4.442997830e+01 -4.442997830e+01 +3.9922e+00 -3.1571e+00 -1.8965e-01 +7.7899e-02 +4.0584e+00
172687 +1.055970639e-05 +1.055970639e-05 -4.442998944e+01 -4.442998944e+01 -1.4772e+00 +1.5792e+00 -1.9385e+00 -1.1923e+00 +2.3301e+00
187966 +9.408794483e-06 +9.408794483e-06 -4.442999059e+01 -4.442999059e+01 -9.1854e-01 +1.9230e+00 -1.1394e+00 -5.4625e-01 +2.3369e+00
193288 +4.030890921e-06 +4.030890921e-06 -4.442999597e+01 -4.442999597e+01 +7.1520e-01 -1.6350e-01 +1.1645e-01 -1.1186e+00 +2.2290e+00
197838 +2.733291247e-06 +2.733291247e-06 -4.442999727e+01 -4.442999727e+01 +1.8346e-01 +8.8613e-02 -9.4880e-01 -1.0330e+00 +2.5901e+00
208907 +2.385772774e-06 +2.385772774e-06 -4.442999761e+01 -4.442999761e+01 -3.5182e+00 +3.4952e+00 -2.2145e+00 -1.8522e+00 +1.4593e+00
211778 +1.348384707e-06 +1.348384707e-06 -4.442999865e+01 -4.442999865e+01 -9.4667e-01 +1.3258e+00 -1.5443e+00 -9.1382e-01 +2.5104e+00
214485 +8.115257089e-07 +8.115257089e-07 -4.442999919e+01 -4.442999919e+01 -6.1054e-01 +1.6976e+00 -3.3849e-01 -7.9405e-01 +2.0182e+00
227040 +6.235488996e-07 +6.235488996e-07 -4.442999938e+01 -4.442999938e+01 +2.5823e+00 -1.4949e+00 -8.2327e-01 +5.7351e-01 +4.0573e+00
233792 +3.660669989e-07 +3.660669989e-07 -4.442999963e+01 -4.442999963e+01 +8.9527e-01 +4.1513e-01 -2.4153e-01 -9.3261e-02 +2.8442e+00
238634 +1.714931841e-07 +1.714931841e-07 -4.442999983e+01 -4.442999983e+01 +6.3289e-01 -6.4292e-01 -5.4971e-01 -1.3305e+00 +2.5378e+00
245739 +1.082399237e-07 +1.082399237e-07 -4.442999989e+01 -4.442999989e+01 -2.0326e+00 +1.7658e+00 -1.2042e+00 -2.1290e+00 +1.5012e+00
255011 +2.929020582e-08 +2.929020582e-08 -4.442999997e+01 -4.442999997e+01 -3.6936e-01 -1.4172e+00 -9.7826e-01 -3.1797e+00 +1.8374e+00
262530 +1.435667940e-08 +1.435667940e-08 -4.442999999e+01 -4.442999999e+01 -1.1482e+00 +2.9896e-01 -9.4410e-01 -2.5526e+00 +1.6525e+00
276491 +9.947946467e-09 +9.947946467e-09 -4.442999999e+01 -4.442999999e+01 +9.0459e-01 -1.1283e+00 -3.5803e-01 -1.5492e+00 +2.5043e+00
% function evaluation | noise-free fitness - Fopt (8.539000000000e+01) | best noise-free fitness - Fopt | measured fitness | best measured fitness | x1 | x2...
1 +1.409805333e+01 +1.409805333e+01 +9.948805333e+01 +9.948805333e+01 -4.5600e+00 -1.5575e+00 +3.6497e+00 +3.4686e+00 -3.9609e+00
8 +5.778041719e+00 +5.778041719e+00 +9.116804172e+01 +9.116804172e+01 +3.0867e+00 +1.9042e+00 +3.6272e+00 +4.8480e+00 +3.3390e+00
352 +3.261046474e+00 +3.261046474e+00 +8.865104647e+01 +8.865104647e+01 -6.0400e+00 +1.4019e+00 +3.4346e+00 +3.2523e+00 -3.3175e+00
520 +2.240017991e+00 +2.240017991e+00 +8.763001799e+01 +8.763001799e+01 +3.4321e+00 -1.0529e+00 +1.1752e+00 +9.1398e-01 +3.0512e+00
1629 +1.547108549e+00 +1.547108549e+00 +8.693710855e+01 +8.693710855e+01 +8.5998e-02 -4.3251e+00 -1.3897e+00 -1.5683e+00 +3.4383e+00
7292 +9.418357143e-01 +9.418357143e-01 +8.633183571e+01 +8.633183571e+01 -3.0851e+00 -2.9106e+00 +2.9131e+00 +3.7016e+00 +3.3952e+00
8022 +4.978160533e-01 +4.978160533e-01 +8.588781605e+01 +8.588781605e+01 +7.1682e-01 +2.3951e+00 -1.3167e+00 -2.2529e+00 -4.9738e+00
17641 +3.217923765e-01 +3.217923765e-01 +8.571179238e+01 +8.571179238e+01 -2.3820e+00 -3.4209e+00 -2.7352e+00 +1.4864e-01 -1.9319e+00
20070 +2.474158077e-01 +2.474158077e-01 +8.563741581e+01 +8.563741581e+01 -1.2998e+00 -2.0665e+00 +2.2832e+00 -1.0311e-01 +1.4470e+00
30003 +1.517372432e-01 +1.517372432e-01 +8.554173724e+01 +8.554173724e+01 -2.0318e+00 -3.8092e+00 -4.2258e+00 +6.5106e-01 -5.2806e-01
35991 +9.574583492e-02 +9.574583492e-02 +8.548574583e+01 +8.548574583e+01 -1.2781e-01 -1.1372e+00 +3.1547e+00 -8.3292e-02 +6.5401e-01
47269 +5.825017783e-02 +5.825017783e-02 +8.544825018e+01 +8.544825018e+01 -5.7055e-01 +1.2669e-01 -2.1593e-01 -5.6784e-01 -3.0041e+00
47613 +3.597003260e-02 +3.597003260e-02 +8.542597003e+01 +8.542597003e+01 -1.8021e+00 -1.7061e-02 +3.3660e+00 +1.6129e+00 +9.2622e-01
57316 +1.866205672e-02 +1.866205672e-02 +8.540866206e+01 +8.540866206e+01 -1.7660e+00 +3.2037e-02 +2.8751e+00 +2.7284e+00 -2.1434e-02
71523 +1.399420232e-02 +1.399420232e-02 +8.540399420e+01 +8.540399420e+01 -1.1193e+00 -2.1013e+00 +5.3374e-01 -5.6400e-02 +3.9425e-01
74065 +6.072660496e-03 +6.072660496e-03 +8.539607266e+01 +8.539607266e+01 -3.8589e-01 +6.0988e-01 +2.7659e+00 +5.0326e-02 +1.2169e+00
95198 +3.967659548e-03 +3.967659548e-03 +8.539396766e+01 +8.539396766e+01 +2.7393e+00 -7.5534e-01 +1.3951e+00 -9.9507e-01 -2.7842e+00
100701 +2.489464866e-03 +2.489464866e-03 +8.539248946e+01 +8.539248946e+01 -1.5625e+00 -1.7924e+00 +1.6268e+00 +2.5830e+00 -1.6115e+00
112703 +9.157228750e-04 +9.157228750e-04 +8.539091572e+01 +8.539091572e+01 +1.3150e+00 +6.5915e-01 +3.6610e+00 +1.3952e+00 -7.6549e-01
120183 +6.162305696e-04 +6.162305696e-04 +8.539061623e+01 +8.539061623e+01 +2.3599e+00 -3.7642e-01 +1.9857e+00 -4.8694e-01 -2.8292e+00
133677 +3.908178493e-04 +3.908178493e-04 +8.539039082e+01 +8.539039082e+01 +2.9983e+00 -1.5370e+00 +1.8999e+00 +4.7598e-01 -4.0211e+00
136085 +2.366983666e-04 +2.366983666e-04 +8.539023670e+01 +8.539023670e+01 +2.1354e+00 +9.0236e-01 +1.8813e+00 -2.1761e+00 -1.2767e+00
141409 +9.478723307e-05 +9.478723307e-05 +8.539009479e+01 +8.539009479e+01 +1.5625e+00 -1.8120e+00 -5.0785e-01 -1.7455e+00 -3.7116e+00
157483 +4.174803910e-05 +4.174803910e-05 +8.539004175e+01 +8.539004175e+01 +7.8128e-01 -2.5226e+00 -1.9750e+00 -2.1818e+00 -3.6704e+00
167062 +3.483343622e-05 +3.483343622e-05 +8.539003483e+01 +8.539003483e+01 +1.1516e+00 -3.4882e+00 -3.3794e+00 -3.1278e+00 -4.2216e+00
173374 +1.853335625e-05 +1.853335625e-05 +8.539001853e+01 +8.539001853e+01 +2.8739e+00 -2.5084e+00 -8.1893e-01 -2.0760e+00 -4.2565e+00
178790 +1.542631973e-05 +1.542631973e-05 +8.539001543e+01 +8.539001543e+01 +3.7343e+00 -3.4015e-01 +2.3582e+00 -1.0756e+00 -3.3650e+00
183445 +8.684400555e-06 +8.684400555e-06 +8.539000868e+01 +8.539000868e+01 -4.1630e-01 -1.4189e+00 -9.1829e-01 -2.3772e+00 -2.6061e+00
187749 +6.274492790e-06 +6.274492790e-06 +8.539000627e+01 +8.539000627e+01 +4.7083e+00 -2.4356e-01 +2.8781e+00 -8.6676e-01 -3.3553e+00
197112 +2.678346746e-06 +2.678346746e-06 +8.539000268e+01 +8.539000268e+01 +3.2949e+00 -9.4539e-01 +1.5607e+00 -1.2543e+00 -3.5070e+00
204635 +2.151375412e-06 +2.151375412e-06 +8.539000215e+01 +8.539000215e+01 +2.1062e+00 -1.2119e+00 +2.2489e+00 +3.6237e-02 -2.9503e+00
209344 +1.367315534e-06 +1.367315534e-06 +8.539000137e+01 +8.539000137e+01 -6.0420e-02 -2.7911e+00 +3.7415e-01 +1.7836e-01 -2.7330e+00
219474 +9.079580678e-07 +9.079580678e-07 +8.539000091e+01 +8.539000091e+01 +3.1015e-01 -1.9063e+00 -1.0582e+00 -2.2893e+00 -2.7707e+00
227939 +6.201082243e-07 +6.201082243e-07 +8.539000062e+01 +8.539000062e+01 -1.0205e+00 -4.1572e+00 -7.8719e-01 +5.5644e-01 -2.9843e+00
232662 +3.434099938e-07 +3.434099938e-07 +8.539000034e+01 +8.539000034e+01 +4.2395e+00 +1.2797e-01 +7.4448e-01 -3.4213e+00 -3.5142e+00
238218 +2.324454584e-07 +2.324454584e-07 +8.539000023e+01 +8.539000023e+01 -7.5120e-01 -1.1796e+00 -2.9378e+00 -4.6514e+00 -2.2263e+00
246674 +1.060899848e-07 +1.060899848e-07 +8.539000011e+01 +8.539000011e+01 +2.0536e+00 -1.0668e+00 -3.5244e-01 -2.8171e+00 -3.0860e+00
251395 +6.436404476e-08 +6.436404476e-08 +8.539000006e+01 +8.539000006e+01 +2.2007e+00 -1.5274e+00 -5.9129e-01 -2.6782e+00 -3.4217e+00
258660 +5.799422809e-08 +5.799422809e-08 +8.539000006e+01 +8.539000006e+01 +1.5487e+00 -1.6446e+00 -5.4543e-01 -2.3250e+00 -3.1930e+00
262261 +3.699621232e-08 +3.699621232e-08 +8.539000004e+01 +8.539000004e+01 +3.4942e-01 -1.4150e+00 -2.1408e+00 -3.8800e+00 -2.7796e+00
267769 +2.469938920e-08 +2.469938920e-08 +8.539000002e+01 +8.539000002e+01 +2.2007e+00 -1.5274e+00 -5.9129e-01 -2.6782e+00 -3.4217e+00
277781 +1.367079960e-08 +1.367079960e-08 +8.539000001e+01 +8.539000001e+01 +1.6906e+00 -1.6186e+00 -1.6087e+00 -3.5221e+00 -3.3597e+00
286616 +4.055891623e-09 +4.055891623e-09 +8.539000000e+01 +8.539000000e+01 +2.1508e+00 -1.5227e+00 -1.7923e+00 -3.9330e+00 -3.5560e+00
% function evaluation | noise-free fitness - Fopt (-9.872900000000e+02) | best noise-free fitness - Fopt | measured fitness | best measured fitness | x1 | x2...
1 +2.302612595e+01 +2.302612595e+01 -9.642638741e+02 -9.642638741e+02 +1.9397e+00 -3.0560e+00 +1.2721e+00 -7.2448e-01 -2.4629e+00
3 +3.294286416e+00 +3.294286416e+00 -9.839957136e+02 -9.839957136e+02 -9.3238e-01 -2.2618e+00 -2.2677e+00 -3.2237e+00 -4.7270e+00
925 +2.234998971e+00 +2.234998971e+00 -9.850550010e+02 -9.850550010e+02 +5.4428e+00 -1.1433e-01 -3.1036e+00 +4.8972e+00 -1.7005e+00
1609 +1.425459156e+00 +1.425459156e+00 -9.858645408e+02 -9.858645408e+02 +8.0763e-01 -2.7162e+00 -5.8595e-01 +1.6958e+00 -1.5211e+00
4760 +9.196891799e-01 +9.196891799e-01 -9.863703108e+02 -9.863703108e+02 +4.5453e+00 -2.0105e+00 -2.1595e+00 +4.5783e+00 +4.5326e-01
7593 +5.868053761e-01 +5.868053761e-01 -9.867031946e+02 -9.867031946e+02 +9.1289e-01 -3.2151e+00 -4.0230e+00 +1.7162e+00 -6.7613e-01
13136 +3.581675106e-01 +3.581675106e-01 -9.869318325e+02 -9.869318325e+02 +4.9347e+00 -3.9213e+00 -3.7861e+00 +6.4229e-01 -1.2360e+00
16455 +2.334720867e-01 +2.334720867e-01 -9.870565279e+02 -9.870565279e+02 +1.2758e+00 +3.3546e+00 +3.4608e+00 +1.1779e-01 -4.2095e+00
29779 +1.351759376e-01 +1.351759376e-01 -9.871548241e+02 -9.871548241e+02 +1.0281e+00 +3.0897e-01 -1.3088e+00 -7.3528e-01 -3.3361e+00
37074 +9.509056068e-02 +9.509056068e-02 -9.871949094e+02 -9.871949094e+02 -1.2087e+00 -1.9256e+00 -2.3167e+00 -1.6120e+00 -2.2942e+00
39497 +5.554414259e-02 +5.554414259e-02 -9.872344559e+02 -9.872344559e+02 -3.4858e-01 -3.2374e-01 +5.2647e-02 -2.1917e+00 -3.7895e+00
53677 +3.434970817e-02 +3.434970817e-02 -9.872556503e+02 -9.872556503e+02 -2.0902e+00 +1.9740e+00 -2.4915e-01 -2.7349e-01 -4.1167e+00
60919 +2.394429460e-02 +2.394429460e-02 -9.872660557e+02 -9.872660557e+02 +6.5905e-01 -3.8552e-02 +5.9870e-01 -1.9524e+00 -3.3382e+00
63279 +1.406872065e-02 +1.406872065e-02 -9.872759313e+02 -9.872759313e+02 -6.8965e-01 -1.4327e+00 -2.8563e+00 -4.9631e-01 -3.4372e+00
66579 +9.973943259e-03 +9.973943259e-03 -9.872800261e+02 -9.872800261e+02 -1.0619e+00 -1.2256e+00 -3.4523e+00 +6.9777e-02 -3.4445e+00
77029 +5.891058177e-03 +5.891058177e-03 -9.872841089e+02 -9.872841089e+02 -1.3112e+00 -2.2022e+00 -4.8132e+00 +6.7251e-02 -2.8220e+00
87974 +3.192452436e-03 +3.192452436e-03 -9.872868075e+02 -9.872868075e+02 -5.1670e-01 -4.5432e-01 -1.8521e+00 -1.1517e+00 -4.0748e+00
97200 +1.946993043e-03 +1.946993043e-03 -9.872880530e+02 -9.872880530e+02 +2.4841e-01 -7.2070e-01 -8.7558e-01 -2.2989e+00 -3.9109e+00
101845 +1.481864952e-03 +1.481864952e-03 -9.872885181e+02 -9.872885181e+02 -1.7720e+00 -1.5776e+00 -3.2528e+00 -5.8881e-01 -3.1168e+00
104692 +4.226679923e-04 +4.226679923e-04 -9.872895773e+02 -9.872895773e+02 -3.7794e+00 -6.7510e-01 -1.7226e+00 -9.6564e-01 -3.5420e+00
124491 +3.679894503e-04 +3.679894503e-04 -9.872896320e+02 -9.872896320e+02 -1.2615e+00 -2.2019e+00 -2.3646e+00 -1.7132e+00 -2.5046e+00
124815 +2.368037028e-04 +2.368037028e-04 -9.872897632e+02 -9.872897632e+02 +2.7411e-01 -1.9624e+00 +1.1749e-01 -4.1943e+00 -3.1929e+00
129651 +1.370415240e-04 +1.370415240e-04 -9.872898630e+02 -9.872898630e+02 -3.3277e-03 -2.1575e+00 -1.9418e+00 -2.5847e+00 -2.5868e+00
137304 +8.669176054e-05 +8.669176054e-05 -9.872899133e+02 -9.872899133e+02 -2.1269e+00 -2.2687e+00 -3.0877e+00 -1.0467e+00 -2.2566e+00
146878 +5.695006553e-05 +5.695006553e-05 -9.872899430e+02 -9.872899430e+02 -2.5902e+00 -3.9684e+00 -2.8568e+00 -2.3535e+00 -9.6366e-01
154369 +3.804084417e-05 +3.804084417e-05 -9.872899620e+02 -9.872899620e+02 -5.3280e-01 -2.4859e+00 +3.4613e-01 -4.2178e+00 -2.7385e+00
163882 +1.172983184e-05 +1.172983184e-05 -9.872899883e+02 -9.872899883e+02 -3.0168e+00 -2.7196e+00 -1.9423e+00 -2.0527e+00 -1.9658e+00
174256 +8.993320193e-06 +8.993320193e-06 -9.872899910e+02 -9.872899910e+02 -4.6756e-01 -5.7916e-01 -5.5490e-01 -2.4439e+00 -4.0938e+00
183328 +4.223640872e-06 +4.223640872e-06 -9.872899958e+02 -9.872899958e+02 -1.9166e+00 -1.8573e+00 -1.5973e+00 -2.0012e+00 -2.8280e+00
188286 +3.356190518e-06 +3.356190518e-06 -9.872899966e+02 -9.872899966e+02 -3.0063e-01 -1.6917e+00 -1.5035e+00 -2.3887e+00 -3.0792e+00
192422 +2.349516762e-06 +2.349516762e-06 -9.872899977e+02 -9.872899977e+02 -8.7768e-01 -2.7382e+00 -2.3152e+00 -2.2183e+00 -2.0473e+00
208667 +1.185854558e-06 +1.185854558e-06 -9.872899988e+02 -9.872899988e+02 -2.6486e+00 -2.7793e+00 -3.0346e-02 -3.4831e+00 -2.2873e+00
209399 +9.394919971e-07 +9.394919971e-07 -9.872899991e+02 -9.872899991e+02 -2.9237e+00 -2.9359e+00 -1.2991e+00 -2.6088e+00 -1.9456e+00
213742 +4.660292916e-07 +4.660292916e-07 -9.872899995e+02 -9.872899995e+02 -3.8253e+00 -3.9021e+00 -1.2755e+00 -2.8036e+00 -1.0897e+00
225903 +3.718936341e-07 +3.718936341e-07 -9.872899996e+02 -9.872899996e+02 -1.4910e+00 -2.6841e+00 +3.0867e-01 -4.0123e+00 -2.4786e+00
227949 +2.238845127e-07 +2.238845127e-07 -9.872899998e+02 -9.872899998e+02 -3.2148e+00 -4.1560e+00 -1.3216e+00 -3.0713e+00 -8.8024e-01
231280 +9.520101685e-08 +9.520101685e-08 -9.872899999e+02 -9.872899999e+02 -2.2268e+00 -3.2604e+00 -8.5758e-01 -3.1856e+00 -1.7714e+00
255662 +6.308289358e-08 +6.308289358e-08 -9.872899999e+02 -9.872899999e+02 -2.6431e+00 -3.4228e+00 -2.8050e+00 -1.6604e+00 -1.3239e+00
267242 +3.032300810e-08 +3.032300810e-08 -9.872900000e+02 -9.872900000e+02 -1.4397e+00 -2.9206e+00 -2.5695e-01 -3.7035e+00 -2.3093e+00
269739 +2.466811111e-08 +2.466811111e-08 -9.872900000e+02 -9.872900000e+02 -2.2648e+00 -3.6263e+00 +6.6689e-01 -4.6293e+00 -1.7888e+00
276585 +1.187800081e-08 +1.187800081e-08 -9.872900000e+02 -9.872900000e+02 -1.4976e+00 -3.6936e+00 -8.6729e-01 -3.5344e+00 -1.4777e+00
282398 +9.051859706e-09 +9.051859706e-09 -9.872900000e+02 -9.872900000e+02 -2.8671e+00 -3.7038e+00 -1.2380e+00 -3.0090e+00 -1.3496e+00
% function evaluation | noise-free fitness - Fopt (-1.517600000000e+02) | best noise-free fitness - Fopt | measured fitness | best measured fitness | x1 | x2...
1 +8.702708522e+00 +8.702708522e+00 -1.430572915e+02 -1.430572915e+02 +4.3723e+00 -3.7116e+00 -2.1038e+00 +3.5593e-01 -1.4402e+00
12 +6.057842032e+00 +6.057842032e+00 -1.457021580e+02 -1.457021580e+02 +4.9194e+00 -4.0955e+00 -4.3420e+00 -2.5937e+00 +1.7582e+00
35 +3.318992364e+00 +3.318992364e+00 -1.484410076e+02 -1.484410076e+02 +4.8397e+00 -1.5709e-01 -4.0649e+00 +4.0017e+00 -7.9401e-01
1662 +2.133668699e+00 +2.133668699e+00 -1.496263313e+02 -1.496263313e+02 +5.7881e-01 -4.9755e+00 +2.3557e+00 +7.8153e-01 -1.0084e+00
2153 +1.400421565e+00 +1.400421565e+00 -1.503595784e+02 -1.503595784e+02 -1.2192e+00 +1.2379e+00 +1.5667e+00 -4.5791e+00 +1.4962e+00
5129 +9.962362190e-01 +9.962362190e-01 -1.507637638e+02 -1.507637638e+02 -1.8172e+00 -3.5220e+00 -1.6857e+00 -3.8392e+00 -3.6616e-01
11231 +6.040318325e-01 +6.040318325e-01 -1.511559682e+02 -1.511559682e+02 +2.9928e+00 +1.9701e-01 +2.5317e+00 -2.7995e+00 +3.8192e+00
13063 +3.137643724e-01 +3.137643724e-01 -1.514462356e+02 -1.514462356e+02 -2.9718e+00 -1.0655e+00 -2.2832e+00 -2.2060e+00 -2.4985e+00
17135 +2.452310774e-01 +2.452310774e-01 -1.515147689e+02 -1.515147689e+02 -3.5323e-02 -9.7488e-01 -3.8106e-01 -4.7364e-01 +1.4773e+00
26554 +7.646751049e-02 +7.646751049e-02 -1.516835325e+02 -1.516835325e+02 -1.8676e+00 -7.3028e-02 +1.8538e-01 -1.0657e+00 -2.0423e+00
38074 +4.815140738e-02 +4.815140738e-02 -1.517118486e+02 -1.517118486e+02 -1.8933e+00 -9.0021e-01 -1.5480e+00 -1.6654e-01 -1.6165e+00
47231 +3.605121837e-02 +3.605121837e-02 -1.517239488e+02 -1.517239488e+02 -1.1279e+00 -5.2514e-01 -1.9709e+00 -2.3494e+00 +1.5344e-01
50956 +2.392583898e-02 +2.392583898e-02 -1.517360742e+02 -1.517360742e+02 -2.2573e+00 +1.8637e+00 -2.5134e+00 -1.8659e+00 -3.3301e-01
57006 +1.368058408e-02 +1.368058408e-02 -1.517463194e+02 -1.517463194e+02 -2.4503e+00 -4.7501e-01 -3.3339e+00 -1.3401e+00 -1.5053e+00
58639 +5.111489645e-03 +5.111489645e-03 -1.517548885e+02 -1.517548885e+02 -1.6180e+00 -1.8936e+00 -1.9360e+00 +3.3992e-01 -1.3605e+00
77107 +3.624917840e-03 +3.624917840e-03 -1.517563751e+02 -1.517563751e+02 -1.9954e+00 -3.9572e+00 -1.3642e+00 +1.3619e+00 -2.6975e+00
90982 +1.885727848e-03 +1.885727848e-03 -1.517581143e+02 -1.517581143e+02 -8.0231e-01 -2.4331e+00 -1.3015e+00 +2.1412e-01 -3.8809e-01
98383 +1.289862729e-03 +1.289862729e-03 -1.517587101e+02 -1.517587101e+02 -1.8896e+00 -4.2607e-02 -1.9199e+00 -1.7031e+00 -2.2003e-01
107474 +7.647964576e-04 +7.647964576e-04 -1.517592352e+02 -1.517592352e+02 +1.1760e-01 +1.4945e-01 +3.9772e-01 -6.0976e-01 +1.5918e+00
110983 +6.293663688e-04 +6.293663688e-04 -1.517593706e+02 -1.517593706e+02 -1.2710e+00 -4.0078e+00 -1.2753e+00 +1.2809e+00 -1.8714e+00
126073 +3.637584246e-04 +3.637584246e-04 -1.517596362e+02 -1.517596362e+02 -1.1515e+00 +1.1669e-01 +7.7216e-01 -3.5891e+00 +2.7640e+00
127977 +2.468551442e-04 +2.468551442e-04 -1.517597531e+02 -1.517597531e+02 +5.8762e-01 +4.7938e-01 +7.6202e-02 -2.7852e+00 +4.0909e+00
131391 +8.800364529e-05 +8.800364529e-05 -1.517599120e+02 -1.517599120e+02 -8.6803e-01 -1.1242e+00 -9.9917e-01 -1.7111e+00 +1.2066e+00
143187 +4.830070415e-05 +4.830070415e-05 -1.517599517e+02 -1.517599517e+02 -1.4519e+00 -3.0730e+00 -1.7593e+00 +3.5463e-01 -1.3771e+00
153114 +3.565262466e-05 +3.565262466e-05 -1.517599643e+02 -1.517599643e+02 +6.2809e-01 -4.5024e-01 -1.9775e+00 +5.0144e-01 +1.1569e+00
157559 +1.426460508e-05 +1.426460508e-05 -1.517599857e+02 -1.517599857e+02 -8.9963e-01 -1.6504e+00 -7.8942e-01 +8.4520e-01 -1.0568e+00
172687 +9.193802640e-06 +9.193802640e-06 -1.517599908e+02 -1.517599908e+02 -3.4043e-01 -1.2037e+00 -2.9306e+00 +8.5270e-01 -4.5168e-01
179836 +3.906059050e-06 +3.906059050e-06 -1.517599961e+02 -1.517599961e+02 +9.1121e-01 -1.9911e+00 -2.6249e+00 +6.4588e-02 +1.8594e+00
192961 +1.423781328e-06 +1.423781328e-06 -1.517599986e+02 -1.517599986e+02 -1.9539e+00 -5.4871e-01 -3.0934e-01 +1.1467e+00 -2.6377e+00
208213 +8.934557343e-07 +8.934557343e-07 -1.517599991e+02 -1.517599991e+02 -2.0001e+00 +5.0602e-01 -6.2008e-01 +1.8223e+00 -3.2968e+00
213032 +4.667579958e-07 +4.667579958e-07 -1.517599995e+02 -1.517599995e+02 -2.6777e+00 +1.0794e+00 +1.3324e-01 +1.5184e+00 -3.8491e+00
217969 +3.827410637e-07 +3.827410637e-07 -1.517599996e+02 -1.517599996e+02 -9.6638e-01 -9.1839e-01 +5.6401e-01 +8.2901e-02 -3.7169e-01
226135 +1.467355162e-07 +1.467355162e-07 -1.517599999e+02 -1.517599999e+02 -2.3983e+00 +2.3506e+00 +1.3481e+00 +1.5382e+00 -3.4262e+00
238004 +6.239741879e-08 +6.239741879e-08 -1.517599999e+02 -1.517599999e+02 -4.5841e-01 +2.7297e-01 -3.2478e-01 +3.9947e-02 +2.8685e-01
246322 +3.770369972e-08 +3.770369972e-08 -1.517600000e+02 -1.517600000e+02 -6.5535e-01 -1.0395e+00 -8.8703e-01 -2.2561e-01 +2.2084e-01
256495 +2.306990154e-08 +2.306990154e-08 -1.517600000e+02 -1.517600000e+02 -9.6399e-01 -2.4073e+00 +1.5559e+00 -6.8074e-01 +3.6489e-01
266464 +1.524796289e-08 +1.524796289e-08 -1.517600000e+02 -1.517600000e+02 -1.1043e+00 -1.7242e+00 +1.1253e+00 -4.0336e-02 -4.0114e-01
273344 +8.845546517e-09 +8.845546517e-09 -1.517600000e+02 -1.517600000e+02 -5.0845e-01 -1.6196e+00 +5.7389e-01 -1.3111e+00 +1.4494e+00
% function evaluation | noise-free fitness - Fopt (6.680000000000e+01) | best noise-free fitness - Fopt | measured fitness | best measured fitness | x1 | x2...
1 +7.715888110e+00 +7.715888110e+00 +7.451588811e+01 +7.451588811e+01 +4.4579e+00 -1.4999e+00 +1.0830e+00 -4.5542e+00 +5.4659e-01
18 +5.508113967e+00 +5.508113967e+00 +7.230811397e+01 +7.230811397e+01 -4.7155e+00 -2.0165e+00 +2.4261e+00 +4.9869e+00 +7.3158e-01
56 +3.104617173e+00 +3.104617173e+00 +6.990461717e+01 +6.990461717e+01 -2.3168e+00 +1.1730e+00 -1.9322e+00 +4.0989e+00 -8.6793e-01
529 +2.451621269e+00 +2.451621269e+00 +6.925162127e+01 +6.925162127e+01 +1.8299e+00 -6.3162e-01 +9.5524e-01 +1.3586e-01 -2.8520e+00
3490 +9.261500951e-01 +9.261500951e-01 +6.772615010e+01 +6.772615010e+01 -6.1431e-01 -1.5417e+00 +1.9386e+00 +7.9035e-01 -3.2159e+00
12707 +5.965955758e-01 +5.965955758e-01 +6.739659558e+01 +6.739659558e+01 +3.1992e+00 -3.0894e+00 +1.7206e+00 -2.4940e+00 +1.9713e+00
15146 +3.684744037e-01 +3.684744037e-01 +6.716847440e+01 +6.716847440e+01 +5.2536e-01 -4.0571e+00 +1.1280e+00 -1.8411e+00 +2.2860e+00
21304 +2.511444051e-01 +2.511444051e-01 +6.705114441e+01 +6.705114441e+01 +8.6129e-01 -1.5684e+00 -6.0272e-01 +2.9495e+00 +1.1100e+00
31495 +1.512106471e-01 +1.512106471e-01 +6.695121065e+01 +6.695121065e+01 +3.4323e+00 +9.2680e-01 -3.0073e+00 +1.7654e+00 -9.8866e-01
34222 +7.516263346e-02 +7.516263346e-02 +6.687516263e+01 +6.687516263e+01 +1.4880e+00 -4.7020e+00 +2.1452e+00 -1.6021e+00 +1.2899e+00
47270 +5.649913957e-02 +5.649913957e-02 +6.685649914e+01 +6.685649914e+01 +1.7490e+00 -1.8805e+00 +1.1533e+00 +1.5911e+00 -1.4316e+00
55610 +3.126968722e-02 +3.126968722e-02 +6.683126969e+01 +6.683126969e+01 +2.7096e+00 -2.3512e+00 +1.4430e+00 +6.4218e-01 -6.7026e-01
61638 +2.495776470e-02 +2.495776470e-02 +6.682495776e+01 +6.682495776e+01 -2.2749e+00 -2.0734e+00 -2.1862e+00 +2.2705e+00 +1.2127e+00
66208 +1.579326189e-02 +1.579326189e-02 +6.681579326e+01 +6.681579326e+01 -6.7609e-01 -2.6203e+00 -1.1524e+00 +1.1495e+00 +1.5858e+00
80713 +7.218472956e-03 +7.218472956e-03 +6.680721847e+01 +6.680721847e+01 -7.6962e-02 -2.0587e+00 +4.1209e-02 +2.9480e+00 -1.8921e-01
83473 +6.039646529e-03 +6.039646529e-03 +6.680603965e+01 +6.680603965e+01 -2.0143e+00 -1.7287e+00 -1.7189e+00 +2.9184e+00 +3.0513e-01
94291 +3.649823412e-03 +3.649823412e-03 +6.680364982e+01 +6.680364982e+01 -1.1793e+00 -2.3711e+00 -8.6445e-01 +2.1905e+00 +4.9191e-02
96533 +2.489429644e-03 +2.489429644e-03 +6.680248943e+01 +6.680248943e+01 -1.4862e+00 -4.2661e+00 -2.1989e-01 +1.1956e+00 +2.1474e+00
104719 +1.277916631e-03 +1.277916631e-03 +6.680127792e+01 +6.680127792e+01 -1.4244e+00 -1.3674e+00 -1.9950e+00 +2.7279e+00 +1.0144e+00
107946 +8.760281353e-04 +8.760281353e-04 +6.680087603e+01 +6.680087603e+01 +4.7364e-01 -1.2666e+00 -1.0670e-01 +2.6143e+00 +9.0786e-02
117743 +5.097461006e-04 +5.097461006e-04 +6.680050975e+01 +6.680050975e+01 -1.1080e+00 -1.0510e+00 -2.1989e+00 +2.6030e+00 +5.1023e-01
121462 +3.948770303e-04 +3.948770303e-04 +6.680039488e+01 +6.680039488e+01 +1.4751e+00 -2.0008e+00 +1.0255e+00 +1.6908e+00 +4.6857e-01
133928 +1.840107321e-04 +1.840107321e-04 +6.680018401e+01 +6.680018401e+01 -5.4928e-01 -1.0481e+00 -1.2459e+00 +2.8855e+00 -4.1777e-01
142072 +1.147937937e-04 +1.147937937e-04 +6.680011479e+01 +6.680011479e+01 +2.5293e+00 -1.7037e+00 +2.3678e+00 +2.4322e+00 -7.9983e-01
150402 +9.918904094e-05 +9.918904094e-05 +6.680009919e+01 +6.680009919e+01 +4.1079e+00 +4.7218e-01 +1.9840e+00 +2.1410e+00 -1.6404e+00
158264 +3.230239486e-05 +3.230239486e-05 +6.680003230e+01 +6.680003230e+01 +4.6925e+00 -1.7315e+00 +4.5571e+00 +2.5322e+00 -1.5284e+00
168725 +2.234534665e-05 +2.234534665e-05 +6.680002235e+01 +6.680002235e+01 +2.2137e+00 -9.0052e-01 +1.1308e+00 +2.4174e+00 -4.4822e-01
178215 +8.901562282e-06 +8.901562282e-06 +6.680000890e+01 +6.680000890e+01 +1.5003e+00 -1.1858e+00 +1.3753e+00 +2.7712e+00 -1.2180e+00
191329 +4.084449429e-06 +4.084449429e-06 +6.680000408e+01 +6.680000408e+01 +2.0583e+00 -2.6237e+00 +2.6100e+00 +2.0058e+00 +2.8439e-02
197764 +3.727226684e-06 +3.727226684e-06 +6.680000373e+01 +6.680000373e+01 +1.2778e+00 -9.9587e-01 +7.1517e-01 +2.8131e+00 -9.2692e-01
204401 +1.607949784e-06 +1.607949784e-06 +6.680000161e+01 +6.680000161e+01 +2.1745e+00 -1.9321e+00 +2.2893e+00 +2.4588e+00 -6.0085e-01
209256 +1.369593633e-06 +1.369593633e-06 +6.680000137e+01 +6.680000137e+01 +1.8961e+00 -2.1580e+00 +2.0602e+00 +2.2051e+00 -2.7251e-01
212061 +9.299637469e-07 +9.299637469e-07 +6.680000093e+01 +6.680000093e+01 +1.5229e+00 -9.5236e-01 +1.6138e+00 +3.6129e+00 -2.2036e+00
214124 +5.885187022e-07 +5.885187022e-07 +6.680000059e+01 +6.680000059e+01 +2.5681e+00 -2.0934e+00 +2.8860e+00 +2.3962e+00 -5.5952e-01
225912 +2.814641249e-07 +2.814641249e-07 +6.680000028e+01 +6.680000028e+01 +1.4723e+00 -1.6869e+00 +1.9024e+00 +2.9259e+00 -1.2052e+00
235078 +2.335604563e-07 +2.335604563e-07 +6.680000023e+01 +6.680000023e+01 +2.1274e+00 -1.2792e+00 +1.9360e+00 +2.6279e+00 -8.8481e-01
238917 +1.522896724e-07 +1.522896724e-07 +6.680000015e+01 +6.680000015e+01 +1.2480e+00 -3.6507e-01 +9.1403e-01 +3.9290e+00 -2.8051e+00
249104 +9.938241874e-08 +9.938241874e-08 +6.680000010e+01 +6.680000010e+01 -3.3133e+00 -2.1172e+00 -1.5022e+00 +4.0700e+00 -2.8025e+00
252789 +4.574332024e-08 +4.574332024e-08 +6.680000005e+01 +6.680000005e+01 +1.5221e-01 -2.3525e+00 +1.2242e+00 +2.7025e+00 -9.0127e-01
258802 +2.434332202e-08 +2.434332202e-08 +6.680000002e+01 +6.680000002e+01 +3.2426e+00 -3.2667e+00 +4.9456e+00 +1.3561e+00 +6.4925e-01
275318 +1.556016116e-08 +1.556016116e-08 +6.680000002e+01 +6.680000002e+01 +2.5505e-02 -2.1942e+00 +1.2522e+00 +3.0398e+00 -1.3717e+00
281733 +9.764349329e-09 +9.764349329e-09 +6.680000001e+01 +6.680000001e+01 +6.0452e-01 -2.0907e+00 +1.6722e+00 +2.8881e+00 -1.2455e+00
% function evaluation | noise-free fitness - Fopt (9.625000000000e+01) | best noise-free fitness - Fopt | measured fitness | best measured fitness | x1 | x2...
1 +1.233478123e+01 +1.233478123e+01 +1.085847812e+02 +1.085847812e+02 -3.8565e+00 +4.9399e+00 +4.3448e+00 +1.3265e+00 -4.1087e-01
15 +7.732353414e+00 +7.732353414e+00 +1.039823534e+02 +1.039823534e+02 -9.6643e-02 +4.3830e-01 +3.4762e+00 +1.0815e+00 +2.8436e+00
31 +6.025495696e+00 +6.025495696e+00 +1.022754957e+02 +1.022754957e+02 -1.2013e+00 -2.0749e+00 +8.9136e-01 -4.2663e+00 +4.6497e+00
43 +2.438895499e+00 +2.438895499e+00 +9.868889550e+01 +9.868889550e+01 -3.6507e+00 -1.5412e+00 -1.2886e+00 +4.2306e+00 +3.3795e+00
1966 +1.260384849e+00 +1.260384849e+00 +9.751038485e+01 +9.751038485e+01 -1.1503e+00 +3.1390e-01 +3.1071e+00 -6.2788e-01 -2.7151e+00
3639 +8.535446658e-01 +8.535446658e-01 +9.710354467e+01 +9.710354467e+01 -1.4239e+00 -1.7050e+00 +2.6779e-01 -1.9654e+00 +3.8246e-01
5928 +5.933717839e-01 +5.933717839e-01 +9.684337178e+01 +9.684337178e+01 +1.9932e+00 +1.5304e+00 +1.1138e-01 -9.1262e-01 +1.9595e+00
14344 +2.744396626e-01 +2.744396626e-01 +9.652443966e+01 +9.652443966e+01 +2.6387e+00 +3.0058e+00 +1.3260e+00 -4.8143e-01 +2.3505e-01
23158 +2.046324766e-01 +2.046324766e-01 +9.645463248e+01 +9.645463248e+01 +2.2251e+00 +1.6474e-01 -2.3921e-02 -3.6532e-01 -1.7233e+00
30374 +1.058684204e-01 +1.058684204e-01 +9.635586842e+01 +9.635586842e+01 +6.7742e-01 +2.5706e-01 -2.8387e-01 -1.4713e+00 -8.0482e-01
37233 +6.662422080e-02 +6.662422080e-02 +9.631662422e+01 +9.631662422e+01 +6.9471e-01 +1.2193e+00 +1.7621e+00 -2.9214e-01 -4.0682e+00
47130 +4.205940753e-02 +4.205940753e-02 +9.629205941e+01 +9.629205941e+01 +7.7137e-01 -2.7813e-01 +9.4308e-01 +5.8265e-01 -1.1787e+00
51038 +3.289355419e-02 +3.289355419e-02 +9.628289355e+01 +9.628289355e+01 +1.5477e+00 +2.0742e+00 +2.8391e+00 +2.4936e+00 -4.6856e+00
58135 +2.452179252e-02 +2.452179252e-02 +9.627452179e+01 +9.627452179e+01 +2.3822e+00 +4.5087e+00 +1.7464e+00 +3.5853e+00 -4.3172e+00
61590 +1.361193275e-02 +1.361193275e-02 +9.626361193e+01 +9.626361193e+01 +6.1869e-01 +2.4321e+00 +6.6393e-01 -5.1750e-02 -3.1601e+00
69938 +7.775593199e-03 +7.775593199e-03 +9.625777559e+01 +9.625777559e+01 +1.9303e+00 -1.6890e+00 +5.6423e-01 -2.7349e+00 -6.9076e-01
83381 +6.042565637e-03 +6.042565637e-03 +9.625604257e+01 +9.625604257e+01 +2.6627e+00 +9.2879e-01 +6.8186e-01 -1.4946e-01 -1.1580e+00
88303 +2.796127582e-03 +2.796127582e-03 +9.625279613e+01 +9.625279613e+01 +1.1983e+00 -2.1747e+00 +4.9249e-02 -3.8144e+00 +1.5891e-01
94753 +2.497927581e-03 +2.497927581e-03 +9.625249793e+01 +9.625249793e+01 +3.7008e-01 +7.6875e-01 -1.0373e+00 -2.8685e+00 +2.3792e-01
107747 +1.476654706e-03 +1.476654706e-03 +9.625147665e+01 +9.625147665e+01 +1.5557e+00 +2.0567e+00 -4.1814e-01 -7.2702e-01 -6.9833e-01
114610 +7.398869353e-04 +7.398869353e-04 +9.625073989e+01 +9.625073989e+01 +1.0002e+00 -1.4538e+00 -3.9971e-02 -3.0744e+00 -4.9571e-02
120137 +6.260486778e-04 +6.260486778e-04 +9.625062605e+01 +9.625062605e+01 +1.5544e+00 +3.4423e+00 -2.5674e-01 +3.1286e-01 -1.3411e+00
128758 +3.464432372e-04 +3.464432372e-04 +9.625034644e+01 +9.625034644e+01 +2.3548e+00 +2.6904e+00 -2.4697e-01 +1.7174e-01 -6.1945e-01
137223 +1.462461056e-04 +1.462461056e-04 +9.625014625e+01 +9.625014625e+01 +5.5812e-01 +3.9324e+00 -5.6561e-01 -1.0519e-01 -1.5927e+00
149761 +8.617006947e-05 +8.617006947e-05 +9.625008617e+01 +9.625008617e+01 +1.9917e+00 +1.5151e+00 -2.9439e-01 -6.6423e-01 -2.0521e-01
155366 +3.081369584e-05 +3.081369584e-05 +9.625003081e+01 +9.625003081e+01 +1.1852e-01 +3.0684e+00 -6.0029e-01 +3.2434e-01 -1.1131e+00
168593 +1.975185393e-05 +1.975185393e-05 +9.625001975e+01 +9.625001975e+01 +3.1343e-01 +3.3339e+00 -4.5386e-01 +8.0007e-01 -1.3611e+00
175536 +1.385870891e-05 +1.385870891e-05 +9.625001386e+01 +9.625001386e+01 +1.7308e+00 +2.3674e+00 -2.4353e-01 -2.9414e-01 -7.8754e-01
186678 +8.912563885e-06 +8.912563885e-06 +9.625000891e+01 +9.625000891e+01 +9.0879e-01 +2.7653e+00 -3.2931e-01 -2.0088e-02 -1.1641e+00
193695 +5.759121606e-06 +5.759121606e-06 +9.625000576e+01 +9.625000576e+01 +6.5629e-01 +3.6372e+00 -6.6317e-01 +3.5628e-01 -9.7562e-01
201019 +3.321030491e-06 +3.321030491e-06 +9.625000332e+01 +9.625000332e+01 +2.0446e-01 +4.5330e+00 -2.2341e-01 +2.6161e+00 -2.4737e+00
208933 +1.793745966e-06 +1.793745966e-06 +9.625000179e+01 +9.625000179e+01 +8.1066e-01 +1.5426e-01 -5.3325e-01 -2.7010e+00 +3.2473e-01
209937 +1.373834209e-06 +1.373834209e-06 +9.625000137e+01 +9.625000137e+01 +4.7878e-01 +2.7114e+00 -3.3211e-01 -9.3683e-02 -1.3584e+00
216281 +8.314876254e-07 +8.314876254e-07 +9.625000083e+01 +9.625000083e+01 +4.7133e-01 +9.2341e-01 -4.9512e-01 -2.1868e+00 -2.5647e-01
225331 +5.049099485e-07 +5.049099485e-07 +9.625000050e+01 +9.625000050e+01 -1.3338e-01 +1.4761e+00 -3.8762e-01 -1.4564e+00 -1.0024e+00
226818 +2.639439600e-07 +2.639439600e-07 +9.625000026e+01 +9.625000026e+01 +1.6339e-01 -4.6097e-01 -5.2820e-01 -2.8883e+00 +2.4220e-01
238028 +2.208610113e-07 +2.208610113e-07 +9.625000022e+01 +9.625000022e+01 -4.1083e-01 +3.8822e+00 +5.8157e-02 +1.5145e+00 -3.0825e+00
247731 +1.546965791e-07 +1.546965791e-07 +9.625000015e+01 +9.625000015e+01 +3.2070e-01 +1.3575e+00 -4.1558e-01 -1.5478e+00 -6.6996e-01
251482 +8.689318065e-08 +8.689318065e-08 +9.625000009e+01 +9.625000009e+01 +3.8065e-01 +1.0037e-01 -5.3605e-01 -2.7746e+00 +1.3050e-01
261864 +4.608538973e-08 +4.608538973e-08 +9.625000005e+01 +9.625000005e+01 +3.2070e-01 +1.3575e+00 -4.1558e-01 -1.5478e+00 -6.6996e-01
269377 +2.355523065e-08 +2.355523065e-08 +9.625000002e+01 +9.625000002e+01 -1.9705e-01 +1.1998e+00 -2.7779e-01 -2.6985e-01 -1.1615e+00
279220 +1.549385331e-08 +1.549385331e-08 +9.625000002e+01 +9.625000002e+01 +2.2899e-01 +2.7095e+00 -1.0991e-01 -3.9136e-01 -1.8981e+00
284102 +6.308937373e-09 +6.308937373e-09 +9.625000001e+01 +9.625000001e+01 +6.6683e-01 +3.3068e+00 -9.7774e-04 -1.4097e+00 -2.1106e+00
% function evaluation | noise-free fitness - Fopt (1.467200000000e+02) | best noise-free fitness - Fopt | measured fitness | best measured fitness | x1 | x2...
1 +8.111063222e+00 +8.111063222e+00 +1.548310632e+02 +1.548310632e+02 -2.4295e+00 +1.0196e+00 +7.0434e-01 +7.3189e-01 +3.8888e+00
11 +3.924384770e+00 +3.924384770e+00 +1.506443848e+02 +1.506443848e+02 +4.7747e-01 +1.7215e+00 +1.2847e+00 -6.9142e-01 -2.9681e+00
38 +2.379230697e+00 +2.379230697e+00 +1.490992307e+02 +1.490992307e+02 +3.1894e-02 +3.2421e+00 -3.3243e+00 +1.1736e+00 +4.8026e+00
148 +1.343392174e+00 +1.343392174e+00 +1.480633922e+02 +1.480633922e+02 -3.8193e+00 -5.9054e-01 -3.6751e+00 -4.2808e+00 +1.8735e+00
6404 +7.777165276e-01 +7.777165276e-01 +1.474977165e+02 +1.474977165e+02 -3.9839e+00 +1.5052e+00 -3.7088e+00 -5.0849e+00 -5.8546e-01
7482 +5.782846038e-01 +5.782846038e-01 +1.472982846e+02 +1.472982846e+02 -4.3760e+00 +3.6121e-01 -2.2395e+00 -2.7150e+00 +1.7118e-01
12268 +2.780218648e-01 +2.780218648e-01 +1.469980219e+02 +1.469980219e+02 -2.2786e+00 -2.8261e+00 -2.8251e+00 -1.6632e+00 +1.7574e-01
16422 +2.119061939e-01 +2.119061939e-01 +1.469319062e+02 +1.469319062e+02 -1.5769e+00 -1.6032e+00 -3.1897e+00 -2.9286e+00 -1.0344e+00
21840 +1.388547398e-01 +1.388547398e-01 +1.468588547e+02 +1.468588547e+02 -7.9830e-01 +6.9742e-01 -3.6920e+00 -2.6264e+00 -1.1321e+00
27898 +7.148302536e-02 +7.148302536e-02 +1.467914830e+02 +1.467914830e+02 +5.1312e-03 -3.6708e+00 -2.3805e-01 -2.4855e+00 +1.4223e+00
37298 +5.947941074e-02 +5.947941074e-02 +1.467794794e+02 +1.467794794e+02 +4.7628e-01 -4.7063e+00 -1.0796e+00 -2.5765e+00 +8.0758e-01
48095 +3.409094980e-02 +3.409094980e-02 +1.467540909e+02 +1.467540909e+02 +1.3093e+00 -3.3329e+00 -2.9729e+00 -1.3087e+00 +1.0002e+00
54695 +2.119172559e-02 +2.119172559e-02 +1.467411917e+02 +1.467411917e+02 +9.5220e-01 -2.5528e+00 -3.2981e+00 -2.0980e+00 -1.2214e+00
61043 +1.225961359e-02 +1.225961359e-02 +1.467322596e+02 +1.467322596e+02 -1.1241e+00 -1.9633e+00 -4.4573e+00 -3.0041e+00 -1.2658e+00
65811 +8.793305663e-03 +8.793305663e-03 +1.467287933e+02 +1.467287933e+02 +1.4392e+00 -2.5325e+00 -2.8871e+00 -2.2899e+00 -8.2839e-01
75914 +5.701315234e-03 +5.701315234e-03 +1.467257013e+02 +1.467257013e+02 +6.2168e-01 -3.2700e+00 -2.0932e+00 -3.3863e+00 -4.9128e-02
84331 +2.953961287e-03 +2.953961287e-03 +1.467229540e+02 +1.467229540e+02 +2.9459e+00 -2.9530e+00 -1.8313e+00 -1.6477e+00 +9.8561e-02
85352 +2.094347214e-03 +2.094347214e-03 +1.467220943e+02 +1.467220943e+02 +1.8394e+00 -3.8202e+00 -1.0879e+00 -3.1824e+00 +8.0704e-01
93471 +1.344596277e-03 +1.344596277e-03 +1.467213446e+02 +1.467213446e+02 +4.0723e+00 -3.7926e+00 -1.5063e+00 -8.3444e-01 +1.1169e+00
103075 +8.788335876e-04 +8.788335876e-04 +1.467208788e+02 +1.467208788e+02 +4.4475e-01 -4.3782e+00 -5.2618e-01 -4.0259e+00 +2.0608e+00
111411 +6.045589237e-04 +6.045589237e-04 +1.467206046e+02 +1.467206046e+02 +1.9496e+00 -3.6852e+00 -1.4111e+00 -2.2874e+00 +1.8892e+00
119353 +3.140423705e-04 +3.140423705e-04 +1.467203140e+02 +1.467203140e+02 +2.4377e+00 -4.1625e+00 -6.1366e-01 -1.2363e+00 +4.1777e+00
125960 +1.729782391e-04 +1.729782391e-04 +1.467201730e+02 +1.467201730e+02 +2.0023e+00 -3.5757e+00 -1.2963e+00 -1.8561e+00 +1.2738e+00
131052 +1.415294354e-04 +1.415294354e-04 +1.467201415e+02 +1.467201415e+02 +1.4648e+00 -3.7161e+00 -6.8517e-01 -2.6185e+00 +2.0732e+00
142084 +9.928961134e-05 +9.928961134e-05 +1.467200993e+02 +1.467200993e+02 +1.8396e+00 -3.3923e+00 -1.3227e+00 -2.3781e+00 +5.7129e-01
149116 +6.068251858e-05 +6.068251858e-05 +1.467200607e+02 +1.467200607e+02 +3.9539e+00 -3.6184e+00 -2.5859e+00 -2.8597e+00 -1.6412e+00
154747 +2.156697971e-05 +2.156697971e-05 +1.467200216e+02 +1.467200216e+02 +5.0345e-01 -3.4552e+00 +2.1458e-01 -3.6414e+00 +2.3411e+00
166233 +1.218006082e-05 +1.218006082e-05 +1.467200122e+02 +1.467200122e+02 +1.6281e+00 -2.0976e+00 +1.7097e-01 -3.7774e+00 -8.6425e-01
173528 +3.199945382e-06 +3.199945382e-06 +1.467200032e+02 +1.467200032e+02 +1.7681e+00 -4.0133e+00 -4.1432e-01 -2.8550e+00 +3.2872e+00
189691 +1.915834360e-06 +1.915834360e-06 +1.467200019e+02 +1.467200019e+02 +1.4972e+00 -4.1617e+00 -1.3517e-01 -3.1436e+00 +3.9707e+00
198459 +1.564905034e-06 +1.564905034e-06 +1.467200016e+02 +1.467200016e+02 +3.5251e+00 -4.9779e+00 -2.5744e+00 -1.6776e+00 +3.2026e+00
201868 +7.922699012e-07 +7.922699012e-07 +1.467200008e+02 +1.467200008e+02 +2.7997e+00 -3.4354e+00 -8.2875e-01 -3.2143e+00 +1.0292e+00
209650 +6.166661137e-07 +6.166661137e-07 +1.467200006e+02 +1.467200006e+02 +3.4022e+00 -3.9562e+00 -1.1801e+00 -2.2740e+00 +2.6213e+00
215113 +2.690350698e-07 +2.690350698e-07 +1.467200003e+02 +1.467200003e+02 +4.1692e+00 -4.9963e+00 -3.1816e+00 -1.9813e+00 +1.8025e+00
223529 +2.225107494e-07 +2.225107494e-07 +1.467200002e+02 +1.467200002e+02 +3.9803e+00 -4.2614e+00 -2.2861e+00 -2.0647e+00 +1.4647e+00
227759 +1.330084274e-07 +1.330084274e-07 +1.467200001e+02 +1.467200001e+02 +3.8542e+00 -4.4086e+00 -2.7050e+00 -2.5118e+00 +8.3054e-01
229851 +8.990878086e-08 +8.990878086e-08 +1.467200001e+02 +1.467200001e+02 +4.6414e+00 -4.6541e+00 -3.5407e+00 -2.4717e+00 -7.1856e-02
243669 +5.562822025e-08 +5.562822025e-08 +1.467200001e+02 +1.467200001e+02 +3.9285e+00 -4.5484e+00 -2.9078e+00 -2.6397e+00 +5.9193e-01
246201 +3.398019999e-08 +3.398019999e-08 +1.467200000e+02 +1.467200000e+02 +3.4422e+00 -4.4857e+00 -2.4969e+00 -2.6375e+00 +1.2315e+00
254724 +2.396384957e-08 +2.396384957e-08 +1.467200000e+02 +1.467200000e+02 +4.2586e+00 -4.8536e+00 -3.2485e+00 -2.4295e+00 +1.1572e+00
263534 +1.568247399e-08 +1.568247399e-08 +1.467200000e+02 +1.467200000e+02 +2.4008e+00 -4.2728e+00 -1.6495e+00 -3.1049e+00 +1.7743e+00
269365 +7.703221172e-09 +7.703221172e-09 +1.467200000e+02 +1.467200000e+02 +3.4666e+00 -4.6096e+00 -2.9640e+00 -3.1400e+00 +5.0944e-01
% function evaluation | noise-free fitness - Fopt (-5.919800000000e+02) | best noise-free fitness - Fopt | measured fitness | best measured fitness | x1 | x2...
1 +1.526925768e+01 +1.526925768e+01 -5.767107423e+02 -5.767107423e+02 +2.8905e+00 +2.6305e+00 +8.7268e-01 +1.0021e+00 +4.9231e+00
24 +9.350465096e+00 +9.350465096e+00 -5.826295349e+02 -5.826295349e+02 +2.1409e+00 +1.0622e+00 +4.5219e+00 +5.2755e-01 +4.2005e+00
39 +3.233974213e+00 +3.233974213e+00 -5.887460258e+02 -5.887460258e+02 +9.3859e-02 +1.5346e+00 -2.6172e+00 +1.5187e+00 -4.0646e-01
1672 +1.924728148e+00 +1.924728148e+00 -5.900552719e+02 -5.900552719e+02 +1.5722e+00 +3.6988e+00 -3.4318e+00 -1.9429e+00 +5.0718e+00
3478 +1.014849713e+00 +1.014849713e+00 -5.909651503e+02 -5.909651503e+02 +2.6135e+00 +3.1717e+00 -4.2876e+00 +1.4888e+00 -3.6381e-02
5649 +9.685489325e-01 +9.685489325e-01 -5.910114511e+02 -5.910114511e+02 +2.0149e+00 -7.6534e-01 -4.0944e-01 -1.4788e+00 +2.4817e+00
10430 +5.961295335e-01 +5.961295335e-01 -5.913838705e+02 -5.913838705e+02 -8.8381e-01 -2.0575e+00 -2.0564e+00 -5.1084e+00 -1.2661e+00
17903 +2.619960236e-01 +2.619960236e-01 -5.917180040e+02 -5.917180040e+02 +2.8967e+00 -5.5765e-01 +9.9031e-01 +1.0248e+00 +5.0124e-02
20230 +2.099311076e-01 +2.099311076e-01 -5.917700689e+02 -5.917700689e+02 +3.8279e+00 -1.5903e+00 +9.6130e-01 +1.3887e+00 +2.1807e+00
27816 +1.515350459e-01 +1.515350459e-01 -5.918284650e+02 -5.918284650e+02 +3.6415e+00 -4.8684e+00 +2.6853e+00 +1.0896e+00 +3.2998e+00
38136 +8.036366085e-02 +8.036366085e-02 -5.918996363e+02 -5.918996363e+02 +2.2618e+00 -2.7189e-01 -9.9126e-01 -8.7060e-01 +4.7640e-01
43843 +3.362952568e-02 +3.362952568e-02 -5.919463705e+02 -5.919463705e+02 +4.0296e+00 -1.6817e+00 +1.8972e+00 +4.8460e-01 +2.0724e+00
58040 +1.569038952e-02 +1.569038952e-02 -5.919643096e+02 -5.919643096e+02 +3.1208e+00 -1.6325e+00 -5.1064e-01 +1.3312e+00 +1.4392e+00
68445 +6.755242871e-03 +6.755242871e-03 -5.919732448e+02 -5.919732448e+02 +2.1654e+00 -2.3810e+00 -1.4191e+00 +1.0697e+00 +4.8624e-01
76166 +4.967479888e-03 +4.967479888e-03 -5.919750325e+02 -5.919750325e+02 +3.1326e+00 -3.6504e+00 -1.8040e+00 +3.8961e+00 +2.1759e+00
78845 +3.675288651e-03 +3.675288651e-03 -5.919763247e+02 -5.919763247e+02 +2.5141e+00 -2.0123e+00 -9.7584e-01 +7.1305e-01 +6.1475e-01
87905 +2.278581472e-03 +2.278581472e-03 -5.919777214e+02 -5.919777214e+02 +2.1263e+00 -1.7640e+00 -1.0847e+00 -1.3963e+00 +9.0035e-01
99128 +1.248850485e-03 +1.248850485e-03 -5.919787511e+02 -5.919787511e+02 +2.4414e+00 -1.3925e+00 +3.9195e-01 -2.1151e+00 -5.6902e-01
104866 +9.769702481e-04 +9.769702481e-04 -5.919790230e+02 -5.919790230e+02 +2.9497e+00 -3.1036e-01 +5.3068e-01 -9.5526e-01 -1.0072e+00
108804 +4.137120599e-04 +4.137120599e-04 -5.919795863e+02 -5.919795863e+02 +3.2909e+00 -4.4856e-01 +1.1629e+00 -6.0350e-01 -1.3499e+00
118212 +3.789406587e-04 +3.789406587e-04 -5.919796211e+02 -5.919796211e+02 +4.6132e+00 -1.5523e+00 +1.9009e+00 +4.9971e+00 -2.4164e+00
124339 +2.395053879e-04 +2.395053879e-04 -5.919797605e+02 -5.919797605e+02 +3.4929e+00 -5.6342e-01 +1.2363e+00 -3.1255e-01 -1.3767e+00
125149 +1.523028883e-04 +1.523028883e-04 -5.919798477e+02 -5.919798477e+02 +3.5405e+00 -1.2614e+00 +1.2846e+00 +6.8728e-01 -1.5154e+00
137884 +8.114627644e-05 +8.114627644e-05 -5.919799189e+02 -5.919799189e+02 +2.3456e+00 -7.6428e-01 +4.0629e-01 -2.3177e+00 -6.8665e-01
141009 +5.624651624e-05 +5.624651624e-05 -5.919799438e+02 -5.919799438e+02 +3.7845e+00 -1.6998e+00 +1.4958e+00 +1.6052e+00 -1.6240e+00
151212 +3.861004609e-05 +3.861004609e-05 -5.919799614e+02 -5.919799614e+02 +3.1695e+00 -4.1639e-01 +8.4855e-01 -6.3808e-01 -1.2996e+00
153908 +1.922938281e-05 +1.922938281e-05 -5.919799808e+02 -5.919799808e+02 +2.7763e+00 -7.7203e-01 +4.6410e-01 -1.0550e+00 -9.1608e-01
160984 +1.580920525e-05 +1.580920525e-05 -5.919799842e+02 -5.919799842e+02 +3.3096e+00 -6.5034e-01 +9.3133e-01 -3.0912e-01 -1.1795e+00
165366 +6.043818644e-06 +6.043818644e-06 -5.919799940e+02 -5.919799940e+02 +2.7000e+00 -2.3560e-01 +5.4551e-01 -2.1120e+00 -8.5702e-01
188535 +3.851577048e-06 +3.851577048e-06 -5.919799961e+02 -5.919799961e+02 +3.0224e+00 -5.3280e-01 +4.9797e-01 -8.9468e-01 -7.5359e-01
192060 +2.308824037e-06 +2.308824037e-06 -5.919799977e+02 -5.919799977e+02 +3.7370e+00 -9.6166e-01 +1.5841e+00 +8.6249e-01 -1.6719e+00
193613 +1.507717684e-06 +1.507717684e-06 -5.919799985e+02 -5.919799985e+02 +2.7277e+00 +9.6361e-02 +7.5537e-01 -2.5800e+00 -1.0266e+00
202615 +8.677073993e-07 +8.677073993e-07 -5.919799991e+02 -5.919799991e+02 +3.4763e+00 -7.0250e-01 +7.8872e-01 +4.4356e-01 -1.0484e+00
209259 +2.777730970e-07 +2.777730970e-07 -5.919799997e+02 -5.919799997e+02 +2.9428e+00 -1.6646e-01 -8.8145e-02 -9.5051e-01 -3.9612e-01
219964 +2.359536211e-07 +2.359536211e-07 -5.919799998e+02 -5.919799998e+02 +2.4479e+00 +8.5425e-01 -1.1294e+00 -2.7817e+00 +4.3195e-01
222645 +1.447607474e-07 +1.447607474e-07 -5.919799999e+02 -5.919799999e+02 +3.2245e+00 -6.0749e-01 +7.0787e-01 -3.4663e-01 -9.6712e-01
223701 +7.485300557e-08 +7.485300557e-08 -5.919799999e+02 -5.919799999e+02 +3.2245e+00 -6.0749e-01 +7.0787e-01 -3.4663e-01 -9.6712e-01
224038 +6.109337392e-08 +6.109337392e-08 -5.919799999e+02 -5.919799999e+02 +2.4479e+00 +8.5425e-01 -1.1294e+00 -2.7817e+00 +4.3195e-01
224536 +3.645686775e-08 +3.645686775e-08 -5.919800000e+02 -5.919800000e+02 +2.4479e+00 +8.5425e-01 -1.1294e+00 -2.7817e+00 +4.3195e-01
225023 +2.329454674e-08 +2.329454674e-08 -5.919800000e+02 -5.919800000e+02 +2.4479e+00 +8.5425e-01 -1.1294e+00 -2.7817e+00 +4.3195e-01
225178 +1.519993020e-08 +1.519993020e-08 -5.919800000e+02 -5.919800000e+02 +2.4479e+00 +8.5425e-01 -1.1294e+00 -2.7817e+00 +4.3195e-01
225380 +7.959101822e-09 +7.959101822e-09 -5.919800000e+02 -5.919800000e+02 +2.4479e+00 +8.5425e-01 -1.1294e+00 -2.7817e+00 +4.3195e-01
% function evaluation | noise-free fitness - Fopt (7.429000000000e+01) | best noise-free fitness - Fopt | measured fitness | best measured fitness | x1 | x2...
1 +2.771264157e+01 +2.771264157e+01 +1.020026416e+02 +1.020026416e+02 +4.1763e+00 -8.1166e-01 +3.8072e+00 -4.4793e+00 -1.7850e+00
4 +9.718205603e+00 +9.718205603e+00 +8.400820560e+01 +8.400820560e+01 -7.2113e-02 +2.4711e+00 +1.6514e+00 -7.4620e-01 -4.9213e+00
9 +5.979697145e+00 +5.979697145e+00 +8.026969715e+01 +8.026969715e+01 -4.9366e+00 -1.0830e+00 +1.3244e+00 -4.0215e+00 -4.8652e-01
127 +2.953666039e+00 +2.953666039e+00 +7.724366604e+01 +7.724366604e+01 -1.4174e+00 -8.0524e-01 +3.5809e+00 +3.3273e+00 +2.7391e+00
981 +1.494774423e+00 +1.494774423e+00 +7.578477442e+01 +7.578477442e+01 -2.2925e+00 -1.7908e+00 +4.7027e+00 +4.6656e+00 +2.1155e+00
1018 +7.190234847e-01 +7.190234847e-01 +7.500902348e+01 +7.500902348e+01 +2.0028e+00 -3.7138e+00 +3.8932e+00 +3.9978e+00 +7.0696e-02
4512 +6.048187056e-01 +6.048187056e-01 +7.489481871e+01 +7.489481871e+01 +2.9879e-01 -2.4399e+00 +1.6530e+00 +9.6086e-01 -4.5497e+00
12362 +3.026058527e-01 +3.026058527e-01 +7.459260585e+01 +7.459260585e+01 +1.5007e+00 -3.7887e+00 +1.0322e+00 +4.4254e+00 +7.5645e-01
17836 +2.029773151e-01 +2.029773151e-01 +7.449297732e+01 +7.449297732e+01 -2.1412e+00 -1.5744e+00 -2.8877e+00 +8.4793e-01 -2.0211e+00
28066 +1.535705736e-01 +1.535705736e-01 +7.444357057e+01 +7.444357057e+01 -9.9961e-01 -1.3263e-01 -2.9231e+00 +4.1405e+00 -1.1944e+00
40989 +8.830077817e-02 +8.830077817e-02 +7.437830078e+01 +7.437830078e+01 +3.4013e+00 -1.6498e+00 -4.7586e+00 +1.8559e+00 -5.3139e-01
44389 +4.810337336e-02 +4.810337336e-02 +7.433810337e+01 +7.433810337e+01 +4.2046e+00 -3.8743e+00 -2.5897e+00 +2.4721e+00 +3.8225e-01
61396 +2.325955448e-02 +2.325955448e-02 +7.431325955e+01 +7.431325955e+01 +2.7363e+00 -3.4074e+00 -2.1743e+00 +5.3151e-01 -2.6388e+00
76696 +1.140451602e-02 +1.140451602e-02 +7.430140452e+01 +7.430140452e+01 +2.2069e+00 -4.0687e+00 -7.8617e-01 -4.1686e-01 -3.4528e+00
83037 +8.222577148e-03 +8.222577148e-03 +7.429822258e+01 +7.429822258e+01 +1.9245e+00 -2.1749e+00 -1.4126e+00 +2.5910e+00 -9.3004e-02
88730 +5.459903157e-03 +5.459903157e-03 +7.429545990e+01 +7.429545990e+01 +8.2460e-01 -3.1378e+00 -9.8344e-01 +1.3161e+00 -2.4350e+00
96053 +1.970883346e-03 +1.970883346e-03 +7.429197088e+01 +7.429197088e+01 +2.6752e+00 -3.2989e+00 -3.0856e+00 -1.1998e+00 -3.6765e+00
111937 +1.474986741e-03 +1.474986741e-03 +7.429147499e+01 +7.429147499e+01 +4.1473e+00 -4.6426e+00 -3.2531e+00 +2.2072e-01 -1.2004e+00
116559 +9.570272521e-04 +9.570272521e-04 +7.429095703e+01 +7.429095703e+01 +2.2995e+00 -3.7082e+00 -1.6297e+00 +1.6994e+00 -6.8438e-01
123735 +5.969372585e-04 +5.969372585e-04 +7.429059694e+01 +7.429059694e+01 +3.0417e+00 -3.0873e+00 -3.5208e+00 -1.1668e+00 -3.2482e+00
131698 +2.530457475e-04 +2.530457475e-04 +7.429025305e+01 +7.429025305e+01 +2.8845e+00 -3.1248e+00 -3.4315e+00 -9.8498e-01 -2.6411e+00
137308 +2.435299305e-04 +2.435299305e-04 +7.429024353e+01 +7.429024353e+01 +9.9949e-01 -4.1378e+00 -2.6094e-01 +2.0709e+00 -6.6618e-01
150684 +1.391067997e-04 +1.391067997e-04 +7.429013911e+01 +7.429013911e+01 -1.1700e-01 -4.1875e+00 +7.2641e-01 +1.9967e+00 -1.7768e+00
152152 +8.239967255e-05 +8.239967255e-05 +7.429008240e+01 +7.429008240e+01 +5.1681e-01 -3.6458e+00 +5.1897e-02 +3.1350e+00 +3.9126e-01
160882 +3.543395985e-05 +3.543395985e-05 +7.429003543e+01 +7.429003543e+01 -2.1251e-01 -2.8763e+00 +5.4663e-01 +2.7863e+00 -1.1335e+00
176032 +2.334101693e-05 +2.334101693e-05 +7.429002334e+01 +7.429002334e+01 +1.6320e+00 -4.4511e+00 -1.0075e+00 +8.5954e-01 -1.7221e+00
179674 +1.584306729e-05 +1.584306729e-05 +7.429001584e+01 +7.429001584e+01 +2.9962e-01 -3.2620e+00 +2.4142e-01 +1.9198e+00 -2.0921e+00
194661 +7.269195123e-06 +7.269195123e-06 +7.429000727e+01 +7.429000727e+01 -5.3776e-01 -3.8366e+00 +1.5002e+00 +2.5859e+00 -2.0948e+00
198788 +5.507299193e-06 +5.507299193e-06 +7.429000551e+01 +7.429000551e+01 +4.7013e-01 -3.7980e+00 +4.3562e-01 +2.8936e+00 -6.1522e-01
204623 +2.928524111e-06 +2.928524111e-06 +7.429000293e+01 +7.429000293e+01 -4.1312e-01 -3.7867e+00 +1.3786e+00 +4.0711e+00 +4.8638e-01
213195 +1.925489642e-06 +1.925489642e-06 +7.429000193e+01 +7.429000193e+01 +9.7752e-01 -4.2676e+00 -7.0156e-02 +3.1705e+00 +8.2001e-01
216120 +1.571734302e-06 +1.571734302e-06 +7.429000157e+01 +7.429000157e+01 -3.8709e-01 -2.9986e+00 +7.7010e-01 +2.3920e+00 -1.8051e+00
221653 +7.938675708e-07 +7.938675708e-07 +7.429000079e+01 +7.429000079e+01 -6.7061e-02 -2.9103e+00 +2.1427e-01 +1.8034e+00 -2.0964e+00
227566 +5.472841167e-07 +5.472841167e-07 +7.429000055e+01 +7.429000055e+01 -1.0718e+00 -1.7451e+00 +7.4729e-01 +1.8602e+00 -3.0796e+00
237715 +3.826013568e-07 +3.826013568e-07 +7.429000038e+01 +7.429000038e+01 -6.7061e-02 -2.9103e+00 +2.1427e-01 +1.8034e+00 -2.0964e+00
247243 +1.937895178e-07 +1.937895178e-07 +7.429000019e+01 +7.429000019e+01 +1.1187e+00 -3.6766e+00 -9.2734e-01 +8.0618e-01 -2.0265e+00
251513 +1.303892248e-07 +1.303892248e-07 +7.429000013e+01 +7.429000013e+01 -1.7440e-01 -2.7864e+00 +5.6015e-01 +2.6061e+00 -1.4921e+00
255096 +9.361119169e-08 +9.361119169e-08 +7.429000009e+01 +7.429000009e+01 -4.1729e-01 -3.2507e+00 +4.9531e-01 +9.7787e-01 -3.3039e+00
262197 +5.362204547e-08 +5.362204547e-08 +7.429000005e+01 +7.429000005e+01 +1.3708e+00 -3.7244e+00 -6.4150e-01 +2.2922e+00 -4.3811e-01
269167 +3.831191009e-08 +3.831191009e-08 +7.429000004e+01 +7.429000004e+01 +2.3200e+00 -4.4619e+00 -1.2590e+00 +2.2882e+00 +4.1989e-01
280325 +2.149023715e-08 +2.149023715e-08 +7.429000002e+01 +7.429000002e+01 +2.0638e+00 -3.7502e+00 -1.8125e+00 -4.6881e-02 -2.6809e+00
283379 +1.221309276e-08 +1.221309276e-08 +7.429000001e+01 +7.429000001e+01 +8.7655e-01 -2.5451e+00 -7.9472e-01 +1.2101e+00 -2.4782e+00
295409 +9.486029739e-09 +9.486029739e-09 +7.429000001e+01 +7.429000001e+01 +5.3673e-01 -3.1841e+00 -2.7271e-01 +1.6109e+00 -1.8512e+00
% function evaluation | noise-free fitness - Fopt (-3.490000000000e+00) | best noise-free fitness - Fopt | measured fitness | best measured fitness | x1 | x2...
1 +1.972274823e+01 +1.972274823e+01 +1.623274823e+01 +1.623274823e+01 -1.6130e+00 -4.6790e+00 -4.3396e+00 -5.6194e-01 -1.0749e-01
2 +1.566432670e+01 +1.566432670e+01 +1.217432670e+01 +1.217432670e+01 -2.2848e+00 +1.9207e+00 -4.8939e+00 -3.1052e+00 +3.3419e+00
8 +7.097635519e+00 +7.097635519e+00 +3.607635519e+00 +3.607635519e+00 +1.5677e+00 +3.9829e+00 -1.9129e+00 -3.7728e-02 +7.5499e-01
20 +5.334920697e+00 +5.334920697e+00 +1.844920697e+00 +1.844920697e+00 +4.4694e+00 -1.7131e+00 +3.5608e+00 +2.8849e+00 +1.8087e-01
106 +3.794595278e+00 +3.794595278e+00 +3.045952781e-01 +3.045952781e-01 +4.4882e+00 +5.1441e+00 -2.2046e+00 -3.5975e+00 -3.8995e+00
932 +2.063297877e+00 +2.063297877e+00 -1.426702123e+00 -1.426702123e+00 -2.8537e+00 -1.6308e+00 +2.2578e+00 -5.0923e+00 +2.9873e-01
3909 +1.122718036e+00 +1.122718036e+00 -2.367281964e+00 -2.367281964e+00 -3.5616e+00 -5.1779e+00 +4.2680e+00 +2.0169e+00 +1.8461e+00
5810 +7.060586741e-01 +7.060586741e-01 -2.783941326e+00 -2.783941326e+00 -1.3616e+00 -2.3776e+00 +5.5473e-01 -1.3605e+00 -5.8591e-01
8813 +4.259216043e-01 +4.259216043e-01 -3.064078396e+00 -3.064078396e+00 -2.9658e-01 -2.8740e+00 +2.3834e+00 +4.4211e+00 +1.7769e+00
9965 +3.295482834e-01 +3.295482834e-01 -3.160451717e+00 -3.160451717e+00 -2.8155e+00 +9.0496e-02 +1.2881e+00 -2.2236e-01 +2.9143e+00
19405 +2.405066143e-01 +2.405066143e-01 -3.249493386e+00 -3.249493386e+00 -1.9940e+00 +7.8734e-01 -8.1226e-01 -4.0992e+00 +1.2170e+00
26851 +1.313104057e-01 +1.313104057e-01 -3.358689594e+00 -3.358689594e+00 -4.2695e+00 -2.5033e+00 +3.8212e+00 -3.1357e+00 +1.7872e+00
29353 +9.947428718e-02 +9.947428718e-02 -3.390525713e+00 -3.390525713e+00 -2.1218e+00 -3.8986e+00 +1.7211e+00 +1.3695e+00 +1.5990e+00
38407 +5.263500854e-02 +5.263500854e-02 -3.437364991e+00 -3.437364991e+00 +1.2812e+00 -1.7978e-01 +1.7843e+00 +2.9704e+00 +1.5646e+00
51451 +3.573037298e-02 +3.573037298e-02 -3.454269627e+00 -3.454269627e+00 -2.8840e+00 -1.2473e+00 +1.0565e+00 -3.7892e+00 +2.5386e+00
59069 +1.581419751e-02 +1.581419751e-02 -3.474185802e+00 -3.474185802e+00 -1.5579e+00 -2.9617e+00 +2.1653e+00 -7.5735e-02 +4.7321e-01
64424 +5.266728517e-03 +5.266728517e-03 -3.484733271e+00 -3.484733271e+00 -1.4070e+00 -2.6993e+00 +2.9272e+00 -5.1186e-01 +1.3387e+00
84736 +1.393178662e-03 +1.393178662e-03 -3.488606821e+00 -3.488606821e+00 -2.0568e+00 -2.5033e+00 +3.5507e+00 -2.2821e+00 +3.0827e-01
108937 +9.936905887e-04 +9.936905887e-04 -3.489006309e+00 -3.489006309e+00 -1.7001e+00 -2.7939e+00 +2.2613e+00 -9.0935e-01 +5.0752e-01
109155 +5.409929301e-04 +5.409929301e-04 -3.489459007e+00 -3.489459007e+00 -3.4063e+00 -3.3511e+00 +4.0109e+00 -2.1748e+00 -9.2758e-02
114242 +3.208421420e-04 +3.208421420e-04 -3.489679158e+00 -3.489679158e+00 -9.0643e-01 -2.5166e+00 +9.3290e-01 +7.2679e-01 +1.1789e+00
120568 +2.074328593e-04 +2.074328593e-04 -3.489792567e+00 -3.489792567e+00 +4.7904e-01 -1.7749e+00 -8.8438e-01 +2.0629e+00 +1.9075e+00
131371 +1.374900100e-04 +1.374900100e-04 -3.489862510e+00 -3.489862510e+00 -8.6497e-02 -2.1384e+00 -1.9620e+00 +3.4190e+00 +2.0948e+00
136834 +9.135191971e-05 +9.135191971e-05 -3.489908648e+00 -3.489908648e+00 -2.2204e+00 -3.1987e+00 +2.4847e+00 -7.3607e-01 +4.2375e-01
143587 +4.406543176e-05 +4.406543176e-05 -3.489955935e+00 -3.489955935e+00 -7.6142e-01 -2.3962e+00 -4.6784e-01 +1.8739e+00 +1.5222e+00
146688 +2.397184007e-05 +2.397184007e-05 -3.489976028e+00 -3.489976028e+00 -1.4973e+00 -2.7019e+00 +3.3715e-01 +1.1626e+00 +1.1715e+00
162718 +7.572941628e-06 +7.572941628e-06 -3.489992427e+00 -3.489992427e+00 -9.4391e-01 -2.6836e+00 +7.1103e-01 +8.9639e-01 +1.1366e+00
175229 +6.228738928e-06 +6.228738928e-06 -3.489993771e+00 -3.489993771e+00 -3.1134e+00 -3.9700e+00 +3.9867e+00 -1.5046e+00 -1.1788e-01
183564 +3.667452506e-06 +3.667452506e-06 -3.489996333e+00 -3.489996333e+00 -1.6749e+00 -3.0928e+00 +1.6207e+00 +3.7876e-01 +8.2733e-01
187473 +2.281780223e-06 +2.281780223e-06 -3.489997718e+00 -3.489997718e+00 -2.2480e+00 -3.5124e+00 +2.5516e+00 -3.6300e-01 +4.0189e-01
188929 +1.412483690e-06 +1.412483690e-06 -3.489998588e+00 -3.489998588e+00 -2.6542e+00 -3.6735e+00 +2.9948e+00 -6.6018e-01 +2.5030e-01
189491 +9.606489466e-07 +9.606489466e-07 -3.489999039e+00 -3.489999039e+00 -3.0604e+00 -3.8345e+00 +3.4380e+00 -9.5736e-01 +9.8710e-02
189531 +6.248944993e-07 +6.248944993e-07 -3.489999375e+00 -3.489999375e+00 -2.6542e+00 -3.6735e+00 +2.9948e+00 -6.6018e-01 +2.5030e-01
190121 +3.945822473e-07 +3.945822473e-07 -3.489999605e+00 -3.489999605e+00 -2.2480e+00 -3.5124e+00 +2.5516e+00 -3.6300e-01 +4.0189e-01
190555 +2.086330904e-07 +2.086330904e-07 -3.489999791e+00 -3.489999791e+00 -2.6542e+00 -3.6735e+00 +2.9948e+00 -6.6018e-01 +2.5030e-01
190692 +9.288786229e-08 +9.288786229e-08 -3.489999907e+00 -3.489999907e+00 -2.6542e+00 -3.6735e+00 +2.9948e+00 -6.6018e-01 +2.5030e-01
191452 +5.399181724e-08 +5.399181724e-08 -3.489999946e+00 -3.489999946e+00 -2.6542e+00 -3.6735e+00 +2.9948e+00 -6.6018e-01 +2.5030e-01
191811 +3.595614917e-08 +3.595614917e-08 -3.489999964e+00 -3.489999964e+00 -2.2480e+00 -3.5124e+00 +2.5516e+00 -3.6300e-01 +4.0189e-01
192085 +2.023919654e-08 +2.023919654e-08 -3.489999980e+00 -3.489999980e+00 -2.2480e+00 -3.5124e+00 +2.5516e+00 -3.6300e-01 +4.0189e-01
192402 +1.491725987e-08 +1.491725987e-08 -3.489999985e+00 -3.489999985e+00 -2.2480e+00 -3.5124e+00 +2.5516e+00 -3.6300e-01 +4.0189e-01
192615 +7.871867602e-09 +7.871867602e-09 -3.489999992e+00 -3.489999992e+00 -1.8418e+00 -3.3513e+00 +2.1083e+00 -6.5816e-02 +5.5348e-01
% function evaluation | noise-free fitness - Fopt (-1.283000000000e+01) | best noise-free fitness - Fopt | measured fitness | best measured fitness | x1 | x2...
1 +1.465009058e+01 +1.465009058e+01 +1.820090583e+00 +1.820090583e+00 +1.7022e-01 -3.5353e+00 -4.3808e-01 -3.7680e+00 +1.9010e+00
11 +4.824752525e+00 +4.824752525e+00 -8.005247475e+00 -8.005247475e+00 +1.5481e+00 -3.3586e-01 +3.0022e+00 +3.5977e+00 -8.9293e-01
631 +3.801304276e+00 +3.801304276e+00 -9.028695724e+00 -9.028695724e+00 +1.5857e+00 +6.6921e-02 -2.7477e+00 +8.4253e-01 -2.1380e-01
889 +2.134544669e+00 +2.134544669e+00 -1.069545533e+01 -1.069545533e+01 +2.5576e+00 +3.1288e-01 -4.4574e+00 +6.4798e-01 +7.6917e-02
2315 +1.325025879e+00 +1.325025879e+00 -1.150497412e+01 -1.150497412e+01 -2.3035e+00 +1.7739e+00 +2.3727e-01 -1.5651e+00 +1.5736e+00
8116 +9.347025051e-01 +9.347025051e-01 -1.189529749e+01 -1.189529749e+01 +4.4869e-02 +2.0536e+00 -1.6054e+00 -3.4416e+00 +1.5934e+00
9428 +6.220814626e-01 +6.220814626e-01 -1.220791854e+01 -1.220791854e+01 +1.3233e+00 +1.9675e+00 -8.9189e-01 -2.9167e+00 +4.1920e+00
15513 +2.648084337e-01 +2.648084337e-01 -1.256519157e+01 -1.256519157e+01 +4.3917e-01 +2.0464e-02 -3.2830e+00 -2.8268e+00 +3.0398e-01
21151 +1.988058783e-01 +1.988058783e-01 -1.263119412e+01 -1.263119412e+01 +1.3372e+00 -1.0005e+00 -1.8735e-01 -1.0051e+00 +6.4243e-01
25239 +1.467783455e-01 +1.467783455e-01 -1.268322165e+01 -1.268322165e+01 +2.8520e+00 -2.3711e+00 -1.0632e+00 -1.3684e+00 -5.1925e-01
31482 +8.341207085e-02 +8.341207085e-02 -1.274658793e+01 -1.274658793e+01 +1.5183e+00 -2.2351e+00 -2.7746e+00 +2.3665e-01 +2.0591e-02
34355 +4.791874233e-02 +4.791874233e-02 -1.278208126e+01 -1.278208126e+01 +4.8821e+00 +2.0063e+00 -5.1995e-01 -1.8208e+00 +2.1445e+00
43503 +2.795657288e-02 +2.795657288e-02 -1.280204343e+01 -1.280204343e+01 +2.8230e+00 +1.0537e+00 +5.0333e-01 +9.8309e-01 +5.1707e-01
52862 +2.377944237e-02 +2.377944237e-02 -1.280622056e+01 -1.280622056e+01 +3.9695e+00 +2.9468e+00 -6.4183e-01 -5.1134e-01 +5.2013e-01
62168 +1.431154415e-02 +1.431154415e-02 -1.281568846e+01 -1.281568846e+01 +3.3984e+00 +2.7207e-01 -1.8216e+00 +3.2538e+00 -6.1780e-01
62278 +8.156873294e-03 +8.156873294e-03 -1.282184313e+01 -1.282184313e+01 +4.0391e+00 +8.9323e-01 -2.9080e+00 +2.3150e-01 -3.0872e-01
77018 +4.512271292e-03 +4.512271292e-03 -1.282548773e+01 -1.282548773e+01 +4.1359e+00 +1.8992e+00 -9.9903e-01 -8.2212e-01 +2.8514e-02
80361 +3.666090903e-03 +3.666090903e-03 -1.282633391e+01 -1.282633391e+01 +3.9689e+00 +1.6164e+00 -3.7747e-01 -1.2023e-01 -5.1271e-01
90271 +1.935637710e-03 +1.935637710e-03 -1.282806436e+01 -1.282806436e+01 +3.8780e+00 +1.4620e+00 -1.8747e-01 +7.0768e-01 -3.8285e-01
103820 +1.567778662e-03 +1.567778662e-03 -1.282843222e+01 -1.282843222e+01 +3.4276e+00 +1.7297e+00 +1.3029e+00 +7.8971e-01 +1.0139e+00
106395 +3.866580275e-04 +3.866580275e-04 -1.282961334e+01 -1.282961334e+01 +4.1973e+00 +1.5059e+00 -1.4153e+00 -6.0996e-05 -1.7876e-01
124823 +2.474312206e-04 +2.474312206e-04 -1.282975257e+01 -1.282975257e+01 +4.3458e+00 +9.9571e-01 -2.7220e+00 +4.6389e-01 -5.5598e-01
133189 +1.141367853e-04 +1.141367853e-04 -1.282988586e+01 -1.282988586e+01 +4.0473e+00 +1.6086e+00 -1.4729e+00 -5.0346e-01 +1.5292e-02
136136 +3.101447640e-05 +3.101447640e-05 -1.282996899e+01 -1.282996899e+01 +4.4851e+00 +2.1880e+00 -1.2903e+00 -1.3185e+00 +2.0863e-02
160698 +1.991114964e-05 +1.991114964e-05 -1.282998009e+01 -1.282998009e+01 +4.5015e+00 +2.1701e+00 -1.2237e+00 -1.1674e+00 +3.3287e-02
163355 +1.288409635e-05 +1.288409635e-05 -1.282998712e+01 -1.282998712e+01 +4.1064e+00 +1.8993e+00 -1.8316e+00 -1.1289e+00 +2.9431e-01
176163 +9.355776040e-06 +9.355776040e-06 -1.282999064e+01 -1.282999064e+01 +4.0107e+00 +1.3730e+00 -2.3066e+00 -3.3598e-01 -4.9640e-02
181741 +5.256764846e-06 +5.256764846e-06 -1.282999474e+01 -1.282999474e+01 +4.3356e+00 +2.3409e+00 -1.3657e+00 -1.5695e+00 +4.3179e-01
187177 +3.822433358e-06 +3.822433358e-06 -1.282999618e+01 -1.282999618e+01 +4.6269e+00 +2.0271e+00 -1.9489e+00 -5.5568e-01 +6.7843e-02
191751 +2.482250432e-06 +2.482250432e-06 -1.282999752e+01 -1.282999752e+01 +4.1788e+00 +2.1356e+00 -1.4942e+00 -1.2986e+00 +4.8493e-01
200757 +1.500783112e-06 +1.500783112e-06 -1.282999850e+01 -1.282999850e+01 +4.3434e+00 +2.2145e+00 -1.9974e+00 -1.4113e+00 +4.6837e-01
202006 +7.616321902e-07 +7.616321902e-07 -1.282999924e+01 -1.282999924e+01 +4.5580e+00 +2.4745e+00 -9.7064e-01 -1.2358e+00 +4.2835e-01
204443 +5.898771249e-07 +5.898771249e-07 -1.282999941e+01 -1.282999941e+01 +4.8764e+00 +2.7221e+00 -7.1577e-01 -1.3150e+00 +2.5783e-01
207291 +3.054728470e-07 +3.054728470e-07 -1.282999969e+01 -1.282999969e+01 +4.8039e+00 +2.4858e+00 -1.0532e+00 -1.1453e+00 +6.7216e-02
210424 +2.187341721e-07 +2.187341721e-07 -1.282999978e+01 -1.282999978e+01 +4.9210e+00 +2.4190e+00 -1.1289e+00 -9.4422e-01 -1.5169e-01
211941 +1.474413356e-07 +1.474413356e-07 -1.282999985e+01 -1.282999985e+01 +4.8766e+00 +2.3098e+00 -1.3310e+00 -9.3495e-01 -2.5320e-01
213831 +9.313896676e-08 +9.313896676e-08 -1.282999991e+01 -1.282999991e+01 +4.7875e+00 +2.5037e+00 -1.1199e+00 -1.2964e+00 +5.4792e-02
215365 +4.837886003e-08 +4.837886003e-08 -1.282999995e+01 -1.282999995e+01 +4.5861e+00 +2.6016e+00 -8.3523e-01 -1.3962e+00 +5.1744e-01
216190 +3.757040368e-08 +3.757040368e-08 -1.282999996e+01 -1.282999996e+01 +4.9210e+00 +2.4190e+00 -1.1289e+00 -9.4422e-01 -1.5169e-01
217356 +2.381217001e-08 +2.381217001e-08 -1.282999998e+01 -1.282999998e+01 +4.5744e+00 +2.4566e+00 -9.0400e-01 -1.0847e+00 +4.4077e-01
218957 +1.002022820e-08 +1.002022820e-08 -1.282999999e+01 -1.282999999e+01 +4.8039e+00 +2.4858e+00 -1.0532e+00 -1.1453e+00 +6.7216e-02
219892 +8.541778840e-09 +8.541778840e-09 -1.282999999e+01 -1.282999999e+01 +4.6025e+00 +2.5837e+00 -7.6859e-01 -1.2451e+00 +5.2987e-01
