% function evaluation | noise-free fitness - Fopt (-4.620900000000e+02) | best noise-free fitness - Fopt | measured fitness | best measured fitness | x1 | x2...
1 +3.883048412e+03 +3.883048412e+03 +3.420958412e+03 +3.420958412e+03 -4.7518e+00 +3.4190e+00 +4.9726e+00 +7.8123e-02 +4.9552e+00 -3.2494e+00 +1.4763e+00 +3.9039e+00 -4.0982e+00 -1.9670e+00 +1.6766e-01 -2.2473e+00 +3.4143e+00 -1.9282e+00 +2.0343e+00 +3.4351e+00 -4.2410e+00 -2.1758e+00 +2.0232e+00 +1.7815e+00
2 +1.312465085e+03 +1.312465085e+03 +8.503750853e+02 +8.503750853e+02 +2.1706e-01 -2.1019e+00 -3.4714e+00 +3.3948e+00 -2.2359e+00 -2.6484e+00 -3.3639e+00 -3.5329e+00 +4.5703e+00 -3.8085e+00 -1.1039e+00 -2.1638e+00 +6.6075e-02 -3.5801e+00 +2.7993e+00 -1.4197e-01 +1.5159e+00 -1.6019e+00 -4.0518e-01 +2.8696e+00
43 +8.653449500e+02 +8.653449500e+02 +4.032549500e+02 +4.032549500e+02 +4.4856e+00 +1.8313e+00 +1.4718e+00 +2.6651e+00 -1.7342e+00 +4.4871e-01 -2.8638e+00 +2.8062e+00 +1.3062e-01 +1.7094e+00 -1.6525e+00 -3.9742e+00 +2.0730e+00 -3.2105e+00 -2.9104e+00 -1.5052e+00 +2.2708e+00 +2.7375e-01 -2.1929e+00 +4.9900e+00
962 +5.163386727e+02 +5.163386727e+02 +5.424867275e+01 +5.424867275e+01 -1.8968e+00 +3.1672e+00 +4.4428e+00 -9.0578e-01 +2.3799e+00 +6.6784e+00 +1.5559e+00 +1.3110e-01 +1.1090e+00 -5.0884e-01 -4.5432e+00 +1.8183e-01 -9.4051e-01 -1.9545e+00 -4.1427e+00 -2.4944e+00 -7.0832e-01 +4.2560e+00 -1.4861e+00 +6.6779e-01
1874 +3.879079334e+02 +3.879079334e+02 -7.418206665e+01 -7.418206665e+01 +4.7409e-01 +2.1503e+00 +7.7255e+00 -8.8450e-01 +3.6219e+00 +3.7596e+00 +3.1301e+00 -2.7913e+00 +1.8682e+00 -2.4091e+00 -1.9776e+00 -1.1408e+00 +1.3891e+00 -3.2353e+00 -2.8299e+00 -3.4944e+00 -1.0283e+00 +8.2305e-01 -2.8674e+00 +1.5731e+00
4140 +2.495645690e+02 +2.495645690e+02 -2.125254310e+02 -2.125254310e+02 +2.3191e+00 -3.8797e-01 +4.7548e+00 +1.1953e+00 +3.1746e+00 +1.6370e-01 +3.2966e+00 +1.8911e+00 +2.5822e+00 -1.5983e+00 -6.6635e-01 -2.6151e+00 -8.3918e-01 -2.9222e+00 -2.3483e+00 -4.3889e+00 -6.9720e-01 +2.1801e+00 -2.7032e+00 +1.2038e+00
8286 +1.540321510e+02 +1.540321510e+02 -3.080578490e+02 -3.080578490e+02 -1.4328e+00 +3.1416e+00 +2.6651e+00 +7.7636e-01 +4.0695e+00 +3.1785e+00 +1.1919e+00 +1.4890e+00 +1.2388e+00 -5.7788e-02 -2.6789e+00 -3.3835e+00 -1.2203e-01 -2.9595e+00 -1.7752e+00 -3.3301e+00 -1.1744e+00 +3.6607e+00 -3.1293e+00 +2.3941e+00
62740 +9.810123713e+01 +9.810123713e+01 -3.639887629e+02 -3.639887629e+02 -2.2384e+00 +3.1872e+00 +1.9655e+00 +7.4389e-01 +3.1349e+00 +1.5709e+00 +1.8965e+00 +2.6288e+00 +1.2660e+00 -5.6850e-02 -2.6300e+00 -4.1909e+00 -1.1235e-01 -3.4561e+00 -1.4072e+00 -3.8683e+00 -1.0349e+00 +3.4068e+00 -2.8804e+00 +2.1105e+00
826625 +5.942538954e+01 +5.942538954e+01 -4.026646105e+02 -4.026646105e+02 -2.2859e+00 +3.2925e+00 +1.4058e+00 +6.3215e-01 +2.1779e+00 +2.1402e+00 +1.9426e+00 +1.8568e+00 +1.1343e+00 -5.0709e-01 -2.5713e+00 -3.7509e+00 -7.7880e-02 -2.9381e+00 -1.3144e+00 -3.9442e+00 -6.8309e-01 +3.3987e+00 -2.9080e+00 +1.8406e+00
% function evaluation | noise-free fitness - Fopt (7.766000000000e+01) | best noise-free fitness - Fopt | measured fitness | best measured fitness | x1 | x2...
1 +2.431093754e+03 +2.431093754e+03 +2.508753754e+03 +2.508753754e+03 -4.7518e+00 +3.4190e+00 +4.9726e+00 +7.8123e-02 +4.9552e+00 -3.2494e+00 +1.4763e+00 +3.9039e+00 -4.0982e+00 -1.9670e+00 +1.6766e-01 -2.2473e+00 +3.4143e+00 -1.9282e+00 +2.0343e+00 +3.4351e+00 -4.2410e+00 -2.1758e+00 +2.0232e+00 +1.7815e+00
3 +1.581974036e+03 +1.581974036e+03 +1.659634036e+03 +1.659634036e+03 -4.7257e+00 -3.3348e+00 -3.6585e+00 -2.5308e+00 -4.8896e+00 +3.1732e-01 -3.4667e+00 +6.8246e-01 -6.9552e-01 -3.3823e+00 -2.5413e+00 +2.1374e-02 -5.8656e-01 +5.2793e-01 -3.3948e-01 -4.6054e+00 +4.5124e+00 +1.0595e+00 +4.9704e-01 -1.9615e+00
24 +9.201965083e+02 +9.201965083e+02 +9.978565083e+02 +9.978565083e+02 -1.0293e+00 -3.5467e+00 +3.3950e+00 +3.9030e+00 +1.0799e+00 -4.7499e+00 +8.2327e-01 -5.0313e-01 -4.7182e+00 -8.4404e-01 +3.7274e+00 +1.4984e+00 +1.3684e+00 -2.2851e+00 -5.4363e-01 +1.6938e+00 -2.1551e+00 +1.3068e+00 +3.5323e+00 -1.2626e+00
530 +6.263994299e+02 +6.263994299e+02 +7.040594299e+02 +7.040594299e+02 -1.5867e-01 +1.7982e+00 -6.3504e-01 -2.7404e+00 -2.1069e-01 -6.2888e+00 -4.4867e+00 -3.8250e+00 +7.1235e-01 -2.8117e+00 +1.5098e+00 +9.1238e-02 -1.7076e+00 -1.7820e+00 -6.3313e+00 +1.8478e+00 -2.5800e+00 +6.2009e-02 +1.8304e+00 -2.2840e+00
1636 +3.864032988e+02 +3.864032988e+02 +4.640632988e+02 +4.640632988e+02 -3.9522e-01 -7.9027e+00 -1.7522e+00 +1.3958e+00 -4.3946e+00 -3.4665e+00 -9.7987e-01 -3.8822e+00 -1.6111e+00 -3.0662e+00 +7.3617e-01 +1.4623e-01 -4.9922e-01 -1.2842e+00 -2.7815e+00 +6.4995e-01 -2.1438e+00 -3.0321e+00 +1.5209e+00 -3.5719e+00
3931 +2.301144448e+02 +2.301144448e+02 +3.077744448e+02 +3.077744448e+02 +1.1898e+00 +2.0310e-01 +1.9862e+00 -1.0409e+00 -4.8739e+00 -4.2278e-01 +6.2478e-01 -8.9243e-01 -1.7759e+00 -5.0258e+00 +2.2957e+00 +3.2770e-02 +2.6744e-01 -1.5943e+00 -1.1084e+00 +8.6710e-01 -7.7110e-01 -2.8435e+00 +1.5216e+00 -3.5337e+00
7807 +1.579251657e+02 +1.579251657e+02 +2.355851657e+02 +2.355851657e+02 -6.6495e-01 -2.2842e-02 -3.0310e-01 +4.0459e+00 -1.8201e+00 -1.1336e+00 +6.3345e-01 +8.2875e-03 +2.3639e-01 -4.5699e+00 +1.9473e+00 -5.7039e-01 +8.1409e-01 -1.8077e+00 -2.8855e+00 +2.0864e+00 -4.5789e-01 -2.5898e+00 +2.0348e+00 -2.8169e+00
18446 +8.070458706e+01 +8.070458706e+01 +1.583645871e+02 +1.583645871e+02 +2.3484e+00 -1.9086e+00 -2.8642e-01 +2.6451e+00 -3.2112e+00 +3.4075e-01 -7.0420e-01 +1.9019e-01 -8.0015e-01 -4.4980e+00 +3.0024e+00 +1.0112e-01 -7.1143e-01 -1.6520e+00 -3.2620e+00 +1.8156e+00 -3.5982e-01 -2.7782e+00 +3.1194e+00 -3.1454e+00
544380 +5.962035341e+01 +5.962035341e+01 +1.372803534e+02 +1.372803534e+02 +8.0039e-01 -1.0360e+00 -3.6393e-01 +3.3814e+00 -2.4573e+00 +1.9140e-01 +2.9995e-02 +6.8500e-01 +7.6770e-01 -3.9113e+00 +2.9900e+00 +1.1507e-01 +2.8169e-01 -1.5881e+00 -2.8305e+00 +1.3845e+00 +8.8315e-02 -2.7297e+00 +3.1472e+00 -3.6852e+00
% function evaluation | noise-free fitness - Fopt (1.156800000000e+02) | best noise-free fitness - Fopt | measured fitness | best measured fitness | x1 | x2...
1 +2.337582788e+03 +2.337582788e+03 +2.453262788e+03 +2.453262788e+03 -4.7518e+00 +3.4190e+00 +4.9726e+00 +7.8123e-02 +4.9552e+00 -3.2494e+00 +1.4763e+00 +3.9039e+00 -4.0982e+00 -1.9670e+00 +1.6766e-01 -2.2473e+00 +3.4143e+00 -1.9282e+00 +2.0343e+00 +3.4351e+00 -4.2410e+00 -2.1758e+00 +2.0232e+00 +1.7815e+00
3 +1.432540335e+03 +1.432540335e+03 +1.548220335e+03 +1.548220335e+03 -4.7257e+00 -3.3348e+00 -3.6585e+00 -2.5308e+00 -4.8896e+00 +3.1732e-01 -3.4667e+00 +6.8246e-01 -6.9552e-01 -3.3823e+00 -2.5413e+00 +2.1374e-02 -5.8656e-01 +5.2793e-01 -3.3948e-01 -4.6054e+00 +4.5124e+00 +1.0595e+00 +4.9704e-01 -1.9615e+00
24 +8.016654575e+02 +8.016654575e+02 +9.173454575e+02 +9.173454575e+02 -1.0293e+00 -3.5467e+00 +3.3950e+00 +3.9030e+00 +1.0799e+00 -4.7499e+00 +8.2327e-01 -5.0313e-01 -4.7182e+00 -8.4404e-01 +3.7274e+00 +1.4984e+00 +1.3684e+00 -2.2851e+00 -5.4363e-01 +1.6938e+00 -2.1551e+00 +1.3068e+00 +3.5323e+00 -1.2626e+00
195 +5.524747626e+02 +5.524747626e+02 +6.681547626e+02 +6.681547626e+02 +4.9261e+00 +1.2764e+00 +2.6994e-01 +1.5042e+00 -3.7764e+00 -3.4552e+00 -1.6791e+00 +6.4383e-01 -3.0978e+00 -4.9188e+00 +7.0059e-01 -3.6683e-01 -4.1763e+00 +2.7806e+00 +4.4744e-01 -3.0573e+00 -2.3578e+00 +3.5655e+00 +2.9869e+00 -2.7973e+00
1994 +3.810362257e+02 +3.810362257e+02 +4.967162257e+02 +4.967162257e+02 -1.5134e+00 -3.6655e+00 -1.7107e-01 +5.3312e+00 -1.3254e+00 -1.2671e+00 -5.4811e+00 -1.9666e+00 -2.7179e+00 -4.4060e+00 +3.2331e+00 -3.4391e+00 -1.9168e+00 +1.1449e+00 -9.3607e-01 -2.8452e+00 +1.8252e-01 +2.2220e+00 +2.5500e+00 +4.7085e-01
3331 +2.506776134e+02 +2.506776134e+02 +3.663576134e+02 +3.663576134e+02 -5.0364e+00 -1.7239e+00 +2.3714e-01 +2.3993e+00 -3.5572e+00 -2.3789e+00 -7.0155e+00 +1.7049e+00 -6.5249e+00 -2.6952e+00 +3.3310e+00 -1.1428e+00 -3.4623e+00 +6.2681e-01 -2.7711e+00 +4.8434e-01 -3.2108e+00 +2.8672e+00 +2.4982e+00 -5.9440e-01
6409 +1.579391422e+02 +1.579391422e+02 +2.736191422e+02 +2.736191422e+02 -4.0632e+00 -1.5954e+00 -7.4763e-01 +2.2153e+00 -4.3862e+00 -2.5894e+00 -2.7982e+00 +3.1517e+00 -6.3882e+00 -1.8126e+00 +3.2537e+00 -2.7684e+00 -3.9533e+00 +1.6241e-01 -2.3206e+00 -1.5520e+00 -1.1198e+00 +3.7260e+00 +4.4217e+00 -1.6001e+00
20710 +9.886754339e+01 +9.886754339e+01 +2.145475434e+02 +2.145475434e+02 -3.1986e+00 -9.9848e-01 -1.2569e+00 +3.0581e+00 -4.9824e+00 -3.3248e+00 -2.8119e+00 +3.0823e+00 -3.3665e+00 -2.0843e+00 +2.7438e+00 -1.9614e+00 -3.8221e+00 +1.2016e-01 -2.5978e+00 -4.4560e-01 +7.4068e-03 +3.8913e+00 +3.0023e+00 -1.6001e+00
431522 +6.273143171e+01 +6.273143171e+01 +1.784114317e+02 +1.784114317e+02 -3.2845e+00 -1.1166e+00 +2.5341e-01 +2.3850e+00 -3.5453e+00 -3.1911e+00 -3.5111e+00 +2.9515e+00 -3.8889e+00 -1.9652e+00 +3.2121e+00 -2.8217e+00 -3.4209e+00 +1.2727e-01 -1.9874e+00 -3.4795e-01 -5.3243e-01 +4.2363e+00 +3.8245e+00 -8.0158e-01
% function evaluation | noise-free fitness - Fopt (-3.710000000000e+00) | best noise-free fitness - Fopt | measured fitness | best measured fitness | x1 | x2...
1 +3.643696712e+03 +3.643696712e+03 +3.639986712e+03 +3.639986712e+03 -4.7518e+00 +3.4190e+00 +4.9726e+00 +7.8123e-02 +4.9552e+00 -3.2494e+00 +1.4763e+00 +3.9039e+00 -4.0982e+00 -1.9670e+00 +1.6766e-01 -2.2473e+00 +3.4143e+00 -1.9282e+00 +2.0343e+00 +3.4351e+00 -4.2410e+00 -2.1758e+00 +2.0232e+00 +1.7815e+00
3 +1.050679994e+03 +1.050679994e+03 +1.046969994e+03 +1.046969994e+03 -4.7257e+00 -3.3348e+00 -3.6585e+00 -2.5308e+00 -4.8896e+00 +3.1732e-01 -3.4667e+00 +6.8246e-01 -6.9552e-01 -3.3823e+00 -2.5413e+00 +2.1374e-02 -5.8656e-01 +5.2793e-01 -3.3948e-01 -4.6054e+00 +4.5124e+00 +1.0595e+00 +4.9704e-01 -1.9615e+00
24 +9.967803244e+02 +9.967803244e+02 +9.930703244e+02 +9.930703244e+02 -1.0293e+00 -3.5467e+00 +3.3950e+00 +3.9030e+00 +1.0799e+00 -4.7499e+00 +8.2327e-01 -5.0313e-01 -4.7182e+00 -8.4404e-01 +3.7274e+00 +1.4984e+00 +1.3684e+00 -2.2851e+00 -5.4363e-01 +1.6938e+00 -2.1551e+00 +1.3068e+00 +3.5323e+00 -1.2626e+00
720 +6.170413290e+02 +6.170413290e+02 +6.133313290e+02 +6.133313290e+02 +2.1428e+00 -1.2952e+00 -2.0393e+00 -4.1694e+00 -1.6704e-01 -3.4573e+00 -1.2947e+00 -2.5389e+00 -5.1215e-01 -2.2077e+00 -8.8999e-03 +1.1498e+00 +6.1866e+00 -4.0625e+00 -4.8500e-01 -6.0559e+00 -1.5541e+00 +1.7882e+00 +3.2492e+00 -2.9631e+00
2641 +3.824579523e+02 +3.824579523e+02 +3.787479523e+02 +3.787479523e+02 -2.6346e+00 -3.7400e+00 +4.4732e+00 -2.9662e-01 +9.4009e-01 +5.0951e+00 +3.6161e-01 -1.1825e+00 +6.9580e-01 -1.3186e+00 +2.5666e+00 +2.1231e+00 +2.9084e+00 +1.0257e-01 +1.8901e+00 -4.3054e+00 +1.2369e+00 +7.1650e-01 +3.9201e+00 -4.3949e+00
3759 +2.428720884e+02 +2.428720884e+02 +2.391620884e+02 +2.391620884e+02 +2.5004e+00 +2.7216e-01 -2.5496e+00 +1.3963e+00 +3.8830e+00 +2.1299e+00 +8.7898e-01 -2.4270e+00 -1.6967e+00 +1.8743e+00 +2.7529e+00 +1.9969e+00 +4.1859e+00 -3.4618e+00 -2.9061e-01 -3.6319e+00 +1.3436e+00 +1.9086e+00 +2.7529e+00 -3.3430e+00
7783 +1.576838891e+02 +1.576838891e+02 +1.539738891e+02 +1.539738891e+02 +1.0895e+00 -3.1813e+00 +1.7240e-01 +3.1717e+00 +2.9285e+00 +4.6525e+00 -1.0752e+00 -1.3825e+00 -2.9836e+00 +5.9330e-01 +3.8736e+00 +8.8793e-01 +3.3267e+00 -2.1815e+00 +1.5371e+00 -2.5402e+00 +1.8858e+00 +1.4658e+00 +3.4616e+00 -2.8201e+00
59855 +9.947700424e+01 +9.947700424e+01 +9.576700424e+01 +9.576700424e+01 +2.4319e+00 -2.3445e+00 +1.9005e+00 +2.9834e+00 +3.9533e+00 +4.9405e+00 +2.0434e-01 -1.3299e+00 -2.9458e+00 +4.9879e-02 +3.2188e+00 +9.9124e-01 +4.1645e+00 -1.0381e+00 -5.6731e-02 -3.2539e+00 +6.7638e-01 +1.1169e+00 +3.9650e+00 -3.5576e+00
253478 +5.872792591e+01 +5.872792591e+01 +5.501792591e+01 +5.501792591e+01 +9.9836e-01 -1.4282e+00 +1.7778e+00 +3.9088e+00 +3.7621e+00 +3.6532e+00 +8.6745e-01 -1.1680e+00 -2.4322e+00 +6.4385e-01 +3.7762e+00 +5.0383e-01 +2.9721e+00 -1.7985e+00 +1.0750e-01 -2.8407e+00 +1.4800e+00 +1.9228e+00 +3.9414e+00 -3.2456e+00
% function evaluation | noise-free fitness - Fopt (1.321800000000e+02) | best noise-free fitness - Fopt | measured fitness | best measured fitness | x1 | x2...
1 +2.123559744e+03 +2.123559744e+03 +2.255739744e+03 +2.255739744e+03 -4.7518e+00 +3.4190e+00 +4.9726e+00 +7.8123e-02 +4.9552e+00 -3.2494e+00 +1.4763e+00 +3.9039e+00 -4.0982e+00 -1.9670e+00 +1.6766e-01 -2.2473e+00 +3.4143e+00 -1.9282e+00 +2.0343e+00 +3.4351e+00 -4.2410e+00 -2.1758e+00 +2.0232e+00 +1.7815e+00
3 +1.076524250e+03 +1.076524250e+03 +1.208704250e+03 +1.208704250e+03 -4.7257e+00 -3.3348e+00 -3.6585e+00 -2.5308e+00 -4.8896e+00 +3.1732e-01 -3.4667e+00 +6.8246e-01 -6.9552e-01 -3.3823e+00 -2.5413e+00 +2.1374e-02 -5.8656e-01 +5.2793e-01 -3.3948e-01 -4.6054e+00 +4.5124e+00 +1.0595e+00 +4.9704e-01 -1.9615e+00
13 +8.627475363e+02 +8.627475363e+02 +9.949275363e+02 +9.949275363e+02 -4.8780e+00 +1.5553e-01 -7.4034e-01 -1.7351e+00 +3.0626e+00 +2.3734e+00 -2.2475e+00 -2.2768e+00 -3.9747e+00 -4.0129e+00 -7.4736e-01 +3.2666e+00 -3.9873e+00 +1.0535e+00 -2.8406e+00 +8.3915e-01 -4.9474e+00 +2.7858e+00 -3.4816e+00 +1.6306e+00
76 +4.919215983e+02 +4.919215983e+02 +6.241015983e+02 +6.241015983e+02 +4.9371e+00 +2.3781e+00 -2.4660e+00 +1.1577e+00 -1.9094e+00 -9.2288e-02 -3.7965e+00 -1.5013e+00 +1.3196e+00 -2.0006e+00 +2.0337e-01 +3.0233e+00 -1.3659e+00 +3.7097e+00 -1.2448e+00 +2.8205e+00 -1.3995e+00 +1.4344e+00 -2.9988e+00 +1.3637e+00
2069 +3.611988428e+02 +3.611988428e+02 +4.933788428e+02 +4.933788428e+02 +2.0292e+00 +2.3556e+00 +3.2563e+00 +2.5081e+00 -3.2280e+00 +2.1642e+00 -2.6811e+00 -8.2712e-01 +3.1555e-01 +8.1345e-01 +9.0582e-01 +5.0163e+00 +9.6808e-01 +3.0375e+00 -2.6709e+00 +2.8079e+00 +5.6852e-02 +3.2080e+00 -1.1302e+00 +1.0151e+00
4232 +2.263933457e+02 +2.263933457e+02 +3.585733457e+02 +3.585733457e+02 -2.6299e+00 +1.3040e+00 +1.3536e+00 -1.2069e+00 -2.9306e+00 +1.6994e+00 -2.2835e+00 +2.0974e+00 -8.4285e-01 +3.4923e-01 +2.0840e-01 +4.7244e+00 -1.1611e+00 +2.2560e+00 -3.6250e+00 +3.8381e+00 +1.4261e+00 +3.2157e+00 -1.0184e+00 +3.0994e-01
7052 +1.575017581e+02 +1.575017581e+02 +2.896817581e+02 +2.896817581e+02 -3.8773e+00 +1.4907e+00 +4.7161e+00 +1.3555e+00 -2.8143e+00 -2.6200e+00 -2.2800e+00 +6.6392e-01 +1.4381e+00 +2.3106e-01 +1.8366e+00 +2.3942e+00 -9.6514e-01 +3.2308e+00 -3.1055e+00 +2.5717e+00 +2.5105e+00 +3.7908e+00 -1.4326e+00 +1.7445e+00
22640 +9.354219576e+01 +9.354219576e+01 +2.257221958e+02 +2.257221958e+02 -3.6984e+00 +2.2725e+00 +2.4836e+00 -9.3586e-01 -2.4421e+00 -3.9585e-01 -2.9936e+00 +1.2747e-01 -2.1194e-01 -6.1508e-01 +2.6313e-01 +2.3712e+00 -1.4399e+00 +2.3828e+00 -2.6491e+00 +2.8186e+00 +2.1106e+00 +3.5185e+00 -1.3652e+00 +1.3062e+00
893057 +6.244355004e+01 +6.244355004e+01 +1.946235500e+02 +1.946235500e+02 -2.7342e+00 +4.8703e-01 +3.4469e+00 -1.8383e+00 -1.8375e+00 -3.8027e-01 -1.0934e+00 +1.4001e-01 +8.2947e-01 +1.9786e-02 +6.9276e-01 +2.9995e+00 -9.0759e-01 +2.9330e+00 -4.0079e+00 +2.7139e+00 +1.6639e+00 +3.8624e+00 -1.3741e+00 +1.1086e+00
% function evaluation | noise-free fitness - Fopt (-5.847300000000e+02) | best noise-free fitness - Fopt | measured fitness | best measured fitness | x1 | x2...
1 +2.589796797e+03 +2.589796797e+03 +2.005066797e+03 +2.005066797e+03 -4.7518e+00 +3.4190e+00 +4.9726e+00 +7.8123e-02 +4.9552e+00 -3.2494e+00 +1.4763e+00 +3.9039e+00 -4.0982e+00 -1.9670e+00 +1.6766e-01 -2.2473e+00 +3.4143e+00 -1.9282e+00 +2.0343e+00 +3.4351e+00 -4.2410e+00 -2.1758e+00 +2.0232e+00 +1.7815e+00
4 +2.007507690e+03 +2.007507690e+03 +1.422777690e+03 +1.422777690e+03 -1.5768e+00 -4.4066e+00 -3.7784e+00 -4.7071e+00 -2.7482e+00 +1.4017e+00 -7.5121e-01 -4.2133e+00 -2.6142e+00 -4.7088e+00 -1.0543e+00 +1.0264e+00 +3.1087e+00 +3.5881e+00 -1.3424e+00 +2.1166e+00 -3.0815e+00 +2.4587e-01 +4.3025e+00 -2.3845e-01
12 +1.219888621e+03 +1.219888621e+03 +6.351586214e+02 +6.351586214e+02 -1.2457e+00 -2.6574e+00 -3.2679e+00 -4.4560e+00 -4.1642e+00 +1.3185e+00 -3.9319e+00 +3.2798e+00 +1.9197e+00 +2.6421e+00 +1.0920e+00 -3.3916e+00 -3.9609e+00 +4.9640e+00 -1.7742e-01 -3.9277e-01 -4.3614e-01 -2.5753e+00 -3.6987e+00 -6.2807e-01
17 +9.664875220e+02 +9.664875220e+02 +3.817575220e+02 +3.817575220e+02 +4.3570e+00 -3.3065e+00 +6.8453e-01 -2.8085e+00 -4.3055e+00 -3.8583e+00 -1.3820e+00 +2.2587e+00 -4.9066e-01 +1.5718e+00 +2.1376e+00 -3.5121e+00 +3.3157e+00 +2.3704e+00 +4.2709e+00 +1.9284e+00 -7.3722e-01 +2.3134e+00 -4.6554e+00 -1.3075e+00
533 +5.202405325e+02 +5.202405325e+02 -6.448946747e+01 -6.448946747e+01 -1.8004e+00 -3.8598e-01 -7.1717e+00 -1.3778e+00 -1.4960e+00 -1.3450e+00 +1.3727e+00 -1.2148e+00 +1.0098e+00 +3.2736e-01 +1.8876e+00 -6.8300e-01 -3.9870e+00 +4.1660e+00 -1.0246e+00 -9.4685e-01 -1.1823e+00 +5.2859e+00 -3.4222e+00 -1.5599e+00
2233 +3.665217653e+02 +3.665217653e+02 -2.182082347e+02 -2.182082347e+02 +4.4658e+00 -4.7427e+00 -5.3208e+00 -3.8654e+00 -9.8142e-01 -5.3937e+00 +1.8354e+00 -5.4288e-01 -6.2110e-01 -2.7311e+00 +1.9332e+00 -3.2934e+00 -8.8602e-01 +4.4958e+00 +4.8952e+00 -1.7610e+00 -1.3176e+00 +4.1546e+00 -2.0649e+00 -2.4263e+00
3995 +2.268402121e+02 +2.268402121e+02 -3.578897879e+02 -3.578897879e+02 -4.8087e+00 +1.8366e+00 -4.3305e+00 -2.2941e+00 -2.0919e+00 -3.5217e+00 +3.2783e+00 +2.9103e-01 -9.8531e-01 -3.7157e+00 +4.9037e-01 -2.9341e+00 -8.8604e-01 +4.0466e+00 +1.7991e+00 -1.7877e-01 -2.5653e+00 +2.4144e+00 -9.1328e-01 -3.2617e+00
7261 +1.580628630e+02 +1.580628630e+02 -4.266671370e+02 -4.266671370e+02 +2.4896e-01 -1.9086e+00 -2.4280e+00 -3.8584e+00 -2.0872e+00 -3.4633e+00 +1.7433e+00 +1.5812e+00 +3.8590e-01 -2.6788e+00 -7.6750e-01 +2.9008e-01 -5.2469e-01 +4.0064e+00 +2.5287e+00 -2.6270e-01 -2.5829e+00 +2.9753e+00 -9.8160e-01 -2.4890e+00
62364 +7.579059270e+01 +7.579059270e+01 -5.089394073e+02 -5.089394073e+02 -2.8280e+00 -3.0814e+00 -2.5283e+00 -4.4801e+00 -6.3789e-01 -4.2428e+00 +3.2393e+00 +1.1509e+00 -1.0994e+00 -2.2944e+00 +3.4491e-01 -6.5079e-01 -1.0591e+00 +3.9772e+00 +3.0448e+00 -8.6649e-01 -2.9504e+00 +3.6737e+00 -6.1732e-01 -3.3040e+00
1332861 +5.251672193e+01 +5.251672193e+01 -5.322132781e+02 -5.322132781e+02 -2.5698e+00 -3.1338e+00 -3.2598e+00 -4.6830e+00 -1.4691e+00 -2.4955e+00 +3.2875e+00 +3.0197e-01 -1.1115e+00 -2.4199e+00 +8.6597e-01 -8.5353e-01 -1.0929e+00 +3.8698e+00 +2.6185e+00 -5.5322e-01 -2.5230e+00 +3.7144e+00 -9.1935e-01 -3.1949e+00
% function evaluation | noise-free fitness - Fopt (-3.654000000000e+01) | best noise-free fitness - Fopt | measured fitness | best measured fitness | x1 | x2...
1 +2.919946994e+03 +2.919946994e+03 +2.883406994e+03 +2.883406994e+03 -4.7518e+00 +3.4190e+00 +4.9726e+00 +7.8123e-02 +4.9552e+00 -3.2494e+00 +1.4763e+00 +3.9039e+00 -4.0982e+00 -1.9670e+00 +1.6766e-01 -2.2473e+00 +3.4143e+00 -1.9282e+00 +2.0343e+00 +3.4351e+00 -4.2410e+00 -2.1758e+00 +2.0232e+00 +1.7815e+00
2 +1.088600090e+03 +1.088600090e+03 +1.052060090e+03 +1.052060090e+03 +2.1706e-01 -2.1019e+00 -3.4714e+00 +3.3948e+00 -2.2359e+00 -2.6484e+00 -3.3639e+00 -3.5329e+00 +4.5703e+00 -3.8085e+00 -1.1039e+00 -2.1638e+00 +6.6075e-02 -3.5801e+00 +2.7993e+00 -1.4197e-01 +1.5159e+00 -1.6019e+00 -4.0518e-01 +2.8696e+00
3 +9.211884296e+02 +9.211884296e+02 +8.846484296e+02 +8.846484296e+02 -4.7257e+00 -3.3348e+00 -3.6585e+00 -2.5308e+00 -4.8896e+00 +3.1732e-01 -3.4667e+00 +6.8246e-01 -6.9552e-01 -3.3823e+00 -2.5413e+00 +2.1374e-02 -5.8656e-01 +5.2793e-01 -3.3948e-01 -4.6054e+00 +4.5124e+00 +1.0595e+00 +4.9704e-01 -1.9615e+00
365 +6.293915189e+02 +6.293915189e+02 +5.928515189e+02 +5.928515189e+02 +2.5806e+00 +4.7589e+00 +3.2438e-01 -1.7944e-01 +3.0860e+00 +6.5541e-01 -3.5316e+00 -6.8975e-01 +7.1749e-01 -2.3567e+00 +3.7459e+00 -2.4049e+00 -1.3354e+00 +2.0188e+00 -3.0553e+00 -1.4827e+00 -1.8896e+00 -2.5217e+00 -1.8873e+00 +1.9639e-01
2034 +3.853454848e+02 +3.853454848e+02 +3.488054848e+02 +3.488054848e+02 +9.0443e-01 +1.4364e+00 +1.4419e+00 -1.3197e+00 +2.2633e+00 -1.5309e+00 +9.1201e-01 -6.9667e-01 -1.6241e+00 -3.2128e+00 -1.7969e+00 -3.2289e+00 -1.9220e+00 -2.3632e-01 -2.5590e+00 -2.7000e+00 +1.4927e+00 -1.2319e+00 -1.6315e+00 -4.1384e-01
3366 +2.506057504e+02 +2.506057504e+02 +2.140657504e+02 +2.140657504e+02 +7.5465e-01 +2.3166e+00 -1.4818e+00 +1.3350e-01 +3.2699e-01 -4.9754e+00 -2.2763e+00 -5.2076e-01 -2.3682e+00 -1.9719e+00 +2.7254e+00 -2.2272e+00 +2.0645e-01 -2.9564e-01 -7.3285e-01 -3.2316e+00 +3.6630e+00 -9.8027e-01 -2.5864e+00 -1.4579e-01
7513 +1.444713616e+02 +1.444713616e+02 +1.079313616e+02 +1.079313616e+02 -2.4785e-02 +1.7441e-01 -1.3975e-01 +5.1821e-01 -9.1514e-02 -2.6164e+00 -2.6265e+00 -9.3158e-01 -2.8756e+00 -1.7504e+00 +1.9685e+00 -2.5298e+00 +5.2228e-01 -2.7338e-01 -1.3329e+00 -1.8548e+00 +3.8768e+00 -1.5907e+00 -4.0794e+00 +6.3036e-01
37759 +7.477511465e+01 +7.477511465e+01 +3.823511465e+01 +3.823511465e+01 +6.8902e-01 -2.0038e+00 -8.0161e-01 -2.5608e-01 +1.4224e+00 -1.1330e+00 -3.5001e+00 -1.5805e-01 -2.4546e+00 -2.9084e+00 +6.4694e-01 -2.0761e+00 -8.0961e-01 -8.1176e-01 -1.1637e+00 -2.2908e+00 +3.5084e+00 -1.6286e+00 -3.1106e+00 +1.0778e+00
632315 +6.280517695e+01 +6.280517695e+01 +2.626517695e+01 +2.626517695e+01 -1.6244e-01 -1.9123e+00 +3.5285e-02 -3.1090e-01 +8.0207e-01 -1.9210e+00 -2.7881e+00 -9.6594e-01 -1.6645e+00 -2.5356e+00 +1.1957e+00 -2.4481e+00 -8.0829e-01 +2.1492e-01 -1.1725e+00 -2.4448e+00 +3.1099e+00 -1.7586e+00 -3.1466e+00 +7.6739e-01
% function evaluation | noise-free fitness - Fopt (1.000000000000e+03) | best noise-free fitness - Fopt | measured fitness | best measured fitness | x1 | x2...
1 +1.715219886e+03 +1.715219886e+03 +2.715219886e+03 +2.715219886e+03 -4.7518e+00 +3.4190e+00 +4.9726e+00 +7.8123e-02 +4.9552e+00 -3.2494e+00 +1.4763e+00 +3.9039e+00 -4.0982e+00 -1.9670e+00 +1.6766e-01 -2.2473e+00 +3.4143e+00 -1.9282e+00 +2.0343e+00 +3.4351e+00 -4.2410e+00 -2.1758e+00 +2.0232e+00 +1.7815e+00
4 +1.408053163e+03 +1.408053163e+03 +2.408053163e+03 +2.408053163e+03 -1.5768e+00 -4.4066e+00 -3.7784e+00 -4.7071e+00 -2.7482e+00 +1.4017e+00 -7.5121e-01 -4.2133e+00 -2.6142e+00 -4.7088e+00 -1.0543e+00 +1.0264e+00 +3.1087e+00 +3.5881e+00 -1.3424e+00 +2.1166e+00 -3.0815e+00 +2.4587e-01 +4.3025e+00 -2.3845e-01
69 +7.135774498e+02 +7.135774498e+02 +1.713577450e+03 +1.713577450e+03 -3.4578e+00 -2.1749e+00 -2.9428e+00 +2.0595e+00 +4.6167e+00 -1.2136e+00 +1.9993e-01 -7.6436e-01 -3.2448e+00 -3.6576e+00 -1.2757e+00 +4.2295e-01 -1.5699e+00 -7.9726e-01 -2.7566e+00 +1.4122e+00 -4.7544e+00 -1.0540e+00 +2.2656e-01 +6.8943e-03
639 +5.574253343e+02 +5.574253343e+02 +1.557425334e+03 +1.557425334e+03 -2.0648e+00 -1.7220e+00 -1.0612e+00 -1.8431e+00 +7.5298e-02 -5.4936e-01 -1.6727e+00 -5.1823e+00 -2.6971e+00 -3.0246e-01 +1.3435e+00 -3.9050e+00 -5.8180e+00 +5.3241e+00 +3.4587e+00 -1.1410e+00 -5.0189e-01 +3.1528e-01 +2.9463e-01 -3.5308e-01
2165 +3.722439147e+02 +3.722439147e+02 +1.372243915e+03 +1.372243915e+03 -2.5610e+00 +3.0899e+00 +3.7459e-01 -1.6590e+00 +5.2057e+00 -1.4517e+00 +1.7782e+00 -1.9343e+00 -4.9595e+00 -2.7034e+00 +1.5280e+00 -3.3921e+00 -3.8516e+00 +2.7650e+00 +2.4637e+00 +7.0903e-01 -2.9090e+00 +1.0265e-01 -9.5906e-01 +2.0422e-01
3471 +2.392346187e+02 +2.392346187e+02 +1.239234619e+03 +1.239234619e+03 -1.8489e+00 +1.0296e+00 -2.8500e-01 -3.1796e+00 +1.1751e-01 +2.5640e+00 +2.3085e+00 -9.7592e-01 -3.2430e+00 -1.5908e+00 +2.0407e+00 -3.4652e+00 -4.0450e+00 +4.3285e+00 +1.3339e+00 +8.7518e-01 -2.6051e+00 +1.3414e+00 +6.2249e-01 -4.6659e-01
7213 +1.574764894e+02 +1.574764894e+02 +1.157476489e+03 +1.157476489e+03 -4.5693e+00 -1.9918e-01 +1.6145e+00 +3.4771e+00 +3.0813e+00 +2.6047e+00 +3.2369e+00 -2.1605e+00 -3.8385e+00 -2.3102e+00 +3.3432e+00 -2.8473e+00 -2.6691e+00 +2.3603e+00 +7.7575e-01 +5.2999e-01 -2.6050e+00 +1.8092e+00 +1.0706e+00 -1.1062e+00
27717 +9.691616962e+01 +9.691616962e+01 +1.096916170e+03 +1.096916170e+03 -2.3670e+00 -7.2946e-01 -2.6159e-01 +3.9421e+00 +3.0117e+00 +2.4296e+00 +3.6838e+00 -2.1737e+00 -3.5283e+00 -1.9035e+00 +2.3981e+00 -3.8069e+00 -3.2436e+00 +3.8028e+00 +1.4755e+00 +8.3631e-01 -3.0386e+00 +1.0893e+00 +1.4423e+00 -3.8055e-01
986145 +5.598422679e+01 +5.598422679e+01 +1.055984227e+03 +1.055984227e+03 -1.4524e+00 -7.8128e-01 -1.1317e+00 +2.1831e+00 +3.9319e+00 +2.4477e+00 +3.7760e+00 -1.4774e+00 -4.5057e+00 -2.5174e+00 +2.7482e+00 -3.3978e+00 -3.6626e+00 +3.8758e+00 +2.0332e+00 +4.8169e-01 -2.9232e+00 +1.7810e+00 +1.4153e+00 -6.8367e-01
% function evaluation | noise-free fitness - Fopt (4.661000000000e+01) | best noise-free fitness - Fopt | measured fitness | best measured fitness | x1 | x2...
1 +1.745276063e+03 +1.745276063e+03 +1.791886063e+03 +1.791886063e+03 -4.7518e+00 +3.4190e+00 +4.9726e+00 +7.8123e-02 +4.9552e+00 -3.2494e+00 +1.4763e+00 +3.9039e+00 -4.0982e+00 -1.9670e+00 +1.6766e-01 -2.2473e+00 +3.4143e+00 -1.9282e+00 +2.0343e+00 +3.4351e+00 -4.2410e+00 -2.1758e+00 +2.0232e+00 +1.7815e+00
2 +6.172046211e+02 +6.172046211e+02 +6.638146211e+02 +6.638146211e+02 +2.1706e-01 -2.1019e+00 -3.4714e+00 +3.3948e+00 -2.2359e+00 -2.6484e+00 -3.3639e+00 -3.5329e+00 +4.5703e+00 -3.8085e+00 -1.1039e+00 -2.1638e+00 +6.6075e-02 -3.5801e+00 +2.7993e+00 -1.4197e-01 +1.5159e+00 -1.6019e+00 -4.0518e-01 +2.8696e+00
1409 +3.808052505e+02 +3.808052505e+02 +4.274152505e+02 +4.274152505e+02 -1.9998e+00 +5.7477e+00 +3.9075e+00 -2.7885e-01 -2.7215e+00 -7.0651e+00 +1.0977e+00 -2.6293e+00 +2.5455e+00 +8.9476e-01 +9.7614e-01 -5.6830e-02 +2.1739e+00 -1.0574e+00 +2.5781e+00 -3.3200e-01 -3.5613e-01 -1.8298e+00 -4.6282e+00 +1.7190e+00
2485 +2.371091481e+02 +2.371091481e+02 +2.837191481e+02 +2.837191481e+02 +2.0126e+00 +3.2758e+00 +1.3407e-01 +2.5846e+00 -7.2846e-02 -2.5325e+00 +2.6642e+00 -1.8615e+00 +1.8347e+00 -2.9028e+00 -5.8201e-01 +3.3450e-01 -1.9649e+00 -3.0675e+00 -1.2752e-01 -1.5935e-01 -1.3279e-01 -1.0777e-01 -1.9922e+00 +1.1802e+00
6616 +1.575977636e+02 +1.575977636e+02 +2.042077636e+02 +2.042077636e+02 +1.8384e+00 +4.9001e+00 +4.1766e+00 +2.2620e+00 -9.3695e-01 -2.5259e+00 +4.3323e+00 -2.6711e+00 +1.2433e+00 -3.7010e+00 -6.5675e-01 +2.3483e+00 +5.2411e-01 -2.2190e+00 +9.6000e-02 +1.5223e-01 +8.4795e-01 -2.7468e-01 -2.8722e+00 +6.2444e-01
15330 +8.580372904e+01 +8.580372904e+01 +1.324137290e+02 +1.324137290e+02 +1.8866e+00 +2.1595e+00 +9.4495e-01 +3.7577e+00 -1.0953e+00 -3.4436e+00 +4.8280e+00 -2.0646e+00 +6.4268e-01 -2.1993e+00 -5.4439e-01 +1.8652e+00 +4.8169e-01 -1.4808e+00 +4.4946e-01 -6.4640e-01 +4.6280e-01 -8.2383e-02 -2.9646e+00 +1.7873e+00
354990 +5.967337529e+01 +5.967337529e+01 +1.062833753e+02 +1.062833753e+02 +7.9651e-01 +4.8736e+00 +1.7076e+00 +3.5350e+00 -3.0963e-01 -1.8003e+00 +2.7998e+00 -1.9867e+00 +1.1833e+00 -2.5127e+00 -2.2367e-01 +1.1659e+00 +4.2789e-01 -1.6216e+00 +8.7848e-01 -1.9799e-01 +4.3163e-01 -9.4590e-02 -2.5936e+00 +1.7693e+00
1987052 +2.724322746e+01 +2.724322746e+01 +7.385322746e+01 +7.385322746e+01 +8.3896e-01 +3.8508e+00 +1.6310e+00 +2.8997e+00 -1.0303e+00 -2.4817e+00 +3.5969e+00 -2.0743e+00 +7.1403e-01 -1.9992e+00 -4.6683e-02 +1.3475e+00 +4.0418e-01 -1.6340e+00 +4.9451e-01 -1.7647e-01 +8.1870e-02 -4.4690e-01 -2.6075e+00 +1.7078e+00
% function evaluation | noise-free fitness - Fopt (-2.643100000000e+02) | best noise-free fitness - Fopt | measured fitness | best measured fitness | x1 | x2...
1 +2.600672684e+03 +2.600672684e+03 +2.336362684e+03 +2.336362684e+03 -4.7518e+00 +3.4190e+00 +4.9726e+00 +7.8123e-02 +4.9552e+00 -3.2494e+00 +1.4763e+00 +3.9039e+00 -4.0982e+00 -1.9670e+00 +1.6766e-01 -2.2473e+00 +3.4143e+00 -1.9282e+00 +2.0343e+00 +3.4351e+00 -4.2410e+00 -2.1758e+00 +2.0232e+00 +1.7815e+00
3 +1.387588089e+03 +1.387588089e+03 +1.123278089e+03 +1.123278089e+03 -4.7257e+00 -3.3348e+00 -3.6585e+00 -2.5308e+00 -4.8896e+00 +3.1732e-01 -3.4667e+00 +6.8246e-01 -6.9552e-01 -3.3823e+00 -2.5413e+00 +2.1374e-02 -5.8656e-01 +5.2793e-01 -3.3948e-01 -4.6054e+00 +4.5124e+00 +1.0595e+00 +4.9704e-01 -1.9615e+00
20 +9.133383431e+02 +9.133383431e+02 +6.490283431e+02 +6.490283431e+02 +3.4074e+00 +2.0450e+00 -3.7232e-01 +3.6430e+00 +4.0555e+00 -7.0847e-01 +2.5880e-01 +3.9297e+00 +1.8711e+00 +2.7424e+00 +1.6410e+00 +8.2309e-01 +4.6935e+00 -1.4776e+00 -7.5424e-01 -4.1856e+00 +4.0863e+00 -2.2079e+00 -3.3285e-01 -4.7113e-01
931 +4.643528204e+02 +4.643528204e+02 +2.000428204e+02 +2.000428204e+02 +3.3856e+00 -1.4752e+00 +4.5165e-01 +1.1694e+00 +2.7098e+00 -4.3917e+00 +4.5714e+00 -6.4143e-01 -1.5012e+00 +2.5483e+00 -5.3789e-01 -1.9177e+00 +1.1324e+00 -1.8909e+00 -3.9559e+00 -2.8410e+00 +1.2627e+00 -1.8825e+00 -1.5436e+00 -4.8841e+00
2394 +3.630306243e+02 +3.630306243e+02 +9.872062425e+01 +9.872062425e+01 -1.9670e-01 -6.4191e-01 -5.1170e+00 +7.2886e-01 -9.1772e-02 -5.5571e+00 +2.6772e+00 -6.2836e-01 +2.4747e+00 +4.2938e-01 -2.2701e-01 +1.9058e+00 +2.0596e+00 -2.0898e+00 -2.7259e+00 +1.3630e+00 -4.3758e-01 -4.7449e+00 -1.5939e+00 -3.5729e+00
4263 +2.496303799e+02 +2.496303799e+02 -1.467962009e+01 -1.467962009e+01 -1.9571e+00 -1.6299e+00 -3.4583e+00 +7.7253e-01 +6.3226e+00 -4.8952e+00 +6.3515e+00 +1.6166e+00 +5.4586e-01 +1.9765e+00 +4.1606e-01 +2.1036e+00 +1.9387e+00 -1.7727e+00 -2.6363e+00 -1.2000e+00 +1.0413e+00 -2.8377e+00 -1.8818e+00 -3.2391e+00
7732 +1.525769197e+02 +1.525769197e+02 -1.117330803e+02 -1.117330803e+02 -3.1840e+00 -3.2790e+00 -5.3184e+00 -2.6012e+00 +2.8983e+00 -1.3983e+00 +4.7966e+00 +8.2343e-01 -3.7004e+00 +1.4908e+00 +3.0670e-01 +2.8829e+00 +2.9783e+00 -1.8083e+00 -2.0071e+00 -1.0595e-01 +8.6653e-01 -2.7920e+00 -1.9131e+00 -2.8732e+00
18023 +8.671459719e+01 +8.671459719e+01 -1.775954028e+02 -1.775954028e+02 -3.2605e+00 -2.3693e+00 -4.3925e+00 -1.8125e+00 +2.7969e+00 -3.9801e+00 +3.8423e+00 +9.9929e-01 -1.4904e+00 +1.6543e+00 +1.3739e+00 +2.3084e+00 +2.3403e+00 -1.4040e+00 -2.2399e+00 +7.8534e-01 +5.2993e-01 -2.4288e+00 -2.1766e+00 -3.3178e+00
640050 +5.948824579e+01 +5.948824579e+01 -2.048217542e+02 -2.048217542e+02 -4.3436e+00 -1.6045e+00 -1.6544e+00 -8.2176e-01 +3.5282e+00 -2.5361e+00 +4.3186e+00 +1.1110e+00 +1.2552e-01 +2.0939e+00 +8.9737e-01 +2.3220e+00 +2.4831e+00 -1.3388e+00 -2.3091e+00 +7.1979e-01 +9.3738e-01 -2.4371e+00 -1.8054e+00 -2.8686e+00
% function evaluation | noise-free fitness - Fopt (7.273000000000e+01) | best noise-free fitness - Fopt | measured fitness | best measured fitness | x1 | x2...
1 +2.965706309e+03 +2.965706309e+03 +3.038436309e+03 +3.038436309e+03 -4.7518e+00 +3.4190e+00 +4.9726e+00 +7.8123e-02 +4.9552e+00 -3.2494e+00 +1.4763e+00 +3.9039e+00 -4.0982e+00 -1.9670e+00 +1.6766e-01 -2.2473e+00 +3.4143e+00 -1.9282e+00 +2.0343e+00 +3.4351e+00 -4.2410e+00 -2.1758e+00 +2.0232e+00 +1.7815e+00
2 +9.059368000e+02 +9.059368000e+02 +9.786668000e+02 +9.786668000e+02 +2.1706e-01 -2.1019e+00 -3.4714e+00 +3.3948e+00 -2.2359e+00 -2.6484e+00 -3.3639e+00 -3.5329e+00 +4.5703e+00 -3.8085e+00 -1.1039e+00 -2.1638e+00 +6.6075e-02 -3.5801e+00 +2.7993e+00 -1.4197e-01 +1.5159e+00 -1.6019e+00 -4.0518e-01 +2.8696e+00
415 +6.113205278e+02 +6.113205278e+02 +6.840505278e+02 +6.840505278e+02 -1.1207e+00 -8.6930e-01 +1.2220e+00 -3.3779e+00 +3.9329e+00 +2.0256e+00 -5.2308e+00 -9.0941e-01 -3.5031e-02 +4.2172e-01 +1.1978e+00 -1.0447e+00 -2.3450e-01 -1.7181e-01 -1.9707e-02 -2.6272e-01 +2.8819e+00 -1.4569e+00 -1.7041e+00 -1.0462e+00
1398 +3.797010016e+02 +3.797010016e+02 +4.524310016e+02 +4.524310016e+02 +3.7527e-01 +1.3208e+00 -2.9807e+00 -3.5973e+00 +2.5412e+00 +4.2869e+00 -1.6404e+00 -1.4212e+00 -3.5820e+00 +6.5626e-01 +2.3318e+00 -1.3358e+00 -5.3894e-01 +1.1364e-01 +6.5830e-01 +2.5123e-01 +2.6978e+00 +3.6164e-01 -3.9047e+00 +9.3215e-01
3959 +2.465774790e+02 +2.465774790e+02 +3.193074790e+02 +3.193074790e+02 +5.9494e-01 -2.2166e+00 -2.3277e+00 +4.2208e-01 -7.5496e-01 +2.6767e+00 -4.9754e+00 -2.3149e+00 -1.2154e+00 -2.2212e+00 +2.2347e+00 -4.0502e+00 +6.5648e-01 +2.1309e+00 +7.3904e-01 -3.7623e-01 +3.4488e+00 -9.4628e-02 -4.6990e+00 +2.1441e+00
7722 +1.507594414e+02 +1.507594414e+02 +2.234894414e+02 +2.234894414e+02 -2.6642e+00 -2.2988e+00 -2.0460e+00 -1.1830e+00 +2.4005e+00 +1.7898e+00 -4.9015e+00 -2.3753e+00 -1.9761e+00 -7.7690e-02 +6.1533e-01 -3.7383e+00 +5.1616e-01 +1.5338e+00 -1.3122e+00 +7.2578e-02 +2.5984e+00 -5.2455e-01 -4.3388e+00 +3.1782e+00
22084 +9.231480315e+01 +9.231480315e+01 +1.650448031e+02 +1.650448031e+02 -3.4357e+00 -1.3334e+00 -2.9872e+00 +1.1565e+00 +2.4849e+00 +3.2807e+00 -3.1233e+00 -3.8657e+00 -4.3648e-01 -1.3155e+00 +5.7477e-01 -3.3958e+00 -9.7099e-01 +1.4163e+00 -8.3976e-01 +1.3029e-01 +3.8453e+00 -5.9878e-01 -3.5924e+00 +2.6149e+00
124663 +6.277515494e+01 +6.277515494e+01 +1.355051549e+02 +1.355051549e+02 -2.5230e+00 -2.1584e+00 -2.1078e+00 +8.3222e-01 +1.6411e+00 +3.4454e+00 -5.0253e+00 -3.5263e+00 -1.3165e+00 -1.1922e-01 -9.5836e-02 -3.6153e+00 -1.1739e+00 +1.5697e+00 -4.2083e-01 +5.5380e-01 +3.4103e+00 -1.0352e+00 -3.6314e+00 +3.1908e+00
% function evaluation | noise-free fitness - Fopt (1.368700000000e+02) | best noise-free fitness - Fopt | measured fitness | best measured fitness | x1 | x2...
1 +2.939506032e+03 +2.939506032e+03 +3.076376032e+03 +3.076376032e+03 -4.7518e+00 +3.4190e+00 +4.9726e+00 +7.8123e-02 +4.9552e+00 -3.2494e+00 +1.4763e+00 +3.9039e+00 -4.0982e+00 -1.9670e+00 +1.6766e-01 -2.2473e+00 +3.4143e+00 -1.9282e+00 +2.0343e+00 +3.4351e+00 -4.2410e+00 -2.1758e+00 +2.0232e+00 +1.7815e+00
7 +1.670852701e+03 +1.670852701e+03 +1.807722701e+03 +1.807722701e+03 +3.9297e+00 -9.6769e-01 +9.1088e-01 +4.7933e+00 -3.0401e+00 +1.7370e-01 +2.8148e-01 +2.9588e+00 -3.7176e+00 -2.2162e+00 -4.1095e+00 -2.1291e+00 -3.7539e+00 +5.2452e-02 -4.0384e-01 -1.7061e+00 +4.1150e+00 -4.3899e+00 -3.7271e+00 -3.1854e+00
12 +1.432373414e+03 +1.432373414e+03 +1.569243414e+03 +1.569243414e+03 -1.2457e+00 -2.6574e+00 -3.2679e+00 -4.4560e+00 -4.1642e+00 +1.3185e+00 -3.9319e+00 +3.2798e+00 +1.9197e+00 +2.6421e+00 +1.0920e+00 -3.3916e+00 -3.9609e+00 +4.9640e+00 -1.7742e-01 -3.9277e-01 -4.3614e-01 -2.5753e+00 -3.6987e+00 -6.2807e-01
52 +8.261210419e+02 +8.261210419e+02 +9.629910419e+02 +9.629910419e+02 -2.8195e+00 +8.3997e-01 -4.1297e+00 -1.8873e+00 +3.0859e+00 +4.7414e+00 -2.8856e+00 -3.3314e+00 -1.1766e+00 -1.6366e+00 +1.8630e+00 -2.5123e+00 -3.7947e+00 -2.7965e+00 -4.6033e+00 +2.0553e-01 +1.8246e+00 -4.8990e+00 -3.9232e+00 -4.7900e+00
890 +6.125876125e+02 +6.125876125e+02 +7.494576125e+02 +7.494576125e+02 +7.4479e+00 -3.6303e+00 +5.1622e+00 -5.4749e+00 -1.7681e+00 +9.5232e-01 +3.1170e+00 -3.2515e+00 +1.3555e+00 -4.1214e+00 +1.2189e+00 -8.0492e-01 -2.6614e+00 +1.5962e-01 -5.5126e+00 -2.8871e+00 -2.2635e+00 -3.1279e+00 +6.7210e-01 -2.1729e+00
2182 +3.698786440e+02 +3.698786440e+02 +5.067486440e+02 +5.067486440e+02 +1.5796e+00 -1.1987e+00 -2.0007e+00 +3.1558e+00 +1.9807e+00 +7.0675e-01 -4.7914e+00 +3.0128e+00 -2.3730e+00 -7.6949e-01 +1.2784e-01 -2.0359e+00 -3.7490e+00 -1.2443e+00 -3.0201e+00 -1.1378e+00 -9.8796e-01 -3.9364e+00 -1.2121e+00 -2.3772e+00
3514 +2.469594890e+02 +2.469594890e+02 +3.838294890e+02 +3.838294890e+02 -6.4847e-01 +2.8166e+00 +1.0268e+00 -1.9805e-01 +2.6670e+00 +4.8224e+00 -6.5320e-01 +4.8728e+00 -1.7199e+00 -4.5030e+00 +7.9918e-01 -3.2435e+00 -4.2911e+00 +3.8788e-01 -4.6487e+00 +1.0065e+00 -1.4071e+00 -3.7404e+00 -8.4167e-02 -3.8727e+00
5931 +1.577540518e+02 +1.577540518e+02 +2.946240518e+02 +2.946240518e+02 +1.7220e+00 +1.6054e+00 +3.2708e+00 +5.8833e-02 +2.1553e+00 +2.2690e+00 -5.4964e-01 +3.6433e+00 +1.4500e+00 -3.1877e+00 -3.9889e-01 -2.0509e+00 -2.5027e+00 -1.2924e+00 -3.2755e+00 +1.5905e+00 -1.9379e+00 -3.5819e+00 -1.4455e+00 -2.5029e+00
30824 +9.924901169e+01 +9.924901169e+01 +2.361190117e+02 +2.361190117e+02 +2.6166e+00 +2.0379e+00 +3.0611e+00 +1.0153e-01 -2.1806e-01 +2.4527e+00 -8.5412e-01 +3.4950e+00 -1.1476e+00 -3.9950e+00 -2.9595e-01 -2.6414e+00 -3.1701e+00 -2.6658e-01 -3.8171e+00 +7.5905e-01 -2.2895e+00 -3.5832e+00 -7.4033e-01 -2.6137e+00
845018 +4.844499322e+01 +4.844499322e+01 +1.853149932e+02 +1.853149932e+02 +3.4800e+00 +3.4814e+00 +2.8578e+00 +8.8504e-01 +1.3688e+00 +2.9545e+00 +4.4434e-01 +3.7006e+00 -4.3756e-03 -3.9173e+00 +4.0686e-01 -2.6129e+00 -3.7156e+00 -3.5453e-01 -3.7023e+00 +1.1625e+00 -1.8904e+00 -3.5708e+00 -7.0502e-01 -2.5990e+00
% function evaluation | noise-free fitness - Fopt (2.196000000000e+01) | best noise-free fitness - Fopt | measured fitness | best measured fitness | x1 | x2...
1 +2.333511001e+03 +2.333511001e+03 +2.355471001e+03 +2.355471001e+03 -4.7518e+00 +3.4190e+00 +4.9726e+00 +7.8123e-02 +4.9552e+00 -3.2494e+00 +1.4763e+00 +3.9039e+00 -4.0982e+00 -1.9670e+00 +1.6766e-01 -2.2473e+00 +3.4143e+00 -1.9282e+00 +2.0343e+00 +3.4351e+00 -4.2410e+00 -2.1758e+00 +2.0232e+00 +1.7815e+00
2 +1.474570757e+03 +1.474570757e+03 +1.496530757e+03 +1.496530757e+03 +2.1706e-01 -2.1019e+00 -3.4714e+00 +3.3948e+00 -2.2359e+00 -2.6484e+00 -3.3639e+00 -3.5329e+00 +4.5703e+00 -3.8085e+00 -1.1039e+00 -2.1638e+00 +6.6075e-02 -3.5801e+00 +2.7993e+00 -1.4197e-01 +1.5159e+00 -1.6019e+00 -4.0518e-01 +2.8696e+00
23 +9.206593767e+02 +9.206593767e+02 +9.426193767e+02 +9.426193767e+02 -3.3132e+00 +4.8477e+00 -2.7660e-01 -4.8095e+00 -1.4671e+00 -2.9847e+00 +3.9993e+00 -8.0259e-01 +4.1430e+00 -4.2217e+00 -3.2133e+00 -2.1788e+00 -4.9827e+00 -1.2261e+00 +4.2570e+00 -5.8937e-01 -1.8035e+00 -1.2598e+00 +2.2658e+00 -4.6033e+00
193 +5.758738404e+02 +5.758738404e+02 +5.978338404e+02 +5.978338404e+02 +4.0812e+00 +6.1275e-01 +3.5016e+00 -1.7170e+00 +2.6889e+00 -1.3840e+00 -3.0315e-01 -4.2454e+00 +3.7592e+00 -9.1307e-01 -8.4671e-01 +7.9690e-01 -1.7636e+00 -3.7040e+00 -5.5697e-01 -1.8329e+00 -1.9935e+00 +4.1831e-01 +1.0835e-01 +5.1134e-01
2089 +3.495746178e+02 +3.495746178e+02 +3.715346178e+02 +3.715346178e+02 +7.6409e-02 -1.8944e+00 -1.6537e+00 -2.1649e+00 -9.5230e-01 +7.3601e-01 -1.0354e-01 -1.6062e+00 -1.2072e+00 -3.3376e-01 +3.5094e+00 -1.3418e+00 -3.3975e+00 -2.5659e+00 +2.0514e+00 +2.6692e-01 -2.0179e+00 -1.0807e+00 +1.3742e-01 -1.7284e+00
3388 +2.395401255e+02 +2.395401255e+02 +2.615001255e+02 +2.615001255e+02 +3.7297e+00 +1.4512e+00 -2.3271e+00 -1.1443e+00 -3.5501e+00 +2.7385e+00 +3.1101e+00 -1.7641e+00 +8.3974e-02 +1.0516e+00 +2.0509e+00 -5.4820e-01 -5.1872e+00 -2.3390e+00 +1.4407e+00 -1.9770e+00 -2.1999e+00 -1.2971e+00 -5.3290e-01 -1.2712e+00
6357 +1.524111142e+02 +1.524111142e+02 +1.743711142e+02 +1.743711142e+02 +3.5888e+00 -1.3863e+00 +1.5923e+00 +5.5797e-01 -1.0208e+00 +7.8704e-01 +3.6687e+00 +2.0745e-01 +7.9443e-01 -3.6160e-01 +1.9396e+00 -1.6631e+00 -3.7799e+00 -2.5168e+00 +1.5088e+00 -1.4847e+00 -3.0908e+00 -5.9486e-01 -6.2887e-01 -1.5484e+00
77876 +9.450464032e+01 +9.450464032e+01 +1.164646403e+02 +1.164646403e+02 +3.3173e+00 +6.2113e-01 +1.5996e+00 +1.5659e+00 -2.6447e+00 +2.7672e+00 +3.8498e+00 +6.5746e-01 +7.4742e-01 +2.6090e-01 +7.5886e-01 -2.9821e-01 -3.7525e+00 -3.0283e+00 +2.4881e+00 -9.6277e-01 -2.6243e+00 -9.2284e-01 -1.7856e-01 -1.1575e+00
994718 +5.684472682e+01 +5.684472682e+01 +7.880472682e+01 +7.880472682e+01 +3.4013e+00 -5.4360e-01 +1.6636e+00 +2.3395e+00 -2.5457e+00 +2.7434e+00 +3.7840e+00 +1.2672e+00 -4.2505e-01 +2.6355e-01 +1.3640e+00 -5.7518e-02 -3.9046e+00 -2.5859e+00 +2.3282e+00 -1.0812e+00 -2.2636e+00 -9.5411e-01 -1.5187e-01 -6.0969e-01
% function evaluation | noise-free fitness - Fopt (-2.139000000000e+01) | best noise-free fitness - Fopt | measured fitness | best measured fitness | x1 | x2...
1 +1.615034294e+03 +1.615034294e+03 +1.593644294e+03 +1.593644294e+03 -4.7518e+00 +3.4190e+00 +4.9726e+00 +7.8123e-02 +4.9552e+00 -3.2494e+00 +1.4763e+00 +3.9039e+00 -4.0982e+00 -1.9670e+00 +1.6766e-01 -2.2473e+00 +3.4143e+00 -1.9282e+00 +2.0343e+00 +3.4351e+00 -4.2410e+00 -2.1758e+00 +2.0232e+00 +1.7815e+00
2 +1.213029180e+03 +1.213029180e+03 +1.191639180e+03 +1.191639180e+03 +2.1706e-01 -2.1019e+00 -3.4714e+00 +3.3948e+00 -2.2359e+00 -2.6484e+00 -3.3639e+00 -3.5329e+00 +4.5703e+00 -3.8085e+00 -1.1039e+00 -2.1638e+00 +6.6075e-02 -3.5801e+00 +2.7993e+00 -1.4197e-01 +1.5159e+00 -1.6019e+00 -4.0518e-01 +2.8696e+00
44 +9.589757874e+02 +9.589757874e+02 +9.375857874e+02 +9.375857874e+02 +2.6015e+00 +8.2036e-01 -2.2497e+00 -7.4965e-01 -4.7303e+00 +4.1083e+00 +3.2677e+00 +4.3222e+00 -4.4874e+00 -2.7561e+00 -1.5770e+00 -3.6162e-01 -4.6367e+00 -4.3723e+00 -4.8707e+00 -1.7727e+00 +1.5098e+00 +1.0104e+00 +3.0807e+00 +4.2540e-01
171 +4.885417956e+02 +4.885417956e+02 +4.671517956e+02 +4.671517956e+02 +4.1617e+00 +3.9363e+00 +1.6420e+00 +1.2524e+00 -3.4839e-01 +1.2438e+00 -2.6402e+00 -3.8825e+00 +3.6050e+00 -2.6584e+00 +1.9707e-01 +8.0904e-01 +2.1631e-01 -2.7734e+00 -1.4638e+00 +4.3787e-01 -4.1368e+00 +1.2773e+00 -1.7350e-01 +3.0599e+00
1844 +3.832475882e+02 +3.832475882e+02 +3.618575882e+02 +3.618575882e+02 -2.0644e+00 +7.2705e-01 -2.3118e+00 -1.1802e+00 -6.3098e-01 +1.0381e+00 -1.8438e+00 +4.5500e+00 -1.3407e+00 -1.7741e+00 -2.8827e-01 -6.4442e-01 -1.1601e+00 -3.8513e+00 -3.5930e+00 +2.0212e+00 -1.7357e+00 +2.6140e+00 +1.8802e+00 +2.6270e+00
3726 +2.136071951e+02 +2.136071951e+02 +1.922171951e+02 +1.922171951e+02 +2.3102e+00 +2.6730e+00 +4.5476e+00 -3.8403e+00 -4.0243e+00 -3.3123e-01 -3.8719e+00 +5.3277e-01 +3.5217e+00 -2.0991e+00 +9.0422e-01 -1.6584e+00 -2.6576e+00 -1.5278e+00 -2.7397e+00 +1.5697e+00 -2.0484e+00 +2.1627e+00 +3.0247e+00 +2.0388e+00
7213 +1.566090735e+02 +1.566090735e+02 +1.352190735e+02 +1.352190735e+02 +2.4477e+00 -1.1798e-01 +1.4261e+00 -2.9019e+00 -3.2228e+00 +1.0814e+00 -2.7598e+00 +1.2054e+00 +3.1410e+00 -1.2997e+00 +9.4437e-01 -2.1296e+00 -2.0841e+00 -1.8245e+00 -2.1615e+00 +1.8369e+00 -1.8419e+00 +2.0628e+00 +2.6792e+00 +3.3082e+00
27013 +8.122959672e+01 +8.122959672e+01 +5.983959672e+01 +5.983959672e+01 +3.0199e+00 +1.1404e+00 +1.8131e-01 -2.4794e+00 -2.2500e+00 +1.1512e+00 -2.1533e+00 +1.1897e+00 +3.4574e+00 -1.1735e+00 +7.9451e-01 -2.1319e+00 -2.1497e+00 -1.4269e+00 -2.5560e+00 +1.3136e+00 -1.2902e+00 +2.2958e+00 +1.9359e+00 +2.8261e+00
1167668 +6.238900330e+01 +6.238900330e+01 +4.099900330e+01 +4.099900330e+01 +4.2004e+00 +1.8578e+00 +1.6006e+00 -3.0715e+00 -1.5477e+00 +1.3617e+00 -2.7534e+00 +1.9460e+00 +3.3139e+00 -1.2383e+00 +8.7701e-01 -1.6754e+00 -2.5766e+00 -2.3915e+00 -2.6816e+00 +1.3752e+00 -1.2604e+00 +2.2830e+00 +1.9579e+00 +2.9186e+00
% function evaluation | noise-free fitness - Fopt (5.176600000000e+02) | best noise-free fitness - Fopt | measured fitness | best measured fitness | x1 | x2...
1 +2.680858737e+03 +2.680858737e+03 +3.198518737e+03 +3.198518737e+03 -4.7518e+00 +3.4190e+00 +4.9726e+00 +7.8123e-02 +4.9552e+00 -3.2494e+00 +1.4763e+00 +3.9039e+00 -4.0982e+00 -1.9670e+00 +1.6766e-01 -2.2473e+00 +3.4143e+00 -1.9282e+00 +2.0343e+00 +3.4351e+00 -4.2410e+00 -2.1758e+00 +2.0232e+00 +1.7815e+00
3 +1.055511788e+03 +1.055511788e+03 +1.573171788e+03 +1.573171788e+03 -4.7257e+00 -3.3348e+00 -3.6585e+00 -2.5308e+00 -4.8896e+00 +3.1732e-01 -3.4667e+00 +6.8246e-01 -6.9552e-01 -3.3823e+00 -2.5413e+00 +2.1374e-02 -5.8656e-01 +5.2793e-01 -3.3948e-01 -4.6054e+00 +4.5124e+00 +1.0595e+00 +4.9704e-01 -1.9615e+00
27 +9.428536494e+02 +9.428536494e+02 +1.460513649e+03 +1.460513649e+03 -7.4885e-01 +2.6024e+00 -6.1863e-01 +1.1968e-01 -4.7632e+00 +1.7844e+00 +1.4730e+00 -3.0265e+00 +3.3349e-01 +1.4780e-01 +1.1894e+00 +2.0468e+00 -3.6969e+00 -9.7148e-01 -2.5598e+00 -2.0258e+00 +2.7407e+00 +6.0303e-01 -5.7738e-01 -2.6331e+00
400 +5.727869310e+02 +5.727869310e+02 +1.090446931e+03 +1.090446931e+03 -3.1401e+00 +1.1707e-01 -3.2495e+00 +1.0980e-01 +1.8951e+00 +1.2931e+00 +4.5633e-01 +1.5586e+00 -1.4603e-01 -1.3415e+00 -1.3939e+00 -1.7478e+00 +6.0347e+00 -3.2638e-01 +5.0328e-01 +8.8826e-01 +1.0259e+00 +1.0405e+00 -1.2450e+00 -6.7362e-01
2229 +3.522941783e+02 +3.522941783e+02 +8.699541783e+02 +8.699541783e+02 +8.9376e-01 -4.8378e-01 +4.3035e-01 -1.4176e+00 +8.7647e-01 +1.8267e+00 -4.5054e+00 -2.7368e+00 +9.4874e-01 +1.9321e+00 +2.4521e-01 -3.6396e+00 +2.5449e+00 -7.1453e-01 -3.3187e+00 +1.0348e+00 +8.9693e-01 +1.3405e+00 -1.7785e+00 -3.2461e+00
4205 +2.327154117e+02 +2.327154117e+02 +7.503754117e+02 +7.503754117e+02 -1.7473e+00 +3.5608e+00 +1.5257e+00 +2.4156e+00 -6.0042e-01 -1.5440e+00 -4.3831e+00 -1.2486e+00 +1.3550e-01 +1.3023e+00 +2.8534e-01 -2.9480e+00 +3.6270e+00 -8.4960e-01 -1.1780e+00 +1.2611e-01 +1.4770e+00 -1.2768e-02 -2.1498e+00 -2.6401e+00
6185 +1.492990485e+02 +1.492990485e+02 +6.669590485e+02 +6.669590485e+02 -2.0187e+00 +3.6139e+00 -1.0120e+00 +2.1861e+00 +2.1476e+00 -1.6382e+00 -2.5815e+00 +4.9888e-01 -1.4813e-01 +6.0875e-01 +1.9339e+00 -2.3637e+00 +3.4770e+00 +2.6172e-01 -1.8684e+00 +2.0788e+00 +1.1531e+00 +9.4219e-01 -2.8549e+00 -2.6737e+00
20690 +9.249940080e+01 +9.249940080e+01 +6.101594008e+02 +6.101594008e+02 -4.0942e+00 +3.0150e+00 +7.1700e-01 +3.7259e+00 +4.9911e-01 -1.2174e+00 -3.9393e+00 +5.9824e-02 +1.1563e-02 +3.8256e-01 -2.2178e-01 -1.8347e+00 +3.9974e+00 -5.5888e-01 -1.5371e+00 +1.5182e+00 +2.3765e+00 +8.6420e-01 -2.5804e+00 -3.3786e+00
1484841 +6.046103139e+01 +6.046103139e+01 +5.781210314e+02 +5.781210314e+02 -3.8352e+00 +3.0878e+00 +6.6041e-01 +3.7639e+00 +1.5782e+00 -6.8347e-01 -3.8658e+00 +3.0464e-02 +7.0355e-01 +1.0920e+00 +3.0568e-01 -1.9597e+00 +3.8714e+00 -1.2426e-01 -1.5236e+00 +1.5532e+00 +1.9882e+00 +1.3018e+00 -2.4623e+00 -3.0782e+00
