% function evaluation | noise-free fitness - Fopt (-1.694000000000e+01) | best noise-free fitness - Fopt | measured fitness | best measured fitness | x1 | x2...
1 +7.883558736e+02 +7.883558736e+02 +7.714158736e+02 +7.714158736e+02 -4.7518e+00 +3.4190e+00 +4.9726e+00
2 +3.906638334e+01 +3.906638334e+01 +2.212638334e+01 +2.212638334e+01 +7.8123e-02 +4.9552e+00 -3.2494e+00
3 +7.159134427e+00 +7.159134427e+00 -9.780865573e+00 -9.780865573e+00 +1.4763e+00 +3.9039e+00 -4.0982e+00
7 +4.907875504e+00 +4.907875504e+00 -1.203212450e+01 -1.203212450e+01 +2.0232e+00 +1.7815e+00 +2.1706e-01
98 +3.030940594e+00 +3.030940594e+00 -1.390905941e+01 -1.390905941e+01 +2.8021e+00 +2.2223e+00 -8.4672e-01
133 +1.810325658e+00 +1.810325658e+00 -1.512967434e+01 -1.512967434e+01 +3.6476e+00 +3.1676e+00 -1.5509e+00
255 +7.480142580e-01 +7.480142580e-01 -1.619198574e+01 -1.619198574e+01 +3.2032e+00 +2.6662e+00 -1.3593e+00
288 +3.686610921e-01 +3.686610921e-01 -1.657133891e+01 -1.657133891e+01 +3.4862e+00 +2.2689e+00 -1.3466e+00
483 +1.983268326e-01 +1.983268326e-01 -1.674167317e+01 -1.674167317e+01 +3.5582e+00 +2.3308e+00 -1.4135e+00
543 +1.487792258e-01 +1.487792258e-01 -1.679122077e+01 -1.679122077e+01 +3.5993e+00 +2.4451e+00 -1.4882e+00
674 +6.115515570e-02 +6.115515570e-02 -1.687884484e+01 -1.687884484e+01 +3.6777e+00 +2.5501e+00 -1.5665e+00
1003 +3.324786154e-02 +3.324786154e-02 -1.690675214e+01 -1.690675214e+01 +3.6273e+00 +2.5466e+00 -1.5128e+00
1176 +2.052045681e-02 +2.052045681e-02 -1.691947954e+01 -1.691947954e+01 +3.6473e+00 +2.5439e+00 -1.5202e+00
1235 +1.498561634e-02 +1.498561634e-02 -1.692501438e+01 -1.692501438e+01 +3.6656e+00 +2.5595e+00 -1.5397e+00
1365 +8.192231127e-03 +8.192231127e-03 -1.693180777e+01 -1.693180777e+01 +3.6600e+00 +2.5527e+00 -1.5327e+00
1528 +4.324799143e-03 +4.324799143e-03 -1.693567520e+01 -1.693567520e+01 +3.6521e+00 +2.5445e+00 -1.5254e+00
1611 +2.059695828e-03 +2.059695828e-03 -1.693794030e+01 -1.693794030e+01 +3.6549e+00 +2.5489e+00 -1.5290e+00
1715 +1.420827725e-03 +1.420827725e-03 -1.693857917e+01 -1.693857917e+01 +3.6562e+00 +2.5501e+00 -1.5303e+00
1901 +8.648396757e-04 +8.648396757e-04 -1.693913516e+01 -1.693913516e+01 +3.6559e+00 +2.5499e+00 -1.5299e+00
2012 +5.777651601e-04 +5.777651601e-04 -1.693942223e+01 -1.693942223e+01 +3.6561e+00 +2.5494e+00 -1.5295e+00
2165 +3.655351642e-04 +3.655351642e-04 -1.693963446e+01 -1.693963446e+01 +3.6560e+00 +2.5497e+00 -1.5297e+00
2225 +1.725933251e-04 +1.725933251e-04 -1.693982741e+01 -1.693982741e+01 +3.6559e+00 +2.5495e+00 -1.5295e+00
2474 +1.069762742e-04 +1.069762742e-04 -1.693989302e+01 -1.693989302e+01 +3.6560e+00 +2.5496e+00 -1.5296e+00
2551 +7.110668133e-05 +7.110668133e-05 -1.693992889e+01 -1.693992889e+01 +3.6560e+00 +2.5496e+00 -1.5296e+00
2624 +3.743839028e-05 +3.743839028e-05 -1.693996256e+01 -1.693996256e+01 +3.6560e+00 +2.5496e+00 -1.5296e+00
2908 +1.845872492e-05 +1.845872492e-05 -1.693998154e+01 -1.693998154e+01 +3.6560e+00 +2.5496e+00 -1.5296e+00
3030 +1.239111636e-05 +1.239111636e-05 -1.693998761e+01 -1.693998761e+01 +3.6560e+00 +2.5496e+00 -1.5296e+00
3123 +9.766487736e-06 +9.766487736e-06 -1.693999023e+01 -1.693999023e+01 +3.6560e+00 +2.5496e+00 -1.5296e+00
3251 +1.925961826e-06 +1.925961826e-06 -1.693999807e+01 -1.693999807e+01 +3.6560e+00 +2.5496e+00 -1.5296e+00
3484 +1.168540827e-06 +1.168540827e-06 -1.693999883e+01 -1.693999883e+01 +3.6560e+00 +2.5496e+00 -1.5296e+00
3546 +8.917408039e-07 +8.917408039e-07 -1.693999911e+01 -1.693999911e+01 +3.6560e+00 +2.5496e+00 -1.5296e+00
3704 +6.304002724e-07 +6.304002724e-07 -1.693999937e+01 -1.693999937e+01 +3.6560e+00 +2.5496e+00 -1.5296e+00
3849 +2.887767039e-07 +2.887767039e-07 -1.693999971e+01 -1.693999971e+01 +3.6560e+00 +2.5496e+00 -1.5296e+00
3926 +2.258766010e-07 +2.258766010e-07 -1.693999977e+01 -1.693999977e+01 +3.6560e+00 +2.5496e+00 -1.5296e+00
4046 +1.280043449e-07 +1.280043449e-07 -1.693999987e+01 -1.693999987e+01 +3.6560e+00 +2.5496e+00 -1.5296e+00
4177 +7.055436413e-08 +7.055436413e-08 -1.693999993e+01 -1.693999993e+01 +3.6560e+00 +2.5496e+00 -1.5296e+00
4184 +5.514540291e-08 +5.514540291e-08 -1.693999994e+01 -1.693999994e+01 +3.6560e+00 +2.5496e+00 -1.5296e+00
4265 +2.721518300e-08 +2.721518300e-08 -1.693999997e+01 -1.693999997e+01 +3.6560e+00 +2.5496e+00 -1.5296e+00
4411 +1.770976255e-08 +1.770976255e-08 -1.693999998e+01 -1.693999998e+01 +3.6560e+00 +2.5496e+00 -1.5296e+00
4448 +1.025632912e-08 +1.025632912e-08 -1.693999999e+01 -1.693999999e+01 +3.6560e+00 +2.5496e+00 -1.5296e+00
4477 +5.227406064e-09 +5.227406064e-09 -1.693999999e+01 -1.693999999e+01 +3.6560e+00 +2.5496e+00 -1.5296e+00
% function evaluation | noise-free fitness - Fopt (1.881000000000e+01) | best noise-free fitness - Fopt | measured fitness | best measured fitness | x1 | x2...
1 +5.107088007e+02 +5.107088007e+02 +5.295188007e+02 +5.295188007e+02 -4.7518e+00 +3.4190e+00 +4.9726e+00
2 +8.759321931e+00 +8.759321931e+00 +2.756932193e+01 +2.756932193e+01 +7.8123e-02 +4.9552e+00 -3.2494e+00
7 +5.383098116e+00 +5.383098116e+00 +2.419309812e+01 +2.419309812e+01 +2.0232e+00 +1.7815e+00 +2.1706e-01
36 +2.178677140e+00 +2.178677140e+00 +2.098867714e+01 +2.098867714e+01 +1.0497e+00 +2.2303e+00 -1.2033e+00
158 +1.474184284e+00 +1.474184284e+00 +2.028418428e+01 +2.028418428e+01 +1.5793e+00 +2.7290e+00 -2.0753e+00
315 +6.031276513e-01 +6.031276513e-01 +1.941312765e+01 +1.941312765e+01 -4.6845e-01 +1.5394e+00 -6.9283e-01
477 +2.010242798e-01 +2.010242798e-01 +1.901102428e+01 +1.901102428e+01 -1.0550e-01 +1.7821e+00 -7.2003e-01
717 +7.754040419e-02 +7.754040419e-02 +1.888754040e+01 +1.888754040e+01 -2.5081e-01 +1.7535e+00 -8.1702e-01
821 +5.650030511e-02 +5.650030511e-02 +1.886650031e+01 +1.886650031e+01 -2.1259e-01 +1.7907e+00 -8.0763e-01
1119 +2.586805263e-02 +2.586805263e-02 +1.883586805e+01 +1.883586805e+01 -1.8677e-01 +1.7841e+00 -8.1756e-01
1160 +1.944471371e-02 +1.944471371e-02 +1.882944471e+01 +1.882944471e+01 -1.9637e-01 +1.7689e+00 -8.1382e-01
1267 +1.292812648e-02 +1.292812648e-02 +1.882292813e+01 +1.882292813e+01 -1.9320e-01 +1.7780e+00 -8.1755e-01
1347 +7.678377781e-03 +7.678377781e-03 +1.881767838e+01 +1.881767838e+01 -1.8803e-01 +1.7809e+00 -8.2421e-01
1479 +5.993766494e-03 +5.993766494e-03 +1.881599377e+01 +1.881599377e+01 -1.8535e-01 +1.7848e+00 -8.2456e-01
1625 +3.844962979e-03 +3.844962979e-03 +1.881384496e+01 +1.881384496e+01 -1.9291e-01 +1.7793e+00 -8.2165e-01
1700 +1.082489369e-03 +1.082489369e-03 +1.881108249e+01 +1.881108249e+01 -1.9208e-01 +1.7803e+00 -8.2165e-01
1807 +7.723630966e-04 +7.723630966e-04 +1.881077236e+01 +1.881077236e+01 -1.9083e-01 +1.7810e+00 -8.2227e-01
1930 +5.680233672e-04 +5.680233672e-04 +1.881056802e+01 +1.881056802e+01 -1.9085e-01 +1.7808e+00 -8.2225e-01
2083 +2.113315023e-04 +2.113315023e-04 +1.881021133e+01 +1.881021133e+01 -1.9106e-01 +1.7809e+00 -8.2247e-01
2308 +1.538750129e-04 +1.538750129e-04 +1.881015388e+01 +1.881015388e+01 -1.9131e-01 +1.7807e+00 -8.2233e-01
2371 +9.891741547e-05 +9.891741547e-05 +1.881009892e+01 +1.881009892e+01 -1.9120e-01 +1.7808e+00 -8.2237e-01
2514 +3.431164677e-05 +3.431164677e-05 +1.881003431e+01 +1.881003431e+01 -1.9120e-01 +1.7808e+00 -8.2239e-01
2848 +1.519172650e-05 +1.519172650e-05 +1.881001519e+01 +1.881001519e+01 -1.9120e-01 +1.7808e+00 -8.2240e-01
3436 +4.235622018e-06 +4.235622018e-06 +1.881000424e+01 +1.881000424e+01 -1.9120e-01 +1.7808e+00 -8.2240e-01
3575 +3.795552381e-06 +3.795552381e-06 +1.881000380e+01 +1.881000380e+01 -1.9120e-01 +1.7808e+00 -8.2240e-01
3637 +1.394293108e-06 +1.394293108e-06 +1.881000139e+01 +1.881000139e+01 -1.9120e-01 +1.7808e+00 -8.2240e-01
3755 +8.984219591e-07 +8.984219591e-07 +1.881000090e+01 +1.881000090e+01 -1.9120e-01 +1.7808e+00 -8.2240e-01
3988 +5.943112491e-07 +5.943112491e-07 +1.881000059e+01 +1.881000059e+01 -1.9120e-01 +1.7808e+00 -8.2240e-01
4038 +3.628954488e-07 +3.628954488e-07 +1.881000036e+01 +1.881000036e+01 -1.9120e-01 +1.7808e+00 -8.2240e-01
4171 +2.119043039e-07 +2.119043039e-07 +1.881000021e+01 +1.881000021e+01 -1.9120e-01 +1.7808e+00 -8.2240e-01
4309 +1.202340627e-07 +1.202340627e-07 +1.881000012e+01 +1.881000012e+01 -1.9120e-01 +1.7808e+00 -8.2240e-01
4413 +7.172658911e-08 +7.172658911e-08 +1.881000007e+01 +1.881000007e+01 -1.9120e-01 +1.7808e+00 -8.2240e-01
4545 +5.568327310e-08 +5.568327310e-08 +1.881000006e+01 +1.881000006e+01 -1.9120e-01 +1.7808e+00 -8.2240e-01
4631 +3.926894365e-08 +3.926894365e-08 +1.881000004e+01 +1.881000004e+01 -1.9120e-01 +1.7808e+00 -8.2240e-01
4753 +2.450310532e-08 +2.450310532e-08 +1.881000002e+01 +1.881000002e+01 -1.9120e-01 +1.7808e+00 -8.2240e-01
4833 +1.259702387e-08 +1.259702387e-08 +1.881000001e+01 +1.881000001e+01 -1.9120e-01 +1.7808e+00 -8.2240e-01
4907 +3.562774964e-09 +3.562774964e-09 +1.881000000e+01 +1.881000000e+01 -1.9120e-01 +1.7808e+00 -8.2240e-01
% function evaluation | noise-free fitness - Fopt (2.731500000000e+02) | best noise-free fitness - Fopt | measured fitness | best measured fitness | x1 | x2...
1 +1.284425247e+01 +1.284425247e+01 +2.859942525e+02 +2.859942525e+02 -4.7518e+00 +3.4190e+00 +4.9726e+00
12 +2.510756293e+00 +2.510756293e+00 +2.756607563e+02 +2.756607563e+02 -3.5801e+00 +2.7993e+00 -1.4197e-01
105 +1.161455602e+00 +1.161455602e+00 +2.743114556e+02 +2.743114556e+02 -2.9436e+00 +4.4671e+00 -5.8255e-01
254 +2.697579203e-01 +2.697579203e-01 +2.734197579e+02 +2.734197579e+02 -3.4948e+00 +3.8294e+00 -4.2817e-01
550 +2.197794647e-01 +2.197794647e-01 +2.733697795e+02 +2.733697795e+02 -3.6121e+00 +3.6057e+00 -4.8417e-01
738 +7.959466925e-02 +7.959466925e-02 +2.732295947e+02 +2.732295947e+02 -3.5890e+00 +3.7805e+00 -4.9774e-01
794 +5.543884704e-02 +5.543884704e-02 +2.732054388e+02 +2.732054388e+02 -3.5907e+00 +3.7550e+00 -4.8516e-01
1047 +3.236723680e-02 +3.236723680e-02 +2.731823672e+02 +2.731823672e+02 -3.5719e+00 +3.7704e+00 -4.8293e-01
1206 +2.411567115e-02 +2.411567115e-02 +2.731741157e+02 +2.731741157e+02 -3.5742e+00 +3.7493e+00 -4.6888e-01
1293 +6.905752834e-03 +6.905752834e-03 +2.731569058e+02 +2.731569058e+02 -3.5833e+00 +3.7560e+00 -4.8033e-01
1625 +4.093773169e-03 +4.093773169e-03 +2.731540938e+02 +2.731540938e+02 -3.5797e+00 +3.7507e+00 -4.7904e-01
1679 +3.453802961e-03 +3.453802961e-03 +2.731534538e+02 +2.731534538e+02 -3.5792e+00 +3.7547e+00 -4.7855e-01
1781 +8.161316794e-04 +8.161316794e-04 +2.731508161e+02 +2.731508161e+02 -3.5795e+00 +3.7529e+00 -4.7849e-01
2169 +5.267418617e-04 +5.267418617e-04 +2.731505267e+02 +2.731505267e+02 -3.5795e+00 +3.7538e+00 -4.7856e-01
2269 +2.428519582e-04 +2.428519582e-04 +2.731502429e+02 +2.731502429e+02 -3.5793e+00 +3.7535e+00 -4.7829e-01
2285 +1.417209508e-04 +1.417209508e-04 +2.731501417e+02 +2.731501417e+02 -3.5792e+00 +3.7535e+00 -4.7842e-01
2466 +2.862680418e-05 +2.862680418e-05 +2.731500286e+02 +2.731500286e+02 -3.5792e+00 +3.7536e+00 -4.7839e-01
3055 +1.433718575e-05 +1.433718575e-05 +2.731500143e+02 +2.731500143e+02 -3.5792e+00 +3.7536e+00 -4.7840e-01
3200 +6.975127235e-06 +6.975127235e-06 +2.731500070e+02 +2.731500070e+02 -3.5792e+00 +3.7536e+00 -4.7840e-01
3307 +3.389869221e-06 +3.389869221e-06 +2.731500034e+02 +2.731500034e+02 -3.5792e+00 +3.7536e+00 -4.7840e-01
3426 +1.701854217e-06 +1.701854217e-06 +2.731500017e+02 +2.731500017e+02 -3.5792e+00 +3.7536e+00 -4.7840e-01
3484 +9.570229054e-07 +9.570229054e-07 +2.731500010e+02 +2.731500010e+02 -3.5792e+00 +3.7536e+00 -4.7840e-01
3605 +5.721736898e-07 +5.721736898e-07 +2.731500006e+02 +2.731500006e+02 -3.5792e+00 +3.7536e+00 -4.7840e-01
3774 +3.130994060e-07 +3.130994060e-07 +2.731500003e+02 +2.731500003e+02 -3.5792e+00 +3.7536e+00 -4.7840e-01
3902 +2.485531354e-07 +2.485531354e-07 +2.731500002e+02 +2.731500002e+02 -3.5792e+00 +3.7536e+00 -4.7840e-01
4088 +1.506668923e-07 +1.506668923e-07 +2.731500002e+02 +2.731500002e+02 -3.5792e+00 +3.7536e+00 -4.7840e-01
4145 +9.318574712e-08 +9.318574712e-08 +2.731500001e+02 +2.731500001e+02 -3.5792e+00 +3.7536e+00 -4.7840e-01
4295 +1.195411414e-08 +1.195411414e-08 +2.731500000e+02 +2.731500000e+02 -3.5792e+00 +3.7536e+00 -4.7840e-01
4662 +7.978997019e-09 +7.978997019e-09 +2.731500000e+02 +2.731500000e+02 -3.5792e+00 +3.7536e+00 -4.7840e-01
% function evaluation | noise-free fitness - Fopt (3.718000000000e+01) | best noise-free fitness - Fopt | measured fitness | best measured fitness | x1 | x2...
1 +1.864116557e+01 +1.864116557e+01 +5.582116557e+01 +5.582116557e+01 -4.7518e+00 +3.4190e+00 +4.9726e+00
12 +6.201640012e+00 +6.201640012e+00 +4.338164001e+01 +4.338164001e+01 -3.5801e+00 +2.7993e+00 -1.4197e-01
81 +2.477669057e+00 +2.477669057e+00 +3.965766906e+01 +3.965766906e+01 -1.9675e+00 +1.5768e+00 +1.3906e+00
326 +1.367735428e+00 +1.367735428e+00 +3.854773543e+01 +3.854773543e+01 -3.5676e+00 +1.7819e+00 +2.1060e+00
419 +4.841090687e-01 +4.841090687e-01 +3.766410907e+01 +3.766410907e+01 -4.3695e+00 +2.0892e+00 +2.1341e+00
547 +3.876325630e-01 +3.876325630e-01 +3.756763256e+01 +3.756763256e+01 -3.4103e+00 +2.1734e+00 +1.9183e+00
572 +1.198611486e-01 +1.198611486e-01 +3.729986115e+01 +3.729986115e+01 -3.7952e+00 +2.1114e+00 +2.0421e+00
963 +9.910498671e-02 +9.910498671e-02 +3.727910499e+01 +3.727910499e+01 -3.9020e+00 +2.1478e+00 +1.9968e+00
973 +5.987194942e-02 +5.987194942e-02 +3.723987195e+01 +3.723987195e+01 -3.8864e+00 +2.0820e+00 +2.0337e+00
1174 +3.964756106e-02 +3.964756106e-02 +3.721964756e+01 +3.721964756e+01 -3.8918e+00 +2.0460e+00 +2.0482e+00
1265 +2.243864767e-02 +2.243864767e-02 +3.720243865e+01 +3.720243865e+01 -3.8893e+00 +2.0641e+00 +2.0447e+00
1338 +8.868926448e-03 +8.868926448e-03 +3.718886893e+01 +3.718886893e+01 -3.9051e+00 +2.0586e+00 +2.0409e+00
1597 +3.101676185e-03 +3.101676185e-03 +3.718310168e+01 +3.718310168e+01 -3.8995e+00 +2.0611e+00 +2.0399e+00
1815 +1.850986373e-03 +1.850986373e-03 +3.718185099e+01 +3.718185099e+01 -3.8988e+00 +2.0601e+00 +2.0398e+00
1922 +1.340068484e-03 +1.340068484e-03 +3.718134007e+01 +3.718134007e+01 -3.8990e+00 +2.0600e+00 +2.0398e+00
1990 +7.890721818e-04 +7.890721818e-04 +3.718078907e+01 +3.718078907e+01 -3.8992e+00 +2.0602e+00 +2.0399e+00
2038 +4.605817851e-04 +4.605817851e-04 +3.718046058e+01 +3.718046058e+01 -3.8995e+00 +2.0600e+00 +2.0399e+00
2120 +3.746822660e-04 +3.746822660e-04 +3.718037468e+01 +3.718037468e+01 -3.8990e+00 +2.0600e+00 +2.0401e+00
2139 +2.022993626e-04 +2.022993626e-04 +3.718020230e+01 +3.718020230e+01 -3.8991e+00 +2.0600e+00 +2.0400e+00
2285 +5.483317069e-05 +5.483317069e-05 +3.718005483e+01 +3.718005483e+01 -3.8992e+00 +2.0600e+00 +2.0400e+00
2356 +3.853352734e-05 +3.853352734e-05 +3.718003853e+01 +3.718003853e+01 -3.8992e+00 +2.0600e+00 +2.0400e+00
2927 +1.956723625e-05 +1.956723625e-05 +3.718001957e+01 +3.718001957e+01 -3.8992e+00 +2.0600e+00 +2.0400e+00
2930 +6.273069971e-06 +6.273069971e-06 +3.718000627e+01 +3.718000627e+01 -3.8992e+00 +2.0600e+00 +2.0400e+00
3426 +1.061105742e-06 +1.061105742e-06 +3.718000106e+01 +3.718000106e+01 -3.8992e+00 +2.0600e+00 +2.0400e+00
3541 +4.897656041e-07 +4.897656041e-07 +3.718000049e+01 +3.718000049e+01 -3.8992e+00 +2.0600e+00 +2.0400e+00
3969 +2.237963628e-07 +2.237963628e-07 +3.718000022e+01 +3.718000022e+01 -3.8992e+00 +2.0600e+00 +2.0400e+00
4073 +1.507359642e-07 +1.507359642e-07 +3.718000015e+01 +3.718000015e+01 -3.8992e+00 +2.0600e+00 +2.0400e+00
4079 +8.218760428e-08 +8.218760428e-08 +3.718000008e+01 +3.718000008e+01 -3.8992e+00 +2.0600e+00 +2.0400e+00
4215 +4.840456569e-08 +4.840456569e-08 +3.718000005e+01 +3.718000005e+01 -3.8992e+00 +2.0600e+00 +2.0400e+00
4246 +3.681763872e-08 +3.681763872e-08 +3.718000004e+01 +3.718000004e+01 -3.8992e+00 +2.0600e+00 +2.0400e+00
4393 +1.491023482e-08 +1.491023482e-08 +3.718000001e+01 +3.718000001e+01 -3.8992e+00 +2.0600e+00 +2.0400e+00
4446 +4.945547971e-09 +4.945547971e-09 +3.718000000e+01 +3.718000000e+01 -3.8992e+00 +2.0600e+00 +2.0400e+00
% function evaluation | noise-free fitness - Fopt (-1.479000000000e+02) | best noise-free fitness - Fopt | measured fitness | best measured fitness | x1 | x2...
1 +1.132024427e+02 +1.132024427e+02 -3.469755733e+01 -3.469755733e+01 -4.7518e+00 +3.4190e+00 +4.9726e+00
2 +4.553870190e+01 +4.553870190e+01 -1.023612981e+02 -1.023612981e+02 +7.8123e-02 +4.9552e+00 -3.2494e+00
4 +1.284058212e+01 +1.284058212e+01 -1.350594179e+02 -1.350594179e+02 -1.9670e+00 +1.6766e-01 -2.2473e+00
9 +6.759578422e+00 +6.759578422e+00 -1.411404216e+02 -1.411404216e+02 -2.2359e+00 -2.6484e+00 -3.3639e+00
17 +6.093593168e+00 +6.093593168e+00 -1.418064068e+02 -1.418064068e+02 -6.9552e-01 -3.3823e+00 -2.5413e+00
28 +3.790951543e+00 +3.790951543e+00 -1.441090485e+02 -1.441090485e+02 -8.2328e-01 +2.1835e-01 +1.3382e+00
140 +2.324469290e+00 +2.324469290e+00 -1.455755307e+02 -1.455755307e+02 -1.2533e+00 -8.2506e-01 +7.2294e-01
165 +1.404421130e+00 +1.404421130e+00 -1.464955789e+02 -1.464955789e+02 -1.8427e+00 -7.1421e-01 -3.7795e-01
178 +4.282715560e-01 +4.282715560e-01 -1.474717284e+02 -1.474717284e+02 -1.8053e+00 +4.3481e-01 +1.1671e+00
625 +2.111244858e-01 +2.111244858e-01 -1.476888755e+02 -1.476888755e+02 -1.6623e+00 +7.3162e-02 +1.0726e+00
774 +1.449741213e-01 +1.449741213e-01 -1.477550259e+02 -1.477550259e+02 -1.6480e+00 +8.5591e-02 +1.0977e+00
797 +9.104474778e-02 +9.104474778e-02 -1.478089553e+02 -1.478089553e+02 -1.6851e+00 +1.5467e-01 +1.1838e+00
879 +5.844845980e-02 +5.844845980e-02 -1.478415515e+02 -1.478415515e+02 -1.6712e+00 +1.1287e-01 +1.1189e+00
1003 +1.336110721e-02 +1.336110721e-02 -1.478866389e+02 -1.478866389e+02 -1.6720e+00 +1.2561e-01 +1.1210e+00
1504 +9.476999264e-03 +9.476999264e-03 -1.478905230e+02 -1.478905230e+02 -1.6748e+00 +1.3568e-01 +1.1354e+00
1648 +2.016185691e-03 +2.016185691e-03 -1.478979838e+02 -1.478979838e+02 -1.6700e+00 +1.3447e-01 +1.1360e+00
1649 +1.203785131e-03 +1.203785131e-03 -1.478987962e+02 -1.478987962e+02 -1.6706e+00 +1.3609e-01 +1.1363e+00
2028 +7.039916941e-04 +7.039916941e-04 -1.478992960e+02 -1.478992960e+02 -1.6702e+00 +1.3574e-01 +1.1376e+00
2039 +5.718380892e-04 +5.718380892e-04 -1.478994282e+02 -1.478994282e+02 -1.6705e+00 +1.3483e-01 +1.1360e+00
2312 +3.050344574e-04 +3.050344574e-04 -1.478996950e+02 -1.478996950e+02 -1.6705e+00 +1.3534e-01 +1.1370e+00
2414 +2.389232717e-04 +2.389232717e-04 -1.478997611e+02 -1.478997611e+02 -1.6705e+00 +1.3522e-01 +1.1368e+00
2509 +1.120548604e-04 +1.120548604e-04 -1.478998879e+02 -1.478998879e+02 -1.6704e+00 +1.3510e-01 +1.1366e+00
2557 +9.767845941e-05 +9.767845941e-05 -1.478999023e+02 -1.478999023e+02 -1.6704e+00 +1.3518e-01 +1.1368e+00
2611 +4.487196767e-05 +4.487196767e-05 -1.478999551e+02 -1.478999551e+02 -1.6704e+00 +1.3520e-01 +1.1368e+00
2641 +2.878730575e-05 +2.878730575e-05 -1.478999712e+02 -1.478999712e+02 -1.6704e+00 +1.3521e-01 +1.1368e+00
2859 +6.397141135e-06 +6.397141135e-06 -1.478999936e+02 -1.478999936e+02 -1.6704e+00 +1.3520e-01 +1.1368e+00
3087 +1.015482468e-06 +1.015482468e-06 -1.478999990e+02 -1.478999990e+02 -1.6704e+00 +1.3520e-01 +1.1368e+00
3389 +7.522012311e-07 +7.522012311e-07 -1.478999992e+02 -1.478999992e+02 -1.6704e+00 +1.3520e-01 +1.1368e+00
3659 +5.202969078e-07 +5.202969078e-07 -1.478999995e+02 -1.478999995e+02 -1.6704e+00 +1.3520e-01 +1.1368e+00
3806 +2.876264773e-07 +2.876264773e-07 -1.478999997e+02 -1.478999997e+02 -1.6704e+00 +1.3520e-01 +1.1368e+00
3885 +2.285948710e-07 +2.285948710e-07 -1.478999998e+02 -1.478999998e+02 -1.6704e+00 +1.3520e-01 +1.1368e+00
3962 +1.578923445e-07 +1.578923445e-07 -1.478999998e+02 -1.478999998e+02 -1.6704e+00 +1.3520e-01 +1.1368e+00
4062 +7.356848641e-08 +7.356848641e-08 -1.478999999e+02 -1.478999999e+02 -1.6704e+00 +1.3520e-01 +1.1368e+00
4070 +6.259324437e-08 +6.259324437e-08 -1.478999999e+02 -1.478999999e+02 -1.6704e+00 +1.3520e-01 +1.1368e+00
4290 +7.752447573e-09 +7.752447573e-09 -1.479000000e+02 -1.479000000e+02 -1.6704e+00 +1.3520e-01 +1.1368e+00
% function evaluation | noise-free fitness - Fopt (-2.218900000000e+02) | best noise-free fitness - Fopt | measured fitness | best measured fitness | x1 | x2...
1 +1.674878815e+01 +1.674878815e+01 -2.051412118e+02 -2.051412118e+02 -4.7518e+00 +3.4190e+00 +4.9726e+00
4 +6.994678679e+00 +6.994678679e+00 -2.148953213e+02 -2.148953213e+02 -1.9670e+00 +1.6766e-01 -2.2473e+00
24 +4.445462357e+00 +4.445462357e+00 -2.174445376e+02 -2.174445376e+02 -4.7088e+00 -1.0543e+00 +1.0264e+00
44 +2.748606720e+00 +2.748606720e+00 -2.191413933e+02 -2.191413933e+02 -3.1237e+00 -5.7838e-01 +1.0469e+00
60 +2.460590235e+00 +2.460590235e+00 -2.194294098e+02 -2.194294098e+02 -1.8496e+00 -8.3507e-01 -1.7928e+00
175 +1.510515815e+00 +1.510515815e+00 -2.203794842e+02 -2.203794842e+02 -5.0702e+00 +8.2296e-01 +1.5263e+00
211 +2.957998278e-01 +2.957998278e-01 -2.215942002e+02 -2.215942002e+02 -4.0427e+00 +3.6067e-01 +3.6174e-01
434 +1.689306240e-01 +1.689306240e-01 -2.217210694e+02 -2.217210694e+02 -4.1188e+00 +2.7148e-01 +3.0504e-01
630 +1.303057922e-01 +1.303057922e-01 -2.217596942e+02 -2.217596942e+02 -3.8190e+00 +1.7860e-01 +2.2208e-01
725 +9.220340476e-02 +9.220340476e-02 -2.217977966e+02 -2.217977966e+02 -4.0239e+00 +2.9668e-01 +2.9255e-01
839 +5.117896956e-02 +5.117896956e-02 -2.218388210e+02 -2.218388210e+02 -3.9067e+00 +2.3870e-01 +2.1957e-01
1061 +3.372387171e-02 +3.372387171e-02 -2.218562761e+02 -2.218562761e+02 -3.9584e+00 +2.4266e-01 +2.6999e-01
1152 +2.262529252e-02 +2.262529252e-02 -2.218673747e+02 -2.218673747e+02 -3.9396e+00 +2.4029e-01 +2.5517e-01
1247 +6.382526476e-03 +6.382526476e-03 -2.218836175e+02 -2.218836175e+02 -3.9433e+00 +2.5094e-01 +2.6092e-01
1490 +4.083502502e-03 +4.083502502e-03 -2.218859165e+02 -2.218859165e+02 -3.9406e+00 +2.4725e-01 +2.6119e-01
1573 +3.943610857e-03 +3.943610857e-03 -2.218860564e+02 -2.218860564e+02 -3.9413e+00 +2.4593e-01 +2.6114e-01
1660 +1.292053447e-03 +1.292053447e-03 -2.218887079e+02 -2.218887079e+02 -3.9435e+00 +2.4807e-01 +2.6122e-01
1783 +2.647700507e-04 +2.647700507e-04 -2.218897352e+02 -2.218897352e+02 -3.9431e+00 +2.4789e-01 +2.6168e-01
2060 +2.431494812e-04 +2.431494812e-04 -2.218897569e+02 -2.218897569e+02 -3.9433e+00 +2.4816e-01 +2.6163e-01
2213 +1.566317277e-04 +1.566317277e-04 -2.218898434e+02 -2.218898434e+02 -3.9433e+00 +2.4804e-01 +2.6165e-01
2307 +3.310338909e-05 +3.310338909e-05 -2.218899669e+02 -2.218899669e+02 -3.9432e+00 +2.4799e-01 +2.6160e-01
2670 +2.439438410e-05 +2.439438410e-05 -2.218899756e+02 -2.218899756e+02 -3.9432e+00 +2.4800e-01 +2.6160e-01
2881 +1.570701068e-05 +1.570701068e-05 -2.218899843e+02 -2.218899843e+02 -3.9432e+00 +2.4800e-01 +2.6160e-01
3136 +6.514534704e-06 +6.514534704e-06 -2.218899935e+02 -2.218899935e+02 -3.9432e+00 +2.4800e-01 +2.6160e-01
3264 +2.072517503e-06 +2.072517503e-06 -2.218899979e+02 -2.218899979e+02 -3.9432e+00 +2.4800e-01 +2.6160e-01
3342 +6.375211683e-07 +6.375211683e-07 -2.218899994e+02 -2.218899994e+02 -3.9432e+00 +2.4800e-01 +2.6160e-01
3574 +5.614532199e-07 +5.614532199e-07 -2.218899994e+02 -2.218899994e+02 -3.9432e+00 +2.4800e-01 +2.6160e-01
3652 +3.502311472e-07 +3.502311472e-07 -2.218899996e+02 -2.218899996e+02 -3.9432e+00 +2.4800e-01 +2.6160e-01
3773 +2.050037438e-07 +2.050037438e-07 -2.218899998e+02 -2.218899998e+02 -3.9432e+00 +2.4800e-01 +2.6160e-01
3896 +1.229388147e-07 +1.229388147e-07 -2.218899999e+02 -2.218899999e+02 -3.9432e+00 +2.4800e-01 +2.6160e-01
4010 +6.698721222e-08 +6.698721222e-08 -2.218899999e+02 -2.218899999e+02 -3.9432e+00 +2.4800e-01 +2.6160e-01
4036 +4.413971055e-08 +4.413971055e-08 -2.218900000e+02 -2.218900000e+02 -3.9432e+00 +2.4800e-01 +2.6160e-01
4197 +2.979228952e-08 +2.979228952e-08 -2.218900000e+02 -2.218900000e+02 -3.9432e+00 +2.4800e-01 +2.6160e-01
4247 +4.303416290e-09 +4.303416290e-09 -2.218900000e+02 -2.218900000e+02 -3.9432e+00 +2.4800e-01 +2.6160e-01
% function evaluation | noise-free fitness - Fopt (1.195400000000e+02) | best noise-free fitness - Fopt | measured fitness | best measured fitness | x1 | x2...
1 +2.800077913e+01 +2.800077913e+01 +1.475407791e+02 +1.475407791e+02 -4.7518e+00 +3.4190e+00 +4.9726e+00
3 +1.336658798e+01 +1.336658798e+01 +1.329065880e+02 +1.329065880e+02 +1.4763e+00 +3.9039e+00 -4.0982e+00
9 +7.965568665e+00 +7.965568665e+00 +1.275055687e+02 +1.275055687e+02 -2.2359e+00 -2.6484e+00 -3.3639e+00
20 +5.268313283e+00 +5.268313283e+00 +1.248083133e+02 +1.248083133e+02 +1.0595e+00 +4.9704e-01 -1.9615e+00
79 +1.366930911e+00 +1.366930911e+00 +1.209069309e+02 +1.209069309e+02 +9.5080e-01 +4.6717e-01 -3.3893e+00
375 +9.506315848e-01 +9.506315848e-01 +1.204906316e+02 +1.204906316e+02 +1.5676e+00 +1.5318e+00 -2.7989e+00
397 +5.590322164e-01 +5.590322164e-01 +1.200990322e+02 +1.200990322e+02 +1.2146e+00 +6.3927e-01 -3.1661e+00
541 +3.901673114e-01 +3.901673114e-01 +1.199301673e+02 +1.199301673e+02 +1.3197e+00 +8.3689e-01 -3.0976e+00
550 +2.331593849e-01 +2.331593849e-01 +1.197731594e+02 +1.197731594e+02 +1.3606e+00 +9.1984e-01 -3.1634e+00
671 +1.093630542e-01 +1.093630542e-01 +1.196493631e+02 +1.196493631e+02 +1.2751e+00 +9.0942e-01 -3.1029e+00
804 +4.850953318e-02 +4.850953318e-02 +1.195885095e+02 +1.195885095e+02 +1.3323e+00 +9.1537e-01 -3.0627e+00
1177 +3.498209309e-02 +3.498209309e-02 +1.195749821e+02 +1.195749821e+02 +1.3015e+00 +9.1346e-01 -3.0986e+00
1212 +2.181501834e-02 +2.181501834e-02 +1.195618150e+02 +1.195618150e+02 +1.3196e+00 +9.0185e-01 -3.0718e+00
1451 +1.091167199e-02 +1.091167199e-02 +1.195509117e+02 +1.195509117e+02 +1.3219e+00 +9.0617e-01 -3.0798e+00
1474 +4.526132888e-03 +4.526132888e-03 +1.195445261e+02 +1.195445261e+02 +1.3147e+00 +9.0409e-01 -3.0794e+00
1511 +3.924335010e-03 +3.924335010e-03 +1.195439243e+02 +1.195439243e+02 +1.3198e+00 +9.1162e-01 -3.0768e+00
1951 +2.367873094e-03 +2.367873094e-03 +1.195423679e+02 +1.195423679e+02 +1.3206e+00 +9.1045e-01 -3.0758e+00
1975 +1.384855278e-03 +1.384855278e-03 +1.195413849e+02 +1.195413849e+02 +1.3198e+00 +9.0960e-01 -3.0761e+00
2035 +5.883422187e-04 +5.883422187e-04 +1.195405883e+02 +1.195405883e+02 +1.3195e+00 +9.0901e-01 -3.0766e+00
2234 +3.846676742e-04 +3.846676742e-04 +1.195403847e+02 +1.195403847e+02 +1.3191e+00 +9.0893e-01 -3.0769e+00
2330 +1.867980016e-04 +1.867980016e-04 +1.195401868e+02 +1.195401868e+02 +1.3191e+00 +9.0872e-01 -3.0769e+00
2562 +1.406247421e-04 +1.406247421e-04 +1.195401406e+02 +1.195401406e+02 +1.3191e+00 +9.0879e-01 -3.0768e+00
2581 +3.688175255e-05 +3.688175255e-05 +1.195400369e+02 +1.195400369e+02 +1.3192e+00 +9.0883e-01 -3.0768e+00
3216 +1.115056097e-05 +1.115056097e-05 +1.195400112e+02 +1.195400112e+02 +1.3192e+00 +9.0880e-01 -3.0768e+00
3456 +2.878600185e-06 +2.878600185e-06 +1.195400029e+02 +1.195400029e+02 +1.3192e+00 +9.0880e-01 -3.0768e+00
3636 +1.751902531e-06 +1.751902531e-06 +1.195400018e+02 +1.195400018e+02 +1.3192e+00 +9.0880e-01 -3.0768e+00
3703 +1.187263237e-06 +1.187263237e-06 +1.195400012e+02 +1.195400012e+02 +1.3192e+00 +9.0880e-01 -3.0768e+00
3806 +6.639369019e-07 +6.639369019e-07 +1.195400007e+02 +1.195400007e+02 +1.3192e+00 +9.0880e-01 -3.0768e+00
3985 +4.998525753e-07 +4.998525753e-07 +1.195400005e+02 +1.195400005e+02 +1.3192e+00 +9.0880e-01 -3.0768e+00
4016 +3.746491331e-07 +3.746491331e-07 +1.195400004e+02 +1.195400004e+02 +1.3192e+00 +9.0880e-01 -3.0768e+00
4217 +1.238941252e-07 +1.238941252e-07 +1.195400001e+02 +1.195400001e+02 +1.3192e+00 +9.0880e-01 -3.0768e+00
4412 +4.957409772e-08 +4.957409772e-08 +1.195400000e+02 +1.195400000e+02 +1.3192e+00 +9.0880e-01 -3.0768e+00
4502 +1.457487997e-08 +1.457487997e-08 +1.195400000e+02 +1.195400000e+02 +1.3192e+00 +9.0880e-01 -3.0768e+00
4851 +9.250157973e-09 +9.250157973e-09 +1.195400000e+02 +1.195400000e+02 +1.3192e+00 +9.0880e-01 -3.0768e+00
% function evaluation | noise-free fitness - Fopt (6.983000000000e+01) | best noise-free fitness - Fopt | measured fitness | best measured fitness | x1 | x2...
1 +5.041142006e+01 +5.041142006e+01 +1.202414201e+02 +1.202414201e+02 -4.7518e+00 +3.4190e+00 +4.9726e+00
4 +9.465458726e+00 +9.465458726e+00 +7.929545873e+01 +7.929545873e+01 -1.9670e+00 +1.6766e-01 -2.2473e+00
9 +5.363498536e+00 +5.363498536e+00 +7.519349854e+01 +7.519349854e+01 -2.2359e+00 -2.6484e+00 -3.3639e+00
17 +3.005977949e+00 +3.005977949e+00 +7.283597795e+01 +7.283597795e+01 -6.9552e-01 -3.3823e+00 -2.5413e+00
144 +2.459004953e+00 +2.459004953e+00 +7.228900495e+01 +7.228900495e+01 -2.2970e+00 -1.9318e+00 -2.2539e+00
202 +1.020487367e+00 +1.020487367e+00 +7.085048737e+01 +7.085048737e+01 -3.6953e+00 -5.0683e-01 -3.2076e+00
244 +7.894233095e-01 +7.894233095e-01 +7.061942331e+01 +7.061942331e+01 -3.1922e+00 -1.9378e+00 -2.9011e+00
284 +5.026130857e-01 +5.026130857e-01 +7.033261309e+01 +7.033261309e+01 -3.1211e+00 -1.4926e+00 -2.9139e+00
362 +3.842723735e-01 +3.842723735e-01 +7.021427237e+01 +7.021427237e+01 -3.2090e+00 -9.8873e-01 -2.7896e+00
538 +1.888939284e-01 +1.888939284e-01 +7.001889393e+01 +7.001889393e+01 -2.8569e+00 -1.5372e+00 -2.6680e+00
672 +1.358024382e-01 +1.358024382e-01 +6.996580244e+01 +6.996580244e+01 -2.8399e+00 -1.4195e+00 -2.6746e+00
878 +8.776107918e-02 +8.776107918e-02 +6.991776108e+01 +6.991776108e+01 -2.9468e+00 -1.3838e+00 -2.7238e+00
902 +5.802449461e-02 +5.802449461e-02 +6.988802449e+01 +6.988802449e+01 -2.8973e+00 -1.4028e+00 -2.6717e+00
1024 +2.474242678e-02 +2.474242678e-02 +6.985474243e+01 +6.985474243e+01 -2.8492e+00 -1.4757e+00 -2.6423e+00
1174 +1.484729688e-02 +1.484729688e-02 +6.984484730e+01 +6.984484730e+01 -2.8659e+00 -1.4632e+00 -2.6571e+00
1225 +8.485949022e-03 +8.485949022e-03 +6.983848595e+01 +6.983848595e+01 -2.8661e+00 -1.4513e+00 -2.6633e+00
1481 +5.838711570e-03 +5.838711570e-03 +6.983583871e+01 +6.983583871e+01 -2.8631e+00 -1.4565e+00 -2.6584e+00
1611 +3.409273501e-03 +3.409273501e-03 +6.983340927e+01 +6.983340927e+01 -2.8661e+00 -1.4536e+00 -2.6602e+00
1653 +1.838576240e-03 +1.838576240e-03 +6.983183858e+01 +6.983183858e+01 -2.8650e+00 -1.4560e+00 -2.6585e+00
1715 +3.549786718e-04 +3.549786718e-04 +6.983035498e+01 +6.983035498e+01 -2.8654e+00 -1.4562e+00 -2.6584e+00
2064 +2.420950195e-04 +2.420950195e-04 +6.983024210e+01 +6.983024210e+01 -2.8656e+00 -1.4559e+00 -2.6585e+00
2311 +1.517875821e-04 +1.517875821e-04 +6.983015179e+01 +6.983015179e+01 -2.8656e+00 -1.4560e+00 -2.6584e+00
2388 +3.556841462e-05 +3.556841462e-05 +6.983003557e+01 +6.983003557e+01 -2.8656e+00 -1.4560e+00 -2.6584e+00
2951 +2.037119671e-05 +2.037119671e-05 +6.983002037e+01 +6.983002037e+01 -2.8656e+00 -1.4560e+00 -2.6584e+00
2996 +1.469282164e-05 +1.469282164e-05 +6.983001469e+01 +6.983001469e+01 -2.8656e+00 -1.4560e+00 -2.6584e+00
3197 +9.660907850e-06 +9.660907850e-06 +6.983000966e+01 +6.983000966e+01 -2.8656e+00 -1.4560e+00 -2.6584e+00
3479 +1.913092731e-06 +1.913092731e-06 +6.983000191e+01 +6.983000191e+01 -2.8656e+00 -1.4560e+00 -2.6584e+00
3486 +1.292153101e-06 +1.292153101e-06 +6.983000129e+01 +6.983000129e+01 -2.8656e+00 -1.4560e+00 -2.6584e+00
3583 +9.939595458e-07 +9.939595458e-07 +6.983000099e+01 +6.983000099e+01 -2.8656e+00 -1.4560e+00 -2.6584e+00
3866 +4.907587225e-07 +4.907587225e-07 +6.983000049e+01 +6.983000049e+01 -2.8656e+00 -1.4560e+00 -2.6584e+00
3907 +3.020112587e-07 +3.020112587e-07 +6.983000030e+01 +6.983000030e+01 -2.8656e+00 -1.4560e+00 -2.6584e+00
4040 +1.669960312e-07 +1.669960312e-07 +6.983000017e+01 +6.983000017e+01 -2.8656e+00 -1.4560e+00 -2.6584e+00
4141 +7.709728322e-08 +7.709728322e-08 +6.983000008e+01 +6.983000008e+01 -2.8656e+00 -1.4560e+00 -2.6584e+00
4291 +5.579813944e-08 +5.579813944e-08 +6.983000006e+01 +6.983000006e+01 -2.8656e+00 -1.4560e+00 -2.6584e+00
4451 +1.118181103e-08 +1.118181103e-08 +6.983000001e+01 +6.983000001e+01 -2.8656e+00 -1.4560e+00 -2.6584e+00
4661 +3.042799790e-09 +3.042799790e-09 +6.983000000e+01 +6.983000000e+01 -2.8656e+00 -1.4560e+00 -2.6584e+00
% function evaluation | noise-free fitness - Fopt (7.000000000000e-02) | best noise-free fitness - Fopt | measured fitness | best measured fitness | x1 | x2...
1 +8.653457475e+01 +8.653457475e+01 +8.660457475e+01 +8.660457475e+01 -4.7518e+00 +3.4190e+00 +4.9726e+00
2 +1.956289471e+01 +1.956289471e+01 +1.963289471e+01 +1.963289471e+01 +7.8123e-02 +4.9552e+00 -3.2494e+00
4 +1.521841538e+01 +1.521841538e+01 +1.528841538e+01 +1.528841538e+01 -1.9670e+00 +1.6766e-01 -2.2473e+00
5 +2.645675134e+00 +2.645675134e+00 +2.715675134e+00 +2.715675134e+00 +3.4143e+00 -1.9282e+00 +2.0343e+00
71 +2.176983108e+00 +2.176983108e+00 +2.246983108e+00 +2.246983108e+00 +3.5156e+00 -3.4073e+00 +1.7730e+00
287 +7.411891238e-01 +7.411891238e-01 +8.111891238e-01 +8.111891238e-01 +4.1455e+00 -1.7407e+00 +2.0191e+00
422 +5.726119300e-01 +5.726119300e-01 +6.426119300e-01 +6.426119300e-01 +3.8251e+00 -2.1916e+00 +2.3350e+00
438 +3.758517918e-01 +3.758517918e-01 +4.458517918e-01 +4.458517918e-01 +3.7477e+00 -2.3050e+00 +2.2186e+00
468 +2.016047281e-01 +2.016047281e-01 +2.716047281e-01 +2.716047281e-01 +3.8028e+00 -1.9158e+00 +2.3390e+00
625 +1.033396865e-01 +1.033396865e-01 +1.733396865e-01 +1.733396865e-01 +3.8079e+00 -1.9668e+00 +2.2665e+00
796 +5.188903632e-02 +5.188903632e-02 +1.218890363e-01 +1.218890363e-01 +3.7408e+00 -1.9694e+00 +2.2547e+00
834 +3.749266927e-02 +3.749266927e-02 +1.074926693e-01 +1.074926693e-01 +3.7495e+00 -1.9767e+00 +2.2554e+00
957 +2.217569185e-02 +2.217569185e-02 +9.217569185e-02 +9.217569185e-02 +3.7376e+00 -1.9946e+00 +2.2435e+00
1036 +1.530041885e-02 +1.530041885e-02 +8.530041885e-02 +8.530041885e-02 +3.7419e+00 -1.9994e+00 +2.2535e+00
1236 +8.479619868e-03 +8.479619868e-03 +7.847961987e-02 +7.847961987e-02 +3.7365e+00 -1.9955e+00 +2.2464e+00
1321 +3.821778820e-03 +3.821778820e-03 +7.382177882e-02 +7.382177882e-02 +3.7399e+00 -1.9974e+00 +2.2477e+00
1460 +1.032421027e-03 +1.032421027e-03 +7.103242103e-02 +7.103242103e-02 +3.7415e+00 -1.9962e+00 +2.2469e+00
1669 +9.470129181e-04 +9.470129181e-04 +7.094701292e-02 +7.094701292e-02 +3.7402e+00 -1.9979e+00 +2.2473e+00
2001 +6.204853449e-04 +6.204853449e-04 +7.062048534e-02 +7.062048534e-02 +3.7412e+00 -1.9960e+00 +2.2471e+00
2021 +3.293705614e-04 +3.293705614e-04 +7.032937056e-02 +7.032937056e-02 +3.7407e+00 -1.9969e+00 +2.2473e+00
2212 +2.311850900e-04 +2.311850900e-04 +7.023118509e-02 +7.023118509e-02 +3.7410e+00 -1.9966e+00 +2.2471e+00
2355 +1.152055268e-04 +1.152055268e-04 +7.011520553e-02 +7.011520553e-02 +3.7408e+00 -1.9968e+00 +2.2472e+00
2533 +2.241876639e-05 +2.241876639e-05 +7.002241877e-02 +7.002241877e-02 +3.7408e+00 -1.9968e+00 +2.2472e+00
2766 +1.494031957e-05 +1.494031957e-05 +7.001494032e-02 +7.001494032e-02 +3.7408e+00 -1.9968e+00 +2.2472e+00
3128 +8.308626273e-06 +8.308626273e-06 +7.000830863e-02 +7.000830863e-02 +3.7408e+00 -1.9968e+00 +2.2472e+00
3139 +3.445652953e-06 +3.445652953e-06 +7.000344565e-02 +7.000344565e-02 +3.7408e+00 -1.9968e+00 +2.2472e+00
3532 +1.380514837e-06 +1.380514837e-06 +7.000138051e-02 +7.000138051e-02 +3.7408e+00 -1.9968e+00 +2.2472e+00
3764 +7.918964333e-07 +7.918964333e-07 +7.000079190e-02 +7.000079190e-02 +3.7408e+00 -1.9968e+00 +2.2472e+00
3871 +4.544629532e-07 +4.544629532e-07 +7.000045446e-02 +7.000045446e-02 +3.7408e+00 -1.9968e+00 +2.2472e+00
3979 +3.731638672e-07 +3.731638672e-07 +7.000037316e-02 +7.000037316e-02 +3.7408e+00 -1.9968e+00 +2.2472e+00
4074 +2.271261739e-07 +2.271261739e-07 +7.000022713e-02 +7.000022713e-02 +3.7408e+00 -1.9968e+00 +2.2472e+00
4219 +1.582339162e-07 +1.582339162e-07 +7.000015823e-02 +7.000015823e-02 +3.7408e+00 -1.9968e+00 +2.2472e+00
4332 +7.568021777e-08 +7.568021777e-08 +7.000007568e-02 +7.000007568e-02 +3.7408e+00 -1.9968e+00 +2.2472e+00
4359 +5.394156440e-08 +5.394156440e-08 +7.000005394e-02 +7.000005394e-02 +3.7408e+00 -1.9968e+00 +2.2472e+00
4382 +3.887632934e-08 +3.887632934e-08 +7.000003888e-02 +7.000003888e-02 +3.7408e+00 -1.9968e+00 +2.2472e+00
4390 +2.236811866e-08 +2.236811866e-08 +7.000002237e-02 +7.000002237e-02 +3.7408e+00 -1.9968e+00 +2.2472e+00
4556 +1.574401355e-08 +1.574401355e-08 +7.000001574e-02 +7.000001574e-02 +3.7408e+00 -1.9968e+00 +2.2472e+00
4596 +9.638212992e-09 +9.638212992e-09 +7.000000964e-02 +7.000000964e-02 +3.7408e+00 -1.9968e+00 +2.2472e+00
% function evaluation | noise-free fitness - Fopt (4.960000000000e+00) | best noise-free fitness - Fopt | measured fitness | best measured fitness | x1 | x2...
1 +3.160051959e+01 +3.160051959e+01 +3.656051959e+01 +3.656051959e+01 -4.7518e+00 +3.4190e+00 +4.9726e+00
3 +1.355925365e+01 +1.355925365e+01 +1.851925365e+01 +1.851925365e+01 +1.4763e+00 +3.9039e+00 -4.0982e+00
7 +9.447491184e+00 +9.447491184e+00 +1.440749118e+01 +1.440749118e+01 +2.0232e+00 +1.7815e+00 +2.1706e-01
25 +1.484887754e+00 +1.484887754e+00 +6.444887754e+00 +6.444887754e+00 +3.1087e+00 +3.5881e+00 -1.3424e+00
422 +4.764465799e-01 +4.764465799e-01 +5.436446580e+00 +5.436446580e+00 +3.3278e+00 +1.8312e+00 -1.0872e+00
454 +6.903107298e-02 +6.903107298e-02 +5.029031073e+00 +5.029031073e+00 +3.2270e+00 +1.8225e+00 -1.2137e+00
1037 +4.235915713e-02 +4.235915713e-02 +5.002359157e+00 +5.002359157e+00 +3.2549e+00 +1.8454e+00 -1.2188e+00
1214 +3.502034663e-02 +3.502034663e-02 +4.995020347e+00 +4.995020347e+00 +3.2663e+00 +1.7591e+00 -1.2236e+00
1397 +2.447997587e-02 +2.447997587e-02 +4.984479976e+00 +4.984479976e+00 +3.2727e+00 +1.8009e+00 -1.2133e+00
1543 +1.356836677e-02 +1.356836677e-02 +4.973568367e+00 +4.973568367e+00 +3.2638e+00 +1.8150e+00 -1.2138e+00
1749 +9.356078305e-03 +9.356078305e-03 +4.969356078e+00 +4.969356078e+00 +3.2632e+00 +1.8222e+00 -1.2187e+00
1788 +3.809152616e-03 +3.809152616e-03 +4.963809153e+00 +4.963809153e+00 +3.2627e+00 +1.8180e+00 -1.2162e+00
1983 +1.127787959e-03 +1.127787959e-03 +4.961127788e+00 +4.961127788e+00 +3.2604e+00 +1.8177e+00 -1.2173e+00
2340 +5.780969454e-04 +5.780969454e-04 +4.960578097e+00 +4.960578097e+00 +3.2599e+00 +1.8166e+00 -1.2167e+00
2399 +2.843235201e-04 +2.843235201e-04 +4.960284324e+00 +4.960284324e+00 +3.2601e+00 +1.8175e+00 -1.2168e+00
2484 +4.619789638e-05 +4.619789638e-05 +4.960046198e+00 +4.960046198e+00 +3.2600e+00 +1.8176e+00 -1.2168e+00
2939 +3.634329026e-05 +3.634329026e-05 +4.960036343e+00 +4.960036343e+00 +3.2600e+00 +1.8176e+00 -1.2168e+00
3284 +1.999253853e-05 +1.999253853e-05 +4.960019993e+00 +4.960019993e+00 +3.2600e+00 +1.8176e+00 -1.2168e+00
3403 +1.564082793e-05 +1.564082793e-05 +4.960015641e+00 +4.960015641e+00 +3.2600e+00 +1.8176e+00 -1.2168e+00
3704 +7.880916668e-06 +7.880916668e-06 +4.960007881e+00 +4.960007881e+00 +3.2600e+00 +1.8176e+00 -1.2168e+00
3742 +5.890501049e-06 +5.890501049e-06 +4.960005891e+00 +4.960005891e+00 +3.2600e+00 +1.8176e+00 -1.2168e+00
3763 +3.085334291e-06 +3.085334291e-06 +4.960003085e+00 +4.960003085e+00 +3.2600e+00 +1.8176e+00 -1.2168e+00
3907 +7.758079699e-07 +7.758079699e-07 +4.960000776e+00 +4.960000776e+00 +3.2600e+00 +1.8176e+00 -1.2168e+00
4173 +5.890308481e-07 +5.890308481e-07 +4.960000589e+00 +4.960000589e+00 +3.2600e+00 +1.8176e+00 -1.2168e+00
4380 +2.486269164e-07 +2.486269164e-07 +4.960000249e+00 +4.960000249e+00 +3.2600e+00 +1.8176e+00 -1.2168e+00
4561 +1.545097321e-07 +1.545097321e-07 +4.960000155e+00 +4.960000155e+00 +3.2600e+00 +1.8176e+00 -1.2168e+00
4567 +7.562274629e-08 +7.562274629e-08 +4.960000076e+00 +4.960000076e+00 +3.2600e+00 +1.8176e+00 -1.2168e+00
4659 +4.994442904e-08 +4.994442904e-08 +4.960000050e+00 +4.960000050e+00 +3.2600e+00 +1.8176e+00 -1.2168e+00
4711 +3.867086296e-08 +3.867086296e-08 +4.960000039e+00 +4.960000039e+00 +3.2600e+00 +1.8176e+00 -1.2168e+00
4771 +1.637366065e-08 +1.637366065e-08 +4.960000016e+00 +4.960000016e+00 +3.2600e+00 +1.8176e+00 -1.2168e+00
4894 +5.724314356e-09 +5.724314356e-09 +4.960000006e+00 +4.960000006e+00 +3.2600e+00 +1.8176e+00 -1.2168e+00
% function evaluation | noise-free fitness - Fopt (1.923000000000e+02) | best noise-free fitness - Fopt | measured fitness | best measured fitness | x1 | x2...
1 +3.279331154e+01 +3.279331154e+01 +2.250933115e+02 +2.250933115e+02 -4.7518e+00 +3.4190e+00 +4.9726e+00
2 +1.597858187e+01 +1.597858187e+01 +2.082785819e+02 +2.082785819e+02 +7.8123e-02 +4.9552e+00 -3.2494e+00
10 +5.882079517e+00 +5.882079517e+00 +1.981820795e+02 +1.981820795e+02 -3.5329e+00 +4.5703e+00 -3.8085e+00
62 +3.425456487e+00 +3.425456487e+00 +1.957254565e+02 +1.957254565e+02 -1.3960e+00 +4.0140e+00 -2.6420e+00
143 +1.769018468e+00 +1.769018468e+00 +1.940690185e+02 +1.940690185e+02 -4.9401e+00 +4.8745e+00 -1.9711e+00
195 +1.187241110e+00 +1.187241110e+00 +1.934872411e+02 +1.934872411e+02 -3.0503e+00 +3.9294e+00 -2.3966e+00
302 +8.654397929e-01 +8.654397929e-01 +1.931654398e+02 +1.931654398e+02 -3.0657e+00 +4.3309e+00 -2.5128e+00
436 +4.754982671e-01 +4.754982671e-01 +1.927754983e+02 +1.927754983e+02 -3.0477e+00 +3.6408e+00 -2.5176e+00
453 +8.950469105e-02 +8.950469105e-02 +1.923895047e+02 +1.923895047e+02 -2.9916e+00 +3.9615e+00 -2.8100e+00
913 +5.165528840e-02 +5.165528840e-02 +1.923516553e+02 +1.923516553e+02 -3.0150e+00 +3.9763e+00 -2.8068e+00
937 +3.228706562e-02 +3.228706562e-02 +1.923322871e+02 +1.923322871e+02 -3.0148e+00 +3.9929e+00 -2.7927e+00
951 +1.398645535e-02 +1.398645535e-02 +1.923139865e+02 +1.923139865e+02 -3.0261e+00 +3.9885e+00 -2.7688e+00
1212 +5.723215469e-03 +5.723215469e-03 +1.923057232e+02 +1.923057232e+02 -3.0130e+00 +3.9772e+00 -2.7810e+00
1385 +3.702922405e-03 +3.702922405e-03 +1.923037029e+02 +1.923037029e+02 -3.0190e+00 +3.9821e+00 -2.7756e+00
1582 +2.261890560e-03 +2.261890560e-03 +1.923022619e+02 +1.923022619e+02 -3.0144e+00 +3.9782e+00 -2.7783e+00
1833 +1.223347082e-03 +1.223347082e-03 +1.923012233e+02 +1.923012233e+02 -3.0140e+00 +3.9784e+00 -2.7796e+00
1955 +9.902296344e-04 +9.902296344e-04 +1.923009902e+02 +1.923009902e+02 -3.0134e+00 +3.9787e+00 -2.7793e+00
2060 +1.234892166e-04 +1.234892166e-04 +1.923001235e+02 +1.923001235e+02 -3.0136e+00 +3.9784e+00 -2.7792e+00
2368 +3.120510010e-05 +3.120510010e-05 +1.923000312e+02 +1.923000312e+02 -3.0136e+00 +3.9784e+00 -2.7792e+00
2871 +2.194440370e-05 +2.194440370e-05 +1.923000219e+02 +1.923000219e+02 -3.0136e+00 +3.9784e+00 -2.7792e+00
3104 +1.252525792e-05 +1.252525792e-05 +1.923000125e+02 +1.923000125e+02 -3.0136e+00 +3.9784e+00 -2.7792e+00
3162 +3.616210364e-06 +3.616210364e-06 +1.923000036e+02 +1.923000036e+02 -3.0136e+00 +3.9784e+00 -2.7792e+00
3478 +1.844503458e-06 +1.844503458e-06 +1.923000018e+02 +1.923000018e+02 -3.0136e+00 +3.9784e+00 -2.7792e+00
3639 +9.592144750e-07 +9.592144750e-07 +1.923000010e+02 +1.923000010e+02 -3.0136e+00 +3.9784e+00 -2.7792e+00
3918 +5.967962409e-07 +5.967962409e-07 +1.923000006e+02 +1.923000006e+02 -3.0136e+00 +3.9784e+00 -2.7792e+00
4144 +2.336219893e-07 +2.336219893e-07 +1.923000002e+02 +1.923000002e+02 -3.0136e+00 +3.9784e+00 -2.7792e+00
4233 +1.443592623e-07 +1.443592623e-07 +1.923000001e+02 +1.923000001e+02 -3.0136e+00 +3.9784e+00 -2.7792e+00
4272 +8.853081113e-08 +8.853081113e-08 +1.923000001e+02 +1.923000001e+02 -3.0136e+00 +3.9784e+00 -2.7792e+00
4488 +5.212666565e-08 +5.212666565e-08 +1.923000001e+02 +1.923000001e+02 -3.0136e+00 +3.9784e+00 -2.7792e+00
4571 +3.470643151e-08 +3.470643151e-08 +1.923000000e+02 +1.923000000e+02 -3.0136e+00 +3.9784e+00 -2.7792e+00
4628 +1.974422048e-08 +1.974422048e-08 +1.923000000e+02 +1.923000000e+02 -3.0136e+00 +3.9784e+00 -2.7792e+00
4672 +1.392345439e-08 +1.392345439e-08 +1.923000000e+02 +1.923000000e+02 -3.0136e+00 +3.9784e+00 -2.7792e+00
4754 +9.810520396e-09 +9.810520396e-09 +1.923000000e+02 +1.923000000e+02 -3.0136e+00 +3.9784e+00 -2.7792e+00
% function evaluation | noise-free fitness - Fopt (4.971000000000e+01) | best noise-free fitness - Fopt | measured fitness | best measured fitness | x1 | x2...
1 +3.872663383e+02 +3.872663383e+02 +4.369763383e+02 +4.369763383e+02 -4.7518e+00 +3.4190e+00 +4.9726e+00
4 +1.018609037e+02 +1.018609037e+02 +1.515709037e+02 +1.515709037e+02 -1.9670e+00 +1.6766e-01 -2.2473e+00
5 +1.536669674e+01 +1.536669674e+01 +6.507669674e+01 +6.507669674e+01 +3.4143e+00 -1.9282e+00 +2.0343e+00
6 +4.261189074e+00 +4.261189074e+00 +5.397118907e+01 +5.397118907e+01 +3.4351e+00 -4.2410e+00 -2.1758e+00
133 +3.270846126e+00 +3.270846126e+00 +5.298084613e+01 +5.298084613e+01 +3.9263e+00 -4.7071e+00 +9.5768e-02
142 +2.063351366e+00 +2.063351366e+00 +5.177335137e+01 +5.177335137e+01 +3.9644e+00 -3.0043e+00 -1.5780e+00
182 +1.318042398e+00 +1.318042398e+00 +5.102804240e+01 +5.102804240e+01 +3.2837e+00 -3.5161e+00 -1.9588e+00
370 +8.214524253e-01 +8.214524253e-01 +5.053145243e+01 +5.053145243e+01 +4.2209e+00 -3.6652e+00 -1.4441e+00
445 +6.250993858e-01 +6.250993858e-01 +5.033509939e+01 +5.033509939e+01 +4.5475e+00 -3.0150e+00 -1.1171e+00
582 +2.205591389e-01 +2.205591389e-01 +4.993055914e+01 +4.993055914e+01 +3.7841e+00 -3.7552e+00 -1.2648e+00
657 +1.456978725e-01 +1.456978725e-01 +4.985569787e+01 +4.985569787e+01 +3.7078e+00 -3.6332e+00 -1.3254e+00
696 +7.942549124e-02 +7.942549124e-02 +4.978942549e+01 +4.978942549e+01 +3.6720e+00 -3.7724e+00 -1.3525e+00
725 +5.825485890e-02 +5.825485890e-02 +4.976825486e+01 +4.976825486e+01 +3.7246e+00 -3.6657e+00 -1.3284e+00
893 +3.283204129e-02 +3.283204129e-02 +4.974283204e+01 +4.974283204e+01 +3.7489e+00 -3.6720e+00 -1.3196e+00
1037 +2.242484490e-02 +2.242484490e-02 +4.973242484e+01 +4.973242484e+01 +3.7539e+00 -3.6964e+00 -1.3295e+00
1261 +7.224488365e-03 +7.224488365e-03 +4.971722449e+01 +4.971722449e+01 +3.7429e+00 -3.7006e+00 -1.3318e+00
1289 +3.729247898e-03 +3.729247898e-03 +4.971372925e+01 +4.971372925e+01 +3.7460e+00 -3.7019e+00 -1.3284e+00
1679 +2.120835023e-03 +2.120835023e-03 +4.971212084e+01 +4.971212084e+01 +3.7461e+00 -3.7006e+00 -1.3291e+00
1765 +1.056893385e-03 +1.056893385e-03 +4.971105689e+01 +4.971105689e+01 +3.7423e+00 -3.7028e+00 -1.3295e+00
1887 +1.493344253e-04 +1.493344253e-04 +4.971014933e+01 +4.971014933e+01 +3.7431e+00 -3.7025e+00 -1.3296e+00
2427 +2.911689648e-05 +2.911689648e-05 +4.971002912e+01 +4.971002912e+01 +3.7432e+00 -3.7024e+00 -1.3296e+00
2539 +2.412122229e-05 +2.412122229e-05 +4.971002412e+01 +4.971002412e+01 +3.7432e+00 -3.7024e+00 -1.3296e+00
2879 +1.290476768e-05 +1.290476768e-05 +4.971001290e+01 +4.971001290e+01 +3.7432e+00 -3.7024e+00 -1.3296e+00
2924 +7.725529819e-06 +7.725529819e-06 +4.971000773e+01 +4.971000773e+01 +3.7432e+00 -3.7024e+00 -1.3296e+00
3044 +3.352393442e-06 +3.352393442e-06 +4.971000335e+01 +4.971000335e+01 +3.7432e+00 -3.7024e+00 -1.3296e+00
3337 +1.273632357e-06 +1.273632357e-06 +4.971000127e+01 +4.971000127e+01 +3.7432e+00 -3.7024e+00 -1.3296e+00
3370 +7.274624494e-07 +7.274624494e-07 +4.971000073e+01 +4.971000073e+01 +3.7432e+00 -3.7024e+00 -1.3296e+00
3494 +6.185954931e-07 +6.185954931e-07 +4.971000062e+01 +4.971000062e+01 +3.7432e+00 -3.7024e+00 -1.3296e+00
3649 +3.646301394e-07 +3.646301394e-07 +4.971000036e+01 +4.971000036e+01 +3.7432e+00 -3.7024e+00 -1.3296e+00
3676 +2.507985286e-07 +2.507985286e-07 +4.971000025e+01 +4.971000025e+01 +3.7432e+00 -3.7024e+00 -1.3296e+00
3858 +1.501979128e-07 +1.501979128e-07 +4.971000015e+01 +4.971000015e+01 +3.7432e+00 -3.7024e+00 -1.3296e+00
3913 +9.212891428e-08 +9.212891428e-08 +4.971000009e+01 +4.971000009e+01 +3.7432e+00 -3.7024e+00 -1.3296e+00
3957 +6.224551896e-08 +6.224551896e-08 +4.971000006e+01 +4.971000006e+01 +3.7432e+00 -3.7024e+00 -1.3296e+00
4078 +2.111669062e-08 +2.111669062e-08 +4.971000002e+01 +4.971000002e+01 +3.7432e+00 -3.7024e+00 -1.3296e+00
4163 +8.466997770e-09 +8.466997770e-09 +4.971000001e+01 +4.971000001e+01 +3.7432e+00 -3.7024e+00 -1.3296e+00
% function evaluation | noise-free fitness - Fopt (2.051200000000e+02) | best noise-free fitness - Fopt | measured fitness | best measured fitness | x1 | x2...
1 +5.441796443e+02 +5.441796443e+02 +7.492996443e+02 +7.492996443e+02 -4.7518e+00 +3.4190e+00 +4.9726e+00
2 +2.264745083e+00 +2.264745083e+00 +2.073847451e+02 +2.073847451e+02 +7.8123e-02 +4.9552e+00 -3.2494e+00
300 +1.059737181e+00 +1.059737181e+00 +2.061797372e+02 +2.061797372e+02 -2.0367e+00 +3.3528e+00 -2.8892e+00
353 +5.675463297e-01 +5.675463297e-01 +2.056875463e+02 +2.056875463e+02 -9.6615e-01 +3.8742e+00 -3.2071e+00
559 +3.719958901e-01 +3.719958901e-01 +2.054919959e+02 +2.054919959e+02 -1.4090e+00 +3.9798e+00 -3.2769e+00
705 +8.807694553e-02 +8.807694553e-02 +2.052080769e+02 +2.052080769e+02 -1.1341e+00 +3.9257e+00 -3.3342e+00
965 +4.520540329e-02 +4.520540329e-02 +2.051652054e+02 +2.051652054e+02 -1.1390e+00 +3.9489e+00 -3.3657e+00
1084 +2.917397115e-02 +2.917397115e-02 +2.051491740e+02 +2.051491740e+02 -1.1987e+00 +3.9188e+00 -3.3518e+00
1344 +1.688375586e-02 +1.688375586e-02 +2.051368838e+02 +2.051368838e+02 -1.1965e+00 +3.8992e+00 -3.3604e+00
1392 +8.592918554e-03 +8.592918554e-03 +2.051285929e+02 +2.051285929e+02 -1.1970e+00 +3.9064e+00 -3.3523e+00
1577 +4.906074007e-03 +4.906074007e-03 +2.051249061e+02 +2.051249061e+02 -1.1898e+00 +3.9080e+00 -3.3555e+00
1726 +3.226709546e-03 +3.226709546e-03 +2.051232267e+02 +2.051232267e+02 -1.1939e+00 +3.9050e+00 -3.3554e+00
1915 +1.539246135e-03 +1.539246135e-03 +2.051215392e+02 +2.051215392e+02 -1.1931e+00 +3.9068e+00 -3.3546e+00
2073 +6.008175033e-04 +6.008175033e-04 +2.051206008e+02 +2.051206008e+02 -1.1933e+00 +3.9066e+00 -3.3544e+00
2154 +3.629432154e-04 +3.629432154e-04 +2.051203629e+02 +2.051203629e+02 -1.1934e+00 +3.9064e+00 -3.3545e+00
2263 +1.465795100e-04 +1.465795100e-04 +2.051201466e+02 +2.051201466e+02 -1.1936e+00 +3.9063e+00 -3.3543e+00
2557 +3.035332080e-05 +3.035332080e-05 +2.051200304e+02 +2.051200304e+02 -1.1936e+00 +3.9064e+00 -3.3544e+00
2948 +1.112073903e-05 +1.112073903e-05 +2.051200111e+02 +2.051200111e+02 -1.1936e+00 +3.9064e+00 -3.3544e+00
3134 +8.471355073e-06 +8.471355073e-06 +2.051200085e+02 +2.051200085e+02 -1.1936e+00 +3.9064e+00 -3.3544e+00
3181 +5.030709588e-06 +5.030709588e-06 +2.051200050e+02 +2.051200050e+02 -1.1936e+00 +3.9064e+00 -3.3544e+00
3410 +3.537346004e-06 +3.537346004e-06 +2.051200035e+02 +2.051200035e+02 -1.1936e+00 +3.9064e+00 -3.3544e+00
3515 +1.903598644e-06 +1.903598644e-06 +2.051200019e+02 +2.051200019e+02 -1.1936e+00 +3.9064e+00 -3.3544e+00
3525 +1.224692198e-06 +1.224692198e-06 +2.051200012e+02 +2.051200012e+02 -1.1936e+00 +3.9064e+00 -3.3544e+00
3580 +9.521631057e-07 +9.521631057e-07 +2.051200010e+02 +2.051200010e+02 -1.1936e+00 +3.9064e+00 -3.3544e+00
3584 +5.811739072e-07 +5.811739072e-07 +2.051200006e+02 +2.051200006e+02 -1.1936e+00 +3.9064e+00 -3.3544e+00
3838 +3.950200096e-07 +3.950200096e-07 +2.051200004e+02 +2.051200004e+02 -1.1936e+00 +3.9064e+00 -3.3544e+00
3948 +2.229288043e-07 +2.229288043e-07 +2.051200002e+02 +2.051200002e+02 -1.1936e+00 +3.9064e+00 -3.3544e+00
4019 +1.279202877e-07 +1.279202877e-07 +2.051200001e+02 +2.051200001e+02 -1.1936e+00 +3.9064e+00 -3.3544e+00
4120 +3.354230671e-08 +3.354230671e-08 +2.051200000e+02 +2.051200000e+02 -1.1936e+00 +3.9064e+00 -3.3544e+00
4210 +2.212462391e-08 +2.212462391e-08 +2.051200000e+02 +2.051200000e+02 -1.1936e+00 +3.9064e+00 -3.3544e+00
4359 +1.089543389e-08 +1.089543389e-08 +2.051200000e+02 +2.051200000e+02 -1.1936e+00 +3.9064e+00 -3.3544e+00
4472 +5.739565268e-09 +5.739565268e-09 +2.051200000e+02 +2.051200000e+02 -1.1936e+00 +3.9064e+00 -3.3544e+00
% function evaluation | noise-free fitness - Fopt (-1.729000000000e+02) | best noise-free fitness - Fopt | measured fitness | best measured fitness | x1 | x2...
1 +1.473282594e+01 +1.473282594e+01 -1.581671741e+02 -1.581671741e+02 -4.7518e+00 +3.4190e+00 +4.9726e+00
8 +4.857695700e+00 +4.857695700e+00 -1.680423043e+02 -1.680423043e+02 -2.1019e+00 -3.4714e+00 +3.3948e+00
82 +2.042017003e+00 +2.042017003e+00 -1.708579830e+02 -1.708579830e+02 -1.8144e+00 -1.8427e+00 +4.2600e+00
107 +1.193607827e+00 +1.193607827e+00 -1.717063922e+02 -1.717063922e+02 -2.2092e+00 -6.8408e-01 +4.1897e+00
221 +8.117883043e-01 +8.117883043e-01 -1.720882117e+02 -1.720882117e+02 -2.4523e+00 -1.0718e+00 +3.6790e+00
271 +3.008841560e-01 +3.008841560e-01 -1.725991158e+02 -1.725991158e+02 -2.8222e+00 -1.1626e+00 +3.7461e+00
571 +2.293977126e-01 +2.293977126e-01 -1.726706023e+02 -1.726706023e+02 -2.8182e+00 -1.2363e+00 +3.8028e+00
720 +9.259882733e-02 +9.259882733e-02 -1.728074012e+02 -1.728074012e+02 -2.9513e+00 -9.7074e-01 +3.8755e+00
826 +3.391720796e-02 +3.391720796e-02 -1.728660828e+02 -1.728660828e+02 -2.9488e+00 -1.0066e+00 +3.8514e+00
927 +2.117214642e-02 +2.117214642e-02 -1.728788279e+02 -1.728788279e+02 -2.9486e+00 -9.9966e-01 +3.8627e+00
1116 +1.187551935e-02 +1.187551935e-02 -1.728881245e+02 -1.728881245e+02 -2.9269e+00 -1.0248e+00 +3.8564e+00
1223 +7.736342250e-03 +7.736342250e-03 -1.728922637e+02 -1.728922637e+02 -2.9335e+00 -1.0263e+00 +3.8596e+00
1263 +5.746994910e-03 +5.746994910e-03 -1.728942530e+02 -1.728942530e+02 -2.9339e+00 -1.0263e+00 +3.8533e+00
1380 +3.749053358e-03 +3.749053358e-03 -1.728962509e+02 -1.728962509e+02 -2.9300e+00 -1.0289e+00 +3.8554e+00
1446 +2.381137065e-03 +2.381137065e-03 -1.728976189e+02 -1.728976189e+02 -2.9307e+00 -1.0262e+00 +3.8552e+00
1492 +1.552945188e-03 +1.552945188e-03 -1.728984471e+02 -1.728984471e+02 -2.9315e+00 -1.0274e+00 +3.8557e+00
1533 +6.794654768e-04 +6.794654768e-04 -1.728993205e+02 -1.728993205e+02 -2.9316e+00 -1.0267e+00 +3.8553e+00
1754 +2.785265855e-04 +2.785265855e-04 -1.728997215e+02 -1.728997215e+02 -2.9311e+00 -1.0273e+00 +3.8553e+00
1868 +1.148627702e-04 +1.148627702e-04 -1.728998851e+02 -1.728998851e+02 -2.9312e+00 -1.0273e+00 +3.8552e+00
2202 +4.918594166e-05 +4.918594166e-05 -1.728999508e+02 -1.728999508e+02 -2.9312e+00 -1.0272e+00 +3.8552e+00
2241 +3.190686283e-05 +3.190686283e-05 -1.728999681e+02 -1.728999681e+02 -2.9312e+00 -1.0272e+00 +3.8552e+00
2511 +2.174041717e-05 +2.174041717e-05 -1.728999783e+02 -1.728999783e+02 -2.9312e+00 -1.0272e+00 +3.8552e+00
2607 +1.152636571e-05 +1.152636571e-05 -1.728999885e+02 -1.728999885e+02 -2.9312e+00 -1.0272e+00 +3.8552e+00
2739 +8.161004587e-06 +8.161004587e-06 -1.728999918e+02 -1.728999918e+02 -2.9312e+00 -1.0272e+00 +3.8552e+00
3028 +5.251164367e-06 +5.251164367e-06 -1.728999947e+02 -1.728999947e+02 -2.9312e+00 -1.0272e+00 +3.8552e+00
3070 +2.501142802e-06 +2.501142802e-06 -1.728999975e+02 -1.728999975e+02 -2.9312e+00 -1.0272e+00 +3.8552e+00
3237 +1.354023368e-06 +1.354023368e-06 -1.728999986e+02 -1.728999986e+02 -2.9312e+00 -1.0272e+00 +3.8552e+00
3265 +9.698801762e-07 +9.698801762e-07 -1.728999990e+02 -1.728999990e+02 -2.9312e+00 -1.0272e+00 +3.8552e+00
3410 +5.333974968e-07 +5.333974968e-07 -1.728999995e+02 -1.728999995e+02 -2.9312e+00 -1.0272e+00 +3.8552e+00
3607 +3.916735523e-07 +3.916735523e-07 -1.728999996e+02 -1.728999996e+02 -2.9312e+00 -1.0272e+00 +3.8552e+00
3652 +2.380399735e-07 +2.380399735e-07 -1.728999998e+02 -1.728999998e+02 -2.9312e+00 -1.0272e+00 +3.8552e+00
3794 +1.508666969e-07 +1.508666969e-07 -1.728999998e+02 -1.728999998e+02 -2.9312e+00 -1.0272e+00 +3.8552e+00
3949 +8.653253758e-08 +8.653253758e-08 -1.728999999e+02 -1.728999999e+02 -2.9312e+00 -1.0272e+00 +3.8552e+00
4040 +3.594422537e-08 +3.594422537e-08 -1.729000000e+02 -1.729000000e+02 -2.9312e+00 -1.0272e+00 +3.8552e+00
4085 +2.398684273e-08 +2.398684273e-08 -1.729000000e+02 -1.729000000e+02 -2.9312e+00 -1.0272e+00 +3.8552e+00
4213 +1.578231945e-08 +1.578231945e-08 -1.729000000e+02 -1.729000000e+02 -2.9312e+00 -1.0272e+00 +3.8552e+00
4270 +8.366924931e-09 +8.366924931e-09 -1.729000000e+02 -1.729000000e+02 -2.9312e+00 -1.0272e+00 +3.8552e+00
% function evaluation | noise-free fitness - Fopt (-3.506200000000e+02) | best noise-free fitness - Fopt | measured fitness | best measured fitness | x1 | x2...
1 +4.775723531e+01 +4.775723531e+01 -3.028627647e+02 -3.028627647e+02 -4.7518e+00 +3.4190e+00 +4.9726e+00
4 +2.462489845e+01 +2.462489845e+01 -3.259951015e+02 -3.259951015e+02 -1.9670e+00 +1.6766e-01 -2.2473e+00
8 +1.226999780e+01 +1.226999780e+01 -3.383500022e+02 -3.383500022e+02 -2.1019e+00 -3.4714e+00 +3.3948e+00
11 +6.700600559e+00 +6.700600559e+00 -3.439193994e+02 -3.439193994e+02 -1.1039e+00 -2.1638e+00 +6.6075e-02
22 +3.803134114e+00 +3.803134114e+00 -3.468168659e+02 -3.468168659e+02 -4.7071e+00 -2.7482e+00 +1.4017e+00
59 +2.160143535e+00 +2.160143535e+00 -3.484598565e+02 -3.484598565e+02 -2.6832e+00 -3.5151e+00 +9.5579e-01
96 +1.358451724e+00 +1.358451724e+00 -3.492615483e+02 -3.492615483e+02 -2.9636e+00 -4.0832e+00 -4.3708e-01
173 +7.885428256e-01 +7.885428256e-01 -3.498314572e+02 -3.498314572e+02 -3.7939e+00 -3.9837e+00 -4.5949e-01
296 +3.521493252e-01 +3.521493252e-01 -3.502678507e+02 -3.502678507e+02 -4.2469e+00 -3.9633e+00 -6.9874e-01
477 +5.611015535e-02 +5.611015535e-02 -3.505638898e+02 -3.505638898e+02 -3.9527e+00 -3.7675e+00 -3.8089e-01
669 +2.704600632e-02 +2.704600632e-02 -3.505929540e+02 -3.505929540e+02 -3.9490e+00 -3.7622e+00 -3.9329e-01
855 +1.931514302e-02 +1.931514302e-02 -3.506006849e+02 -3.506006849e+02 -3.9033e+00 -3.7392e+00 -3.5973e-01
1104 +1.549717329e-02 +1.549717329e-02 -3.506045028e+02 -3.506045028e+02 -3.9003e+00 -3.7405e+00 -3.5395e-01
1138 +6.913676528e-03 +6.913676528e-03 -3.506130863e+02 -3.506130863e+02 -3.9049e+00 -3.7371e+00 -3.5403e-01
1246 +4.213647975e-03 +4.213647975e-03 -3.506157864e+02 -3.506157864e+02 -3.9109e+00 -3.7405e+00 -3.5735e-01
1383 +3.612342580e-03 +3.612342580e-03 -3.506163877e+02 -3.506163877e+02 -3.9100e+00 -3.7416e+00 -3.5675e-01
1465 +2.083265954e-03 +2.083265954e-03 -3.506179167e+02 -3.506179167e+02 -3.9103e+00 -3.7407e+00 -3.5774e-01
1713 +1.010774460e-03 +1.010774460e-03 -3.506189892e+02 -3.506189892e+02 -3.9090e+00 -3.7399e+00 -3.5631e-01
1714 +9.842822047e-04 +9.842822047e-04 -3.506190157e+02 -3.506190157e+02 -3.9094e+00 -3.7401e+00 -3.5691e-01
1871 +2.393956441e-04 +2.393956441e-04 -3.506197606e+02 -3.506197606e+02 -3.9094e+00 -3.7400e+00 -3.5666e-01
2175 +1.579325259e-04 +1.579325259e-04 -3.506198421e+02 -3.506198421e+02 -3.9096e+00 -3.7401e+00 -3.5683e-01
2476 +9.694830311e-05 +9.694830311e-05 -3.506199031e+02 -3.506199031e+02 -3.9096e+00 -3.7400e+00 -3.5684e-01
2509 +5.952829667e-05 +5.952829667e-05 -3.506199405e+02 -3.506199405e+02 -3.9096e+00 -3.7400e+00 -3.5680e-01
2579 +2.900809034e-05 +2.900809034e-05 -3.506199710e+02 -3.506199710e+02 -3.9096e+00 -3.7400e+00 -3.5680e-01
2753 +1.631110399e-05 +1.631110399e-05 -3.506199837e+02 -3.506199837e+02 -3.9096e+00 -3.7400e+00 -3.5680e-01
2779 +7.156260153e-06 +7.156260153e-06 -3.506199928e+02 -3.506199928e+02 -3.9096e+00 -3.7400e+00 -3.5680e-01
2975 +5.206086996e-06 +5.206086996e-06 -3.506199948e+02 -3.506199948e+02 -3.9096e+00 -3.7400e+00 -3.5680e-01
3260 +3.862279698e-06 +3.862279698e-06 -3.506199961e+02 -3.506199961e+02 -3.9096e+00 -3.7400e+00 -3.5680e-01
3306 +1.573906559e-06 +1.573906559e-06 -3.506199984e+02 -3.506199984e+02 -3.9096e+00 -3.7400e+00 -3.5680e-01
3367 +8.218120229e-07 +8.218120229e-07 -3.506199992e+02 -3.506199992e+02 -3.9096e+00 -3.7400e+00 -3.5680e-01
3457 +5.923384379e-07 +5.923384379e-07 -3.506199994e+02 -3.506199994e+02 -3.9096e+00 -3.7400e+00 -3.5680e-01
3589 +3.066048180e-07 +3.066048180e-07 -3.506199997e+02 -3.506199997e+02 -3.9096e+00 -3.7400e+00 -3.5680e-01
3778 +2.180689194e-07 +2.180689194e-07 -3.506199998e+02 -3.506199998e+02 -3.9096e+00 -3.7400e+00 -3.5680e-01
3886 +1.420249873e-07 +1.420249873e-07 -3.506199999e+02 -3.506199999e+02 -3.9096e+00 -3.7400e+00 -3.5680e-01
3930 +9.154814506e-08 +9.154814506e-08 -3.506199999e+02 -3.506199999e+02 -3.9096e+00 -3.7400e+00 -3.5680e-01
4123 +5.179731488e-08 +5.179731488e-08 -3.506199999e+02 -3.506199999e+02 -3.9096e+00 -3.7400e+00 -3.5680e-01
4133 +2.492646445e-08 +2.492646445e-08 -3.506200000e+02 -3.506200000e+02 -3.9096e+00 -3.7400e+00 -3.5680e-01
4265 +1.046487341e-08 +1.046487341e-08 -3.506200000e+02 -3.506200000e+02 -3.9096e+00 -3.7400e+00 -3.5680e-01
4342 +3.714944796e-09 +3.714944796e-09 -3.506200000e+02 -3.506200000e+02 -3.9096e+00 -3.7400e+00 -3.5680e-01
