% function evaluation | noise-free fitness - Fopt (3.590000000000e+01) | best noise-free fitness - Fopt | measured fitness | best measured fitness | x1 | x2...
1 +4.352506406e+05 +4.352506406e+05 +4.352865406e+05 +4.352865406e+05 -2.6776e+00 +4.8907e+00
4 +2.369909426e+01 +2.369909426e+01 +5.959909426e+01 +5.959909426e+01 +4.8283e+00 +7.9501e-01
32 +1.244670321e+01 +1.244670321e+01 +4.834670321e+01 +4.834670321e+01 +4.2059e+00 +7.9193e-01
42 +2.822462786e+00 +2.822462786e+00 +3.872246279e+01 +3.872246279e+01 +3.4563e+00 +8.5476e-01
112 +8.095616533e-01 +8.095616533e-01 +3.670956165e+01 +3.670956165e+01 +3.1927e+00 +4.4854e-01
238 +3.139545995e-01 +3.139545995e-01 +3.621395460e+01 +3.621395460e+01 +2.9974e+00 +9.4385e-01
245 +9.937650958e-02 +9.937650958e-02 +3.599937651e+01 +3.599937651e+01 +2.9074e+00 +9.5131e-01
286 +2.363163149e-02 +2.363163149e-02 +3.592363163e+01 +3.592363163e+01 +2.8191e+00 +1.1273e+00
288 +9.987145229e-03 +9.987145229e-03 +3.590998715e+01 +3.590998715e+01 +2.8159e+00 +1.0790e+00
357 +4.540182590e-03 +4.540182590e-03 +3.590454018e+01 +3.590454018e+01 +2.8009e+00 +1.0717e+00
390 +1.574411779e-03 +1.574411779e-03 +3.590157441e+01 +3.590157441e+01 +2.7934e+00 +1.0902e+00
402 +5.015258587e-04 +5.015258587e-04 +3.590050153e+01 +3.590050153e+01 +2.7868e+00 +1.1121e+00
477 +3.471182699e-04 +3.471182699e-04 +3.590034712e+01 +3.590034712e+01 +2.7865e+00 +1.1029e+00
632 +2.427340531e-04 +2.427340531e-04 +3.590024273e+01 +3.590024273e+01 +2.7838e+00 +1.1154e+00
656 +2.777036144e-05 +2.777036144e-05 +3.590002777e+01 +3.590002777e+01 +2.7828e+00 +1.1114e+00
727 +2.370045264e-05 +2.370045264e-05 +3.590002370e+01 +3.590002370e+01 +2.7828e+00 +1.1122e+00
749 +1.065627546e-05 +1.065627546e-05 +3.590001066e+01 +3.590001066e+01 +2.7823e+00 +1.1132e+00
754 +2.963032706e-06 +2.963032706e-06 +3.590000296e+01 +3.590000296e+01 +2.7820e+00 +1.1131e+00
831 +1.091698905e-06 +1.091698905e-06 +3.590000109e+01 +3.590000109e+01 +2.7818e+00 +1.1133e+00
868 +8.737884798e-07 +8.737884798e-07 +3.590000087e+01 +3.590000087e+01 +2.7818e+00 +1.1133e+00
895 +1.280128572e-07 +1.280128572e-07 +3.590000013e+01 +3.590000013e+01 +2.7816e+00 +1.1136e+00
1021 +3.082422495e-08 +3.082422495e-08 +3.590000003e+01 +3.590000003e+01 +2.7816e+00 +1.1136e+00
1084 +1.714760600e-08 +1.714760600e-08 +3.590000002e+01 +3.590000002e+01 +2.7816e+00 +1.1136e+00
1085 +1.282901252e-08 +1.282901252e-08 +3.590000001e+01 +3.590000001e+01 +2.7816e+00 +1.1136e+00
1136 +5.396714187e-09 +5.396714187e-09 +3.590000001e+01 +3.590000001e+01 +2.7816e+00 +1.1136e+00
% function evaluation | noise-free fitness - Fopt (3.137000000000e+01) | best noise-free fitness - Fopt | measured fitness | best measured fitness | x1 | x2...
1 +3.825893719e+03 +3.825893719e+03 +3.857263719e+03 +3.857263719e+03 +1.1600e+00 +3.9885e-01
5 +1.004079150e+02 +1.004079150e+02 +1.317779150e+02 +1.317779150e+02 +3.7857e+00 +1.2091e+00
6 +9.455396823e+01 +9.455396823e+01 +1.259239682e+02 +1.259239682e+02 +3.3086e+00 +4.4462e+00
10 +7.234156005e+00 +7.234156005e+00 +3.860415601e+01 +3.860415601e+01 +6.5084e-01 +2.4434e+00
21 +5.896291820e-01 +5.896291820e-01 +3.195962918e+01 +3.195962918e+01 -4.3374e-02 +1.9272e+00
53 +3.314731036e-01 +3.314731036e-01 +3.170147310e+01 +3.170147310e+01 -1.6810e-01 +2.2252e+00
223 +2.569181355e-02 +2.569181355e-02 +3.139569181e+01 +3.139569181e+01 -2.4590e-01 +1.9786e+00
259 +1.396889402e-02 +1.396889402e-02 +3.138396889e+01 +3.138396889e+01 -2.5677e-01 +1.9604e+00
422 +8.049507721e-03 +8.049507721e-03 +3.137804951e+01 +3.137804951e+01 -2.5079e-01 +1.8933e+00
424 +4.659044782e-03 +4.659044782e-03 +3.137465904e+01 +3.137465904e+01 -2.6051e-01 +1.9230e+00
483 +2.341866709e-03 +2.341866709e-03 +3.137234187e+01 +3.137234187e+01 -2.6248e-01 +1.8933e+00
529 +1.039132720e-03 +1.039132720e-03 +3.137103913e+01 +3.137103913e+01 -2.6506e-01 +1.8978e+00
572 +3.325349146e-04 +3.325349146e-04 +3.137033253e+01 +3.137033253e+01 -2.6899e-01 +1.9018e+00
590 +1.324427305e-04 +1.324427305e-04 +3.137013244e+01 +3.137013244e+01 -2.7216e-01 +1.9035e+00
664 +5.087339322e-05 +5.087339322e-05 +3.137005087e+01 +3.137005087e+01 -2.7101e-01 +1.8985e+00
694 +2.477704169e-05 +2.477704169e-05 +3.137002478e+01 +3.137002478e+01 -2.7204e-01 +1.8994e+00
791 +7.676565570e-06 +7.676565570e-06 +3.137000768e+01 +3.137000768e+01 -2.7200e-01 +1.8982e+00
858 +5.786769393e-06 +5.786769393e-06 +3.137000579e+01 +3.137000579e+01 -2.7180e-01 +1.8977e+00
883 +7.889681370e-07 +7.889681370e-07 +3.137000079e+01 +3.137000079e+01 -2.7190e-01 +1.8970e+00
926 +5.564667909e-07 +5.564667909e-07 +3.137000056e+01 +3.137000056e+01 -2.7190e-01 +1.8968e+00
998 +3.266415476e-07 +3.266415476e-07 +3.137000033e+01 +3.137000033e+01 -2.7198e-01 +1.8970e+00
1024 +2.354175912e-07 +2.354175912e-07 +3.137000024e+01 +3.137000024e+01 -2.7195e-01 +1.8969e+00
1084 +1.062979997e-07 +1.062979997e-07 +3.137000011e+01 +3.137000011e+01 -2.7200e-01 +1.8969e+00
1127 +5.243472501e-08 +5.243472501e-08 +3.137000005e+01 +3.137000005e+01 -2.7200e-01 +1.8969e+00
1150 +2.770411456e-08 +2.770411456e-08 +3.137000003e+01 +3.137000003e+01 -2.7200e-01 +1.8969e+00
1177 +2.410804711e-08 +2.410804711e-08 +3.137000002e+01 +3.137000002e+01 -2.7199e-01 +1.8968e+00
1185 +6.464574653e-09 +6.464574653e-09 +3.137000001e+01 +3.137000001e+01 -2.7199e-01 +1.8968e+00
% function evaluation | noise-free fitness - Fopt (-1.000000000000e+03) | best noise-free fitness - Fopt | measured fitness | best measured fitness | x1 | x2...
1 +6.319553457e+01 +6.319553457e+01 -9.368044654e+02 -9.368044654e+02 +4.7097e+00 +4.1154e+00
5 +2.440538171e+01 +2.440538171e+01 -9.755946183e+02 -9.755946183e+02 +2.3189e+00 -2.0703e+00
65 +9.371903791e+00 +9.371903791e+00 -9.906280962e+02 -9.906280962e+02 +1.4288e+00 -4.7251e-01
172 +4.467731229e+00 +4.467731229e+00 -9.955322688e+02 -9.955322688e+02 +6.7421e-01 -3.1337e+00
194 +1.642807968e+00 +1.642807968e+00 -9.983571920e+02 -9.983571920e+02 +4.0445e-01 -2.2454e+00
271 +1.494546937e+00 +1.494546937e+00 -9.985054531e+02 -9.985054531e+02 +3.1404e-01 -3.1752e+00
303 +5.354041904e-01 +5.354041904e-01 -9.994645958e+02 -9.994645958e+02 +1.4712e-01 -2.7530e+00
322 +4.660715516e-02 +4.660715516e-02 -9.999533928e+02 -9.999533928e+02 -1.2520e-01 -3.3402e+00
383 +2.408041563e-02 +2.408041563e-02 -9.999759196e+02 -9.999759196e+02 -1.4344e-01 -3.3323e+00
512 +1.582801951e-02 +1.582801951e-02 -9.999841720e+02 -9.999841720e+02 -1.4068e-01 -3.2914e+00
593 +2.449026969e-03 +2.449026969e-03 -9.999975510e+02 -9.999975510e+02 -1.7810e-01 -3.3389e+00
646 +1.221324004e-03 +1.221324004e-03 -9.999987787e+02 -9.999987787e+02 -1.7642e-01 -3.3252e+00
673 +5.029702610e-04 +5.029702610e-04 -9.999994970e+02 -9.999994970e+02 -1.7971e-01 -3.3244e+00
781 +1.147555404e-04 +1.147555404e-04 -9.999998852e+02 -9.999998852e+02 -1.8403e-01 -3.3299e+00
848 +8.199538718e-05 +8.199538718e-05 -9.999999180e+02 -9.999999180e+02 -1.8381e-01 -3.3276e+00
881 +5.388324257e-05 +5.388324257e-05 -9.999999461e+02 -9.999999461e+02 -1.8438e-01 -3.3282e+00
910 +1.195138361e-05 +1.195138361e-05 -9.999999880e+02 -9.999999880e+02 -1.8585e-01 -3.3306e+00
948 +9.528118767e-06 +9.528118767e-06 -9.999999905e+02 -9.999999905e+02 -1.8558e-01 -3.3291e+00
990 +4.435061328e-06 +4.435061328e-06 -9.999999956e+02 -9.999999956e+02 -1.8605e-01 -3.3304e+00
1003 +2.307965929e-06 +2.307965929e-06 -9.999999977e+02 -9.999999977e+02 -1.8624e-01 -3.3306e+00
1047 +5.513002179e-07 +5.513002179e-07 -9.999999994e+02 -9.999999994e+02 -1.8623e-01 -3.3302e+00
1080 +3.229716867e-07 +3.229716867e-07 -9.999999997e+02 -9.999999997e+02 -1.8635e-01 -3.3305e+00
1162 +1.886293148e-07 +1.886293148e-07 -9.999999998e+02 -9.999999998e+02 -1.8631e-01 -3.3303e+00
1193 +8.789129424e-08 +8.789129424e-08 -9.999999999e+02 -9.999999999e+02 -1.8636e-01 -3.3304e+00
1243 +3.450361419e-08 +3.450361419e-08 -1.000000000e+03 -1.000000000e+03 -1.8637e-01 -3.3304e+00
1383 +1.961018370e-08 +1.961018370e-08 -1.000000000e+03 -1.000000000e+03 -1.8638e-01 -3.3304e+00
1389 +1.078592504e-08 +1.078592504e-08 -1.000000000e+03 -1.000000000e+03 -1.8638e-01 -3.3304e+00
1401 +1.058197086e-09 +1.058197086e-09 -1.000000000e+03 -1.000000000e+03 -1.8640e-01 -3.3304e+00
% function evaluation | noise-free fitness - Fopt (1.319200000000e+02) | best noise-free fitness - Fopt | measured fitness | best measured fitness | x1 | x2...
1 +1.005877452e+02 +1.005877452e+02 +2.325077452e+02 +2.325077452e+02 -4.4815e+00 -2.0863e+00
3 +5.802146075e+01 +5.802146075e+01 +1.899414608e+02 +1.899414608e+02 +3.9813e+00 -1.6721e+00
12 +1.796938480e+01 +1.796938480e+01 +1.498893848e+02 +1.498893848e+02 -2.3878e-01 -2.6859e-02
38 +1.269315916e+01 +1.269315916e+01 +1.446131592e+02 +1.446131592e+02 -2.1801e-01 +4.1870e-01
81 +6.737041924e+00 +6.737041924e+00 +1.386570419e+02 +1.386570419e+02 -1.5675e+00 +8.1387e-01
93 +3.975636098e+00 +3.975636098e+00 +1.358956361e+02 +1.358956361e+02 -3.1291e+00 +1.0508e+00
181 +1.376506583e+00 +1.376506583e+00 +1.332965066e+02 +1.332965066e+02 -3.3255e+00 +1.4192e+00
227 +4.554978816e-01 +4.554978816e-01 +1.323754979e+02 +1.323754979e+02 -3.3908e+00 +1.6769e+00
286 +1.544714999e-01 +1.544714999e-01 +1.320744715e+02 +1.320744715e+02 -3.6599e+00 +1.7858e+00
324 +6.027365079e-02 +6.027365079e-02 +1.319802737e+02 +1.319802737e+02 -3.9709e+00 +1.8395e+00
409 +9.240317530e-03 +9.240317530e-03 +1.319292403e+02 +1.319292403e+02 -3.9676e+00 +1.8823e+00
525 +2.432430586e-03 +2.432430586e-03 +1.319224324e+02 +1.319224324e+02 -3.9875e+00 +1.9004e+00
537 +1.431159276e-04 +1.431159276e-04 +1.319201431e+02 +1.319201431e+02 -3.9766e+00 +1.9076e+00
730 +1.614288198e-05 +1.614288198e-05 +1.319200161e+02 +1.319200161e+02 -3.9804e+00 +1.9096e+00
779 +5.730095921e-06 +5.730095921e-06 +1.319200057e+02 +1.319200057e+02 -3.9817e+00 +1.9099e+00
825 +1.312702494e-06 +1.312702494e-06 +1.319200013e+02 +1.319200013e+02 -3.9822e+00 +1.9102e+00
965 +9.173389515e-07 +9.173389515e-07 +1.319200009e+02 +1.319200009e+02 -3.9822e+00 +1.9102e+00
975 +5.760191755e-07 +5.760191755e-07 +1.319200006e+02 +1.319200006e+02 -3.9823e+00 +1.9103e+00
1046 +3.851076826e-07 +3.851076826e-07 +1.319200004e+02 +1.319200004e+02 -3.9823e+00 +1.9103e+00
1120 +2.153405774e-07 +2.153405774e-07 +1.319200002e+02 +1.319200002e+02 -3.9824e+00 +1.9103e+00
1281 +1.511764367e-07 +1.511764367e-07 +1.319200002e+02 +1.319200002e+02 -3.9824e+00 +1.9103e+00
1485 +9.975295256e-08 +9.975295256e-08 +1.319200001e+02 +1.319200001e+02 -3.9823e+00 +1.9103e+00
1557 +6.139026709e-08 +6.139026709e-08 +1.319200001e+02 +1.319200001e+02 -3.9823e+00 +1.9104e+00
1593 +3.378369229e-08 +3.378369229e-08 +1.319200000e+02 +1.319200000e+02 -3.9824e+00 +1.9104e+00
1649 +2.452392778e-08 +2.452392778e-08 +1.319200000e+02 +1.319200000e+02 -3.9824e+00 +1.9104e+00
1671 +1.351151013e-08 +1.351151013e-08 +1.319200000e+02 +1.319200000e+02 -3.9824e+00 +1.9104e+00
1712 +4.918149443e-09 +4.918149443e-09 +1.319200000e+02 +1.319200000e+02 -3.9824e+00 +1.9104e+00
% function evaluation | noise-free fitness - Fopt (5.908400000000e+02) | best noise-free fitness - Fopt | measured fitness | best measured fitness | x1 | x2...
1 +2.377498823e+00 +2.377498823e+00 +5.932174988e+02 +5.932174988e+02 +1.1546e+00 -3.8558e+00
48 +3.676866029e-01 +3.676866029e-01 +5.912076866e+02 +5.912076866e+02 +1.3881e+00 -3.6015e+00
222 +8.824301631e-02 +8.824301631e-02 +5.909282430e+02 +5.909282430e+02 +1.3641e+00 -3.3643e+00
306 +2.987268303e-02 +2.987268303e-02 +5.908698727e+02 +5.908698727e+02 +1.4297e+00 -3.4009e+00
374 +2.022563846e-02 +2.022563846e-02 +5.908602256e+02 +5.908602256e+02 +1.3934e+00 -3.2993e+00
381 +1.193278501e-02 +1.193278501e-02 +5.908519328e+02 +5.908519328e+02 +1.4024e+00 -3.2891e+00
392 +3.433773239e-04 +3.433773239e-04 +5.908403434e+02 +5.908403434e+02 +1.4434e+00 -3.3401e+00
595 +1.247115802e-04 +1.247115802e-04 +5.908401247e+02 +5.908401247e+02 +1.4455e+00 -3.3400e+00
637 +5.573964347e-05 +5.573964347e-05 +5.908400557e+02 +5.908400557e+02 +1.4451e+00 -3.3379e+00
727 +2.913874778e-05 +2.913874778e-05 +5.908400291e+02 +5.908400291e+02 +1.4444e+00 -3.3356e+00
754 +9.690353409e-06 +9.690353409e-06 +5.908400097e+02 +5.908400097e+02 +1.4449e+00 -3.3358e+00
756 +4.217957553e-06 +4.217957553e-06 +5.908400042e+02 +5.908400042e+02 +1.4452e+00 -3.3360e+00
801 +1.758368967e-06 +1.758368967e-06 +5.908400018e+02 +5.908400018e+02 +1.4455e+00 -3.3362e+00
852 +1.106922241e-06 +1.106922241e-06 +5.908400011e+02 +5.908400011e+02 +1.4454e+00 -3.3360e+00
874 +5.038534709e-07 +5.038534709e-07 +5.908400005e+02 +5.908400005e+02 +1.4456e+00 -3.3362e+00
928 +1.695905212e-07 +1.695905212e-07 +5.908400002e+02 +5.908400002e+02 +1.4455e+00 -3.3359e+00
995 +1.225363349e-07 +1.225363349e-07 +5.908400001e+02 +5.908400001e+02 +1.4456e+00 -3.3361e+00
1027 +5.353433608e-08 +5.353433608e-08 +5.908400001e+02 +5.908400001e+02 +1.4456e+00 -3.3360e+00
1163 +3.386196568e-08 +3.386196568e-08 +5.908400000e+02 +5.908400000e+02 +1.4456e+00 -3.3360e+00
1245 +2.446392955e-08 +2.446392955e-08 +5.908400000e+02 +5.908400000e+02 +1.4456e+00 -3.3360e+00
1321 +1.463274657e-08 +1.463274657e-08 +5.908400000e+02 +5.908400000e+02 +1.4456e+00 -3.3360e+00
1353 +9.842324289e-09 +9.842324289e-09 +5.908400000e+02 +5.908400000e+02 +1.4456e+00 -3.3360e+00
% function evaluation | noise-free fitness - Fopt (3.098000000000e+01) | best noise-free fitness - Fopt | measured fitness | best measured fitness | x1 | x2...
1 +1.231525402e+04 +1.231525402e+04 +1.234623402e+04 +1.234623402e+04 -3.7082e+00 +2.4553e+00
2 +3.974358042e+01 +3.974358042e+01 +7.072358042e+01 +7.072358042e+01 +2.0326e+00 +6.4461e-01
20 +2.410904782e+01 +2.410904782e+01 +5.508904782e+01 +5.508904782e+01 +1.0578e+00 -9.1572e-01
39 +6.466785072e+00 +6.466785072e+00 +3.744678507e+01 +3.744678507e+01 +1.8515e+00 -1.5735e+00
105 +5.509995316e+00 +5.509995316e+00 +3.648999532e+01 +3.648999532e+01 +3.6761e+00 -5.8602e-01
108 +3.878823349e+00 +3.878823349e+00 +3.485882335e+01 +3.485882335e+01 +2.7338e+00 -1.1690e+00
154 +2.476622735e+00 +2.476622735e+00 +3.345662273e+01 +3.345662273e+01 +2.0947e+00 -1.8540e+00
161 +8.719798220e-01 +8.719798220e-01 +3.185197982e+01 +3.185197982e+01 +2.3913e+00 -1.9130e+00
200 +5.217528599e-01 +5.217528599e-01 +3.150175286e+01 +3.150175286e+01 +2.6208e+00 -1.9610e+00
224 +8.209556920e-02 +8.209556920e-02 +3.106209557e+01 +3.106209557e+01 +2.3123e+00 -2.2914e+00
422 +4.218056575e-02 +4.218056575e-02 +3.102218057e+01 +3.102218057e+01 +2.2211e+00 -2.3774e+00
434 +2.869137363e-02 +2.869137363e-02 +3.100869137e+01 +3.100869137e+01 +2.2763e+00 -2.3802e+00
465 +2.156873888e-02 +2.156873888e-02 +3.100156874e+01 +3.100156874e+01 +2.2524e+00 -2.3937e+00
493 +4.969641607e-03 +4.969641607e-03 +3.098496964e+01 +3.098496964e+01 +2.2121e+00 -2.4405e+00
638 +3.506153546e-03 +3.506153546e-03 +3.098350615e+01 +3.098350615e+01 +2.1861e+00 -2.4573e+00
684 +1.456216499e-03 +1.456216499e-03 +3.098145622e+01 +3.098145622e+01 +2.1871e+00 -2.4640e+00
686 +9.594630569e-04 +9.594630569e-04 +3.098095946e+01 +3.098095946e+01 +2.1798e+00 -2.4715e+00
754 +5.275030294e-04 +5.275030294e-04 +3.098052750e+01 +3.098052750e+01 +2.1811e+00 -2.4729e+00
765 +3.688559569e-04 +3.688559569e-04 +3.098036886e+01 +3.098036886e+01 +2.1870e+00 -2.4727e+00
787 +2.356020168e-04 +2.356020168e-04 +3.098023560e+01 +3.098023560e+01 +2.1848e+00 -2.4749e+00
803 +8.784816553e-05 +8.784816553e-05 +3.098008785e+01 +3.098008785e+01 +2.1794e+00 -2.4785e+00
818 +5.173726857e-05 +5.173726857e-05 +3.098005174e+01 +3.098005174e+01 +2.1790e+00 -2.4794e+00
851 +3.652059207e-05 +3.652059207e-05 +3.098003652e+01 +3.098003652e+01 +2.1806e+00 -2.4790e+00
892 +1.592861371e-05 +1.592861371e-05 +3.098001593e+01 +3.098001593e+01 +2.1784e+00 -2.4807e+00
896 +5.608965679e-06 +5.608965679e-06 +3.098000561e+01 +3.098000561e+01 +2.1793e+00 -2.4807e+00
984 +3.390474294e-06 +3.390474294e-06 +3.098000339e+01 +3.098000339e+01 +2.1784e+00 -2.4812e+00
1010 +2.506785926e-06 +2.506785926e-06 +3.098000251e+01 +3.098000251e+01 +2.1786e+00 -2.4811e+00
1064 +8.410091468e-08 +8.410091468e-08 +3.098000008e+01 +3.098000008e+01 +2.1784e+00 -2.4816e+00
1330 +1.230120006e-09 +1.230120006e-09 +3.098000000e+01 +3.098000000e+01 +2.1784e+00 -2.4816e+00
% function evaluation | noise-free fitness - Fopt (-1.445400000000e+02) | best noise-free fitness - Fopt | measured fitness | best measured fitness | x1 | x2...
1 +4.489856471e+04 +4.489856471e+04 +4.475402471e+04 +4.475402471e+04 +1.4402e+00 -4.4906e+00
9 +3.787795393e+04 +3.787795393e+04 +3.773341393e+04 +3.773341393e+04 -6.0905e-01 +2.1900e+00
11 +1.255941438e+01 +1.255941438e+01 -1.319805856e+02 -1.319805856e+02 -1.2407e+00 -2.8252e+00
12 +4.247822609e+00 +4.247822609e+00 -1.402921774e+02 -1.402921774e+02 -2.1916e+00 -2.6898e+00
59 +8.396911250e-01 +8.396911250e-01 -1.437003089e+02 -1.437003089e+02 -2.1710e+00 -1.3781e+00
81 +4.448187622e-01 +4.448187622e-01 -1.440951812e+02 -1.440951812e+02 -1.9674e+00 -1.1394e+00
91 +1.802366150e-01 +1.802366150e-01 -1.443597634e+02 -1.443597634e+02 -1.8632e+00 -7.8866e-01
170 +7.966531155e-02 +7.966531155e-02 -1.444603347e+02 -1.444603347e+02 -1.9393e+00 -7.5081e-01
407 +4.692134252e-02 +4.692134252e-02 -1.444930787e+02 -1.444930787e+02 -1.9488e+00 -6.9480e-01
445 +9.112951559e-03 +9.112951559e-03 -1.445308870e+02 -1.445308870e+02 -1.9154e+00 -5.8650e-01
482 +1.536563080e-03 +1.536563080e-03 -1.445384634e+02 -1.445384634e+02 -1.9070e+00 -5.3930e-01
677 +6.338186285e-04 +6.338186285e-04 -1.445393662e+02 -1.445393662e+02 -1.9028e+00 -5.2949e-01
705 +6.070644815e-04 +6.070644815e-04 -1.445393929e+02 -1.445393929e+02 -1.9045e+00 -5.2850e-01
721 +2.281038362e-04 +2.281038362e-04 -1.445397719e+02 -1.445397719e+02 -1.9028e+00 -5.2090e-01
786 +5.569324341e-05 +5.569324341e-05 -1.445399443e+02 -1.445399443e+02 -1.8993e+00 -5.1527e-01
826 +2.587931849e-05 +2.587931849e-05 -1.445399741e+02 -1.445399741e+02 -1.9007e+00 -5.1539e-01
892 +1.657561032e-05 +1.657561032e-05 -1.445399834e+02 -1.445399834e+02 -1.8998e+00 -5.1446e-01
908 +6.316950163e-06 +6.316950163e-06 -1.445399937e+02 -1.445399937e+02 -1.8998e+00 -5.1362e-01
960 +5.605477099e-06 +5.605477099e-06 -1.445399944e+02 -1.445399944e+02 -1.9002e+00 -5.1399e-01
989 +3.780062997e-06 +3.780062997e-06 -1.445399962e+02 -1.445399962e+02 -1.9000e+00 -5.1362e-01
1009 +4.053437976e-07 +4.053437976e-07 -1.445399996e+02 -1.445399996e+02 -1.9001e+00 -5.1307e-01
1038 +1.786405619e-07 +1.786405619e-07 -1.445399998e+02 -1.445399998e+02 -1.9000e+00 -5.1296e-01
1128 +5.218686283e-08 +5.218686283e-08 -1.445399999e+02 -1.445399999e+02 -1.9000e+00 -5.1286e-01
1161 +1.921875992e-08 +1.921875992e-08 -1.445400000e+02 -1.445400000e+02 -1.9000e+00 -5.1284e-01
1289 +1.117308557e-08 +1.117308557e-08 -1.445400000e+02 -1.445400000e+02 -1.9000e+00 -5.1283e-01
1337 +5.782652579e-09 +5.782652579e-09 -1.445400000e+02 -1.445400000e+02 -1.9000e+00 -5.1282e-01
% function evaluation | noise-free fitness - Fopt (-9.649000000000e+01) | best noise-free fitness - Fopt | measured fitness | best measured fitness | x1 | x2...
1 +2.797733882e+02 +2.797733882e+02 +1.832833882e+02 +1.832833882e+02 +4.4971e+00 +4.8615e-01
3 +2.161557305e+02 +2.161557305e+02 +1.196657305e+02 +1.196657305e+02 +3.2619e+00 +3.2937e+00
4 +9.086930070e+01 +9.086930070e+01 -5.620699299e+00 -5.620699299e+00 +1.0345e+00 -2.1815e+00
6 +2.914746051e+01 +2.914746051e+01 -6.734253949e+01 -6.734253949e+01 -7.9726e-01 -1.2636e+00
8 +1.281643690e+01 +1.281643690e+01 -8.367356310e+01 -8.367356310e+01 -1.8835e+00 +3.3454e+00
62 +6.968911821e+00 +6.968911821e+00 -8.952108818e+01 -8.952108818e+01 -2.0977e+00 +2.3024e+00
74 +1.715002129e-01 +1.715002129e-01 -9.631849979e+01 -9.631849979e+01 -2.8519e+00 +1.6610e+00
164 +8.586527494e-02 +8.586527494e-02 -9.640413473e+01 -9.640413473e+01 -2.9317e+00 +1.8477e+00
309 +5.967429927e-03 +5.967429927e-03 -9.648403257e+01 -9.648403257e+01 -2.9540e+00 +1.6468e+00
419 +6.166354027e-05 +6.166354027e-05 -9.648993834e+01 -9.648993834e+01 -2.9721e+00 +1.6589e+00
785 +2.496510710e-05 +2.496510710e-05 -9.648997503e+01 -9.648997503e+01 -2.9727e+00 +1.6584e+00
815 +1.258751041e-05 +1.258751041e-05 -9.648998741e+01 -9.648998741e+01 -2.9731e+00 +1.6595e+00
829 +8.799480753e-06 +8.799480753e-06 -9.648999120e+01 -9.648999120e+01 -2.9732e+00 +1.6596e+00
894 +4.303060763e-06 +4.303060763e-06 -9.648999570e+01 -9.648999570e+01 -2.9734e+00 +1.6597e+00
1012 +3.303200216e-06 +3.303200216e-06 -9.648999670e+01 -9.648999670e+01 -2.9734e+00 +1.6598e+00
1066 +1.690787840e-06 +1.690787840e-06 -9.648999831e+01 -9.648999831e+01 -2.9734e+00 +1.6589e+00
1095 +9.278868731e-07 +9.278868731e-07 -9.648999907e+01 -9.648999907e+01 -2.9735e+00 +1.6590e+00
1170 +4.276585770e-07 +4.276585770e-07 -9.648999957e+01 -9.648999957e+01 -2.9735e+00 +1.6593e+00
1185 +1.785583805e-07 +1.785583805e-07 -9.648999982e+01 -9.648999982e+01 -2.9735e+00 +1.6592e+00
1227 +7.875249253e-08 +7.875249253e-08 -9.648999992e+01 -9.648999992e+01 -2.9736e+00 +1.6592e+00
1281 +3.402881532e-08 +3.402881532e-08 -9.648999997e+01 -9.648999997e+01 -2.9736e+00 +1.6592e+00
1298 +1.801490157e-08 +1.801490157e-08 -9.648999998e+01 -9.648999998e+01 -2.9736e+00 +1.6592e+00
1332 +1.170235464e-09 +1.170235464e-09 -9.649000000e+01 -9.649000000e+01 -2.9736e+00 +1.6592e+00
% function evaluation | noise-free fitness - Fopt (1.000000000000e+03) | best noise-free fitness - Fopt | measured fitness | best measured fitness | x1 | x2...
1 +1.049036463e+06 +1.049036463e+06 +1.050036463e+06 +1.050036463e+06 +7.5729e-01 -3.6440e+00
2 +6.782967159e+05 +6.782967159e+05 +6.792967159e+05 +6.792967159e+05 +3.9967e+00 -2.6109e+00
3 +1.985482993e+05 +1.985482993e+05 +1.995482993e+05 +1.995482993e+05 -1.7617e+00 +5.2255e-01
5 +9.179924068e+04 +9.179924068e+04 +9.279924068e+04 +9.279924068e+04 -4.7091e+00 +4.4654e+00
6 +6.010124645e+04 +6.010124645e+04 +6.110124645e+04 +6.110124645e+04 -3.3019e+00 +4.3519e+00
8 +3.450062564e+04 +3.450062564e+04 +3.550062564e+04 +3.550062564e+04 -2.6708e+00 +4.8507e+00
11 +2.476067253e+01 +2.476067253e+01 +1.024760673e+03 +1.024760673e+03 +3.9511e+00 +4.8533e+00
17 +1.229253816e+01 +1.229253816e+01 +1.012292538e+03 +1.012292538e+03 +4.6522e+00 +3.8357e+00
23 +2.815776472e+00 +2.815776472e+00 +1.002815776e+03 +1.002815776e+03 +2.0294e+00 +3.6193e+00
167 +1.462478176e+00 +1.462478176e+00 +1.001462478e+03 +1.001462478e+03 +2.8493e+00 +3.1102e+00
190 +5.142342109e-01 +5.142342109e-01 +1.000514234e+03 +1.000514234e+03 +2.3310e+00 +3.1289e+00
234 +1.487765017e-01 +1.487765017e-01 +1.000148777e+03 +1.000148777e+03 +2.0109e+00 +3.0806e+00
346 +4.219655932e-02 +4.219655932e-02 +1.000042197e+03 +1.000042197e+03 +1.7102e+00 +3.1155e+00
409 +3.545283012e-02 +3.545283012e-02 +1.000035453e+03 +1.000035453e+03 +1.7441e+00 +3.1051e+00
412 +3.648445127e-03 +3.648445127e-03 +1.000003648e+03 +1.000003648e+03 +1.6800e+00 +3.0766e+00
501 +9.195019113e-04 +9.195019113e-04 +1.000000920e+03 +1.000000920e+03 +1.6819e+00 +3.0688e+00
631 +2.696137213e-04 +2.696137213e-04 +1.000000270e+03 +1.000000270e+03 +1.6814e+00 +3.0644e+00
706 +2.936227406e-05 +2.936227406e-05 +1.000000029e+03 +1.000000029e+03 +1.6733e+00 +3.0640e+00
809 +9.661422041e-06 +9.661422041e-06 +1.000000010e+03 +1.000000010e+03 +1.6718e+00 +3.0637e+00
842 +5.121182767e-07 +5.121182767e-07 +1.000000001e+03 +1.000000001e+03 +1.6723e+00 +3.0632e+00
1073 +9.811628843e-08 +9.811628843e-08 +1.000000000e+03 +1.000000000e+03 +1.6721e+00 +3.0632e+00
1163 +5.469860298e-08 +5.469860298e-08 +1.000000000e+03 +1.000000000e+03 +1.6720e+00 +3.0632e+00
1174 +6.050527190e-09 +6.050527190e-09 +1.000000000e+03 +1.000000000e+03 +1.6720e+00 +3.0632e+00
% function evaluation | noise-free fitness - Fopt (-1.547600000000e+02) | best noise-free fitness - Fopt | measured fitness | best measured fitness | x1 | x2...
1 +3.660976602e+01 +3.660976602e+01 -1.181502340e+02 -1.181502340e+02 -4.2176e+00 +4.9061e+00
16 +1.194255387e+01 +1.194255387e+01 -1.428174461e+02 -1.428174461e+02 -1.4028e+00 +3.8185e+00
38 +3.134217716e+00 +3.134217716e+00 -1.516257823e+02 -1.516257823e+02 +2.0888e-01 +3.1674e+00
117 +1.769659721e+00 +1.769659721e+00 -1.529903403e+02 -1.529903403e+02 +3.7940e-01 +3.3107e+00
141 +1.371550541e+00 +1.371550541e+00 -1.533884495e+02 -1.533884495e+02 +4.5103e-01 +3.5169e+00
149 +8.494267134e-01 +8.494267134e-01 -1.539105733e+02 -1.539105733e+02 +7.5867e-01 +3.1456e+00
199 +3.926847808e-01 +3.926847808e-01 -1.543673152e+02 -1.543673152e+02 +1.0188e+00 +3.0717e+00
220 +2.289155153e-01 +2.289155153e-01 -1.545310845e+02 -1.545310845e+02 +1.1077e+00 +3.0901e+00
221 +5.093027438e-02 +5.093027438e-02 -1.547090697e+02 -1.547090697e+02 +1.3246e+00 +2.9748e+00
224 +4.431462903e-03 +4.431462903e-03 -1.547555685e+02 -1.547555685e+02 +1.4430e+00 +2.9337e+00
446 +2.774213499e-03 +2.774213499e-03 -1.547572258e+02 -1.547572258e+02 +1.4490e+00 +2.9474e+00
474 +2.086588460e-03 +2.086588460e-03 -1.547579134e+02 -1.547579134e+02 +1.4505e+00 +2.9371e+00
481 +1.463099047e-03 +1.463099047e-03 -1.547585369e+02 -1.547585369e+02 +1.4548e+00 +2.9383e+00
483 +9.146178834e-04 +9.146178834e-04 -1.547590854e+02 -1.547590854e+02 +1.4608e+00 +2.9309e+00
492 +2.086045642e-04 +2.086045642e-04 -1.547597914e+02 -1.547597914e+02 +1.4710e+00 +2.9292e+00
587 +1.514471936e-04 +1.514471936e-04 -1.547598486e+02 -1.547598486e+02 +1.4721e+00 +2.9253e+00
588 +2.904167056e-05 +2.904167056e-05 -1.547599710e+02 -1.547599710e+02 +1.4751e+00 +2.9255e+00
741 +1.438839453e-05 +1.438839453e-05 -1.547599856e+02 -1.547599856e+02 +1.4760e+00 +2.9251e+00
866 +5.824698917e-06 +5.824698917e-06 -1.547599942e+02 -1.547599942e+02 +1.4767e+00 +2.9242e+00
903 +3.552931247e-06 +3.552931247e-06 -1.547599964e+02 -1.547599964e+02 +1.4768e+00 +2.9245e+00
934 +1.968819674e-06 +1.968819674e-06 -1.547599980e+02 -1.547599980e+02 +1.4770e+00 +2.9244e+00
957 +1.029650207e-06 +1.029650207e-06 -1.547599990e+02 -1.547599990e+02 +1.4772e+00 +2.9243e+00
980 +3.738403507e-07 +3.738403507e-07 -1.547599996e+02 -1.547599996e+02 +1.4774e+00 +2.9241e+00
988 +1.226433994e-07 +1.226433994e-07 -1.547599999e+02 -1.547599999e+02 +1.4775e+00 +2.9241e+00
992 +9.811421364e-08 +9.811421364e-08 -1.547599999e+02 -1.547599999e+02 +1.4775e+00 +2.9240e+00
1121 +5.454421625e-08 +5.454421625e-08 -1.547599999e+02 -1.547599999e+02 +1.4775e+00 +2.9240e+00
1185 +1.378452907e-10 +1.378452907e-10 -1.547600000e+02 -1.547600000e+02 +1.4776e+00 +2.9240e+00
% function evaluation | noise-free fitness - Fopt (3.914000000000e+01) | best noise-free fitness - Fopt | measured fitness | best measured fitness | x1 | x2...
1 +9.797256718e+01 +9.797256718e+01 +1.371125672e+02 +1.371125672e+02 +8.7560e-01 +4.4179e+00
2 +3.097509012e+01 +3.097509012e+01 +7.011509012e+01 +7.011509012e+01 +6.0858e-01 +1.6945e+00
7 +2.235187591e+01 +2.235187591e+01 +6.149187591e+01 +6.149187591e+01 -2.9109e+00 -1.7549e+00
24 +1.338355895e+01 +1.338355895e+01 +5.252355895e+01 +5.252355895e+01 -4.7020e-01 -4.0382e-02
85 +5.678369765e+00 +5.678369765e+00 +4.481836976e+01 +4.481836976e+01 -6.4943e-01 -9.9609e-01
104 +2.283620026e+00 +2.283620026e+00 +4.142362003e+01 +4.142362003e+01 -6.8071e-01 -1.5237e+00
114 +1.567469035e+00 +1.567469035e+00 +4.070746903e+01 +4.070746903e+01 -1.4001e+00 -2.0634e+00
184 +7.519300371e-01 +7.519300371e-01 +3.989193004e+01 +3.989193004e+01 -1.2635e+00 -2.1466e+00
228 +8.068799065e-02 +8.068799065e-02 +3.922068799e+01 +3.922068799e+01 -1.3803e+00 -2.5093e+00
300 +6.369318435e-03 +6.369318435e-03 +3.914636932e+01 +3.914636932e+01 -1.3896e+00 -2.5998e+00
496 +5.157233613e-03 +5.157233613e-03 +3.914515723e+01 +3.914515723e+01 -1.3885e+00 -2.6005e+00
497 +1.790338070e-03 +1.790338070e-03 +3.914179034e+01 +3.914179034e+01 -1.3678e+00 -2.5982e+00
544 +1.412008077e-03 +1.412008077e-03 +3.914141201e+01 +3.914141201e+01 -1.3809e+00 -2.6069e+00
606 +8.847698711e-04 +8.847698711e-04 +3.914088477e+01 +3.914088477e+01 -1.3857e+00 -2.6137e+00
627 +2.686777872e-04 +2.686777872e-04 +3.914026868e+01 +3.914026868e+01 -1.3868e+00 -2.6191e+00
665 +3.036781960e-05 +3.036781960e-05 +3.914003037e+01 +3.914003037e+01 -1.3829e+00 -2.6184e+00
763 +1.644453912e-05 +1.644453912e-05 +3.914001644e+01 +3.914001644e+01 -1.3826e+00 -2.6186e+00
802 +6.746365457e-06 +6.746365457e-06 +3.914000675e+01 +3.914000675e+01 -1.3835e+00 -2.6197e+00
804 +5.519410195e-06 +5.519410195e-06 +3.914000552e+01 +3.914000552e+01 -1.3831e+00 -2.6194e+00
835 +3.685463817e-06 +3.685463817e-06 +3.914000369e+01 +3.914000369e+01 -1.3836e+00 -2.6200e+00
908 +1.915394783e-06 +1.915394783e-06 +3.914000192e+01 +3.914000192e+01 -1.3834e+00 -2.6198e+00
924 +7.071895425e-07 +7.071895425e-07 +3.914000071e+01 +3.914000071e+01 -1.3833e+00 -2.6199e+00
948 +3.756873141e-07 +3.756873141e-07 +3.914000038e+01 +3.914000038e+01 -1.3831e+00 -2.6198e+00
997 +1.278172590e-07 +1.278172590e-07 +3.914000013e+01 +3.914000013e+01 -1.3832e+00 -2.6199e+00
1050 +5.621313903e-08 +5.621313903e-08 +3.914000006e+01 +3.914000006e+01 -1.3832e+00 -2.6199e+00
1072 +1.363069657e-08 +1.363069657e-08 +3.914000001e+01 +3.914000001e+01 -1.3832e+00 -2.6200e+00
1207 +5.223810717e-09 +5.223810717e-09 +3.914000001e+01 +3.914000001e+01 -1.3832e+00 -2.6200e+00
% function evaluation | noise-free fitness - Fopt (-1.186000000000e+01) | best noise-free fitness - Fopt | measured fitness | best measured fitness | x1 | x2...
1 +2.145787984e+02 +2.145787984e+02 +2.027187984e+02 +2.027187984e+02 +1.2140e-01 -3.0865e+00
4 +2.275767086e+01 +2.275767086e+01 +1.089767086e+01 +1.089767086e+01 +4.8790e+00 -6.4152e-01
17 +1.259311176e+01 +1.259311176e+01 +7.331117574e-01 +7.331117574e-01 +4.3147e+00 +1.7519e-01
39 +7.407354925e+00 +7.407354925e+00 -4.452645075e+00 -4.452645075e+00 +4.1955e+00 +8.1288e-01
43 +6.404816858e-01 +6.404816858e-01 -1.121951831e+01 -1.121951831e+01 +2.9462e+00 +2.2832e+00
91 +4.548364197e-01 +4.548364197e-01 -1.140516358e+01 -1.140516358e+01 +3.0963e+00 +2.2361e+00
216 +2.956202344e-01 +2.956202344e-01 -1.156437977e+01 -1.156437977e+01 +3.0772e+00 +2.3129e+00
306 +2.226630281e-01 +2.226630281e-01 -1.163733697e+01 -1.163733697e+01 +2.7712e+00 +2.5352e+00
333 +1.564243300e-01 +1.564243300e-01 -1.170357567e+01 -1.170357567e+01 +2.6739e+00 +2.6625e+00
368 +8.603787782e-02 +8.603787782e-02 -1.177396212e+01 -1.177396212e+01 +2.7259e+00 +2.6547e+00
402 +2.793325190e-02 +2.793325190e-02 -1.183206675e+01 -1.183206675e+01 +2.8504e+00 +2.5896e+00
459 +2.577368759e-03 +2.577368759e-03 -1.185742263e+01 -1.185742263e+01 +2.9014e+00 +2.5955e+00
475 +2.301913913e-03 +2.301913913e-03 -1.185769809e+01 -1.185769809e+01 +2.8843e+00 +2.6057e+00
547 +1.050690793e-03 +1.050690793e-03 -1.185894931e+01 -1.185894931e+01 +2.8802e+00 +2.6130e+00
567 +5.653112012e-04 +5.653112012e-04 -1.185943469e+01 -1.185943469e+01 +2.8838e+00 +2.6127e+00
622 +2.260769643e-04 +2.260769643e-04 -1.185977392e+01 -1.185977392e+01 +2.8848e+00 +2.6148e+00
663 +1.414228979e-04 +1.414228979e-04 -1.185985858e+01 -1.185985858e+01 +2.8856e+00 +2.6151e+00
721 +4.404821125e-05 +4.404821125e-05 -1.185995595e+01 -1.185995595e+01 +2.8834e+00 +2.6181e+00
726 +2.948132181e-05 +2.948132181e-05 -1.185997052e+01 -1.185997052e+01 +2.8860e+00 +2.6166e+00
745 +1.350317387e-07 +1.350317387e-07 -1.185999986e+01 -1.185999986e+01 +2.8848e+00 +2.6183e+00
1000 +5.070859466e-08 +5.070859466e-08 -1.185999995e+01 -1.185999995e+01 +2.8847e+00 +2.6184e+00
1047 +2.334102156e-08 +2.334102156e-08 -1.185999998e+01 -1.185999998e+01 +2.8848e+00 +2.6184e+00
1083 +4.600916981e-09 +4.600916981e-09 -1.186000000e+01 -1.186000000e+01 +2.8848e+00 +2.6184e+00
% function evaluation | noise-free fitness - Fopt (7.068000000000e+01) | best noise-free fitness - Fopt | measured fitness | best measured fitness | x1 | x2...
1 +2.548143318e+03 +2.548143318e+03 +2.618823318e+03 +2.618823318e+03 -1.8571e+00 +4.0568e+00
26 +9.007210317e+01 +9.007210317e+01 +1.607521032e+02 +1.607521032e+02 +2.1373e+00 +7.0664e+00
30 +2.519608444e+01 +2.519608444e+01 +9.587608444e+01 +9.587608444e+01 +1.5681e-01 +5.2083e+00
38 +8.614577893e+00 +8.614577893e+00 +7.929457789e+01 +7.929457789e+01 +1.6497e+00 +4.1770e+00
65 +4.390861884e+00 +4.390861884e+00 +7.507086188e+01 +7.507086188e+01 -2.3111e-02 +3.9532e+00
112 +3.716103001e+00 +3.716103001e+00 +7.439610300e+01 +7.439610300e+01 +1.6394e+00 +3.5484e+00
185 +1.321110685e+00 +1.321110685e+00 +7.200111069e+01 +7.200111069e+01 +4.1472e-01 +3.5283e+00
218 +4.012118388e-02 +4.012118388e-02 +7.072012118e+01 +7.072012118e+01 -2.3946e-01 +3.2718e+00
361 +2.700424056e-02 +2.700424056e-02 +7.070700424e+01 +7.070700424e+01 -3.2298e-01 +3.2591e+00
379 +1.604413749e-02 +1.604413749e-02 +7.069604414e+01 +7.069604414e+01 -2.4801e-01 +3.2517e+00
398 +1.038860689e-02 +1.038860689e-02 +7.069038861e+01 +7.069038861e+01 -2.4900e-01 +3.2448e+00
446 +2.343179352e-03 +2.343179352e-03 +7.068234318e+01 +7.068234318e+01 -2.6133e-01 +3.2279e+00
460 +8.736908238e-04 +8.736908238e-04 +7.068087369e+01 +7.068087369e+01 -2.8436e-01 +3.2270e+00
464 +1.153756234e-04 +1.153756234e-04 +7.068011538e+01 +7.068011538e+01 -2.9039e-01 +3.2228e+00
624 +9.302518177e-05 +9.302518177e-05 +7.068009303e+01 +7.068009303e+01 -2.8542e-01 +3.2223e+00
644 +3.612585161e-06 +3.612585161e-06 +7.068000361e+01 +7.068000361e+01 -2.8922e-01 +3.2211e+00
888 +1.797730604e-06 +1.797730604e-06 +7.068000180e+01 +7.068000180e+01 -2.8914e-01 +3.2210e+00
891 +6.726614856e-07 +6.726614856e-07 +7.068000067e+01 +7.068000067e+01 -2.8932e-01 +3.2209e+00
892 +4.036559602e-07 +4.036559602e-07 +7.068000040e+01 +7.068000040e+01 -2.8947e-01 +3.2209e+00
949 +1.746015812e-07 +1.746015812e-07 +7.068000017e+01 +7.068000017e+01 -2.8951e-01 +3.2208e+00
1025 +1.254157524e-07 +1.254157524e-07 +7.068000013e+01 +7.068000013e+01 -2.8952e-01 +3.2208e+00
1040 +1.129244254e-08 +1.129244254e-08 +7.068000001e+01 +7.068000001e+01 -2.8957e-01 +3.2208e+00
1155 +8.121972428e-09 +8.121972428e-09 +7.068000001e+01 +7.068000001e+01 -2.8957e-01 +3.2208e+00
% function evaluation | noise-free fitness - Fopt (-6.260000000000e+00) | best noise-free fitness - Fopt | measured fitness | best measured fitness | x1 | x2...
1 +8.091833080e+00 +8.091833080e+00 +1.831833080e+00 +1.831833080e+00 +1.2151e+00 -3.8606e-01
51 +1.373648120e+00 +1.373648120e+00 -4.886351880e+00 -4.886351880e+00 +1.1015e-01 -1.5777e+00
129 +7.479780546e-01 +7.479780546e-01 -5.512021945e+00 -5.512021945e+00 +1.1339e-01 -1.6894e+00
180 +1.515091239e-01 +1.515091239e-01 -6.108490876e+00 -6.108490876e+00 +3.2727e-01 -1.7672e+00
310 +8.036407086e-02 +8.036407086e-02 -6.179635929e+00 -6.179635929e+00 +2.0389e-01 -1.8743e+00
372 +4.373802591e-02 +4.373802591e-02 -6.216261974e+00 -6.216261974e+00 +2.6725e-01 -1.8593e+00
387 +2.066906051e-02 +2.066906051e-02 -6.239330939e+00 -6.239330939e+00 +2.8738e-01 -1.8724e+00
427 +6.578438277e-03 +6.578438277e-03 -6.253421562e+00 -6.253421562e+00 +3.3414e-01 -1.8665e+00
442 +2.214654070e-03 +2.214654070e-03 -6.257785346e+00 -6.257785346e+00 +3.4184e-01 -1.8739e+00
483 +1.459642955e-03 +1.459642955e-03 -6.258540357e+00 -6.258540357e+00 +3.2920e-01 -1.8807e+00
516 +8.431657244e-04 +8.431657244e-04 -6.259156834e+00 -6.259156834e+00 +3.3671e-01 -1.8804e+00
570 +5.427491951e-04 +5.427491951e-04 -6.259457251e+00 -6.259457251e+00 +3.3606e-01 -1.8819e+00
609 +3.069424926e-05 +3.069424926e-05 -6.259969306e+00 -6.259969306e+00 +3.3157e-01 -1.8880e+00
739 +6.298376326e-06 +6.298376326e-06 -6.259993702e+00 -6.259993702e+00 +3.3012e-01 -1.8893e+00
890 +3.659813427e-06 +3.659813427e-06 -6.259996340e+00 -6.259996340e+00 +3.3055e-01 -1.8892e+00
910 +9.902635885e-07 +9.902635885e-07 -6.259999010e+00 -6.259999010e+00 +3.3039e-01 -1.8894e+00
994 +5.596168657e-07 +5.596168657e-07 -6.259999440e+00 -6.259999440e+00 +3.3019e-01 -1.8896e+00
1042 +3.155790900e-07 +3.155790900e-07 -6.259999684e+00 -6.259999684e+00 +3.3037e-01 -1.8895e+00
1052 +1.881679932e-07 +1.881679932e-07 -6.259999812e+00 -6.259999812e+00 +3.3036e-01 -1.8896e+00
1075 +9.760858344e-08 +9.760858344e-08 -6.259999902e+00 -6.259999902e+00 +3.3040e-01 -1.8896e+00
1121 +3.091345846e-09 +3.091345846e-09 -6.259999997e+00 -6.259999997e+00 +3.3041e-01 -1.8896e+00
% function evaluation | noise-free fitness - Fopt (1.838600000000e+02) | best noise-free fitness - Fopt | measured fitness | best measured fitness | x1 | x2...
1 +1.029296705e+04 +1.029296705e+04 +1.047682705e+04 +1.047682705e+04 +8.0159e-01 -2.3592e+00
2 +7.609365285e+03 +7.609365285e+03 +7.793225285e+03 +7.793225285e+03 +2.7435e+00 -3.3522e+00
4 +2.016774341e+01 +2.016774341e+01 +2.040277434e+02 +2.040277434e+02 +2.0164e+00 -4.9222e+00
22 +3.185161956e+00 +3.185161956e+00 +1.870451620e+02 +1.870451620e+02 +9.2545e-01 -4.8291e+00
43 +1.848950365e+00 +1.848950365e+00 +1.857089504e+02 +1.857089504e+02 +7.3654e-01 -4.7086e+00
77 +1.566660350e+00 +1.566660350e+00 +1.854266603e+02 +1.854266603e+02 +7.4318e-01 -4.0948e+00
110 +4.606730543e-01 +4.606730543e-01 +1.843206731e+02 +1.843206731e+02 +3.8850e-01 -4.4185e+00
242 +2.864669453e-01 +2.864669453e-01 +1.841464669e+02 +1.841464669e+02 +3.7534e-01 -4.2476e+00
271 +4.797150802e-03 +4.797150802e-03 +1.838647972e+02 +1.838647972e+02 +3.1089e-01 -3.7834e+00
371 +5.138132022e-04 +5.138132022e-04 +1.838605138e+02 +1.838605138e+02 +2.9781e-01 -3.7662e+00
565 +2.906089821e-04 +2.906089821e-04 +1.838602906e+02 +1.838602906e+02 +2.9645e-01 -3.7656e+00
685 +1.230707599e-04 +1.230707599e-04 +1.838601231e+02 +1.838601231e+02 +2.9455e-01 -3.7640e+00
771 +5.601430001e-05 +5.601430001e-05 +1.838600560e+02 +1.838600560e+02 +2.9407e-01 -3.7618e+00
885 +3.110999558e-05 +3.110999558e-05 +1.838600311e+02 +1.838600311e+02 +2.9381e-01 -3.7606e+00
901 +1.750887239e-05 +1.750887239e-05 +1.838600175e+02 +1.838600175e+02 +2.9340e-01 -3.7605e+00
904 +8.869097599e-06 +8.869097599e-06 +1.838600089e+02 +1.838600089e+02 +2.9332e-01 -3.7593e+00
965 +5.377511769e-06 +5.377511769e-06 +1.838600054e+02 +1.838600054e+02 +2.9318e-01 -3.7591e+00
974 +3.333915970e-06 +3.333915970e-06 +1.838600033e+02 +1.838600033e+02 +2.9307e-01 -3.7591e+00
1018 +1.737179616e-06 +1.737179616e-06 +1.838600017e+02 +1.838600017e+02 +2.9299e-01 -3.7589e+00
1034 +1.501896577e-06 +1.501896577e-06 +1.838600015e+02 +1.838600015e+02 +2.9296e-01 -3.7589e+00
1035 +9.699322163e-07 +9.699322163e-07 +1.838600010e+02 +1.838600010e+02 +2.9291e-01 -3.7588e+00
1062 +5.113759585e-07 +5.113759585e-07 +1.838600005e+02 +1.838600005e+02 +2.9287e-01 -3.7587e+00
1070 +1.871454458e-07 +1.871454458e-07 +1.838600002e+02 +1.838600002e+02 +2.9284e-01 -3.7586e+00
1140 +2.280114586e-08 +2.280114586e-08 +1.838600000e+02 +1.838600000e+02 +2.9282e-01 -3.7584e+00
1158 +1.129751581e-08 +1.129751581e-08 +1.838600000e+02 +1.838600000e+02 +2.9281e-01 -3.7584e+00
1223 +3.203751930e-09 +3.203751930e-09 +1.838600000e+02 +1.838600000e+02 +2.9280e-01 -3.7584e+00
