% function evaluation | noise-free fitness - Fopt (3.590000000000e+01) | best noise-free fitness - Fopt | measured fitness | best measured fitness | x1 | x2...
1 +3.114662801e+05 +3.114662801e+05 +3.115021801e+05 +3.115021801e+05 -2.1221e+00 -7.7587e-01 +3.1054e+00
5 +1.556957964e+05 +1.556957964e+05 +1.557316964e+05 +1.557316964e+05 +4.1381e-01 +5.1560e+00 +3.3339e+00
7 +8.996692319e+04 +8.996692319e+04 +9.000282319e+04 +9.000282319e+04 -2.1968e+00 -3.5121e+00 -4.0584e-01
9 +1.110117210e+02 +1.110117210e+02 +1.469117210e+02 +1.469117210e+02 +1.9608e+00 -4.4765e+00 -9.7010e-01
42 +6.320501374e+01 +6.320501374e+01 +9.910501374e+01 +9.910501374e+01 +4.0816e+00 +2.1562e+00 -2.9269e-01
50 +5.028962879e+01 +5.028962879e+01 +8.618962879e+01 +8.618962879e+01 +3.3188e+00 -4.8520e-01 -1.2860e-01
58 +3.263344697e+01 +3.263344697e+01 +6.853344697e+01 +6.853344697e+01 +5.2890e+00 -1.1269e+00 +1.7390e+00
91 +1.240724120e+01 +1.240724120e+01 +4.830724120e+01 +4.830724120e+01 +3.4791e+00 -5.8095e-01 +1.8163e+00
100 +6.368950633e+00 +6.368950633e+00 +4.226895063e+01 +4.226895063e+01 +3.8317e+00 -7.3091e-01 +2.6425e+00
129 +4.861506650e+00 +4.861506650e+00 +4.076150665e+01 +4.076150665e+01 +3.2706e+00 -4.1721e-01 +2.3957e+00
149 +3.889022045e+00 +3.889022045e+00 +3.978902204e+01 +3.978902204e+01 +3.8192e+00 -7.2103e-02 +2.6483e+00
236 +2.453318878e+00 +2.453318878e+00 +3.835331888e+01 +3.835331888e+01 +3.5222e+00 +4.1291e-01 +2.5348e+00
285 +1.518461301e+00 +1.518461301e+00 +3.741846130e+01 +3.741846130e+01 +2.5840e+00 +1.0723e+00 +2.0571e+00
287 +6.749541711e-01 +6.749541711e-01 +3.657495417e+01 +3.657495417e+01 +2.7693e+00 +1.1401e+00 +2.3079e+00
289 +6.216494084e-01 +6.216494084e-01 +3.652164941e+01 +3.652164941e+01 +2.7931e+00 +1.0798e+00 +2.3321e+00
307 +3.551327604e-01 +3.551327604e-01 +3.625513276e+01 +3.625513276e+01 +2.6546e+00 +1.1287e+00 +2.3476e+00
357 +2.498912530e-01 +2.498912530e-01 +3.614989125e+01 +3.614989125e+01 +2.8016e+00 +8.4913e-01 +2.5146e+00
372 +1.573673165e-01 +1.573673165e-01 +3.605736732e+01 +3.605736732e+01 +2.8032e+00 +9.2027e-01 +2.5205e+00
386 +7.833193620e-02 +7.833193620e-02 +3.597833194e+01 +3.597833194e+01 +2.8017e+00 +9.8448e-01 +2.5485e+00
397 +5.764465918e-02 +5.764465918e-02 +3.595764466e+01 +3.595764466e+01 +2.8664e+00 +1.0808e+00 +2.5666e+00
398 +3.878763934e-02 +3.878763934e-02 +3.593878764e+01 +3.593878764e+01 +2.8004e+00 +1.0663e+00 +2.5464e+00
425 +2.386478883e-02 +2.386478883e-02 +3.592386479e+01 +3.592386479e+01 +2.8244e+00 +1.1070e+00 +2.5673e+00
426 +1.538760446e-02 +1.538760446e-02 +3.591538760e+01 +3.591538760e+01 +2.7911e+00 +1.0684e+00 +2.5668e+00
451 +8.509443507e-03 +8.509443507e-03 +3.590850944e+01 +3.590850944e+01 +2.7952e+00 +1.1188e+00 +2.5702e+00
479 +4.627318689e-03 +4.627318689e-03 +3.590462732e+01 +3.590462732e+01 +2.7715e+00 +1.1030e+00 +2.5689e+00
544 +3.540288475e-03 +3.540288475e-03 +3.590354029e+01 +3.590354029e+01 +2.7946e+00 +1.1042e+00 +2.5796e+00
553 +2.477863820e-03 +2.477863820e-03 +3.590247786e+01 +3.590247786e+01 +2.7835e+00 +1.1117e+00 +2.5755e+00
583 +3.412369532e-04 +3.412369532e-04 +3.590034124e+01 +3.590034124e+01 +2.7857e+00 +1.1114e+00 +2.5854e+00
607 +1.532240922e-04 +1.532240922e-04 +3.590015322e+01 +3.590015322e+01 +2.7807e+00 +1.1138e+00 +2.5841e+00
659 +8.700978039e-05 +8.700978039e-05 +3.590008701e+01 +3.590008701e+01 +2.7817e+00 +1.1146e+00 +2.5853e+00
662 +4.196595315e-05 +4.196595315e-05 +3.590004197e+01 +3.590004197e+01 +2.7821e+00 +1.1138e+00 +2.5862e+00
705 +1.849442021e-05 +1.849442021e-05 +3.590001849e+01 +3.590001849e+01 +2.7809e+00 +1.1131e+00 +2.5863e+00
712 +8.102063447e-06 +8.102063447e-06 +3.590000810e+01 +3.590000810e+01 +2.7814e+00 +1.1130e+00 +2.5868e+00
760 +5.941970393e-06 +5.941970393e-06 +3.590000594e+01 +3.590000594e+01 +2.7817e+00 +1.1137e+00 +2.5868e+00
772 +1.728923891e-06 +1.728923891e-06 +3.590000173e+01 +3.590000173e+01 +2.7816e+00 +1.1134e+00 +2.5870e+00
790 +4.764132697e-07 +4.764132697e-07 +3.590000048e+01 +3.590000048e+01 +2.7817e+00 +1.1135e+00 +2.5872e+00
877 +3.813760969e-07 +3.813760969e-07 +3.590000038e+01 +3.590000038e+01 +2.7816e+00 +1.1135e+00 +2.5872e+00
899 +2.438774303e-07 +2.438774303e-07 +3.590000024e+01 +3.590000024e+01 +2.7816e+00 +1.1135e+00 +2.5872e+00
914 +1.159863388e-07 +1.159863388e-07 +3.590000012e+01 +3.590000012e+01 +2.7816e+00 +1.1136e+00 +2.5871e+00
956 +8.440530763e-08 +8.440530763e-08 +3.590000008e+01 +3.590000008e+01 +2.7817e+00 +1.1136e+00 +2.5872e+00
960 +5.285856730e-08 +5.285856730e-08 +3.590000005e+01 +3.590000005e+01 +2.7816e+00 +1.1136e+00 +2.5872e+00
963 +2.887979633e-08 +2.887979633e-08 +3.590000003e+01 +3.590000003e+01 +2.7816e+00 +1.1136e+00 +2.5872e+00
969 +6.919634643e-09 +6.919634643e-09 +3.590000001e+01 +3.590000001e+01 +2.7816e+00 +1.1136e+00 +2.5872e+00
% function evaluation | noise-free fitness - Fopt (3.137000000000e+01) | best noise-free fitness - Fopt | measured fitness | best measured fitness | x1 | x2...
1 +1.853749881e+02 +1.853749881e+02 +2.167449881e+02 +2.167449881e+02 -4.1056e-01 +2.4129e+00 +3.9322e+00
5 +1.075093944e+02 +1.075093944e+02 +1.388793944e+02 +1.388793944e+02 -1.5501e+00 +3.8388e+00 +2.4271e+00
8 +7.205088018e+01 +7.205088018e+01 +1.034208802e+02 +1.034208802e+02 +2.3824e+00 +2.5994e+00 -1.5242e+00
16 +4.375479019e+01 +4.375479019e+01 +7.512479019e+01 +7.512479019e+01 +2.4949e-01 +2.9151e+00 -7.4810e-01
25 +3.251073188e+01 +3.251073188e+01 +6.388073188e+01 +6.388073188e+01 +1.8542e+00 +3.1487e+00 -2.8536e+00
33 +2.401237414e-01 +2.401237414e-01 +3.161012374e+01 +3.161012374e+01 -1.1210e-01 +1.9152e+00 -3.8531e+00
191 +1.069798548e-01 +1.069798548e-01 +3.147697985e+01 +3.147697985e+01 -2.2770e-01 +2.0364e+00 -3.8211e+00
222 +7.537418206e-02 +7.537418206e-02 +3.144537418e+01 +3.144537418e+01 -2.1347e-01 +1.8999e+00 -3.8407e+00
240 +1.651406713e-02 +1.651406713e-02 +3.138651407e+01 +3.138651407e+01 -2.2680e-01 +1.9237e+00 -3.8865e+00
327 +1.387601115e-02 +1.387601115e-02 +3.138387601e+01 +3.138387601e+01 -2.2765e-01 +1.9386e+00 -3.8937e+00
348 +6.611732517e-03 +6.611732517e-03 +3.137661173e+01 +3.137661173e+01 -2.4464e-01 +1.9249e+00 -3.8874e+00
360 +2.720904732e-03 +2.720904732e-03 +3.137272090e+01 +3.137272090e+01 -2.5143e-01 +1.9153e+00 -3.8908e+00
389 +2.505779919e-03 +2.505779919e-03 +3.137250578e+01 +3.137250578e+01 -2.5751e-01 +1.9044e+00 -3.8827e+00
440 +1.331064231e-03 +1.331064231e-03 +3.137133106e+01 +3.137133106e+01 -2.6056e-01 +1.8999e+00 -3.8856e+00
451 +9.424762445e-04 +9.424762445e-04 +3.137094248e+01 +3.137094248e+01 -2.7047e-01 +1.8917e+00 -3.8770e+00
457 +5.786608594e-04 +5.786608594e-04 +3.137057866e+01 +3.137057866e+01 -2.6623e-01 +1.9032e+00 -3.8827e+00
464 +3.207799665e-04 +3.207799665e-04 +3.137032078e+01 +3.137032078e+01 -2.6611e-01 +1.9002e+00 -3.8853e+00
491 +8.801317208e-05 +8.801317208e-05 +3.137008801e+01 +3.137008801e+01 -2.7095e-01 +1.8957e+00 -3.8828e+00
520 +2.964897601e-05 +2.964897601e-05 +3.137002965e+01 +3.137002965e+01 -2.7046e-01 +1.8973e+00 -3.8845e+00
603 +8.150809474e-06 +8.150809474e-06 +3.137000815e+01 +3.137000815e+01 -2.7200e-01 +1.8971e+00 -3.8834e+00
641 +3.839738493e-06 +3.839738493e-06 +3.137000384e+01 +3.137000384e+01 -2.7184e-01 +1.8966e+00 -3.8838e+00
703 +7.556517971e-07 +7.556517971e-07 +3.137000076e+01 +3.137000076e+01 -2.7189e-01 +1.8970e+00 -3.8840e+00
715 +3.348383579e-07 +3.348383579e-07 +3.137000033e+01 +3.137000033e+01 -2.7193e-01 +1.8968e+00 -3.8840e+00
762 +1.321288252e-07 +1.321288252e-07 +3.137000013e+01 +3.137000013e+01 -2.7196e-01 +1.8968e+00 -3.8840e+00
783 +9.943732593e-08 +9.943732593e-08 +3.137000010e+01 +3.137000010e+01 -2.7199e-01 +1.8968e+00 -3.8840e+00
789 +4.503158380e-08 +4.503158380e-08 +3.137000005e+01 +3.137000005e+01 -2.7197e-01 +1.8968e+00 -3.8840e+00
790 +2.942243782e-08 +2.942243782e-08 +3.137000003e+01 +3.137000003e+01 -2.7197e-01 +1.8968e+00 -3.8840e+00
795 +1.718730402e-08 +1.718730402e-08 +3.137000002e+01 +3.137000002e+01 -2.7199e-01 +1.8968e+00 -3.8840e+00
796 +1.131676086e-08 +1.131676086e-08 +3.137000001e+01 +3.137000001e+01 -2.7200e-01 +1.8968e+00 -3.8840e+00
870 +9.597549422e-09 +9.597549422e-09 +3.137000001e+01 +3.137000001e+01 -2.7198e-01 +1.8968e+00 -3.8840e+00
874 +2.101227636e-09 +2.101227636e-09 +3.137000000e+01 +3.137000000e+01 -2.7200e-01 +1.8968e+00 -3.8840e+00
% function evaluation | noise-free fitness - Fopt (-1.000000000000e+03) | best noise-free fitness - Fopt | measured fitness | best measured fitness | x1 | x2...
1 +6.033215665e+04 +6.033215665e+04 +5.933215665e+04 +5.933215665e+04 +1.2554e+00 -2.0696e+00 +3.2658e+00
4 +2.268557111e+04 +2.268557111e+04 +2.168557111e+04 +2.168557111e+04 -2.9527e+00 -1.6376e+00 +2.6658e+00
17 +1.269310474e+03 +1.269310474e+03 +2.693104737e+02 +2.693104737e+02 -2.0584e+00 -2.4302e+00 +2.1618e+00
27 +1.256122400e+01 +1.256122400e+01 -9.874387760e+02 -9.874387760e+02 -2.2822e+00 -5.5256e+00 +4.2045e+00
100 +9.460912681e+00 +9.460912681e+00 -9.905390873e+02 -9.905390873e+02 -2.5063e+00 -4.5207e+00 +3.6688e+00
117 +6.243546562e+00 +6.243546562e+00 -9.937564534e+02 -9.937564534e+02 -2.1314e+00 -4.1923e+00 +3.7480e+00
128 +4.719008015e-01 +4.719008015e-01 -9.995280992e+02 -9.995280992e+02 -6.4706e-01 -3.6276e+00 +3.1512e+00
161 +3.222671436e-01 +3.222671436e-01 -9.996777329e+02 -9.996777329e+02 -5.4850e-01 -3.3977e+00 +2.8929e+00
199 +8.010421855e-02 +8.010421855e-02 -9.999198958e+02 -9.999198958e+02 -3.4961e-01 -3.4369e+00 +2.9641e+00
232 +5.596583986e-02 +5.596583986e-02 -9.999440342e+02 -9.999440342e+02 -3.0253e-01 -3.4399e+00 +2.9501e+00
257 +2.491196125e-02 +2.491196125e-02 -9.999750880e+02 -9.999750880e+02 -2.5703e-01 -3.3936e+00 +2.8597e+00
272 +8.352807363e-03 +8.352807363e-03 -9.999916472e+02 -9.999916472e+02 -2.1399e-01 -3.3694e+00 +2.8482e+00
324 +2.626481856e-03 +2.626481856e-03 -9.999973735e+02 -9.999973735e+02 -2.1400e-01 -3.3409e+00 +2.8357e+00
377 +2.076825994e-03 +2.076825994e-03 -9.999979232e+02 -9.999979232e+02 -1.9915e-01 -3.3487e+00 +2.8354e+00
379 +1.040816219e-03 +1.040816219e-03 -9.999989592e+02 -9.999989592e+02 -1.9853e-01 -3.3427e+00 +2.8335e+00
398 +9.221040971e-04 +9.221040971e-04 -9.999990779e+02 -9.999990779e+02 -1.9944e-01 -3.3379e+00 +2.8358e+00
424 +1.080538239e-04 +1.080538239e-04 -9.999998919e+02 -9.999998919e+02 -1.9002e-01 -3.3339e+00 +2.8273e+00
470 +8.467448640e-05 +8.467448640e-05 -9.999999153e+02 -9.999999153e+02 -1.9017e-01 -3.3319e+00 +2.8266e+00
476 +6.280324180e-05 +6.280324180e-05 -9.999999372e+02 -9.999999372e+02 -1.8916e-01 -3.3327e+00 +2.8270e+00
512 +2.983635352e-05 +2.983635352e-05 -9.999999702e+02 -9.999999702e+02 -1.8863e-01 -3.3312e+00 +2.8249e+00
515 +9.713535519e-06 +9.713535519e-06 -9.999999903e+02 -9.999999903e+02 -1.8759e-01 -3.3311e+00 +2.8248e+00
540 +4.476940944e-06 +4.476940944e-06 -9.999999955e+02 -9.999999955e+02 -1.8705e-01 -3.3308e+00 +2.8243e+00
558 +6.878349268e-07 +6.878349268e-07 -9.999999993e+02 -9.999999993e+02 -1.8663e-01 -3.3305e+00 +2.8242e+00
601 +5.359252100e-07 +5.359252100e-07 -9.999999995e+02 -9.999999995e+02 -1.8663e-01 -3.3305e+00 +2.8242e+00
643 +2.824206149e-07 +2.824206149e-07 -9.999999997e+02 -9.999999997e+02 -1.8655e-01 -3.3304e+00 +2.8240e+00
652 +1.017920113e-07 +1.017920113e-07 -9.999999999e+02 -9.999999999e+02 -1.8649e-01 -3.3304e+00 +2.8240e+00
684 +9.764175957e-08 +9.764175957e-08 -9.999999999e+02 -9.999999999e+02 -1.8648e-01 -3.3304e+00 +2.8241e+00
733 +2.588524239e-08 +2.588524239e-08 -1.000000000e+03 -1.000000000e+03 -1.8643e-01 -3.3304e+00 +2.8240e+00
755 +8.043571142e-09 +8.043571142e-09 -1.000000000e+03 -1.000000000e+03 -1.8642e-01 -3.3304e+00 +2.8240e+00
% function evaluation | noise-free fitness - Fopt (1.319200000000e+02) | best noise-free fitness - Fopt | measured fitness | best measured fitness | x1 | x2...
1 +3.049319522e+05 +3.049319522e+05 +3.050638722e+05 +3.050638722e+05 +5.4664e-01 +2.1948e+00 +3.5101e+00
5 +1.422080464e+05 +1.422080464e+05 +1.423399664e+05 +1.423399664e+05 +4.3351e+00 +1.6054e+00 +2.1188e+00
8 +7.129804515e+04 +7.129804515e+04 +7.142996515e+04 +7.142996515e+04 +2.4008e-01 +2.4441e+00 -1.1581e-01
9 +1.272172184e+02 +1.272172184e+02 +2.591372184e+02 +2.591372184e+02 +3.1141e+00 +2.2985e+00 -4.3649e+00
32 +6.967326948e+01 +6.967326948e+01 +2.015932695e+02 +2.015932695e+02 -8.4218e-01 -1.8683e-01 -4.8859e+00
42 +4.276364374e+01 +4.276364374e+01 +1.746836437e+02 +1.746836437e+02 -9.4195e-01 +1.4471e+00 -3.5890e+00
77 +3.756241512e+01 +3.756241512e+01 +1.694824151e+02 +1.694824151e+02 -1.1357e+00 +1.2102e+00 -5.1645e+00
85 +2.094588016e+01 +2.094588016e+01 +1.528658802e+02 +1.528658802e+02 -1.5407e+00 +2.0773e+00 -5.4323e+00
95 +1.048647275e+01 +1.048647275e+01 +1.424064728e+02 +1.424064728e+02 -2.8026e+00 +1.6722e+00 -5.3231e+00
104 +9.895047068e+00 +9.895047068e+00 +1.418150471e+02 +1.418150471e+02 -3.3459e+00 +1.5070e+00 -5.5360e+00
135 +2.626406865e+00 +2.626406865e+00 +1.345464069e+02 +1.345464069e+02 -3.6130e+00 +1.7604e+00 -4.5977e+00
167 +1.728556384e+00 +1.728556384e+00 +1.336485564e+02 +1.336485564e+02 -4.1012e+00 +1.3240e+00 -3.9718e+00
207 +1.176151056e+00 +1.176151056e+00 +1.330961511e+02 +1.330961511e+02 -3.7493e+00 +1.8965e+00 -4.2676e+00
214 +3.374428764e-01 +3.374428764e-01 +1.322574429e+02 +1.322574429e+02 -3.7936e+00 +1.9286e+00 -3.9710e+00
268 +2.477231357e-01 +2.477231357e-01 +1.321677231e+02 +1.321677231e+02 -3.7960e+00 +1.8793e+00 -3.7572e+00
282 +7.951024888e-02 +7.951024888e-02 +1.319995102e+02 +1.319995102e+02 -3.9744e+00 +1.8356e+00 -3.8144e+00
316 +2.403658416e-02 +2.403658416e-02 +1.319440366e+02 +1.319440366e+02 -3.9827e+00 +1.8614e+00 -3.7545e+00
339 +2.801199531e-03 +2.801199531e-03 +1.319228012e+02 +1.319228012e+02 -3.9724e+00 +1.9054e+00 -3.7182e+00
419 +1.447640503e-03 +1.447640503e-03 +1.319214476e+02 +1.319214476e+02 -3.9734e+00 +1.9074e+00 -3.6990e+00
443 +9.539071658e-04 +9.539071658e-04 +1.319209539e+02 +1.319209539e+02 -3.9726e+00 +1.9109e+00 -3.7061e+00
453 +5.549855283e-04 +5.549855283e-04 +1.319205550e+02 +1.319205550e+02 -3.9752e+00 +1.9101e+00 -3.7017e+00
468 +2.691877713e-04 +2.691877713e-04 +1.319202692e+02 +1.319202692e+02 -3.9806e+00 +1.9113e+00 -3.7019e+00
475 +1.321370394e-04 +1.321370394e-04 +1.319201321e+02 +1.319201321e+02 -3.9794e+00 +1.9122e+00 -3.7026e+00
512 +4.636184542e-05 +4.636184542e-05 +1.319200464e+02 +1.319200464e+02 -3.9801e+00 +1.9115e+00 -3.7007e+00
548 +3.129594961e-05 +3.129594961e-05 +1.319200313e+02 +1.319200313e+02 -3.9809e+00 +1.9105e+00 -3.7003e+00
567 +1.774117530e-05 +1.774117530e-05 +1.319200177e+02 +1.319200177e+02 -3.9812e+00 +1.9108e+00 -3.7003e+00
576 +2.997512809e-06 +2.997512809e-06 +1.319200030e+02 +1.319200030e+02 -3.9820e+00 +1.9104e+00 -3.6992e+00
644 +1.037133359e-06 +1.037133359e-06 +1.319200010e+02 +1.319200010e+02 -3.9822e+00 +1.9104e+00 -3.6994e+00
651 +5.323580865e-07 +5.323580865e-07 +1.319200005e+02 +1.319200005e+02 -3.9823e+00 +1.9104e+00 -3.6993e+00
683 +2.262075327e-07 +2.262075327e-07 +1.319200002e+02 +1.319200002e+02 -3.9824e+00 +1.9104e+00 -3.6993e+00
704 +1.021597029e-07 +1.021597029e-07 +1.319200001e+02 +1.319200001e+02 -3.9824e+00 +1.9104e+00 -3.6993e+00
719 +9.265949075e-08 +9.265949075e-08 +1.319200001e+02 +1.319200001e+02 -3.9824e+00 +1.9104e+00 -3.6992e+00
761 +6.237127081e-08 +6.237127081e-08 +1.319200001e+02 +1.319200001e+02 -3.9824e+00 +1.9103e+00 -3.6992e+00
797 +2.127131893e-08 +2.127131893e-08 +1.319200000e+02 +1.319200000e+02 -3.9824e+00 +1.9104e+00 -3.6992e+00
841 +1.140526251e-08 +1.140526251e-08 +1.319200000e+02 +1.319200000e+02 -3.9824e+00 +1.9104e+00 -3.6992e+00
853 +5.415870419e-09 +5.415870419e-09 +1.319200000e+02 +1.319200000e+02 -3.9824e+00 +1.9104e+00 -3.6992e+00
% function evaluation | noise-free fitness - Fopt (5.908400000000e+02) | best noise-free fitness - Fopt | measured fitness | best measured fitness | x1 | x2...
1 +1.108785475e+05 +1.108785475e+05 +1.114693875e+05 +1.114693875e+05 -4.8338e-01 +1.3298e+00 -2.8397e+00
12 +3.203881326e+04 +3.203881326e+04 +3.262965326e+04 +3.262965326e+04 +8.5293e-02 -2.1305e+00 -3.4918e+00
18 +5.867386345e+03 +5.867386345e+03 +6.458226345e+03 +6.458226345e+03 +7.9514e-01 -4.0757e+00 -3.2521e+00
23 +1.170746221e+03 +1.170746221e+03 +1.761586221e+03 +1.761586221e+03 +3.3023e+00 -3.6871e+00 -2.6393e+00
27 +3.709250463e+01 +3.709250463e+01 +6.279325046e+02 +6.279325046e+02 +4.4607e+00 -6.5314e+00 -2.3187e+00
28 +1.866298727e+01 +1.866298727e+01 +6.095029873e+02 +6.095029873e+02 +3.6697e+00 -4.4325e+00 -2.2427e+00
96 +1.279399468e+01 +1.279399468e+01 +6.036339947e+02 +6.036339947e+02 +2.6491e+00 -3.0208e+00 -1.3517e+00
132 +6.601932836e+00 +6.601932836e+00 +5.974419328e+02 +5.974419328e+02 +1.5259e+00 -4.0390e+00 -2.5826e+00
146 +6.057083188e+00 +6.057083188e+00 +5.968970832e+02 +5.968970832e+02 +2.5891e+00 -3.4921e+00 -2.5362e+00
150 +2.688942693e+00 +2.688942693e+00 +5.935289427e+02 +5.935289427e+02 +2.0966e+00 -4.2847e+00 -3.2627e+00
151 +7.531006473e-01 +7.531006473e-01 +5.915931006e+02 +5.915931006e+02 +1.7580e+00 -2.9641e+00 -3.0550e+00
260 +6.157408492e-01 +6.157408492e-01 +5.914557408e+02 +5.914557408e+02 +1.7479e+00 -3.5715e+00 -3.3005e+00
264 +3.685710728e-01 +3.685710728e-01 +5.912085711e+02 +5.912085711e+02 +1.6865e+00 -3.5353e+00 -3.3757e+00
282 +2.402818826e-01 +2.402818826e-01 +5.910802819e+02 +5.910802819e+02 +1.6480e+00 -3.3207e+00 -3.3476e+00
297 +1.394913049e-01 +1.394913049e-01 +5.909794913e+02 +5.909794913e+02 +1.5376e+00 -3.3041e+00 -3.3342e+00
331 +8.393180138e-02 +8.393180138e-02 +5.909239318e+02 +5.909239318e+02 +1.5647e+00 -3.3792e+00 -3.4272e+00
342 +4.314359843e-02 +4.314359843e-02 +5.908831436e+02 +5.908831436e+02 +1.5141e+00 -3.3596e+00 -3.4291e+00
347 +2.594839135e-02 +2.594839135e-02 +5.908659484e+02 +5.908659484e+02 +1.5036e+00 -3.3937e+00 -3.4846e+00
350 +2.363637018e-02 +2.363637018e-02 +5.908636364e+02 +5.908636364e+02 +1.4918e+00 -3.2904e+00 -3.4367e+00
406 +5.326449442e-03 +5.326449442e-03 +5.908453264e+02 +5.908453264e+02 +1.4694e+00 -3.3478e+00 -3.4804e+00
491 +3.465388932e-03 +3.465388932e-03 +5.908434654e+02 +5.908434654e+02 +1.4532e+00 -3.3402e+00 -3.4796e+00
507 +8.565133212e-04 +8.565133212e-04 +5.908408565e+02 +5.908408565e+02 +1.4527e+00 -3.3386e+00 -3.4907e+00
563 +5.847780780e-04 +5.847780780e-04 +5.908405848e+02 +5.908405848e+02 +1.4505e+00 -3.3305e+00 -3.4894e+00
579 +1.447638940e-04 +1.447638940e-04 +5.908401448e+02 +5.908401448e+02 +1.4487e+00 -3.3344e+00 -3.4954e+00
635 +7.149937517e-05 +7.149937517e-05 +5.908400715e+02 +5.908400715e+02 +1.4467e+00 -3.3373e+00 -3.4965e+00
636 +5.276266393e-05 +5.276266393e-05 +5.908400528e+02 +5.908400528e+02 +1.4465e+00 -3.3371e+00 -3.4969e+00
677 +2.940179922e-05 +2.940179922e-05 +5.908400294e+02 +5.908400294e+02 +1.4467e+00 -3.3378e+00 -3.4984e+00
685 +1.353130619e-05 +1.353130619e-05 +5.908400135e+02 +5.908400135e+02 +1.4464e+00 -3.3363e+00 -3.4977e+00
696 +8.070736840e-06 +8.070736840e-06 +5.908400081e+02 +5.908400081e+02 +1.4458e+00 -3.3364e+00 -3.4979e+00
768 +6.123190360e-06 +6.123190360e-06 +5.908400061e+02 +5.908400061e+02 +1.4461e+00 -3.3365e+00 -3.4981e+00
786 +3.114822789e-06 +3.114822789e-06 +5.908400031e+02 +5.908400031e+02 +1.4459e+00 -3.3365e+00 -3.4983e+00
798 +1.651549610e-06 +1.651549610e-06 +5.908400017e+02 +5.908400017e+02 +1.4457e+00 -3.3359e+00 -3.4981e+00
835 +1.117695547e-06 +1.117695547e-06 +5.908400011e+02 +5.908400011e+02 +1.4457e+00 -3.3363e+00 -3.4983e+00
844 +9.069685802e-07 +9.069685802e-07 +5.908400009e+02 +5.908400009e+02 +1.4457e+00 -3.3362e+00 -3.4983e+00
845 +5.791825970e-07 +5.791825970e-07 +5.908400006e+02 +5.908400006e+02 +1.4457e+00 -3.3362e+00 -3.4984e+00
850 +1.877633622e-07 +1.877633622e-07 +5.908400002e+02 +5.908400002e+02 +1.4456e+00 -3.3360e+00 -3.4983e+00
934 +1.000539669e-07 +1.000539669e-07 +5.908400001e+02 +5.908400001e+02 +1.4457e+00 -3.3360e+00 -3.4984e+00
943 +7.280812042e-08 +7.280812042e-08 +5.908400001e+02 +5.908400001e+02 +1.4456e+00 -3.3361e+00 -3.4984e+00
948 +6.686718734e-09 +6.686718734e-09 +5.908400000e+02 +5.908400000e+02 +1.4456e+00 -3.3360e+00 -3.4984e+00
% function evaluation | noise-free fitness - Fopt (-2.019100000000e+02) | best noise-free fitness - Fopt | measured fitness | best measured fitness | x1 | x2...
1 +8.350691868e+04 +8.350691868e+04 +8.330500868e+04 +8.330500868e+04 -3.9906e+00 -1.4400e+00 -1.8627e-03
6 +3.444039018e+04 +3.444039018e+04 +3.423848018e+04 +3.423848018e+04 -6.8258e-01 +5.0488e+00 -9.9573e-01
13 +3.215567287e+01 +3.215567287e+01 -1.697543271e+02 -1.697543271e+02 +2.2182e+00 +3.4059e+00 -5.2135e-01
86 +2.421638461e+01 +2.421638461e+01 -1.776936154e+02 -1.776936154e+02 +1.9856e+00 +3.7018e+00 -1.5903e-01
140 +1.371314875e+01 +1.371314875e+01 -1.881968512e+02 -1.881968512e+02 +7.6486e-01 +2.8661e+00 +1.9969e-01
142 +7.896246098e+00 +7.896246098e+00 -1.940137539e+02 -1.940137539e+02 -3.1588e-02 +2.5181e+00 +1.0187e+00
153 +6.308185715e+00 +6.308185715e+00 -1.956018143e+02 -1.956018143e+02 -2.8786e-01 +2.8136e+00 +1.3942e-01
218 +3.975981000e+00 +3.975981000e+00 -1.979340190e+02 -1.979340190e+02 -1.2284e+00 +2.0052e+00 +1.3285e-01
222 +1.719548195e+00 +1.719548195e+00 -2.001904518e+02 -2.001904518e+02 -1.4288e+00 +1.9109e+00 +6.7577e-01
230 +1.416872717e+00 +1.416872717e+00 -2.004931273e+02 -2.004931273e+02 -1.3537e+00 +2.4302e+00 +8.6613e-01
260 +7.362231638e-01 +7.362231638e-01 -2.011737768e+02 -2.011737768e+02 -1.5930e+00 +1.9215e+00 +9.5414e-01
264 +5.163771519e-01 +5.163771519e-01 -2.013936228e+02 -2.013936228e+02 -1.8180e+00 +1.6447e+00 +1.3985e+00
281 +1.461333615e-01 +1.461333615e-01 -2.017638666e+02 -2.017638666e+02 -1.9021e+00 +1.7783e+00 +1.2318e+00
337 +2.135316028e-02 +2.135316028e-02 -2.018886468e+02 -2.018886468e+02 -2.0914e+00 +1.6642e+00 +1.2470e+00
397 +9.842066127e-03 +9.842066127e-03 -2.019001579e+02 -2.019001579e+02 -2.0981e+00 +1.6409e+00 +1.3050e+00
508 +4.735416559e-03 +4.735416559e-03 -2.019052646e+02 -2.019052646e+02 -2.1231e+00 +1.6366e+00 +1.2908e+00
550 +3.249639119e-03 +3.249639119e-03 -2.019067504e+02 -2.019067504e+02 -2.1217e+00 +1.6323e+00 +1.3112e+00
621 +2.437987531e-03 +2.437987531e-03 -2.019075620e+02 -2.019075620e+02 -2.1233e+00 +1.6472e+00 +1.3040e+00
632 +1.092055446e-03 +1.092055446e-03 -2.019089079e+02 -2.019089079e+02 -2.1346e+00 +1.6298e+00 +1.3105e+00
637 +7.990773005e-04 +7.990773005e-04 -2.019092009e+02 -2.019092009e+02 -2.1327e+00 +1.6319e+00 +1.3161e+00
693 +5.698500517e-04 +5.698500517e-04 -2.019094301e+02 -2.019094301e+02 -2.1341e+00 +1.6317e+00 +1.3158e+00
702 +1.891659365e-04 +1.891659365e-04 -2.019098108e+02 -2.019098108e+02 -2.1401e+00 +1.6275e+00 +1.3195e+00
711 +1.346063109e-04 +1.346063109e-04 -2.019098654e+02 -2.019098654e+02 -2.1409e+00 +1.6281e+00 +1.3185e+00
729 +8.677411347e-05 +8.677411347e-05 -2.019099132e+02 -2.019099132e+02 -2.1410e+00 +1.6285e+00 +1.3196e+00
757 +1.553223279e-05 +1.553223279e-05 -2.019099845e+02 -2.019099845e+02 -2.1435e+00 +1.6271e+00 +1.3206e+00
837 +8.811421765e-06 +8.811421765e-06 -2.019099912e+02 -2.019099912e+02 -2.1437e+00 +1.6271e+00 +1.3211e+00
849 +6.054218062e-06 +6.054218062e-06 -2.019099939e+02 -2.019099939e+02 -2.1440e+00 +1.6270e+00 +1.3209e+00
858 +2.332227893e-06 +2.332227893e-06 -2.019099977e+02 -2.019099977e+02 -2.1444e+00 +1.6266e+00 +1.3212e+00
890 +1.447582861e-06 +1.447582861e-06 -2.019099986e+02 -2.019099986e+02 -2.1445e+00 +1.6267e+00 +1.3213e+00
896 +7.895139333e-07 +7.895139333e-07 -2.019099992e+02 -2.019099992e+02 -2.1445e+00 +1.6266e+00 +1.3214e+00
933 +3.614146635e-07 +3.614146635e-07 -2.019099996e+02 -2.019099996e+02 -2.1446e+00 +1.6265e+00 +1.3215e+00
984 +1.908336174e-07 +1.908336174e-07 -2.019099998e+02 -2.019099998e+02 -2.1447e+00 +1.6265e+00 +1.3215e+00
987 +9.925895483e-08 +9.925895483e-08 -2.019099999e+02 -2.019099999e+02 -2.1447e+00 +1.6264e+00 +1.3216e+00
1039 +6.197160474e-08 +6.197160474e-08 -2.019099999e+02 -2.019099999e+02 -2.1447e+00 +1.6264e+00 +1.3216e+00
1046 +2.483236017e-08 +2.483236017e-08 -2.019100000e+02 -2.019100000e+02 -2.1448e+00 +1.6264e+00 +1.3216e+00
1054 +1.163522256e-08 +1.163522256e-08 -2.019100000e+02 -2.019100000e+02 -2.1448e+00 +1.6264e+00 +1.3216e+00
1070 +5.214218390e-09 +5.214218390e-09 -2.019100000e+02 -2.019100000e+02 -2.1448e+00 +1.6264e+00 +1.3216e+00
% function evaluation | noise-free fitness - Fopt (-6.224000000000e+01) | best noise-free fitness - Fopt | measured fitness | best measured fitness | x1 | x2...
1 +1.944432391e+04 +1.944432391e+04 +1.938208391e+04 +1.938208391e+04 +1.8915e+00 -6.5604e-01 -3.7925e+00
3 +4.319069286e+02 +4.319069286e+02 +3.696669286e+02 +3.696669286e+02 +6.8420e-01 -1.4563e+00 -3.7939e+00
5 +2.142406462e+02 +2.142406462e+02 +1.520006462e+02 +1.520006462e+02 +7.4117e-01 -4.5955e-01 -3.4366e+00
9 +1.115555469e+01 +1.115555469e+01 -5.108444531e+01 -5.108444531e+01 +1.1806e+00 -9.0231e-01 -3.1170e+00
35 +2.478681568e+00 +2.478681568e+00 -5.976131843e+01 -5.976131843e+01 +1.4453e+00 +4.3261e-01 -2.7827e+00
101 +1.419349970e+00 +1.419349970e+00 -6.082065003e+01 -6.082065003e+01 +1.4021e+00 +7.9097e-01 -2.7425e+00
115 +8.476074685e-01 +8.476074685e-01 -6.139239253e+01 -6.139239253e+01 +1.2864e+00 +1.0808e+00 -2.9262e+00
122 +5.323319513e-01 +5.323319513e-01 -6.170766805e+01 -6.170766805e+01 +1.2606e+00 +1.1103e+00 -3.1922e+00
152 +3.945039048e-01 +3.945039048e-01 -6.184549610e+01 -6.184549610e+01 +1.2605e+00 +1.2869e+00 -3.1930e+00
190 +1.033057042e-01 +1.033057042e-01 -6.213669430e+01 -6.213669430e+01 +1.2228e+00 +1.3873e+00 -3.4727e+00
191 +8.386504990e-02 +8.386504990e-02 -6.215613495e+01 -6.215613495e+01 +1.1942e+00 +1.4273e+00 -3.4945e+00
236 +4.266720120e-02 +4.266720120e-02 -6.219733280e+01 -6.219733280e+01 +1.1587e+00 +1.4371e+00 -3.6712e+00
240 +3.041577644e-02 +3.041577644e-02 -6.220958422e+01 -6.220958422e+01 +1.1689e+00 +1.4840e+00 -3.6111e+00
251 +9.228315343e-03 +9.228315343e-03 -6.223077168e+01 -6.223077168e+01 +1.1876e+00 +1.5082e+00 -3.6410e+00
332 +4.799513213e-03 +4.799513213e-03 -6.223520049e+01 -6.223520049e+01 +1.1775e+00 +1.5091e+00 -3.6869e+00
360 +2.369737723e-03 +2.369737723e-03 -6.223763026e+01 -6.223763026e+01 +1.1871e+00 +1.5319e+00 -3.6769e+00
412 +1.254128673e-03 +1.254128673e-03 -6.223874587e+01 -6.223874587e+01 +1.1785e+00 +1.5327e+00 -3.6858e+00
415 +4.951813024e-04 +4.951813024e-04 -6.223950482e+01 -6.223950482e+01 +1.1807e+00 +1.5383e+00 -3.6945e+00
430 +2.852954781e-04 +2.852954781e-04 -6.223971470e+01 -6.223971470e+01 +1.1775e+00 +1.5385e+00 -3.7005e+00
464 +1.609191781e-04 +1.609191781e-04 -6.223983908e+01 -6.223983908e+01 +1.1789e+00 +1.5433e+00 -3.6970e+00
467 +1.500018667e-04 +1.500018667e-04 -6.223985000e+01 -6.223985000e+01 +1.1755e+00 +1.5445e+00 -3.7004e+00
480 +3.473100363e-05 +3.473100363e-05 -6.223996527e+01 -6.223996527e+01 +1.1764e+00 +1.5445e+00 -3.7024e+00
569 +8.608820416e-06 +8.608820416e-06 -6.223999139e+01 -6.223999139e+01 +1.1767e+00 +1.5456e+00 -3.7031e+00
583 +1.733256958e-06 +1.733256958e-06 -6.223999827e+01 -6.223999827e+01 +1.1768e+00 +1.5461e+00 -3.7036e+00
639 +6.516175546e-07 +6.516175546e-07 -6.223999935e+01 -6.223999935e+01 +1.1768e+00 +1.5463e+00 -3.7038e+00
702 +5.011595547e-07 +5.011595547e-07 -6.223999950e+01 -6.223999950e+01 +1.1769e+00 +1.5462e+00 -3.7038e+00
720 +2.191896726e-07 +2.191896726e-07 -6.223999978e+01 -6.223999978e+01 +1.1768e+00 +1.5463e+00 -3.7040e+00
724 +1.004330841e-07 +1.004330841e-07 -6.223999990e+01 -6.223999990e+01 +1.1768e+00 +1.5463e+00 -3.7039e+00
730 +9.700603698e-08 +9.700603698e-08 -6.223999990e+01 -6.223999990e+01 +1.1768e+00 +1.5464e+00 -3.7039e+00
780 +6.018377263e-08 +6.018377263e-08 -6.223999994e+01 -6.223999994e+01 +1.1768e+00 +1.5463e+00 -3.7039e+00
793 +3.504698043e-08 +3.504698043e-08 -6.223999996e+01 -6.223999996e+01 +1.1768e+00 +1.5463e+00 -3.7040e+00
810 +2.313968395e-08 +2.313968395e-08 -6.223999998e+01 -6.223999998e+01 +1.1768e+00 +1.5464e+00 -3.7040e+00
853 +9.496069708e-09 +9.496069708e-09 -6.223999999e+01 -6.223999999e+01 +1.1768e+00 +1.5464e+00 -3.7040e+00
% function evaluation | noise-free fitness - Fopt (3.960000000000e+01) | best noise-free fitness - Fopt | measured fitness | best measured fitness | x1 | x2...
1 +1.916884637e+05 +1.916884637e+05 +1.917280637e+05 +1.917280637e+05 +4.4274e-01 +1.8993e+00 +3.0205e+00
2 +5.050601448e+04 +5.050601448e+04 +5.054561448e+04 +5.054561448e+04 +1.9859e+00 +2.8232e+00 -1.3528e+00
3 +3.382879174e+04 +3.382879174e+04 +3.386839174e+04 +3.386839174e+04 +3.0640e+00 +4.5055e+00 +1.5483e+00
6 +1.710351116e+04 +1.710351116e+04 +1.714311116e+04 +1.714311116e+04 +1.9930e+00 +4.4186e-01 -3.8981e-01
8 +4.092518758e+03 +4.092518758e+03 +4.132118758e+03 +4.132118758e+03 +4.1491e+00 +2.5163e+00 +4.8326e+00
11 +1.013711177e+03 +1.013711177e+03 +1.053311177e+03 +1.053311177e+03 +3.1309e+00 +1.4670e+00 +2.8640e+00
15 +4.993187893e+01 +4.993187893e+01 +8.953187893e+01 +8.953187893e+01 +4.6362e+00 -5.9998e-02 +4.4772e+00
26 +2.854893362e+01 +2.854893362e+01 +6.814893362e+01 +6.814893362e+01 +4.6914e+00 +1.4697e+00 +2.8168e+00
36 +2.221663240e+01 +2.221663240e+01 +6.181663240e+01 +6.181663240e+01 +4.2688e+00 +1.3367e+00 +1.5969e+00
58 +1.260765650e+01 +1.260765650e+01 +5.220765650e+01 +5.220765650e+01 +3.1322e+00 +1.4344e+00 -1.0466e-01
91 +7.870973717e+00 +7.870973717e+00 +4.747097372e+01 +4.747097372e+01 +3.9976e+00 +2.1049e+00 -4.4529e-01
110 +4.325332719e+00 +4.325332719e+00 +4.392533272e+01 +4.392533272e+01 +3.9901e+00 +2.6999e+00 -1.3472e+00
124 +2.718295915e+00 +2.718295915e+00 +4.231829592e+01 +4.231829592e+01 +3.8727e+00 +3.1504e+00 -6.8735e-01
135 +8.990686294e-01 +8.990686294e-01 +4.049906863e+01 +4.049906863e+01 +3.8349e+00 +3.4549e+00 -1.9295e+00
213 +6.164225016e-01 +6.164225016e-01 +4.021642250e+01 +4.021642250e+01 +3.6665e+00 +3.4766e+00 -1.4159e+00
248 +3.862792596e-01 +3.862792596e-01 +3.998627926e+01 +3.998627926e+01 +3.6464e+00 +3.4730e+00 -1.6803e+00
261 +2.488867913e-01 +2.488867913e-01 +3.984888679e+01 +3.984888679e+01 +3.6200e+00 +3.6154e+00 -1.5981e+00
287 +1.280239813e-01 +1.280239813e-01 +3.972802398e+01 +3.972802398e+01 +3.6259e+00 +3.6534e+00 -1.7678e+00
290 +7.268177056e-02 +7.268177056e-02 +3.967268177e+01 +3.967268177e+01 +3.6203e+00 +3.6895e+00 -1.8426e+00
301 +4.355996513e-02 +4.355996513e-02 +3.964355997e+01 +3.964355997e+01 +3.6345e+00 +3.7089e+00 -1.9584e+00
316 +2.654325228e-02 +2.654325228e-02 +3.962654325e+01 +3.962654325e+01 +3.6361e+00 +3.7523e+00 -2.0104e+00
317 +2.239998316e-02 +2.239998316e-02 +3.962239998e+01 +3.962239998e+01 +3.6261e+00 +3.7418e+00 -1.9642e+00
329 +1.171005694e-02 +1.171005694e-02 +3.961171006e+01 +3.961171006e+01 +3.6188e+00 +3.7607e+00 -1.9629e+00
385 +5.469806922e-03 +5.469806922e-03 +3.960546981e+01 +3.960546981e+01 +3.6043e+00 +3.7621e+00 -1.9726e+00
413 +1.509884285e-03 +1.509884285e-03 +3.960150988e+01 +3.960150988e+01 +3.6046e+00 +3.7793e+00 -2.0072e+00
448 +2.874663963e-04 +2.874663963e-04 +3.960028747e+01 +3.960028747e+01 +3.6027e+00 +3.7873e+00 -2.0057e+00
485 +1.259958815e-04 +1.259958815e-04 +3.960012600e+01 +3.960012600e+01 +3.6014e+00 +3.7904e+00 -2.0020e+00
544 +4.799286199e-05 +4.799286199e-05 +3.960004799e+01 +3.960004799e+01 +3.6018e+00 +3.7913e+00 -2.0059e+00
563 +1.824064341e-05 +1.824064341e-05 +3.960001824e+01 +3.960001824e+01 +3.6015e+00 +3.7922e+00 -2.0072e+00
577 +8.726858567e-06 +8.726858567e-06 +3.960000873e+01 +3.960000873e+01 +3.6016e+00 +3.7927e+00 -2.0064e+00
625 +2.947757409e-06 +2.947757409e-06 +3.960000295e+01 +3.960000295e+01 +3.6016e+00 +3.7933e+00 -2.0065e+00
696 +6.029926354e-07 +6.029926354e-07 +3.960000060e+01 +3.960000060e+01 +3.6017e+00 +3.7934e+00 -2.0072e+00
714 +3.687299071e-07 +3.687299071e-07 +3.960000037e+01 +3.960000037e+01 +3.6017e+00 +3.7935e+00 -2.0072e+00
759 +1.493919726e-07 +1.493919726e-07 +3.960000015e+01 +3.960000015e+01 +3.6016e+00 +3.7935e+00 -2.0071e+00
767 +5.339055775e-08 +5.339055775e-08 +3.960000005e+01 +3.960000005e+01 +3.6016e+00 +3.7935e+00 -2.0072e+00
807 +3.075292199e-08 +3.075292199e-08 +3.960000003e+01 +3.960000003e+01 +3.6016e+00 +3.7936e+00 -2.0072e+00
811 +1.888724199e-08 +1.888724199e-08 +3.960000002e+01 +3.960000002e+01 +3.6016e+00 +3.7936e+00 -2.0072e+00
828 +5.730775854e-09 +5.730775854e-09 +3.960000001e+01 +3.960000001e+01 +3.6016e+00 +3.7936e+00 -2.0072e+00
% function evaluation | noise-free fitness - Fopt (-7.494000000000e+01) | best noise-free fitness - Fopt | measured fitness | best measured fitness | x1 | x2...
1 +5.659571988e+05 +5.659571988e+05 +5.658822588e+05 +5.658822588e+05 +2.5838e+00 -3.5204e+00 -2.3123e+00
8 +3.168488749e+05 +3.168488749e+05 +3.167739349e+05 +3.167739349e+05 +4.3023e+00 -3.2323e+00 -6.8801e+00
11 +7.731344961e+04 +7.731344961e+04 +7.723850961e+04 +7.723850961e+04 +2.0216e+00 -6.0307e+00 -6.6112e+00
14 +3.042192462e+04 +3.042192462e+04 +3.034698462e+04 +3.034698462e+04 +1.5720e+00 -5.3953e+00 -7.4613e+00
21 +8.559165169e+03 +8.559165169e+03 +8.484225169e+03 +8.484225169e+03 +8.3130e-01 -3.9400e+00 -7.6917e+00
31 +1.969239877e+01 +1.969239877e+01 -5.524760123e+01 -5.524760123e+01 -2.3816e+00 -1.7693e+00 -5.5615e+00
70 +6.143311385e+00 +6.143311385e+00 -6.879668862e+01 -6.879668862e+01 -3.4786e+00 -2.0286e+00 -4.1062e+00
126 +1.443792912e+00 +1.443792912e+00 -7.349620709e+01 -7.349620709e+01 -2.6458e+00 -2.3834e+00 -4.0223e+00
180 +9.452330322e-01 +9.452330322e-01 -7.399476697e+01 -7.399476697e+01 -2.6728e+00 -2.7589e+00 -3.9487e+00
249 +5.568239583e-01 +5.568239583e-01 -7.438317604e+01 -7.438317604e+01 -2.7475e+00 -2.6057e+00 -3.8047e+00
256 +3.879086200e-01 +3.879086200e-01 -7.455209138e+01 -7.455209138e+01 -2.9962e+00 -2.4484e+00 -3.6485e+00
265 +2.145418406e-01 +2.145418406e-01 -7.472545816e+01 -7.472545816e+01 -3.0574e+00 -2.3972e+00 -3.5314e+00
270 +1.413521183e-01 +1.413521183e-01 -7.479864788e+01 -7.479864788e+01 -2.8836e+00 -2.4975e+00 -3.5971e+00
284 +4.588656638e-02 +4.588656638e-02 -7.489411343e+01 -7.489411343e+01 -3.0074e+00 -2.4585e+00 -3.4784e+00
297 +2.485793412e-02 +2.485793412e-02 -7.491514207e+01 -7.491514207e+01 -2.9328e+00 -2.5369e+00 -3.5111e+00
374 +5.303106328e-03 +5.303106328e-03 -7.493469689e+01 -7.493469689e+01 -2.9556e+00 -2.5408e+00 -3.4717e+00
392 +3.193172156e-03 +3.193172156e-03 -7.493680683e+01 -7.493680683e+01 -2.9396e+00 -2.5497e+00 -3.4717e+00
427 +2.388090452e-03 +2.388090452e-03 -7.493761191e+01 -7.493761191e+01 -2.9514e+00 -2.5311e+00 -3.4651e+00
428 +1.476742406e-03 +1.476742406e-03 -7.493852326e+01 -7.493852326e+01 -2.9614e+00 -2.5176e+00 -3.4542e+00
459 +5.100929533e-04 +5.100929533e-04 -7.493948991e+01 -7.493948991e+01 -2.9501e+00 -2.5339e+00 -3.4579e+00
510 +3.435135238e-04 +3.435135238e-04 -7.493965649e+01 -7.493965649e+01 -2.9500e+00 -2.5359e+00 -3.4567e+00
517 +2.306826172e-04 +2.306826172e-04 -7.493976932e+01 -7.493976932e+01 -2.9539e+00 -2.5341e+00 -3.4542e+00
534 +9.241567422e-05 +9.241567422e-05 -7.493990758e+01 -7.493990758e+01 -2.9562e+00 -2.5320e+00 -3.4511e+00
536 +1.720522090e-05 +1.720522090e-05 -7.493998279e+01 -7.493998279e+01 -2.9549e+00 -2.5315e+00 -3.4510e+00
577 +9.821936544e-07 +9.821936544e-07 -7.493999902e+01 -7.493999902e+01 -2.9545e+00 -2.5312e+00 -3.4506e+00
741 +1.881670357e-07 +1.881670357e-07 -7.493999981e+01 -7.493999981e+01 -2.9544e+00 -2.5312e+00 -3.4505e+00
809 +9.588487160e-08 +9.588487160e-08 -7.493999990e+01 -7.493999990e+01 -2.9544e+00 -2.5312e+00 -3.4505e+00
832 +6.041774725e-08 +6.041774725e-08 -7.493999994e+01 -7.493999994e+01 -2.9544e+00 -2.5311e+00 -3.4504e+00
842 +3.120982228e-08 +3.120982228e-08 -7.493999997e+01 -7.493999997e+01 -2.9544e+00 -2.5312e+00 -3.4504e+00
861 +1.699564223e-08 +1.699564223e-08 -7.493999998e+01 -7.493999998e+01 -2.9544e+00 -2.5312e+00 -3.4504e+00
874 +1.365340552e-08 +1.365340552e-08 -7.493999999e+01 -7.493999999e+01 -2.9544e+00 -2.5312e+00 -3.4504e+00
881 +5.738868936e-09 +5.738868936e-09 -7.493999999e+01 -7.493999999e+01 -2.9544e+00 -2.5312e+00 -3.4504e+00
% function evaluation | noise-free fitness - Fopt (4.838000000000e+01) | best noise-free fitness - Fopt | measured fitness | best measured fitness | x1 | x2...
1 +3.160846722e+05 +3.160846722e+05 +3.161330522e+05 +3.161330522e+05 +3.5053e+00 -1.2068e-01 +6.2800e-01
3 +6.363941382e+04 +6.363941382e+04 +6.368779382e+04 +6.368779382e+04 -1.1619e+00 +7.6031e-01 +2.8757e+00
9 +4.129809569e+04 +4.129809569e+04 +4.134647569e+04 +4.134647569e+04 +5.7452e-01 -1.8878e+00 -8.0981e-01
16 +8.785157599e+01 +8.785157599e+01 +1.362315760e+02 +1.362315760e+02 -3.4259e+00 -6.7133e-01 +8.8244e-01
22 +9.883946630e+00 +9.883946630e+00 +5.826394663e+01 +5.826394663e+01 -1.4239e+00 +6.1545e-01 -1.3950e+00
133 +3.835037466e+00 +3.835037466e+00 +5.221503747e+01 +5.221503747e+01 -1.8241e+00 +2.0231e+00 -2.4318e+00
162 +1.376395142e+00 +1.376395142e+00 +4.975639514e+01 +4.975639514e+01 -1.8340e+00 +2.8109e+00 -2.4837e+00
177 +6.400989464e-01 +6.400989464e-01 +4.902009895e+01 +4.902009895e+01 -1.5573e+00 +2.6437e+00 -2.1724e+00
181 +1.519894840e-01 +1.519894840e-01 +4.853198948e+01 +4.853198948e+01 -1.5623e+00 +2.9253e+00 -2.3998e+00
217 +6.947747296e-02 +6.947747296e-02 +4.844947747e+01 +4.844947747e+01 -1.5101e+00 +2.8829e+00 -2.4477e+00
237 +4.235281419e-02 +4.235281419e-02 +4.842235281e+01 +4.842235281e+01 -1.4254e+00 +2.7456e+00 -2.3164e+00
253 +1.665158082e-02 +1.665158082e-02 +4.839665158e+01 +4.839665158e+01 -1.4239e+00 +2.7798e+00 -2.3715e+00
323 +1.399385488e-02 +1.399385488e-02 +4.839399385e+01 +4.839399385e+01 -1.4200e+00 +2.7829e+00 -2.3513e+00
341 +8.871667135e-03 +8.871667135e-03 +4.838887167e+01 +4.838887167e+01 -1.4253e+00 +2.8019e+00 -2.3586e+00
377 +4.501944195e-03 +4.501944195e-03 +4.838450194e+01 +4.838450194e+01 -1.4385e+00 +2.8450e+00 -2.3817e+00
392 +3.086468168e-03 +3.086468168e-03 +4.838308647e+01 +4.838308647e+01 -1.4382e+00 +2.8517e+00 -2.3804e+00
419 +2.454176476e-03 +2.454176476e-03 +4.838245418e+01 +4.838245418e+01 -1.4297e+00 +2.8368e+00 -2.3667e+00
432 +1.164132628e-03 +1.164132628e-03 +4.838116413e+01 +4.838116413e+01 -1.4241e+00 +2.8355e+00 -2.3783e+00
433 +9.247683830e-04 +9.247683830e-04 +4.838092477e+01 +4.838092477e+01 -1.4253e+00 +2.8373e+00 -2.3709e+00
452 +3.004353231e-04 +3.004353231e-04 +4.838030044e+01 +4.838030044e+01 -1.4237e+00 +2.8414e+00 -2.3742e+00
513 +1.477947713e-04 +1.477947713e-04 +4.838014779e+01 +4.838014779e+01 -1.4218e+00 +2.8409e+00 -2.3695e+00
561 +3.177139893e-05 +3.177139893e-05 +4.838003177e+01 +4.838003177e+01 -1.4219e+00 +2.8441e+00 -2.3721e+00
562 +1.351228137e-05 +1.351228137e-05 +4.838001351e+01 +4.838001351e+01 -1.4219e+00 +2.8450e+00 -2.3719e+00
606 +5.867524820e-06 +5.867524820e-06 +4.838000587e+01 +4.838000587e+01 -1.4220e+00 +2.8454e+00 -2.3713e+00
657 +3.758088816e-06 +3.758088816e-06 +4.838000376e+01 +4.838000376e+01 -1.4218e+00 +2.8453e+00 -2.3714e+00
686 +1.823201949e-06 +1.823201949e-06 +4.838000182e+01 +4.838000182e+01 -1.4216e+00 +2.8452e+00 -2.3710e+00
707 +9.018666631e-07 +9.018666631e-07 +4.838000090e+01 +4.838000090e+01 -1.4217e+00 +2.8455e+00 -2.3711e+00
748 +5.926521638e-07 +5.926521638e-07 +4.838000059e+01 +4.838000059e+01 -1.4217e+00 +2.8455e+00 -2.3713e+00
754 +3.248135272e-07 +3.248135272e-07 +4.838000032e+01 +4.838000032e+01 -1.4217e+00 +2.8456e+00 -2.3713e+00
765 +9.866879225e-08 +9.866879225e-08 +4.838000010e+01 +4.838000010e+01 -1.4216e+00 +2.8456e+00 -2.3712e+00
840 +5.502937483e-08 +5.502937483e-08 +4.838000006e+01 +4.838000006e+01 -1.4216e+00 +2.8455e+00 -2.3712e+00
853 +3.628041867e-08 +3.628041867e-08 +4.838000004e+01 +4.838000004e+01 -1.4216e+00 +2.8456e+00 -2.3712e+00
887 +1.505303970e-08 +1.505303970e-08 +4.838000002e+01 +4.838000002e+01 -1.4216e+00 +2.8456e+00 -2.3712e+00
893 +5.204675801e-09 +5.204675801e-09 +4.838000001e+01 +4.838000001e+01 -1.4216e+00 +2.8456e+00 -2.3712e+00
% function evaluation | noise-free fitness - Fopt (-9.325000000000e+01) | best noise-free fitness - Fopt | measured fitness | best measured fitness | x1 | x2...
1 +4.921846131e+05 +4.921846131e+05 +4.920913631e+05 +4.920913631e+05 -8.8511e-01 +3.7608e+00 -2.1267e+00
2 +3.245454463e+05 +3.245454463e+05 +3.244521963e+05 +3.244521963e+05 +1.2638e+00 +2.0789e+00 +9.5166e-02
9 +2.111967502e+05 +2.111967502e+05 +2.111035002e+05 +2.111035002e+05 -2.3561e+00 +4.8805e-01 -4.5837e+00
13 +3.600068732e+04 +3.600068732e+04 +3.590743732e+04 +3.590743732e+04 -3.8435e+00 -3.5804e+00 -2.8884e+00
18 +2.036453387e+03 +2.036453387e+03 +1.943203387e+03 +1.943203387e+03 -9.4773e-01 -5.3418e+00 -3.0765e+00
23 +8.274621217e+02 +8.274621217e+02 +7.342121217e+02 +7.342121217e+02 -1.9490e+00 -1.3775e+01 -3.2428e+00
32 +5.223003203e+02 +5.223003203e+02 +4.290503203e+02 +4.290503203e+02 +2.0111e-01 -1.0856e+01 -3.7216e+00
56 +2.020256286e+02 +2.020256286e+02 +1.087756286e+02 +1.087756286e+02 -8.8953e-01 -8.2711e+00 +7.6512e+00
89 +6.341563747e+01 +6.341563747e+01 -2.983436253e+01 -2.983436253e+01 +2.7232e+00 -6.1232e+00 +4.8393e+00
126 +6.287985753e+01 +6.287985753e+01 -3.037014247e+01 -3.037014247e+01 +4.6014e+00 -5.7679e+00 +7.7390e+00
144 +3.118537939e+01 +3.118537939e+01 -6.206462061e+01 -6.206462061e+01 +3.3338e+00 -4.6370e+00 +4.6363e+00
165 +1.533372089e+01 +1.533372089e+01 -7.791627911e+01 -7.791627911e+01 +2.6152e+00 -3.2886e+00 +4.0083e+00
187 +6.444779519e+00 +6.444779519e+00 -8.680522048e+01 -8.680522048e+01 +1.0472e+00 -2.4686e+00 +3.3360e+00
223 +4.438205683e+00 +4.438205683e+00 -8.881179432e+01 -8.881179432e+01 -1.0829e+00 -2.2576e+00 +2.5016e+00
257 +2.659286801e+00 +2.659286801e+00 -9.059071320e+01 -9.059071320e+01 -5.3000e-05 -2.1444e+00 +2.3948e+00
262 +1.904604561e+00 +1.904604561e+00 -9.134539544e+01 -9.134539544e+01 -9.4241e-02 -2.0023e+00 +2.7095e+00
270 +1.370209233e+00 +1.370209233e+00 -9.187979077e+01 -9.187979077e+01 -8.6154e-01 -1.9075e+00 +2.5261e+00
311 +7.302462447e-01 +7.302462447e-01 -9.251975376e+01 -9.251975376e+01 -8.2608e-01 -1.7655e+00 +2.2774e+00
319 +2.731525153e-01 +2.731525153e-01 -9.297684748e+01 -9.297684748e+01 -9.5242e-01 -1.5739e+00 +2.1059e+00
382 +1.325213271e-01 +1.325213271e-01 -9.311747867e+01 -9.311747867e+01 -9.5197e-01 -1.5175e+00 +2.2097e+00
418 +7.427599101e-02 +7.427599101e-02 -9.317572401e+01 -9.317572401e+01 -1.0823e+00 -1.4657e+00 +2.2233e+00
433 +4.504221445e-02 +4.504221445e-02 -9.320495779e+01 -9.320495779e+01 -1.1476e+00 -1.4495e+00 +2.1388e+00
434 +3.209825751e-02 +3.209825751e-02 -9.321790174e+01 -9.321790174e+01 -1.0816e+00 -1.4352e+00 +2.1727e+00
462 +2.452621872e-02 +2.452621872e-02 -9.322547378e+01 -9.322547378e+01 -1.1526e+00 -1.4215e+00 +2.1598e+00
483 +8.887672140e-03 +8.887672140e-03 -9.324111233e+01 -9.324111233e+01 -1.1455e+00 -1.4006e+00 +2.1368e+00
508 +4.678607549e-03 +4.678607549e-03 -9.324532139e+01 -9.324532139e+01 -1.1592e+00 -1.3944e+00 +2.1123e+00
512 +2.520287488e-03 +2.520287488e-03 -9.324747971e+01 -9.324747971e+01 -1.1697e+00 -1.3845e+00 +2.1124e+00
517 +2.484666024e-03 +2.484666024e-03 -9.324751533e+01 -9.324751533e+01 -1.1738e+00 -1.3722e+00 +2.0925e+00
581 +7.513113026e-04 +7.513113026e-04 -9.324924869e+01 -9.324924869e+01 -1.1655e+00 -1.3789e+00 +2.1020e+00
613 +5.056894255e-04 +5.056894255e-04 -9.324949431e+01 -9.324949431e+01 -1.1693e+00 -1.3767e+00 +2.1012e+00
622 +2.534827974e-04 +2.534827974e-04 -9.324974652e+01 -9.324974652e+01 -1.1688e+00 -1.3748e+00 +2.0962e+00
685 +6.888987227e-05 +6.888987227e-05 -9.324993111e+01 -9.324993111e+01 -1.1741e+00 -1.3727e+00 +2.0947e+00
759 +4.672498629e-05 +4.672498629e-05 -9.324995328e+01 -9.324995328e+01 -1.1739e+00 -1.3723e+00 +2.0939e+00
769 +1.283731578e-05 +1.283731578e-05 -9.324998716e+01 -9.324998716e+01 -1.1750e+00 -1.3712e+00 +2.0930e+00
814 +6.472542438e-06 +6.472542438e-06 -9.324999353e+01 -9.324999353e+01 -1.1756e+00 -1.3709e+00 +2.0936e+00
865 +5.865275284e-06 +5.865275284e-06 -9.324999413e+01 -9.324999413e+01 -1.1759e+00 -1.3708e+00 +2.0935e+00
905 +1.738084237e-06 +1.738084237e-06 -9.324999826e+01 -9.324999826e+01 -1.1761e+00 -1.3706e+00 +2.0929e+00
929 +1.084493121e-06 +1.084493121e-06 -9.324999892e+01 -9.324999892e+01 -1.1759e+00 -1.3706e+00 +2.0931e+00
934 +9.687000926e-07 +9.687000926e-07 -9.324999903e+01 -9.324999903e+01 -1.1757e+00 -1.3706e+00 +2.0929e+00
984 +5.433463031e-07 +5.433463031e-07 -9.324999946e+01 -9.324999946e+01 -1.1759e+00 -1.3706e+00 +2.0929e+00
989 +8.939203155e-08 +8.939203155e-08 -9.324999991e+01 -9.324999991e+01 -1.1760e+00 -1.3704e+00 +2.0928e+00
1141 +4.961022171e-08 +4.961022171e-08 -9.324999995e+01 -9.324999995e+01 -1.1759e+00 -1.3704e+00 +2.0928e+00
1150 +2.791328768e-08 +2.791328768e-08 -9.324999997e+01 -9.324999997e+01 -1.1760e+00 -1.3704e+00 +2.0928e+00
1153 +9.545075841e-09 +9.545075841e-09 -9.324999999e+01 -9.324999999e+01 -1.1760e+00 -1.3704e+00 +2.0928e+00
% function evaluation | noise-free fitness - Fopt (9.232000000000e+01) | best noise-free fitness - Fopt | measured fitness | best measured fitness | x1 | x2...
1 +8.318219001e+03 +8.318219001e+03 +8.410539001e+03 +8.410539001e+03 +8.3170e-01 -2.0974e+00 +3.8225e+00
4 +1.516582324e+02 +1.516582324e+02 +2.439782324e+02 +2.439782324e+02 -3.0467e+00 +3.3528e-01 +1.0831e+00
8 +6.035674712e+01 +6.035674712e+01 +1.526767471e+02 +1.526767471e+02 +1.3396e+00 +5.6598e-01 +3.3346e+00
12 +3.278642897e+01 +3.278642897e+01 +1.251064290e+02 +1.251064290e+02 +4.8591e-01 +2.7384e+00 +2.2055e+00
40 +2.437552677e+00 +2.437552677e+00 +9.475755268e+01 +9.475755268e+01 +2.9425e+00 +3.6980e+00 +2.7538e+00
86 +4.532713822e-01 +4.532713822e-01 +9.277327138e+01 +9.277327138e+01 +2.6680e+00 +3.7008e+00 +2.0406e+00
271 +3.553314610e-01 +3.553314610e-01 +9.267533146e+01 +9.267533146e+01 +2.5181e+00 +3.8752e+00 +1.8924e+00
296 +2.210903241e-01 +2.210903241e-01 +9.254109032e+01 +9.254109032e+01 +2.4574e+00 +3.7179e+00 +1.7649e+00
302 +7.840125422e-02 +7.840125422e-02 +9.239840125e+01 +9.239840125e+01 +2.3534e+00 +3.7146e+00 +1.5215e+00
394 +4.177536251e-02 +4.177536251e-02 +9.236177536e+01 +9.236177536e+01 +2.4456e+00 +3.6803e+00 +1.6038e+00
404 +2.998098312e-03 +2.998098312e-03 +9.232299810e+01 +9.232299810e+01 +2.4310e+00 +3.7054e+00 +1.5304e+00
437 +2.129586064e-03 +2.129586064e-03 +9.232212959e+01 +9.232212959e+01 +2.4339e+00 +3.6958e+00 +1.5274e+00
493 +1.356116256e-03 +1.356116256e-03 +9.232135612e+01 +9.232135612e+01 +2.4421e+00 +3.6910e+00 +1.5308e+00
508 +9.841182528e-04 +9.841182528e-04 +9.232098412e+01 +9.232098412e+01 +2.4360e+00 +3.6968e+00 +1.5249e+00
517 +5.776981543e-04 +5.776981543e-04 +9.232057770e+01 +9.232057770e+01 +2.4364e+00 +3.6928e+00 +1.5201e+00
566 +2.759250205e-04 +2.759250205e-04 +9.232027593e+01 +9.232027593e+01 +2.4395e+00 +3.6972e+00 +1.5240e+00
568 +5.210710371e-05 +5.210710371e-05 +9.232005211e+01 +9.232005211e+01 +2.4423e+00 +3.6977e+00 +1.5233e+00
699 +3.894523833e-05 +3.894523833e-05 +9.232003895e+01 +9.232003895e+01 +2.4406e+00 +3.6973e+00 +1.5215e+00
731 +2.018205713e-05 +2.018205713e-05 +9.232002018e+01 +9.232002018e+01 +2.4407e+00 +3.6980e+00 +1.5213e+00
755 +1.094590016e-05 +1.094590016e-05 +9.232001095e+01 +9.232001095e+01 +2.4402e+00 +3.6978e+00 +1.5202e+00
765 +3.918229510e-06 +3.918229510e-06 +9.232000392e+01 +9.232000392e+01 +2.4407e+00 +3.6977e+00 +1.5205e+00
797 +1.733283170e-06 +1.733283170e-06 +9.232000173e+01 +9.232000173e+01 +2.4407e+00 +3.6974e+00 +1.5201e+00
831 +8.493764625e-07 +8.493764625e-07 +9.232000085e+01 +9.232000085e+01 +2.4407e+00 +3.6976e+00 +1.5201e+00
886 +2.335627300e-07 +2.335627300e-07 +9.232000023e+01 +9.232000023e+01 +2.4408e+00 +3.6977e+00 +1.5201e+00
917 +2.986203640e-08 +2.986203640e-08 +9.232000003e+01 +9.232000003e+01 +2.4408e+00 +3.6976e+00 +1.5200e+00
1003 +2.348899386e-08 +2.348899386e-08 +9.232000002e+01 +9.232000002e+01 +2.4408e+00 +3.6976e+00 +1.5200e+00
1013 +1.113062353e-08 +1.113062353e-08 +9.232000001e+01 +9.232000001e+01 +2.4408e+00 +3.6976e+00 +1.5200e+00
1019 +3.331678045e-09 +3.331678045e-09 +9.232000000e+01 +9.232000000e+01 +2.4408e+00 +3.6976e+00 +1.5200e+00
% function evaluation | noise-free fitness - Fopt (-1.000000000000e+03) | best noise-free fitness - Fopt | measured fitness | best measured fitness | x1 | x2...
1 +1.227739154e+05 +1.227739154e+05 +1.217739154e+05 +1.217739154e+05 -3.3174e+00 +1.1465e+00 -7.4619e-01
4 +6.648588742e+04 +6.648588742e+04 +6.548588742e+04 +6.548588742e+04 -2.3043e+00 -1.2589e-01 +1.3074e+00
5 +3.580873057e+04 +3.580873057e+04 +3.480873057e+04 +3.480873057e+04 -6.7691e+00 -9.0325e-01 +2.1308e+00
9 +3.332158898e+03 +3.332158898e+03 +2.332158898e+03 +2.332158898e+03 -5.7619e+00 -1.8757e+00 +1.5393e+00
11 +1.124244562e+02 +1.124244562e+02 -8.875755438e+02 -8.875755438e+02 -7.3240e+00 -2.9615e+00 +3.1523e+00
12 +1.759166768e+01 +1.759166768e+01 -9.824083323e+02 -9.824083323e+02 -3.5339e+00 -2.5019e+00 -6.9394e-01
37 +2.046595426e+00 +2.046595426e+00 -9.979534046e+02 -9.979534046e+02 -4.1948e+00 -1.4483e+00 -1.9250e+00
120 +1.158949980e+00 +1.158949980e+00 -9.988410500e+02 -9.988410500e+02 -4.0744e+00 -1.3158e+00 -1.3816e+00
136 +7.099889499e-01 +7.099889499e-01 -9.992900111e+02 -9.992900111e+02 -3.7462e+00 -1.2453e+00 -1.3441e+00
148 +4.668786735e-01 +4.668786735e-01 -9.995331213e+02 -9.995331213e+02 -3.9640e+00 -1.2427e+00 -1.5462e+00
155 +3.716954208e-01 +3.716954208e-01 -9.996283046e+02 -9.996283046e+02 -4.1240e+00 -1.1635e+00 -1.6451e+00
218 +1.250520389e-01 +1.250520389e-01 -9.998749480e+02 -9.998749480e+02 -3.8513e+00 -1.0911e+00 -1.3527e+00
226 +8.636483397e-02 +8.636483397e-02 -9.999136352e+02 -9.999136352e+02 -3.9388e+00 -1.0932e+00 -1.4315e+00
227 +5.249165476e-02 +5.249165476e-02 -9.999475083e+02 -9.999475083e+02 -3.9277e+00 -1.0718e+00 -1.4365e+00
294 +3.075256383e-02 +3.075256383e-02 -9.999692474e+02 -9.999692474e+02 -3.9591e+00 -1.0507e+00 -1.4934e+00
303 +2.327337804e-02 +2.327337804e-02 -9.999767266e+02 -9.999767266e+02 -3.9416e+00 -1.0491e+00 -1.4862e+00
348 +1.508374328e-02 +1.508374328e-02 -9.999849163e+02 -9.999849163e+02 -3.9232e+00 -1.0447e+00 -1.4901e+00
369 +9.488721740e-03 +9.488721740e-03 -9.999905113e+02 -9.999905113e+02 -3.9127e+00 -1.0383e+00 -1.4828e+00
403 +5.585821174e-03 +5.585821174e-03 -9.999944142e+02 -9.999944142e+02 -3.8868e+00 -1.0419e+00 -1.4712e+00
426 +2.523536950e-03 +2.523536950e-03 -9.999974765e+02 -9.999974765e+02 -3.8753e+00 -1.0379e+00 -1.4754e+00
451 +2.273707216e-03 +2.273707216e-03 -9.999977263e+02 -9.999977263e+02 -3.8710e+00 -1.0379e+00 -1.4735e+00
481 +1.557246415e-03 +1.557246415e-03 -9.999984428e+02 -9.999984428e+02 -3.8631e+00 -1.0414e+00 -1.4761e+00
494 +7.362629190e-04 +7.362629190e-04 -9.999992637e+02 -9.999992637e+02 -3.8546e+00 -1.0409e+00 -1.4754e+00
533 +6.170773046e-04 +6.170773046e-04 -9.999993829e+02 -9.999993829e+02 -3.8532e+00 -1.0409e+00 -1.4747e+00
535 +3.658228529e-04 +3.658228529e-04 -9.999996342e+02 -9.999996342e+02 -3.8458e+00 -1.0406e+00 -1.4699e+00
541 +1.875295191e-04 +1.875295191e-04 -9.999998125e+02 -9.999998125e+02 -3.8410e+00 -1.0406e+00 -1.4704e+00
572 +1.051843942e-04 +1.051843942e-04 -9.999998948e+02 -9.999998948e+02 -3.8458e+00 -1.0389e+00 -1.4721e+00
585 +4.602390038e-05 +4.602390038e-05 -9.999999540e+02 -9.999999540e+02 -3.8435e+00 -1.0392e+00 -1.4731e+00
595 +3.128013248e-05 +3.128013248e-05 -9.999999687e+02 -9.999999687e+02 -3.8418e+00 -1.0394e+00 -1.4727e+00
664 +2.084541984e-05 +2.084541984e-05 -9.999999792e+02 -9.999999792e+02 -3.8415e+00 -1.0393e+00 -1.4731e+00
717 +1.043305349e-05 +1.043305349e-05 -9.999999896e+02 -9.999999896e+02 -3.8419e+00 -1.0389e+00 -1.4729e+00
725 +6.544638495e-06 +6.544638495e-06 -9.999999935e+02 -9.999999935e+02 -3.8415e+00 -1.0388e+00 -1.4725e+00
726 +6.004451507e-06 +6.004451507e-06 -9.999999940e+02 -9.999999940e+02 -3.8420e+00 -1.0386e+00 -1.4725e+00
762 +1.713190954e-06 +1.713190954e-06 -9.999999983e+02 -9.999999983e+02 -3.8417e+00 -1.0386e+00 -1.4727e+00
833 +9.000490309e-07 +9.000490309e-07 -9.999999991e+02 -9.999999991e+02 -3.8418e+00 -1.0385e+00 -1.4727e+00
882 +1.911780600e-07 +1.911780600e-07 -9.999999998e+02 -9.999999998e+02 -3.8417e+00 -1.0384e+00 -1.4727e+00
915 +1.292297611e-07 +1.292297611e-07 -9.999999999e+02 -9.999999999e+02 -3.8417e+00 -1.0384e+00 -1.4728e+00
950 +9.267591849e-08 +9.267591849e-08 -9.999999999e+02 -9.999999999e+02 -3.8416e+00 -1.0384e+00 -1.4728e+00
962 +6.084155757e-08 +6.084155757e-08 -9.999999999e+02 -9.999999999e+02 -3.8417e+00 -1.0384e+00 -1.4728e+00
970 +3.035154350e-08 +3.035154350e-08 -1.000000000e+03 -1.000000000e+03 -3.8416e+00 -1.0384e+00 -1.4728e+00
975 +1.571913799e-08 +1.571913799e-08 -1.000000000e+03 -1.000000000e+03 -3.8416e+00 -1.0384e+00 -1.4728e+00
1013 +6.086224857e-09 +6.086224857e-09 -1.000000000e+03 -1.000000000e+03 -3.8416e+00 -1.0384e+00 -1.4728e+00
% function evaluation | noise-free fitness - Fopt (-7.020000000000e+01) | best noise-free fitness - Fopt | measured fitness | best measured fitness | x1 | x2...
1 +9.043843461e+04 +9.043843461e+04 +9.036823461e+04 +9.036823461e+04 +4.8783e-01 -4.3511e-01 +2.8072e+00
3 +2.061032892e+03 +2.061032892e+03 +1.990832892e+03 +1.990832892e+03 -3.2777e+00 -7.4566e-01 -1.7270e+00
12 +7.153469580e+00 +7.153469580e+00 -6.304653042e+01 -6.304653042e+01 -1.6159e+00 -1.0152e+00 -1.5952e+00
106 +1.384830718e+00 +1.384830718e+00 -6.881516928e+01 -6.881516928e+01 -6.3580e-01 -8.4502e-01 -6.7332e-01
202 +5.279874510e-01 +5.279874510e-01 -6.967201255e+01 -6.967201255e+01 -1.1972e+00 -1.4432e+00 -3.3550e-01
237 +2.874768916e-01 +2.874768916e-01 -6.991252311e+01 -6.991252311e+01 -1.0495e+00 -1.3355e+00 -6.1495e-03
243 +1.449580477e-01 +1.449580477e-01 -7.005504195e+01 -7.005504195e+01 -1.0195e+00 -1.4557e+00 -2.2646e-01
268 +9.707970471e-02 +9.707970471e-02 -7.010292030e+01 -7.010292030e+01 -1.0494e+00 -1.4718e+00 -1.7140e-01
288 +4.136148446e-02 +4.136148446e-02 -7.015863852e+01 -7.015863852e+01 -1.0123e+00 -1.4659e+00 -1.0289e-01
301 +1.528873583e-02 +1.528873583e-02 -7.018471126e+01 -7.018471126e+01 -1.0224e+00 -1.4924e+00 -5.3075e-02
359 +9.414939910e-03 +9.414939910e-03 -7.019058506e+01 -7.019058506e+01 -1.0308e+00 -1.4952e+00 -3.0762e-02
372 +4.370291038e-03 +4.370291038e-03 -7.019562971e+01 -7.019562971e+01 -1.0444e+00 -1.5175e+00 -7.6747e-03
415 +3.832180445e-03 +3.832180445e-03 -7.019616782e+01 -7.019616782e+01 -1.0385e+00 -1.5066e+00 +3.3122e-03
425 +1.591175105e-03 +1.591175105e-03 -7.019840882e+01 -7.019840882e+01 -1.0373e+00 -1.5122e+00 +9.2933e-03
428 +6.916041804e-04 +6.916041804e-04 -7.019930840e+01 -7.019930840e+01 -1.0436e+00 -1.5222e+00 +1.4194e-02
436 +5.002738258e-04 +5.002738258e-04 -7.019949973e+01 -7.019949973e+01 -1.0332e+00 -1.5186e+00 +1.0659e-02
475 +2.811403686e-04 +2.811403686e-04 -7.019971886e+01 -7.019971886e+01 -1.0350e+00 -1.5195e+00 +1.3232e-02
508 +2.497866302e-04 +2.497866302e-04 -7.019975021e+01 -7.019975021e+01 -1.0391e+00 -1.5210e+00 +2.0977e-02
526 +1.759018048e-05 +1.759018048e-05 -7.019998241e+01 -7.019998241e+01 -1.0384e+00 -1.5234e+00 +2.0445e-02
615 +1.536115181e-05 +1.536115181e-05 -7.019998464e+01 -7.019998464e+01 -1.0382e+00 -1.5238e+00 +2.0093e-02
618 +7.422594621e-06 +7.422594621e-06 -7.019999258e+01 -7.019999258e+01 -1.0390e+00 -1.5244e+00 +2.0526e-02
621 +4.644802232e-06 +4.644802232e-06 -7.019999536e+01 -7.019999536e+01 -1.0387e+00 -1.5243e+00 +2.0785e-02
664 +2.104291937e-06 +2.104291937e-06 -7.019999790e+01 -7.019999790e+01 -1.0390e+00 -1.5245e+00 +2.1059e-02
670 +8.813279493e-07 +8.813279493e-07 -7.019999912e+01 -7.019999912e+01 -1.0392e+00 -1.5247e+00 +2.1305e-02
713 +2.097123115e-07 +2.097123115e-07 -7.019999979e+01 -7.019999979e+01 -1.0391e+00 -1.5247e+00 +2.1461e-02
814 +1.060411279e-07 +1.060411279e-07 -7.019999989e+01 -7.019999989e+01 -1.0392e+00 -1.5248e+00 +2.1576e-02
886 +7.912613853e-08 +7.912613853e-08 -7.019999992e+01 -7.019999992e+01 -1.0392e+00 -1.5247e+00 +2.1565e-02
905 +5.794088054e-08 +5.794088054e-08 -7.019999994e+01 -7.019999994e+01 -1.0392e+00 -1.5247e+00 +2.1540e-02
914 +3.360445078e-08 +3.360445078e-08 -7.019999997e+01 -7.019999997e+01 -1.0392e+00 -1.5248e+00 +2.1571e-02
933 +1.472933775e-08 +1.472933775e-08 -7.019999999e+01 -7.019999999e+01 -1.0392e+00 -1.5248e+00 +2.1566e-02
977 +8.800952855e-09 +8.800952855e-09 -7.019999999e+01 -7.019999999e+01 -1.0392e+00 -1.5248e+00 +2.1576e-02
% function evaluation | noise-free fitness - Fopt (-4.762000000000e+01) | best noise-free fitness - Fopt | measured fitness | best measured fitness | x1 | x2...
1 +2.736785548e+05 +2.736785548e+05 +2.736309348e+05 +2.736309348e+05 +3.5440e+00 +1.3823e+00 -3.2557e+00
2 +1.574484937e+05 +1.574484937e+05 +1.574008737e+05 +1.574008737e+05 +5.3428e+00 +1.7755e-01 -2.6987e+00
16 +6.311008830e+04 +6.311008830e+04 +6.306246830e+04 +6.306246830e+04 +2.7181e+00 -3.0433e+00 -4.2257e+00
23 +3.109498003e+03 +3.109498003e+03 +3.061878003e+03 +3.061878003e+03 +2.6620e+00 -4.1644e+00 -7.9942e-01
31 +2.330258092e+01 +2.330258092e+01 -2.431741908e+01 -2.431741908e+01 +1.7069e+00 -6.6849e+00 -3.4453e+00
36 +4.469990386e+00 +4.469990386e+00 -4.315000961e+01 -4.315000961e+01 +2.2267e+00 -4.2853e+00 -2.4414e+00
122 +3.907608013e+00 +3.907608013e+00 -4.371239199e+01 -4.371239199e+01 +2.4220e+00 -4.3301e+00 -2.6501e+00
167 +1.463362071e+00 +1.463362071e+00 -4.615663793e+01 -4.615663793e+01 +2.1022e+00 -3.5359e+00 -2.2621e+00
204 +9.963639563e-01 +9.963639563e-01 -4.662363604e+01 -4.662363604e+01 +2.0713e+00 -3.2396e+00 -2.1621e+00
212 +4.654192952e-01 +4.654192952e-01 -4.715458070e+01 -4.715458070e+01 +2.3528e+00 -3.1632e+00 -2.1064e+00
224 +3.245598399e-01 +3.245598399e-01 -4.729544016e+01 -4.729544016e+01 +2.4679e+00 -3.1030e+00 -2.1182e+00
275 +2.174385008e-01 +2.174385008e-01 -4.740256150e+01 -4.740256150e+01 +2.2758e+00 -2.9215e+00 -2.0728e+00
296 +8.803604356e-02 +8.803604356e-02 -4.753196396e+01 -4.753196396e+01 +2.4289e+00 -2.8757e+00 -2.0254e+00
309 +4.507930619e-02 +4.507930619e-02 -4.757492069e+01 -4.757492069e+01 +2.3952e+00 -2.8618e+00 -2.0961e+00
404 +2.195896717e-02 +2.195896717e-02 -4.759804103e+01 -4.759804103e+01 +2.4572e+00 -2.8681e+00 -2.0931e+00
439 +8.719171334e-03 +8.719171334e-03 -4.761128083e+01 -4.761128083e+01 +2.4803e+00 -2.8418e+00 -2.0903e+00
456 +2.307059428e-03 +2.307059428e-03 -4.761769294e+01 -4.761769294e+01 +2.4725e+00 -2.8236e+00 -2.0991e+00
529 +1.509181928e-03 +1.509181928e-03 -4.761849082e+01 -4.761849082e+01 +2.4814e+00 -2.8315e+00 -2.1046e+00
552 +3.582864174e-04 +3.582864174e-04 -4.761964171e+01 -4.761964171e+01 +2.4868e+00 -2.8249e+00 -2.1059e+00
606 +1.502110740e-04 +1.502110740e-04 -4.761984979e+01 -4.761984979e+01 +2.4886e+00 -2.8219e+00 -2.1039e+00
621 +3.922270200e-05 +3.922270200e-05 -4.761996078e+01 -4.761996078e+01 +2.4886e+00 -2.8185e+00 -2.1023e+00
682 +1.581747208e-05 +1.581747208e-05 -4.761998418e+01 -4.761998418e+01 +2.4889e+00 -2.8174e+00 -2.1019e+00
692 +3.160632552e-06 +3.160632552e-06 -4.761999684e+01 -4.761999684e+01 +2.4892e+00 -2.8170e+00 -2.1023e+00
766 +1.372096023e-06 +1.372096023e-06 -4.761999863e+01 -4.761999863e+01 +2.4897e+00 -2.8171e+00 -2.1025e+00
770 +7.077209006e-07 +7.077209006e-07 -4.761999929e+01 -4.761999929e+01 +2.4895e+00 -2.8170e+00 -2.1024e+00
813 +5.305558801e-07 +5.305558801e-07 -4.761999947e+01 -4.761999947e+01 +2.4896e+00 -2.8170e+00 -2.1024e+00
818 +1.964650309e-07 +1.964650309e-07 -4.761999980e+01 -4.761999980e+01 +2.4896e+00 -2.8169e+00 -2.1024e+00
831 +1.426033123e-07 +1.426033123e-07 -4.761999986e+01 -4.761999986e+01 +2.4895e+00 -2.8169e+00 -2.1024e+00
871 +6.576904354e-08 +6.576904354e-08 -4.761999993e+01 -4.761999993e+01 +2.4896e+00 -2.8168e+00 -2.1024e+00
884 +3.755658895e-08 +3.755658895e-08 -4.761999996e+01 -4.761999996e+01 +2.4896e+00 -2.8168e+00 -2.1024e+00
919 +1.672527361e-08 +1.672527361e-08 -4.761999998e+01 -4.761999998e+01 +2.4896e+00 -2.8168e+00 -2.1024e+00
956 +1.052389820e-08 +1.052389820e-08 -4.761999999e+01 -4.761999999e+01 +2.4896e+00 -2.8168e+00 -2.1024e+00
997 +9.115822763e-09 +9.115822763e-09 -4.761999999e+01 -4.761999999e+01 +2.4896e+00 -2.8168e+00 -2.1024e+00
998 +5.865132380e-09 +5.865132380e-09 -4.761999999e+01 -4.761999999e+01 +2.4896e+00 -2.8168e+00 -2.1024e+00
