% function evaluation | noise-free fitness - Fopt (7.627000000000e+01) | best noise-free fitness - Fopt | measured fitness | best measured fitness | x1 | x2...
1 +2.487030257e+07 +2.487030257e+07 +2.487037884e+07 +2.487037884e+07 -2.7473e+00 +3.0442e+00 -1.0570e+00
5 +3.177614420e+06 +3.177614420e+06 +3.177690690e+06 +3.177690690e+06 -2.6869e+00 -4.1921e+00 +3.7527e+00
8 +4.286005638e+05 +4.286005638e+05 +4.286768338e+05 +4.286768338e+05 -4.7660e+00 -1.6196e+00 -4.0699e+00
24 +1.901632119e+04 +1.901632119e+04 +1.909259119e+04 +1.909259119e+04 +2.0822e+00 -1.9070e+00 -3.9420e+00
45 +9.815948112e+02 +9.815948112e+02 +1.057864811e+03 +1.057864811e+03 +5.8008e-01 -2.8157e+00 -2.0800e+00
68 +1.593796413e+02 +1.593796413e+02 +2.356496413e+02 +2.356496413e+02 -1.5102e+00 -2.4891e+00 -2.1897e+00
228 +1.238577779e+02 +1.238577779e+02 +2.001277779e+02 +2.001277779e+02 -6.6143e-01 -2.5071e+00 -2.3035e+00
251 +1.556103840e+01 +1.556103840e+01 +9.183103840e+01 +9.183103840e+01 -1.7004e+00 -2.5723e+00 -2.0128e+00
281 +1.560215188e+00 +1.560215188e+00 +7.783021519e+01 +7.783021519e+01 -2.5717e-01 -2.6853e+00 -2.0762e+00
556 +3.362145645e-01 +3.362145645e-01 +7.660621456e+01 +7.660621456e+01 -1.0977e+00 -2.9014e+00 -1.5994e+00
680 +1.780471428e-01 +1.780471428e-01 +7.644804714e+01 +7.644804714e+01 -5.4818e-01 -3.2819e+00 -1.1058e+00
692 +5.057986307e-02 +5.057986307e-02 +7.632057986e+01 +7.632057986e+01 -8.7675e-01 -3.0806e+00 -1.3604e+00
765 +1.936626755e-02 +1.936626755e-02 +7.628936627e+01 +7.628936627e+01 -1.0403e+00 -3.1917e+00 -1.1612e+00
872 +1.255668174e-03 +1.255668174e-03 +7.627125567e+01 +7.627125567e+01 -9.6503e-01 -3.1537e+00 -1.2328e+00
1076 +4.542152286e-04 +4.542152286e-04 +7.627045422e+01 +7.627045422e+01 -9.5106e-01 -3.1528e+00 -1.2365e+00
1105 +3.729977170e-04 +3.729977170e-04 +7.627037300e+01 +7.627037300e+01 -9.3550e-01 -3.1537e+00 -1.2379e+00
1114 +2.318189747e-04 +2.318189747e-04 +7.627023182e+01 +7.627023182e+01 -9.3467e-01 -3.1511e+00 -1.2420e+00
1201 +7.536790216e-05 +7.536790216e-05 +7.627007537e+01 +7.627007537e+01 -9.3970e-01 -3.1468e+00 -1.2477e+00
1204 +3.940485924e-05 +3.940485924e-05 +7.627003940e+01 +7.627003940e+01 -9.3361e-01 -3.1526e+00 -1.2398e+00
1283 +1.856950615e-05 +1.856950615e-05 +7.627001857e+01 +7.627001857e+01 -9.4015e-01 -3.1514e+00 -1.2405e+00
1311 +1.021723787e-05 +1.021723787e-05 +7.627001022e+01 +7.627001022e+01 -9.3647e-01 -3.1508e+00 -1.2421e+00
1327 +7.204713313e-06 +7.204713313e-06 +7.627000720e+01 +7.627000720e+01 -9.4041e-01 -3.1493e+00 -1.2437e+00
1346 +3.834385240e-06 +3.834385240e-06 +7.627000383e+01 +7.627000383e+01 -9.3945e-01 -3.1511e+00 -1.2412e+00
1484 +1.802964348e-06 +1.802964348e-06 +7.627000180e+01 +7.627000180e+01 -9.3860e-01 -3.1497e+00 -1.2435e+00
1507 +1.113930139e-06 +1.113930139e-06 +7.627000111e+01 +7.627000111e+01 -9.3791e-01 -3.1504e+00 -1.2426e+00
1513 +7.732286775e-07 +7.732286775e-07 +7.627000077e+01 +7.627000077e+01 -9.3881e-01 -3.1500e+00 -1.2429e+00
1520 +4.198104762e-07 +4.198104762e-07 +7.627000042e+01 +7.627000042e+01 -9.3873e-01 -3.1501e+00 -1.2428e+00
1564 +3.283019794e-07 +3.283019794e-07 +7.627000033e+01 +7.627000033e+01 -9.3895e-01 -3.1504e+00 -1.2424e+00
1593 +2.455110604e-07 +2.455110604e-07 +7.627000025e+01 +7.627000025e+01 -9.3830e-01 -3.1506e+00 -1.2421e+00
1621 +1.293420695e-07 +1.293420695e-07 +7.627000013e+01 +7.627000013e+01 -9.3812e-01 -3.1505e+00 -1.2423e+00
1682 +4.471007742e-08 +4.471007742e-08 +7.627000004e+01 +7.627000004e+01 -9.3838e-01 -3.1505e+00 -1.2423e+00
1714 +3.578196583e-08 +3.578196583e-08 +7.627000004e+01 +7.627000004e+01 -9.3859e-01 -3.1504e+00 -1.2424e+00
1734 +3.602380616e-09 +3.602380616e-09 +7.627000000e+01 +7.627000000e+01 -9.3840e-01 -3.1504e+00 -1.2424e+00
% function evaluation | noise-free fitness - Fopt (-2.255000000000e+01) | best noise-free fitness - Fopt | measured fitness | best measured fitness | x1 | x2...
1 +1.759151045e+07 +1.759151045e+07 +1.759148790e+07 +1.759148790e+07 -1.0384e+00 +7.0301e-01 +4.8395e+00
3 +6.578637586e+06 +6.578637586e+06 +6.578615036e+06 +6.578615036e+06 +3.1413e-01 -2.9770e+00 -2.0110e+00
5 +5.215058903e+05 +5.215058903e+05 +5.214833403e+05 +5.214833403e+05 +1.8465e+00 +2.0312e+00 +2.3480e+00
19 +1.175043671e+04 +1.175043671e+04 +1.172788671e+04 +1.172788671e+04 +2.8259e+00 -2.7175e+00 -2.3934e+00
66 +5.427654286e+03 +5.427654286e+03 +5.405104286e+03 +5.405104286e+03 +3.0252e+00 -2.2991e+00 -1.7531e+00
95 +1.333213830e+02 +1.333213830e+02 +1.107713830e+02 +1.107713830e+02 +2.1327e+00 +3.4224e+00 +5.6604e-01
181 +2.060410584e+01 +2.060410584e+01 -1.945894161e+00 -1.945894161e+00 +1.6680e+00 +4.1697e+00 -1.5751e+00
248 +1.022298230e+01 +1.022298230e+01 -1.232701770e+01 -1.232701770e+01 +1.9917e+00 +5.5447e+00 +2.6777e+00
509 +5.046542682e+00 +5.046542682e+00 -1.750345732e+01 -1.750345732e+01 +2.8384e+00 +5.3567e-01 +1.5303e+00
577 +2.782719669e+00 +2.782719669e+00 -1.976728033e+01 -1.976728033e+01 +2.7040e+00 +1.4458e+00 +1.8674e+00
580 +2.110036388e+00 +2.110036388e+00 -2.043996361e+01 -2.043996361e+01 +2.8743e+00 +1.2136e+00 +2.7491e+00
643 +1.279888205e+00 +1.279888205e+00 -2.127011180e+01 -2.127011180e+01 +2.5578e+00 +2.6112e+00 +2.4911e+00
655 +8.980174056e-01 +8.980174056e-01 -2.165198259e+01 -2.165198259e+01 +2.6166e+00 +2.7784e+00 +3.1568e+00
741 +6.045597752e-01 +6.045597752e-01 -2.194544022e+01 -2.194544022e+01 +2.5340e+00 +2.7757e+00 +2.5589e+00
753 +4.413550220e-02 +4.413550220e-02 -2.250586450e+01 -2.250586450e+01 +2.5690e+00 +2.6365e+00 +2.6152e+00
895 +2.094603450e-02 +2.094603450e-02 -2.252905397e+01 -2.252905397e+01 +2.5524e+00 +2.6702e+00 +2.5455e+00
955 +5.855951430e-03 +5.855951430e-03 -2.254414405e+01 -2.254414405e+01 +2.5781e+00 +2.5712e+00 +2.5854e+00
1023 +4.764567618e-04 +4.764567618e-04 -2.254952354e+01 -2.254952354e+01 +2.5678e+00 +2.5759e+00 +2.5194e+00
1256 +1.974511679e-04 +1.974511679e-04 -2.254980255e+01 -2.254980255e+01 +2.5637e+00 +2.5796e+00 +2.4954e+00
1335 +1.253533785e-04 +1.253533785e-04 -2.254987465e+01 -2.254987465e+01 +2.5652e+00 +2.5877e+00 +2.5174e+00
1342 +7.567758906e-05 +7.567758906e-05 -2.254992432e+01 -2.254992432e+01 +2.5662e+00 +2.5826e+00 +2.5176e+00
1353 +1.098450343e-05 +1.098450343e-05 -2.254998902e+01 -2.254998902e+01 +2.5650e+00 +2.5829e+00 +2.5093e+00
1441 +6.469116897e-06 +6.469116897e-06 -2.254999353e+01 -2.254999353e+01 +2.5655e+00 +2.5788e+00 +2.5074e+00
1501 +6.265683865e-06 +6.265683865e-06 -2.254999373e+01 -2.254999373e+01 +2.5653e+00 +2.5796e+00 +2.5071e+00
1565 +9.425196623e-07 +9.425196623e-07 -2.254999906e+01 -2.254999906e+01 +2.5658e+00 +2.5795e+00 +2.5104e+00
1579 +1.183278542e-07 +1.183278542e-07 -2.254999988e+01 -2.254999988e+01 +2.5656e+00 +2.5800e+00 +2.5093e+00
1755 +9.271543888e-08 +9.271543888e-08 -2.254999991e+01 -2.254999991e+01 +2.5656e+00 +2.5800e+00 +2.5095e+00
1785 +5.962041527e-08 +5.962041527e-08 -2.254999994e+01 -2.254999994e+01 +2.5656e+00 +2.5801e+00 +2.5097e+00
1808 +4.317733726e-09 +4.317733726e-09 -2.255000000e+01 -2.255000000e+01 +2.5656e+00 +2.5800e+00 +2.5095e+00
% function evaluation | noise-free fitness - Fopt (1.366000000000e+01) | best noise-free fitness - Fopt | measured fitness | best measured fitness | x1 | x2...
1 +3.052211339e+06 +3.052211339e+06 +3.052224999e+06 +3.052224999e+06 +3.0108e+00 -3.7492e+00 -3.0587e+00
3 +2.497186550e+05 +2.497186550e+05 +2.497323150e+05 +2.497323150e+05 -3.3472e+00 -4.0171e+00 +1.4097e-01
19 +4.448793071e+04 +4.448793071e+04 +4.450159071e+04 +4.450159071e+04 -4.8560e+00 -1.6345e+00 +3.4125e+00
102 +8.339687488e+03 +8.339687488e+03 +8.353347488e+03 +8.353347488e+03 -5.4411e+00 +3.1453e+00 +8.7357e+00
163 +4.584373120e+03 +4.584373120e+03 +4.598033120e+03 +4.598033120e+03 -7.1786e-01 +9.7202e-01 +2.4361e+00
177 +6.488810704e+02 +6.488810704e+02 +6.625410704e+02 +6.625410704e+02 +4.4707e-01 +1.5993e+00 +2.0302e+00
216 +5.648869550e+02 +5.648869550e+02 +5.785469550e+02 +5.785469550e+02 -1.5401e+00 -2.2217e+00 -3.0922e-01
233 +3.438860202e+02 +3.438860202e+02 +3.575460202e+02 +3.575460202e+02 -2.0643e+00 -4.5924e+00 -2.3684e+00
247 +2.081849660e+02 +2.081849660e+02 +2.218449660e+02 +2.218449660e+02 -3.2545e+00 +3.0587e+00 +6.6179e+00
249 +1.045417267e+02 +1.045417267e+02 +1.182017267e+02 +1.182017267e+02 -3.6341e+00 -3.8362e+00 -2.8872e-01
292 +6.038108044e+00 +6.038108044e+00 +1.969810804e+01 +1.969810804e+01 -1.4639e+00 +8.6520e-01 +2.8272e+00
484 +3.142432139e+00 +3.142432139e+00 +1.680243214e+01 +1.680243214e+01 +8.7037e-01 +3.2405e+00 +3.3516e+00
570 +2.205139305e+00 +2.205139305e+00 +1.586513931e+01 +1.586513931e+01 +6.9817e-01 +3.2981e+00 +3.5596e+00
602 +1.413141131e+00 +1.413141131e+00 +1.507314113e+01 +1.507314113e+01 +2.2900e-01 +2.9328e+00 +3.5715e+00
607 +6.657814408e-01 +6.657814408e-01 +1.432578144e+01 +1.432578144e+01 +2.2627e-01 +2.4497e+00 +3.0653e+00
644 +6.280665285e-01 +6.280665285e-01 +1.428806653e+01 +1.428806653e+01 +9.8018e-01 +2.0724e+00 +2.0350e+00
728 +2.116714379e-01 +2.116714379e-01 +1.387167144e+01 +1.387167144e+01 +7.7058e-01 +2.1868e+00 +2.3314e+00
767 +1.188846979e-01 +1.188846979e-01 +1.377888470e+01 +1.377888470e+01 +1.9274e-01 +2.2085e+00 +2.8417e+00
819 +9.190006866e-02 +9.190006866e-02 +1.375190007e+01 +1.375190007e+01 +4.7723e-01 +2.0424e+00 +2.4273e+00
858 +6.006694675e-02 +6.006694675e-02 +1.372006695e+01 +1.372006695e+01 +5.5698e-01 +2.2028e+00 +2.5286e+00
871 +3.033160156e-02 +3.033160156e-02 +1.369033160e+01 +1.369033160e+01 +4.9551e-01 +2.2866e+00 +2.6684e+00
906 +2.060767424e-02 +2.060767424e-02 +1.368060767e+01 +1.368060767e+01 +4.1643e-01 +2.3111e+00 +2.7606e+00
976 +3.265265543e-03 +3.265265543e-03 +1.366326527e+01 +1.366326527e+01 +4.1019e-01 +2.2443e+00 +2.6956e+00
984 +8.703656721e-04 +8.703656721e-04 +1.366087037e+01 +1.366087037e+01 +4.0225e-01 +2.2161e+00 +2.6727e+00
1073 +3.265531729e-04 +3.265531729e-04 +1.366032655e+01 +1.366032655e+01 +4.4260e-01 +2.2311e+00 +2.6545e+00
1208 +1.012272970e-04 +1.012272970e-04 +1.366010123e+01 +1.366010123e+01 +4.3136e-01 +2.2218e+00 +2.6542e+00
1256 +6.660077025e-05 +6.660077025e-05 +1.366006660e+01 +1.366006660e+01 +4.2481e-01 +2.2206e+00 +2.6585e+00
1359 +6.032144987e-05 +6.032144987e-05 +1.366006032e+01 +1.366006032e+01 +4.2637e-01 +2.2218e+00 +2.6584e+00
1389 +4.327351427e-06 +4.327351427e-06 +1.366000433e+01 +1.366000433e+01 +4.2560e-01 +2.2236e+00 +2.6610e+00
1536 +2.397413153e-06 +2.397413153e-06 +1.366000240e+01 +1.366000240e+01 +4.2679e-01 +2.2248e+00 +2.6612e+00
1563 +6.896760016e-07 +6.896760016e-07 +1.366000069e+01 +1.366000069e+01 +4.2790e-01 +2.2245e+00 +2.6599e+00
1623 +4.175273016e-07 +4.175273016e-07 +1.366000042e+01 +1.366000042e+01 +4.2763e-01 +2.2242e+00 +2.6598e+00
1728 +3.615894411e-07 +3.615894411e-07 +1.366000036e+01 +1.366000036e+01 +4.2715e-01 +2.2236e+00 +2.6596e+00
1741 +1.052936760e-08 +1.052936760e-08 +1.366000001e+01 +1.366000001e+01 +4.2717e-01 +2.2240e+00 +2.6600e+00
2009 +3.859705444e-09 +3.859705444e-09 +1.366000000e+01 +1.366000000e+01 +4.2715e-01 +2.2240e+00 +2.6600e+00
% function evaluation | noise-free fitness - Fopt (9.378400000000e+02) | best noise-free fitness - Fopt | measured fitness | best measured fitness | x1 | x2...
1 +1.725715462e+07 +1.725715462e+07 +1.725809246e+07 +1.725809246e+07 -1.2931e+00 +2.8701e+00 -1.1067e+00
3 +2.839531301e+03 +2.839531301e+03 +3.777371301e+03 +3.777371301e+03 +4.6399e+00 +3.9164e+00 -6.3893e-01
120 +7.024474676e+02 +7.024474676e+02 +1.640287468e+03 +1.640287468e+03 +4.6074e-01 +1.8780e+00 +2.8063e+00
196 +1.285286467e+02 +1.285286467e+02 +1.066368647e+03 +1.066368647e+03 +1.8667e+00 +1.5344e+00 +1.3339e+00
222 +4.953009166e+01 +4.953009166e+01 +9.873700917e+02 +9.873700917e+02 -2.1737e-01 +2.8150e+00 +3.6922e+00
230 +3.274476834e+01 +3.274476834e+01 +9.705847683e+02 +9.705847683e+02 +2.9022e+00 +3.4993e-01 +3.0137e-02
308 +4.542367058e+00 +4.542367058e+00 +9.423823671e+02 +9.423823671e+02 -2.0429e-02 +1.8273e+00 +3.2089e+00
510 +2.925474001e+00 +2.925474001e+00 +9.407654740e+02 +9.407654740e+02 -1.2171e+00 +3.0346e+00 +4.6849e+00
523 +9.930597289e-01 +9.930597289e-01 +9.388330597e+02 +9.388330597e+02 -2.0225e-01 +2.8692e+00 +3.6829e+00
550 +5.434362113e-01 +5.434362113e-01 +9.383834362e+02 +9.383834362e+02 -2.0333e-01 +3.1887e+00 +3.7771e+00
627 +6.667090797e-02 +6.667090797e-02 +9.379066709e+02 +9.379066709e+02 -3.8103e-01 +3.7751e+00 +4.1156e+00
717 +3.623857658e-02 +3.623857658e-02 +9.378762386e+02 +9.378762386e+02 -4.1607e-01 +3.5814e+00 +4.0924e+00
803 +1.150666999e-02 +1.150666999e-02 +9.378515067e+02 +9.378515067e+02 -2.8914e-01 +3.5320e+00 +3.9586e+00
878 +7.361821014e-03 +7.361821014e-03 +9.378473618e+02 +9.378473618e+02 -3.6351e-01 +3.5575e+00 +4.0359e+00
893 +1.234553894e-03 +1.234553894e-03 +9.378412346e+02 +9.378412346e+02 -2.8314e-01 +3.6124e+00 +3.9763e+00
994 +5.157380701e-04 +5.157380701e-04 +9.378405157e+02 +9.378405157e+02 -2.9446e-01 +3.5661e+00 +3.9734e+00
1081 +3.335731042e-04 +3.335731042e-04 +9.378403336e+02 +9.378403336e+02 -3.0955e-01 +3.5708e+00 +3.9890e+00
1101 +3.760273091e-05 +3.760273091e-05 +9.378400376e+02 +9.378400376e+02 -2.9573e-01 +3.5753e+00 +3.9773e+00
1131 +1.783507912e-05 +1.783507912e-05 +9.378400178e+02 +9.378400178e+02 -2.9611e-01 +3.5754e+00 +3.9777e+00
1235 +7.086181085e-06 +7.086181085e-06 +9.378400071e+02 +9.378400071e+02 -2.9505e-01 +3.5777e+00 +3.9773e+00
1341 +3.304414349e-06 +3.304414349e-06 +9.378400033e+02 +9.378400033e+02 -2.9786e-01 +3.5770e+00 +3.9798e+00
1411 +2.210334060e-06 +2.210334060e-06 +9.378400022e+02 +9.378400022e+02 -2.9728e-01 +3.5789e+00 +3.9798e+00
1449 +4.689603657e-07 +4.689603657e-07 +9.378400005e+02 +9.378400005e+02 -2.9645e-01 +3.5790e+00 +3.9790e+00
1526 +1.675930434e-07 +1.675930434e-07 +9.378400002e+02 +9.378400002e+02 -2.9672e-01 +3.5782e+00 +3.9791e+00
1580 +1.351052106e-07 +1.351052106e-07 +9.378400001e+02 +9.378400001e+02 -2.9668e-01 +3.5785e+00 +3.9791e+00
1610 +1.518151294e-08 +1.518151294e-08 +9.378400000e+02 +9.378400000e+02 -2.9677e-01 +3.5785e+00 +3.9792e+00
1723 +8.568235899e-09 +8.568235899e-09 +9.378400000e+02 +9.378400000e+02 -2.9680e-01 +3.5785e+00 +3.9792e+00
% function evaluation | noise-free fitness - Fopt (-7.872000000000e+01) | best noise-free fitness - Fopt | measured fitness | best measured fitness | x1 | x2...
1 +1.182209698e+07 +1.182209698e+07 +1.182201826e+07 +1.182201826e+07 +1.5688e+00 -3.9262e+00 -4.0318e+00
2 +2.490925332e+06 +2.490925332e+06 +2.490846612e+06 +2.490846612e+06 +2.1778e+00 -3.9143e-01 -2.4030e-01
7 +8.324756413e+05 +8.324756413e+05 +8.323969213e+05 +8.323969213e+05 -1.1719e+00 -4.9753e+00 +1.0519e+00
12 +5.620928366e+05 +5.620928366e+05 +5.620141166e+05 +5.620141166e+05 -1.8087e+00 -8.5923e-01 +1.9751e-01
14 +1.848531002e+05 +1.848531002e+05 +1.847743802e+05 +1.847743802e+05 +2.1662e+00 -4.8798e-01 -3.0004e+00
19 +1.745420453e+04 +1.745420453e+04 +1.737548453e+04 +1.737548453e+04 -1.4870e-01 -1.3348e+00 -1.1935e+00
47 +9.466791230e+03 +9.466791230e+03 +9.388071230e+03 +9.388071230e+03 +1.4637e-02 +4.7713e-01 -2.7071e+00
87 +4.415547495e+03 +4.415547495e+03 +4.336827495e+03 +4.336827495e+03 +1.0685e+00 +2.6697e-01 -2.6289e+00
133 +1.833849006e+03 +1.833849006e+03 +1.755129006e+03 +1.755129006e+03 +1.4872e+00 -2.5279e-02 -2.6675e+00
152 +1.355549438e+02 +1.355549438e+02 +5.683494381e+01 +5.683494381e+01 +1.9192e+00 +3.5062e+00 -5.6537e+00
154 +8.340605224e+01 +8.340605224e+01 +4.686052243e+00 +4.686052243e+00 +2.3170e+00 +1.0061e+00 -3.7366e+00
170 +2.789333409e+01 +2.789333409e+01 -5.082666591e+01 -5.082666591e+01 -1.4110e+00 -7.8957e-01 -1.0806e+00
271 +1.723733648e+01 +1.723733648e+01 -6.148266352e+01 -6.148266352e+01 -4.9044e-01 -1.0773e+00 -1.1296e+00
313 +1.480032082e+01 +1.480032082e+01 -6.391967918e+01 -6.391967918e+01 +9.4540e-02 +4.0705e-01 -2.5402e+00
399 +7.381904273e+00 +7.381904273e+00 -7.133809573e+01 -7.133809573e+01 +1.8543e+00 -7.2411e-01 -2.1536e+00
443 +5.518155357e+00 +5.518155357e+00 -7.320184464e+01 -7.320184464e+01 +2.2462e+00 -2.0933e+00 -1.1385e+00
571 +5.284522695e-02 +5.284522695e-02 -7.866715477e+01 -7.866715477e+01 +3.4460e+00 -1.5290e+00 -1.9795e+00
846 +2.421715405e-02 +2.421715405e-02 -7.869578285e+01 -7.869578285e+01 +3.5447e+00 -1.4809e+00 -2.0501e+00
934 +5.995053020e-03 +5.995053020e-03 -7.871400495e+01 -7.871400495e+01 +3.3922e+00 -1.3875e+00 -2.0798e+00
1072 +6.264693799e-04 +6.264693799e-04 -7.871937353e+01 -7.871937353e+01 +3.3884e+00 -1.4122e+00 -2.0583e+00
1245 +2.061191825e-04 +2.061191825e-04 -7.871979388e+01 -7.871979388e+01 +3.4115e+00 -1.4176e+00 -2.0610e+00
1325 +1.424285214e-04 +1.424285214e-04 -7.871985757e+01 -7.871985757e+01 +3.4001e+00 -1.4205e+00 -2.0550e+00
1418 +8.277217370e-05 +8.277217370e-05 -7.871991723e+01 -7.871991723e+01 +3.4135e+00 -1.4210e+00 -2.0588e+00
1451 +6.146867324e-05 +6.146867324e-05 -7.871993853e+01 -7.871993853e+01 +3.4180e+00 -1.4192e+00 -2.0617e+00
1471 +2.124857423e-05 +2.124857423e-05 -7.871997875e+01 -7.871997875e+01 +3.4090e+00 -1.4246e+00 -2.0545e+00
1484 +1.451822098e-05 +1.451822098e-05 -7.871998548e+01 -7.871998548e+01 +3.4139e+00 -1.4236e+00 -2.0568e+00
1533 +8.109695770e-06 +8.109695770e-06 -7.871999189e+01 -7.871999189e+01 +3.4122e+00 -1.4200e+00 -2.0592e+00
1646 +5.262135588e-06 +5.262135588e-06 -7.871999474e+01 -7.871999474e+01 +3.4134e+00 -1.4213e+00 -2.0585e+00
1745 +1.222143737e-06 +1.222143737e-06 -7.871999878e+01 -7.871999878e+01 +3.4103e+00 -1.4211e+00 -2.0577e+00
1780 +7.314776838e-07 +7.314776838e-07 -7.871999927e+01 -7.871999927e+01 +3.4115e+00 -1.4215e+00 -2.0577e+00
1804 +1.401613332e-07 +1.401613332e-07 -7.871999986e+01 -7.871999986e+01 +3.4114e+00 -1.4215e+00 -2.0577e+00
1878 +2.241954178e-08 +2.241954178e-08 -7.871999998e+01 -7.871999998e+01 +3.4113e+00 -1.4215e+00 -2.0577e+00
1920 +1.332342947e-08 +1.332342947e-08 -7.871999999e+01 -7.871999999e+01 +3.4113e+00 -1.4217e+00 -2.0576e+00
2101 +2.917872166e-09 +2.917872166e-09 -7.872000000e+01 -7.872000000e+01 +3.4112e+00 -1.4216e+00 -2.0576e+00
% function evaluation | noise-free fitness - Fopt (-5.984300000000e+02) | best noise-free fitness - Fopt | measured fitness | best measured fitness | x1 | x2...
1 +8.580621949e+06 +8.580621949e+06 +8.580023519e+06 +8.580023519e+06 +3.3351e-01 -2.8836e+00 -2.0390e+00
3 +4.177799316e+06 +4.177799316e+06 +4.177200886e+06 +4.177200886e+06 -2.2391e-01 +1.7199e+00 +1.8052e-02
6 +7.390481106e+05 +7.390481106e+05 +7.384496806e+05 +7.384496806e+05 -2.2368e+00 +2.3008e+00 -4.6218e+00
12 +5.050655749e+05 +5.050655749e+05 +5.044671449e+05 +5.044671449e+05 -2.2980e+00 -2.2333e+00 +4.2221e+00
22 +2.906360867e+05 +2.906360867e+05 +2.900376567e+05 +2.900376567e+05 -3.4009e+00 +2.4855e+00 -3.1318e+00
40 +3.930768710e+04 +3.930768710e+04 +3.870925710e+04 +3.870925710e+04 -2.4029e+00 +1.7257e-01 +5.6674e-01
103 +2.416669109e+04 +2.416669109e+04 +2.356826109e+04 +2.356826109e+04 -2.0523e+00 +9.3417e-01 +5.4032e-01
138 +1.160328088e+04 +1.160328088e+04 +1.100485088e+04 +1.100485088e+04 -2.5473e+00 -5.1365e+00 -4.4669e-01
144 +1.714227656e+03 +1.714227656e+03 +1.115797656e+03 +1.115797656e+03 -2.5233e+00 +1.0553e-01 -1.3534e+00
148 +1.020626560e+01 +1.020626560e+01 -5.882237344e+02 -5.882237344e+02 -2.5990e+00 -1.6091e+00 -1.4587e+00
303 +8.611502530e+00 +8.611502530e+00 -5.898184975e+02 -5.898184975e+02 -2.7310e+00 -1.5571e+00 -2.1685e+00
316 +6.021793991e+00 +6.021793991e+00 -5.924082060e+02 -5.924082060e+02 -2.5885e+00 +4.2162e-01 -1.5197e+00
421 +1.734480507e+00 +1.734480507e+00 -5.966955195e+02 -5.966955195e+02 -2.6422e+00 +2.0888e+00 -1.8885e+00
452 +1.219150678e+00 +1.219150678e+00 -5.972108493e+02 -5.972108493e+02 -2.7627e+00 +4.3868e-01 -2.4483e+00
583 +4.326054947e-01 +4.326054947e-01 -5.979973945e+02 -5.979973945e+02 -2.7230e+00 +1.2896e+00 -2.2796e+00
587 +2.673719887e-01 +2.673719887e-01 -5.981626280e+02 -5.981626280e+02 -2.8376e+00 +8.9006e-01 -2.8693e+00
596 +2.243269134e-01 +2.243269134e-01 -5.982056731e+02 -5.982056731e+02 -2.7840e+00 +1.4935e+00 -2.6131e+00
657 +4.963214771e-02 +4.963214771e-02 -5.983803679e+02 -5.983803679e+02 -2.8448e+00 +1.4139e+00 -2.9371e+00
815 +2.407041022e-02 +2.407041022e-02 -5.984059296e+02 -5.984059296e+02 -2.8341e+00 +1.2814e+00 -2.8721e+00
844 +1.272422234e-02 +1.272422234e-02 -5.984172758e+02 -5.984172758e+02 -2.8244e+00 +1.2302e+00 -2.8183e+00
871 +8.193368192e-03 +8.193368192e-03 -5.984218066e+02 -5.984218066e+02 -2.7958e+00 +1.3404e+00 -2.6706e+00
914 +2.750288003e-03 +2.750288003e-03 -5.984272497e+02 -5.984272497e+02 -2.8139e+00 +1.3171e+00 -2.7664e+00
918 +6.377541857e-04 +6.377541857e-04 -5.984293622e+02 -5.984293622e+02 -2.8113e+00 +1.3303e+00 -2.7530e+00
1073 +2.829926386e-04 +2.829926386e-04 -5.984297170e+02 -5.984297170e+02 -2.8081e+00 +1.3253e+00 -2.7356e+00
1087 +1.927990367e-04 +1.927990367e-04 -5.984298072e+02 -5.984298072e+02 -2.8082e+00 +1.3186e+00 -2.7358e+00
1094 +2.208001126e-05 +2.208001126e-05 -5.984299779e+02 -5.984299779e+02 -2.8097e+00 +1.3132e+00 -2.7433e+00
1209 +1.580831395e-05 +1.580831395e-05 -5.984299842e+02 -5.984299842e+02 -2.8099e+00 +1.3105e+00 -2.7446e+00
1238 +4.141740305e-06 +4.141740305e-06 -5.984299959e+02 -5.984299959e+02 -2.8105e+00 +1.3143e+00 -2.7479e+00
1356 +2.779418196e-06 +2.779418196e-06 -5.984299972e+02 -5.984299972e+02 -2.8105e+00 +1.3114e+00 -2.7479e+00
1451 +1.507800789e-06 +1.507800789e-06 -5.984299985e+02 -5.984299985e+02 -2.8103e+00 +1.3125e+00 -2.7466e+00
1518 +2.696976935e-07 +2.696976935e-07 -5.984299997e+02 -5.984299997e+02 -2.8104e+00 +1.3128e+00 -2.7473e+00
1537 +2.371018581e-07 +2.371018581e-07 -5.984299998e+02 -5.984299998e+02 -2.8105e+00 +1.3125e+00 -2.7475e+00
1576 +5.565493666e-08 +5.565493666e-08 -5.984299999e+02 -5.984299999e+02 -2.8104e+00 +1.3126e+00 -2.7473e+00
1657 +3.341062893e-08 +3.341062893e-08 -5.984300000e+02 -5.984300000e+02 -2.8104e+00 +1.3129e+00 -2.7473e+00
1761 +1.614353096e-08 +1.614353096e-08 -5.984300000e+02 -5.984300000e+02 -2.8104e+00 +1.3129e+00 -2.7472e+00
1783 +1.319017429e-08 +1.319017429e-08 -5.984300000e+02 -5.984300000e+02 -2.8104e+00 +1.3127e+00 -2.7472e+00
1787 +2.693923307e-09 +2.693923307e-09 -5.984300000e+02 -5.984300000e+02 -2.8104e+00 +1.3128e+00 -2.7472e+00
% function evaluation | noise-free fitness - Fopt (-8.542000000000e+01) | best noise-free fitness - Fopt | measured fitness | best measured fitness | x1 | x2...
1 +4.048070530e+06 +4.048070530e+06 +4.047985110e+06 +4.047985110e+06 +6.0757e-01 +2.1768e-01 -2.8884e-01
4 +1.856332959e+06 +1.856332959e+06 +1.856247539e+06 +1.856247539e+06 +2.4846e+00 +3.5162e+00 +2.1664e+00
12 +4.824671708e+05 +4.824671708e+05 +4.823817508e+05 +4.823817508e+05 +1.7622e+00 +2.5962e+00 +4.8760e+00
15 +2.775106321e+05 +2.775106321e+05 +2.774252121e+05 +2.774252121e+05 +1.7194e+00 -2.5709e+00 +2.9276e-01
17 +6.501475256e+03 +6.501475256e+03 +6.416055256e+03 +6.416055256e+03 +4.0045e+00 -4.9399e+00 -4.4045e+00
116 +1.800889217e+03 +1.800889217e+03 +1.715469217e+03 +1.715469217e+03 +1.2255e+00 -7.9848e+00 -4.7631e+00
194 +1.278061479e+02 +1.278061479e+02 +4.238614787e+01 +4.238614787e+01 +9.9313e+00 +8.1578e+00 +2.2613e+00
338 +2.876335421e+01 +2.876335421e+01 -5.665664579e+01 -5.665664579e+01 +2.6947e-01 -4.6822e+00 -1.1631e+00
440 +2.240066171e+01 +2.240066171e+01 -6.301933829e+01 -6.301933829e+01 +7.2007e-01 -2.1115e+00 +6.6774e-01
587 +8.774265320e+00 +8.774265320e+00 -7.664573468e+01 -7.664573468e+01 +1.1982e-01 -1.7405e+00 +1.4537e+00
609 +2.239991660e+00 +2.239991660e+00 -8.318000834e+01 -8.318000834e+01 +2.4974e+00 +5.7745e-02 +1.1401e+00
638 +1.137514184e+00 +1.137514184e+00 -8.428248582e+01 -8.428248582e+01 +3.4762e+00 -7.5762e-01 -3.1215e-01
663 +2.421447875e-01 +2.421447875e-01 -8.517785521e+01 -8.517785521e+01 +2.4648e+00 -9.7554e-01 +2.8670e-01
721 +1.550824213e-01 +1.550824213e-01 -8.526491758e+01 -8.526491758e+01 +2.5841e+00 -8.9948e-01 +2.5869e-01
885 +6.408332586e-02 +6.408332586e-02 -8.535591667e+01 -8.535591667e+01 +2.7711e+00 -6.4458e-01 +3.3062e-01
931 +2.825326007e-02 +2.825326007e-02 -8.539174674e+01 -8.539174674e+01 +2.6548e+00 -7.0540e-01 +3.6859e-01
992 +4.183429104e-03 +4.183429104e-03 -8.541581657e+01 -8.541581657e+01 +2.6978e+00 -5.3474e-01 +4.8028e-01
1099 +7.977549324e-04 +7.977549324e-04 -8.541920225e+01 -8.541920225e+01 +2.7321e+00 -5.7924e-01 +4.1601e-01
1305 +1.453235893e-05 +1.453235893e-05 -8.541998547e+01 -8.541998547e+01 +2.7177e+00 -5.7758e-01 +4.2854e-01
1568 +6.494433023e-06 +6.494433023e-06 -8.541999351e+01 -8.541999351e+01 +2.7154e+00 -5.7471e-01 +4.3274e-01
1595 +2.510046912e-06 +2.510046912e-06 -8.541999749e+01 -8.541999749e+01 +2.7157e+00 -5.7661e-01 +4.3094e-01
1644 +1.286896193e-06 +1.286896193e-06 -8.541999871e+01 -8.541999871e+01 +2.7156e+00 -5.7584e-01 +4.3168e-01
1683 +5.611403395e-07 +5.611403395e-07 -8.541999944e+01 -8.541999944e+01 +2.7160e+00 -5.7542e-01 +4.3167e-01
1684 +2.277406423e-07 +2.277406423e-07 -8.541999977e+01 -8.541999977e+01 +2.7163e+00 -5.7576e-01 +4.3114e-01
1758 +1.396887086e-07 +1.396887086e-07 -8.541999986e+01 -8.541999986e+01 +2.7158e+00 -5.7620e-01 +4.3122e-01
1898 +7.182046602e-08 +7.182046602e-08 -8.541999993e+01 -8.541999993e+01 +2.7162e+00 -5.7588e-01 +4.3118e-01
1923 +1.816650297e-08 +1.816650297e-08 -8.541999998e+01 -8.541999998e+01 +2.7161e+00 -5.7594e-01 +4.3117e-01
1953 +3.836959195e-09 +3.836959195e-09 -8.542000000e+01 -8.542000000e+01 +2.7161e+00 -5.7597e-01 +4.3119e-01
% function evaluation | noise-free fitness - Fopt (1.932500000000e+02) | best noise-free fitness - Fopt | measured fitness | best measured fitness | x1 | x2...
1 +1.281754622e+04 +1.281754622e+04 +1.301079622e+04 +1.301079622e+04 +2.6454e+00 +2.6047e+00 +1.2851e+00
83 +2.893182488e+03 +2.893182488e+03 +3.086432488e+03 +3.086432488e+03 -1.7589e+00 -3.4508e+00 -3.8314e+00
115 +2.372250799e+02 +2.372250799e+02 +4.304750799e+02 +4.304750799e+02 +8.1216e-01 -8.5258e+00 -2.8074e+00
234 +6.489028104e+01 +6.489028104e+01 +2.581402810e+02 +2.581402810e+02 -2.1712e+00 -4.7557e+00 -4.3877e+00
336 +2.622452054e+01 +2.622452054e+01 +2.194745205e+02 +2.194745205e+02 +1.1066e-02 +4.5546e+00 -5.4434e-01
365 +1.300755578e+01 +1.300755578e+01 +2.062575558e+02 +2.062575558e+02 -5.3267e+00 +2.7223e+00 -5.2683e+00
519 +6.785046404e+00 +6.785046404e+00 +2.000350464e+02 +2.000350464e+02 -4.1440e+00 +3.9294e+00 -4.0370e+00
540 +6.243713558e+00 +6.243713558e+00 +1.994937136e+02 +1.994937136e+02 -4.4011e+00 +2.2358e+00 -4.6286e+00
664 +1.925489319e+00 +1.925489319e+00 +1.951754893e+02 +1.951754893e+02 -4.3336e+00 +2.3550e+00 -4.5447e+00
669 +1.292205906e+00 +1.292205906e+00 +1.945422059e+02 +1.945422059e+02 -4.1326e+00 +4.1365e+00 -3.9844e+00
688 +2.604691585e-01 +2.604691585e-01 +1.935104692e+02 +1.935104692e+02 -3.4811e+00 +3.2318e+00 -3.6609e+00
798 +9.035938269e-02 +9.035938269e-02 +1.933403594e+02 +1.933403594e+02 -3.7045e+00 +3.3629e+00 -3.8117e+00
894 +4.080012577e-02 +4.080012577e-02 +1.932908001e+02 +1.932908001e+02 -3.7874e+00 +3.1589e+00 -3.9240e+00
976 +2.762103443e-02 +2.762103443e-02 +1.932776210e+02 +1.932776210e+02 -3.6008e+00 +3.0283e+00 -3.8023e+00
991 +1.818300587e-02 +1.818300587e-02 +1.932681830e+02 +1.932681830e+02 -3.6823e+00 +3.1672e+00 -3.8371e+00
1086 +1.110693671e-02 +1.110693671e-02 +1.932611069e+02 +1.932611069e+02 -3.6149e+00 +3.1508e+00 -3.7864e+00
1107 +2.234274340e-03 +2.234274340e-03 +1.932522343e+02 +1.932522343e+02 -3.6609e+00 +3.1479e+00 -3.8242e+00
1230 +1.104761538e-03 +1.104761538e-03 +1.932511048e+02 +1.932511048e+02 -3.6493e+00 +3.1705e+00 -3.8099e+00
1301 +1.921595276e-04 +1.921595276e-04 +1.932501922e+02 +1.932501922e+02 -3.6495e+00 +3.1434e+00 -3.8161e+00
1352 +1.348880925e-04 +1.348880925e-04 +1.932501349e+02 +1.932501349e+02 -3.6447e+00 +3.1270e+00 -3.8159e+00
1497 +5.968058494e-05 +5.968058494e-05 +1.932500597e+02 +1.932500597e+02 -3.6446e+00 +3.1451e+00 -3.8118e+00
1500 +3.911591401e-05 +3.911591401e-05 +1.932500391e+02 +1.932500391e+02 -3.6485e+00 +3.1377e+00 -3.8166e+00
1502 +1.816830817e-05 +1.816830817e-05 +1.932500182e+02 +1.932500182e+02 -3.6449e+00 +3.1356e+00 -3.8142e+00
1571 +1.222970079e-05 +1.222970079e-05 +1.932500122e+02 +1.932500122e+02 -3.6424e+00 +3.1381e+00 -3.8116e+00
1617 +7.195955988e-06 +7.195955988e-06 +1.932500072e+02 +1.932500072e+02 -3.6443e+00 +3.1401e+00 -3.8126e+00
1640 +3.239707411e-06 +3.239707411e-06 +1.932500032e+02 +1.932500032e+02 -3.6443e+00 +3.1366e+00 -3.8135e+00
1700 +9.434542960e-07 +9.434542960e-07 +1.932500009e+02 +1.932500009e+02 -3.6447e+00 +3.1368e+00 -3.8137e+00
1751 +4.025507110e-07 +4.025507110e-07 +1.932500004e+02 +1.932500004e+02 -3.6450e+00 +3.1377e+00 -3.8137e+00
1904 +3.281040506e-07 +3.281040506e-07 +1.932500003e+02 +1.932500003e+02 -3.6448e+00 +3.1381e+00 -3.8135e+00
1940 +7.744458230e-08 +7.744458230e-08 +1.932500001e+02 +1.932500001e+02 -3.6446e+00 +3.1375e+00 -3.8134e+00
1941 +5.272340786e-08 +5.272340786e-08 +1.932500001e+02 +1.932500001e+02 -3.6448e+00 +3.1377e+00 -3.8136e+00
1947 +2.303374913e-08 +2.303374913e-08 +1.932500000e+02 +1.932500000e+02 -3.6449e+00 +3.1377e+00 -3.8137e+00
2103 +6.221426929e-09 +6.221426929e-09 +1.932500000e+02 +1.932500000e+02 -3.6448e+00 +3.1377e+00 -3.8136e+00
% function evaluation | noise-free fitness - Fopt (-1.815000000000e+02) | best noise-free fitness - Fopt | measured fitness | best measured fitness | x1 | x2...
1 +4.808362080e+07 +4.808362080e+07 +4.808343930e+07 +4.808343930e+07 +2.1470e+00 -1.9576e+00 +2.8965e+00
2 +3.302613244e+07 +3.302613244e+07 +3.302595094e+07 +3.302595094e+07 +2.2831e+00 -2.8967e+00 -1.8753e+00
5 +4.471860388e+06 +4.471860388e+06 +4.471678888e+06 +4.471678888e+06 -4.4538e+00 -2.8669e+00 +3.0255e+00
6 +3.843304891e+05 +3.843304891e+05 +3.841489891e+05 +3.841489891e+05 -3.0659e+00 +4.4848e+00 +1.9485e-01
7 +4.980712953e+03 +4.980712953e+03 +4.799212953e+03 +4.799212953e+03 -3.2135e+00 +3.7576e+00 +1.1317e+00
62 +2.618059273e+03 +2.618059273e+03 +2.436559273e+03 +2.436559273e+03 -4.6064e+00 -1.8044e+00 -1.4753e+00
124 +3.171921688e+01 +3.171921688e+01 -1.497807831e+02 -1.497807831e+02 -4.0133e+00 -9.2686e-01 -1.7862e+00
379 +7.275852545e+00 +7.275852545e+00 -1.742241475e+02 -1.742241475e+02 -2.7865e+00 +1.5041e+00 -2.0606e+00
489 +3.304939403e+00 +3.304939403e+00 -1.781950606e+02 -1.781950606e+02 -2.0586e+00 +1.6368e+00 -3.6154e+00
519 +6.948828166e-02 +6.948828166e-02 -1.814305117e+02 -1.814305117e+02 -1.3902e+00 +2.7569e+00 -3.9817e+00
747 +3.428829611e-02 +3.428829611e-02 -1.814657117e+02 -1.814657117e+02 -1.4709e+00 +2.8405e+00 -3.7046e+00
785 +2.474946782e-02 +2.474946782e-02 -1.814752505e+02 -1.814752505e+02 -1.4491e+00 +2.8046e+00 -3.7936e+00
787 +1.051257390e-02 +1.051257390e-02 -1.814894874e+02 -1.814894874e+02 -1.3245e+00 +2.9882e+00 -3.8884e+00
789 +8.914158594e-03 +8.914158594e-03 -1.814910858e+02 -1.814910858e+02 -1.3688e+00 +2.9663e+00 -3.8083e+00
909 +8.433892376e-04 +8.433892376e-04 -1.814991566e+02 -1.814991566e+02 -1.3909e+00 +2.9228e+00 -3.8033e+00
923 +5.535283684e-04 +5.535283684e-04 -1.814994465e+02 -1.814994465e+02 -1.3766e+00 +2.9389e+00 -3.8194e+00
1054 +3.090441310e-04 +3.090441310e-04 -1.814996910e+02 -1.814996910e+02 -1.3755e+00 +2.9446e+00 -3.8159e+00
1086 +2.328463022e-04 +2.328463022e-04 -1.814997672e+02 -1.814997672e+02 -1.3784e+00 +2.9241e+00 -3.8310e+00
1134 +8.803597029e-05 +8.803597029e-05 -1.814999120e+02 -1.814999120e+02 -1.3721e+00 +2.9355e+00 -3.8335e+00
1141 +4.367103213e-05 +4.367103213e-05 -1.814999563e+02 -1.814999563e+02 -1.3775e+00 +2.9327e+00 -3.8240e+00
1196 +1.320948542e-05 +1.320948542e-05 -1.814999868e+02 -1.814999868e+02 -1.3776e+00 +2.9312e+00 -3.8254e+00
1301 +2.097204970e-06 +2.097204970e-06 -1.814999979e+02 -1.814999979e+02 -1.3772e+00 +2.9317e+00 -3.8257e+00
1471 +9.243794352e-08 +9.243794352e-08 -1.814999999e+02 -1.814999999e+02 -1.3769e+00 +2.9318e+00 -3.8264e+00
1640 +3.599032539e-08 +3.599032539e-08 -1.815000000e+02 -1.815000000e+02 -1.3768e+00 +2.9320e+00 -3.8266e+00
1687 +1.841488029e-08 +1.841488029e-08 -1.815000000e+02 -1.815000000e+02 -1.3768e+00 +2.9320e+00 -3.8265e+00
1718 +1.462842647e-08 +1.462842647e-08 -1.815000000e+02 -1.815000000e+02 -1.3769e+00 +2.9319e+00 -3.8263e+00
1747 +5.564544381e-09 +5.564544381e-09 -1.815000000e+02 -1.815000000e+02 -1.3768e+00 +2.9320e+00 -3.8263e+00
% function evaluation | noise-free fitness - Fopt (4.526200000000e+02) | best noise-free fitness - Fopt | measured fitness | best measured fitness | x1 | x2...
1 +4.104256958e+06 +4.104256958e+06 +4.104709578e+06 +4.104709578e+06 -4.7974e+00 +1.0710e+00 +4.9085e+00
5 +9.019984688e+05 +9.019984688e+05 +9.024510888e+05 +9.024510888e+05 -3.2938e+00 -1.4841e+00 +3.6342e+00
12 +1.412786220e+05 +1.412786220e+05 +1.417312420e+05 +1.417312420e+05 +3.5428e+00 +1.3819e+00 -1.0619e+00
21 +2.951114347e+03 +2.951114347e+03 +3.403734347e+03 +3.403734347e+03 +3.2204e+00 +1.8603e+00 -1.6703e+00
121 +5.385663822e+02 +5.385663822e+02 +9.911863822e+02 +9.911863822e+02 -3.0809e+00 +1.0875e-01 +1.0481e-01
200 +1.904027576e+02 +1.904027576e+02 +6.430227576e+02 +6.430227576e+02 -3.3769e+00 -1.4287e-01 +1.2982e+00
242 +1.073765532e+02 +1.073765532e+02 +5.599965532e+02 +5.599965532e+02 -2.9437e+00 +5.8024e-01 -3.1543e+00
266 +5.010676308e+01 +5.010676308e+01 +5.027267631e+02 +5.027267631e+02 -1.5591e+00 +4.7862e-01 -2.2261e-01
271 +4.300786723e+00 +4.300786723e+00 +4.569207867e+02 +4.569207867e+02 -2.1852e+00 +5.7280e-02 +1.7232e+00
332 +3.028471576e+00 +3.028471576e+00 +4.556484716e+02 +4.556484716e+02 -1.7531e+00 -1.4141e-01 +3.8061e+00
456 +2.388063033e+00 +2.388063033e+00 +4.550080630e+02 +4.550080630e+02 -1.0475e+00 -5.6656e-03 +3.9797e+00
473 +9.261298160e-01 +9.261298160e-01 +4.535461298e+02 +4.535461298e+02 -1.9029e+00 -1.4967e-02 +2.6861e+00
565 +2.346863481e-01 +2.346863481e-01 +4.528546863e+02 +4.528546863e+02 -1.1393e+00 +1.4704e-01 +2.7898e+00
623 +1.149320972e-02 +1.149320972e-02 +4.526314932e+02 +4.526314932e+02 -1.2482e+00 +6.7119e-02 +3.1648e+00
924 +8.899225745e-03 +8.899225745e-03 +4.526288992e+02 +4.526288992e+02 -1.1902e+00 +8.2076e-02 +3.1540e+00
931 +3.879654581e-03 +3.879654581e-03 +4.526238797e+02 +4.526238797e+02 -1.1583e+00 +1.0684e-01 +3.0346e+00
974 +2.350209501e-03 +2.350209501e-03 +4.526223502e+02 +4.526223502e+02 -1.2112e+00 +9.5485e-02 +3.0280e+00
978 +2.978851584e-04 +2.978851584e-04 +4.526202979e+02 +4.526202979e+02 -1.1855e+00 +9.4731e-02 +3.0745e+00
1115 +1.174433194e-04 +1.174433194e-04 +4.526201174e+02 +4.526201174e+02 -1.1875e+00 +9.5511e-02 +3.0659e+00
1248 +5.517606218e-05 +5.517606218e-05 +4.526200552e+02 +4.526200552e+02 -1.1955e+00 +9.1772e-02 +3.0788e+00
1254 +3.831834681e-05 +3.831834681e-05 +4.526200383e+02 +4.526200383e+02 -1.1990e+00 +9.1697e-02 +3.0738e+00
1437 +3.738261626e-06 +3.738261626e-06 +4.526200037e+02 +4.526200037e+02 -1.1927e+00 +9.3332e-02 +3.0727e+00
1540 +1.470321934e-06 +1.470321934e-06 +4.526200015e+02 +4.526200015e+02 -1.1953e+00 +9.2576e-02 +3.0737e+00
1694 +6.216477573e-07 +6.216477573e-07 +4.526200006e+02 +4.526200006e+02 -1.1939e+00 +9.2961e-02 +3.0734e+00
1776 +3.227438583e-07 +3.227438583e-07 +4.526200003e+02 +4.526200003e+02 -1.1945e+00 +9.2830e-02 +3.0732e+00
1812 +1.696442951e-07 +1.696442951e-07 +4.526200002e+02 +4.526200002e+02 -1.1944e+00 +9.2778e-02 +3.0737e+00
1837 +1.482977723e-07 +1.482977723e-07 +4.526200001e+02 +4.526200001e+02 -1.1941e+00 +9.2851e-02 +3.0738e+00
1848 +1.142365136e-08 +1.142365136e-08 +4.526200000e+02 +4.526200000e+02 -1.1943e+00 +9.2824e-02 +3.0735e+00
1954 +7.159428606e-10 +7.159428606e-10 +4.526200000e+02 +4.526200000e+02 -1.1944e+00 +9.2803e-02 +3.0736e+00
% function evaluation | noise-free fitness - Fopt (-1.184600000000e+02) | best noise-free fitness - Fopt | measured fitness | best measured fitness | x1 | x2...
1 +1.118711170e+07 +1.118711170e+07 +1.118699324e+07 +1.118699324e+07 +1.2389e+00 +2.0595e+00 +2.9181e+00
2 +2.380619665e+06 +2.380619665e+06 +2.380501205e+06 +2.380501205e+06 +1.1408e+00 -5.5052e-01 -3.5213e+00
3 +1.534555121e+05 +1.534555121e+05 +1.533370521e+05 +1.533370521e+05 -4.5560e+00 -3.4666e+00 -3.5060e+00
13 +8.166369927e+04 +8.166369927e+04 +8.154523927e+04 +8.154523927e+04 +4.6278e+00 +2.2290e+00 +7.1186e-01
65 +3.556321593e+04 +3.556321593e+04 +3.544475593e+04 +3.544475593e+04 +8.8868e+00 +6.7919e+00 -2.2857e-01
78 +6.769400594e+03 +6.769400594e+03 +6.650940594e+03 +6.650940594e+03 +1.1799e+01 +8.9801e+00 +1.2666e+00
103 +4.096690978e+03 +4.096690978e+03 +3.978230978e+03 +3.978230978e+03 +1.2161e+01 +7.6126e+00 +3.1807e+00
149 +8.817607863e+02 +8.817607863e+02 +7.633007863e+02 +7.633007863e+02 +1.7935e+01 +1.3932e+01 +2.7953e+00
163 +3.483901719e+02 +3.483901719e+02 +2.299301719e+02 +2.299301719e+02 +1.0375e+01 +6.2464e+00 +2.4891e+00
230 +2.011191104e+02 +2.011191104e+02 +8.265911044e+01 +8.265911044e+01 -7.9753e-01 -1.2915e+00 -2.3181e+00
320 +1.665465752e+01 +1.665465752e+01 -1.018053425e+02 -1.018053425e+02 -1.2014e+00 -3.9332e+00 +1.7899e-01
456 +1.137584425e+01 +1.137584425e+01 -1.070841557e+02 -1.070841557e+02 -5.3636e-01 -2.7958e+00 -3.1206e-01
477 +4.393005944e+00 +4.393005944e+00 -1.140669941e+02 -1.140669941e+02 -3.6507e+00 -4.4845e+00 -2.0994e+00
529 +1.953901390e+00 +1.953901390e+00 -1.165060986e+02 -1.165060986e+02 -2.6895e+00 -3.5601e+00 -1.9921e+00
536 +1.042366521e+00 +1.042366521e+00 -1.174176335e+02 -1.174176335e+02 -2.2522e+00 -3.2354e+00 -1.8424e+00
671 +2.920811653e-01 +2.920811653e-01 -1.181679188e+02 -1.181679188e+02 -2.2204e+00 -2.8687e+00 -2.2117e+00
772 +8.801738997e-02 +8.801738997e-02 -1.183719826e+02 -1.183719826e+02 -2.5402e+00 -2.9412e+00 -2.5081e+00
824 +1.595507273e-02 +1.595507273e-02 -1.184440449e+02 -1.184440449e+02 -2.6610e+00 -3.2414e+00 -2.3157e+00
861 +6.548336320e-03 +6.548336320e-03 -1.184534517e+02 -1.184534517e+02 -2.6228e+00 -3.1702e+00 -2.3500e+00
920 +3.110877603e-03 +3.110877603e-03 -1.184568891e+02 -1.184568891e+02 -2.6191e+00 -3.1711e+00 -2.3448e+00
1002 +1.880342754e-03 +1.880342754e-03 -1.184581197e+02 -1.184581197e+02 -2.6440e+00 -3.1860e+00 -2.3575e+00
1079 +2.214914195e-04 +2.214914195e-04 -1.184597785e+02 -1.184597785e+02 -2.6485e+00 -3.1615e+00 -2.3901e+00
1115 +1.035567416e-04 +1.035567416e-04 -1.184598964e+02 -1.184598964e+02 -2.6450e+00 -3.1603e+00 -2.3873e+00
1196 +3.750227181e-05 +3.750227181e-05 -1.184599625e+02 -1.184599625e+02 -2.6505e+00 -3.1630e+00 -2.3909e+00
1355 +1.269476931e-05 +1.269476931e-05 -1.184599873e+02 -1.184599873e+02 -2.6493e+00 -3.1648e+00 -2.3875e+00
1417 +5.574172448e-06 +5.574172448e-06 -1.184599944e+02 -1.184599944e+02 -2.6512e+00 -3.1655e+00 -2.3889e+00
1475 +1.353230090e-06 +1.353230090e-06 -1.184599986e+02 -1.184599986e+02 -2.6518e+00 -3.1655e+00 -2.3895e+00
1535 +5.485014327e-07 +5.485014327e-07 -1.184599995e+02 -1.184599995e+02 -2.6516e+00 -3.1660e+00 -2.3888e+00
1666 +2.395369876e-07 +2.395369876e-07 -1.184599998e+02 -1.184599998e+02 -2.6517e+00 -3.1660e+00 -2.3889e+00
1759 +1.453144023e-07 +1.453144023e-07 -1.184599999e+02 -1.184599999e+02 -2.6517e+00 -3.1662e+00 -2.3887e+00
1806 +3.201978416e-08 +3.201978416e-08 -1.184600000e+02 -1.184600000e+02 -2.6520e+00 -3.1663e+00 -2.3889e+00
1871 +4.979256119e-09 +4.979256119e-09 -1.184600000e+02 -1.184600000e+02 -2.6520e+00 -3.1663e+00 -2.3888e+00
% function evaluation | noise-free fitness - Fopt (9.973000000000e+01) | best noise-free fitness - Fopt | measured fitness | best measured fitness | x1 | x2...
1 +5.164764489e+05 +5.164764489e+05 +5.165761789e+05 +5.165761789e+05 -1.8075e+00 -2.6683e+00 -2.7964e+00
10 +5.468135307e+04 +5.468135307e+04 +5.478108307e+04 +5.478108307e+04 -2.7734e+00 -1.0153e-03 -3.4917e+00
48 +6.118503766e+03 +6.118503766e+03 +6.218233766e+03 +6.218233766e+03 -4.0427e+00 +2.6218e+00 +4.7803e+00
52 +2.416392126e+03 +2.416392126e+03 +2.516122126e+03 +2.516122126e+03 -2.8030e+00 -2.2350e+00 -1.2362e+00
72 +6.349690380e+02 +6.349690380e+02 +7.346990380e+02 +7.346990380e+02 -3.7859e+00 +2.6655e+00 +1.3326e+00
153 +2.071958412e+02 +2.071958412e+02 +3.069258412e+02 +3.069258412e+02 -3.2375e+00 -5.5746e-01 +2.2186e+00
248 +3.701540296e+01 +3.701540296e+01 +1.367454030e+02 +1.367454030e+02 -3.5293e+00 +1.3370e+00 +1.2544e+00
276 +5.334785730e+00 +5.334785730e+00 +1.050647857e+02 +1.050647857e+02 -3.2714e+00 +3.2173e-01 -1.2759e-02
330 +3.054643201e+00 +3.054643201e+00 +1.027846432e+02 +1.027846432e+02 -3.3531e+00 +1.2394e+00 -1.3917e+00
480 +9.293529854e-01 +9.293529854e-01 +1.006593530e+02 +1.006593530e+02 -3.1522e+00 +1.1855e-02 -1.1515e+00
562 +6.156752995e-01 +6.156752995e-01 +1.003456753e+02 +1.003456753e+02 -3.1853e+00 +6.2444e-01 -2.3856e+00
640 +2.710145687e-01 +2.710145687e-01 +1.000010146e+02 +1.000010146e+02 -3.3029e+00 +1.1518e+00 -1.9596e+00
647 +1.733379992e-01 +1.733379992e-01 +9.990333800e+01 +9.990333800e+01 -3.1751e+00 +4.5305e-01 -2.0578e+00
652 +9.437777268e-02 +9.437777268e-02 +9.982437777e+01 +9.982437777e+01 -3.2069e+00 +6.1598e-01 -2.0049e+00
744 +4.713162753e-03 +4.713162753e-03 +9.973471316e+01 +9.973471316e+01 -3.2471e+00 +7.5678e-01 -1.7369e+00
873 +1.410191277e-03 +1.410191277e-03 +9.973141019e+01 +9.973141019e+01 -3.2359e+00 +7.0817e-01 -1.7816e+00
960 +2.632189772e-04 +2.632189772e-04 +9.973026322e+01 +9.973026322e+01 -3.2350e+00 +7.0039e-01 -1.7748e+00
1171 +1.174747394e-04 +1.174747394e-04 +9.973011747e+01 +9.973011747e+01 -3.2351e+00 +6.9938e-01 -1.7708e+00
1203 +3.310192841e-05 +3.310192841e-05 +9.973003310e+01 +9.973003310e+01 -3.2359e+00 +6.9979e-01 -1.7582e+00
1276 +8.760570779e-06 +8.760570779e-06 +9.973000876e+01 +9.973000876e+01 -3.2356e+00 +6.9846e-01 -1.7595e+00
1352 +3.593644209e-06 +3.593644209e-06 +9.973000359e+01 +9.973000359e+01 -3.2353e+00 +6.9725e-01 -1.7603e+00
1356 +2.351616843e-06 +2.351616843e-06 +9.973000235e+01 +9.973000235e+01 -3.2353e+00 +6.9672e-01 -1.7593e+00
1550 +9.411388504e-07 +9.411388504e-07 +9.973000094e+01 +9.973000094e+01 -3.2351e+00 +6.9658e-01 -1.7613e+00
1564 +4.961771083e-08 +4.961771083e-08 +9.973000005e+01 +9.973000005e+01 -3.2352e+00 +6.9659e-01 -1.7608e+00
1810 +2.616366146e-08 +2.616366146e-08 +9.973000003e+01 +9.973000003e+01 -3.2352e+00 +6.9677e-01 -1.7606e+00
1858 +3.226219292e-09 +3.226219292e-09 +9.973000000e+01 +9.973000000e+01 -3.2352e+00 +6.9685e-01 -1.7608e+00
% function evaluation | noise-free fitness - Fopt (4.044000000000e+01) | best noise-free fitness - Fopt | measured fitness | best measured fitness | x1 | x2...
1 +3.150914767e+05 +3.150914767e+05 +3.151319167e+05 +3.151319167e+05 -1.6070e+00 +2.9798e-01 -4.4812e+00
6 +1.456243705e+04 +1.456243705e+04 +1.460287705e+04 +1.460287705e+04 +2.3021e+00 -1.7616e+00 -1.7437e+00
27 +4.532571595e+03 +4.532571595e+03 +4.573011595e+03 +4.573011595e+03 +5.4039e-01 +2.1361e+00 -1.3309e+00
55 +3.484916490e+03 +3.484916490e+03 +3.525356490e+03 +3.525356490e+03 +6.9453e-01 -2.3470e+00 -3.9835e+00
57 +8.330960618e+02 +8.330960618e+02 +8.735360618e+02 +8.735360618e+02 +1.3371e+00 +1.3275e+00 -8.3769e-01
121 +1.655092615e+02 +1.655092615e+02 +2.059492615e+02 +2.059492615e+02 +1.4978e+00 -7.5889e+00 -6.3273e+00
215 +9.275859890e+01 +9.275859890e+01 +1.331985989e+02 +1.331985989e+02 -2.4203e+00 +1.7395e+00 -5.7706e+00
219 +5.698344204e+01 +5.698344204e+01 +9.742344204e+01 +9.742344204e+01 +5.0574e+00 -1.9961e+00 +2.0788e+00
350 +3.080950392e+01 +3.080950392e+01 +7.124950392e+01 +7.124950392e+01 -9.9695e-01 +1.8787e+00 -3.7291e+00
352 +9.239362022e+00 +9.239362022e+00 +4.967936202e+01 +4.967936202e+01 +3.4755e+00 +3.4958e-01 +1.4112e+00
445 +3.629866494e+00 +3.629866494e+00 +4.406986649e+01 +4.406986649e+01 +2.2823e+00 +1.4181e+00 +4.6198e-01
545 +2.844021887e-01 +2.844021887e-01 +4.072440219e+01 +4.072440219e+01 +1.9199e+00 +3.2910e+00 +1.1521e+00
678 +2.709230840e-02 +2.709230840e-02 +4.046709231e+01 +4.046709231e+01 +2.0165e+00 +2.7766e+00 +9.5776e-01
694 +4.122399923e-03 +4.122399923e-03 +4.044412240e+01 +4.044412240e+01 +2.0606e+00 +2.8767e+00 +1.0814e+00
1020 +1.418806316e-03 +1.418806316e-03 +4.044141881e+01 +4.044141881e+01 +2.1035e+00 +2.7835e+00 +1.0808e+00
1140 +3.359042754e-04 +3.359042754e-04 +4.044033590e+01 +4.044033590e+01 +2.0887e+00 +2.8295e+00 +1.0899e+00
1177 +1.392696343e-04 +1.392696343e-04 +4.044013927e+01 +4.044013927e+01 +2.0934e+00 +2.8077e+00 +1.0825e+00
1269 +3.775311698e-05 +3.775311698e-05 +4.044003775e+01 +4.044003775e+01 +2.0912e+00 +2.8186e+00 +1.0864e+00
1389 +9.148899522e-07 +9.148899522e-07 +4.044000091e+01 +4.044000091e+01 +2.0926e+00 +2.8140e+00 +1.0853e+00
1601 +2.014703853e-07 +2.014703853e-07 +4.044000020e+01 +4.044000020e+01 +2.0919e+00 +2.8146e+00 +1.0847e+00
1839 +3.662825776e-08 +3.662825776e-08 +4.044000004e+01 +4.044000004e+01 +2.0919e+00 +2.8144e+00 +1.0847e+00
1888 +1.913058156e-09 +1.913058156e-09 +4.044000000e+01 +4.044000000e+01 +2.0920e+00 +2.8144e+00 +1.0848e+00
% function evaluation | noise-free fitness - Fopt (-1.216000000000e+02) | best noise-free fitness - Fopt | measured fitness | best measured fitness | x1 | x2...
1 +9.899177561e+06 +9.899177561e+06 +9.899055961e+06 +9.899055961e+06 -7.1736e-02 +3.8322e-01 +1.4798e+00
3 +3.127445405e+06 +3.127445405e+06 +3.127323805e+06 +3.127323805e+06 -2.9823e+00 -4.0703e-01 +1.4464e+00
6 +4.076384228e+05 +4.076384228e+05 +4.075168228e+05 +4.075168228e+05 -2.3444e+00 +8.3273e-01 -2.8197e+00
7 +1.046162454e+05 +1.046162454e+05 +1.044946454e+05 +1.044946454e+05 -1.6470e-01 -3.4348e+00 +5.1294e-01
12 +3.902610323e+03 +3.902610323e+03 +3.781010323e+03 +3.781010323e+03 +1.4943e+00 -3.6941e+00 -4.5702e-01
15 +2.483236758e+03 +2.483236758e+03 +2.361636758e+03 +2.361636758e+03 +7.4211e-01 -3.1076e+00 -5.4858e-01
162 +8.975256788e+02 +8.975256788e+02 +7.759256788e+02 +7.759256788e+02 -1.0093e+00 -1.7971e+00 -7.6188e-01
222 +3.296941871e+02 +3.296941871e+02 +2.080941871e+02 +2.080941871e+02 -4.1991e-01 -1.7552e+00 -1.0236e+00
228 +1.802168579e+02 +1.802168579e+02 +5.861685786e+01 +5.861685786e+01 -2.3408e+00 +1.6906e+00 -2.6913e+00
251 +2.348660009e+01 +2.348660009e+01 -9.811339991e+01 -9.811339991e+01 -1.1524e+00 +5.0113e-02 -2.0317e+00
337 +2.961568028e+00 +2.961568028e+00 -1.186384320e+02 -1.186384320e+02 -2.8090e+00 -3.0438e-01 -9.4501e-01
463 +4.453454314e-01 +4.453454314e-01 -1.211546546e+02 -1.211546546e+02 -2.7328e+00 -9.9757e-01 -4.6188e-01
573 +2.999288959e-02 +2.999288959e-02 -1.215700071e+02 -1.215700071e+02 -3.3297e+00 -1.0212e+00 -1.4592e-01
668 +2.200927002e-02 +2.200927002e-02 -1.215779907e+02 -1.215779907e+02 -3.3307e+00 -1.1312e+00 -6.3036e-02
722 +1.566991619e-03 +1.566991619e-03 -1.215984330e+02 -1.215984330e+02 -3.2633e+00 -1.1261e+00 -1.0037e-01
906 +7.790832299e-04 +7.790832299e-04 -1.215992209e+02 -1.215992209e+02 -3.2450e+00 -1.1455e+00 -9.5012e-02
991 +6.177855665e-04 +6.177855665e-04 -1.215993822e+02 -1.215993822e+02 -3.2334e+00 -1.1235e+00 -1.1720e-01
1027 +5.217512866e-05 +5.217512866e-05 -1.215999478e+02 -1.215999478e+02 -3.2340e+00 -1.1271e+00 -1.1434e-01
1117 +1.105260355e-05 +1.105260355e-05 -1.215999889e+02 -1.215999889e+02 -3.2310e+00 -1.1336e+00 -1.1088e-01
1265 +3.370616213e-07 +3.370616213e-07 -1.215999997e+02 -1.215999997e+02 -3.2299e+00 -1.1317e+00 -1.1285e-01
1473 +2.215092536e-07 +2.215092536e-07 -1.215999998e+02 -1.215999998e+02 -3.2292e+00 -1.1322e+00 -1.1289e-01
1499 +1.163847259e-07 +1.163847259e-07 -1.215999999e+02 -1.215999999e+02 -3.2294e+00 -1.1320e+00 -1.1289e-01
1502 +9.603714091e-08 +9.603714091e-08 -1.215999999e+02 -1.215999999e+02 -3.2294e+00 -1.1319e+00 -1.1299e-01
1523 +5.359223110e-08 +5.359223110e-08 -1.215999999e+02 -1.215999999e+02 -3.2295e+00 -1.1320e+00 -1.1284e-01
1565 +5.578385753e-09 +5.578385753e-09 -1.216000000e+02 -1.216000000e+02 -3.2296e+00 -1.1320e+00 -1.1281e-01
% function evaluation | noise-free fitness - Fopt (-3.811000000000e+01) | best noise-free fitness - Fopt | measured fitness | best measured fitness | x1 | x2...
1 +4.387991571e+07 +4.387991571e+07 +4.387987760e+07 +4.387987760e+07 +3.1167e+00 +3.2654e+00 +3.9391e+00
2 +1.408270134e+07 +1.408270134e+07 +1.408266323e+07 +1.408266323e+07 +2.7539e+00 -1.4760e+00 +3.1563e+00
5 +3.316958967e+06 +3.316958967e+06 +3.316920857e+06 +3.316920857e+06 -3.9870e+00 +3.2027e+00 +4.2054e+00
8 +1.030387727e+06 +1.030387727e+06 +1.030349617e+06 +1.030349617e+06 +9.9622e-01 -4.3897e+00 +7.2578e-02
10 +7.550153487e+05 +7.550153487e+05 +7.549772387e+05 +7.549772387e+05 -3.9277e+00 +6.6211e-01 -1.0797e+00
20 +1.267989900e+05 +1.267989900e+05 +1.267608800e+05 +1.267608800e+05 -3.7702e+00 -1.0715e+00 +4.5619e-01
40 +1.548492131e+04 +1.548492131e+04 +1.544681131e+04 +1.544681131e+04 -3.7039e+00 +1.5501e-01 +4.4928e+00
84 +8.211250145e+03 +8.211250145e+03 +8.173140145e+03 +8.173140145e+03 -4.6648e+00 -1.0894e-02 -1.0324e+00
157 +1.599679260e+02 +1.599679260e+02 +1.218579260e+02 +1.218579260e+02 -2.9132e+00 -1.5885e+00 -9.5265e-02
299 +4.134334890e+01 +4.134334890e+01 +3.233348898e+00 +3.233348898e+00 -4.9821e+00 +2.1665e-01 -2.1079e+00
382 +1.613908909e+01 +1.613908909e+01 -2.197091091e+01 -2.197091091e+01 -3.2605e+00 -7.7567e-01 +1.7927e+00
403 +7.801428608e+00 +7.801428608e+00 -3.030857139e+01 -3.030857139e+01 -2.2988e+00 -2.7991e+00 -2.2466e+00
450 +2.697716036e+00 +2.697716036e+00 -3.541228396e+01 -3.541228396e+01 -1.8619e+00 -3.3198e+00 -2.4134e+00
593 +1.804078884e+00 +1.804078884e+00 -3.630592112e+01 -3.630592112e+01 -2.8812e+00 -2.1344e+00 -2.1969e+00
644 +1.461662694e+00 +1.461662694e+00 -3.664833731e+01 -3.664833731e+01 -2.6387e+00 -1.9440e+00 -2.2372e-01
657 +9.596758850e-01 +9.596758850e-01 -3.715032411e+01 -3.715032411e+01 -2.8977e+00 -2.0651e+00 -1.9749e+00
688 +6.708927208e-02 +6.708927208e-02 -3.804291073e+01 -3.804291073e+01 -2.4668e+00 -2.3481e+00 -1.1380e+00
837 +5.011860347e-02 +5.011860347e-02 -3.805988140e+01 -3.805988140e+01 -2.5325e+00 -2.2663e+00 -1.0996e+00
903 +1.787188243e-02 +1.787188243e-02 -3.809212812e+01 -3.809212812e+01 -2.4994e+00 -2.3147e+00 -1.1483e+00
918 +1.082589567e-02 +1.082589567e-02 -3.809917410e+01 -3.809917410e+01 -2.4522e+00 -2.3575e+00 -1.1067e+00
988 +4.406257734e-03 +4.406257734e-03 -3.810559374e+01 -3.810559374e+01 -2.3877e+00 -2.4561e+00 -1.2216e+00
1056 +3.850475469e-03 +3.850475469e-03 -3.810614952e+01 -3.810614952e+01 -2.4604e+00 -2.3746e+00 -1.2187e+00
1081 +1.001640681e-03 +1.001640681e-03 -3.810899836e+01 -3.810899836e+01 -2.4192e+00 -2.4082e+00 -1.1661e+00
1114 +1.746001176e-04 +1.746001176e-04 -3.810982540e+01 -3.810982540e+01 -2.4219e+00 -2.4085e+00 -1.1804e+00
1227 +1.481358095e-04 +1.481358095e-04 -3.810985186e+01 -3.810985186e+01 -2.4236e+00 -2.4085e+00 -1.1888e+00
1268 +8.795302010e-05 +8.795302010e-05 -3.810991205e+01 -3.810991205e+01 -2.4262e+00 -2.4043e+00 -1.1833e+00
1333 +2.832277887e-05 +2.832277887e-05 -3.810997168e+01 -3.810997168e+01 -2.4285e+00 -2.4049e+00 -1.1966e+00
1434 +2.404893397e-05 +2.404893397e-05 -3.810997595e+01 -3.810997595e+01 -2.4262e+00 -2.4056e+00 -1.1890e+00
1452 +9.750514387e-06 +9.750514387e-06 -3.810999025e+01 -3.810999025e+01 -2.4269e+00 -2.4059e+00 -1.1931e+00
1535 +1.396942608e-06 +1.396942608e-06 -3.810999860e+01 -3.810999860e+01 -2.4249e+00 -2.4080e+00 -1.1928e+00
1606 +5.806093313e-07 +5.806093313e-07 -3.810999942e+01 -3.810999942e+01 -2.4256e+00 -2.4073e+00 -1.1935e+00
1770 +2.631463047e-07 +2.631463047e-07 -3.810999974e+01 -3.810999974e+01 -2.4254e+00 -2.4074e+00 -1.1929e+00
1774 +2.477601697e-07 +2.477601697e-07 -3.810999975e+01 -3.810999975e+01 -2.4255e+00 -2.4072e+00 -1.1924e+00
1794 +1.458755534e-07 +1.458755534e-07 -3.810999985e+01 -3.810999985e+01 -2.4256e+00 -2.4072e+00 -1.1931e+00
1835 +2.670468291e-09 +2.670468291e-09 -3.811000000e+01 -3.811000000e+01 -2.4256e+00 -2.4072e+00 -1.1928e+00
