% function evaluation | noise-free fitness - Fopt (7.627000000000e+01) | best noise-free fitness - Fopt | measured fitness | best measured fitness | x1 | x2...
1 +3.910600110e+06 +3.910600110e+06 +3.910676380e+06 +3.910676380e+06
7 +6.856208696e+04 +6.856208696e+04 +6.863835696e+04 +6.863835696e+04
8 +3.190962801e+04 +3.190962801e+04 +3.198589801e+04 +3.198589801e+04
75 +8.636769810e+02 +8.636769810e+02 +9.399469810e+02 +9.399469810e+02
235 +5.512905239e+02 +5.512905239e+02 +6.275605239e+02 +6.275605239e+02
6699 +3.917758789e+02 +3.917758789e+02 +4.680458789e+02 +4.680458789e+02
8865 +2.326027428e+02 +2.326027428e+02 +3.088727428e+02 +3.088727428e+02
11259 +1.377303471e+02 +1.377303471e+02 +2.140003471e+02 +2.140003471e+02
14324 +9.696140216e+01 +9.696140216e+01 +1.732314022e+02 +1.732314022e+02
18644 +5.943929148e+01 +5.943929148e+01 +1.357092915e+02 +1.357092915e+02
22615 +3.950061352e+01 +3.950061352e+01 +1.157706135e+02 +1.157706135e+02
26164 +2.388211472e+01 +2.388211472e+01 +1.001521147e+02 +1.001521147e+02
30214 +1.507071117e+01 +1.507071117e+01 +9.134071117e+01 +9.134071117e+01
35296 +9.465090389e+00 +9.465090389e+00 +8.573509039e+01 +8.573509039e+01
39691 +6.217684048e+00 +6.217684048e+00 +8.248768405e+01 +8.248768405e+01
42664 +3.639404119e+00 +3.639404119e+00 +7.990940412e+01 +7.990940412e+01
46049 +2.492178695e+00 +2.492178695e+00 +7.876217869e+01 +7.876217869e+01
48425 +1.555288243e+00 +1.555288243e+00 +7.782528824e+01 +7.782528824e+01
51288 +9.509529247e-01 +9.509529247e-01 +7.722095292e+01 +7.722095292e+01
55768 +6.250602065e-01 +6.250602065e-01 +7.689506021e+01 +7.689506021e+01
60913 +3.827013590e-01 +3.827013590e-01 +7.665270136e+01 +7.665270136e+01
66616 +2.384643669e-01 +2.384643669e-01 +7.650846437e+01 +7.650846437e+01
70484 +1.548587674e-01 +1.548587674e-01 +7.642485877e+01 +7.642485877e+01
73410 +9.793282098e-02 +9.793282098e-02 +7.636793282e+01 +7.636793282e+01
75734 +6.198773308e-02 +6.198773308e-02 +7.633198773e+01 +7.633198773e+01
80036 +3.860400295e-02 +3.860400295e-02 +7.630860400e+01 +7.630860400e+01
84037 +2.404472628e-02 +2.404472628e-02 +7.629404473e+01 +7.629404473e+01
87774 +1.543015089e-02 +1.543015089e-02 +7.628543015e+01 +7.628543015e+01
92691 +9.996477777e-03 +9.996477777e-03 +7.627999648e+01 +7.627999648e+01
94834 +6.111063222e-03 +6.111063222e-03 +7.627611106e+01 +7.627611106e+01
99535 +3.901429702e-03 +3.901429702e-03 +7.627390143e+01 +7.627390143e+01
100339 +2.490126750e-03 +2.490126750e-03 +7.627249013e+01 +7.627249013e+01
104476 +1.548109820e-03 +1.548109820e-03 +7.627154811e+01 +7.627154811e+01
108424 +9.921289758e-04 +9.921289758e-04 +7.627099213e+01 +7.627099213e+01
111425 +5.946403954e-04 +5.946403954e-04 +7.627059464e+01 +7.627059464e+01
113289 +3.903361093e-04 +3.903361093e-04 +7.627039034e+01 +7.627039034e+01
116903 +2.485139766e-04 +2.485139766e-04 +7.627024851e+01 +7.627024851e+01
120059 +1.568867263e-04 +1.568867263e-04 +7.627015689e+01 +7.627015689e+01
122884 +9.758930041e-05 +9.758930041e-05 +7.627009759e+01 +7.627009759e+01
128171 +6.295174482e-05 +6.295174482e-05 +7.627006295e+01 +7.627006295e+01
132165 +3.909485001e-05 +3.909485001e-05 +7.627003909e+01 +7.627003909e+01
135549 +2.503160133e-05 +2.503160133e-05 +7.627002503e+01 +7.627002503e+01
140707 +1.520906878e-05 +1.520906878e-05 +7.627001521e+01 +7.627001521e+01
145979 +9.926722129e-06 +9.926722129e-06 +7.627000993e+01 +7.627000993e+01
152811 +6.078017051e-06 +6.078017051e-06 +7.627000608e+01 +7.627000608e+01
158998 +3.916081241e-06 +3.916081241e-06 +7.627000392e+01 +7.627000392e+01
166095 +2.481695148e-06 +2.481695148e-06 +7.627000248e+01 +7.627000248e+01
168690 +1.516330698e-06 +1.516330698e-06 +7.627000152e+01 +7.627000152e+01
173572 +9.846737612e-07 +9.846737612e-07 +7.627000098e+01 +7.627000098e+01
179306 +6.051226649e-07 +6.051226649e-07 +7.627000061e+01 +7.627000061e+01
182498 +3.679933656e-07 +3.679933656e-07 +7.627000037e+01 +7.627000037e+01
190045 +2.356857749e-07 +2.356857749e-07 +7.627000024e+01 +7.627000024e+01
196713 +1.561556218e-07 +1.561556218e-07 +7.627000016e+01 +7.627000016e+01
204040 +9.993085825e-08 +9.993085825e-08 +7.627000010e+01 +7.627000010e+01
209864 +6.163452326e-08 +6.163452326e-08 +7.627000006e+01 +7.627000006e+01
214700 +3.971493356e-08 +3.971493356e-08 +7.627000004e+01 +7.627000004e+01
221202 +2.504032182e-08 +2.504032182e-08 +7.627000003e+01 +7.627000003e+01
228217 +1.584503195e-08 +1.584503195e-08 +7.627000002e+01 +7.627000002e+01
231000 +9.302709714e-09 +9.302709714e-09 +7.627000001e+01 +7.627000001e+01
% function evaluation | noise-free fitness - Fopt (-2.255000000000e+01) | best noise-free fitness - Fopt | measured fitness | best measured fitness | x1 | x2...
1 +4.087073923e+06 +4.087073923e+06 +4.087051373e+06 +4.087051373e+06
2 +9.867674360e+05 +9.867674360e+05 +9.867448860e+05 +9.867448860e+05
4 +1.894511946e+03 +1.894511946e+03 +1.871961946e+03 +1.871961946e+03
32 +7.046367632e+02 +7.046367632e+02 +6.820867632e+02 +6.820867632e+02
128 +5.532897861e+02 +5.532897861e+02 +5.307397861e+02 +5.307397861e+02
6046 +3.753371570e+02 +3.753371570e+02 +3.527871570e+02 +3.527871570e+02
8976 +2.291538414e+02 +2.291538414e+02 +2.066038414e+02 +2.066038414e+02
11253 +1.419791042e+02 +1.419791042e+02 +1.194291042e+02 +1.194291042e+02
13216 +9.969799953e+01 +9.969799953e+01 +7.714799953e+01 +7.714799953e+01
15778 +6.085818265e+01 +6.085818265e+01 +3.830818265e+01 +3.830818265e+01
18880 +3.864341979e+01 +3.864341979e+01 +1.609341979e+01 +1.609341979e+01
21389 +1.792243316e+01 +1.792243316e+01 -4.627566843e+00 -4.627566843e+00
24004 +1.581149763e+01 +1.581149763e+01 -6.738502373e+00 -6.738502373e+00
27397 +9.159066725e+00 +9.159066725e+00 -1.339093328e+01 -1.339093328e+01
31199 +5.998779663e+00 +5.998779663e+00 -1.655122034e+01 -1.655122034e+01
35203 +3.873730706e+00 +3.873730706e+00 -1.867626929e+01 -1.867626929e+01
38061 +2.500026362e+00 +2.500026362e+00 -2.004997364e+01 -2.004997364e+01
40817 +1.419111294e+00 +1.419111294e+00 -2.113088871e+01 -2.113088871e+01
43784 +9.152598124e-01 +9.152598124e-01 -2.163474019e+01 -2.163474019e+01
47261 +6.143867936e-01 +6.143867936e-01 -2.193561321e+01 -2.193561321e+01
50874 +3.759966334e-01 +3.759966334e-01 -2.217400337e+01 -2.217400337e+01
54320 +2.362693590e-01 +2.362693590e-01 -2.231373064e+01 -2.231373064e+01
58006 +1.506296627e-01 +1.506296627e-01 -2.239937034e+01 -2.239937034e+01
61176 +9.953515485e-02 +9.953515485e-02 -2.245046485e+01 -2.245046485e+01
66225 +6.277200026e-02 +6.277200026e-02 -2.248722800e+01 -2.248722800e+01
71657 +3.942509861e-02 +3.942509861e-02 -2.251057490e+01 -2.251057490e+01
75754 +2.316969670e-02 +2.316969670e-02 -2.252683030e+01 -2.252683030e+01
78944 +1.582429438e-02 +1.582429438e-02 -2.253417571e+01 -2.253417571e+01
84742 +9.841224806e-03 +9.841224806e-03 -2.254015878e+01 -2.254015878e+01
90554 +6.236500773e-03 +6.236500773e-03 -2.254376350e+01 -2.254376350e+01
96768 +3.896772311e-03 +3.896772311e-03 -2.254610323e+01 -2.254610323e+01
101071 +2.505100768e-03 +2.505100768e-03 -2.254749490e+01 -2.254749490e+01
106763 +1.570187240e-03 +1.570187240e-03 -2.254842981e+01 -2.254842981e+01
115278 +9.905951795e-04 +9.905951795e-04 -2.254900940e+01 -2.254900940e+01
121307 +6.172741604e-04 +6.172741604e-04 -2.254938273e+01 -2.254938273e+01
127906 +3.848349931e-04 +3.848349931e-04 -2.254961517e+01 -2.254961517e+01
136257 +2.508072297e-04 +2.508072297e-04 -2.254974919e+01 -2.254974919e+01
143046 +1.570754321e-04 +1.570754321e-04 -2.254984292e+01 -2.254984292e+01
155381 +9.917181965e-05 +9.917181965e-05 -2.254990083e+01 -2.254990083e+01
167763 +6.295256501e-05 +6.295256501e-05 -2.254993705e+01 -2.254993705e+01
183184 +3.977641004e-05 +3.977641004e-05 -2.254996022e+01 -2.254996022e+01
209435 +2.494230332e-05 +2.494230332e-05 -2.254997506e+01 -2.254997506e+01
220138 +1.581961810e-05 +1.581961810e-05 -2.254998418e+01 -2.254998418e+01
224488 +9.894604609e-06 +9.894604609e-06 -2.254999011e+01 -2.254999011e+01
228516 +5.933539736e-06 +5.933539736e-06 -2.254999407e+01 -2.254999407e+01
232354 +3.790238836e-06 +3.790238836e-06 -2.254999621e+01 -2.254999621e+01
239046 +2.508944341e-06 +2.508944341e-06 -2.254999749e+01 -2.254999749e+01
242816 +1.493784314e-06 +1.493784314e-06 -2.254999851e+01 -2.254999851e+01
247513 +9.455326335e-07 +9.455326335e-07 -2.254999905e+01 -2.254999905e+01
252121 +5.715874458e-07 +5.715874458e-07 -2.254999943e+01 -2.254999943e+01
255573 +3.803717199e-07 +3.803717199e-07 -2.254999962e+01 -2.254999962e+01
261667 +2.499739296e-07 +2.499739296e-07 -2.254999975e+01 -2.254999975e+01
268860 +1.571319608e-07 +1.571319608e-07 -2.254999984e+01 -2.254999984e+01
276974 +9.915817145e-08 +9.915817145e-08 -2.254999990e+01 -2.254999990e+01
282339 +6.111156736e-08 +6.111156736e-08 -2.254999994e+01 -2.254999994e+01
286546 +3.959303996e-08 +3.959303996e-08 -2.254999996e+01 -2.254999996e+01
290174 +2.358513740e-08 +2.358513740e-08 -2.254999998e+01 -2.254999998e+01
291292 +1.536313121e-08 +1.536313121e-08 -2.254999998e+01 -2.254999998e+01
297260 +9.990433369e-09 +9.990433369e-09 -2.254999999e+01 -2.254999999e+01
% function evaluation | noise-free fitness - Fopt (1.366000000000e+01) | best noise-free fitness - Fopt | measured fitness | best measured fitness | x1 | x2...
1 +4.419221778e+05 +4.419221778e+05 +4.419358378e+05 +4.419358378e+05
4 +3.883254518e+04 +3.883254518e+04 +3.884620518e+04 +3.884620518e+04
21 +6.840904060e+03 +6.840904060e+03 +6.854564060e+03 +6.854564060e+03
39 +4.880204812e+03 +4.880204812e+03 +4.893864812e+03 +4.893864812e+03
97 +3.887927346e+03 +3.887927346e+03 +3.901587346e+03 +3.901587346e+03
101 +1.445576092e+03 +1.445576092e+03 +1.459236092e+03 +1.459236092e+03
369 +6.181560526e+02 +6.181560526e+02 +6.318160526e+02 +6.318160526e+02
512 +3.729527807e+02 +3.729527807e+02 +3.866127807e+02 +3.866127807e+02
7626 +2.464782167e+02 +2.464782167e+02 +2.601382167e+02 +2.601382167e+02
10557 +1.434344702e+02 +1.434344702e+02 +1.570944702e+02 +1.570944702e+02
12404 +9.689437988e+01 +9.689437988e+01 +1.105543799e+02 +1.105543799e+02
14064 +5.571625790e+01 +5.571625790e+01 +6.937625790e+01 +6.937625790e+01
16507 +3.854648829e+01 +3.854648829e+01 +5.220648829e+01 +5.220648829e+01
18821 +2.394909371e+01 +2.394909371e+01 +3.760909371e+01 +3.760909371e+01
21614 +1.536379361e+01 +1.536379361e+01 +2.902379361e+01 +2.902379361e+01
24352 +9.924407491e+00 +9.924407491e+00 +2.358440749e+01 +2.358440749e+01
28611 +5.977565590e+00 +5.977565590e+00 +1.963756559e+01 +1.963756559e+01
32807 +3.429457416e+00 +3.429457416e+00 +1.708945742e+01 +1.708945742e+01
35457 +2.392346898e+00 +2.392346898e+00 +1.605234690e+01 +1.605234690e+01
37616 +1.459461598e+00 +1.459461598e+00 +1.511946160e+01 +1.511946160e+01
40308 +9.842473115e-01 +9.842473115e-01 +1.464424731e+01 +1.464424731e+01
43625 +6.068692426e-01 +6.068692426e-01 +1.426686924e+01 +1.426686924e+01
48566 +3.948622448e-01 +3.948622448e-01 +1.405486224e+01 +1.405486224e+01
52088 +2.419123591e-01 +2.419123591e-01 +1.390191236e+01 +1.390191236e+01
55613 +1.475207574e-01 +1.475207574e-01 +1.380752076e+01 +1.380752076e+01
59017 +9.795209202e-02 +9.795209202e-02 +1.375795209e+01 +1.375795209e+01
63713 +6.089508864e-02 +6.089508864e-02 +1.372089509e+01 +1.372089509e+01
70053 +3.835277079e-02 +3.835277079e-02 +1.369835277e+01 +1.369835277e+01
73545 +2.361019316e-02 +2.361019316e-02 +1.368361019e+01 +1.368361019e+01
79681 +1.564630746e-02 +1.564630746e-02 +1.367564631e+01 +1.367564631e+01
86693 +9.928982580e-03 +9.928982580e-03 +1.366992898e+01 +1.366992898e+01
91703 +6.063336291e-03 +6.063336291e-03 +1.366606334e+01 +1.366606334e+01
97510 +3.916649268e-03 +3.916649268e-03 +1.366391665e+01 +1.366391665e+01
100878 +2.500352590e-03 +2.500352590e-03 +1.366250035e+01 +1.366250035e+01
104492 +1.533342224e-03 +1.533342224e-03 +1.366153334e+01 +1.366153334e+01
109004 +9.789607817e-04 +9.789607817e-04 +1.366097896e+01 +1.366097896e+01
111723 +6.118914007e-04 +6.118914007e-04 +1.366061189e+01 +1.366061189e+01
115669 +3.910618815e-04 +3.910618815e-04 +1.366039106e+01 +1.366039106e+01
119568 +2.439029063e-04 +2.439029063e-04 +1.366024390e+01 +1.366024390e+01
123381 +1.568523986e-04 +1.568523986e-04 +1.366015685e+01 +1.366015685e+01
128845 +9.938805607e-05 +9.938805607e-05 +1.366009939e+01 +1.366009939e+01
134438 +6.183656881e-05 +6.183656881e-05 +1.366006184e+01 +1.366006184e+01
139272 +3.945537548e-05 +3.945537548e-05 +1.366003946e+01 +1.366003946e+01
144537 +2.410924167e-05 +2.410924167e-05 +1.366002411e+01 +1.366002411e+01
148631 +1.566676124e-05 +1.566676124e-05 +1.366001567e+01 +1.366001567e+01
154088 +9.479347886e-06 +9.479347886e-06 +1.366000948e+01 +1.366000948e+01
159060 +6.201779065e-06 +6.201779065e-06 +1.366000620e+01 +1.366000620e+01
162124 +3.874655423e-06 +3.874655423e-06 +1.366000387e+01 +1.366000387e+01
165878 +2.490805649e-06 +2.490805649e-06 +1.366000249e+01 +1.366000249e+01
170098 +1.569168633e-06 +1.569168633e-06 +1.366000157e+01 +1.366000157e+01
173738 +9.799318157e-07 +9.799318157e-07 +1.366000098e+01 +1.366000098e+01
176433 +6.296763875e-07 +6.296763875e-07 +1.366000063e+01 +1.366000063e+01
179224 +3.949251308e-07 +3.949251308e-07 +1.366000039e+01 +1.366000039e+01
182125 +2.470218110e-07 +2.470218110e-07 +1.366000025e+01 +1.366000025e+01
185302 +1.557687224e-07 +1.557687224e-07 +1.366000016e+01 +1.366000016e+01
188605 +9.587827243e-08 +9.587827243e-08 +1.366000010e+01 +1.366000010e+01
194778 +6.232557404e-08 +6.232557404e-08 +1.366000006e+01 +1.366000006e+01
200724 +3.955211270e-08 +3.955211270e-08 +1.366000004e+01 +1.366000004e+01
205082 +2.454746806e-08 +2.454746806e-08 +1.366000002e+01 +1.366000002e+01
207300 +1.431242325e-08 +1.431242325e-08 +1.366000001e+01 +1.366000001e+01
208819 +9.304999438e-09 +9.304999438e-09 +1.366000001e+01 +1.366000001e+01
% function evaluation | noise-free fitness - Fopt (9.378400000000e+02) | best noise-free fitness - Fopt | measured fitness | best measured fitness | x1 | x2...
1 +6.925534856e+06 +6.925534856e+06 +6.926472696e+06 +6.926472696e+06
5 +2.347137531e+06 +2.347137531e+06 +2.348075371e+06 +2.348075371e+06
8 +1.806074157e+05 +1.806074157e+05 +1.815452557e+05 +1.815452557e+05
12 +2.215860168e+04 +2.215860168e+04 +2.309644168e+04 +2.309644168e+04
35 +1.556104760e+04 +1.556104760e+04 +1.649888760e+04 +1.649888760e+04
48 +5.932255725e+03 +5.932255725e+03 +6.870095725e+03 +6.870095725e+03
59 +3.308369695e+02 +3.308369695e+02 +1.268676969e+03 +1.268676969e+03
8070 +2.205861667e+02 +2.205861667e+02 +1.158426167e+03 +1.158426167e+03
10256 +1.575228661e+02 +1.575228661e+02 +1.095362866e+03 +1.095362866e+03
12648 +9.033321783e+01 +9.033321783e+01 +1.028173218e+03 +1.028173218e+03
15401 +5.680053203e+01 +5.680053203e+01 +9.946405320e+02 +9.946405320e+02
18933 +3.951641219e+01 +3.951641219e+01 +9.773564122e+02 +9.773564122e+02
23121 +2.268674825e+01 +2.268674825e+01 +9.605267483e+02 +9.605267483e+02
26544 +1.492107441e+01 +1.492107441e+01 +9.527610744e+02 +9.527610744e+02
28659 +9.953740662e+00 +9.953740662e+00 +9.477937407e+02 +9.477937407e+02
32767 +6.238861957e+00 +6.238861957e+00 +9.440788620e+02 +9.440788620e+02
37456 +3.895817404e+00 +3.895817404e+00 +9.417358174e+02 +9.417358174e+02
42599 +2.364744813e+00 +2.364744813e+00 +9.402047448e+02 +9.402047448e+02
47189 +1.517179558e+00 +1.517179558e+00 +9.393571796e+02 +9.393571796e+02
52172 +9.557020097e-01 +9.557020097e-01 +9.387957020e+02 +9.387957020e+02
55641 +5.745811053e-01 +5.745811053e-01 +9.384145811e+02 +9.384145811e+02
61208 +3.859281610e-01 +3.859281610e-01 +9.382259282e+02 +9.382259282e+02
66643 +2.456117663e-01 +2.456117663e-01 +9.380856118e+02 +9.380856118e+02
69880 +1.485569272e-01 +1.485569272e-01 +9.379885569e+02 +9.379885569e+02
73872 +9.494566716e-02 +9.494566716e-02 +9.379349457e+02 +9.379349457e+02
75545 +6.135717871e-02 +6.135717871e-02 +9.379013572e+02 +9.379013572e+02
79828 +3.958124537e-02 +3.958124537e-02 +9.378795812e+02 +9.378795812e+02
83105 +2.442395136e-02 +2.442395136e-02 +9.378644240e+02 +9.378644240e+02
87256 +1.584457189e-02 +1.584457189e-02 +9.378558446e+02 +9.378558446e+02
90044 +9.747597246e-03 +9.747597246e-03 +9.378497476e+02 +9.378497476e+02
93211 +6.228761113e-03 +6.228761113e-03 +9.378462288e+02 +9.378462288e+02
97131 +3.900552899e-03 +3.900552899e-03 +9.378439006e+02 +9.378439006e+02
99668 +2.161743495e-03 +2.161743495e-03 +9.378421617e+02 +9.378421617e+02
102573 +1.459121590e-03 +1.459121590e-03 +9.378414591e+02 +9.378414591e+02
104787 +8.396680435e-04 +8.396680435e-04 +9.378408397e+02 +9.378408397e+02
107549 +6.251510559e-04 +6.251510559e-04 +9.378406252e+02 +9.378406252e+02
110803 +3.819976284e-04 +3.819976284e-04 +9.378403820e+02 +9.378403820e+02
113212 +2.279866925e-04 +2.279866925e-04 +9.378402280e+02 +9.378402280e+02
116817 +1.581565292e-04 +1.581565292e-04 +9.378401582e+02 +9.378401582e+02
118657 +9.208289953e-05 +9.208289953e-05 +9.378400921e+02 +9.378400921e+02
120582 +5.809583377e-05 +5.809583377e-05 +9.378400581e+02 +9.378400581e+02
121248 +3.918093751e-05 +3.918093751e-05 +9.378400392e+02 +9.378400392e+02
124046 +2.226841514e-05 +2.226841514e-05 +9.378400223e+02 +9.378400223e+02
126509 +1.552942740e-05 +1.552942740e-05 +9.378400155e+02 +9.378400155e+02
128874 +9.045834531e-06 +9.045834531e-06 +9.378400090e+02 +9.378400090e+02
130858 +6.211656455e-06 +6.211656455e-06 +9.378400062e+02 +9.378400062e+02
133104 +3.914138347e-06 +3.914138347e-06 +9.378400039e+02 +9.378400039e+02
136744 +2.462980433e-06 +2.462980433e-06 +9.378400025e+02 +9.378400025e+02
138924 +1.310522748e-06 +1.310522748e-06 +9.378400013e+02 +9.378400013e+02
140700 +9.391029607e-07 +9.391029607e-07 +9.378400009e+02 +9.378400009e+02
144204 +6.167177844e-07 +6.167177844e-07 +9.378400006e+02 +9.378400006e+02
146700 +3.804333346e-07 +3.804333346e-07 +9.378400004e+02 +9.378400004e+02
150105 +2.490867246e-07 +2.490867246e-07 +9.378400002e+02 +9.378400002e+02
154048 +1.555569042e-07 +1.555569042e-07 +9.378400002e+02 +9.378400002e+02
157778 +9.518009847e-08 +9.518009847e-08 +9.378400001e+02 +9.378400001e+02
161723 +6.205823411e-08 +6.205823411e-08 +9.378400001e+02 +9.378400001e+02
167411 +3.956324690e-08 +3.956324690e-08 +9.378400000e+02 +9.378400000e+02
172335 +2.488093287e-08 +2.488093287e-08 +9.378400000e+02 +9.378400000e+02
176042 +1.498676738e-08 +1.498676738e-08 +9.378400000e+02 +9.378400000e+02
182549 +9.825953384e-09 +9.825953384e-09 +9.378400000e+02 +9.378400000e+02
% function evaluation | noise-free fitness - Fopt (-7.872000000000e+01) | best noise-free fitness - Fopt | measured fitness | best measured fitness | x1 | x2...
1 +4.838543456e+06 +4.838543456e+06 +4.838464736e+06 +4.838464736e+06
2 +4.928259888e+05 +4.928259888e+05 +4.927472688e+05 +4.927472688e+05
15 +3.212320467e+05 +3.212320467e+05 +3.211533267e+05 +3.211533267e+05
32 +4.932699336e+03 +4.932699336e+03 +4.853979336e+03 +4.853979336e+03
93 +7.264370808e+02 +7.264370808e+02 +6.477170808e+02 +6.477170808e+02
331 +4.160907480e+02 +4.160907480e+02 +3.373707480e+02 +3.373707480e+02
2290 +3.288955228e+02 +3.288955228e+02 +2.501755228e+02 +2.501755228e+02
8607 +2.475852443e+02 +2.475852443e+02 +1.688652443e+02 +1.688652443e+02
10912 +1.478369843e+02 +1.478369843e+02 +6.911698426e+01 +6.911698426e+01
12990 +9.228181570e+01 +9.228181570e+01 +1.356181570e+01 +1.356181570e+01
16054 +6.013978913e+01 +6.013978913e+01 -1.858021087e+01 -1.858021087e+01
18831 +3.924733913e+01 +3.924733913e+01 -3.947266087e+01 -3.947266087e+01
22188 +2.441695714e+01 +2.441695714e+01 -5.430304286e+01 -5.430304286e+01
26554 +1.499525822e+01 +1.499525822e+01 -6.372474178e+01 -6.372474178e+01
30759 +9.907742122e+00 +9.907742122e+00 -6.881225788e+01 -6.881225788e+01
34114 +6.276332172e+00 +6.276332172e+00 -7.244366783e+01 -7.244366783e+01
37612 +3.974332249e+00 +3.974332249e+00 -7.474566775e+01 -7.474566775e+01
40564 +2.419726922e+00 +2.419726922e+00 -7.630027308e+01 -7.630027308e+01
43242 +1.565464321e+00 +1.565464321e+00 -7.715453568e+01 -7.715453568e+01
46602 +9.467256044e-01 +9.467256044e-01 -7.777327440e+01 -7.777327440e+01
49084 +5.373007847e-01 +5.373007847e-01 -7.818269922e+01 -7.818269922e+01
52179 +3.877915875e-01 +3.877915875e-01 -7.833220841e+01 -7.833220841e+01
54453 +2.508277208e-01 +2.508277208e-01 -7.846917228e+01 -7.846917228e+01
58629 +1.555914010e-01 +1.555914010e-01 -7.856440860e+01 -7.856440860e+01
62550 +9.385893789e-02 +9.385893789e-02 -7.862614106e+01 -7.862614106e+01
67753 +6.304541039e-02 +6.304541039e-02 -7.865695459e+01 -7.865695459e+01
74559 +3.881550758e-02 +3.881550758e-02 -7.868118449e+01 -7.868118449e+01
79361 +2.480875513e-02 +2.480875513e-02 -7.869519124e+01 -7.869519124e+01
84476 +1.491134666e-02 +1.491134666e-02 -7.870508865e+01 -7.870508865e+01
88966 +9.829646790e-03 +9.829646790e-03 -7.871017035e+01 -7.871017035e+01
92031 +5.505483493e-03 +5.505483493e-03 -7.871449452e+01 -7.871449452e+01
95657 +3.927576677e-03 +3.927576677e-03 -7.871607242e+01 -7.871607242e+01
100988 +2.327488644e-03 +2.327488644e-03 -7.871767251e+01 -7.871767251e+01
105615 +1.477868999e-03 +1.477868999e-03 -7.871852213e+01 -7.871852213e+01
109336 +9.799481624e-04 +9.799481624e-04 -7.871902005e+01 -7.871902005e+01
115118 +6.004728761e-04 +6.004728761e-04 -7.871939953e+01 -7.871939953e+01
121493 +3.853777469e-04 +3.853777469e-04 -7.871961462e+01 -7.871961462e+01
125984 +2.378832581e-04 +2.378832581e-04 -7.871976212e+01 -7.871976212e+01
130521 +1.480633107e-04 +1.480633107e-04 -7.871985194e+01 -7.871985194e+01
134049 +8.195821748e-05 +8.195821748e-05 -7.871991804e+01 -7.871991804e+01
137930 +6.153304568e-05 +6.153304568e-05 -7.871993847e+01 -7.871993847e+01
142281 +3.952563213e-05 +3.952563213e-05 -7.871996047e+01 -7.871996047e+01
147094 +2.459231180e-05 +2.459231180e-05 -7.871997541e+01 -7.871997541e+01
150886 +1.564946676e-05 +1.564946676e-05 -7.871998435e+01 -7.871998435e+01
156453 +9.883468124e-06 +9.883468124e-06 -7.871999012e+01 -7.871999012e+01
160616 +6.288854948e-06 +6.288854948e-06 -7.871999371e+01 -7.871999371e+01
165618 +3.874225072e-06 +3.874225072e-06 -7.871999613e+01 -7.871999613e+01
169044 +2.509989713e-06 +2.509989713e-06 -7.871999749e+01 -7.871999749e+01
176093 +1.544188422e-06 +1.544188422e-06 -7.871999846e+01 -7.871999846e+01
181230 +9.683281945e-07 +9.683281945e-07 -7.871999903e+01 -7.871999903e+01
184266 +6.221183213e-07 +6.221183213e-07 -7.871999938e+01 -7.871999938e+01
188680 +3.979373417e-07 +3.979373417e-07 -7.871999960e+01 -7.871999960e+01
191670 +2.307849769e-07 +2.307849769e-07 -7.871999977e+01 -7.871999977e+01
194545 +1.535562006e-07 +1.535562006e-07 -7.871999985e+01 -7.871999985e+01
197092 +8.813418617e-08 +8.813418617e-08 -7.871999991e+01 -7.871999991e+01
200460 +6.268346908e-08 +6.268346908e-08 -7.871999994e+01 -7.871999994e+01
203910 +3.887693367e-08 +3.887693367e-08 -7.871999996e+01 -7.871999996e+01
208571 +2.509960950e-08 +2.509960950e-08 -7.871999997e+01 -7.871999997e+01
214479 +1.581382492e-08 +1.581382492e-08 -7.871999998e+01 -7.871999998e+01
220243 +9.910777976e-09 +9.910777976e-09 -7.871999999e+01 -7.871999999e+01
% function evaluation | noise-free fitness - Fopt (-5.984300000000e+02) | best noise-free fitness - Fopt | measured fitness | best measured fitness | x1 | x2...
1 +1.238763229e+05 +1.238763229e+05 +1.232778929e+05 +1.232778929e+05
6 +1.752034747e+04 +1.752034747e+04 +1.692191747e+04 +1.692191747e+04
10 +2.410579721e+03 +2.410579721e+03 +1.812149721e+03 +1.812149721e+03
75 +1.498590650e+03 +1.498590650e+03 +9.001606497e+02 +9.001606497e+02
90 +4.061666995e+02 +4.061666995e+02 -1.922633005e+02 -1.922633005e+02
4573 +3.240553512e+02 +3.240553512e+02 -2.743746488e+02 -2.743746488e+02
8958 +2.309505972e+02 +2.309505972e+02 -3.674794028e+02 -3.674794028e+02
10924 +1.529799163e+02 +1.529799163e+02 -4.454500837e+02 -4.454500837e+02
13061 +8.371742291e+01 +8.371742291e+01 -5.147125771e+02 -5.147125771e+02
15648 +6.209466704e+01 +6.209466704e+01 -5.363353330e+02 -5.363353330e+02
18030 +3.863482759e+01 +3.863482759e+01 -5.597951724e+02 -5.597951724e+02
21991 +2.287465265e+01 +2.287465265e+01 -5.755553474e+02 -5.755553474e+02
24816 +1.560825167e+01 +1.560825167e+01 -5.828217483e+02 -5.828217483e+02
28766 +9.682387924e+00 +9.682387924e+00 -5.887476121e+02 -5.887476121e+02
32256 +5.637837660e+00 +5.637837660e+00 -5.927921623e+02 -5.927921623e+02
36448 +3.889771619e+00 +3.889771619e+00 -5.945402284e+02 -5.945402284e+02
40976 +2.444178222e+00 +2.444178222e+00 -5.959858218e+02 -5.959858218e+02
45015 +1.347275190e+00 +1.347275190e+00 -5.970827248e+02 -5.970827248e+02
50221 +9.901431178e-01 +9.901431178e-01 -5.974398569e+02 -5.974398569e+02
54482 +6.285807102e-01 +6.285807102e-01 -5.978014193e+02 -5.978014193e+02
56628 +3.871033339e-01 +3.871033339e-01 -5.980428967e+02 -5.980428967e+02
59845 +2.431554827e-01 +2.431554827e-01 -5.981868445e+02 -5.981868445e+02
62868 +1.580441486e-01 +1.580441486e-01 -5.982719559e+02 -5.982719559e+02
65613 +9.831737973e-02 +9.831737973e-02 -5.983316826e+02 -5.983316826e+02
70493 +6.264671161e-02 +6.264671161e-02 -5.983673533e+02 -5.983673533e+02
73631 +3.974758589e-02 +3.974758589e-02 -5.983902524e+02 -5.983902524e+02
76574 +2.487574224e-02 +2.487574224e-02 -5.984051243e+02 -5.984051243e+02
81973 +1.545625420e-02 +1.545625420e-02 -5.984145437e+02 -5.984145437e+02
85239 +9.854567167e-03 +9.854567167e-03 -5.984201454e+02 -5.984201454e+02
89682 +6.098893100e-03 +6.098893100e-03 -5.984239011e+02 -5.984239011e+02
94693 +3.970693061e-03 +3.970693061e-03 -5.984260293e+02 -5.984260293e+02
99306 +2.418866181e-03 +2.418866181e-03 -5.984275811e+02 -5.984275811e+02
102612 +1.421278223e-03 +1.421278223e-03 -5.984285787e+02 -5.984285787e+02
106615 +9.466448691e-04 +9.466448691e-04 -5.984290534e+02 -5.984290534e+02
109310 +5.736628933e-04 +5.736628933e-04 -5.984294263e+02 -5.984294263e+02
113289 +3.898944022e-04 +3.898944022e-04 -5.984296101e+02 -5.984296101e+02
117270 +2.380660712e-04 +2.380660712e-04 -5.984297619e+02 -5.984297619e+02
122072 +1.553423999e-04 +1.553423999e-04 -5.984298447e+02 -5.984298447e+02
126816 +9.332024797e-05 +9.332024797e-05 -5.984299067e+02 -5.984299067e+02
131657 +6.142687880e-05 +6.142687880e-05 -5.984299386e+02 -5.984299386e+02
136913 +3.945517665e-05 +3.945517665e-05 -5.984299605e+02 -5.984299605e+02
140983 +2.419871134e-05 +2.419871134e-05 -5.984299758e+02 -5.984299758e+02
145491 +1.538051595e-05 +1.538051595e-05 -5.984299846e+02 -5.984299846e+02
149396 +9.110820884e-06 +9.110820884e-06 -5.984299909e+02 -5.984299909e+02
152804 +6.288498412e-06 +6.288498412e-06 -5.984299937e+02 -5.984299937e+02
155543 +3.849235668e-06 +3.849235668e-06 -5.984299962e+02 -5.984299962e+02
159166 +2.403910571e-06 +2.403910571e-06 -5.984299976e+02 -5.984299976e+02
161726 +1.553937409e-06 +1.553937409e-06 -5.984299984e+02 -5.984299984e+02
165376 +9.935939715e-07 +9.935939715e-07 -5.984299990e+02 -5.984299990e+02
171008 +6.165281548e-07 +6.165281548e-07 -5.984299994e+02 -5.984299994e+02
176095 +3.977457936e-07 +3.977457936e-07 -5.984299996e+02 -5.984299996e+02
179897 +2.488052360e-07 +2.488052360e-07 -5.984299998e+02 -5.984299998e+02
182729 +1.522448656e-07 +1.522448656e-07 -5.984299998e+02 -5.984299998e+02
189792 +9.984751159e-08 +9.984751159e-08 -5.984299999e+02 -5.984299999e+02
194982 +6.245159057e-08 +6.245159057e-08 -5.984299999e+02 -5.984299999e+02
200509 +3.960064987e-08 +3.960064987e-08 -5.984300000e+02 -5.984300000e+02
205316 +2.429055712e-08 +2.429055712e-08 -5.984300000e+02 -5.984300000e+02
210257 +1.502019131e-08 +1.502019131e-08 -5.984300000e+02 -5.984300000e+02
213607 +9.552195479e-09 +9.552195479e-09 -5.984300000e+02 -5.984300000e+02
% function evaluation | noise-free fitness - Fopt (-8.542000000000e+01) | best noise-free fitness - Fopt | measured fitness | best measured fitness | x1 | x2...
1 +2.855493781e+07 +2.855493781e+07 +2.855485239e+07 +2.855485239e+07
2 +2.185811623e+06 +2.185811623e+06 +2.185726203e+06 +2.185726203e+06
7 +4.341326156e+04 +4.341326156e+04 +4.332784156e+04 +4.332784156e+04
19 +1.382898336e+04 +1.382898336e+04 +1.374356336e+04 +1.374356336e+04
94 +3.758660952e+03 +3.758660952e+03 +3.673240952e+03 +3.673240952e+03
280 +3.775717400e+02 +3.775717400e+02 +2.921517400e+02 +2.921517400e+02
9016 +2.240847981e+02 +2.240847981e+02 +1.386647981e+02 +1.386647981e+02
10934 +1.386800945e+02 +1.386800945e+02 +5.326009454e+01 +5.326009454e+01
11983 +9.834193634e+01 +9.834193634e+01 +1.292193634e+01 +1.292193634e+01
15574 +5.430818048e+01 +5.430818048e+01 -3.111181952e+01 -3.111181952e+01
18331 +3.845436266e+01 +3.845436266e+01 -4.696563734e+01 -4.696563734e+01
20510 +2.363538286e+01 +2.363538286e+01 -6.178461714e+01 -6.178461714e+01
24163 +1.525147117e+01 +1.525147117e+01 -7.016852883e+01 -7.016852883e+01
26647 +9.625665064e+00 +9.625665064e+00 -7.579433494e+01 -7.579433494e+01
31790 +5.594223294e+00 +5.594223294e+00 -7.982577671e+01 -7.982577671e+01
34550 +3.509285519e+00 +3.509285519e+00 -8.191071448e+01 -8.191071448e+01
37374 +2.425977547e+00 +2.425977547e+00 -8.299402245e+01 -8.299402245e+01
40233 +1.572655590e+00 +1.572655590e+00 -8.384734441e+01 -8.384734441e+01
42816 +9.248662406e-01 +9.248662406e-01 -8.449513376e+01 -8.449513376e+01
48726 +6.215006119e-01 +6.215006119e-01 -8.479849939e+01 -8.479849939e+01
51803 +3.695138512e-01 +3.695138512e-01 -8.505048615e+01 -8.505048615e+01
54008 +2.507048383e-01 +2.507048383e-01 -8.516929516e+01 -8.516929516e+01
56762 +1.363762352e-01 +1.363762352e-01 -8.528362376e+01 -8.528362376e+01
60830 +9.566286854e-02 +9.566286854e-02 -8.532433713e+01 -8.532433713e+01
62839 +5.951840696e-02 +5.951840696e-02 -8.536048159e+01 -8.536048159e+01
64862 +3.902494783e-02 +3.902494783e-02 -8.538097505e+01 -8.538097505e+01
67640 +2.484839611e-02 +2.484839611e-02 -8.539515160e+01 -8.539515160e+01
69584 +1.373567137e-02 +1.373567137e-02 -8.540626433e+01 -8.540626433e+01
73281 +9.656147608e-03 +9.656147608e-03 -8.541034385e+01 -8.541034385e+01
75781 +6.218522547e-03 +6.218522547e-03 -8.541378148e+01 -8.541378148e+01
78147 +3.532542033e-03 +3.532542033e-03 -8.541646746e+01 -8.541646746e+01
81712 +2.480585142e-03 +2.480585142e-03 -8.541751941e+01 -8.541751941e+01
85009 +1.568751964e-03 +1.568751964e-03 -8.541843125e+01 -8.541843125e+01
88853 +9.783252007e-04 +9.783252007e-04 -8.541902167e+01 -8.541902167e+01
94344 +6.150429517e-04 +6.150429517e-04 -8.541938496e+01 -8.541938496e+01
99494 +3.860946064e-04 +3.860946064e-04 -8.541961391e+01 -8.541961391e+01
103128 +2.493186819e-04 +2.493186819e-04 -8.541975068e+01 -8.541975068e+01
105661 +1.556188305e-04 +1.556188305e-04 -8.541984438e+01 -8.541984438e+01
108801 +9.911708148e-05 +9.911708148e-05 -8.541990088e+01 -8.541990088e+01
111992 +6.149136057e-05 +6.149136057e-05 -8.541993851e+01 -8.541993851e+01
116692 +3.965691035e-05 +3.965691035e-05 -8.541996034e+01 -8.541996034e+01
122242 +2.469727343e-05 +2.469727343e-05 -8.541997530e+01 -8.541997530e+01
127889 +1.521904649e-05 +1.521904649e-05 -8.541998478e+01 -8.541998478e+01
133387 +9.441454068e-06 +9.441454068e-06 -8.541999056e+01 -8.541999056e+01
137834 +5.753792308e-06 +5.753792308e-06 -8.541999425e+01 -8.541999425e+01
140414 +3.910729191e-06 +3.910729191e-06 -8.541999609e+01 -8.541999609e+01
143511 +2.355845538e-06 +2.355845538e-06 -8.541999764e+01 -8.541999764e+01
149418 +1.559505463e-06 +1.559505463e-06 -8.541999844e+01 -8.541999844e+01
154817 +9.245581367e-07 +9.245581367e-07 -8.541999908e+01 -8.541999908e+01
159581 +6.292822547e-07 +6.292822547e-07 -8.541999937e+01 -8.541999937e+01
164062 +3.954669410e-07 +3.954669410e-07 -8.541999960e+01 -8.541999960e+01
168123 +2.378359767e-07 +2.378359767e-07 -8.541999976e+01 -8.541999976e+01
172183 +1.407741195e-07 +1.407741195e-07 -8.541999986e+01 -8.541999986e+01
175078 +9.742636564e-08 +9.742636564e-08 -8.541999990e+01 -8.541999990e+01
179325 +5.856809082e-08 +5.856809082e-08 -8.541999994e+01 -8.541999994e+01
182216 +3.811642557e-08 +3.811642557e-08 -8.541999996e+01 -8.541999996e+01
189697 +2.505618113e-08 +2.505618113e-08 -8.541999997e+01 -8.541999997e+01
193825 +1.544235317e-08 +1.544235317e-08 -8.541999998e+01 -8.541999998e+01
198445 +9.950497315e-09 +9.950497315e-09 -8.541999999e+01 -8.541999999e+01
% function evaluation | noise-free fitness - Fopt (1.932500000000e+02) | best noise-free fitness - Fopt | measured fitness | best measured fitness | x1 | x2...
1 +1.054719384e+06 +1.054719384e+06 +1.054912634e+06 +1.054912634e+06
8 +3.654797748e+05 +3.654797748e+05 +3.656730248e+05 +3.656730248e+05
18 +9.163173317e+04 +9.163173317e+04 +9.182498317e+04 +9.182498317e+04
33 +8.556400513e+02 +8.556400513e+02 +1.048890051e+03 +1.048890051e+03
327 +4.351229393e+02 +4.351229393e+02 +6.283729393e+02 +6.283729393e+02
6726 +3.788835758e+02 +3.788835758e+02 +5.721335758e+02 +5.721335758e+02
7997 +2.426614351e+02 +2.426614351e+02 +4.359114351e+02 +4.359114351e+02
9958 +1.513181155e+02 +1.513181155e+02 +3.445681155e+02 +3.445681155e+02
11912 +7.646304467e+01 +7.646304467e+01 +2.697130447e+02 +2.697130447e+02
13692 +6.184273916e+01 +6.184273916e+01 +2.550927392e+02 +2.550927392e+02
16503 +3.802299362e+01 +3.802299362e+01 +2.312729936e+02 +2.312729936e+02
19462 +2.116120576e+01 +2.116120576e+01 +2.144112058e+02 +2.144112058e+02
22663 +1.570872233e+01 +1.570872233e+01 +2.089587223e+02 +2.089587223e+02
25272 +9.554968049e+00 +9.554968049e+00 +2.028049680e+02 +2.028049680e+02
26620 +6.029223533e+00 +6.029223533e+00 +1.992792235e+02 +1.992792235e+02
30337 +3.790190426e+00 +3.790190426e+00 +1.970401904e+02 +1.970401904e+02
33658 +2.415551953e+00 +2.415551953e+00 +1.956655520e+02 +1.956655520e+02
37504 +1.547984334e+00 +1.547984334e+00 +1.947979843e+02 +1.947979843e+02
41045 +9.922518630e-01 +9.922518630e-01 +1.942422519e+02 +1.942422519e+02
44987 +5.786191837e-01 +5.786191837e-01 +1.938286192e+02 +1.938286192e+02
48375 +3.757211079e-01 +3.757211079e-01 +1.936257211e+02 +1.936257211e+02
52492 +2.468173801e-01 +2.468173801e-01 +1.934968174e+02 +1.934968174e+02
55793 +1.502014491e-01 +1.502014491e-01 +1.934002014e+02 +1.934002014e+02
61724 +9.885639145e-02 +9.885639145e-02 +1.933488564e+02 +1.933488564e+02
66849 +6.230316940e-02 +6.230316940e-02 +1.933123032e+02 +1.933123032e+02
71005 +3.909711815e-02 +3.909711815e-02 +1.932890971e+02 +1.932890971e+02
77024 +2.384833992e-02 +2.384833992e-02 +1.932738483e+02 +1.932738483e+02
83668 +1.541402031e-02 +1.541402031e-02 +1.932654140e+02 +1.932654140e+02
90119 +9.980683815e-03 +9.980683815e-03 +1.932599807e+02 +1.932599807e+02
100638 +6.262842917e-03 +6.262842917e-03 +1.932562628e+02 +1.932562628e+02
106037 +3.787063784e-03 +3.787063784e-03 +1.932537871e+02 +1.932537871e+02
110664 +2.482633122e-03 +2.482633122e-03 +1.932524826e+02 +1.932524826e+02
118220 +1.569154737e-03 +1.569154737e-03 +1.932515692e+02 +1.932515692e+02
122870 +9.880179161e-04 +9.880179161e-04 +1.932509880e+02 +1.932509880e+02
127875 +6.191991387e-04 +6.191991387e-04 +1.932506192e+02 +1.932506192e+02
132122 +3.757903867e-04 +3.757903867e-04 +1.932503758e+02 +1.932503758e+02
134810 +2.478802300e-04 +2.478802300e-04 +1.932502479e+02 +1.932502479e+02
137889 +1.458535626e-04 +1.458535626e-04 +1.932501459e+02 +1.932501459e+02
141749 +9.768805640e-05 +9.768805640e-05 +1.932500977e+02 +1.932500977e+02
146800 +6.190674318e-05 +6.190674318e-05 +1.932500619e+02 +1.932500619e+02
152659 +3.892527056e-05 +3.892527056e-05 +1.932500389e+02 +1.932500389e+02
158827 +2.437894102e-05 +2.437894102e-05 +1.932500244e+02 +1.932500244e+02
162527 +1.569811249e-05 +1.569811249e-05 +1.932500157e+02 +1.932500157e+02
164910 +9.230664801e-06 +9.230664801e-06 +1.932500092e+02 +1.932500092e+02
167642 +5.830535912e-06 +5.830535912e-06 +1.932500058e+02 +1.932500058e+02
171172 +3.715488276e-06 +3.715488276e-06 +1.932500037e+02 +1.932500037e+02
174611 +2.496245827e-06 +2.496245827e-06 +1.932500025e+02 +1.932500025e+02
177643 +1.322266513e-06 +1.322266513e-06 +1.932500013e+02 +1.932500013e+02
180598 +8.502917410e-07 +8.502917410e-07 +1.932500009e+02 +1.932500009e+02
184103 +6.040692710e-07 +6.040692710e-07 +1.932500006e+02 +1.932500006e+02
187871 +3.952351904e-07 +3.952351904e-07 +1.932500004e+02 +1.932500004e+02
190860 +2.238557499e-07 +2.238557499e-07 +1.932500002e+02 +1.932500002e+02
193950 +1.561865020e-07 +1.561865020e-07 +1.932500002e+02 +1.932500002e+02
196466 +9.318208072e-08 +9.318208072e-08 +1.932500001e+02 +1.932500001e+02
199490 +5.922728974e-08 +5.922728974e-08 +1.932500001e+02 +1.932500001e+02
202548 +3.916616720e-08 +3.916616720e-08 +1.932500000e+02 +1.932500000e+02
206395 +2.508105013e-08 +2.508105013e-08 +1.932500000e+02 +1.932500000e+02
209447 +1.551325113e-08 +1.551325113e-08 +1.932500000e+02 +1.932500000e+02
212430 +8.847507615e-09 +8.847507615e-09 +1.932500000e+02 +1.932500000e+02
% function evaluation | noise-free fitness - Fopt (-1.815000000000e+02) | best noise-free fitness - Fopt | measured fitness | best measured fitness | x1 | x2...
1 +2.839491924e+07 +2.839491924e+07 +2.839473774e+07 +2.839473774e+07
2 +5.428990203e+05 +5.428990203e+05 +5.427175203e+05 +5.427175203e+05
6 +5.051300731e+04 +5.051300731e+04 +5.033150731e+04 +5.033150731e+04
10 +1.267162922e+03 +1.267162922e+03 +1.085662922e+03 +1.085662922e+03
15 +6.898443584e+02 +6.898443584e+02 +5.083443584e+02 +5.083443584e+02
138 +6.098171897e+02 +6.098171897e+02 +4.283171897e+02 +4.283171897e+02
7178 +3.835531437e+02 +3.835531437e+02 +2.020531437e+02 +2.020531437e+02
9341 +2.423634834e+02 +2.423634834e+02 +6.086348338e+01 +6.086348338e+01
10663 +1.563963639e+02 +1.563963639e+02 -2.510363613e+01 -2.510363613e+01
13237 +9.978903562e+01 +9.978903562e+01 -8.171096438e+01 -8.171096438e+01
15477 +6.105179403e+01 +6.105179403e+01 -1.204482060e+02 -1.204482060e+02
18085 +3.661848963e+01 +3.661848963e+01 -1.448815104e+02 -1.448815104e+02
21779 +2.484361621e+01 +2.484361621e+01 -1.566563838e+02 -1.566563838e+02
23918 +1.427621553e+01 +1.427621553e+01 -1.672237845e+02 -1.672237845e+02
26554 +9.239746727e+00 +9.239746727e+00 -1.722602533e+02 -1.722602533e+02
28781 +6.171735167e+00 +6.171735167e+00 -1.753282648e+02 -1.753282648e+02
31310 +3.846127518e+00 +3.846127518e+00 -1.776538725e+02 -1.776538725e+02
34643 +2.503147278e+00 +2.503147278e+00 -1.789968527e+02 -1.789968527e+02
36550 +1.534625381e+00 +1.534625381e+00 -1.799653746e+02 -1.799653746e+02
40066 +8.083124704e-01 +8.083124704e-01 -1.806916875e+02 -1.806916875e+02
42470 +6.207965316e-01 +6.207965316e-01 -1.808792035e+02 -1.808792035e+02
45127 +3.577081232e-01 +3.577081232e-01 -1.811422919e+02 -1.811422919e+02
46541 +2.502157777e-01 +2.502157777e-01 -1.812497842e+02 -1.812497842e+02
49920 +1.456514285e-01 +1.456514285e-01 -1.813543486e+02 -1.813543486e+02
52877 +9.170763333e-02 +9.170763333e-02 -1.814082924e+02 -1.814082924e+02
55575 +5.305883793e-02 +5.305883793e-02 -1.814469412e+02 -1.814469412e+02
57753 +3.969403384e-02 +3.969403384e-02 -1.814603060e+02 -1.814603060e+02
60808 +2.399283231e-02 +2.399283231e-02 -1.814760072e+02 -1.814760072e+02
63284 +1.522534417e-02 +1.522534417e-02 -1.814847747e+02 -1.814847747e+02
65811 +9.918155341e-03 +9.918155341e-03 -1.814900818e+02 -1.814900818e+02
68936 +6.178778503e-03 +6.178778503e-03 -1.814938212e+02 -1.814938212e+02
73343 +3.973071486e-03 +3.973071486e-03 -1.814960269e+02 -1.814960269e+02
76774 +2.501459326e-03 +2.501459326e-03 -1.814974985e+02 -1.814974985e+02
81535 +1.536270972e-03 +1.536270972e-03 -1.814984637e+02 -1.814984637e+02
85131 +9.432823544e-04 +9.432823544e-04 -1.814990567e+02 -1.814990567e+02
90879 +6.278541692e-04 +6.278541692e-04 -1.814993721e+02 -1.814993721e+02
97877 +3.836021379e-04 +3.836021379e-04 -1.814996164e+02 -1.814996164e+02
103023 +2.353627970e-04 +2.353627970e-04 -1.814997646e+02 -1.814997646e+02
108403 +1.493662969e-04 +1.493662969e-04 -1.814998506e+02 -1.814998506e+02
114140 +9.918881656e-05 +9.918881656e-05 -1.814999008e+02 -1.814999008e+02
119044 +6.128467413e-05 +6.128467413e-05 -1.814999387e+02 -1.814999387e+02
126335 +3.918309559e-05 +3.918309559e-05 -1.814999608e+02 -1.814999608e+02
132037 +2.461669592e-05 +2.461669592e-05 -1.814999754e+02 -1.814999754e+02
136368 +1.565254462e-05 +1.565254462e-05 -1.814999843e+02 -1.814999843e+02
138146 +9.007033725e-06 +9.007033725e-06 -1.814999910e+02 -1.814999910e+02
141781 +6.155635901e-06 +6.155635901e-06 -1.814999938e+02 -1.814999938e+02
146031 +3.783135014e-06 +3.783135014e-06 -1.814999962e+02 -1.814999962e+02
150097 +2.511055385e-06 +2.511055385e-06 -1.814999975e+02 -1.814999975e+02
153144 +1.491582680e-06 +1.491582680e-06 -1.814999985e+02 -1.814999985e+02
154897 +9.895508981e-07 +9.895508981e-07 -1.814999990e+02 -1.814999990e+02
158334 +6.275041926e-07 +6.275041926e-07 -1.814999994e+02 -1.814999994e+02
162218 +3.791378447e-07 +3.791378447e-07 -1.814999996e+02 -1.814999996e+02
165142 +2.456146433e-07 +2.456146433e-07 -1.814999998e+02 -1.814999998e+02
168837 +1.503071303e-07 +1.503071303e-07 -1.814999998e+02 -1.814999998e+02
172719 +9.308772064e-08 +9.308772064e-08 -1.814999999e+02 -1.814999999e+02
176358 +6.296204447e-08 +6.296204447e-08 -1.814999999e+02 -1.814999999e+02
179413 +3.853082831e-08 +3.853082831e-08 -1.815000000e+02 -1.815000000e+02
185314 +2.489710482e-08 +2.489710482e-08 -1.815000000e+02 -1.815000000e+02
191164 +1.576216846e-08 +1.576216846e-08 -1.815000000e+02 -1.815000000e+02
193499 +9.594771200e-09 +9.594771200e-09 -1.815000000e+02 -1.815000000e+02
% function evaluation | noise-free fitness - Fopt (4.526200000000e+02) | best noise-free fitness - Fopt | measured fitness | best measured fitness | x1 | x2...
1 +4.995277441e+07 +4.995277441e+07 +4.995322703e+07 +4.995322703e+07
2 +1.037402790e+07 +1.037402790e+07 +1.037448052e+07 +1.037448052e+07
11 +1.274259687e+06 +1.274259687e+06 +1.274712307e+06 +1.274712307e+06
17 +7.009388731e+05 +7.009388731e+05 +7.013914931e+05 +7.013914931e+05
60 +8.257314213e+04 +8.257314213e+04 +8.302576213e+04 +8.302576213e+04
260 +1.444578376e+04 +1.444578376e+04 +1.489840376e+04 +1.489840376e+04
506 +5.238215812e+03 +5.238215812e+03 +5.690835812e+03 +5.690835812e+03
578 +3.000599827e+03 +3.000599827e+03 +3.453219827e+03 +3.453219827e+03
861 +1.699287140e+03 +1.699287140e+03 +2.151907140e+03 +2.151907140e+03
1260 +1.583207657e+03 +1.583207657e+03 +2.035827657e+03 +2.035827657e+03
1625 +9.800824071e+02 +9.800824071e+02 +1.432702407e+03 +1.432702407e+03
5249 +4.973345748e+02 +4.973345748e+02 +9.499545748e+02 +9.499545748e+02
7940 +3.631109639e+02 +3.631109639e+02 +8.157309639e+02 +8.157309639e+02
8400 +2.093686707e+02 +2.093686707e+02 +6.619886707e+02 +6.619886707e+02
12168 +1.578625394e+02 +1.578625394e+02 +6.104825394e+02 +6.104825394e+02
13762 +8.107317381e+01 +8.107317381e+01 +5.336931738e+02 +5.336931738e+02
15748 +6.276825309e+01 +6.276825309e+01 +5.153882531e+02 +5.153882531e+02
18280 +3.806865871e+01 +3.806865871e+01 +4.906886587e+02 +4.906886587e+02
21132 +1.967427805e+01 +1.967427805e+01 +4.722942781e+02 +4.722942781e+02
23460 +1.423677195e+01 +1.423677195e+01 +4.668567720e+02 +4.668567720e+02
25950 +8.966728536e+00 +8.966728536e+00 +4.615867285e+02 +4.615867285e+02
27315 +6.119651692e+00 +6.119651692e+00 +4.587396517e+02 +4.587396517e+02
31960 +3.649694830e+00 +3.649694830e+00 +4.562696948e+02 +4.562696948e+02
36112 +2.444614599e+00 +2.444614599e+00 +4.550646146e+02 +4.550646146e+02
38432 +1.569343820e+00 +1.569343820e+00 +4.541893438e+02 +4.541893438e+02
42726 +9.523267097e-01 +9.523267097e-01 +4.535723267e+02 +4.535723267e+02
46139 +5.810267480e-01 +5.810267480e-01 +4.532010267e+02 +4.532010267e+02
49686 +3.820950508e-01 +3.820950508e-01 +4.530020951e+02 +4.530020951e+02
53148 +2.269383481e-01 +2.269383481e-01 +4.528469383e+02 +4.528469383e+02
55511 +1.556941549e-01 +1.556941549e-01 +4.527756942e+02 +4.527756942e+02
59492 +9.114735645e-02 +9.114735645e-02 +4.527111474e+02 +4.527111474e+02
64087 +6.192377202e-02 +6.192377202e-02 +4.526819238e+02 +4.526819238e+02
67329 +3.933013796e-02 +3.933013796e-02 +4.526593301e+02 +4.526593301e+02
70708 +2.487823849e-02 +2.487823849e-02 +4.526448782e+02 +4.526448782e+02
75812 +1.550740960e-02 +1.550740960e-02 +4.526355074e+02 +4.526355074e+02
77630 +9.930983643e-03 +9.930983643e-03 +4.526299310e+02 +4.526299310e+02
82754 +6.124558952e-03 +6.124558952e-03 +4.526261246e+02 +4.526261246e+02
87130 +3.966319125e-03 +3.966319125e-03 +4.526239663e+02 +4.526239663e+02
90393 +2.311081313e-03 +2.311081313e-03 +4.526223111e+02 +4.526223111e+02
92416 +1.566800349e-03 +1.566800349e-03 +4.526215668e+02 +4.526215668e+02
94962 +9.590779836e-04 +9.590779836e-04 +4.526209591e+02 +4.526209591e+02
98941 +5.791475017e-04 +5.791475017e-04 +4.526205791e+02 +4.526205791e+02
100591 +3.882926608e-04 +3.882926608e-04 +4.526203883e+02 +4.526203883e+02
105810 +2.306855231e-04 +2.306855231e-04 +4.526202307e+02 +4.526202307e+02
108447 +1.437100736e-04 +1.437100736e-04 +4.526201437e+02 +4.526201437e+02
112457 +9.561201341e-05 +9.561201341e-05 +4.526200956e+02 +4.526200956e+02
115068 +6.136159288e-05 +6.136159288e-05 +4.526200614e+02 +4.526200614e+02
117720 +3.592817922e-05 +3.592817922e-05 +4.526200359e+02 +4.526200359e+02
120273 +2.495226818e-05 +2.495226818e-05 +4.526200250e+02 +4.526200250e+02
123069 +1.564213608e-05 +1.564213608e-05 +4.526200156e+02 +4.526200156e+02
128001 +9.285649696e-06 +9.285649696e-06 +4.526200093e+02 +4.526200093e+02
132296 +6.259533734e-06 +6.259533734e-06 +4.526200063e+02 +4.526200063e+02
136823 +3.867117300e-06 +3.867117300e-06 +4.526200039e+02 +4.526200039e+02
140449 +2.401923439e-06 +2.401923439e-06 +4.526200024e+02 +4.526200024e+02
144846 +1.555162839e-06 +1.555162839e-06 +4.526200016e+02 +4.526200016e+02
149044 +9.942926340e-07 +9.942926340e-07 +4.526200010e+02 +4.526200010e+02
151235 +6.217609325e-07 +6.217609325e-07 +4.526200006e+02 +4.526200006e+02
154613 +3.408682119e-07 +3.408682119e-07 +4.526200003e+02 +4.526200003e+02
159079 +2.469467972e-07 +2.469467972e-07 +4.526200002e+02 +4.526200002e+02
161796 +1.549336730e-07 +1.549336730e-07 +4.526200002e+02 +4.526200002e+02
165382 +9.928879763e-08 +9.928879763e-08 +4.526200001e+02 +4.526200001e+02
170812 +6.239719141e-08 +6.239719141e-08 +4.526200001e+02 +4.526200001e+02
174039 +3.863050324e-08 +3.863050324e-08 +4.526200000e+02 +4.526200000e+02
178910 +2.431738721e-08 +2.431738721e-08 +4.526200000e+02 +4.526200000e+02
182444 +1.459852683e-08 +1.459852683e-08 +4.526200000e+02 +4.526200000e+02
187510 +9.953396329e-09 +9.953396329e-09 +4.526200000e+02 +4.526200000e+02
% function evaluation | noise-free fitness - Fopt (-1.184600000000e+02) | best noise-free fitness - Fopt | measured fitness | best measured fitness | x1 | x2...
1 +7.841754515e+06 +7.841754515e+06 +7.841636055e+06 +7.841636055e+06
3 +5.792366623e+06 +5.792366623e+06 +5.792248163e+06 +5.792248163e+06
4 +1.301104313e+04 +1.301104313e+04 +1.289258313e+04 +1.289258313e+04
51 +4.217341042e+03 +4.217341042e+03 +4.098881042e+03 +4.098881042e+03
176 +3.953690298e+03 +3.953690298e+03 +3.835230298e+03 +3.835230298e+03
190 +6.287395368e+02 +6.287395368e+02 +5.102795368e+02 +5.102795368e+02
1431 +3.600616617e+02 +3.600616617e+02 +2.416016617e+02 +2.416016617e+02
7624 +2.455713364e+02 +2.455713364e+02 +1.271113364e+02 +1.271113364e+02
10404 +1.556866224e+02 +1.556866224e+02 +3.722662244e+01 +3.722662244e+01
12456 +9.809178715e+01 +9.809178715e+01 -2.036821285e+01 -2.036821285e+01
15411 +6.152952684e+01 +6.152952684e+01 -5.693047316e+01 -5.693047316e+01
17781 +3.748922827e+01 +3.748922827e+01 -8.097077173e+01 -8.097077173e+01
20247 +2.336517476e+01 +2.336517476e+01 -9.509482524e+01 -9.509482524e+01
23535 +1.569374065e+01 +1.569374065e+01 -1.027662594e+02 -1.027662594e+02
28596 +9.814009518e+00 +9.814009518e+00 -1.086459905e+02 -1.086459905e+02
32778 +5.695585436e+00 +5.695585436e+00 -1.127644146e+02 -1.127644146e+02
36790 +3.896417345e+00 +3.896417345e+00 -1.145635827e+02 -1.145635827e+02
42422 +2.435573510e+00 +2.435573510e+00 -1.160244265e+02 -1.160244265e+02
48163 +1.559697282e+00 +1.559697282e+00 -1.169003027e+02 -1.169003027e+02
52646 +8.879329003e-01 +8.879329003e-01 -1.175720671e+02 -1.175720671e+02
58449 +6.206388654e-01 +6.206388654e-01 -1.178393611e+02 -1.178393611e+02
63331 +3.747498969e-01 +3.747498969e-01 -1.180852501e+02 -1.180852501e+02
70086 +2.437263334e-01 +2.437263334e-01 -1.182162737e+02 -1.182162737e+02
77217 +1.559364558e-01 +1.559364558e-01 -1.183040635e+02 -1.183040635e+02
83435 +9.508983884e-02 +9.508983884e-02 -1.183649102e+02 -1.183649102e+02
89104 +6.165360814e-02 +6.165360814e-02 -1.183983464e+02 -1.183983464e+02
94357 +3.791503244e-02 +3.791503244e-02 -1.184220850e+02 -1.184220850e+02
98040 +2.471720858e-02 +2.471720858e-02 -1.184352828e+02 -1.184352828e+02
100860 +1.531850779e-02 +1.531850779e-02 -1.184446815e+02 -1.184446815e+02
104032 +9.654633753e-03 +9.654633753e-03 -1.184503454e+02 -1.184503454e+02
107561 +6.066210285e-03 +6.066210285e-03 -1.184539338e+02 -1.184539338e+02
112128 +3.937967735e-03 +3.937967735e-03 -1.184560620e+02 -1.184560620e+02
116241 +2.471455619e-03 +2.471455619e-03 -1.184575285e+02 -1.184575285e+02
121998 +1.547852122e-03 +1.547852122e-03 -1.184584521e+02 -1.184584521e+02
124417 +9.822958673e-04 +9.822958673e-04 -1.184590177e+02 -1.184590177e+02
128871 +6.098133144e-04 +6.098133144e-04 -1.184593902e+02 -1.184593902e+02
133257 +3.761992873e-04 +3.761992873e-04 -1.184596238e+02 -1.184596238e+02
138906 +2.414926574e-04 +2.414926574e-04 -1.184597585e+02 -1.184597585e+02
141092 +1.576341224e-04 +1.576341224e-04 -1.184598424e+02 -1.184598424e+02
145541 +8.574627887e-05 +8.574627887e-05 -1.184599143e+02 -1.184599143e+02
148922 +5.535263138e-05 +5.535263138e-05 -1.184599446e+02 -1.184599446e+02
152118 +3.864922687e-05 +3.864922687e-05 -1.184599614e+02 -1.184599614e+02
155286 +2.387598522e-05 +2.387598522e-05 -1.184599761e+02 -1.184599761e+02
159505 +1.583144910e-05 +1.583144910e-05 -1.184599842e+02 -1.184599842e+02
161705 +9.404357428e-06 +9.404357428e-06 -1.184599906e+02 -1.184599906e+02
165266 +6.145117908e-06 +6.145117908e-06 -1.184599939e+02 -1.184599939e+02
169272 +3.953947527e-06 +3.953947527e-06 -1.184599960e+02 -1.184599960e+02
172138 +2.505810556e-06 +2.505810556e-06 -1.184599975e+02 -1.184599975e+02
175617 +1.533756858e-06 +1.533756858e-06 -1.184599985e+02 -1.184599985e+02
180255 +9.624898780e-07 +9.624898780e-07 -1.184599990e+02 -1.184599990e+02
184458 +6.307849674e-07 +6.307849674e-07 -1.184599994e+02 -1.184599994e+02
188918 +3.716234716e-07 +3.716234716e-07 -1.184599996e+02 -1.184599996e+02
192875 +2.445306393e-07 +2.445306393e-07 -1.184599998e+02 -1.184599998e+02
196938 +1.342635443e-07 +1.342635443e-07 -1.184599999e+02 -1.184599999e+02
202016 +9.103865750e-08 +9.103865750e-08 -1.184599999e+02 -1.184599999e+02
206614 +6.143315545e-08 +6.143315545e-08 -1.184599999e+02 -1.184599999e+02
209921 +3.972608908e-08 +3.972608908e-08 -1.184600000e+02 -1.184600000e+02
212819 +2.375169572e-08 +2.375169572e-08 -1.184600000e+02 -1.184600000e+02
215116 +1.552864148e-08 +1.552864148e-08 -1.184600000e+02 -1.184600000e+02
219375 +9.478029028e-09 +9.478029028e-09 -1.184600000e+02 -1.184600000e+02
% function evaluation | noise-free fitness - Fopt (9.973000000000e+01) | best noise-free fitness - Fopt | measured fitness | best measured fitness | x1 | x2...
1 +6.694374011e+06 +6.694374011e+06 +6.694473741e+06 +6.694473741e+06
5 +2.643597987e+06 +2.643597987e+06 +2.643697717e+06 +2.643697717e+06
6 +1.560308054e+05 +1.560308054e+05 +1.561305354e+05 +1.561305354e+05
96 +7.092660615e+04 +7.092660615e+04 +7.102633615e+04 +7.102633615e+04
117 +5.475901226e+04 +5.475901226e+04 +5.485874226e+04 +5.485874226e+04
128 +1.389344864e+03 +1.389344864e+03 +1.489074864e+03 +1.489074864e+03
136 +4.523606249e+02 +4.523606249e+02 +5.520906249e+02 +5.520906249e+02
5443 +3.560881221e+02 +3.560881221e+02 +4.558181221e+02 +4.558181221e+02
8656 +2.271122966e+02 +2.271122966e+02 +3.268422966e+02 +3.268422966e+02
10333 +1.509349658e+02 +1.509349658e+02 +2.506649658e+02 +2.506649658e+02
13025 +9.138960639e+01 +9.138960639e+01 +1.911196064e+02 +1.911196064e+02
14960 +6.298489479e+01 +6.298489479e+01 +1.627148948e+02 +1.627148948e+02
17396 +3.871207554e+01 +3.871207554e+01 +1.384420755e+02 +1.384420755e+02
20018 +2.424526898e+01 +2.424526898e+01 +1.239752690e+02 +1.239752690e+02
23071 +1.534733346e+01 +1.534733346e+01 +1.150773335e+02 +1.150773335e+02
25530 +9.510430199e+00 +9.510430199e+00 +1.092404302e+02 +1.092404302e+02
28151 +6.294681701e+00 +6.294681701e+00 +1.060246817e+02 +1.060246817e+02
30464 +3.889874727e+00 +3.889874727e+00 +1.036198747e+02 +1.036198747e+02
33331 +2.437964550e+00 +2.437964550e+00 +1.021679645e+02 +1.021679645e+02
36081 +1.387002826e+00 +1.387002826e+00 +1.011170028e+02 +1.011170028e+02
39609 +9.913840304e-01 +9.913840304e-01 +1.007213840e+02 +1.007213840e+02
43245 +6.053068753e-01 +6.053068753e-01 +1.003353069e+02 +1.003353069e+02
47507 +3.886282946e-01 +3.886282946e-01 +1.001186283e+02 +1.001186283e+02
51457 +2.470658607e-01 +2.470658607e-01 +9.997706586e+01 +9.997706586e+01
55557 +1.531652192e-01 +1.531652192e-01 +9.988316522e+01 +9.988316522e+01
61698 +9.955097856e-02 +9.955097856e-02 +9.982955098e+01 +9.982955098e+01
66570 +6.284008100e-02 +6.284008100e-02 +9.979284008e+01 +9.979284008e+01
70595 +3.919751095e-02 +3.919751095e-02 +9.976919751e+01 +9.976919751e+01
73380 +2.301949149e-02 +2.301949149e-02 +9.975301949e+01 +9.975301949e+01
76453 +1.514041045e-02 +1.514041045e-02 +9.974514041e+01 +9.974514041e+01
79375 +9.231182795e-03 +9.231182795e-03 +9.973923118e+01 +9.973923118e+01
82757 +6.211227078e-03 +6.211227078e-03 +9.973621123e+01 +9.973621123e+01
85502 +3.972899590e-03 +3.972899590e-03 +9.973397290e+01 +9.973397290e+01
87034 +2.498104641e-03 +2.498104641e-03 +9.973249810e+01 +9.973249810e+01
91440 +1.488884066e-03 +1.488884066e-03 +9.973148888e+01 +9.973148888e+01
95391 +8.937709654e-04 +8.937709654e-04 +9.973089377e+01 +9.973089377e+01
98110 +6.102278858e-04 +6.102278858e-04 +9.973061023e+01 +9.973061023e+01
102478 +3.722435139e-04 +3.722435139e-04 +9.973037224e+01 +9.973037224e+01
106658 +2.487634562e-04 +2.487634562e-04 +9.973024876e+01 +9.973024876e+01
110494 +1.428152152e-04 +1.428152152e-04 +9.973014282e+01 +9.973014282e+01
115088 +9.923959630e-05 +9.923959630e-05 +9.973009924e+01 +9.973009924e+01
119283 +5.998270291e-05 +5.998270291e-05 +9.973005998e+01 +9.973005998e+01
125693 +3.976383756e-05 +3.976383756e-05 +9.973003976e+01 +9.973003976e+01
130424 +2.508846435e-05 +2.508846435e-05 +9.973002509e+01 +9.973002509e+01
135778 +1.583900094e-05 +1.583900094e-05 +9.973001584e+01 +9.973001584e+01
139394 +9.849847288e-06 +9.849847288e-06 +9.973000985e+01 +9.973000985e+01
143733 +6.132199715e-06 +6.132199715e-06 +9.973000613e+01 +9.973000613e+01
146877 +3.968820522e-06 +3.968820522e-06 +9.973000397e+01 +9.973000397e+01
150295 +2.501972489e-06 +2.501972489e-06 +9.973000250e+01 +9.973000250e+01
153619 +1.557223456e-06 +1.557223456e-06 +9.973000156e+01 +9.973000156e+01
156922 +9.865424744e-07 +9.865424744e-07 +9.973000099e+01 +9.973000099e+01
159786 +5.921821042e-07 +5.921821042e-07 +9.973000059e+01 +9.973000059e+01
162909 +3.659066863e-07 +3.659066863e-07 +9.973000037e+01 +9.973000037e+01
165299 +2.334631972e-07 +2.334631972e-07 +9.973000023e+01 +9.973000023e+01
169866 +1.523422668e-07 +1.523422668e-07 +9.973000015e+01 +9.973000015e+01
172509 +9.917586397e-08 +9.917586397e-08 +9.973000010e+01 +9.973000010e+01
175038 +6.103189776e-08 +6.103189776e-08 +9.973000006e+01 +9.973000006e+01
178432 +3.918268021e-08 +3.918268021e-08 +9.973000004e+01 +9.973000004e+01
181692 +2.488310713e-08 +2.488310713e-08 +9.973000002e+01 +9.973000002e+01
186664 +1.577757303e-08 +1.577757303e-08 +9.973000002e+01 +9.973000002e+01
189694 +9.605230389e-09 +9.605230389e-09 +9.973000001e+01 +9.973000001e+01
% function evaluation | noise-free fitness - Fopt (4.044000000000e+01) | best noise-free fitness - Fopt | measured fitness | best measured fitness | x1 | x2...
1 +2.627032580e+05 +2.627032580e+05 +2.627436980e+05 +2.627436980e+05
7 +1.963847409e+05 +1.963847409e+05 +1.964251809e+05 +1.964251809e+05
14 +4.551415889e+04 +4.551415889e+04 +4.555459889e+04 +4.555459889e+04
29 +3.019265479e+04 +3.019265479e+04 +3.023309479e+04 +3.023309479e+04
42 +9.818466085e+03 +9.818466085e+03 +9.858906085e+03 +9.858906085e+03
181 +2.612788655e+03 +2.612788655e+03 +2.653228655e+03 +2.653228655e+03
183 +4.488129312e+02 +4.488129312e+02 +4.892529312e+02 +4.892529312e+02
5065 +3.550032586e+02 +3.550032586e+02 +3.954432586e+02 +3.954432586e+02
8006 +2.222425297e+02 +2.222425297e+02 +2.626825297e+02 +2.626825297e+02
9308 +1.465705556e+02 +1.465705556e+02 +1.870105556e+02 +1.870105556e+02
11208 +9.633892012e+01 +9.633892012e+01 +1.367789201e+02 +1.367789201e+02
13692 +6.028224285e+01 +6.028224285e+01 +1.007222429e+02 +1.007222429e+02
16120 +3.961470647e+01 +3.961470647e+01 +8.005470647e+01 +8.005470647e+01
18512 +2.479454794e+01 +2.479454794e+01 +6.523454794e+01 +6.523454794e+01
20769 +1.502833654e+01 +1.502833654e+01 +5.546833654e+01 +5.546833654e+01
23741 +9.020388884e+00 +9.020388884e+00 +4.946038888e+01 +4.946038888e+01
26481 +5.156722282e+00 +5.156722282e+00 +4.559672228e+01 +4.559672228e+01
28994 +3.916530901e+00 +3.916530901e+00 +4.435653090e+01 +4.435653090e+01
33152 +2.406138972e+00 +2.406138972e+00 +4.284613897e+01 +4.284613897e+01
36564 +1.525540117e+00 +1.525540117e+00 +4.196554012e+01 +4.196554012e+01
40865 +9.411970010e-01 +9.411970010e-01 +4.138119700e+01 +4.138119700e+01
44804 +6.280684629e-01 +6.280684629e-01 +4.106806846e+01 +4.106806846e+01
49824 +3.886578773e-01 +3.886578773e-01 +4.082865788e+01 +4.082865788e+01
56841 +2.500572661e-01 +2.500572661e-01 +4.069005727e+01 +4.069005727e+01
60345 +1.554792121e-01 +1.554792121e-01 +4.059547921e+01 +4.059547921e+01
65024 +9.058002940e-02 +9.058002940e-02 +4.053058003e+01 +4.053058003e+01
69382 +5.925932341e-02 +5.925932341e-02 +4.049925932e+01 +4.049925932e+01
73482 +3.957266714e-02 +3.957266714e-02 +4.047957267e+01 +4.047957267e+01
78135 +2.474931453e-02 +2.474931453e-02 +4.046474931e+01 +4.046474931e+01
82160 +1.474575537e-02 +1.474575537e-02 +4.045474576e+01 +4.045474576e+01
84831 +9.406042352e-03 +9.406042352e-03 +4.044940604e+01 +4.044940604e+01
87819 +5.620335760e-03 +5.620335760e-03 +4.044562034e+01 +4.044562034e+01
90738 +3.924660980e-03 +3.924660980e-03 +4.044392466e+01 +4.044392466e+01
93242 +2.443520406e-03 +2.443520406e-03 +4.044244352e+01 +4.044244352e+01
97665 +1.539328057e-03 +1.539328057e-03 +4.044153933e+01 +4.044153933e+01
100533 +9.516345210e-04 +9.516345210e-04 +4.044095163e+01 +4.044095163e+01
103030 +6.191820269e-04 +6.191820269e-04 +4.044061918e+01 +4.044061918e+01
106840 +3.802234055e-04 +3.802234055e-04 +4.044038022e+01 +4.044038022e+01
110406 +2.420518553e-04 +2.420518553e-04 +4.044024205e+01 +4.044024205e+01
113717 +1.387865048e-04 +1.387865048e-04 +4.044013879e+01 +4.044013879e+01
115797 +9.686971403e-05 +9.686971403e-05 +4.044009687e+01 +4.044009687e+01
118759 +6.172741295e-05 +6.172741295e-05 +4.044006173e+01 +4.044006173e+01
122962 +3.964790893e-05 +3.964790893e-05 +4.044003965e+01 +4.044003965e+01
126575 +2.508924345e-05 +2.508924345e-05 +4.044002509e+01 +4.044002509e+01
130325 +1.474225273e-05 +1.474225273e-05 +4.044001474e+01 +4.044001474e+01
132445 +9.482452910e-06 +9.482452910e-06 +4.044000948e+01 +4.044000948e+01
134908 +6.278100898e-06 +6.278100898e-06 +4.044000628e+01 +4.044000628e+01
138138 +3.946733074e-06 +3.946733074e-06 +4.044000395e+01 +4.044000395e+01
140436 +2.335666736e-06 +2.335666736e-06 +4.044000234e+01 +4.044000234e+01
143577 +1.574391476e-06 +1.574391476e-06 +4.044000157e+01 +4.044000157e+01
146352 +8.554935746e-07 +8.554935746e-07 +4.044000086e+01 +4.044000086e+01
148067 +5.622895642e-07 +5.622895642e-07 +4.044000056e+01 +4.044000056e+01
150471 +3.949947640e-07 +3.949947640e-07 +4.044000039e+01 +4.044000039e+01
154285 +2.399183785e-07 +2.399183785e-07 +4.044000024e+01 +4.044000024e+01
157850 +1.584698879e-07 +1.584698879e-07 +4.044000016e+01 +4.044000016e+01
161195 +9.793132705e-08 +9.793132705e-08 +4.044000010e+01 +4.044000010e+01
164461 +5.900456301e-08 +5.900456301e-08 +4.044000006e+01 +4.044000006e+01
168341 +3.899345558e-08 +3.899345558e-08 +4.044000004e+01 +4.044000004e+01
173292 +2.469091953e-08 +2.469091953e-08 +4.044000002e+01 +4.044000002e+01
178462 +1.551425299e-08 +1.551425299e-08 +4.044000002e+01 +4.044000002e+01
182452 +9.986024452e-09 +9.986024452e-09 +4.044000001e+01 +4.044000001e+01
% function evaluation | noise-free fitness - Fopt (-1.216000000000e+02) | best noise-free fitness - Fopt | measured fitness | best measured fitness | x1 | x2...
1 +2.464586652e+07 +2.464586652e+07 +2.464574492e+07 +2.464574492e+07
2 +4.980079377e+06 +4.980079377e+06 +4.979957777e+06 +4.979957777e+06
4 +2.312017643e+06 +2.312017643e+06 +2.311896043e+06 +2.311896043e+06
5 +1.445784701e+03 +1.445784701e+03 +1.324184701e+03 +1.324184701e+03
8 +6.652190832e+02 +6.652190832e+02 +5.436190832e+02 +5.436190832e+02
411 +4.424295076e+02 +4.424295076e+02 +3.208295076e+02 +3.208295076e+02
6665 +3.734557531e+02 +3.734557531e+02 +2.518557531e+02 +2.518557531e+02
8337 +2.367638426e+02 +2.367638426e+02 +1.151638426e+02 +1.151638426e+02
9748 +1.514674904e+02 +1.514674904e+02 +2.986749044e+01 +2.986749044e+01
12710 +9.468349478e+01 +9.468349478e+01 -2.691650522e+01 -2.691650522e+01
13635 +5.377398669e+01 +5.377398669e+01 -6.782601331e+01 -6.782601331e+01
17281 +3.434103273e+01 +3.434103273e+01 -8.725896727e+01 -8.725896727e+01
19723 +2.348571206e+01 +2.348571206e+01 -9.811428794e+01 -9.811428794e+01
22659 +1.527095127e+01 +1.527095127e+01 -1.063290487e+02 -1.063290487e+02
25032 +9.924370380e+00 +9.924370380e+00 -1.116756296e+02 -1.116756296e+02
28077 +4.665212587e+00 +4.665212587e+00 -1.169347874e+02 -1.169347874e+02
30357 +3.833917750e+00 +3.833917750e+00 -1.177660823e+02 -1.177660823e+02
36377 +2.490313196e+00 +2.490313196e+00 -1.191096868e+02 -1.191096868e+02
39672 +1.578498418e+00 +1.578498418e+00 -1.200215016e+02 -1.200215016e+02
45520 +9.952014516e-01 +9.952014516e-01 -1.206047985e+02 -1.206047985e+02
50013 +6.072139201e-01 +6.072139201e-01 -1.209927861e+02 -1.209927861e+02
54373 +3.906215036e-01 +3.906215036e-01 -1.212093785e+02 -1.212093785e+02
57401 +2.457408281e-01 +2.457408281e-01 -1.213542592e+02 -1.213542592e+02
59705 +1.508726017e-01 +1.508726017e-01 -1.214491274e+02 -1.214491274e+02
62138 +9.861491682e-02 +9.861491682e-02 -1.215013851e+02 -1.215013851e+02
65660 +6.024902913e-02 +6.024902913e-02 -1.215397510e+02 -1.215397510e+02
70052 +3.711730963e-02 +3.711730963e-02 -1.215628827e+02 -1.215628827e+02
74672 +2.480064114e-02 +2.480064114e-02 -1.215751994e+02 -1.215751994e+02
77685 +1.566239499e-02 +1.566239499e-02 -1.215843376e+02 -1.215843376e+02
80876 +9.582622395e-03 +9.582622395e-03 -1.215904174e+02 -1.215904174e+02
84794 +6.173573573e-03 +6.173573573e-03 -1.215938264e+02 -1.215938264e+02
88380 +3.906082878e-03 +3.906082878e-03 -1.215960939e+02 -1.215960939e+02
92083 +2.445806030e-03 +2.445806030e-03 -1.215975542e+02 -1.215975542e+02
95272 +1.520240146e-03 +1.520240146e-03 -1.215984798e+02 -1.215984798e+02
99190 +9.640362923e-04 +9.640362923e-04 -1.215990360e+02 -1.215990360e+02
102112 +5.759388953e-04 +5.759388953e-04 -1.215994241e+02 -1.215994241e+02
104595 +3.634302546e-04 +3.634302546e-04 -1.215996366e+02 -1.215996366e+02
108464 +2.492346814e-04 +2.492346814e-04 -1.215997508e+02 -1.215997508e+02
112760 +1.581277611e-04 +1.581277611e-04 -1.215998419e+02 -1.215998419e+02
116705 +9.570495151e-05 +9.570495151e-05 -1.215999043e+02 -1.215999043e+02
120686 +6.254984530e-05 +6.254984530e-05 -1.215999375e+02 -1.215999375e+02
124154 +3.954836238e-05 +3.954836238e-05 -1.215999605e+02 -1.215999605e+02
126653 +2.421068289e-05 +2.421068289e-05 -1.215999758e+02 -1.215999758e+02
131412 +1.422143684e-05 +1.422143684e-05 -1.215999858e+02 -1.215999858e+02
134120 +9.450499817e-06 +9.450499817e-06 -1.215999905e+02 -1.215999905e+02
138030 +6.289783272e-06 +6.289783272e-06 -1.215999937e+02 -1.215999937e+02
141174 +3.821774982e-06 +3.821774982e-06 -1.215999962e+02 -1.215999962e+02
144876 +2.307026662e-06 +2.307026662e-06 -1.215999977e+02 -1.215999977e+02
148963 +1.529002375e-06 +1.529002375e-06 -1.215999985e+02 -1.215999985e+02
152554 +9.780159616e-07 +9.780159616e-07 -1.215999990e+02 -1.215999990e+02
156609 +6.294562525e-07 +6.294562525e-07 -1.215999994e+02 -1.215999994e+02
160267 +3.955465928e-07 +3.955465928e-07 -1.215999996e+02 -1.215999996e+02
163660 +2.482744037e-07 +2.482744037e-07 -1.215999998e+02 -1.215999998e+02
166678 +1.556557265e-07 +1.556557265e-07 -1.215999998e+02 -1.215999998e+02
169784 +9.606105777e-08 +9.606105777e-08 -1.215999999e+02 -1.215999999e+02
173235 +5.957004134e-08 +5.957004134e-08 -1.215999999e+02 -1.215999999e+02
178093 +3.948261451e-08 +3.948261451e-08 -1.216000000e+02 -1.216000000e+02
181501 +2.456964410e-08 +2.456964410e-08 -1.216000000e+02 -1.216000000e+02
184887 +1.544941597e-08 +1.544941597e-08 -1.216000000e+02 -1.216000000e+02
190932 +9.901924614e-09 +9.901924614e-09 -1.216000000e+02 -1.216000000e+02
% function evaluation | noise-free fitness - Fopt (-3.811000000000e+01) | best noise-free fitness - Fopt | measured fitness | best measured fitness | x1 | x2...
1 +5.813470750e+07 +5.813470750e+07 +5.813466939e+07 +5.813466939e+07
5 +2.863265410e+06 +2.863265410e+06 +2.863227300e+06 +2.863227300e+06
9 +1.014008609e+03 +1.014008609e+03 +9.758986090e+02 +9.758986090e+02
82 +6.250443410e+02 +6.250443410e+02 +5.869343410e+02 +5.869343410e+02
6155 +3.547150253e+02 +3.547150253e+02 +3.166050253e+02 +3.166050253e+02
9204 +2.300899277e+02 +2.300899277e+02 +1.919799277e+02 +1.919799277e+02
10379 +1.470584510e+02 +1.470584510e+02 +1.089484510e+02 +1.089484510e+02
12132 +9.410845310e+01 +9.410845310e+01 +5.599845310e+01 +5.599845310e+01
14505 +6.279164384e+01 +6.279164384e+01 +2.468164384e+01 +2.468164384e+01
16811 +3.883734294e+01 +3.883734294e+01 +7.273429406e-01 +7.273429406e-01
19262 +2.011148466e+01 +2.011148466e+01 -1.799851534e+01 -1.799851534e+01
22136 +1.501959776e+01 +1.501959776e+01 -2.309040224e+01 -2.309040224e+01
24456 +8.494738531e+00 +8.494738531e+00 -2.961526147e+01 -2.961526147e+01
26780 +5.453838032e+00 +5.453838032e+00 -3.265616197e+01 -3.265616197e+01
28896 +3.783369943e+00 +3.783369943e+00 -3.432663006e+01 -3.432663006e+01
31733 +2.479658186e+00 +2.479658186e+00 -3.563034181e+01 -3.563034181e+01
34463 +1.528206822e+00 +1.528206822e+00 -3.658179318e+01 -3.658179318e+01
37751 +9.650657388e-01 +9.650657388e-01 -3.714493426e+01 -3.714493426e+01
41348 +6.247332459e-01 +6.247332459e-01 -3.748526675e+01 -3.748526675e+01
43395 +3.649820373e-01 +3.649820373e-01 -3.774501796e+01 -3.774501796e+01
47144 +2.509792795e-01 +2.509792795e-01 -3.785902072e+01 -3.785902072e+01
49932 +1.518193214e-01 +1.518193214e-01 -3.795818068e+01 -3.795818068e+01
53715 +9.802135989e-02 +9.802135989e-02 -3.801197864e+01 -3.801197864e+01
57799 +6.266600995e-02 +6.266600995e-02 -3.804733399e+01 -3.804733399e+01
61269 +3.914336923e-02 +3.914336923e-02 -3.807085663e+01 -3.807085663e+01
64661 +2.399776167e-02 +2.399776167e-02 -3.808600224e+01 -3.808600224e+01
68474 +1.500652801e-02 +1.500652801e-02 -3.809499347e+01 -3.809499347e+01
71225 +9.662849788e-03 +9.662849788e-03 -3.810033715e+01 -3.810033715e+01
73394 +6.035431997e-03 +6.035431997e-03 -3.810396457e+01 -3.810396457e+01
76688 +3.722497042e-03 +3.722497042e-03 -3.810627750e+01 -3.810627750e+01
81232 +2.481603347e-03 +2.481603347e-03 -3.810751840e+01 -3.810751840e+01
85275 +1.478457927e-03 +1.478457927e-03 -3.810852154e+01 -3.810852154e+01
88692 +9.810597992e-04 +9.810597992e-04 -3.810901894e+01 -3.810901894e+01
93682 +6.223045715e-04 +6.223045715e-04 -3.810937770e+01 -3.810937770e+01
99008 +3.813542831e-04 +3.813542831e-04 -3.810961865e+01 -3.810961865e+01
107343 +2.446764934e-04 +2.446764934e-04 -3.810975532e+01 -3.810975532e+01
113634 +1.569642668e-04 +1.569642668e-04 -3.810984304e+01 -3.810984304e+01
117765 +9.846940368e-05 +9.846940368e-05 -3.810990153e+01 -3.810990153e+01
121060 +6.208372823e-05 +6.208372823e-05 -3.810993792e+01 -3.810993792e+01
124324 +3.856590512e-05 +3.856590512e-05 -3.810996143e+01 -3.810996143e+01
129752 +2.240231897e-05 +2.240231897e-05 -3.810997760e+01 -3.810997760e+01
133290 +1.528813090e-05 +1.528813090e-05 -3.810998471e+01 -3.810998471e+01
137278 +9.681505801e-06 +9.681505801e-06 -3.810999032e+01 -3.810999032e+01
141882 +6.225870415e-06 +6.225870415e-06 -3.810999377e+01 -3.810999377e+01
145807 +3.918876807e-06 +3.918876807e-06 -3.810999608e+01 -3.810999608e+01
149360 +2.479974277e-06 +2.479974277e-06 -3.810999752e+01 -3.810999752e+01
152527 +1.277618601e-06 +1.277618601e-06 -3.810999872e+01 -3.810999872e+01
157987 +9.639266381e-07 +9.639266381e-07 -3.810999904e+01 -3.810999904e+01
161395 +6.124711973e-07 +6.124711973e-07 -3.810999939e+01 -3.810999939e+01
166132 +3.973441309e-07 +3.973441309e-07 -3.810999960e+01 -3.810999960e+01
171429 +2.480482948e-07 +2.480482948e-07 -3.810999975e+01 -3.810999975e+01
177450 +1.583050917e-07 +1.583050917e-07 -3.810999984e+01 -3.810999984e+01
182411 +9.464255868e-08 +9.464255868e-08 -3.810999991e+01 -3.810999991e+01
188265 +6.083453741e-08 +6.083453741e-08 -3.810999994e+01 -3.810999994e+01
192962 +3.842602325e-08 +3.842602325e-08 -3.810999996e+01 -3.810999996e+01
198090 +2.486247297e-08 +2.486247297e-08 -3.810999998e+01 -3.810999998e+01
205736 +1.582533571e-08 +1.582533571e-08 -3.810999998e+01 -3.810999998e+01
212157 +9.569440351e-09 +9.569440351e-09 -3.810999999e+01 -3.810999999e+01
