% function evaluation | noise-free fitness - Fopt (-1.694000000000e+01) | best noise-free fitness - Fopt | measured fitness | best measured fitness | x1 | x2...
1 +1.586999571e+03 +1.586999571e+03 +1.570059571e+03 +1.570059571e+03 -4.7518e+00 +3.4190e+00 +4.9726e+00 +7.8123e-02 +4.9552e+00
2 +3.526188387e+02 +3.526188387e+02 +3.356788387e+02 +3.356788387e+02 -3.2494e+00 +1.4763e+00 +3.9039e+00 -4.0982e+00 -1.9670e+00
3 +1.662618064e+02 +1.662618064e+02 +1.493218064e+02 +1.493218064e+02 +1.6766e-01 -2.2473e+00 +3.4143e+00 -1.9282e+00 +2.0343e+00
4 +7.740098593e+01 +7.740098593e+01 +6.046098593e+01 +6.046098593e+01 +3.4351e+00 -4.2410e+00 -2.1758e+00 +2.0232e+00 +1.7815e+00
16 +4.464772572e+01 +4.464772572e+01 +2.770772572e+01 +2.770772572e+01 +2.1166e+00 -3.0815e+00 +2.4587e-01 +4.3025e+00 -2.3845e-01
117 +3.180675851e+01 +3.180675851e+01 +1.486675851e+01 +1.486675851e+01 +6.1681e+00 +3.7088e+00 -1.5959e-01 +1.4767e+00 +2.0052e+00
139 +2.414628226e+01 +2.414628226e+01 +7.206282264e+00 +7.206282264e+00 +1.4802e+00 +4.9138e-01 -8.9158e-01 +2.0413e+00 +2.5339e+00
195 +1.126575662e+01 +1.126575662e+01 -5.674243380e+00 -5.674243380e+00 +3.6379e+00 +4.9451e+00 -5.9261e-01 +4.7065e-01 +1.7823e+00
560 +9.048092685e+00 +9.048092685e+00 -7.891907315e+00 -7.891907315e+00 +3.1154e+00 +6.4408e-01 -1.3180e+00 +3.4566e+00 -2.3860e-01
613 +6.114601320e+00 +6.114601320e+00 -1.082539868e+01 -1.082539868e+01 +2.8440e+00 +1.6740e+00 -2.2722e+00 +2.7222e+00 +1.0115e+00
874 +3.493836298e+00 +3.493836298e+00 -1.344616370e+01 -1.344616370e+01 +1.3847e+00 +1.3945e+00 -2.6785e+00 +2.7903e+00 +2.3625e-01
1350 +2.269274462e+00 +2.269274462e+00 -1.467072554e+01 -1.467072554e+01 +3.3324e+00 +2.3348e+00 -1.7561e+00 +1.6534e+00 +1.4552e+00
1615 +1.158127669e+00 +1.158127669e+00 -1.578187233e+01 -1.578187233e+01 +3.1035e+00 +2.1489e+00 -1.7993e+00 +1.7476e+00 +1.2136e+00
1618 +9.423881082e-01 +9.423881082e-01 -1.599761189e+01 -1.599761189e+01 +2.8149e+00 +1.7849e+00 -1.9815e+00 +2.1840e+00 +1.1586e+00
2256 +6.164349573e-01 +6.164349573e-01 -1.632356504e+01 -1.632356504e+01 +3.3423e+00 +2.5467e+00 -1.6191e+00 +1.5267e+00 +1.3930e+00
2352 +3.715012927e-01 +3.715012927e-01 -1.656849871e+01 -1.656849871e+01 +3.7747e+00 +2.7129e+00 -1.4513e+00 +1.3095e+00 +1.4328e+00
2799 +2.045755613e-01 +2.045755613e-01 -1.673542444e+01 -1.673542444e+01 +3.3963e+00 +2.3918e+00 -1.6844e+00 +1.6299e+00 +1.3429e+00
2898 +1.296447731e-01 +1.296447731e-01 -1.681035523e+01 -1.681035523e+01 +3.5874e+00 +2.4516e+00 -1.5898e+00 +1.5497e+00 +1.3817e+00
3686 +9.839476101e-02 +9.839476101e-02 -1.684160524e+01 -1.684160524e+01 +3.6200e+00 +2.5137e+00 -1.5583e+00 +1.5039e+00 +1.3867e+00
3992 +5.440448627e-02 +5.440448627e-02 -1.688559551e+01 -1.688559551e+01 +3.6151e+00 +2.5145e+00 -1.5549e+00 +1.4950e+00 +1.3842e+00
4183 +3.919331180e-02 +3.919331180e-02 -1.690080669e+01 -1.690080669e+01 +3.6586e+00 +2.5335e+00 -1.5336e+00 +1.4785e+00 +1.3929e+00
4802 +2.242817220e-02 +2.242817220e-02 -1.691757183e+01 -1.691757183e+01 +3.6650e+00 +2.5488e+00 -1.5258e+00 +1.4689e+00 +1.3960e+00
5158 +1.475450443e-02 +1.475450443e-02 -1.692524550e+01 -1.692524550e+01 +3.6659e+00 +2.5505e+00 -1.5252e+00 +1.4672e+00 +1.3986e+00
5270 +4.621661186e-03 +4.621661186e-03 -1.693537834e+01 -1.693537834e+01 +3.6552e+00 +2.5492e+00 -1.5304e+00 +1.4702e+00 +1.3957e+00
5864 +3.660123030e-03 +3.660123030e-03 -1.693633988e+01 -1.693633988e+01 +3.6545e+00 +2.5489e+00 -1.5306e+00 +1.4706e+00 +1.3957e+00
6309 +2.357657937e-03 +2.357657937e-03 -1.693764234e+01 -1.693764234e+01 +3.6512e+00 +2.5453e+00 -1.5330e+00 +1.4734e+00 +1.3947e+00
6423 +1.493780390e-03 +1.493780390e-03 -1.693850622e+01 -1.693850622e+01 +3.6545e+00 +2.5478e+00 -1.5309e+00 +1.4711e+00 +1.3955e+00
6875 +9.721729270e-04 +9.721729270e-04 -1.693902783e+01 -1.693902783e+01 +3.6564e+00 +2.5495e+00 -1.5294e+00 +1.4695e+00 +1.3961e+00
7101 +3.545285799e-04 +3.545285799e-04 -1.693964547e+01 -1.693964547e+01 +3.6565e+00 +2.5501e+00 -1.5293e+00 +1.4692e+00 +1.3962e+00
7575 +2.160998115e-04 +2.160998115e-04 -1.693978390e+01 -1.693978390e+01 +3.6558e+00 +2.5495e+00 -1.5297e+00 +1.4697e+00 +1.3960e+00
7817 +8.478825495e-05 +8.478825495e-05 -1.693991521e+01 -1.693991521e+01 +3.6560e+00 +2.5496e+00 -1.5296e+00 +1.4696e+00 +1.3960e+00
8464 +4.470500976e-05 +4.470500976e-05 -1.693995529e+01 -1.693995529e+01 +3.6560e+00 +2.5496e+00 -1.5296e+00 +1.4696e+00 +1.3960e+00
8578 +3.215254150e-05 +3.215254150e-05 -1.693996785e+01 -1.693996785e+01 +3.6560e+00 +2.5496e+00 -1.5296e+00 +1.4696e+00 +1.3960e+00
9183 +2.034366743e-05 +2.034366743e-05 -1.693997966e+01 -1.693997966e+01 +3.6560e+00 +2.5496e+00 -1.5296e+00 +1.4696e+00 +1.3960e+00
9580 +1.193816822e-05 +1.193816822e-05 -1.693998806e+01 -1.693998806e+01 +3.6560e+00 +2.5496e+00 -1.5296e+00 +1.4696e+00 +1.3960e+00
9866 +5.615509401e-06 +5.615509401e-06 -1.693999438e+01 -1.693999438e+01 +3.6560e+00 +2.5496e+00 -1.5296e+00 +1.4696e+00 +1.3960e+00
10462 +2.374005113e-06 +2.374005113e-06 -1.693999763e+01 -1.693999763e+01 +3.6560e+00 +2.5496e+00 -1.5296e+00 +1.4696e+00 +1.3960e+00
10715 +1.486051996e-06 +1.486051996e-06 -1.693999851e+01 -1.693999851e+01 +3.6560e+00 +2.5496e+00 -1.5296e+00 +1.4696e+00 +1.3960e+00
10904 +9.319696197e-07 +9.319696197e-07 -1.693999907e+01 -1.693999907e+01 +3.6560e+00 +2.5496e+00 -1.5296e+00 +1.4696e+00 +1.3960e+00
11150 +6.263744510e-07 +6.263744510e-07 -1.693999937e+01 -1.693999937e+01 +3.6560e+00 +2.5496e+00 -1.5296e+00 +1.4696e+00 +1.3960e+00
11569 +3.675918450e-07 +3.675918450e-07 -1.693999963e+01 -1.693999963e+01 +3.6560e+00 +2.5496e+00 -1.5296e+00 +1.4696e+00 +1.3960e+00
11683 +2.503449501e-07 +2.503449501e-07 -1.693999975e+01 -1.693999975e+01 +3.6560e+00 +2.5496e+00 -1.5296e+00 +1.4696e+00 +1.3960e+00
11740 +1.355325949e-07 +1.355325949e-07 -1.693999986e+01 -1.693999986e+01 +3.6560e+00 +2.5496e+00 -1.5296e+00 +1.4696e+00 +1.3960e+00
12542 +9.430043946e-08 +9.430043946e-08 -1.693999991e+01 -1.693999991e+01 +3.6560e+00 +2.5496e+00 -1.5296e+00 +1.4696e+00 +1.3960e+00
12687 +5.610747067e-08 +5.610747067e-08 -1.693999994e+01 -1.693999994e+01 +3.6560e+00 +2.5496e+00 -1.5296e+00 +1.4696e+00 +1.3960e+00
12894 +3.377298796e-08 +3.377298796e-08 -1.693999997e+01 -1.693999997e+01 +3.6560e+00 +2.5496e+00 -1.5296e+00 +1.4696e+00 +1.3960e+00
13056 +1.977584319e-08 +1.977584319e-08 -1.693999998e+01 -1.693999998e+01 +3.6560e+00 +2.5496e+00 -1.5296e+00 +1.4696e+00 +1.3960e+00
13349 +1.438700892e-08 +1.438700892e-08 -1.693999999e+01 -1.693999999e+01 +3.6560e+00 +2.5496e+00 -1.5296e+00 +1.4696e+00 +1.3960e+00
13412 +5.715978801e-09 +5.715978801e-09 -1.693999999e+01 -1.693999999e+01 +3.6560e+00 +2.5496e+00 -1.5296e+00 +1.4696e+00 +1.3960e+00
% function evaluation | noise-free fitness - Fopt (1.881000000000e+01) | best noise-free fitness - Fopt | measured fitness | best measured fitness | x1 | x2...
1 +2.826324234e+02 +2.826324234e+02 +3.014424234e+02 +3.014424234e+02 -4.7518e+00 +3.4190e+00 +4.9726e+00 +7.8123e-02 +4.9552e+00
3 +4.907371616e+01 +4.907371616e+01 +6.788371616e+01 +6.788371616e+01 +1.6766e-01 -2.2473e+00 +3.4143e+00 -1.9282e+00 +2.0343e+00
8 +1.565748137e+01 +1.565748137e+01 +3.446748137e+01 +3.446748137e+01 -1.4197e-01 +1.5159e+00 -1.6019e+00 -4.0518e-01 +2.8696e+00
501 +9.179706139e+00 +9.179706139e+00 +2.798970614e+01 +2.798970614e+01 +3.7778e-01 +2.6508e+00 -1.7397e-01 -1.3236e+00 +3.2427e+00
671 +3.244412411e+00 +3.244412411e+00 +2.205441241e+01 +2.205441241e+01 -7.4021e-02 +2.0869e+00 -9.7899e-01 -3.6934e-01 +1.9499e+00
1074 +2.069145431e+00 +2.069145431e+00 +2.087914543e+01 +2.087914543e+01 -2.2298e-01 +1.7428e+00 -1.0405e+00 +3.8959e-03 +1.4700e+00
1309 +1.252513678e+00 +1.252513678e+00 +2.006251368e+01 +2.006251368e+01 -2.3468e-01 +1.3895e+00 -8.9937e-01 -1.1855e-01 +1.8193e+00
1481 +6.821684760e-01 +6.821684760e-01 +1.949216848e+01 +1.949216848e+01 -1.6781e-01 +1.9120e+00 -8.3083e-01 -8.4835e-03 +1.6378e+00
1690 +6.245028323e-01 +6.245028323e-01 +1.943450283e+01 +1.943450283e+01 -5.7007e-02 +1.7156e+00 -7.9127e-01 -2.3984e-01 +1.8973e+00
1785 +3.905854485e-01 +3.905854485e-01 +1.920058545e+01 +1.920058545e+01 -1.6575e-01 +1.7695e+00 -8.4248e-01 -9.3588e-03 +1.6257e+00
1974 +2.375009651e-01 +2.375009651e-01 +1.904750097e+01 +1.904750097e+01 -2.1907e-01 +1.7902e+00 -8.1530e-01 -1.1677e-02 +1.6536e+00
2494 +1.216974281e-01 +1.216974281e-01 +1.893169743e+01 +1.893169743e+01 -1.9006e-01 +1.7637e+00 -8.2661e-01 -4.4877e-02 +1.6617e+00
2809 +8.641089015e-02 +8.641089015e-02 +1.889641089e+01 +1.889641089e+01 -1.9189e-01 +1.7731e+00 -8.2463e-01 -4.5975e-02 +1.6937e+00
3246 +5.955738738e-02 +5.955738738e-02 +1.886955739e+01 +1.886955739e+01 -1.9575e-01 +1.7299e+00 -8.2583e-01 -5.4073e-02 +1.6729e+00
3504 +3.707556874e-02 +3.707556874e-02 +1.884707557e+01 +1.884707557e+01 -1.9528e-01 +1.7900e+00 -8.2405e-01 -2.1062e-02 +1.6571e+00
3528 +2.228308063e-02 +2.228308063e-02 +1.883228308e+01 +1.883228308e+01 -1.9050e-01 +1.7783e+00 -8.2121e-01 -3.5427e-02 +1.6660e+00
4595 +1.019766365e-02 +1.019766365e-02 +1.882019766e+01 +1.882019766e+01 -1.8995e-01 +1.7806e+00 -8.2268e-01 -3.5001e-02 +1.6741e+00
4631 +4.725798774e-03 +4.725798774e-03 +1.881472580e+01 +1.881472580e+01 -1.9054e-01 +1.7771e+00 -8.2212e-01 -3.6554e-02 +1.6743e+00
5453 +3.920197564e-03 +3.920197564e-03 +1.881392020e+01 +1.881392020e+01 -1.9144e-01 +1.7808e+00 -8.2227e-01 -3.3814e-02 +1.6723e+00
5888 +1.921270783e-03 +1.921270783e-03 +1.881192127e+01 +1.881192127e+01 -1.9166e-01 +1.7818e+00 -8.2263e-01 -3.2383e-02 +1.6706e+00
6132 +1.482532356e-03 +1.482532356e-03 +1.881148253e+01 +1.881148253e+01 -1.9138e-01 +1.7810e+00 -8.2248e-01 -3.3132e-02 +1.6714e+00
6168 +7.594537842e-04 +7.594537842e-04 +1.881075945e+01 +1.881075945e+01 -1.9123e-01 +1.7808e+00 -8.2244e-01 -3.3630e-02 +1.6720e+00
7055 +5.087544371e-04 +5.087544371e-04 +1.881050875e+01 +1.881050875e+01 -1.9121e-01 +1.7807e+00 -8.2245e-01 -3.3634e-02 +1.6720e+00
7229 +2.472663306e-04 +2.472663306e-04 +1.881024727e+01 +1.881024727e+01 -1.9116e-01 +1.7807e+00 -8.2236e-01 -3.3739e-02 +1.6721e+00
7633 +1.409696382e-04 +1.409696382e-04 +1.881014097e+01 +1.881014097e+01 -1.9120e-01 +1.7808e+00 -8.2239e-01 -3.3594e-02 +1.6720e+00
8155 +7.399852238e-05 +7.399852238e-05 +1.881007400e+01 +1.881007400e+01 -1.9119e-01 +1.7808e+00 -8.2240e-01 -3.3619e-02 +1.6720e+00
8555 +5.983261350e-05 +5.983261350e-05 +1.881005983e+01 +1.881005983e+01 -1.9119e-01 +1.7808e+00 -8.2240e-01 -3.3625e-02 +1.6720e+00
8645 +3.603825779e-05 +3.603825779e-05 +1.881003604e+01 +1.881003604e+01 -1.9121e-01 +1.7808e+00 -8.2240e-01 -3.3589e-02 +1.6720e+00
8703 +1.891790622e-05 +1.891790622e-05 +1.881001892e+01 +1.881001892e+01 -1.9119e-01 +1.7808e+00 -8.2239e-01 -3.3624e-02 +1.6720e+00
9709 +1.234502413e-05 +1.234502413e-05 +1.881001235e+01 +1.881001235e+01 -1.9119e-01 +1.7808e+00 -8.2240e-01 -3.3623e-02 +1.6720e+00
10087 +9.804730269e-06 +9.804730269e-06 +1.881000980e+01 +1.881000980e+01 -1.9120e-01 +1.7808e+00 -8.2240e-01 -3.3604e-02 +1.6720e+00
10311 +6.009597879e-06 +6.009597879e-06 +1.881000601e+01 +1.881000601e+01 -1.9120e-01 +1.7808e+00 -8.2240e-01 -3.3604e-02 +1.6720e+00
11068 +2.931966808e-06 +2.931966808e-06 +1.881000293e+01 +1.881000293e+01 -1.9120e-01 +1.7808e+00 -8.2240e-01 -3.3602e-02 +1.6720e+00
11268 +2.480777088e-06 +2.480777088e-06 +1.881000248e+01 +1.881000248e+01 -1.9120e-01 +1.7808e+00 -8.2240e-01 -3.3601e-02 +1.6720e+00
11466 +1.243315321e-06 +1.243315321e-06 +1.881000124e+01 +1.881000124e+01 -1.9120e-01 +1.7808e+00 -8.2240e-01 -3.3600e-02 +1.6720e+00
11477 +9.006408312e-07 +9.006408312e-07 +1.881000090e+01 +1.881000090e+01 -1.9120e-01 +1.7808e+00 -8.2240e-01 -3.3600e-02 +1.6720e+00
11792 +5.576745430e-07 +5.576745430e-07 +1.881000056e+01 +1.881000056e+01 -1.9120e-01 +1.7808e+00 -8.2240e-01 -3.3600e-02 +1.6720e+00
12123 +3.850315800e-07 +3.850315800e-07 +1.881000039e+01 +1.881000039e+01 -1.9120e-01 +1.7808e+00 -8.2240e-01 -3.3600e-02 +1.6720e+00
12403 +1.550670845e-07 +1.550670845e-07 +1.881000016e+01 +1.881000016e+01 -1.9120e-01 +1.7808e+00 -8.2240e-01 -3.3600e-02 +1.6720e+00
13164 +7.888761999e-08 +7.888761999e-08 +1.881000008e+01 +1.881000008e+01 -1.9120e-01 +1.7808e+00 -8.2240e-01 -3.3600e-02 +1.6720e+00
13618 +2.958499579e-08 +2.958499579e-08 +1.881000003e+01 +1.881000003e+01 -1.9120e-01 +1.7808e+00 -8.2240e-01 -3.3600e-02 +1.6720e+00
13676 +2.333422700e-08 +2.333422700e-08 +1.881000002e+01 +1.881000002e+01 -1.9120e-01 +1.7808e+00 -8.2240e-01 -3.3600e-02 +1.6720e+00
14186 +1.074936051e-08 +1.074936051e-08 +1.881000001e+01 +1.881000001e+01 -1.9120e-01 +1.7808e+00 -8.2240e-01 -3.3600e-02 +1.6720e+00
14261 +9.765322773e-09 +9.765322773e-09 +1.881000001e+01 +1.881000001e+01 -1.9120e-01 +1.7808e+00 -8.2240e-01 -3.3600e-02 +1.6720e+00
% function evaluation | noise-free fitness - Fopt (2.731500000000e+02) | best noise-free fitness - Fopt | measured fitness | best measured fitness | x1 | x2...
1 +1.258406273e+02 +1.258406273e+02 +3.989906273e+02 +3.989906273e+02 -4.7518e+00 +3.4190e+00 +4.9726e+00 +7.8123e-02 +4.9552e+00
4 +6.043678461e+01 +6.043678461e+01 +3.335867846e+02 +3.335867846e+02 +3.4351e+00 -4.2410e+00 -2.1758e+00 +2.0232e+00 +1.7815e+00
8 +3.976766858e+01 +3.976766858e+01 +3.129176686e+02 +3.129176686e+02 -1.4197e-01 +1.5159e+00 -1.6019e+00 -4.0518e-01 +2.8696e+00
20 +2.314735322e+01 +2.314735322e+01 +2.962973532e+02 +2.962973532e+02 -2.6902e+00 +3.0237e+00 -3.0709e+00 +7.4286e-02 +2.0044e+00
37 +1.346947784e+01 +1.346947784e+01 +2.866194778e+02 +2.866194778e+02 -1.8942e+00 +2.1487e+00 -2.0723e+00 +1.6621e+00 +1.9817e+00
589 +4.854375801e+00 +4.854375801e+00 +2.780043758e+02 +2.780043758e+02 -3.5550e+00 +4.2543e+00 -7.7715e-01 +2.3968e+00 +1.7102e+00
902 +2.404972789e+00 +2.404972789e+00 +2.755549728e+02 +2.755549728e+02 -2.5314e+00 +3.9644e+00 -6.9590e-01 +2.2865e+00 +1.6423e+00
1571 +1.104330947e+00 +1.104330947e+00 +2.742543309e+02 +2.742543309e+02 -2.5743e+00 +3.8177e+00 -3.7250e-01 +2.4561e+00 +1.8658e+00
1608 +8.300185382e-01 +8.300185382e-01 +2.739800185e+02 +2.739800185e+02 -3.4922e+00 +3.6782e+00 -6.6263e-02 +2.6871e+00 +2.0085e+00
1892 +3.709062984e-01 +3.709062984e-01 +2.735209063e+02 +2.735209063e+02 -2.5872e+00 +3.7924e+00 -3.8820e-01 +2.4021e+00 +1.8223e+00
2401 +2.133115334e-01 +2.133115334e-01 +2.733633115e+02 +2.733633115e+02 -3.4511e+00 +3.7674e+00 -3.8155e-01 +2.5773e+00 +1.9816e+00
2811 +1.550949402e-01 +1.550949402e-01 +2.733050949e+02 +2.733050949e+02 -3.4591e+00 +3.7647e+00 -4.9377e-01 +2.5270e+00 +1.9856e+00
3146 +8.056266422e-02 +8.056266422e-02 +2.732305627e+02 +2.732305627e+02 -3.6406e+00 +3.7738e+00 -4.9315e-01 +2.5657e+00 +2.0078e+00
3366 +5.366798683e-02 +5.366798683e-02 +2.732036680e+02 +2.732036680e+02 -3.5857e+00 +3.7545e+00 -4.8300e-01 +2.5617e+00 +2.0059e+00
3737 +2.635973815e-02 +2.635973815e-02 +2.731763597e+02 +2.731763597e+02 -3.5962e+00 +3.7535e+00 -4.8289e-01 +2.5668e+00 +2.0100e+00
3841 +2.275412118e-02 +2.275412118e-02 +2.731727541e+02 +2.731727541e+02 -3.5938e+00 +3.7546e+00 -4.7939e-01 +2.5724e+00 +2.0108e+00
4216 +1.465144167e-02 +1.465144167e-02 +2.731646514e+02 +2.731646514e+02 -3.5822e+00 +3.7537e+00 -4.8102e-01 +2.5676e+00 +2.0083e+00
4311 +9.233876889e-03 +9.233876889e-03 +2.731592339e+02 +2.731592339e+02 -3.5811e+00 +3.7528e+00 -4.7983e-01 +2.5690e+00 +2.0091e+00
4906 +5.917711227e-03 +5.917711227e-03 +2.731559177e+02 +2.731559177e+02 -3.5805e+00 +3.7538e+00 -4.7926e-01 +2.5684e+00 +2.0080e+00
4936 +3.889681935e-03 +3.889681935e-03 +2.731538897e+02 +2.731538897e+02 -3.5800e+00 +3.7530e+00 -4.7741e-01 +2.5693e+00 +2.0084e+00
4964 +1.664378496e-03 +1.664378496e-03 +2.731516644e+02 +2.731516644e+02 -3.5791e+00 +3.7538e+00 -4.7876e-01 +2.5686e+00 +2.0079e+00
5693 +1.394677441e-03 +1.394677441e-03 +2.731513947e+02 +2.731513947e+02 -3.5803e+00 +3.7536e+00 -4.7867e-01 +2.5688e+00 +2.0082e+00
6254 +5.040323912e-04 +5.040323912e-04 +2.731505040e+02 +2.731505040e+02 -3.5783e+00 +3.7536e+00 -4.7823e-01 +2.5687e+00 +2.0078e+00
6660 +3.296098521e-04 +3.296098521e-04 +2.731503296e+02 +2.731503296e+02 -3.5784e+00 +3.7536e+00 -4.7824e-01 +2.5687e+00 +2.0079e+00
7031 +1.812058348e-04 +1.812058348e-04 +2.731501812e+02 +2.731501812e+02 -3.5790e+00 +3.7536e+00 -4.7837e-01 +2.5688e+00 +2.0080e+00
7263 +1.249246264e-04 +1.249246264e-04 +2.731501249e+02 +2.731501249e+02 -3.5794e+00 +3.7536e+00 -4.7844e-01 +2.5688e+00 +2.0080e+00
7337 +8.179771118e-05 +8.179771118e-05 +2.731500818e+02 +2.731500818e+02 -3.5789e+00 +3.7536e+00 -4.7837e-01 +2.5688e+00 +2.0080e+00
7845 +5.663946297e-05 +5.663946297e-05 +2.731500566e+02 +2.731500566e+02 -3.5792e+00 +3.7536e+00 -4.7841e-01 +2.5688e+00 +2.0080e+00
8303 +3.344235796e-05 +3.344235796e-05 +2.731500334e+02 +2.731500334e+02 -3.5792e+00 +3.7536e+00 -4.7841e-01 +2.5688e+00 +2.0080e+00
8470 +2.464331152e-05 +2.464331152e-05 +2.731500246e+02 +2.731500246e+02 -3.5792e+00 +3.7536e+00 -4.7840e-01 +2.5688e+00 +2.0080e+00
8611 +1.558975021e-05 +1.558975021e-05 +2.731500156e+02 +2.731500156e+02 -3.5792e+00 +3.7536e+00 -4.7841e-01 +2.5688e+00 +2.0080e+00
9098 +8.558116008e-06 +8.558116008e-06 +2.731500086e+02 +2.731500086e+02 -3.5792e+00 +3.7536e+00 -4.7840e-01 +2.5688e+00 +2.0080e+00
9925 +2.693131762e-06 +2.693131762e-06 +2.731500027e+02 +2.731500027e+02 -3.5792e+00 +3.7536e+00 -4.7840e-01 +2.5688e+00 +2.0080e+00
10161 +1.623627952e-06 +1.623627952e-06 +2.731500016e+02 +2.731500016e+02 -3.5792e+00 +3.7536e+00 -4.7840e-01 +2.5688e+00 +2.0080e+00
10570 +8.759130310e-07 +8.759130310e-07 +2.731500009e+02 +2.731500009e+02 -3.5792e+00 +3.7536e+00 -4.7840e-01 +2.5688e+00 +2.0080e+00
11031 +4.694882705e-07 +4.694882705e-07 +2.731500005e+02 +2.731500005e+02 -3.5792e+00 +3.7536e+00 -4.7840e-01 +2.5688e+00 +2.0080e+00
11439 +3.849903010e-07 +3.849903010e-07 +2.731500004e+02 +2.731500004e+02 -3.5792e+00 +3.7536e+00 -4.7840e-01 +2.5688e+00 +2.0080e+00
11465 +2.510187187e-07 +2.510187187e-07 +2.731500003e+02 +2.731500003e+02 -3.5792e+00 +3.7536e+00 -4.7840e-01 +2.5688e+00 +2.0080e+00
12115 +1.443028168e-07 +1.443028168e-07 +2.731500001e+02 +2.731500001e+02 -3.5792e+00 +3.7536e+00 -4.7840e-01 +2.5688e+00 +2.0080e+00
12421 +6.505814554e-08 +6.505814554e-08 +2.731500001e+02 +2.731500001e+02 -3.5792e+00 +3.7536e+00 -4.7840e-01 +2.5688e+00 +2.0080e+00
12626 +6.298000699e-08 +6.298000699e-08 +2.731500001e+02 +2.731500001e+02 -3.5792e+00 +3.7536e+00 -4.7840e-01 +2.5688e+00 +2.0080e+00
12673 +3.048808139e-08 +3.048808139e-08 +2.731500000e+02 +2.731500000e+02 -3.5792e+00 +3.7536e+00 -4.7840e-01 +2.5688e+00 +2.0080e+00
12781 +2.362060059e-08 +2.362060059e-08 +2.731500000e+02 +2.731500000e+02 -3.5792e+00 +3.7536e+00 -4.7840e-01 +2.5688e+00 +2.0080e+00
12982 +1.063864374e-08 +1.063864374e-08 +2.731500000e+02 +2.731500000e+02 -3.5792e+00 +3.7536e+00 -4.7840e-01 +2.5688e+00 +2.0080e+00
13251 +7.813866887e-09 +7.813866887e-09 +2.731500000e+02 +2.731500000e+02 -3.5792e+00 +3.7536e+00 -4.7840e-01 +2.5688e+00 +2.0080e+00
% function evaluation | noise-free fitness - Fopt (3.718000000000e+01) | best noise-free fitness - Fopt | measured fitness | best measured fitness | x1 | x2...
1 +6.071743362e+02 +6.071743362e+02 +6.443543362e+02 +6.443543362e+02 -4.7518e+00 +3.4190e+00 +4.9726e+00 +7.8123e-02 +4.9552e+00
5 +2.176278625e+02 +2.176278625e+02 +2.548078625e+02 +2.548078625e+02 +2.1706e-01 -2.1019e+00 -3.4714e+00 +3.3948e+00 -2.2359e+00
6 +8.462147977e+01 +8.462147977e+01 +1.218014798e+02 +1.218014798e+02 -2.6484e+00 -3.3639e+00 -3.5329e+00 +4.5703e+00 -3.8085e+00
12 +4.398783637e+01 +4.398783637e+01 +8.116783637e+01 +8.116783637e+01 -4.6054e+00 +4.5124e+00 +1.0595e+00 +4.9704e-01 -1.9615e+00
61 +3.632440941e+01 +3.632440941e+01 +7.350440941e+01 +7.350440941e+01 -4.1031e+00 +5.4874e-01 +2.5687e+00 +1.8851e+00 -1.4831e+00
102 +1.791931995e+01 +1.791931995e+01 +5.509931995e+01 +5.509931995e+01 +5.3663e-01 -2.3411e+00 +3.7242e+00 +1.5720e+00 -2.1369e+00
310 +1.418801609e+01 +1.418801609e+01 +5.136801609e+01 +5.136801609e+01 -1.9723e+00 +1.3414e+00 +2.1676e+00 +1.9244e+00 -3.6872e+00
496 +9.124204961e+00 +9.124204961e+00 +4.630420496e+01 +4.630420496e+01 -1.6970e+00 +6.4812e-01 +3.1896e+00 +9.6360e-01 -1.5208e+00
631 +4.233304829e+00 +4.233304829e+00 +4.141330483e+01 +4.141330483e+01 -3.4709e+00 +2.0832e+00 +2.9171e+00 +1.6816e+00 -3.1504e+00
839 +1.886820911e+00 +1.886820911e+00 +3.906682091e+01 +3.906682091e+01 -4.0500e+00 +2.3128e+00 +2.0085e+00 +1.6783e+00 -3.6433e+00
1186 +1.263601340e+00 +1.263601340e+00 +3.844360134e+01 +3.844360134e+01 -3.6607e+00 +2.0822e+00 +2.2898e+00 +1.6664e+00 -3.4419e+00
1227 +9.611444487e-01 +9.611444487e-01 +3.814114445e+01 +3.814114445e+01 -4.1371e+00 +1.9453e+00 +1.4781e+00 +1.7392e+00 -3.6884e+00
1629 +5.071269611e-01 +5.071269611e-01 +3.768712696e+01 +3.768712696e+01 -3.8298e+00 +2.0775e+00 +2.1366e+00 +1.6058e+00 -3.4920e+00
1905 +3.679315336e-01 +3.679315336e-01 +3.754793153e+01 +3.754793153e+01 -3.9615e+00 +2.0151e+00 +1.9146e+00 +1.6188e+00 -3.5403e+00
2340 +1.949750288e-01 +1.949750288e-01 +3.737497503e+01 +3.737497503e+01 -3.9258e+00 +2.0415e+00 +1.9920e+00 +1.6305e+00 -3.5430e+00
2484 +1.213540685e-01 +1.213540685e-01 +3.730135407e+01 +3.730135407e+01 -3.8868e+00 +2.0657e+00 +2.0656e+00 +1.6092e+00 -3.5293e+00
2826 +7.344671244e-02 +7.344671244e-02 +3.725344671e+01 +3.725344671e+01 -3.9544e+00 +2.0614e+00 +1.9493e+00 +1.6312e+00 -3.5515e+00
3086 +5.053237698e-02 +5.053237698e-02 +3.723053238e+01 +3.723053238e+01 -3.9844e+00 +2.0683e+00 +1.9170e+00 +1.6410e+00 -3.5657e+00
3303 +3.362537725e-02 +3.362537725e-02 +3.721362538e+01 +3.721362538e+01 -3.9267e+00 +2.0610e+00 +1.9929e+00 +1.6206e+00 -3.5452e+00
3602 +2.424448152e-02 +2.424448152e-02 +3.720424448e+01 +3.720424448e+01 -3.8879e+00 +2.0601e+00 +2.0578e+00 +1.6040e+00 -3.5271e+00
3847 +1.382218853e-02 +1.382218853e-02 +3.719382219e+01 +3.719382219e+01 -3.8901e+00 +2.0584e+00 +2.0507e+00 +1.6068e+00 -3.5298e+00
4033 +7.927572143e-03 +7.927572143e-03 +3.718792757e+01 +3.718792757e+01 -3.9014e+00 +2.0584e+00 +2.0343e+00 +1.6114e+00 -3.5352e+00
4450 +6.068535977e-03 +6.068535977e-03 +3.718606854e+01 +3.718606854e+01 -3.8994e+00 +2.0601e+00 +2.0392e+00 +1.6101e+00 -3.5340e+00
4683 +2.938803193e-03 +2.938803193e-03 +3.718293880e+01 +3.718293880e+01 -3.8996e+00 +2.0599e+00 +2.0396e+00 +1.6096e+00 -3.5339e+00
4780 +1.532033144e-03 +1.532033144e-03 +3.718153203e+01 +3.718153203e+01 -3.8975e+00 +2.0596e+00 +2.0422e+00 +1.6090e+00 -3.5327e+00
5151 +8.483943278e-04 +8.483943278e-04 +3.718084839e+01 +3.718084839e+01 -3.8996e+00 +2.0600e+00 +2.0394e+00 +1.6098e+00 -3.5338e+00
5526 +3.528129221e-04 +3.528129221e-04 +3.718035281e+01 +3.718035281e+01 -3.8991e+00 +2.0600e+00 +2.0402e+00 +1.6095e+00 -3.5336e+00
6301 +1.561260054e-04 +1.561260054e-04 +3.718015613e+01 +3.718015613e+01 -3.8993e+00 +2.0600e+00 +2.0398e+00 +1.6097e+00 -3.5336e+00
6855 +7.825556270e-05 +7.825556270e-05 +3.718007826e+01 +3.718007826e+01 -3.8992e+00 +2.0600e+00 +2.0400e+00 +1.6096e+00 -3.5336e+00
7143 +5.817411338e-05 +5.817411338e-05 +3.718005817e+01 +3.718005817e+01 -3.8992e+00 +2.0600e+00 +2.0400e+00 +1.6096e+00 -3.5336e+00
7368 +3.477717481e-05 +3.477717481e-05 +3.718003478e+01 +3.718003478e+01 -3.8992e+00 +2.0600e+00 +2.0400e+00 +1.6096e+00 -3.5336e+00
7419 +2.469972666e-05 +2.469972666e-05 +3.718002470e+01 +3.718002470e+01 -3.8992e+00 +2.0600e+00 +2.0400e+00 +1.6096e+00 -3.5336e+00
8153 +1.553647787e-05 +1.553647787e-05 +3.718001554e+01 +3.718001554e+01 -3.8992e+00 +2.0600e+00 +2.0400e+00 +1.6096e+00 -3.5336e+00
8472 +4.906556093e-06 +4.906556093e-06 +3.718000491e+01 +3.718000491e+01 -3.8992e+00 +2.0600e+00 +2.0400e+00 +1.6096e+00 -3.5336e+00
8917 +2.643145926e-06 +2.643145926e-06 +3.718000264e+01 +3.718000264e+01 -3.8992e+00 +2.0600e+00 +2.0400e+00 +1.6096e+00 -3.5336e+00
9006 +1.090294255e-06 +1.090294255e-06 +3.718000109e+01 +3.718000109e+01 -3.8992e+00 +2.0600e+00 +2.0400e+00 +1.6096e+00 -3.5336e+00
9184 +9.131994716e-07 +9.131994716e-07 +3.718000091e+01 +3.718000091e+01 -3.8992e+00 +2.0600e+00 +2.0400e+00 +1.6096e+00 -3.5336e+00
9829 +5.549255135e-07 +5.549255135e-07 +3.718000055e+01 +3.718000055e+01 -3.8992e+00 +2.0600e+00 +2.0400e+00 +1.6096e+00 -3.5336e+00
10250 +3.882710189e-07 +3.882710189e-07 +3.718000039e+01 +3.718000039e+01 -3.8992e+00 +2.0600e+00 +2.0400e+00 +1.6096e+00 -3.5336e+00
10442 +2.259885363e-07 +2.259885363e-07 +3.718000023e+01 +3.718000023e+01 -3.8992e+00 +2.0600e+00 +2.0400e+00 +1.6096e+00 -3.5336e+00
10835 +1.530318130e-07 +1.530318130e-07 +3.718000015e+01 +3.718000015e+01 -3.8992e+00 +2.0600e+00 +2.0400e+00 +1.6096e+00 -3.5336e+00
11052 +8.792826378e-08 +8.792826378e-08 +3.718000009e+01 +3.718000009e+01 -3.8992e+00 +2.0600e+00 +2.0400e+00 +1.6096e+00 -3.5336e+00
11173 +5.474512932e-08 +5.474512932e-08 +3.718000005e+01 +3.718000005e+01 -3.8992e+00 +2.0600e+00 +2.0400e+00 +1.6096e+00 -3.5336e+00
11352 +3.475692978e-08 +3.475692978e-08 +3.718000003e+01 +3.718000003e+01 -3.8992e+00 +2.0600e+00 +2.0400e+00 +1.6096e+00 -3.5336e+00
11460 +2.292062362e-08 +2.292062362e-08 +3.718000002e+01 +3.718000002e+01 -3.8992e+00 +2.0600e+00 +2.0400e+00 +1.6096e+00 -3.5336e+00
11803 +1.218463552e-08 +1.218463552e-08 +3.718000001e+01 +3.718000001e+01 -3.8992e+00 +2.0600e+00 +2.0400e+00 +1.6096e+00 -3.5336e+00
11920 +9.802370471e-09 +9.802370471e-09 +3.718000001e+01 +3.718000001e+01 -3.8992e+00 +2.0600e+00 +2.0400e+00 +1.6096e+00 -3.5336e+00
% function evaluation | noise-free fitness - Fopt (-1.479000000000e+02) | best noise-free fitness - Fopt | measured fitness | best measured fitness | x1 | x2...
1 +4.844250635e+01 +4.844250635e+01 -9.945749365e+01 -9.945749365e+01 -4.7518e+00 +3.4190e+00 +4.9726e+00 +7.8123e-02 +4.9552e+00
14 +3.230178268e+01 +3.230178268e+01 -1.155982173e+02 -1.155982173e+02 +1.4017e+00 -7.5121e-01 -4.2133e+00 -2.6142e+00 -4.7088e+00
92 +2.225369970e+01 +2.225369970e+01 -1.256463003e+02 -1.256463003e+02 -4.5057e-01 +2.6019e+00 -2.5643e+00 -4.2215e+00 -4.2343e+00
239 +1.404598996e+01 +1.404598996e+01 -1.338540100e+02 -1.338540100e+02 -6.1858e-01 -8.7827e-01 +3.5990e+00 -3.4648e-02 -1.7493e+00
394 +4.388195718e+00 +4.388195718e+00 -1.435118043e+02 -1.435118043e+02 -1.9540e+00 +2.6424e-01 +2.0125e+00 -1.3120e+00 -2.7158e+00
994 +3.912122612e+00 +3.912122612e+00 -1.439878774e+02 -1.439878774e+02 -2.1909e+00 -1.9891e-01 +2.4078e+00 -1.3155e+00 -1.9964e+00
1112 +2.259124715e+00 +2.259124715e+00 -1.456408753e+02 -1.456408753e+02 -1.6943e+00 -5.4346e-01 +3.3088e+00 -1.0862e+00 -2.0995e+00
1392 +1.368799095e+00 +1.368799095e+00 -1.465312009e+02 -1.465312009e+02 -1.8272e+00 -8.9593e-02 +1.3002e+00 -1.8849e+00 -2.8237e+00
1683 +6.653198896e-01 +6.653198896e-01 -1.472346801e+02 -1.472346801e+02 -1.7731e+00 +1.1363e-02 +1.3616e+00 -1.7981e+00 -2.8869e+00
1964 +5.386754915e-01 +5.386754915e-01 -1.473613245e+02 -1.473613245e+02 -1.6941e+00 -3.9760e-02 +1.4653e+00 -1.8507e+00 -2.9200e+00
2168 +2.415552023e-01 +2.415552023e-01 -1.476584448e+02 -1.476584448e+02 -1.6709e+00 +8.0490e-02 +1.1794e+00 -1.9987e+00 -3.0752e+00
2558 +1.497584969e-01 +1.497584969e-01 -1.477502415e+02 -1.477502415e+02 -1.6648e+00 +2.7929e-02 +1.2955e+00 -1.9825e+00 -3.0469e+00
2877 +9.635853080e-02 +9.635853080e-02 -1.478036415e+02 -1.478036415e+02 -1.6496e+00 +9.7636e-02 +1.2062e+00 -2.0211e+00 -3.1109e+00
2963 +5.622550111e-02 +5.622550111e-02 -1.478437745e+02 -1.478437745e+02 -1.6675e+00 +1.4123e-01 +1.1200e+00 -2.0284e+00 -3.1268e+00
3681 +2.656350327e-02 +2.656350327e-02 -1.478734365e+02 -1.478734365e+02 -1.6717e+00 +1.3543e-01 +1.1298e+00 -2.0182e+00 -3.1121e+00
3915 +2.342775643e-02 +2.342775643e-02 -1.478765722e+02 -1.478765722e+02 -1.6680e+00 +1.0191e-01 +1.1923e+00 -1.9988e+00 -3.0876e+00
4230 +1.558219345e-02 +1.558219345e-02 -1.478844178e+02 -1.478844178e+02 -1.6732e+00 +1.3954e-01 +1.1295e+00 -2.0137e+00 -3.1107e+00
4361 +9.721744949e-03 +9.721744949e-03 -1.478902783e+02 -1.478902783e+02 -1.6722e+00 +1.2753e-01 +1.1486e+00 -2.0094e+00 -3.1018e+00
4865 +2.813711137e-03 +2.813711137e-03 -1.478971863e+02 -1.478971863e+02 -1.6712e+00 +1.3412e-01 +1.1385e+00 -2.0138e+00 -3.1077e+00
5566 +2.200144425e-03 +2.200144425e-03 -1.478977999e+02 -1.478977999e+02 -1.6704e+00 +1.3370e-01 +1.1396e+00 -2.0144e+00 -3.1083e+00
5911 +1.506470978e-03 +1.506470978e-03 -1.478984935e+02 -1.478984935e+02 -1.6705e+00 +1.3566e-01 +1.1357e+00 -2.0155e+00 -3.1099e+00
6320 +8.012790453e-04 +8.012790453e-04 -1.478991987e+02 -1.478991987e+02 -1.6705e+00 +1.3516e-01 +1.1369e+00 -2.0151e+00 -3.1095e+00
6670 +5.065815918e-04 +5.065815918e-04 -1.478994934e+02 -1.478994934e+02 -1.6703e+00 +1.3507e-01 +1.1370e+00 -2.0152e+00 -3.1096e+00
6848 +2.497371172e-04 +2.497371172e-04 -1.478997503e+02 -1.478997503e+02 -1.6704e+00 +1.3515e-01 +1.1369e+00 -2.0152e+00 -3.1096e+00
7665 +1.339652808e-04 +1.339652808e-04 -1.478998660e+02 -1.478998660e+02 -1.6704e+00 +1.3522e-01 +1.1368e+00 -2.0152e+00 -3.1096e+00
7684 +5.041881451e-05 +5.041881451e-05 -1.478999496e+02 -1.478999496e+02 -1.6704e+00 +1.3517e-01 +1.1368e+00 -2.0152e+00 -3.1096e+00
8441 +3.818932851e-05 +3.818932851e-05 -1.478999618e+02 -1.478999618e+02 -1.6704e+00 +1.3518e-01 +1.1368e+00 -2.0152e+00 -3.1096e+00
8589 +1.934274431e-05 +1.934274431e-05 -1.478999807e+02 -1.478999807e+02 -1.6704e+00 +1.3518e-01 +1.1368e+00 -2.0152e+00 -3.1096e+00
9452 +1.421087325e-05 +1.421087325e-05 -1.478999858e+02 -1.478999858e+02 -1.6704e+00 +1.3518e-01 +1.1368e+00 -2.0152e+00 -3.1096e+00
9906 +8.880489474e-06 +8.880489474e-06 -1.478999911e+02 -1.478999911e+02 -1.6704e+00 +1.3520e-01 +1.1368e+00 -2.0152e+00 -3.1096e+00
10231 +4.479573818e-06 +4.479573818e-06 -1.478999955e+02 -1.478999955e+02 -1.6704e+00 +1.3520e-01 +1.1368e+00 -2.0152e+00 -3.1096e+00
10386 +2.038810436e-06 +2.038810436e-06 -1.478999980e+02 -1.478999980e+02 -1.6704e+00 +1.3520e-01 +1.1368e+00 -2.0152e+00 -3.1096e+00
10931 +9.630130933e-07 +9.630130933e-07 -1.478999990e+02 -1.478999990e+02 -1.6704e+00 +1.3520e-01 +1.1368e+00 -2.0152e+00 -3.1096e+00
11367 +6.302110762e-07 +6.302110762e-07 -1.478999994e+02 -1.478999994e+02 -1.6704e+00 +1.3520e-01 +1.1368e+00 -2.0152e+00 -3.1096e+00
11417 +3.312392209e-07 +3.312392209e-07 -1.478999997e+02 -1.478999997e+02 -1.6704e+00 +1.3520e-01 +1.1368e+00 -2.0152e+00 -3.1096e+00
11802 +2.020462375e-07 +2.020462375e-07 -1.478999998e+02 -1.478999998e+02 -1.6704e+00 +1.3520e-01 +1.1368e+00 -2.0152e+00 -3.1096e+00
12454 +1.277147135e-07 +1.277147135e-07 -1.478999999e+02 -1.478999999e+02 -1.6704e+00 +1.3520e-01 +1.1368e+00 -2.0152e+00 -3.1096e+00
12753 +4.755102623e-08 +4.755102623e-08 -1.479000000e+02 -1.479000000e+02 -1.6704e+00 +1.3520e-01 +1.1368e+00 -2.0152e+00 -3.1096e+00
13064 +3.227276579e-08 +3.227276579e-08 -1.479000000e+02 -1.479000000e+02 -1.6704e+00 +1.3520e-01 +1.1368e+00 -2.0152e+00 -3.1096e+00
13305 +1.901804580e-08 +1.901804580e-08 -1.479000000e+02 -1.479000000e+02 -1.6704e+00 +1.3520e-01 +1.1368e+00 -2.0152e+00 -3.1096e+00
13422 +1.325986432e-08 +1.325986432e-08 -1.479000000e+02 -1.479000000e+02 -1.6704e+00 +1.3520e-01 +1.1368e+00 -2.0152e+00 -3.1096e+00
13506 +8.839009524e-09 +8.839009524e-09 -1.479000000e+02 -1.479000000e+02 -1.6704e+00 +1.3520e-01 +1.1368e+00 -2.0152e+00 -3.1096e+00
% function evaluation | noise-free fitness - Fopt (-2.218900000000e+02) | best noise-free fitness - Fopt | measured fitness | best measured fitness | x1 | x2...
1 +2.161889542e+02 +2.161889542e+02 -5.701045845e+00 -5.701045845e+00 -4.7518e+00 +3.4190e+00 +4.9726e+00 +7.8123e-02 +4.9552e+00
2 +4.046766821e+01 +4.046766821e+01 -1.814223318e+02 -1.814223318e+02 -3.2494e+00 +1.4763e+00 +3.9039e+00 -4.0982e+00 -1.9670e+00
11 +1.889384024e+01 +1.889384024e+01 -2.029961598e+02 -2.029961598e+02 -2.5413e+00 +2.1374e-02 -5.8656e-01 +5.2793e-01 -3.3948e-01
279 +1.401712922e+01 +1.401712922e+01 -2.078728708e+02 -2.078728708e+02 -2.8351e+00 -6.4491e-01 -3.3133e-01 -1.8510e+00 -2.2966e+00
430 +7.458165653e+00 +7.458165653e+00 -2.144318343e+02 -2.144318343e+02 -4.6568e+00 +2.2041e-01 +1.0769e+00 +2.4142e-01 -1.9995e+00
643 +5.995787699e+00 +5.995787699e+00 -2.158942123e+02 -2.158942123e+02 -3.3501e+00 +4.9062e-01 +3.0291e-01 -4.0477e-02 -1.8620e+00
886 +3.382819431e+00 +3.382819431e+00 -2.185071806e+02 -2.185071806e+02 -4.1852e+00 +9.0787e-02 +2.9873e-01 +4.6152e-01 -2.0897e+00
1212 +2.202054683e+00 +2.202054683e+00 -2.196879453e+02 -2.196879453e+02 -4.0630e+00 +4.0837e-01 +4.0137e-01 +6.3791e-01 -1.9937e+00
1328 +1.414802286e+00 +1.414802286e+00 -2.204751977e+02 -2.204751977e+02 -4.0740e+00 +1.2403e-01 +4.9846e-01 +1.0408e+00 -1.5969e+00
1827 +9.293964329e-01 +9.293964329e-01 -2.209606036e+02 -2.209606036e+02 -4.0736e+00 +3.1140e-01 +4.5397e-01 +7.5128e-01 -2.0128e+00
1828 +6.075692518e-01 +6.075692518e-01 -2.212824307e+02 -2.212824307e+02 -3.7083e+00 +1.2875e-01 -1.6336e-01 +7.9086e-01 -1.9591e+00
2072 +3.979507042e-01 +3.979507042e-01 -2.214920493e+02 -2.214920493e+02 -3.9994e+00 +2.6628e-01 +3.3342e-01 +8.5873e-01 -1.9646e+00
2287 +1.349015587e-01 +1.349015587e-01 -2.217550984e+02 -2.217550984e+02 -3.9017e+00 +2.4342e-01 +1.9755e-01 +8.2910e-01 -1.9564e+00
2793 +9.148902198e-02 +9.148902198e-02 -2.217985110e+02 -2.217985110e+02 -3.9915e+00 +2.6680e-01 +3.2629e-01 +9.2495e-01 -1.9521e+00
3060 +3.221133242e-02 +3.221133242e-02 -2.218577887e+02 -2.218577887e+02 -3.9475e+00 +2.5075e-01 +2.6473e-01 +8.9517e-01 -1.9524e+00
3356 +1.134858790e-02 +1.134858790e-02 -2.218786514e+02 -2.218786514e+02 -3.9484e+00 +2.4850e-01 +2.6536e-01 +8.9949e-01 -1.9549e+00
4564 +8.753919849e-03 +8.753919849e-03 -2.218812461e+02 -2.218812461e+02 -3.9384e+00 +2.4631e-01 +2.5498e-01 +8.8346e-01 -1.9551e+00
4962 +5.562936014e-03 +5.562936014e-03 -2.218844371e+02 -2.218844371e+02 -3.9423e+00 +2.4713e-01 +2.5965e-01 +8.8880e-01 -1.9548e+00
5325 +3.530537996e-03 +3.530537996e-03 -2.218864695e+02 -2.218864695e+02 -3.9428e+00 +2.4779e-01 +2.6116e-01 +8.8816e-01 -1.9544e+00
5808 +2.068406667e-03 +2.068406667e-03 -2.218879316e+02 -2.218879316e+02 -3.9394e+00 +2.4724e-01 +2.5630e-01 +8.8423e-01 -1.9546e+00
6065 +1.542813183e-03 +1.542813183e-03 -2.218884572e+02 -2.218884572e+02 -3.9430e+00 +2.4794e-01 +2.6144e-01 +8.8883e-01 -1.9544e+00
6315 +9.777740059e-04 +9.777740059e-04 -2.218890222e+02 -2.218890222e+02 -3.9432e+00 +2.4790e-01 +2.6161e-01 +8.8902e-01 -1.9543e+00
6719 +4.428777492e-04 +4.428777492e-04 -2.218895571e+02 -2.218895571e+02 -3.9433e+00 +2.4803e-01 +2.6171e-01 +8.8897e-01 -1.9544e+00
6874 +1.966128495e-04 +1.966128495e-04 -2.218898034e+02 -2.218898034e+02 -3.9432e+00 +2.4798e-01 +2.6154e-01 +8.8888e-01 -1.9544e+00
7667 +1.467597893e-04 +1.467597893e-04 -2.218898532e+02 -2.218898532e+02 -3.9434e+00 +2.4805e-01 +2.6183e-01 +8.8901e-01 -1.9544e+00
7879 +7.981097860e-05 +7.981097860e-05 -2.218899202e+02 -2.218899202e+02 -3.9432e+00 +2.4799e-01 +2.6155e-01 +8.8874e-01 -1.9544e+00
8214 +4.694239604e-05 +4.694239604e-05 -2.218899531e+02 -2.218899531e+02 -3.9432e+00 +2.4800e-01 +2.6161e-01 +8.8883e-01 -1.9544e+00
8392 +3.335981287e-05 +3.335981287e-05 -2.218899666e+02 -2.218899666e+02 -3.9432e+00 +2.4800e-01 +2.6159e-01 +8.8881e-01 -1.9544e+00
8863 +2.416618881e-05 +2.416618881e-05 -2.218899758e+02 -2.218899758e+02 -3.9432e+00 +2.4800e-01 +2.6159e-01 +8.8880e-01 -1.9544e+00
9485 +1.239368223e-05 +1.239368223e-05 -2.218899876e+02 -2.218899876e+02 -3.9432e+00 +2.4800e-01 +2.6159e-01 +8.8880e-01 -1.9544e+00
9928 +8.710492750e-06 +8.710492750e-06 -2.218899913e+02 -2.218899913e+02 -3.9432e+00 +2.4800e-01 +2.6159e-01 +8.8879e-01 -1.9544e+00
10315 +3.215817657e-06 +3.215817657e-06 -2.218899968e+02 -2.218899968e+02 -3.9432e+00 +2.4800e-01 +2.6160e-01 +8.8880e-01 -1.9544e+00
10731 +2.353990254e-06 +2.353990254e-06 -2.218899976e+02 -2.218899976e+02 -3.9432e+00 +2.4800e-01 +2.6160e-01 +8.8880e-01 -1.9544e+00
10788 +1.438858732e-06 +1.438858732e-06 -2.218899986e+02 -2.218899986e+02 -3.9432e+00 +2.4800e-01 +2.6160e-01 +8.8880e-01 -1.9544e+00
11092 +7.113469280e-07 +7.113469280e-07 -2.218899993e+02 -2.218899993e+02 -3.9432e+00 +2.4800e-01 +2.6160e-01 +8.8880e-01 -1.9544e+00
11426 +6.223733067e-07 +6.223733067e-07 -2.218899994e+02 -2.218899994e+02 -3.9432e+00 +2.4800e-01 +2.6160e-01 +8.8880e-01 -1.9544e+00
11910 +3.438203748e-07 +3.438203748e-07 -2.218899997e+02 -2.218899997e+02 -3.9432e+00 +2.4800e-01 +2.6160e-01 +8.8880e-01 -1.9544e+00
12072 +2.293892578e-07 +2.293892578e-07 -2.218899998e+02 -2.218899998e+02 -3.9432e+00 +2.4800e-01 +2.6160e-01 +8.8880e-01 -1.9544e+00
12390 +9.136471135e-08 +9.136471135e-08 -2.218899999e+02 -2.218899999e+02 -3.9432e+00 +2.4800e-01 +2.6160e-01 +8.8880e-01 -1.9544e+00
13028 +3.234146106e-08 +3.234146106e-08 -2.218900000e+02 -2.218900000e+02 -3.9432e+00 +2.4800e-01 +2.6160e-01 +8.8880e-01 -1.9544e+00
13385 +1.330550958e-08 +1.330550958e-08 -2.218900000e+02 -2.218900000e+02 -3.9432e+00 +2.4800e-01 +2.6160e-01 +8.8880e-01 -1.9544e+00
13757 +8.360785841e-09 +8.360785841e-09 -2.218900000e+02 -2.218900000e+02 -3.9432e+00 +2.4800e-01 +2.6160e-01 +8.8880e-01 -1.9544e+00
13776 +5.971259043e-09 +5.971259043e-09 -2.218900000e+02 -2.218900000e+02 -3.9432e+00 +2.4800e-01 +2.6160e-01 +8.8880e-01 -1.9544e+00
% function evaluation | noise-free fitness - Fopt (1.195400000000e+02) | best noise-free fitness - Fopt | measured fitness | best measured fitness | x1 | x2...
1 +4.272134749e+02 +4.272134749e+02 +5.467534749e+02 +5.467534749e+02 -4.7518e+00 +3.4190e+00 +4.9726e+00 +7.8123e-02 +4.9552e+00
2 +2.266065142e+02 +2.266065142e+02 +3.461465142e+02 +3.461465142e+02 -3.2494e+00 +1.4763e+00 +3.9039e+00 -4.0982e+00 -1.9670e+00
3 +1.552935225e+02 +1.552935225e+02 +2.748335225e+02 +2.748335225e+02 +1.6766e-01 -2.2473e+00 +3.4143e+00 -1.9282e+00 +2.0343e+00
5 +7.093425580e+01 +7.093425580e+01 +1.904742558e+02 +1.904742558e+02 +2.1706e-01 -2.1019e+00 -3.4714e+00 +3.3948e+00 -2.2359e+00
8 +2.197212782e+01 +2.197212782e+01 +1.415121278e+02 +1.415121278e+02 -1.4197e-01 +1.5159e+00 -1.6019e+00 -4.0518e-01 +2.8696e+00
345 +1.390302742e+01 +1.390302742e+01 +1.334430274e+02 +1.334430274e+02 +1.2124e+00 +1.0339e+00 -2.3160e+00 -1.4371e-01 +2.5054e+00
511 +9.653249035e+00 +9.653249035e+00 +1.291932490e+02 +1.291932490e+02 -2.3779e+00 +4.4759e-02 -3.3981e+00 -7.2450e-01 +3.4924e+00
699 +5.954753124e+00 +5.954753124e+00 +1.254947531e+02 +1.254947531e+02 +4.4441e+00 +2.2640e+00 -1.7399e+00 +1.0977e+00 +3.8375e+00
727 +2.138028806e+00 +2.138028806e+00 +1.216780288e+02 +1.216780288e+02 +4.5597e-01 -2.6837e-02 -4.1441e+00 -8.9544e-01 +3.8124e+00
1332 +1.374308998e+00 +1.374308998e+00 +1.209143090e+02 +1.209143090e+02 +1.6664e+00 +1.0595e+00 -2.8245e+00 -3.1176e-01 +3.6628e+00
1792 +9.411056187e-01 +9.411056187e-01 +1.204811056e+02 +1.204811056e+02 +1.9529e+00 +1.2984e+00 -2.6636e+00 -2.2580e-01 +3.7737e+00
2001 +3.724713125e-01 +3.724713125e-01 +1.199124713e+02 +1.199124713e+02 +1.3392e+00 +8.5938e-01 -3.1198e+00 -4.1193e-01 +3.8206e+00
2602 +1.883837213e-01 +1.883837213e-01 +1.197283837e+02 +1.197283837e+02 +1.4815e+00 +1.0319e+00 -2.9071e+00 -2.8241e-01 +3.7877e+00
2788 +1.022991634e-01 +1.022991634e-01 +1.196422992e+02 +1.196422992e+02 +1.4280e+00 +9.8456e-01 -2.9784e+00 -3.2974e-01 +3.7871e+00
3015 +8.791229465e-02 +8.791229465e-02 +1.196279123e+02 +1.196279123e+02 +1.3332e+00 +9.0050e-01 -3.0794e+00 -3.6871e-01 +3.7828e+00
3205 +2.690439777e-02 +2.690439777e-02 +1.195669044e+02 +1.195669044e+02 +1.3035e+00 +8.9307e-01 -3.0927e+00 -3.6704e-01 +3.7769e+00
3764 +1.537932956e-02 +1.537932956e-02 +1.195553793e+02 +1.195553793e+02 +1.3102e+00 +9.0113e-01 -3.0854e+00 -3.6675e-01 +3.7782e+00
4341 +8.491100262e-03 +8.491100262e-03 +1.195484911e+02 +1.195484911e+02 +1.3211e+00 +9.1031e-01 -3.0749e+00 -3.6388e-01 +3.7781e+00
4973 +5.385986411e-03 +5.385986411e-03 +1.195453860e+02 +1.195453860e+02 +1.3189e+00 +9.0759e-01 -3.0783e+00 -3.6440e-01 +3.7775e+00
5183 +3.309863915e-03 +3.309863915e-03 +1.195433099e+02 +1.195433099e+02 +1.3207e+00 +9.0906e-01 -3.0766e+00 -3.6337e-01 +3.7778e+00
5442 +2.313059765e-03 +2.313059765e-03 +1.195423131e+02 +1.195423131e+02 +1.3198e+00 +9.0955e-01 -3.0760e+00 -3.6276e-01 +3.7776e+00
5766 +1.408454513e-03 +1.408454513e-03 +1.195414085e+02 +1.195414085e+02 +1.3194e+00 +9.0884e-01 -3.0768e+00 -3.6319e-01 +3.7776e+00
6137 +8.883267859e-04 +8.883267859e-04 +1.195408883e+02 +1.195408883e+02 +1.3192e+00 +9.0871e-01 -3.0768e+00 -3.6325e-01 +3.7777e+00
6191 +4.726947596e-04 +4.726947596e-04 +1.195404727e+02 +1.195404727e+02 +1.3191e+00 +9.0868e-01 -3.0769e+00 -3.6324e-01 +3.7776e+00
6375 +2.700472801e-04 +2.700472801e-04 +1.195402700e+02 +1.195402700e+02 +1.3194e+00 +9.0899e-01 -3.0766e+00 -3.6312e-01 +3.7776e+00
7082 +1.739989040e-04 +1.739989040e-04 +1.195401740e+02 +1.195401740e+02 +1.3192e+00 +9.0879e-01 -3.0768e+00 -3.6315e-01 +3.7776e+00
7174 +1.487216075e-04 +1.487216075e-04 +1.195401487e+02 +1.195401487e+02 +1.3192e+00 +9.0878e-01 -3.0768e+00 -3.6322e-01 +3.7776e+00
7675 +6.851390089e-05 +6.851390089e-05 +1.195400685e+02 +1.195400685e+02 +1.3192e+00 +9.0880e-01 -3.0768e+00 -3.6319e-01 +3.7776e+00
7914 +5.481213547e-05 +5.481213547e-05 +1.195400548e+02 +1.195400548e+02 +1.3192e+00 +9.0882e-01 -3.0768e+00 -3.6320e-01 +3.7776e+00
7980 +3.131679024e-05 +3.131679024e-05 +1.195400313e+02 +1.195400313e+02 +1.3192e+00 +9.0880e-01 -3.0768e+00 -3.6320e-01 +3.7776e+00
8487 +2.221201247e-05 +2.221201247e-05 +1.195400222e+02 +1.195400222e+02 +1.3192e+00 +9.0881e-01 -3.0768e+00 -3.6319e-01 +3.7776e+00
8903 +1.425751317e-05 +1.425751317e-05 +1.195400143e+02 +1.195400143e+02 +1.3192e+00 +9.0880e-01 -3.0768e+00 -3.6320e-01 +3.7776e+00
9543 +8.166127472e-06 +8.166127472e-06 +1.195400082e+02 +1.195400082e+02 +1.3192e+00 +9.0880e-01 -3.0768e+00 -3.6320e-01 +3.7776e+00
9979 +5.575065956e-06 +5.575065956e-06 +1.195400056e+02 +1.195400056e+02 +1.3192e+00 +9.0880e-01 -3.0768e+00 -3.6320e-01 +3.7776e+00
10324 +1.837018388e-06 +1.837018388e-06 +1.195400018e+02 +1.195400018e+02 +1.3192e+00 +9.0880e-01 -3.0768e+00 -3.6320e-01 +3.7776e+00
11009 +7.738396732e-07 +7.738396732e-07 +1.195400008e+02 +1.195400008e+02 +1.3192e+00 +9.0880e-01 -3.0768e+00 -3.6320e-01 +3.7776e+00
11448 +5.251128101e-07 +5.251128101e-07 +1.195400005e+02 +1.195400005e+02 +1.3192e+00 +9.0880e-01 -3.0768e+00 -3.6320e-01 +3.7776e+00
11739 +3.875918111e-07 +3.875918111e-07 +1.195400004e+02 +1.195400004e+02 +1.3192e+00 +9.0880e-01 -3.0768e+00 -3.6320e-01 +3.7776e+00
12184 +2.409513513e-07 +2.409513513e-07 +1.195400002e+02 +1.195400002e+02 +1.3192e+00 +9.0880e-01 -3.0768e+00 -3.6320e-01 +3.7776e+00
12353 +8.599832313e-08 +8.599832313e-08 +1.195400001e+02 +1.195400001e+02 +1.3192e+00 +9.0880e-01 -3.0768e+00 -3.6320e-01 +3.7776e+00
12840 +5.728628594e-08 +5.728628594e-08 +1.195400001e+02 +1.195400001e+02 +1.3192e+00 +9.0880e-01 -3.0768e+00 -3.6320e-01 +3.7776e+00
12959 +1.829288010e-08 +1.829288010e-08 +1.195400000e+02 +1.195400000e+02 +1.3192e+00 +9.0880e-01 -3.0768e+00 -3.6320e-01 +3.7776e+00
13417 +1.489529211e-08 +1.489529211e-08 +1.195400000e+02 +1.195400000e+02 +1.3192e+00 +9.0880e-01 -3.0768e+00 -3.6320e-01 +3.7776e+00
13684 +8.416790820e-09 +8.416790820e-09 +1.195400000e+02 +1.195400000e+02 +1.3192e+00 +9.0880e-01 -3.0768e+00 -3.6320e-01 +3.7776e+00
% function evaluation | noise-free fitness - Fopt (6.983000000000e+01) | best noise-free fitness - Fopt | measured fitness | best measured fitness | x1 | x2...
1 +1.262880855e+02 +1.262880855e+02 +1.961180855e+02 +1.961180855e+02 -4.7518e+00 +3.4190e+00 +4.9726e+00 +7.8123e-02 +4.9552e+00
4 +8.343296853e+01 +8.343296853e+01 +1.532629685e+02 +1.532629685e+02 +3.4351e+00 -4.2410e+00 -2.1758e+00 +2.0232e+00 +1.7815e+00
5 +4.767628865e+01 +4.767628865e+01 +1.175062887e+02 +1.175062887e+02 +2.1706e-01 -2.1019e+00 -3.4714e+00 +3.3948e+00 -2.2359e+00
30 +1.577486678e+01 +1.577486678e+01 +8.560486678e+01 +8.560486678e+01 -1.8212e+00 -2.9991e-01 -2.9250e+00 -5.2240e-01 -8.4945e-01
263 +6.727732219e+00 +6.727732219e+00 +7.655773222e+01 +7.655773222e+01 -2.1249e+00 -1.8293e+00 -1.7768e+00 -3.4984e+00 +1.5507e+00
477 +5.221166783e+00 +5.221166783e+00 +7.505116678e+01 +7.505116678e+01 -2.6109e+00 -9.6600e-01 -3.0538e+00 -2.3075e+00 +2.2759e+00
905 +3.553023157e+00 +3.553023157e+00 +7.338302316e+01 +7.338302316e+01 -3.3334e+00 -1.1845e+00 -1.9788e+00 -4.0245e+00 +1.2490e+00
1031 +1.638800800e+00 +1.638800800e+00 +7.146880080e+01 +7.146880080e+01 -3.2723e+00 -1.5631e+00 -2.2664e+00 -3.8005e+00 +1.6292e+00
1193 +9.292016919e-01 +9.292016919e-01 +7.075920169e+01 +7.075920169e+01 -2.5981e+00 -1.4607e+00 -2.9108e+00 -3.4026e+00 +1.2709e+00
1658 +5.928022438e-01 +5.928022438e-01 +7.042280224e+01 +7.042280224e+01 -2.7828e+00 -1.3778e+00 -2.7186e+00 -3.5043e+00 +1.3894e+00
1806 +3.196014583e-01 +3.196014583e-01 +7.014960146e+01 +7.014960146e+01 -2.7543e+00 -1.3243e+00 -2.7360e+00 -3.3914e+00 +1.4289e+00
2167 +2.446110417e-01 +2.446110417e-01 +7.007461104e+01 +7.007461104e+01 -2.8672e+00 -1.4220e+00 -2.7018e+00 -3.4789e+00 +1.5755e+00
2552 +1.554580517e-01 +1.554580517e-01 +6.998545805e+01 +6.998545805e+01 -2.8655e+00 -1.4548e+00 -2.6653e+00 -3.5006e+00 +1.5619e+00
2761 +8.871336558e-02 +8.871336558e-02 +6.991871337e+01 +6.991871337e+01 -2.8309e+00 -1.4354e+00 -2.6847e+00 -3.4535e+00 +1.5531e+00
2783 +4.397595910e-02 +4.397595910e-02 +6.987397596e+01 +6.987397596e+01 -2.8713e+00 -1.4585e+00 -2.6535e+00 -3.4929e+00 +1.5902e+00
2939 +3.567188496e-02 +3.567188496e-02 +6.986567188e+01 +6.986567188e+01 -2.8485e+00 -1.4420e+00 -2.6728e+00 -3.4745e+00 +1.5623e+00
3707 +2.329228711e-02 +2.329228711e-02 +6.985329229e+01 +6.985329229e+01 -2.8654e+00 -1.4584e+00 -2.6592e+00 -3.4883e+00 +1.5839e+00
3714 +1.275366822e-02 +1.275366822e-02 +6.984275367e+01 +6.984275367e+01 -2.8810e+00 -1.4643e+00 -2.6439e+00 -3.5047e+00 +1.5906e+00
4112 +8.931511000e-03 +8.931511000e-03 +6.983893151e+01 +6.983893151e+01 -2.8663e+00 -1.4540e+00 -2.6574e+00 -3.4884e+00 +1.5802e+00
4538 +5.697734356e-03 +5.697734356e-03 +6.983569773e+01 +6.983569773e+01 -2.8686e+00 -1.4576e+00 -2.6556e+00 -3.4908e+00 +1.5843e+00
4698 +3.040114792e-03 +3.040114792e-03 +6.983304011e+01 +6.983304011e+01 -2.8650e+00 -1.4565e+00 -2.6592e+00 -3.4865e+00 +1.5831e+00
5054 +2.053250271e-03 +2.053250271e-03 +6.983205325e+01 +6.983205325e+01 -2.8658e+00 -1.4570e+00 -2.6586e+00 -3.4873e+00 +1.5834e+00
5088 +1.294460035e-03 +1.294460035e-03 +6.983129446e+01 +6.983129446e+01 -2.8650e+00 -1.4556e+00 -2.6590e+00 -3.4866e+00 +1.5819e+00
5430 +7.736298421e-04 +7.736298421e-04 +6.983077363e+01 +6.983077363e+01 -2.8657e+00 -1.4557e+00 -2.6583e+00 -3.4873e+00 +1.5821e+00
5817 +5.707955752e-04 +5.707955752e-04 +6.983057080e+01 +6.983057080e+01 -2.8651e+00 -1.4557e+00 -2.6589e+00 -3.4867e+00 +1.5821e+00
5956 +3.938741010e-04 +3.938741010e-04 +6.983039387e+01 +6.983039387e+01 -2.8656e+00 -1.4560e+00 -2.6583e+00 -3.4872e+00 +1.5824e+00
6580 +2.461425010e-04 +2.461425010e-04 +6.983024614e+01 +6.983024614e+01 -2.8656e+00 -1.4560e+00 -2.6584e+00 -3.4872e+00 +1.5825e+00
6775 +1.431992156e-04 +1.431992156e-04 +6.983014320e+01 +6.983014320e+01 -2.8655e+00 -1.4559e+00 -2.6585e+00 -3.4871e+00 +1.5823e+00
7164 +9.159012718e-05 +9.159012718e-05 +6.983009159e+01 +6.983009159e+01 -2.8656e+00 -1.4560e+00 -2.6584e+00 -3.4872e+00 +1.5824e+00
7459 +4.245942122e-05 +4.245942122e-05 +6.983004246e+01 +6.983004246e+01 -2.8656e+00 -1.4560e+00 -2.6584e+00 -3.4872e+00 +1.5824e+00
7547 +3.191425564e-05 +3.191425564e-05 +6.983003191e+01 +6.983003191e+01 -2.8656e+00 -1.4560e+00 -2.6584e+00 -3.4872e+00 +1.5824e+00
8037 +2.264000692e-05 +2.264000692e-05 +6.983002264e+01 +6.983002264e+01 -2.8656e+00 -1.4560e+00 -2.6584e+00 -3.4872e+00 +1.5824e+00
8467 +1.581478358e-05 +1.581478358e-05 +6.983001581e+01 +6.983001581e+01 -2.8656e+00 -1.4560e+00 -2.6584e+00 -3.4872e+00 +1.5824e+00
9424 +8.718562057e-06 +8.718562057e-06 +6.983000872e+01 +6.983000872e+01 -2.8656e+00 -1.4560e+00 -2.6584e+00 -3.4872e+00 +1.5824e+00
9436 +5.498126200e-06 +5.498126200e-06 +6.983000550e+01 +6.983000550e+01 -2.8656e+00 -1.4560e+00 -2.6584e+00 -3.4872e+00 +1.5824e+00
10115 +3.063779786e-06 +3.063779786e-06 +6.983000306e+01 +6.983000306e+01 -2.8656e+00 -1.4560e+00 -2.6584e+00 -3.4872e+00 +1.5824e+00
10152 +2.138670411e-06 +2.138670411e-06 +6.983000214e+01 +6.983000214e+01 -2.8656e+00 -1.4560e+00 -2.6584e+00 -3.4872e+00 +1.5824e+00
10349 +1.476502135e-06 +1.476502135e-06 +6.983000148e+01 +6.983000148e+01 -2.8656e+00 -1.4560e+00 -2.6584e+00 -3.4872e+00 +1.5824e+00
10710 +7.832492486e-07 +7.832492486e-07 +6.983000078e+01 +6.983000078e+01 -2.8656e+00 -1.4560e+00 -2.6584e+00 -3.4872e+00 +1.5824e+00
10926 +6.120222480e-07 +6.120222480e-07 +6.983000061e+01 +6.983000061e+01 -2.8656e+00 -1.4560e+00 -2.6584e+00 -3.4872e+00 +1.5824e+00
11444 +3.735580520e-07 +3.735580520e-07 +6.983000037e+01 +6.983000037e+01 -2.8656e+00 -1.4560e+00 -2.6584e+00 -3.4872e+00 +1.5824e+00
11813 +2.065788891e-07 +2.065788891e-07 +6.983000021e+01 +6.983000021e+01 -2.8656e+00 -1.4560e+00 -2.6584e+00 -3.4872e+00 +1.5824e+00
11964 +1.509837233e-07 +1.509837233e-07 +6.983000015e+01 +6.983000015e+01 -2.8656e+00 -1.4560e+00 -2.6584e+00 -3.4872e+00 +1.5824e+00
12310 +8.269316254e-08 +8.269316254e-08 +6.983000008e+01 +6.983000008e+01 -2.8656e+00 -1.4560e+00 -2.6584e+00 -3.4872e+00 +1.5824e+00
12407 +3.799682702e-08 +3.799682702e-08 +6.983000004e+01 +6.983000004e+01 -2.8656e+00 -1.4560e+00 -2.6584e+00 -3.4872e+00 +1.5824e+00
13041 +2.344286543e-08 +2.344286543e-08 +6.983000002e+01 +6.983000002e+01 -2.8656e+00 -1.4560e+00 -2.6584e+00 -3.4872e+00 +1.5824e+00
13171 +8.950166830e-09 +8.950166830e-09 +6.983000001e+01 +6.983000001e+01 -2.8656e+00 -1.4560e+00 -2.6584e+00 -3.4872e+00 +1.5824e+00
% function evaluation | noise-free fitness - Fopt (7.000000000000e-02) | best noise-free fitness - Fopt | measured fitness | best measured fitness | x1 | x2...
1 +1.645753888e+03 +1.645753888e+03 +1.645823888e+03 +1.645823888e+03 -4.7518e+00 +3.4190e+00 +4.9726e+00 +7.8123e-02 +4.9552e+00
2 +1.714164886e+02 +1.714164886e+02 +1.714864886e+02 +1.714864886e+02 -3.2494e+00 +1.4763e+00 +3.9039e+00 -4.0982e+00 -1.9670e+00
4 +1.259231819e+02 +1.259231819e+02 +1.259931819e+02 +1.259931819e+02 +3.4351e+00 -4.2410e+00 -2.1758e+00 +2.0232e+00 +1.7815e+00
24 +4.678088084e+01 +4.678088084e+01 +4.685088084e+01 +4.685088084e+01 +3.4334e+00 +4.3386e-01 +7.1954e-01 -1.2259e+00 +4.9453e+00
39 +3.667034311e+01 +3.667034311e+01 +3.674034311e+01 +3.674034311e+01 +4.7154e+00 -3.4010e+00 +4.3372e+00 -3.9033e+00 +4.5423e+00
113 +1.890062546e+01 +1.890062546e+01 +1.897062546e+01 +1.897062546e+01 +5.6138e+00 -1.3121e+00 +1.6204e+00 -3.4997e-01 +1.1965e+00
147 +1.291311951e+01 +1.291311951e+01 +1.298311951e+01 +1.298311951e+01 +2.9829e+00 -1.7689e+00 +3.8889e+00 -4.5387e+00 +2.0511e+00
402 +9.414321128e+00 +9.414321128e+00 +9.484321128e+00 +9.484321128e+00 +3.8907e+00 -2.6535e+00 +2.0599e+00 -3.6669e+00 +3.1152e-01
720 +5.058258998e+00 +5.058258998e+00 +5.128258998e+00 +5.128258998e+00 +4.2472e+00 -1.8717e+00 +1.6374e+00 -4.9580e+00 +1.0484e+00
891 +2.718265944e+00 +2.718265944e+00 +2.788265944e+00 +2.788265944e+00 +4.1718e+00 -2.5651e+00 +2.0581e+00 -3.7998e+00 +1.0001e+00
1071 +2.490117698e+00 +2.490117698e+00 +2.560117698e+00 +2.560117698e+00 +4.0135e+00 -2.0767e+00 +2.6339e+00 -2.5453e+00 +1.7912e+00
1181 +1.550334980e+00 +1.550334980e+00 +1.620334980e+00 +1.620334980e+00 +3.9140e+00 -1.9536e+00 +1.8998e+00 -3.8044e+00 +1.3930e+00
1659 +9.881604388e-01 +9.881604388e-01 +1.058160439e+00 +1.058160439e+00 +3.8788e+00 -2.0580e+00 +2.0918e+00 -3.8418e+00 +1.4362e+00
1861 +5.725036515e-01 +5.725036515e-01 +6.425036515e-01 +6.425036515e-01 +3.5660e+00 -1.9024e+00 +2.3544e+00 -3.8778e+00 +1.6308e+00
2005 +3.802624986e-01 +3.802624986e-01 +4.502624986e-01 +4.502624986e-01 +3.6091e+00 -1.9331e+00 +2.3002e+00 -3.8794e+00 +1.6062e+00
2091 +1.522524447e-01 +1.522524447e-01 +2.222524447e-01 +2.222524447e-01 +3.7363e+00 -2.0019e+00 +2.2552e+00 -3.7930e+00 +1.5339e+00
2663 +9.662963364e-02 +9.662963364e-02 +1.666296336e-01 +1.666296336e-01 +3.7338e+00 -1.9980e+00 +2.2550e+00 -3.8268e+00 +1.5370e+00
2919 +4.112135757e-02 +4.112135757e-02 +1.111213576e-01 +1.111213576e-01 +3.7347e+00 -1.9952e+00 +2.2424e+00 -3.8238e+00 +1.5277e+00
3331 +3.638178206e-02 +3.638178206e-02 +1.063817821e-01 +1.063817821e-01 +3.7326e+00 -1.9938e+00 +2.2448e+00 -3.8290e+00 +1.5293e+00
3736 +2.010362401e-02 +2.010362401e-02 +9.010362401e-02 +9.010362401e-02 +3.7423e+00 -1.9973e+00 +2.2475e+00 -3.8162e+00 +1.5303e+00
4003 +1.571103165e-02 +1.571103165e-02 +8.571103165e-02 +8.571103165e-02 +3.7399e+00 -1.9966e+00 +2.2455e+00 -3.8265e+00 +1.5266e+00
4220 +8.329640109e-03 +8.329640109e-03 +7.832964011e-02 +7.832964011e-02 +3.7409e+00 -1.9968e+00 +2.2469e+00 -3.8223e+00 +1.5280e+00
4332 +3.565701480e-03 +3.565701480e-03 +7.356570148e-02 +7.356570148e-02 +3.7407e+00 -1.9972e+00 +2.2463e+00 -3.8242e+00 +1.5274e+00
5402 +2.385774186e-03 +2.385774186e-03 +7.238577419e-02 +7.238577419e-02 +3.7406e+00 -1.9966e+00 +2.2476e+00 -3.8215e+00 +1.5288e+00
5471 +1.558448880e-03 +1.558448880e-03 +7.155844888e-02 +7.155844888e-02 +3.7406e+00 -1.9966e+00 +2.2474e+00 -3.8220e+00 +1.5289e+00
5996 +9.949071120e-04 +9.949071120e-04 +7.099490711e-02 +7.099490711e-02 +3.7406e+00 -1.9966e+00 +2.2476e+00 -3.8213e+00 +1.5291e+00
6134 +5.801565417e-04 +5.801565417e-04 +7.058015654e-02 +7.058015654e-02 +3.7408e+00 -1.9968e+00 +2.2473e+00 -3.8214e+00 +1.5289e+00
6634 +2.975605493e-04 +2.975605493e-04 +7.029756055e-02 +7.029756055e-02 +3.7408e+00 -1.9968e+00 +2.2472e+00 -3.8218e+00 +1.5287e+00
7206 +1.404847248e-04 +1.404847248e-04 +7.014048472e-02 +7.014048472e-02 +3.7407e+00 -1.9968e+00 +2.2473e+00 -3.8215e+00 +1.5289e+00
7411 +8.769784827e-05 +8.769784827e-05 +7.008769785e-02 +7.008769785e-02 +3.7408e+00 -1.9968e+00 +2.2472e+00 -3.8216e+00 +1.5288e+00
7566 +4.095693066e-05 +4.095693066e-05 +7.004095693e-02 +7.004095693e-02 +3.7408e+00 -1.9968e+00 +2.2472e+00 -3.8216e+00 +1.5288e+00
8266 +3.450461590e-05 +3.450461590e-05 +7.003450462e-02 +7.003450462e-02 +3.7408e+00 -1.9968e+00 +2.2472e+00 -3.8216e+00 +1.5288e+00
8772 +2.507639922e-05 +2.507639922e-05 +7.002507640e-02 +7.002507640e-02 +3.7408e+00 -1.9968e+00 +2.2472e+00 -3.8216e+00 +1.5288e+00
9120 +1.346504426e-05 +1.346504426e-05 +7.001346504e-02 +7.001346504e-02 +3.7408e+00 -1.9968e+00 +2.2472e+00 -3.8216e+00 +1.5288e+00
9474 +9.359369839e-06 +9.359369839e-06 +7.000935937e-02 +7.000935937e-02 +3.7408e+00 -1.9968e+00 +2.2472e+00 -3.8216e+00 +1.5288e+00
10477 +5.888205188e-06 +5.888205188e-06 +7.000588821e-02 +7.000588821e-02 +3.7408e+00 -1.9968e+00 +2.2472e+00 -3.8216e+00 +1.5288e+00
10798 +2.667180840e-06 +2.667180840e-06 +7.000266718e-02 +7.000266718e-02 +3.7408e+00 -1.9968e+00 +2.2472e+00 -3.8216e+00 +1.5288e+00
10957 +2.491589441e-06 +2.491589441e-06 +7.000249159e-02 +7.000249159e-02 +3.7408e+00 -1.9968e+00 +2.2472e+00 -3.8216e+00 +1.5288e+00
11012 +1.487953299e-06 +1.487953299e-06 +7.000148795e-02 +7.000148795e-02 +3.7408e+00 -1.9968e+00 +2.2472e+00 -3.8216e+00 +1.5288e+00
11313 +8.833803981e-07 +8.833803981e-07 +7.000088338e-02 +7.000088338e-02 +3.7408e+00 -1.9968e+00 +2.2472e+00 -3.8216e+00 +1.5288e+00
11525 +5.592608495e-07 +5.592608495e-07 +7.000055926e-02 +7.000055926e-02 +3.7408e+00 -1.9968e+00 +2.2472e+00 -3.8216e+00 +1.5288e+00
11923 +3.842606450e-07 +3.842606450e-07 +7.000038426e-02 +7.000038426e-02 +3.7408e+00 -1.9968e+00 +2.2472e+00 -3.8216e+00 +1.5288e+00
12145 +2.431598738e-07 +2.431598738e-07 +7.000024316e-02 +7.000024316e-02 +3.7408e+00 -1.9968e+00 +2.2472e+00 -3.8216e+00 +1.5288e+00
12449 +1.183690826e-07 +1.183690826e-07 +7.000011837e-02 +7.000011837e-02 +3.7408e+00 -1.9968e+00 +2.2472e+00 -3.8216e+00 +1.5288e+00
12488 +8.173077189e-08 +8.173077189e-08 +7.000008173e-02 +7.000008173e-02 +3.7408e+00 -1.9968e+00 +2.2472e+00 -3.8216e+00 +1.5288e+00
12935 +4.650015831e-08 +4.650015831e-08 +7.000004650e-02 +7.000004650e-02 +3.7408e+00 -1.9968e+00 +2.2472e+00 -3.8216e+00 +1.5288e+00
13134 +2.875669193e-08 +2.875669193e-08 +7.000002876e-02 +7.000002876e-02 +3.7408e+00 -1.9968e+00 +2.2472e+00 -3.8216e+00 +1.5288e+00
13335 +1.769668281e-08 +1.769668281e-08 +7.000001770e-02 +7.000001770e-02 +3.7408e+00 -1.9968e+00 +2.2472e+00 -3.8216e+00 +1.5288e+00
13667 +1.515293085e-08 +1.515293085e-08 +7.000001515e-02 +7.000001515e-02 +3.7408e+00 -1.9968e+00 +2.2472e+00 -3.8216e+00 +1.5288e+00
13765 +8.853437761e-09 +8.853437761e-09 +7.000000885e-02 +7.000000885e-02 +3.7408e+00 -1.9968e+00 +2.2472e+00 -3.8216e+00 +1.5288e+00
% function evaluation | noise-free fitness - Fopt (4.960000000000e+00) | best noise-free fitness - Fopt | measured fitness | best measured fitness | x1 | x2...
1 +1.429144603e+02 +1.429144603e+02 +1.478744603e+02 +1.478744603e+02 -4.7518e+00 +3.4190e+00 +4.9726e+00 +7.8123e-02 +4.9552e+00
2 +9.443590461e+01 +9.443590461e+01 +9.939590461e+01 +9.939590461e+01 -3.2494e+00 +1.4763e+00 +3.9039e+00 -4.0982e+00 -1.9670e+00
14 +5.362818721e+01 +5.362818721e+01 +5.858818721e+01 +5.858818721e+01 +1.4017e+00 -7.5121e-01 -4.2133e+00 -2.6142e+00 -4.7088e+00
26 +3.701297063e+01 +3.701297063e+01 +4.197297063e+01 +4.197297063e+01 +1.7370e-01 +2.8148e-01 +2.9588e+00 -3.7176e+00 -2.2162e+00
92 +2.228592847e+01 +2.228592847e+01 +2.724592847e+01 +2.724592847e+01 +3.5315e+00 +3.7490e+00 -3.6730e+00 -4.3329e+00 -4.6267e+00
276 +1.419563456e+01 +1.419563456e+01 +1.915563456e+01 +1.915563456e+01 +1.2263e+00 +1.2570e+00 +9.3626e-01 -5.0055e+00 -2.5332e+00
396 +7.373026190e+00 +7.373026190e+00 +1.233302619e+01 +1.233302619e+01 +3.7925e+00 +2.1847e+00 -9.9476e-01 -3.2340e+00 -3.8165e+00
665 +5.761967603e+00 +5.761967603e+00 +1.072196760e+01 +1.072196760e+01 +3.9507e+00 +2.2932e+00 -2.9655e+00 -3.6258e+00 -4.2614e+00
847 +3.628815827e+00 +3.628815827e+00 +8.588815827e+00 +8.588815827e+00 +3.8096e+00 +1.8309e+00 -2.0391e+00 -3.7907e+00 -3.6439e+00
1049 +1.880314622e+00 +1.880314622e+00 +6.840314622e+00 +6.840314622e+00 +2.9649e+00 +1.9130e+00 -7.5392e-01 -4.0803e+00 -2.8774e+00
1277 +1.499185551e+00 +1.499185551e+00 +6.459185551e+00 +6.459185551e+00 +3.3462e+00 +2.0756e+00 -1.4048e+00 -3.8685e+00 -3.3228e+00
1515 +7.861145459e-01 +7.861145459e-01 +5.746114546e+00 +5.746114546e+00 +3.7146e+00 +1.5374e+00 -1.6360e+00 -4.1274e+00 -4.2630e+00
1746 +4.930971128e-01 +4.930971128e-01 +5.453097113e+00 +5.453097113e+00 +3.2545e+00 +1.8453e+00 -1.1163e+00 -3.7646e+00 -3.1675e+00
2051 +2.288818687e-01 +2.288818687e-01 +5.188881869e+00 +5.188881869e+00 +3.2881e+00 +1.7687e+00 -1.2011e+00 -3.9375e+00 -3.4175e+00
2462 +1.466231429e-01 +1.466231429e-01 +5.106623143e+00 +5.106623143e+00 +3.2076e+00 +1.8446e+00 -1.1427e+00 -3.9167e+00 -3.2690e+00
2842 +8.867984866e-02 +8.867984866e-02 +5.048679849e+00 +5.048679849e+00 +3.2420e+00 +1.8190e+00 -1.2036e+00 -3.9414e+00 -3.3582e+00
3194 +4.349040377e-02 +4.349040377e-02 +5.003490404e+00 +5.003490404e+00 +3.2430e+00 +1.8319e+00 -1.1882e+00 -3.9270e+00 -3.3255e+00
3494 +3.186044995e-02 +3.186044995e-02 +4.991860450e+00 +4.991860450e+00 +3.2553e+00 +1.8231e+00 -1.2123e+00 -3.9327e+00 -3.3615e+00
3822 +2.151660787e-02 +2.151660787e-02 +4.981516608e+00 +4.981516608e+00 +3.2614e+00 +1.8163e+00 -1.2162e+00 -3.9418e+00 -3.3781e+00
4264 +8.656545965e-03 +8.656545965e-03 +4.968656546e+00 +4.968656546e+00 +3.2501e+00 +1.8239e+00 -1.2030e+00 -3.9321e+00 -3.3528e+00
4479 +5.370466942e-03 +5.370466942e-03 +4.965370467e+00 +4.965370467e+00 +3.2574e+00 +1.8188e+00 -1.2127e+00 -3.9372e+00 -3.3711e+00
5318 +3.812763462e-03 +3.812763462e-03 +4.963812763e+00 +4.963812763e+00 +3.2616e+00 +1.8167e+00 -1.2181e+00 -3.9399e+00 -3.3803e+00
5533 +1.743376502e-03 +1.743376502e-03 +4.961743377e+00 +4.961743377e+00 +3.2595e+00 +1.8179e+00 -1.2163e+00 -3.9390e+00 -3.3767e+00
6099 +1.562210442e-03 +1.562210442e-03 +4.961562210e+00 +4.961562210e+00 +3.2592e+00 +1.8182e+00 -1.2157e+00 -3.9387e+00 -3.3757e+00
6559 +9.608823709e-04 +9.608823709e-04 +4.960960882e+00 +4.960960882e+00 +3.2601e+00 +1.8177e+00 -1.2170e+00 -3.9392e+00 -3.3777e+00
6786 +6.032286434e-04 +6.032286434e-04 +4.960603229e+00 +4.960603229e+00 +3.2599e+00 +1.8177e+00 -1.2167e+00 -3.9392e+00 -3.3774e+00
6990 +3.073063645e-04 +3.073063645e-04 +4.960307306e+00 +4.960307306e+00 +3.2599e+00 +1.8177e+00 -1.2168e+00 -3.9392e+00 -3.3774e+00
7513 +1.868532003e-04 +1.868532003e-04 +4.960186853e+00 +4.960186853e+00 +3.2599e+00 +1.8177e+00 -1.2167e+00 -3.9392e+00 -3.3774e+00
7781 +1.453933001e-04 +1.453933001e-04 +4.960145393e+00 +4.960145393e+00 +3.2600e+00 +1.8176e+00 -1.2168e+00 -3.9392e+00 -3.3775e+00
8526 +6.447262571e-05 +6.447262571e-05 +4.960064473e+00 +4.960064473e+00 +3.2601e+00 +1.8175e+00 -1.2169e+00 -3.9392e+00 -3.3778e+00
8549 +3.357725765e-05 +3.357725765e-05 +4.960033577e+00 +4.960033577e+00 +3.2600e+00 +1.8176e+00 -1.2168e+00 -3.9392e+00 -3.3776e+00
9456 +2.374674581e-05 +2.374674581e-05 +4.960023747e+00 +4.960023747e+00 +3.2600e+00 +1.8176e+00 -1.2168e+00 -3.9392e+00 -3.3776e+00
9806 +1.329500658e-05 +1.329500658e-05 +4.960013295e+00 +4.960013295e+00 +3.2600e+00 +1.8176e+00 -1.2168e+00 -3.9392e+00 -3.3776e+00
10232 +9.352729333e-06 +9.352729333e-06 +4.960009353e+00 +4.960009353e+00 +3.2600e+00 +1.8176e+00 -1.2168e+00 -3.9392e+00 -3.3776e+00
10440 +6.228709982e-06 +6.228709982e-06 +4.960006229e+00 +4.960006229e+00 +3.2600e+00 +1.8176e+00 -1.2168e+00 -3.9392e+00 -3.3776e+00
10957 +3.972911386e-06 +3.972911386e-06 +4.960003973e+00 +4.960003973e+00 +3.2600e+00 +1.8176e+00 -1.2168e+00 -3.9392e+00 -3.3776e+00
11008 +2.404804969e-06 +2.404804969e-06 +4.960002405e+00 +4.960002405e+00 +3.2600e+00 +1.8176e+00 -1.2168e+00 -3.9392e+00 -3.3776e+00
11211 +1.302104347e-06 +1.302104347e-06 +4.960001302e+00 +4.960001302e+00 +3.2600e+00 +1.8176e+00 -1.2168e+00 -3.9392e+00 -3.3776e+00
11561 +7.694774293e-07 +7.694774293e-07 +4.960000769e+00 +4.960000769e+00 +3.2600e+00 +1.8176e+00 -1.2168e+00 -3.9392e+00 -3.3776e+00
11811 +6.154377115e-07 +6.154377115e-07 +4.960000615e+00 +4.960000615e+00 +3.2600e+00 +1.8176e+00 -1.2168e+00 -3.9392e+00 -3.3776e+00
11862 +3.734340881e-07 +3.734340881e-07 +4.960000373e+00 +4.960000373e+00 +3.2600e+00 +1.8176e+00 -1.2168e+00 -3.9392e+00 -3.3776e+00
12402 +2.388645610e-07 +2.388645610e-07 +4.960000239e+00 +4.960000239e+00 +3.2600e+00 +1.8176e+00 -1.2168e+00 -3.9392e+00 -3.3776e+00
12620 +1.337087534e-07 +1.337087534e-07 +4.960000134e+00 +4.960000134e+00 +3.2600e+00 +1.8176e+00 -1.2168e+00 -3.9392e+00 -3.3776e+00
13184 +9.647517007e-08 +9.647517007e-08 +4.960000096e+00 +4.960000096e+00 +3.2600e+00 +1.8176e+00 -1.2168e+00 -3.9392e+00 -3.3776e+00
13378 +4.010888333e-08 +4.010888333e-08 +4.960000040e+00 +4.960000040e+00 +3.2600e+00 +1.8176e+00 -1.2168e+00 -3.9392e+00 -3.3776e+00
13572 +3.444760743e-08 +3.444760743e-08 +4.960000034e+00 +4.960000034e+00 +3.2600e+00 +1.8176e+00 -1.2168e+00 -3.9392e+00 -3.3776e+00
13676 +2.458457615e-08 +2.458457615e-08 +4.960000025e+00 +4.960000025e+00 +3.2600e+00 +1.8176e+00 -1.2168e+00 -3.9392e+00 -3.3776e+00
13840 +1.510731451e-08 +1.510731451e-08 +4.960000015e+00 +4.960000015e+00 +3.2600e+00 +1.8176e+00 -1.2168e+00 -3.9392e+00 -3.3776e+00
13919 +9.254174316e-09 +9.254174316e-09 +4.960000009e+00 +4.960000009e+00 +3.2600e+00 +1.8176e+00 -1.2168e+00 -3.9392e+00 -3.3776e+00
% function evaluation | noise-free fitness - Fopt (1.923000000000e+02) | best noise-free fitness - Fopt | measured fitness | best measured fitness | x1 | x2...
1 +1.743633800e+02 +1.743633800e+02 +3.666633800e+02 +3.666633800e+02 -4.7518e+00 +3.4190e+00 +4.9726e+00 +7.8123e-02 +4.9552e+00
2 +1.274769294e+02 +1.274769294e+02 +3.197769294e+02 +3.197769294e+02 -3.2494e+00 +1.4763e+00 +3.9039e+00 -4.0982e+00 -1.9670e+00
10 +9.083438876e+01 +9.083438876e+01 +2.831343888e+02 +2.831343888e+02 +3.1732e-01 -3.4667e+00 +6.8246e-01 -6.9552e-01 -3.3823e+00
12 +3.325912394e+01 +3.325912394e+01 +2.255591239e+02 +2.255591239e+02 -4.6054e+00 +4.5124e+00 +1.0595e+00 +4.9704e-01 -1.9615e+00
61 +2.356096588e+01 +2.356096588e+01 +2.158609659e+02 +2.158609659e+02 -2.6534e+00 +3.5004e-01 -1.5601e-01 -2.2698e-01 -2.0950e+00
288 +1.183438906e+01 +1.183438906e+01 +2.041343891e+02 +2.041343891e+02 -1.8534e+00 -2.7144e-02 -3.7651e+00 -1.6451e+00 -2.5397e+00
519 +6.508866296e+00 +6.508866296e+00 +1.988088663e+02 +1.988088663e+02 -3.2292e+00 +3.4500e+00 -3.5035e+00 -1.2170e+00 -3.5030e+00
587 +5.309707947e+00 +5.309707947e+00 +1.976097079e+02 +1.976097079e+02 -1.8932e+00 +8.9262e-01 -4.0168e+00 -1.3656e+00 -2.9599e+00
915 +2.554430910e+00 +2.554430910e+00 +1.948544309e+02 +1.948544309e+02 -2.8073e+00 +3.3203e+00 -2.8606e+00 -1.5898e+00 -3.9061e+00
1256 +1.824856763e+00 +1.824856763e+00 +1.941248568e+02 +1.941248568e+02 -3.0559e+00 +4.1684e+00 -2.6748e+00 -1.4108e+00 -3.9085e+00
1371 +1.054680248e+00 +1.054680248e+00 +1.933546802e+02 +1.933546802e+02 -2.9235e+00 +3.6861e+00 -2.9423e+00 -1.3063e+00 -3.9657e+00
1473 +9.298470437e-01 +9.298470437e-01 +1.932298470e+02 +1.932298470e+02 -2.9749e+00 +3.9944e+00 -2.7123e+00 -1.3876e+00 -3.8944e+00
1778 +4.710803356e-01 +4.710803356e-01 +1.927710803e+02 +1.927710803e+02 -3.3651e+00 +4.8555e+00 -2.5163e+00 -1.1293e+00 -4.2746e+00
2064 +3.587982325e-01 +3.587982325e-01 +1.926587982e+02 +1.926587982e+02 -2.9577e+00 +3.8339e+00 -2.8531e+00 -1.2385e+00 -3.9949e+00
2464 +2.094272894e-01 +2.094272894e-01 +1.925094273e+02 +1.925094273e+02 -2.9552e+00 +3.9281e+00 -2.7917e+00 -1.2483e+00 -3.9841e+00
2856 +1.133126272e-01 +1.133126272e-01 +1.924133126e+02 +1.924133126e+02 -2.8367e+00 +3.6162e+00 -2.8819e+00 -1.2985e+00 -3.9021e+00
3243 +3.143344700e-02 +3.143344700e-02 +1.923314334e+02 +1.923314334e+02 -3.0144e+00 +3.9764e+00 -2.7820e+00 -1.2520e+00 -3.9811e+00
3794 +1.358409876e-02 +1.358409876e-02 +1.923135841e+02 +1.923135841e+02 -3.0117e+00 +3.9714e+00 -2.7817e+00 -1.2413e+00 -3.9898e+00
4579 +8.461231090e-03 +8.461231090e-03 +1.923084612e+02 +1.923084612e+02 -3.0093e+00 +3.9689e+00 -2.7820e+00 -1.2436e+00 -3.9879e+00
4697 +4.019611443e-03 +4.019611443e-03 +1.923040196e+02 +1.923040196e+02 -3.0142e+00 +3.9793e+00 -2.7790e+00 -1.2404e+00 -3.9913e+00
5090 +3.505548574e-03 +3.505548574e-03 +1.923035055e+02 +1.923035055e+02 -3.0143e+00 +3.9799e+00 -2.7789e+00 -1.2404e+00 -3.9913e+00
5532 +1.747837019e-03 +1.747837019e-03 +1.923017478e+02 +1.923017478e+02 -3.0136e+00 +3.9784e+00 -2.7793e+00 -1.2418e+00 -3.9903e+00
5657 +1.473309080e-03 +1.473309080e-03 +1.923014733e+02 +1.923014733e+02 -3.0132e+00 +3.9774e+00 -2.7794e+00 -1.2416e+00 -3.9902e+00
6040 +9.919943637e-04 +9.919943637e-04 +1.923009920e+02 +1.923009920e+02 -3.0137e+00 +3.9785e+00 -2.7792e+00 -1.2415e+00 -3.9904e+00
6657 +4.885629296e-04 +4.885629296e-04 +1.923004886e+02 +1.923004886e+02 -3.0139e+00 +3.9792e+00 -2.7790e+00 -1.2415e+00 -3.9906e+00
6714 +2.584273898e-04 +2.584273898e-04 +1.923002584e+02 +1.923002584e+02 -3.0136e+00 +3.9783e+00 -2.7792e+00 -1.2417e+00 -3.9903e+00
7002 +1.879494971e-04 +1.879494971e-04 +1.923001879e+02 +1.923001879e+02 -3.0135e+00 +3.9782e+00 -2.7793e+00 -1.2417e+00 -3.9903e+00
7321 +1.116370424e-04 +1.116370424e-04 +1.923001116e+02 +1.923001116e+02 -3.0136e+00 +3.9783e+00 -2.7792e+00 -1.2416e+00 -3.9904e+00
7417 +7.891172237e-05 +7.891172237e-05 +1.923000789e+02 +1.923000789e+02 -3.0136e+00 +3.9784e+00 -2.7792e+00 -1.2416e+00 -3.9904e+00
7487 +4.467391614e-05 +4.467391614e-05 +1.923000447e+02 +1.923000447e+02 -3.0136e+00 +3.9784e+00 -2.7792e+00 -1.2416e+00 -3.9904e+00
8256 +3.646921584e-05 +3.646921584e-05 +1.923000365e+02 +1.923000365e+02 -3.0136e+00 +3.9784e+00 -2.7792e+00 -1.2416e+00 -3.9904e+00
8526 +2.115992768e-05 +2.115992768e-05 +1.923000212e+02 +1.923000212e+02 -3.0136e+00 +3.9784e+00 -2.7792e+00 -1.2416e+00 -3.9904e+00
8918 +1.426724143e-05 +1.426724143e-05 +1.923000143e+02 +1.923000143e+02 -3.0136e+00 +3.9784e+00 -2.7792e+00 -1.2416e+00 -3.9904e+00
9693 +4.992729799e-06 +4.992729799e-06 +1.923000050e+02 +1.923000050e+02 -3.0136e+00 +3.9784e+00 -2.7792e+00 -1.2416e+00 -3.9904e+00
9969 +3.120479448e-06 +3.120479448e-06 +1.923000031e+02 +1.923000031e+02 -3.0136e+00 +3.9784e+00 -2.7792e+00 -1.2416e+00 -3.9904e+00
10096 +2.332654418e-06 +2.332654418e-06 +1.923000023e+02 +1.923000023e+02 -3.0136e+00 +3.9784e+00 -2.7792e+00 -1.2416e+00 -3.9904e+00
10368 +9.131077832e-07 +9.131077832e-07 +1.923000009e+02 +1.923000009e+02 -3.0136e+00 +3.9784e+00 -2.7792e+00 -1.2416e+00 -3.9904e+00
10640 +5.947381396e-07 +5.947381396e-07 +1.923000006e+02 +1.923000006e+02 -3.0136e+00 +3.9784e+00 -2.7792e+00 -1.2416e+00 -3.9904e+00
11128 +3.384738250e-07 +3.384738250e-07 +1.923000003e+02 +1.923000003e+02 -3.0136e+00 +3.9784e+00 -2.7792e+00 -1.2416e+00 -3.9904e+00
11228 +2.283743470e-07 +2.283743470e-07 +1.923000002e+02 +1.923000002e+02 -3.0136e+00 +3.9784e+00 -2.7792e+00 -1.2416e+00 -3.9904e+00
11876 +1.103002489e-07 +1.103002489e-07 +1.923000001e+02 +1.923000001e+02 -3.0136e+00 +3.9784e+00 -2.7792e+00 -1.2416e+00 -3.9904e+00
12155 +6.693082355e-08 +6.693082355e-08 +1.923000001e+02 +1.923000001e+02 -3.0136e+00 +3.9784e+00 -2.7792e+00 -1.2416e+00 -3.9904e+00
12372 +4.658363650e-08 +4.658363650e-08 +1.923000000e+02 +1.923000000e+02 -3.0136e+00 +3.9784e+00 -2.7792e+00 -1.2416e+00 -3.9904e+00
12606 +1.734935040e-08 +1.734935040e-08 +1.923000000e+02 +1.923000000e+02 -3.0136e+00 +3.9784e+00 -2.7792e+00 -1.2416e+00 -3.9904e+00
12730 +1.072825739e-08 +1.072825739e-08 +1.923000000e+02 +1.923000000e+02 -3.0136e+00 +3.9784e+00 -2.7792e+00 -1.2416e+00 -3.9904e+00
13163 +9.219661479e-09 +9.219661479e-09 +1.923000000e+02 +1.923000000e+02 -3.0136e+00 +3.9784e+00 -2.7792e+00 -1.2416e+00 -3.9904e+00
% function evaluation | noise-free fitness - Fopt (4.971000000000e+01) | best noise-free fitness - Fopt | measured fitness | best measured fitness | x1 | x2...
1 +1.670794371e+02 +1.670794371e+02 +2.167894371e+02 +2.167894371e+02 -4.7518e+00 +3.4190e+00 +4.9726e+00 +7.8123e-02 +4.9552e+00
2 +5.201181447e+01 +5.201181447e+01 +1.017218145e+02 +1.017218145e+02 -3.2494e+00 +1.4763e+00 +3.9039e+00 -4.0982e+00 -1.9670e+00
4 +3.630406177e+01 +3.630406177e+01 +8.601406177e+01 +8.601406177e+01 +3.4351e+00 -4.2410e+00 -2.1758e+00 +2.0232e+00 +1.7815e+00
5 +1.973465369e+01 +1.973465369e+01 +6.944465369e+01 +6.944465369e+01 +2.1706e-01 -2.1019e+00 -3.4714e+00 +3.3948e+00 -2.2359e+00
174 +1.412319016e+01 +1.412319016e+01 +6.383319016e+01 +6.383319016e+01 +1.8894e+00 -4.0538e+00 -1.9877e+00 +1.6051e+00 -1.7173e+00
488 +6.042073312e+00 +6.042073312e+00 +5.575207331e+01 +5.575207331e+01 +5.2253e+00 -5.2111e+00 -7.8489e-01 +2.8004e+00 -3.9642e-01
933 +2.980051581e+00 +2.980051581e+00 +5.269005158e+01 +5.269005158e+01 +4.2628e+00 -4.0108e+00 -1.0441e+00 +2.2793e+00 -9.7201e-01
1158 +2.048963650e+00 +2.048963650e+00 +5.175896365e+01 +5.175896365e+01 +3.7166e+00 -3.8518e+00 -1.1786e+00 +2.4108e+00 -1.2200e+00
1584 +1.317667852e+00 +1.317667852e+00 +5.102766785e+01 +5.102766785e+01 +3.8922e+00 -3.7157e+00 -1.2597e+00 +2.3824e+00 -1.5088e+00
1825 +9.900004542e-01 +9.900004542e-01 +5.070000045e+01 +5.070000045e+01 +3.5568e+00 -3.5526e+00 -1.4895e+00 +2.3846e+00 -1.8761e+00
2185 +5.237906163e-01 +5.237906163e-01 +5.023379062e+01 +5.023379062e+01 +3.7415e+00 -3.6781e+00 -1.2953e+00 +2.3446e+00 -1.5585e+00
2507 +3.716604495e-01 +3.716604495e-01 +5.008166045e+01 +5.008166045e+01 +3.6225e+00 -3.5194e+00 -1.4214e+00 +2.2944e+00 -1.7529e+00
2758 +2.399578633e-01 +2.399578633e-01 +4.994995786e+01 +4.994995786e+01 +3.9079e+00 -3.8695e+00 -1.3170e+00 +2.4526e+00 -1.2913e+00
2834 +1.390992015e-01 +1.390992015e-01 +4.984909920e+01 +4.984909920e+01 +3.8887e+00 -3.8036e+00 -1.2663e+00 +2.3508e+00 -1.4552e+00
3488 +9.713556087e-02 +9.713556087e-02 +4.980713556e+01 +4.980713556e+01 +3.7662e+00 -3.7170e+00 -1.3237e+00 +2.3446e+00 -1.5306e+00
3559 +5.844667253e-02 +5.844667253e-02 +4.976844667e+01 +4.976844667e+01 +3.7347e+00 -3.6854e+00 -1.3305e+00 +2.3233e+00 -1.5803e+00
3801 +2.875447372e-02 +2.875447372e-02 +4.973875447e+01 +4.973875447e+01 +3.7653e+00 -3.7221e+00 -1.3223e+00 +2.3410e+00 -1.5368e+00
4396 +2.453045074e-02 +2.453045074e-02 +4.973453045e+01 +4.973453045e+01 +3.7431e+00 -3.7004e+00 -1.3300e+00 +2.3324e+00 -1.5593e+00
4617 +1.387002582e-02 +1.387002582e-02 +4.972387003e+01 +4.972387003e+01 +3.7333e+00 -3.6917e+00 -1.3362e+00 +2.3305e+00 -1.5702e+00
5018 +5.561160166e-03 +5.561160166e-03 +4.971556116e+01 +4.971556116e+01 +3.7412e+00 -3.7003e+00 -1.3309e+00 +2.3315e+00 -1.5627e+00
5376 +3.532277977e-03 +3.532277977e-03 +4.971353228e+01 +4.971353228e+01 +3.7420e+00 -3.7007e+00 -1.3305e+00 +2.3313e+00 -1.5617e+00
5881 +2.328269014e-03 +2.328269014e-03 +4.971232827e+01 +4.971232827e+01 +3.7439e+00 -3.7030e+00 -1.3297e+00 +2.3324e+00 -1.5597e+00
6055 +1.581998354e-03 +1.581998354e-03 +4.971158200e+01 +4.971158200e+01 +3.7434e+00 -3.7019e+00 -1.3291e+00 +2.3312e+00 -1.5610e+00
6765 +4.460872591e-04 +4.460872591e-04 +4.971044609e+01 +4.971044609e+01 +3.7433e+00 -3.7025e+00 -1.3296e+00 +2.3321e+00 -1.5599e+00
7476 +2.198411384e-04 +2.198411384e-04 +4.971021984e+01 +4.971021984e+01 +3.7431e+00 -3.7023e+00 -1.3296e+00 +2.3320e+00 -1.5600e+00
8451 +1.286662027e-04 +1.286662027e-04 +4.971012867e+01 +4.971012867e+01 +3.7431e+00 -3.7023e+00 -1.3296e+00 +2.3320e+00 -1.5601e+00
8649 +8.018743782e-05 +8.018743782e-05 +4.971008019e+01 +4.971008019e+01 +3.7431e+00 -3.7022e+00 -1.3297e+00 +2.3319e+00 -1.5602e+00
8996 +5.616504987e-05 +5.616504987e-05 +4.971005617e+01 +4.971005617e+01 +3.7432e+00 -3.7024e+00 -1.3296e+00 +2.3320e+00 -1.5600e+00
9072 +3.649612476e-05 +3.649612476e-05 +4.971003650e+01 +4.971003650e+01 +3.7432e+00 -3.7024e+00 -1.3296e+00 +2.3320e+00 -1.5600e+00
9765 +2.443814597e-05 +2.443814597e-05 +4.971002444e+01 +4.971002444e+01 +3.7432e+00 -3.7024e+00 -1.3296e+00 +2.3320e+00 -1.5600e+00
10224 +1.358899350e-05 +1.358899350e-05 +4.971001359e+01 +4.971001359e+01 +3.7432e+00 -3.7024e+00 -1.3296e+00 +2.3320e+00 -1.5600e+00
10523 +3.637091943e-06 +3.637091943e-06 +4.971000364e+01 +4.971000364e+01 +3.7432e+00 -3.7024e+00 -1.3296e+00 +2.3320e+00 -1.5600e+00
11960 +2.509189798e-06 +2.509189798e-06 +4.971000251e+01 +4.971000251e+01 +3.7432e+00 -3.7024e+00 -1.3296e+00 +2.3320e+00 -1.5600e+00
12251 +1.289598032e-06 +1.289598032e-06 +4.971000129e+01 +4.971000129e+01 +3.7432e+00 -3.7024e+00 -1.3296e+00 +2.3320e+00 -1.5600e+00
12634 +5.996100754e-07 +5.996100754e-07 +4.971000060e+01 +4.971000060e+01 +3.7432e+00 -3.7024e+00 -1.3296e+00 +2.3320e+00 -1.5600e+00
13155 +3.929313337e-07 +3.929313337e-07 +4.971000039e+01 +4.971000039e+01 +3.7432e+00 -3.7024e+00 -1.3296e+00 +2.3320e+00 -1.5600e+00
13669 +1.906197866e-07 +1.906197866e-07 +4.971000019e+01 +4.971000019e+01 +3.7432e+00 -3.7024e+00 -1.3296e+00 +2.3320e+00 -1.5600e+00
14121 +1.058180104e-07 +1.058180104e-07 +4.971000011e+01 +4.971000011e+01 +3.7432e+00 -3.7024e+00 -1.3296e+00 +2.3320e+00 -1.5600e+00
14206 +8.290024311e-08 +8.290024311e-08 +4.971000008e+01 +4.971000008e+01 +3.7432e+00 -3.7024e+00 -1.3296e+00 +2.3320e+00 -1.5600e+00
14458 +5.573001971e-08 +5.573001971e-08 +4.971000006e+01 +4.971000006e+01 +3.7432e+00 -3.7024e+00 -1.3296e+00 +2.3320e+00 -1.5600e+00
14540 +3.958361816e-08 +3.958361816e-08 +4.971000004e+01 +4.971000004e+01 +3.7432e+00 -3.7024e+00 -1.3296e+00 +2.3320e+00 -1.5600e+00
14804 +2.369520047e-08 +2.369520047e-08 +4.971000002e+01 +4.971000002e+01 +3.7432e+00 -3.7024e+00 -1.3296e+00 +2.3320e+00 -1.5600e+00
15022 +1.041097875e-08 +1.041097875e-08 +4.971000001e+01 +4.971000001e+01 +3.7432e+00 -3.7024e+00 -1.3296e+00 +2.3320e+00 -1.5600e+00
15307 +8.486061631e-09 +8.486061631e-09 +4.971000001e+01 +4.971000001e+01 +3.7432e+00 -3.7024e+00 -1.3296e+00 +2.3320e+00 -1.5600e+00
% function evaluation | noise-free fitness - Fopt (2.051200000000e+02) | best noise-free fitness - Fopt | measured fitness | best measured fitness | x1 | x2...
1 +2.088661548e+02 +2.088661548e+02 +4.139861548e+02 +4.139861548e+02 -4.7518e+00 +3.4190e+00 +4.9726e+00 +7.8123e-02 +4.9552e+00
3 +1.483724989e+02 +1.483724989e+02 +3.534924989e+02 +3.534924989e+02 +1.6766e-01 -2.2473e+00 +3.4143e+00 -1.9282e+00 +2.0343e+00
8 +3.164223907e+01 +3.164223907e+01 +2.367622391e+02 +2.367622391e+02 -1.4197e-01 +1.5159e+00 -1.6019e+00 -4.0518e-01 +2.8696e+00
92 +2.397698211e+01 +2.397698211e+01 +2.290969821e+02 +2.290969821e+02 +8.0773e-01 +3.8406e+00 -4.8726e+00 -4.9788e+00 -5.0608e+00
384 +1.466651773e+01 +1.466651773e+01 +2.197865177e+02 +2.197865177e+02 -1.1154e-01 +3.1754e+00 -3.7661e+00 -4.4906e+00 -2.8679e+00
407 +9.405670515e+00 +9.405670515e+00 +2.145256705e+02 +2.145256705e+02 -4.0915e-01 +4.1669e+00 -3.0230e+00 -3.1610e+00 -1.6895e+00
426 +4.066101585e+00 +4.066101585e+00 +2.091861016e+02 +2.091861016e+02 +1.0015e-01 +3.3184e+00 -4.0610e+00 -3.3521e+00 -8.0388e-01
745 +3.194114524e+00 +3.194114524e+00 +2.083141145e+02 +2.083141145e+02 -1.0770e+00 +3.7731e+00 -3.7238e+00 -2.5457e+00 -2.3124e+00
994 +2.252143965e+00 +2.252143965e+00 +2.073721440e+02 +2.073721440e+02 -9.5047e-01 +3.8564e+00 -4.1183e+00 -2.9806e+00 -2.0220e+00
1038 +1.100351554e+00 +1.100351554e+00 +2.062203516e+02 +2.062203516e+02 -8.8263e-01 +3.7981e+00 -3.5650e+00 -2.4698e+00 -1.6517e+00
1260 +9.489313412e-01 +9.489313412e-01 +2.060689313e+02 +2.060689313e+02 -1.0050e+00 +3.8507e+00 -3.5418e+00 -2.4700e+00 -1.9038e+00
1716 +4.744036833e-01 +4.744036833e-01 +2.055944037e+02 +2.055944037e+02 -1.1903e+00 +3.9108e+00 -3.2149e+00 -2.1366e+00 -2.0271e+00
1949 +3.657921737e-01 +3.657921737e-01 +2.054857922e+02 +2.054857922e+02 -1.3486e+00 +3.9297e+00 -3.1974e+00 -2.0179e+00 -2.1011e+00
2201 +2.264519762e-01 +2.264519762e-01 +2.053464520e+02 +2.053464520e+02 -1.3488e+00 +3.9293e+00 -3.1505e+00 -1.9966e+00 -2.1073e+00
2451 +1.462885387e-01 +1.462885387e-01 +2.052662885e+02 +2.052662885e+02 -1.1680e+00 +3.8947e+00 -3.3708e+00 -2.2309e+00 -1.9258e+00
2639 +8.575305152e-02 +8.575305152e-02 +2.052057531e+02 +2.052057531e+02 -1.1785e+00 +3.8947e+00 -3.3811e+00 -2.2534e+00 -1.9253e+00
2999 +3.998508450e-02 +3.998508450e-02 +2.051599851e+02 +2.051599851e+02 -1.1830e+00 +3.9022e+00 -3.3462e+00 -2.2272e+00 -1.9507e+00
3454 +1.538392334e-02 +1.538392334e-02 +2.051353839e+02 +2.051353839e+02 -1.1947e+00 +3.9061e+00 -3.3547e+00 -2.2222e+00 -1.9635e+00
4258 +9.815850782e-03 +9.815850782e-03 +2.051298159e+02 +2.051298159e+02 -1.2141e+00 +3.9111e+00 -3.3403e+00 -2.2014e+00 -1.9833e+00
4583 +5.204570793e-03 +5.204570793e-03 +2.051252046e+02 +2.051252046e+02 -1.1980e+00 +3.9076e+00 -3.3515e+00 -2.2181e+00 -1.9675e+00
4641 +2.794939950e-03 +2.794939950e-03 +2.051227949e+02 +2.051227949e+02 -1.1955e+00 +3.9071e+00 -3.3542e+00 -2.2218e+00 -1.9644e+00
4699 +1.665040753e-03 +1.665040753e-03 +2.051216650e+02 +2.051216650e+02 -1.1920e+00 +3.9057e+00 -3.3553e+00 -2.2247e+00 -1.9605e+00
5324 +1.400523752e-03 +1.400523752e-03 +2.051214005e+02 +2.051214005e+02 -1.1935e+00 +3.9063e+00 -3.3545e+00 -2.2233e+00 -1.9622e+00
5557 +9.136730282e-04 +9.136730282e-04 +2.051209137e+02 +2.051209137e+02 -1.1937e+00 +3.9064e+00 -3.3540e+00 -2.2229e+00 -1.9625e+00
5895 +3.164975232e-04 +3.164975232e-04 +2.051203165e+02 +2.051203165e+02 -1.1937e+00 +3.9064e+00 -3.3542e+00 -2.2231e+00 -1.9625e+00
6132 +2.506356461e-04 +2.506356461e-04 +2.051202506e+02 +2.051202506e+02 -1.1935e+00 +3.9063e+00 -3.3545e+00 -2.2233e+00 -1.9622e+00
6608 +1.311678386e-04 +1.311678386e-04 +2.051201312e+02 +2.051201312e+02 -1.1936e+00 +3.9064e+00 -3.3544e+00 -2.2232e+00 -1.9624e+00
6978 +8.866853460e-05 +8.866853460e-05 +2.051200887e+02 +2.051200887e+02 -1.1936e+00 +3.9064e+00 -3.3544e+00 -2.2232e+00 -1.9624e+00
7053 +5.163533976e-05 +5.163533976e-05 +2.051200516e+02 +2.051200516e+02 -1.1936e+00 +3.9064e+00 -3.3544e+00 -2.2232e+00 -1.9624e+00
7615 +3.233402941e-05 +3.233402941e-05 +2.051200323e+02 +2.051200323e+02 -1.1936e+00 +3.9064e+00 -3.3544e+00 -2.2232e+00 -1.9624e+00
7915 +1.838170147e-05 +1.838170147e-05 +2.051200184e+02 +2.051200184e+02 -1.1936e+00 +3.9064e+00 -3.3544e+00 -2.2232e+00 -1.9624e+00
8320 +1.017494762e-05 +1.017494762e-05 +2.051200102e+02 +2.051200102e+02 -1.1936e+00 +3.9064e+00 -3.3544e+00 -2.2232e+00 -1.9624e+00
8352 +8.189521111e-06 +8.189521111e-06 +2.051200082e+02 +2.051200082e+02 -1.1936e+00 +3.9064e+00 -3.3544e+00 -2.2232e+00 -1.9624e+00
8914 +3.431731159e-06 +3.431731159e-06 +2.051200034e+02 +2.051200034e+02 -1.1936e+00 +3.9064e+00 -3.3544e+00 -2.2232e+00 -1.9624e+00
9325 +1.886795530e-06 +1.886795530e-06 +2.051200019e+02 +2.051200019e+02 -1.1936e+00 +3.9064e+00 -3.3544e+00 -2.2232e+00 -1.9624e+00
9497 +8.340998647e-07 +8.340998647e-07 +2.051200008e+02 +2.051200008e+02 -1.1936e+00 +3.9064e+00 -3.3544e+00 -2.2232e+00 -1.9624e+00
9824 +5.027962402e-07 +5.027962402e-07 +2.051200005e+02 +2.051200005e+02 -1.1936e+00 +3.9064e+00 -3.3544e+00 -2.2232e+00 -1.9624e+00
10432 +3.645941717e-07 +3.645941717e-07 +2.051200004e+02 +2.051200004e+02 -1.1936e+00 +3.9064e+00 -3.3544e+00 -2.2232e+00 -1.9624e+00
10685 +2.137583692e-07 +2.137583692e-07 +2.051200002e+02 +2.051200002e+02 -1.1936e+00 +3.9064e+00 -3.3544e+00 -2.2232e+00 -1.9624e+00
10892 +1.089259740e-07 +1.089259740e-07 +2.051200001e+02 +2.051200001e+02 -1.1936e+00 +3.9064e+00 -3.3544e+00 -2.2232e+00 -1.9624e+00
11378 +7.128872426e-08 +7.128872426e-08 +2.051200001e+02 +2.051200001e+02 -1.1936e+00 +3.9064e+00 -3.3544e+00 -2.2232e+00 -1.9624e+00
11571 +5.329965802e-08 +5.329965802e-08 +2.051200001e+02 +2.051200001e+02 -1.1936e+00 +3.9064e+00 -3.3544e+00 -2.2232e+00 -1.9624e+00
11877 +3.757702416e-08 +3.757702416e-08 +2.051200000e+02 +2.051200000e+02 -1.1936e+00 +3.9064e+00 -3.3544e+00 -2.2232e+00 -1.9624e+00
12054 +1.710870379e-08 +1.710870379e-08 +2.051200000e+02 +2.051200000e+02 -1.1936e+00 +3.9064e+00 -3.3544e+00 -2.2232e+00 -1.9624e+00
12163 +1.433534180e-08 +1.433534180e-08 +2.051200000e+02 +2.051200000e+02 -1.1936e+00 +3.9064e+00 -3.3544e+00 -2.2232e+00 -1.9624e+00
12471 +7.755943443e-09 +7.755943443e-09 +2.051200000e+02 +2.051200000e+02 -1.1936e+00 +3.9064e+00 -3.3544e+00 -2.2232e+00 -1.9624e+00
% function evaluation | noise-free fitness - Fopt (-1.729000000000e+02) | best noise-free fitness - Fopt | measured fitness | best measured fitness | x1 | x2...
1 +8.392007171e+01 +8.392007171e+01 -8.897992829e+01 -8.897992829e+01 -4.7518e+00 +3.4190e+00 +4.9726e+00 +7.8123e-02 +4.9552e+00
2 +2.450038147e+01 +2.450038147e+01 -1.483996185e+02 -1.483996185e+02 -3.2494e+00 +1.4763e+00 +3.9039e+00 -4.0982e+00 -1.9670e+00
133 +1.266822693e+01 +1.266822693e+01 -1.602317731e+02 -1.602317731e+02 -3.6860e+00 +1.2189e+00 +3.4474e+00 -2.2427e+00 -1.6681e+00
354 +7.426597566e+00 +7.426597566e+00 -1.654734024e+02 -1.654734024e+02 -4.2068e+00 +1.6835e+00 +3.6913e+00 -3.0284e+00 -7.6950e-01
380 +5.941556228e+00 +5.941556228e+00 -1.669584438e+02 -1.669584438e+02 -3.3294e+00 -1.4477e+00 +4.8557e+00 -4.1701e+00 -2.4983e+00
847 +3.357664076e+00 +3.357664076e+00 -1.695423359e+02 -1.695423359e+02 -3.2111e+00 -3.4389e-01 +4.5926e+00 -2.3106e+00 -2.7286e+00
1021 +1.287317192e+00 +1.287317192e+00 -1.716126828e+02 -1.716126828e+02 -3.1562e+00 -6.7737e-01 +3.9716e+00 -3.3555e+00 -3.1806e+00
1462 +8.957711738e-01 +8.957711738e-01 -1.720042288e+02 -1.720042288e+02 -2.9362e+00 -1.1774e+00 +3.9122e+00 -3.7647e+00 -3.4462e+00
1622 +5.875354322e-01 +5.875354322e-01 -1.723124646e+02 -1.723124646e+02 -3.0855e+00 -6.7424e-01 +3.8549e+00 -3.4175e+00 -3.0925e+00
2123 +3.966113550e-01 +3.966113550e-01 -1.725033886e+02 -1.725033886e+02 -2.9777e+00 -9.5343e-01 +3.8663e+00 -3.6235e+00 -3.3034e+00
2209 +2.428793490e-01 +2.428793490e-01 -1.726571207e+02 -1.726571207e+02 -2.9938e+00 -9.3917e-01 +3.8432e+00 -3.6523e+00 -3.2348e+00
2551 +1.292862329e-01 +1.292862329e-01 -1.727707138e+02 -1.727707138e+02 -2.8202e+00 -1.4343e+00 +3.7901e+00 -3.9610e+00 -3.6726e+00
2961 +9.800045682e-02 +9.800045682e-02 -1.728019995e+02 -1.728019995e+02 -2.9322e+00 -1.0383e+00 +3.8622e+00 -3.6537e+00 -3.3455e+00
3126 +5.625377955e-02 +5.625377955e-02 -1.728437462e+02 -1.728437462e+02 -2.9357e+00 -1.0189e+00 +3.8539e+00 -3.6358e+00 -3.3335e+00
3502 +2.546245494e-02 +2.546245494e-02 -1.728745375e+02 -1.728745375e+02 -2.9329e+00 -1.0292e+00 +3.8527e+00 -3.6503e+00 -3.3470e+00
3629 +2.350638546e-02 +2.350638546e-02 -1.728764936e+02 -1.728764936e+02 -2.9346e+00 -1.0220e+00 +3.8607e+00 -3.6312e+00 -3.3420e+00
4676 +1.345893065e-02 +1.345893065e-02 -1.728865411e+02 -1.728865411e+02 -2.9297e+00 -1.0336e+00 +3.8552e+00 -3.6462e+00 -3.3513e+00
4809 +9.250539103e-03 +9.250539103e-03 -1.728907495e+02 -1.728907495e+02 -2.9300e+00 -1.0297e+00 +3.8564e+00 -3.6408e+00 -3.3490e+00
5276 +5.833521569e-03 +5.833521569e-03 -1.728941665e+02 -1.728941665e+02 -2.9307e+00 -1.0296e+00 +3.8544e+00 -3.6438e+00 -3.3488e+00
5507 +2.990862595e-03 +2.990862595e-03 -1.728970091e+02 -1.728970091e+02 -2.9296e+00 -1.0324e+00 +3.8546e+00 -3.6455e+00 -3.3514e+00
5703 +1.999039678e-03 +1.999039678e-03 -1.728980010e+02 -1.728980010e+02 -2.9308e+00 -1.0278e+00 +3.8559e+00 -3.6409e+00 -3.3478e+00
6122 +1.573144348e-03 +1.573144348e-03 -1.728984269e+02 -1.728984269e+02 -2.9315e+00 -1.0270e+00 +3.8551e+00 -3.6418e+00 -3.3470e+00
6512 +8.460684581e-04 +8.460684581e-04 -1.728991539e+02 -1.728991539e+02 -2.9313e+00 -1.0269e+00 +3.8554e+00 -3.6412e+00 -3.3470e+00
6579 +5.585767686e-04 +5.585767686e-04 -1.728994414e+02 -1.728994414e+02 -2.9313e+00 -1.0272e+00 +3.8552e+00 -3.6415e+00 -3.3471e+00
7072 +3.285478259e-04 +3.285478259e-04 -1.728996715e+02 -1.728996715e+02 -2.9310e+00 -1.0277e+00 +3.8551e+00 -3.6421e+00 -3.3477e+00
7740 +1.502777959e-04 +1.502777959e-04 -1.728998497e+02 -1.728998497e+02 -2.9312e+00 -1.0273e+00 +3.8552e+00 -3.6417e+00 -3.3473e+00
8076 +8.442393280e-05 +8.442393280e-05 -1.728999156e+02 -1.728999156e+02 -2.9312e+00 -1.0271e+00 +3.8552e+00 -3.6416e+00 -3.3471e+00
8518 +4.526235566e-05 +4.526235566e-05 -1.728999547e+02 -1.728999547e+02 -2.9312e+00 -1.0272e+00 +3.8552e+00 -3.6416e+00 -3.3472e+00
9045 +3.417221058e-05 +3.417221058e-05 -1.728999658e+02 -1.728999658e+02 -2.9312e+00 -1.0272e+00 +3.8552e+00 -3.6416e+00 -3.3472e+00
9603 +2.482052096e-05 +2.482052096e-05 -1.728999752e+02 -1.728999752e+02 -2.9312e+00 -1.0272e+00 +3.8552e+00 -3.6416e+00 -3.3472e+00
10193 +1.174989225e-05 +1.174989225e-05 -1.728999883e+02 -1.728999883e+02 -2.9312e+00 -1.0272e+00 +3.8552e+00 -3.6416e+00 -3.3472e+00
10594 +8.510042818e-06 +8.510042818e-06 -1.728999915e+02 -1.728999915e+02 -2.9312e+00 -1.0272e+00 +3.8552e+00 -3.6416e+00 -3.3472e+00
10883 +4.800328497e-06 +4.800328497e-06 -1.728999952e+02 -1.728999952e+02 -2.9312e+00 -1.0272e+00 +3.8552e+00 -3.6416e+00 -3.3472e+00
10913 +1.902891540e-06 +1.902891540e-06 -1.728999981e+02 -1.728999981e+02 -2.9312e+00 -1.0272e+00 +3.8552e+00 -3.6416e+00 -3.3472e+00
11170 +1.205785992e-06 +1.205785992e-06 -1.728999988e+02 -1.728999988e+02 -2.9312e+00 -1.0272e+00 +3.8552e+00 -3.6416e+00 -3.3472e+00
11249 +9.601429554e-07 +9.601429554e-07 -1.728999990e+02 -1.728999990e+02 -2.9312e+00 -1.0272e+00 +3.8552e+00 -3.6416e+00 -3.3472e+00
11753 +6.267635513e-07 +6.267635513e-07 -1.728999994e+02 -1.728999994e+02 -2.9312e+00 -1.0272e+00 +3.8552e+00 -3.6416e+00 -3.3472e+00
11995 +3.758425180e-07 +3.758425180e-07 -1.728999996e+02 -1.728999996e+02 -2.9312e+00 -1.0272e+00 +3.8552e+00 -3.6416e+00 -3.3472e+00
12370 +2.458144763e-07 +2.458144763e-07 -1.728999998e+02 -1.728999998e+02 -2.9312e+00 -1.0272e+00 +3.8552e+00 -3.6416e+00 -3.3472e+00
12721 +1.472215274e-07 +1.472215274e-07 -1.728999999e+02 -1.728999999e+02 -2.9312e+00 -1.0272e+00 +3.8552e+00 -3.6416e+00 -3.3472e+00
13111 +8.684563113e-08 +8.684563113e-08 -1.728999999e+02 -1.728999999e+02 -2.9312e+00 -1.0272e+00 +3.8552e+00 -3.6416e+00 -3.3472e+00
13240 +3.793087444e-08 +3.793087444e-08 -1.729000000e+02 -1.729000000e+02 -2.9312e+00 -1.0272e+00 +3.8552e+00 -3.6416e+00 -3.3472e+00
13724 +2.379354669e-08 +2.379354669e-08 -1.729000000e+02 -1.729000000e+02 -2.9312e+00 -1.0272e+00 +3.8552e+00 -3.6416e+00 -3.3472e+00
13966 +1.438752406e-08 +1.438752406e-08 -1.729000000e+02 -1.729000000e+02 -2.9312e+00 -1.0272e+00 +3.8552e+00 -3.6416e+00 -3.3472e+00
14057 +9.569362192e-09 +9.569362192e-09 -1.729000000e+02 -1.729000000e+02 -2.9312e+00 -1.0272e+00 +3.8552e+00 -3.6416e+00 -3.3472e+00
% function evaluation | noise-free fitness - Fopt (-3.506200000000e+02) | best noise-free fitness - Fopt | measured fitness | best measured fitness | x1 | x2...
1 +1.767405403e+02 +1.767405403e+02 -1.738794597e+02 -1.738794597e+02 -4.7518e+00 +3.4190e+00 +4.9726e+00 +7.8123e-02 +4.9552e+00
3 +4.692227615e+01 +4.692227615e+01 -3.036977238e+02 -3.036977238e+02 +1.6766e-01 -2.2473e+00 +3.4143e+00 -1.9282e+00 +2.0343e+00
14 +3.924270115e+01 +3.924270115e+01 -3.113772988e+02 -3.113772988e+02 +1.4017e+00 -7.5121e-01 -4.2133e+00 -2.6142e+00 -4.7088e+00
30 +1.848424701e+01 +1.848424701e+01 -3.321357530e+02 -3.321357530e+02 -1.8212e+00 -2.9991e-01 -2.9250e+00 -5.2240e-01 -8.4945e-01
171 +1.413391120e+01 +1.413391120e+01 -3.364860888e+02 -3.364860888e+02 -1.8172e-01 -1.5889e+00 -1.4687e+00 -2.4726e+00 -2.7112e+00
405 +8.549503705e+00 +8.549503705e+00 -3.420704963e+02 -3.420704963e+02 -2.7251e+00 -4.0069e+00 +1.5646e+00 -1.0884e-01 -1.2682e-01
644 +2.675086779e+00 +2.675086779e+00 -3.479449132e+02 -3.479449132e+02 -3.2766e+00 -3.1488e+00 +7.9635e-01 +1.7903e+00 +6.2407e-01
806 +2.143646761e+00 +2.143646761e+00 -3.484763532e+02 -3.484763532e+02 -3.6150e+00 -3.6920e+00 +1.2671e-01 -5.7045e-01 +9.2165e-01
1280 +1.407226998e+00 +1.407226998e+00 -3.492127730e+02 -3.492127730e+02 -3.6967e+00 -3.6347e+00 +9.0750e-02 -7.8393e-01 +1.0704e+00
1721 +6.925919761e-01 +6.925919761e-01 -3.499274080e+02 -3.499274080e+02 -3.9153e+00 -3.8131e+00 -2.3314e-01 -1.9215e+00 +1.3006e+00
1842 +5.856622708e-01 +5.856622708e-01 -3.500343377e+02 -3.500343377e+02 -3.9747e+00 -3.8395e+00 -2.8750e-01 -1.7887e+00 +1.4229e+00
2119 +2.838727411e-01 +2.838727411e-01 -3.503361273e+02 -3.503361273e+02 -3.8465e+00 -3.7264e+00 -2.4086e-01 -1.5733e+00 +1.2632e+00
2354 +2.050174644e-01 +2.050174644e-01 -3.504149825e+02 -3.504149825e+02 -3.9360e+00 -3.7169e+00 -4.1997e-01 -1.8236e+00 +1.3275e+00
2781 +1.072606726e-01 +1.072606726e-01 -3.505127393e+02 -3.505127393e+02 -3.8984e+00 -3.7313e+00 -3.6908e-01 -1.8469e+00 +1.2827e+00
3293 +9.845025925e-02 +9.845025925e-02 -3.505215497e+02 -3.505215497e+02 -3.9157e+00 -3.7567e+00 -3.3938e-01 -1.8117e+00 +1.3137e+00
3925 +6.120006192e-02 +6.120006192e-02 -3.505587999e+02 -3.505587999e+02 -3.9042e+00 -3.7348e+00 -3.5346e-01 -1.7866e+00 +1.3060e+00
4075 +3.907543299e-02 +3.907543299e-02 -3.505809246e+02 -3.505809246e+02 -3.9130e+00 -3.7461e+00 -3.6149e-01 -1.8228e+00 +1.3110e+00
4600 +2.392770478e-02 +2.392770478e-02 -3.505960723e+02 -3.505960723e+02 -3.9038e+00 -3.7401e+00 -3.4248e-01 -1.7759e+00 +1.3025e+00
4712 +1.559152671e-02 +1.559152671e-02 -3.506044085e+02 -3.506044085e+02 -3.9132e+00 -3.7444e+00 -3.6144e-01 -1.8205e+00 +1.3104e+00
5094 +8.876244523e-03 +8.876244523e-03 -3.506111238e+02 -3.506111238e+02 -3.9091e+00 -3.7396e+00 -3.5899e-01 -1.8087e+00 +1.3046e+00
5333 +5.699829270e-03 +5.699829270e-03 -3.506143002e+02 -3.506143002e+02 -3.9105e+00 -3.7411e+00 -3.5494e-01 -1.8009e+00 +1.3081e+00
5548 +2.610674528e-03 +2.610674528e-03 -3.506173893e+02 -3.506173893e+02 -3.9099e+00 -3.7402e+00 -3.5613e-01 -1.8035e+00 +1.3068e+00
6133 +2.070835180e-03 +2.070835180e-03 -3.506179292e+02 -3.506179292e+02 -3.9103e+00 -3.7407e+00 -3.5810e-01 -1.8084e+00 +1.3071e+00
6249 +1.151102267e-03 +1.151102267e-03 -3.506188489e+02 -3.506188489e+02 -3.9093e+00 -3.7398e+00 -3.5680e-01 -1.8045e+00 +1.3060e+00
6555 +4.393207170e-04 +4.393207170e-04 -3.506195607e+02 -3.506195607e+02 -3.9096e+00 -3.7399e+00 -3.5673e-01 -1.8048e+00 +1.3064e+00
7085 +3.787504107e-04 +3.787504107e-04 -3.506196212e+02 -3.506196212e+02 -3.9096e+00 -3.7400e+00 -3.5688e-01 -1.8050e+00 +1.3064e+00
7439 +2.415596074e-04 +2.415596074e-04 -3.506197584e+02 -3.506197584e+02 -3.9097e+00 -3.7401e+00 -3.5684e-01 -1.8049e+00 +1.3065e+00
7603 +1.231795180e-04 +1.231795180e-04 -3.506198768e+02 -3.506198768e+02 -3.9096e+00 -3.7400e+00 -3.5685e-01 -1.8049e+00 +1.3065e+00
7975 +6.872469726e-05 +6.872469726e-05 -3.506199313e+02 -3.506199313e+02 -3.9096e+00 -3.7400e+00 -3.5679e-01 -1.8048e+00 +1.3064e+00
8164 +6.142320814e-05 +6.142320814e-05 -3.506199386e+02 -3.506199386e+02 -3.9096e+00 -3.7400e+00 -3.5678e-01 -1.8047e+00 +1.3064e+00
8253 +3.833524488e-05 +3.833524488e-05 -3.506199617e+02 -3.506199617e+02 -3.9096e+00 -3.7400e+00 -3.5680e-01 -1.8048e+00 +1.3064e+00
8812 +2.385850740e-05 +2.385850740e-05 -3.506199761e+02 -3.506199761e+02 -3.9096e+00 -3.7400e+00 -3.5680e-01 -1.8048e+00 +1.3064e+00
8889 +1.398203835e-05 +1.398203835e-05 -3.506199860e+02 -3.506199860e+02 -3.9096e+00 -3.7400e+00 -3.5680e-01 -1.8048e+00 +1.3064e+00
9772 +7.584744480e-06 +7.584744480e-06 -3.506199924e+02 -3.506199924e+02 -3.9096e+00 -3.7400e+00 -3.5679e-01 -1.8048e+00 +1.3064e+00
9925 +4.628277566e-06 +4.628277566e-06 -3.506199954e+02 -3.506199954e+02 -3.9096e+00 -3.7400e+00 -3.5680e-01 -1.8048e+00 +1.3064e+00
10412 +3.289979190e-06 +3.289979190e-06 -3.506199967e+02 -3.506199967e+02 -3.9096e+00 -3.7400e+00 -3.5680e-01 -1.8048e+00 +1.3064e+00
10659 +2.250974376e-06 +2.250974376e-06 -3.506199977e+02 -3.506199977e+02 -3.9096e+00 -3.7400e+00 -3.5680e-01 -1.8048e+00 +1.3064e+00
10732 +1.020693389e-06 +1.020693389e-06 -3.506199990e+02 -3.506199990e+02 -3.9096e+00 -3.7400e+00 -3.5680e-01 -1.8048e+00 +1.3064e+00
10907 +8.382027090e-07 +8.382027090e-07 -3.506199992e+02 -3.506199992e+02 -3.9096e+00 -3.7400e+00 -3.5680e-01 -1.8048e+00 +1.3064e+00
11063 +5.776682315e-07 +5.776682315e-07 -3.506199994e+02 -3.506199994e+02 -3.9096e+00 -3.7400e+00 -3.5680e-01 -1.8048e+00 +1.3064e+00
11553 +3.714479817e-07 +3.714479817e-07 -3.506199996e+02 -3.506199996e+02 -3.9096e+00 -3.7400e+00 -3.5680e-01 -1.8048e+00 +1.3064e+00
11846 +2.446854523e-07 +2.446854523e-07 -3.506199998e+02 -3.506199998e+02 -3.9096e+00 -3.7400e+00 -3.5680e-01 -1.8048e+00 +1.3064e+00
12102 +1.555604854e-07 +1.555604854e-07 -3.506199998e+02 -3.506199998e+02 -3.9096e+00 -3.7400e+00 -3.5680e-01 -1.8048e+00 +1.3064e+00
12364 +9.903754972e-08 +9.903754972e-08 -3.506199999e+02 -3.506199999e+02 -3.9096e+00 -3.7400e+00 -3.5680e-01 -1.8048e+00 +1.3064e+00
12614 +6.065613434e-08 +6.065613434e-08 -3.506199999e+02 -3.506199999e+02 -3.9096e+00 -3.7400e+00 -3.5680e-01 -1.8048e+00 +1.3064e+00
12758 +3.823026873e-08 +3.823026873e-08 -3.506200000e+02 -3.506200000e+02 -3.9096e+00 -3.7400e+00 -3.5680e-01 -1.8048e+00 +1.3064e+00
13137 +2.447887937e-08 +2.447887937e-08 -3.506200000e+02 -3.506200000e+02 -3.9096e+00 -3.7400e+00 -3.5680e-01 -1.8048e+00 +1.3064e+00
13158 +1.493725676e-08 +1.493725676e-08 -3.506200000e+02 -3.506200000e+02 -3.9096e+00 -3.7400e+00 -3.5680e-01 -1.8048e+00 +1.3064e+00
13349 +8.837673704e-09 +8.837673704e-09 -3.506200000e+02 -3.506200000e+02 -3.9096e+00 -3.7400e+00 -3.5680e-01 -1.8048e+00 +1.3064e+00
