% function evaluation | noise-free fitness - Fopt (-5.235000000000e+01) | best noise-free fitness - Fopt | measured fitness | best measured fitness | x1 | x2...
1 +5.704247855e+02 +5.704247855e+02 +5.180747855e+02 +5.180747855e+02
8 +3.835596505e+02 +3.835596505e+02 +3.312096505e+02 +3.312096505e+02
16 +2.384758941e+02 +2.384758941e+02 +1.861258941e+02 +1.861258941e+02
50 +1.290116938e+02 +1.290116938e+02 +7.666169381e+01 +7.666169381e+01
71 +9.746468940e+01 +9.746468940e+01 +4.511468940e+01 +4.511468940e+01
154 +5.512757797e+01 +5.512757797e+01 +2.777577967e+00 +2.777577967e+00
300 +3.562955370e+01 +3.562955370e+01 -1.672044630e+01 -1.672044630e+01
486 +2.472912789e+01 +2.472912789e+01 -2.762087211e+01 -2.762087211e+01
676 +1.558208483e+01 +1.558208483e+01 -3.676791517e+01 -3.676791517e+01
890 +8.229109064e+00 +8.229109064e+00 -4.412089094e+01 -4.412089094e+01
1023 +6.212249976e+00 +6.212249976e+00 -4.613775002e+01 -4.613775002e+01
1163 +3.888105622e+00 +3.888105622e+00 -4.846189438e+01 -4.846189438e+01
1178 +2.492288214e+00 +2.492288214e+00 -4.985771179e+01 -4.985771179e+01
1395 +1.530218200e+00 +1.530218200e+00 -5.081978180e+01 -5.081978180e+01
1513 +9.006771006e-01 +9.006771006e-01 -5.144932290e+01 -5.144932290e+01
1630 +5.267332374e-01 +5.267332374e-01 -5.182326676e+01 -5.182326676e+01
1758 +3.513266339e-01 +3.513266339e-01 -5.199867337e+01 -5.199867337e+01
1946 +1.875323495e-01 +1.875323495e-01 -5.216246765e+01 -5.216246765e+01
2063 +1.576094012e-01 +1.576094012e-01 -5.219239060e+01 -5.219239060e+01
2306 +9.871094709e-02 +9.871094709e-02 -5.225128905e+01 -5.225128905e+01
2569 +5.872087625e-02 +5.872087625e-02 -5.229127912e+01 -5.229127912e+01
2890 +3.439750060e-02 +3.439750060e-02 -5.231560250e+01 -5.231560250e+01
3060 +2.498377918e-02 +2.498377918e-02 -5.232501622e+01 -5.232501622e+01
3789 +1.520642543e-02 +1.520642543e-02 -5.233479357e+01 -5.233479357e+01
4089 +9.927022619e-03 +9.927022619e-03 -5.234007298e+01 -5.234007298e+01
4804 +5.884504584e-03 +5.884504584e-03 -5.234411550e+01 -5.234411550e+01
5508 +3.927518360e-03 +3.927518360e-03 -5.234607248e+01 -5.234607248e+01
6253 +2.497337196e-03 +2.497337196e-03 -5.234750266e+01 -5.234750266e+01
7339 +1.532195588e-03 +1.532195588e-03 -5.234846780e+01 -5.234846780e+01
8853 +9.970985760e-04 +9.970985760e-04 -5.234900290e+01 -5.234900290e+01
10503 +6.218630249e-04 +6.218630249e-04 -5.234937814e+01 -5.234937814e+01
11511 +3.926242927e-04 +3.926242927e-04 -5.234960738e+01 -5.234960738e+01
13937 +2.499596083e-04 +2.499596083e-04 -5.234975004e+01 -5.234975004e+01
16286 +1.575972405e-04 +1.575972405e-04 -5.234984240e+01 -5.234984240e+01
18572 +9.846635651e-05 +9.846635651e-05 -5.234990153e+01 -5.234990153e+01
20823 +6.278466518e-05 +6.278466518e-05 -5.234993722e+01 -5.234993722e+01
24202 +3.979119838e-05 +3.979119838e-05 -5.234996021e+01 -5.234996021e+01
27494 +2.503658784e-05 +2.503658784e-05 -5.234997496e+01 -5.234997496e+01
30585 +1.575360721e-05 +1.575360721e-05 -5.234998425e+01 -5.234998425e+01
32658 +9.900894163e-06 +9.900894163e-06 -5.234999010e+01 -5.234999010e+01
35077 +6.307944531e-06 +6.307944531e-06 -5.234999369e+01 -5.234999369e+01
37252 +3.896254370e-06 +3.896254370e-06 -5.234999610e+01 -5.234999610e+01
40703 +2.507737314e-06 +2.507737314e-06 -5.234999749e+01 -5.234999749e+01
45608 +1.580366416e-06 +1.580366416e-06 -5.234999842e+01 -5.234999842e+01
49674 +9.984917995e-07 +9.984917995e-07 -5.234999900e+01 -5.234999900e+01
54281 +6.241883952e-07 +6.241883952e-07 -5.234999938e+01 -5.234999938e+01
57461 +3.978844063e-07 +3.978844063e-07 -5.234999960e+01 -5.234999960e+01
60780 +2.508362229e-07 +2.508362229e-07 -5.234999975e+01 -5.234999975e+01
64711 +1.580507103e-07 +1.580507103e-07 -5.234999984e+01 -5.234999984e+01
66050 +9.914079158e-08 +9.914079158e-08 -5.234999990e+01 -5.234999990e+01
67481 +6.294475696e-08 +6.294475696e-08 -5.234999994e+01 -5.234999994e+01
71487 +3.963721440e-08 +3.963721440e-08 -5.234999996e+01 -5.234999996e+01
77865 +2.506960328e-08 +2.506960328e-08 -5.234999997e+01 -5.234999997e+01
81971 +1.584666620e-08 +1.584666620e-08 -5.234999998e+01 -5.234999998e+01
84021 +9.924100652e-09 +9.924100652e-09 -5.234999999e+01 -5.234999999e+01
% function evaluation | noise-free fitness - Fopt (-1.795400000000e+02) | best noise-free fitness - Fopt | measured fitness | best measured fitness | x1 | x2...
1 +3.985582484e+02 +3.985582484e+02 +2.190182484e+02 +2.190182484e+02
6 +3.871151034e+02 +3.871151034e+02 +2.075751034e+02 +2.075751034e+02
9 +1.065691922e+02 +1.065691922e+02 -7.297080775e+01 -7.297080775e+01
17 +9.953857814e+01 +9.953857814e+01 -8.000142186e+01 -8.000142186e+01
80 +5.885833255e+01 +5.885833255e+01 -1.206816675e+02 -1.206816675e+02
214 +3.747638770e+01 +3.747638770e+01 -1.420636123e+02 -1.420636123e+02
483 +2.047585159e+01 +2.047585159e+01 -1.590641484e+02 -1.590641484e+02
692 +1.505007302e+01 +1.505007302e+01 -1.644899270e+02 -1.644899270e+02
850 +9.308659551e+00 +9.308659551e+00 -1.702313404e+02 -1.702313404e+02
1105 +6.110849154e+00 +6.110849154e+00 -1.734291508e+02 -1.734291508e+02
1240 +3.116041480e+00 +3.116041480e+00 -1.764239585e+02 -1.764239585e+02
1366 +2.506919117e+00 +2.506919117e+00 -1.770330809e+02 -1.770330809e+02
1480 +1.577252001e+00 +1.577252001e+00 -1.779627480e+02 -1.779627480e+02
1698 +8.523277279e-01 +8.523277279e-01 -1.786876723e+02 -1.786876723e+02
1761 +6.296233508e-01 +6.296233508e-01 -1.789103766e+02 -1.789103766e+02
1977 +3.778455064e-01 +3.778455064e-01 -1.791621545e+02 -1.791621545e+02
2131 +2.369950591e-01 +2.369950591e-01 -1.793030049e+02 -1.793030049e+02
2293 +1.537684576e-01 +1.537684576e-01 -1.793862315e+02 -1.793862315e+02
2403 +9.780430077e-02 +9.780430077e-02 -1.794421957e+02 -1.794421957e+02
2737 +5.805578280e-02 +5.805578280e-02 -1.794819442e+02 -1.794819442e+02
2961 +3.410719340e-02 +3.410719340e-02 -1.795058928e+02 -1.795058928e+02
3534 +2.327827279e-02 +2.327827279e-02 -1.795167217e+02 -1.795167217e+02
4043 +1.549672062e-02 +1.549672062e-02 -1.795245033e+02 -1.795245033e+02
4416 +9.891184449e-03 +9.891184449e-03 -1.795301088e+02 -1.795301088e+02
5219 +6.044836950e-03 +6.044836950e-03 -1.795339552e+02 -1.795339552e+02
6090 +3.845292527e-03 +3.845292527e-03 -1.795361547e+02 -1.795361547e+02
7194 +2.441726044e-03 +2.441726044e-03 -1.795375583e+02 -1.795375583e+02
8145 +1.578954770e-03 +1.578954770e-03 -1.795384210e+02 -1.795384210e+02
9355 +9.938624816e-04 +9.938624816e-04 -1.795390061e+02 -1.795390061e+02
11378 +6.307203676e-04 +6.307203676e-04 -1.795393693e+02 -1.795393693e+02
13335 +3.966696105e-04 +3.966696105e-04 -1.795396033e+02 -1.795396033e+02
14981 +2.508510501e-04 +2.508510501e-04 -1.795397491e+02 -1.795397491e+02
16409 +1.578878524e-04 +1.578878524e-04 -1.795398421e+02 -1.795398421e+02
18392 +9.965773762e-05 +9.965773762e-05 -1.795399003e+02 -1.795399003e+02
20741 +6.247766299e-05 +6.247766299e-05 -1.795399375e+02 -1.795399375e+02
23286 +3.978128478e-05 +3.978128478e-05 -1.795399602e+02 -1.795399602e+02
25520 +2.477894455e-05 +2.477894455e-05 -1.795399752e+02 -1.795399752e+02
28014 +1.583209522e-05 +1.583209522e-05 -1.795399842e+02 -1.795399842e+02
30938 +9.997919875e-06 +9.997919875e-06 -1.795399900e+02 -1.795399900e+02
34350 +6.281567693e-06 +6.281567693e-06 -1.795399937e+02 -1.795399937e+02
37842 +3.971039888e-06 +3.971039888e-06 -1.795399960e+02 -1.795399960e+02
41043 +2.510241700e-06 +2.510241700e-06 -1.795399975e+02 -1.795399975e+02
44449 +1.576622452e-06 +1.576622452e-06 -1.795399984e+02 -1.795399984e+02
47515 +9.929705698e-07 +9.929705698e-07 -1.795399990e+02 -1.795399990e+02
50690 +6.187195538e-07 +6.187195538e-07 -1.795399994e+02 -1.795399994e+02
53142 +3.973486571e-07 +3.973486571e-07 -1.795399996e+02 -1.795399996e+02
57374 +2.502213192e-07 +2.502213192e-07 -1.795399997e+02 -1.795399997e+02
64146 +1.578998479e-07 +1.578998479e-07 -1.795399998e+02 -1.795399998e+02
68851 +9.995306982e-08 +9.995306982e-08 -1.795399999e+02 -1.795399999e+02
74144 +6.273532449e-08 +6.273532449e-08 -1.795399999e+02 -1.795399999e+02
77134 +3.968045803e-08 +3.968045803e-08 -1.795400000e+02 -1.795400000e+02
79168 +2.509699470e-08 +2.509699470e-08 -1.795400000e+02 -1.795400000e+02
85233 +1.583225639e-08 +1.583225639e-08 -1.795400000e+02 -1.795400000e+02
86988 +9.702802117e-09 +9.702802117e-09 -1.795400000e+02 -1.795400000e+02
% function evaluation | noise-free fitness - Fopt (7.731000000000e+01) | best noise-free fitness - Fopt | measured fitness | best measured fitness | x1 | x2...
1 +1.917007616e+02 +1.917007616e+02 +2.690107616e+02 +2.690107616e+02
20 +1.292064188e+02 +1.292064188e+02 +2.065164188e+02 +2.065164188e+02
48 +8.249917250e+01 +8.249917250e+01 +1.598091725e+02 +1.598091725e+02
93 +5.411388177e+01 +5.411388177e+01 +1.314238818e+02 +1.314238818e+02
147 +3.921885806e+01 +3.921885806e+01 +1.165288581e+02 +1.165288581e+02
445 +2.436410597e+01 +2.436410597e+01 +1.016741060e+02 +1.016741060e+02
607 +1.411092502e+01 +1.411092502e+01 +9.142092502e+01 +9.142092502e+01
712 +9.791428927e+00 +9.791428927e+00 +8.710142893e+01 +8.710142893e+01
741 +6.195656667e+00 +6.195656667e+00 +8.350565667e+01 +8.350565667e+01
1045 +3.916101088e+00 +3.916101088e+00 +8.122610109e+01 +8.122610109e+01
1225 +2.202245778e+00 +2.202245778e+00 +7.951224578e+01 +7.951224578e+01
1317 +1.558720270e+00 +1.558720270e+00 +7.886872027e+01 +7.886872027e+01
1473 +9.275352728e-01 +9.275352728e-01 +7.823753527e+01 +7.823753527e+01
1625 +5.792402166e-01 +5.792402166e-01 +7.788924022e+01 +7.788924022e+01
1712 +3.876601957e-01 +3.876601957e-01 +7.769766020e+01 +7.769766020e+01
1966 +2.511410762e-01 +2.511410762e-01 +7.756114108e+01 +7.756114108e+01
2196 +1.548071031e-01 +1.548071031e-01 +7.746480710e+01 +7.746480710e+01
2424 +9.247314841e-02 +9.247314841e-02 +7.740247315e+01 +7.740247315e+01
2569 +5.776281473e-02 +5.776281473e-02 +7.736776281e+01 +7.736776281e+01
2790 +3.771782723e-02 +3.771782723e-02 +7.734771783e+01 +7.734771783e+01
3069 +2.325063874e-02 +2.325063874e-02 +7.733325064e+01 +7.733325064e+01
3537 +1.568018370e-02 +1.568018370e-02 +7.732568018e+01 +7.732568018e+01
4296 +9.328108333e-03 +9.328108333e-03 +7.731932811e+01 +7.731932811e+01
4911 +6.300429101e-03 +6.300429101e-03 +7.731630043e+01 +7.731630043e+01
5774 +3.863295947e-03 +3.863295947e-03 +7.731386330e+01 +7.731386330e+01
6656 +2.311905092e-03 +2.311905092e-03 +7.731231191e+01 +7.731231191e+01
7938 +1.551940477e-03 +1.551940477e-03 +7.731155194e+01 +7.731155194e+01
9430 +9.784406476e-04 +9.784406476e-04 +7.731097844e+01 +7.731097844e+01
10728 +6.285412261e-04 +6.285412261e-04 +7.731062854e+01 +7.731062854e+01
12261 +3.854645967e-04 +3.854645967e-04 +7.731038546e+01 +7.731038546e+01
13733 +2.505739552e-04 +2.505739552e-04 +7.731025057e+01 +7.731025057e+01
15984 +1.581171615e-04 +1.581171615e-04 +7.731015812e+01 +7.731015812e+01
18610 +9.952803408e-05 +9.952803408e-05 +7.731009953e+01 +7.731009953e+01
21749 +6.307746654e-05 +6.307746654e-05 +7.731006308e+01 +7.731006308e+01
23829 +3.969698140e-05 +3.969698140e-05 +7.731003970e+01 +7.731003970e+01
25998 +2.501611446e-05 +2.501611446e-05 +7.731002502e+01 +7.731002502e+01
28639 +1.579100967e-05 +1.579100967e-05 +7.731001579e+01 +7.731001579e+01
31431 +9.984368958e-06 +9.984368958e-06 +7.731000998e+01 +7.731000998e+01
34050 +6.229349594e-06 +6.229349594e-06 +7.731000623e+01 +7.731000623e+01
36438 +3.969162748e-06 +3.969162748e-06 +7.731000397e+01 +7.731000397e+01
41057 +2.500302529e-06 +2.500302529e-06 +7.731000250e+01 +7.731000250e+01
45162 +1.579038923e-06 +1.579038923e-06 +7.731000158e+01 +7.731000158e+01
50205 +9.994582086e-07 +9.994582086e-07 +7.731000100e+01 +7.731000100e+01
52741 +6.281829315e-07 +6.281829315e-07 +7.731000063e+01 +7.731000063e+01
55078 +3.974112843e-07 +3.974112843e-07 +7.731000040e+01 +7.731000040e+01
57307 +2.504280872e-07 +2.504280872e-07 +7.731000025e+01 +7.731000025e+01
60000 +1.584630667e-07 +1.584630667e-07 +7.731000016e+01 +7.731000016e+01
64789 +9.978118953e-08 +9.978118953e-08 +7.731000010e+01 +7.731000010e+01
67853 +6.303510247e-08 +6.303510247e-08 +7.731000006e+01 +7.731000006e+01
73818 +3.970122009e-08 +3.970122009e-08 +7.731000004e+01 +7.731000004e+01
78161 +2.506673979e-08 +2.506673979e-08 +7.731000003e+01 +7.731000003e+01
81015 +1.577613773e-08 +1.577613773e-08 +7.731000002e+01 +7.731000002e+01
84739 +9.886733210e-09 +9.886733210e-09 +7.731000001e+01 +7.731000001e+01
% function evaluation | noise-free fitness - Fopt (3.992000000000e+01) | best noise-free fitness - Fopt | measured fitness | best measured fitness | x1 | x2...
1 +1.667159776e+02 +1.667159776e+02 +2.066359776e+02 +2.066359776e+02
2 +1.211227221e+02 +1.211227221e+02 +1.610427221e+02 +1.610427221e+02
14 +9.339222893e+01 +9.339222893e+01 +1.333122289e+02 +1.333122289e+02
27 +5.934389664e+01 +5.934389664e+01 +9.926389664e+01 +9.926389664e+01
142 +3.625070554e+01 +3.625070554e+01 +7.617070554e+01 +7.617070554e+01
333 +2.244510468e+01 +2.244510468e+01 +6.236510468e+01 +6.236510468e+01
431 +1.584554872e+01 +1.584554872e+01 +5.576554872e+01 +5.576554872e+01
646 +9.824052992e+00 +9.824052992e+00 +4.974405299e+01 +4.974405299e+01
877 +6.146139871e+00 +6.146139871e+00 +4.606613987e+01 +4.606613987e+01
997 +3.852792004e+00 +3.852792004e+00 +4.377279200e+01 +4.377279200e+01
1236 +2.176755439e+00 +2.176755439e+00 +4.209675544e+01 +4.209675544e+01
1394 +1.331038418e+00 +1.331038418e+00 +4.125103842e+01 +4.125103842e+01
1512 +9.315654533e-01 +9.315654533e-01 +4.085156545e+01 +4.085156545e+01
1620 +5.405525385e-01 +5.405525385e-01 +4.046055254e+01 +4.046055254e+01
1776 +3.741895635e-01 +3.741895635e-01 +4.029418956e+01 +4.029418956e+01
1835 +1.869287375e-01 +1.869287375e-01 +4.010692874e+01 +4.010692874e+01
2073 +1.318588802e-01 +1.318588802e-01 +4.005185888e+01 +4.005185888e+01
2203 +9.120471878e-02 +9.120471878e-02 +4.001120472e+01 +4.001120472e+01
2666 +5.722601671e-02 +5.722601671e-02 +3.997722602e+01 +3.997722602e+01
2796 +3.529628439e-02 +3.529628439e-02 +3.995529628e+01 +3.995529628e+01
3127 +2.396749806e-02 +2.396749806e-02 +3.994396750e+01 +3.994396750e+01
3657 +1.582421266e-02 +1.582421266e-02 +3.993582421e+01 +3.993582421e+01
4059 +9.034856763e-03 +9.034856763e-03 +3.992903486e+01 +3.992903486e+01
4599 +6.101347906e-03 +6.101347906e-03 +3.992610135e+01 +3.992610135e+01
5769 +3.936346258e-03 +3.936346258e-03 +3.992393635e+01 +3.992393635e+01
6869 +2.481589030e-03 +2.481589030e-03 +3.992248159e+01 +3.992248159e+01
8122 +1.580511244e-03 +1.580511244e-03 +3.992158051e+01 +3.992158051e+01
9327 +9.851136481e-04 +9.851136481e-04 +3.992098511e+01 +3.992098511e+01
10906 +6.195914019e-04 +6.195914019e-04 +3.992061959e+01 +3.992061959e+01
12316 +3.980635385e-04 +3.980635385e-04 +3.992039806e+01 +3.992039806e+01
14786 +2.491623990e-04 +2.491623990e-04 +3.992024916e+01 +3.992024916e+01
16843 +1.554553755e-04 +1.554553755e-04 +3.992015546e+01 +3.992015546e+01
18355 +9.762489050e-05 +9.762489050e-05 +3.992009762e+01 +3.992009762e+01
20548 +6.295909697e-05 +6.295909697e-05 +3.992006296e+01 +3.992006296e+01
23747 +3.970737639e-05 +3.970737639e-05 +3.992003971e+01 +3.992003971e+01
27510 +2.502207500e-05 +2.502207500e-05 +3.992002502e+01 +3.992002502e+01
30223 +1.583851795e-05 +1.583851795e-05 +3.992001584e+01 +3.992001584e+01
33251 +9.973901697e-06 +9.973901697e-06 +3.992000997e+01 +3.992000997e+01
35864 +6.152108526e-06 +6.152108526e-06 +3.992000615e+01 +3.992000615e+01
37661 +3.944953093e-06 +3.944953093e-06 +3.992000394e+01 +3.992000394e+01
39067 +2.494024095e-06 +2.494024095e-06 +3.992000249e+01 +3.992000249e+01
41273 +1.578764603e-06 +1.578764603e-06 +3.992000158e+01 +3.992000158e+01
44211 +9.987606759e-07 +9.987606759e-07 +3.992000100e+01 +3.992000100e+01
46874 +6.247699389e-07 +6.247699389e-07 +3.992000062e+01 +3.992000062e+01
49306 +3.973730571e-07 +3.973730571e-07 +3.992000040e+01 +3.992000040e+01
51151 +2.501928336e-07 +2.501928336e-07 +3.992000025e+01 +3.992000025e+01
56065 +1.580579649e-07 +1.580579649e-07 +3.992000016e+01 +3.992000016e+01
61611 +9.981167182e-08 +9.981167182e-08 +3.992000010e+01 +3.992000010e+01
65667 +6.300857791e-08 +6.300857791e-08 +3.992000006e+01 +3.992000006e+01
72902 +3.964829176e-08 +3.964829176e-08 +3.992000004e+01 +3.992000004e+01
77481 +2.507745478e-08 +2.507745478e-08 +3.992000003e+01 +3.992000003e+01
85569 +1.584778175e-08 +1.584778175e-08 +3.992000002e+01 +3.992000002e+01
89822 +9.985562599e-09 +9.985562599e-09 +3.992000001e+01 +3.992000001e+01
% function evaluation | noise-free fitness - Fopt (-5.661000000000e+01) | best noise-free fitness - Fopt | measured fitness | best measured fitness | x1 | x2...
1 +2.323565934e+02 +2.323565934e+02 +1.757465934e+02 +1.757465934e+02
16 +1.384660686e+02 +1.384660686e+02 +8.185606858e+01 +8.185606858e+01
43 +7.989132415e+01 +7.989132415e+01 +2.328132415e+01 +2.328132415e+01
92 +5.653831782e+01 +5.653831782e+01 -7.168217668e-02 -7.168217668e-02
183 +3.592096577e+01 +3.592096577e+01 -2.068903423e+01 -2.068903423e+01
286 +2.078582803e+01 +2.078582803e+01 -3.582417197e+01 -3.582417197e+01
574 +1.425313632e+01 +1.425313632e+01 -4.235686368e+01 -4.235686368e+01
743 +9.592640326e+00 +9.592640326e+00 -4.701735967e+01 -4.701735967e+01
851 +5.920236458e+00 +5.920236458e+00 -5.068976354e+01 -5.068976354e+01
1086 +3.968581554e+00 +3.968581554e+00 -5.264141845e+01 -5.264141845e+01
1228 +2.478329204e+00 +2.478329204e+00 -5.413167080e+01 -5.413167080e+01
1317 +1.520213237e+00 +1.520213237e+00 -5.508978676e+01 -5.508978676e+01
1477 +9.529455624e-01 +9.529455624e-01 -5.565705444e+01 -5.565705444e+01
1573 +6.072687817e-01 +6.072687817e-01 -5.600273122e+01 -5.600273122e+01
1732 +3.763274470e-01 +3.763274470e-01 -5.623367255e+01 -5.623367255e+01
1854 +2.493867857e-01 +2.493867857e-01 -5.636061321e+01 -5.636061321e+01
2095 +1.121261536e-01 +1.121261536e-01 -5.649787385e+01 -5.649787385e+01
2175 +9.571734157e-02 +9.571734157e-02 -5.651428266e+01 -5.651428266e+01
2484 +5.822994269e-02 +5.822994269e-02 -5.655177006e+01 -5.655177006e+01
2821 +3.657723428e-02 +3.657723428e-02 -5.657342277e+01 -5.657342277e+01
3288 +2.401461527e-02 +2.401461527e-02 -5.658598538e+01 -5.658598538e+01
3874 +1.444030918e-02 +1.444030918e-02 -5.659555969e+01 -5.659555969e+01
4204 +9.425964806e-03 +9.425964806e-03 -5.660057404e+01 -5.660057404e+01
4775 +6.185088605e-03 +6.185088605e-03 -5.660381491e+01 -5.660381491e+01
5750 +3.933028303e-03 +3.933028303e-03 -5.660606697e+01 -5.660606697e+01
6510 +2.508494569e-03 +2.508494569e-03 -5.660749151e+01 -5.660749151e+01
8028 +1.548842807e-03 +1.548842807e-03 -5.660845116e+01 -5.660845116e+01
9441 +9.775594339e-04 +9.775594339e-04 -5.660902244e+01 -5.660902244e+01
11533 +6.250738336e-04 +6.250738336e-04 -5.660937493e+01 -5.660937493e+01
13483 +3.961607361e-04 +3.961607361e-04 -5.660960384e+01 -5.660960384e+01
15872 +2.511558724e-04 +2.511558724e-04 -5.660974884e+01 -5.660974884e+01
17372 +1.580543971e-04 +1.580543971e-04 -5.660984195e+01 -5.660984195e+01
19107 +9.844564219e-05 +9.844564219e-05 -5.660990155e+01 -5.660990155e+01
21721 +6.221541480e-05 +6.221541480e-05 -5.660993778e+01 -5.660993778e+01
24641 +3.974713132e-05 +3.974713132e-05 -5.660996025e+01 -5.660996025e+01
27166 +2.502857851e-05 +2.502857851e-05 -5.660997497e+01 -5.660997497e+01
29913 +1.582033654e-05 +1.582033654e-05 -5.660998418e+01 -5.660998418e+01
34213 +9.972547268e-06 +9.972547268e-06 -5.660999003e+01 -5.660999003e+01
37166 +6.309079723e-06 +6.309079723e-06 -5.660999369e+01 -5.660999369e+01
39118 +3.980168508e-06 +3.980168508e-06 -5.660999602e+01 -5.660999602e+01
41931 +2.475404031e-06 +2.475404031e-06 -5.660999752e+01 -5.660999752e+01
44761 +1.577148382e-06 +1.577148382e-06 -5.660999842e+01 -5.660999842e+01
48602 +9.921448054e-07 +9.921448054e-07 -5.660999901e+01 -5.660999901e+01
52074 +6.304012601e-07 +6.304012601e-07 -5.660999937e+01 -5.660999937e+01
55098 +3.966167981e-07 +3.966167981e-07 -5.660999960e+01 -5.660999960e+01
60318 +2.508813921e-07 +2.508813921e-07 -5.660999975e+01 -5.660999975e+01
63737 +1.579312183e-07 +1.579312183e-07 -5.660999984e+01 -5.660999984e+01
66606 +9.972313819e-08 +9.972313819e-08 -5.660999990e+01 -5.660999990e+01
71457 +6.284289356e-08 +6.284289356e-08 -5.660999994e+01 -5.660999994e+01
76968 +3.933903514e-08 +3.933903514e-08 -5.660999996e+01 -5.660999996e+01
79243 +2.501589336e-08 +2.501589336e-08 -5.660999997e+01 -5.660999997e+01
84869 +1.581379649e-08 +1.581379649e-08 -5.660999998e+01 -5.660999998e+01
87610 +9.989115313e-09 +9.989115313e-09 -5.660999999e+01 -5.660999999e+01
% function evaluation | noise-free fitness - Fopt (1.620000000000e+01) | best noise-free fitness - Fopt | measured fitness | best measured fitness | x1 | x2...
1 +1.919914199e+02 +1.919914199e+02 +2.081914199e+02 +2.081914199e+02
20 +1.370254073e+02 +1.370254073e+02 +1.532254073e+02 +1.532254073e+02
60 +9.418489923e+01 +9.418489923e+01 +1.103848992e+02 +1.103848992e+02
156 +5.828157911e+01 +5.828157911e+01 +7.448157911e+01 +7.448157911e+01
268 +3.533579396e+01 +3.533579396e+01 +5.153579396e+01 +5.153579396e+01
402 +2.236031320e+01 +2.236031320e+01 +3.856031320e+01 +3.856031320e+01
531 +1.424731073e+01 +1.424731073e+01 +3.044731073e+01 +3.044731073e+01
653 +9.457591558e+00 +9.457591558e+00 +2.565759156e+01 +2.565759156e+01
819 +5.831556948e+00 +5.831556948e+00 +2.203155695e+01 +2.203155695e+01
918 +3.860466509e+00 +3.860466509e+00 +2.006046651e+01 +2.006046651e+01
1007 +1.680056638e+00 +1.680056638e+00 +1.788005664e+01 +1.788005664e+01
1069 +1.454052820e+00 +1.454052820e+00 +1.765405282e+01 +1.765405282e+01
1304 +9.944412794e-01 +9.944412794e-01 +1.719444128e+01 +1.719444128e+01
1385 +5.978249634e-01 +5.978249634e-01 +1.679782496e+01 +1.679782496e+01
1505 +3.905620712e-01 +3.905620712e-01 +1.659056207e+01 +1.659056207e+01
1668 +2.296236735e-01 +2.296236735e-01 +1.642962367e+01 +1.642962367e+01
1853 +1.540074090e-01 +1.540074090e-01 +1.635400741e+01 +1.635400741e+01
2021 +9.507224337e-02 +9.507224337e-02 +1.629507224e+01 +1.629507224e+01
2321 +6.042861041e-02 +6.042861041e-02 +1.626042861e+01 +1.626042861e+01
2444 +3.846991520e-02 +3.846991520e-02 +1.623846992e+01 +1.623846992e+01
2903 +2.453114637e-02 +2.453114637e-02 +1.622453115e+01 +1.622453115e+01
3081 +1.542243857e-02 +1.542243857e-02 +1.621542244e+01 +1.621542244e+01
3514 +9.295565874e-03 +9.295565874e-03 +1.620929557e+01 +1.620929557e+01
4037 +6.275301467e-03 +6.275301467e-03 +1.620627530e+01 +1.620627530e+01
4961 +3.868080233e-03 +3.868080233e-03 +1.620386808e+01 +1.620386808e+01
6113 +2.472258592e-03 +2.472258592e-03 +1.620247226e+01 +1.620247226e+01
7461 +1.582212626e-03 +1.582212626e-03 +1.620158221e+01 +1.620158221e+01
8959 +9.987925057e-04 +9.987925057e-04 +1.620099879e+01 +1.620099879e+01
10351 +6.304685365e-04 +6.304685365e-04 +1.620063047e+01 +1.620063047e+01
11480 +3.975058266e-04 +3.975058266e-04 +1.620039751e+01 +1.620039751e+01
13344 +2.510472248e-04 +2.510472248e-04 +1.620025105e+01 +1.620025105e+01
15066 +1.577629188e-04 +1.577629188e-04 +1.620015776e+01 +1.620015776e+01
16958 +9.943043635e-05 +9.943043635e-05 +1.620009943e+01 +1.620009943e+01
18988 +6.290034579e-05 +6.290034579e-05 +1.620006290e+01 +1.620006290e+01
21732 +3.949014972e-05 +3.949014972e-05 +1.620003949e+01 +1.620003949e+01
23796 +2.484905429e-05 +2.484905429e-05 +1.620002485e+01 +1.620002485e+01
26610 +1.583530933e-05 +1.583530933e-05 +1.620001584e+01 +1.620001584e+01
29303 +9.973214809e-06 +9.973214809e-06 +1.620000997e+01 +1.620000997e+01
31223 +6.309020712e-06 +6.309020712e-06 +1.620000631e+01 +1.620000631e+01
36533 +3.975348395e-06 +3.975348395e-06 +1.620000398e+01 +1.620000398e+01
39801 +2.504522527e-06 +2.504522527e-06 +1.620000250e+01 +1.620000250e+01
42615 +1.583092509e-06 +1.583092509e-06 +1.620000158e+01 +1.620000158e+01
45596 +9.978631148e-07 +9.978631148e-07 +1.620000100e+01 +1.620000100e+01
50252 +6.287855498e-07 +6.287855498e-07 +1.620000063e+01 +1.620000063e+01
52289 +3.969645661e-07 +3.969645661e-07 +1.620000040e+01 +1.620000040e+01
54450 +2.495782354e-07 +2.495782354e-07 +1.620000025e+01 +1.620000025e+01
56704 +1.583224005e-07 +1.583224005e-07 +1.620000016e+01 +1.620000016e+01
59866 +9.961367198e-08 +9.961367198e-08 +1.620000010e+01 +1.620000010e+01
63393 +6.272900777e-08 +6.272900777e-08 +1.620000006e+01 +1.620000006e+01
64978 +3.971550555e-08 +3.971550555e-08 +1.620000004e+01 +1.620000004e+01
70002 +2.507130858e-08 +2.507130858e-08 +1.620000003e+01 +1.620000003e+01
74349 +1.584255926e-08 +1.584255926e-08 +1.620000002e+01 +1.620000002e+01
81168 +9.996327321e-09 +9.996327321e-09 +1.620000001e+01 +1.620000001e+01
% function evaluation | noise-free fitness - Fopt (-5.327000000000e+01) | best noise-free fitness - Fopt | measured fitness | best measured fitness | x1 | x2...
1 +1.625029528e+02 +1.625029528e+02 +1.092329528e+02 +1.092329528e+02
26 +1.465831938e+02 +1.465831938e+02 +9.331319385e+01 +9.331319385e+01
54 +9.817892764e+01 +9.817892764e+01 +4.490892764e+01 +4.490892764e+01
140 +5.999196052e+01 +5.999196052e+01 +6.721960519e+00 +6.721960519e+00
356 +3.657337511e+01 +3.657337511e+01 -1.669662489e+01 -1.669662489e+01
508 +2.343735627e+01 +2.343735627e+01 -2.983264373e+01 -2.983264373e+01
553 +1.557617660e+01 +1.557617660e+01 -3.769382340e+01 -3.769382340e+01
731 +9.943425475e+00 +9.943425475e+00 -4.332657453e+01 -4.332657453e+01
856 +5.741656686e+00 +5.741656686e+00 -4.752834331e+01 -4.752834331e+01
923 +3.750098483e+00 +3.750098483e+00 -4.951990152e+01 -4.951990152e+01
1081 +2.178050974e+00 +2.178050974e+00 -5.109194903e+01 -5.109194903e+01
1197 +1.357921896e+00 +1.357921896e+00 -5.191207810e+01 -5.191207810e+01
1372 +7.768814515e-01 +7.768814515e-01 -5.249311855e+01 -5.249311855e+01
1437 +6.095801530e-01 +6.095801530e-01 -5.266041985e+01 -5.266041985e+01
1710 +3.867443413e-01 +3.867443413e-01 -5.288325566e+01 -5.288325566e+01
1789 +2.179119799e-01 +2.179119799e-01 -5.305208802e+01 -5.305208802e+01
2004 +1.574620548e-01 +1.574620548e-01 -5.311253795e+01 -5.311253795e+01
2306 +8.745359120e-02 +8.745359120e-02 -5.318254641e+01 -5.318254641e+01
2584 +6.144103512e-02 +6.144103512e-02 -5.320855896e+01 -5.320855896e+01
2775 +3.971330455e-02 +3.971330455e-02 -5.323028670e+01 -5.323028670e+01
3166 +2.393163980e-02 +2.393163980e-02 -5.324606836e+01 -5.324606836e+01
3300 +1.569448348e-02 +1.569448348e-02 -5.325430552e+01 -5.325430552e+01
4023 +9.344184577e-03 +9.344184577e-03 -5.326065582e+01 -5.326065582e+01
4609 +6.048991413e-03 +6.048991413e-03 -5.326395101e+01 -5.326395101e+01
5232 +3.795202115e-03 +3.795202115e-03 -5.326620480e+01 -5.326620480e+01
6021 +2.483301545e-03 +2.483301545e-03 -5.326751670e+01 -5.326751670e+01
7549 +1.571592569e-03 +1.571592569e-03 -5.326842841e+01 -5.326842841e+01
9044 +9.871986251e-04 +9.871986251e-04 -5.326901280e+01 -5.326901280e+01
10182 +6.224669403e-04 +6.224669403e-04 -5.326937753e+01 -5.326937753e+01
11542 +3.980938185e-04 +3.980938185e-04 -5.326960191e+01 -5.326960191e+01
13672 +2.499261059e-04 +2.499261059e-04 -5.326975007e+01 -5.326975007e+01
15524 +1.495691683e-04 +1.495691683e-04 -5.326985043e+01 -5.326985043e+01
16900 +9.975862061e-05 +9.975862061e-05 -5.326990024e+01 -5.326990024e+01
18775 +6.199217361e-05 +6.199217361e-05 -5.326993801e+01 -5.326993801e+01
21589 +3.967458424e-05 +3.967458424e-05 -5.326996033e+01 -5.326996033e+01
24707 +2.505605966e-05 +2.505605966e-05 -5.326997494e+01 -5.326997494e+01
27768 +1.573818160e-05 +1.573818160e-05 -5.326998426e+01 -5.326998426e+01
30683 +9.943597654e-06 +9.943597654e-06 -5.326999006e+01 -5.326999006e+01
35796 +6.303652867e-06 +6.303652867e-06 -5.326999370e+01 -5.326999370e+01
38527 +3.965235116e-06 +3.965235116e-06 -5.326999603e+01 -5.326999603e+01
40630 +2.508743925e-06 +2.508743925e-06 -5.326999749e+01 -5.326999749e+01
42764 +1.564763217e-06 +1.564763217e-06 -5.326999844e+01 -5.326999844e+01
45581 +9.989201573e-07 +9.989201573e-07 -5.326999900e+01 -5.326999900e+01
50601 +6.303432514e-07 +6.303432514e-07 -5.326999937e+01 -5.326999937e+01
55159 +3.972553699e-07 +3.972553699e-07 -5.326999960e+01 -5.326999960e+01
58291 +2.476518901e-07 +2.476518901e-07 -5.326999975e+01 -5.326999975e+01
60265 +1.579942577e-07 +1.579942577e-07 -5.326999984e+01 -5.326999984e+01
65300 +9.943063617e-08 +9.943063617e-08 -5.326999990e+01 -5.326999990e+01
69093 +6.248202311e-08 +6.248202311e-08 -5.326999994e+01 -5.326999994e+01
72527 +3.981041630e-08 +3.981041630e-08 -5.326999996e+01 -5.326999996e+01
78955 +2.503043106e-08 +2.503043106e-08 -5.326999997e+01 -5.326999997e+01
80916 +1.576824360e-08 +1.576824360e-08 -5.326999998e+01 -5.326999998e+01
83279 +9.993819106e-09 +9.993819106e-09 -5.326999999e+01 -5.326999999e+01
% function evaluation | noise-free fitness - Fopt (-1.000000000000e+03) | best noise-free fitness - Fopt | measured fitness | best measured fitness | x1 | x2...
1 +1.195741733e+02 +1.195741733e+02 -8.804258267e+02 -8.804258267e+02
26 +9.299177870e+01 +9.299177870e+01 -9.070082213e+02 -9.070082213e+02
106 +6.253544777e+01 +6.253544777e+01 -9.374645522e+02 -9.374645522e+02
223 +3.600693325e+01 +3.600693325e+01 -9.639930667e+02 -9.639930667e+02
294 +2.310372343e+01 +2.310372343e+01 -9.768962766e+02 -9.768962766e+02
404 +1.431582425e+01 +1.431582425e+01 -9.856841758e+02 -9.856841758e+02
603 +8.430823751e+00 +8.430823751e+00 -9.915691762e+02 -9.915691762e+02
753 +5.582973408e+00 +5.582973408e+00 -9.944170266e+02 -9.944170266e+02
955 +3.826438393e+00 +3.826438393e+00 -9.961735616e+02 -9.961735616e+02
1177 +2.168436397e+00 +2.168436397e+00 -9.978315636e+02 -9.978315636e+02
1259 +1.536299212e+00 +1.536299212e+00 -9.984637008e+02 -9.984637008e+02
1453 +8.444935218e-01 +8.444935218e-01 -9.991555065e+02 -9.991555065e+02
1554 +5.245193592e-01 +5.245193592e-01 -9.994754806e+02 -9.994754806e+02
1654 +3.471347000e-01 +3.471347000e-01 -9.996528653e+02 -9.996528653e+02
1818 +2.434188786e-01 +2.434188786e-01 -9.997565811e+02 -9.997565811e+02
2188 +1.549640525e-01 +1.549640525e-01 -9.998450359e+02 -9.998450359e+02
2366 +9.836618486e-02 +9.836618486e-02 -9.999016338e+02 -9.999016338e+02
2539 +5.682262938e-02 +5.682262938e-02 -9.999431774e+02 -9.999431774e+02
3126 +3.535034330e-02 +3.535034330e-02 -9.999646497e+02 -9.999646497e+02
3445 +1.947996545e-02 +1.947996545e-02 -9.999805200e+02 -9.999805200e+02
3692 +1.575084302e-02 +1.575084302e-02 -9.999842492e+02 -9.999842492e+02
4245 +9.419717374e-03 +9.419717374e-03 -9.999905803e+02 -9.999905803e+02
4771 +5.674856188e-03 +5.674856188e-03 -9.999943251e+02 -9.999943251e+02
5670 +3.793082704e-03 +3.793082704e-03 -9.999962069e+02 -9.999962069e+02
6444 +2.470979821e-03 +2.470979821e-03 -9.999975290e+02 -9.999975290e+02
8281 +1.536748794e-03 +1.536748794e-03 -9.999984633e+02 -9.999984633e+02
9545 +9.919989990e-04 +9.919989990e-04 -9.999990080e+02 -9.999990080e+02
11104 +6.205021374e-04 +6.205021374e-04 -9.999993795e+02 -9.999993795e+02
12789 +3.953163273e-04 +3.953163273e-04 -9.999996047e+02 -9.999996047e+02
14625 +2.511712404e-04 +2.511712404e-04 -9.999997488e+02 -9.999997488e+02
16786 +1.584852113e-04 +1.584852113e-04 -9.999998415e+02 -9.999998415e+02
18692 +9.870066151e-05 +9.870066151e-05 -9.999999013e+02 -9.999999013e+02
20207 +6.108968603e-05 +6.108968603e-05 -9.999999389e+02 -9.999999389e+02
21842 +3.971432170e-05 +3.971432170e-05 -9.999999603e+02 -9.999999603e+02
24097 +2.499434459e-05 +2.499434459e-05 -9.999999750e+02 -9.999999750e+02
27392 +1.574524435e-05 +1.574524435e-05 -9.999999843e+02 -9.999999843e+02
29832 +9.909872347e-06 +9.909872347e-06 -9.999999901e+02 -9.999999901e+02
31765 +6.260042824e-06 +6.260042824e-06 -9.999999937e+02 -9.999999937e+02
34004 +3.879491942e-06 +3.879491942e-06 -9.999999961e+02 -9.999999961e+02
36756 +2.507283398e-06 +2.507283398e-06 -9.999999975e+02 -9.999999975e+02
39695 +1.572449378e-06 +1.572449378e-06 -9.999999984e+02 -9.999999984e+02
45228 +9.935500884e-07 +9.935500884e-07 -9.999999990e+02 -9.999999990e+02
48730 +6.242096333e-07 +6.242096333e-07 -9.999999994e+02 -9.999999994e+02
50812 +3.964283906e-07 +3.964283906e-07 -9.999999996e+02 -9.999999996e+02
55135 +2.507533736e-07 +2.507533736e-07 -9.999999997e+02 -9.999999997e+02
57997 +1.578787305e-07 +1.578787305e-07 -9.999999998e+02 -9.999999998e+02
60218 +9.966925063e-08 +9.966925063e-08 -9.999999999e+02 -9.999999999e+02
68536 +6.303116606e-08 +6.303116606e-08 -9.999999999e+02 -9.999999999e+02
71081 +3.926049885e-08 +3.926049885e-08 -1.000000000e+03 -1.000000000e+03
77030 +2.511376351e-08 +2.511376351e-08 -1.000000000e+03 -1.000000000e+03
80566 +1.582202458e-08 +1.582202458e-08 -1.000000000e+03 -1.000000000e+03
83866 +9.871769180e-09 +9.871769180e-09 -1.000000000e+03 -1.000000000e+03
% function evaluation | noise-free fitness - Fopt (6.600300000000e+02) | best noise-free fitness - Fopt | measured fitness | best measured fitness | x1 | x2...
1 +1.520932459e+02 +1.520932459e+02 +8.121232459e+02 +8.121232459e+02
17 +9.911219019e+01 +9.911219019e+01 +7.591421902e+02 +7.591421902e+02
62 +5.413369199e+01 +5.413369199e+01 +7.141636920e+02 +7.141636920e+02
131 +3.939907117e+01 +3.939907117e+01 +6.994290712e+02 +6.994290712e+02
500 +2.295726263e+01 +2.295726263e+01 +6.829872626e+02 +6.829872626e+02
605 +1.375360977e+01 +1.375360977e+01 +6.737836098e+02 +6.737836098e+02
752 +9.983776402e+00 +9.983776402e+00 +6.700137764e+02 +6.700137764e+02
981 +5.788422984e+00 +5.788422984e+00 +6.658184230e+02 +6.658184230e+02
1073 +3.897500361e+00 +3.897500361e+00 +6.639275004e+02 +6.639275004e+02
1119 +2.477916844e+00 +2.477916844e+00 +6.625079168e+02 +6.625079168e+02
1282 +1.388805676e+00 +1.388805676e+00 +6.614188057e+02 +6.614188057e+02
1451 +7.982770588e-01 +7.982770588e-01 +6.608282771e+02 +6.608282771e+02
1564 +5.526234722e-01 +5.526234722e-01 +6.605826235e+02 +6.605826235e+02
1729 +3.909723537e-01 +3.909723537e-01 +6.604209724e+02 +6.604209724e+02
1864 +2.458271893e-01 +2.458271893e-01 +6.602758272e+02 +6.602758272e+02
2021 +1.565964029e-01 +1.565964029e-01 +6.601865964e+02 +6.601865964e+02
2252 +9.683111546e-02 +9.683111546e-02 +6.601268311e+02 +6.601268311e+02
2438 +5.722104419e-02 +5.722104419e-02 +6.600872210e+02 +6.600872210e+02
2723 +3.626902506e-02 +3.626902506e-02 +6.600662690e+02 +6.600662690e+02
2924 +2.137717946e-02 +2.137717946e-02 +6.600513772e+02 +6.600513772e+02
3078 +1.330848276e-02 +1.330848276e-02 +6.600433085e+02 +6.600433085e+02
3985 +9.617629478e-03 +9.617629478e-03 +6.600396176e+02 +6.600396176e+02
4718 +6.111137378e-03 +6.111137378e-03 +6.600361111e+02 +6.600361111e+02
5525 +3.860917766e-03 +3.860917766e-03 +6.600338609e+02 +6.600338609e+02
6599 +2.500235330e-03 +2.500235330e-03 +6.600325002e+02 +6.600325002e+02
7938 +1.553744746e-03 +1.553744746e-03 +6.600315537e+02 +6.600315537e+02
9807 +9.903974484e-04 +9.903974484e-04 +6.600309904e+02 +6.600309904e+02
11518 +6.286947108e-04 +6.286947108e-04 +6.600306287e+02 +6.600306287e+02
13001 +3.922949535e-04 +3.922949535e-04 +6.600303923e+02 +6.600303923e+02
14699 +2.483394699e-04 +2.483394699e-04 +6.600302483e+02 +6.600302483e+02
16670 +1.582702241e-04 +1.582702241e-04 +6.600301583e+02 +6.600301583e+02
19046 +9.952294215e-05 +9.952294215e-05 +6.600300995e+02 +6.600300995e+02
21598 +6.270070378e-05 +6.270070378e-05 +6.600300627e+02 +6.600300627e+02
24551 +3.965673795e-05 +3.965673795e-05 +6.600300397e+02 +6.600300397e+02
28405 +2.510079446e-05 +2.510079446e-05 +6.600300251e+02 +6.600300251e+02
31914 +1.584648123e-05 +1.584648123e-05 +6.600300158e+02 +6.600300158e+02
34464 +9.922441564e-06 +9.922441564e-06 +6.600300099e+02 +6.600300099e+02
36156 +6.259956990e-06 +6.259956990e-06 +6.600300063e+02 +6.600300063e+02
38781 +3.962743563e-06 +3.962743563e-06 +6.600300040e+02 +6.600300040e+02
43387 +2.486013727e-06 +2.486013727e-06 +6.600300025e+02 +6.600300025e+02
47450 +1.578049137e-06 +1.578049137e-06 +6.600300016e+02 +6.600300016e+02
49719 +9.959562703e-07 +9.959562703e-07 +6.600300010e+02 +6.600300010e+02
53959 +6.294312698e-07 +6.294312698e-07 +6.600300006e+02 +6.600300006e+02
58712 +3.958616617e-07 +3.958616617e-07 +6.600300004e+02 +6.600300004e+02
61101 +2.506160399e-07 +2.506160399e-07 +6.600300003e+02 +6.600300003e+02
63292 +1.570169843e-07 +1.570169843e-07 +6.600300002e+02 +6.600300002e+02
65572 +9.960979241e-08 +9.960979241e-08 +6.600300001e+02 +6.600300001e+02
68577 +6.292316357e-08 +6.292316357e-08 +6.600300001e+02 +6.600300001e+02
73720 +3.980358088e-08 +3.980358088e-08 +6.600300000e+02 +6.600300000e+02
77690 +2.511069397e-08 +2.511069397e-08 +6.600300000e+02 +6.600300000e+02
83045 +1.582998266e-08 +1.582998266e-08 +6.600300000e+02 +6.600300000e+02
87403 +9.976133697e-09 +9.976133697e-09 +6.600300000e+02 +6.600300000e+02
% function evaluation | noise-free fitness - Fopt (-3.032000000000e+01) | best noise-free fitness - Fopt | measured fitness | best measured fitness | x1 | x2...
1 +2.665985692e+02 +2.665985692e+02 +2.362785692e+02 +2.362785692e+02
21 +1.917559024e+02 +1.917559024e+02 +1.614359024e+02 +1.614359024e+02
33 +1.515575066e+02 +1.515575066e+02 +1.212375066e+02 +1.212375066e+02
77 +8.430874497e+01 +8.430874497e+01 +5.398874497e+01 +5.398874497e+01
157 +5.878936260e+01 +5.878936260e+01 +2.846936260e+01 +2.846936260e+01
274 +3.884628883e+01 +3.884628883e+01 +8.526288828e+00 +8.526288828e+00
484 +2.427442216e+01 +2.427442216e+01 -6.045577844e+00 -6.045577844e+00
591 +1.340100315e+01 +1.340100315e+01 -1.691899685e+01 -1.691899685e+01
753 +9.964794921e+00 +9.964794921e+00 -2.035520508e+01 -2.035520508e+01
800 +6.135992574e+00 +6.135992574e+00 -2.418400743e+01 -2.418400743e+01
1105 +3.515632052e+00 +3.515632052e+00 -2.680436795e+01 -2.680436795e+01
1161 +2.286053409e+00 +2.286053409e+00 -2.803394659e+01 -2.803394659e+01
1288 +1.118711247e+00 +1.118711247e+00 -2.920128875e+01 -2.920128875e+01
1418 +9.900983123e-01 +9.900983123e-01 -2.932990169e+01 -2.932990169e+01
1585 +5.498555133e-01 +5.498555133e-01 -2.977014449e+01 -2.977014449e+01
1632 +3.504191919e-01 +3.504191919e-01 -2.996958081e+01 -2.996958081e+01
1824 +2.305294113e-01 +2.305294113e-01 -3.008947059e+01 -3.008947059e+01
2037 +1.371247019e-01 +1.371247019e-01 -3.018287530e+01 -3.018287530e+01
2078 +9.087175033e-02 +9.087175033e-02 -3.022912825e+01 -3.022912825e+01
2296 +5.797752606e-02 +5.797752606e-02 -3.026202247e+01 -3.026202247e+01
2653 +3.951285998e-02 +3.951285998e-02 -3.028048714e+01 -3.028048714e+01
2820 +2.263620083e-02 +2.263620083e-02 -3.029736380e+01 -3.029736380e+01
3196 +1.546689769e-02 +1.546689769e-02 -3.030453310e+01 -3.030453310e+01
3600 +8.989018752e-03 +8.989018752e-03 -3.031101098e+01 -3.031101098e+01
4318 +6.302036614e-03 +6.302036614e-03 -3.031369796e+01 -3.031369796e+01
4877 +3.901732524e-03 +3.901732524e-03 -3.031609827e+01 -3.031609827e+01
5936 +2.388371943e-03 +2.388371943e-03 -3.031761163e+01 -3.031761163e+01
7085 +1.583963341e-03 +1.583963341e-03 -3.031841604e+01 -3.031841604e+01
8727 +9.742722460e-04 +9.742722460e-04 -3.031902573e+01 -3.031902573e+01
10389 +6.299409086e-04 +6.299409086e-04 -3.031937006e+01 -3.031937006e+01
11995 +3.948037517e-04 +3.948037517e-04 -3.031960520e+01 -3.031960520e+01
14121 +2.502279198e-04 +2.502279198e-04 -3.031974977e+01 -3.031974977e+01
16168 +1.577464030e-04 +1.577464030e-04 -3.031984225e+01 -3.031984225e+01
17744 +9.970445813e-05 +9.970445813e-05 -3.031990030e+01 -3.031990030e+01
20431 +6.247839885e-05 +6.247839885e-05 -3.031993752e+01 -3.031993752e+01
22855 +3.973441006e-05 +3.973441006e-05 -3.031996027e+01 -3.031996027e+01
26141 +2.511839738e-05 +2.511839738e-05 -3.031997488e+01 -3.031997488e+01
28699 +1.583704551e-05 +1.583704551e-05 -3.031998416e+01 -3.031998416e+01
31352 +9.970876757e-06 +9.970876757e-06 -3.031999003e+01 -3.031999003e+01
33463 +6.305500616e-06 +6.305500616e-06 -3.031999369e+01 -3.031999369e+01
35392 +3.972528443e-06 +3.972528443e-06 -3.031999603e+01 -3.031999603e+01
36433 +2.495513005e-06 +2.495513005e-06 -3.031999750e+01 -3.031999750e+01
38413 +1.581502982e-06 +1.581502982e-06 -3.031999842e+01 -3.031999842e+01
43299 +9.977737569e-07 +9.977737569e-07 -3.031999900e+01 -3.031999900e+01
50068 +6.290013026e-07 +6.290013026e-07 -3.031999937e+01 -3.031999937e+01
55763 +3.975351852e-07 +3.975351852e-07 -3.031999960e+01 -3.031999960e+01
60092 +2.509319508e-07 +2.509319508e-07 -3.031999975e+01 -3.031999975e+01
63824 +1.576037079e-07 +1.576037079e-07 -3.031999984e+01 -3.031999984e+01
66776 +9.960140446e-08 +9.960140446e-08 -3.031999990e+01 -3.031999990e+01
71191 +6.284304632e-08 +6.284304632e-08 -3.031999994e+01 -3.031999994e+01
74935 +3.972837348e-08 +3.972837348e-08 -3.031999996e+01 -3.031999996e+01
78773 +2.495931994e-08 +2.495931994e-08 -3.031999998e+01 -3.031999998e+01
82832 +1.582699127e-08 +1.582699127e-08 -3.031999998e+01 -3.031999998e+01
86773 +9.966541370e-09 +9.966541370e-09 -3.031999999e+01 -3.031999999e+01
% function evaluation | noise-free fitness - Fopt (4.421000000000e+01) | best noise-free fitness - Fopt | measured fitness | best measured fitness | x1 | x2...
1 +1.566980521e+02 +1.566980521e+02 +2.009080521e+02 +2.009080521e+02
36 +8.344785021e+01 +8.344785021e+01 +1.276578502e+02 +1.276578502e+02
81 +5.830535014e+01 +5.830535014e+01 +1.025153501e+02 +1.025153501e+02
183 +2.944581361e+01 +2.944581361e+01 +7.365581361e+01 +7.365581361e+01
408 +2.495021867e+01 +2.495021867e+01 +6.916021867e+01 +6.916021867e+01
609 +1.483482510e+01 +1.483482510e+01 +5.904482510e+01 +5.904482510e+01
695 +9.973205252e+00 +9.973205252e+00 +5.418320525e+01 +5.418320525e+01
952 +5.400112590e+00 +5.400112590e+00 +4.961011259e+01 +4.961011259e+01
1022 +3.743095126e+00 +3.743095126e+00 +4.795309513e+01 +4.795309513e+01
1177 +2.191591491e+00 +2.191591491e+00 +4.640159149e+01 +4.640159149e+01
1332 +1.448391244e+00 +1.448391244e+00 +4.565839124e+01 +4.565839124e+01
1418 +9.647232050e-01 +9.647232050e-01 +4.517472321e+01 +4.517472321e+01
1616 +5.903368449e-01 +5.903368449e-01 +4.480033684e+01 +4.480033684e+01
1727 +3.345999816e-01 +3.345999816e-01 +4.454459998e+01 +4.454459998e+01
1799 +2.482232794e-01 +2.482232794e-01 +4.445822328e+01 +4.445822328e+01
2019 +1.503788000e-01 +1.503788000e-01 +4.436037880e+01 +4.436037880e+01
2383 +9.645790458e-02 +9.645790458e-02 +4.430645790e+01 +4.430645790e+01
2637 +6.096437301e-02 +6.096437301e-02 +4.427096437e+01 +4.427096437e+01
2772 +3.484610900e-02 +3.484610900e-02 +4.424484611e+01 +4.424484611e+01
3264 +2.445001746e-02 +2.445001746e-02 +4.423445002e+01 +4.423445002e+01
3761 +1.539482770e-02 +1.539482770e-02 +4.422539483e+01 +4.422539483e+01
4584 +9.848472744e-03 +9.848472744e-03 +4.421984847e+01 +4.421984847e+01
5484 +6.116561595e-03 +6.116561595e-03 +4.421611656e+01 +4.421611656e+01
6354 +3.881897406e-03 +3.881897406e-03 +4.421388190e+01 +4.421388190e+01
7458 +2.410463655e-03 +2.410463655e-03 +4.421241046e+01 +4.421241046e+01
8220 +1.578688807e-03 +1.578688807e-03 +4.421157869e+01 +4.421157869e+01
9131 +9.901633918e-04 +9.901633918e-04 +4.421099016e+01 +4.421099016e+01
10643 +6.233353541e-04 +6.233353541e-04 +4.421062334e+01 +4.421062334e+01
13036 +3.944672196e-04 +3.944672196e-04 +4.421039447e+01 +4.421039447e+01
15017 +2.507637597e-04 +2.507637597e-04 +4.421025076e+01 +4.421025076e+01
16986 +1.567964025e-04 +1.567964025e-04 +4.421015680e+01 +4.421015680e+01
18974 +9.997633902e-05 +9.997633902e-05 +4.421009998e+01 +4.421009998e+01
21521 +6.249519864e-05 +6.249519864e-05 +4.421006250e+01 +4.421006250e+01
23822 +3.951996822e-05 +3.951996822e-05 +4.421003952e+01 +4.421003952e+01
25557 +2.483511122e-05 +2.483511122e-05 +4.421002484e+01 +4.421002484e+01
29259 +1.583951358e-05 +1.583951358e-05 +4.421001584e+01 +4.421001584e+01
32655 +9.819366895e-06 +9.819366895e-06 +4.421000982e+01 +4.421000982e+01
34015 +6.255552336e-06 +6.255552336e-06 +4.421000626e+01 +4.421000626e+01
35405 +3.976359970e-06 +3.976359970e-06 +4.421000398e+01 +4.421000398e+01
40844 +2.467568358e-06 +2.467568358e-06 +4.421000247e+01 +4.421000247e+01
43665 +1.569009470e-06 +1.569009470e-06 +4.421000157e+01 +4.421000157e+01
45457 +9.952090778e-07 +9.952090778e-07 +4.421000100e+01 +4.421000100e+01
50442 +6.282684879e-07 +6.282684879e-07 +4.421000063e+01 +4.421000063e+01
54541 +3.980271401e-07 +3.980271401e-07 +4.421000040e+01 +4.421000040e+01
60763 +2.511840194e-07 +2.511840194e-07 +4.421000025e+01 +4.421000025e+01
66202 +1.584651415e-07 +1.584651415e-07 +4.421000016e+01 +4.421000016e+01
69092 +9.994865735e-08 +9.994865735e-08 +4.421000010e+01 +4.421000010e+01
73799 +6.307953981e-08 +6.307953981e-08 +4.421000006e+01 +4.421000006e+01
76210 +3.936630577e-08 +3.936630577e-08 +4.421000004e+01 +4.421000004e+01
78452 +2.510044084e-08 +2.510044084e-08 +4.421000003e+01 +4.421000003e+01
81918 +1.582746734e-08 +1.582746734e-08 +4.421000002e+01 +4.421000002e+01
86577 +9.993122774e-09 +9.993122774e-09 +4.421000001e+01 +4.421000001e+01
% function evaluation | noise-free fitness - Fopt (1.161000000000e+01) | best noise-free fitness - Fopt | measured fitness | best measured fitness | x1 | x2...
1 +2.423734473e+02 +2.423734473e+02 +2.539834473e+02 +2.539834473e+02
3 +1.234768778e+02 +1.234768778e+02 +1.350868778e+02 +1.350868778e+02
27 +8.550617197e+01 +8.550617197e+01 +9.711617197e+01 +9.711617197e+01
79 +5.397945029e+01 +5.397945029e+01 +6.558945029e+01 +6.558945029e+01
137 +3.501403513e+01 +3.501403513e+01 +4.662403513e+01 +4.662403513e+01
309 +2.464271684e+01 +2.464271684e+01 +3.625271684e+01 +3.625271684e+01
605 +1.468897502e+01 +1.468897502e+01 +2.629897502e+01 +2.629897502e+01
692 +9.278704828e+00 +9.278704828e+00 +2.088870483e+01 +2.088870483e+01
1041 +6.048369445e+00 +6.048369445e+00 +1.765836945e+01 +1.765836945e+01
1131 +3.687711052e+00 +3.687711052e+00 +1.529771105e+01 +1.529771105e+01
1262 +2.460560197e+00 +2.460560197e+00 +1.407056020e+01 +1.407056020e+01
1306 +1.364076200e+00 +1.364076200e+00 +1.297407620e+01 +1.297407620e+01
1508 +8.900034517e-01 +8.900034517e-01 +1.250000345e+01 +1.250000345e+01
1551 +5.629753132e-01 +5.629753132e-01 +1.217297531e+01 +1.217297531e+01
1762 +3.640450180e-01 +3.640450180e-01 +1.197404502e+01 +1.197404502e+01
1877 +2.239128051e-01 +2.239128051e-01 +1.183391281e+01 +1.183391281e+01
2056 +1.567330166e-01 +1.567330166e-01 +1.176673302e+01 +1.176673302e+01
2351 +7.999935680e-02 +7.999935680e-02 +1.168999936e+01 +1.168999936e+01
2390 +5.924105056e-02 +5.924105056e-02 +1.166924105e+01 +1.166924105e+01
2984 +3.412160520e-02 +3.412160520e-02 +1.164412161e+01 +1.164412161e+01
3383 +2.290277674e-02 +2.290277674e-02 +1.163290278e+01 +1.163290278e+01
3815 +1.547332475e-02 +1.547332475e-02 +1.162547332e+01 +1.162547332e+01
4206 +9.910075329e-03 +9.910075329e-03 +1.161991008e+01 +1.161991008e+01
4750 +6.298487868e-03 +6.298487868e-03 +1.161629849e+01 +1.161629849e+01
5508 +3.732429233e-03 +3.732429233e-03 +1.161373243e+01 +1.161373243e+01
6199 +2.473334023e-03 +2.473334023e-03 +1.161247333e+01 +1.161247333e+01
7146 +1.576685051e-03 +1.576685051e-03 +1.161157669e+01 +1.161157669e+01
8934 +9.824282026e-04 +9.824282026e-04 +1.161098243e+01 +1.161098243e+01
10353 +6.212876456e-04 +6.212876456e-04 +1.161062129e+01 +1.161062129e+01
12853 +3.973017460e-04 +3.973017460e-04 +1.161039730e+01 +1.161039730e+01
14940 +2.495124630e-04 +2.495124630e-04 +1.161024951e+01 +1.161024951e+01
16623 +1.544075282e-04 +1.544075282e-04 +1.161015441e+01 +1.161015441e+01
18831 +9.884351484e-05 +9.884351484e-05 +1.161009884e+01 +1.161009884e+01
21430 +6.260854424e-05 +6.260854424e-05 +1.161006261e+01 +1.161006261e+01
24246 +3.960685100e-05 +3.960685100e-05 +1.161003961e+01 +1.161003961e+01
28271 +2.504833492e-05 +2.504833492e-05 +1.161002505e+01 +1.161002505e+01
30429 +1.582559661e-05 +1.582559661e-05 +1.161001583e+01 +1.161001583e+01
33145 +9.801489908e-06 +9.801489908e-06 +1.161000980e+01 +1.161000980e+01
35576 +6.293424335e-06 +6.293424335e-06 +1.161000629e+01 +1.161000629e+01
40254 +3.967778902e-06 +3.967778902e-06 +1.161000397e+01 +1.161000397e+01
42216 +2.480226138e-06 +2.480226138e-06 +1.161000248e+01 +1.161000248e+01
45152 +1.584439236e-06 +1.584439236e-06 +1.161000158e+01 +1.161000158e+01
47999 +9.953571283e-07 +9.953571283e-07 +1.161000100e+01 +1.161000100e+01
50305 +6.288711472e-07 +6.288711472e-07 +1.161000063e+01 +1.161000063e+01
54761 +3.956607326e-07 +3.956607326e-07 +1.161000040e+01 +1.161000040e+01
60376 +2.499451153e-07 +2.499451153e-07 +1.161000025e+01 +1.161000025e+01
63602 +1.544870702e-07 +1.544870702e-07 +1.161000015e+01 +1.161000015e+01
66195 +9.987186722e-08 +9.987186722e-08 +1.161000010e+01 +1.161000010e+01
70596 +6.295988797e-08 +6.295988797e-08 +1.161000006e+01 +1.161000006e+01
72339 +3.954278860e-08 +3.954278860e-08 +1.161000004e+01 +1.161000004e+01
77179 +2.495226070e-08 +2.495226070e-08 +1.161000002e+01 +1.161000002e+01
81478 +1.577148367e-08 +1.577148367e-08 +1.161000002e+01 +1.161000002e+01
84457 +9.963489589e-09 +9.963489589e-09 +1.161000001e+01 +1.161000001e+01
% function evaluation | noise-free fitness - Fopt (1.139400000000e+02) | best noise-free fitness - Fopt | measured fitness | best measured fitness | x1 | x2...
1 +2.707666696e+02 +2.707666696e+02 +3.847066696e+02 +3.847066696e+02
5 +2.431666977e+02 +2.431666977e+02 +3.571066977e+02 +3.571066977e+02
25 +1.524295146e+02 +1.524295146e+02 +2.663695146e+02 +2.663695146e+02
64 +8.198693091e+01 +8.198693091e+01 +1.959269309e+02 +1.959269309e+02
113 +6.000431574e+01 +6.000431574e+01 +1.739443157e+02 +1.739443157e+02
202 +3.950121486e+01 +3.950121486e+01 +1.534412149e+02 +1.534412149e+02
396 +2.254956218e+01 +2.254956218e+01 +1.364895622e+02 +1.364895622e+02
507 +1.472827826e+01 +1.472827826e+01 +1.286682783e+02 +1.286682783e+02
622 +8.450731937e+00 +8.450731937e+00 +1.223907319e+02 +1.223907319e+02
798 +6.282669983e+00 +6.282669983e+00 +1.202226700e+02 +1.202226700e+02
997 +3.712242531e+00 +3.712242531e+00 +1.176522425e+02 +1.176522425e+02
1130 +2.445121858e+00 +2.445121858e+00 +1.163851219e+02 +1.163851219e+02
1285 +1.461941373e+00 +1.461941373e+00 +1.154019414e+02 +1.154019414e+02
1381 +8.051382662e-01 +8.051382662e-01 +1.147451383e+02 +1.147451383e+02
1587 +5.261180837e-01 +5.261180837e-01 +1.144661181e+02 +1.144661181e+02
1732 +3.615236456e-01 +3.615236456e-01 +1.143015236e+02 +1.143015236e+02
1962 +2.438952259e-01 +2.438952259e-01 +1.141838952e+02 +1.141838952e+02
2121 +1.399265928e-01 +1.399265928e-01 +1.140799266e+02 +1.140799266e+02
2301 +9.412598755e-02 +9.412598755e-02 +1.140341260e+02 +1.140341260e+02
2570 +5.974772348e-02 +5.974772348e-02 +1.139997477e+02 +1.139997477e+02
2867 +3.685193188e-02 +3.685193188e-02 +1.139768519e+02 +1.139768519e+02
3232 +2.305611660e-02 +2.305611660e-02 +1.139630561e+02 +1.139630561e+02
3737 +1.463688436e-02 +1.463688436e-02 +1.139546369e+02 +1.139546369e+02
4353 +9.872075515e-03 +9.872075515e-03 +1.139498721e+02 +1.139498721e+02
5467 +5.975847322e-03 +5.975847322e-03 +1.139459758e+02 +1.139459758e+02
6561 +3.885234488e-03 +3.885234488e-03 +1.139438852e+02 +1.139438852e+02
7788 +2.489766009e-03 +2.489766009e-03 +1.139424898e+02 +1.139424898e+02
8857 +1.579718785e-03 +1.579718785e-03 +1.139415797e+02 +1.139415797e+02
10323 +9.759082554e-04 +9.759082554e-04 +1.139409759e+02 +1.139409759e+02
11644 +6.212240243e-04 +6.212240243e-04 +1.139406212e+02 +1.139406212e+02
12850 +3.894098610e-04 +3.894098610e-04 +1.139403894e+02 +1.139403894e+02
14319 +2.474883738e-04 +2.474883738e-04 +1.139402475e+02 +1.139402475e+02
15864 +1.581857740e-04 +1.581857740e-04 +1.139401582e+02 +1.139401582e+02
19746 +9.990406377e-05 +9.990406377e-05 +1.139400999e+02 +1.139400999e+02
23765 +6.301268380e-05 +6.301268380e-05 +1.139400630e+02 +1.139400630e+02
26256 +3.959327547e-05 +3.959327547e-05 +1.139400396e+02 +1.139400396e+02
29044 +2.508493060e-05 +2.508493060e-05 +1.139400251e+02 +1.139400251e+02
32349 +1.581259090e-05 +1.581259090e-05 +1.139400158e+02 +1.139400158e+02
34091 +9.876165109e-06 +9.876165109e-06 +1.139400099e+02 +1.139400099e+02
37682 +6.302345042e-06 +6.302345042e-06 +1.139400063e+02 +1.139400063e+02
40513 +3.974613662e-06 +3.974613662e-06 +1.139400040e+02 +1.139400040e+02
45347 +2.508111706e-06 +2.508111706e-06 +1.139400025e+02 +1.139400025e+02
48643 +1.584010235e-06 +1.584010235e-06 +1.139400016e+02 +1.139400016e+02
51253 +9.992572814e-07 +9.992572814e-07 +1.139400010e+02 +1.139400010e+02
53523 +6.309035712e-07 +6.309035712e-07 +1.139400006e+02 +1.139400006e+02
59031 +3.964986632e-07 +3.964986632e-07 +1.139400004e+02 +1.139400004e+02
61674 +2.498651810e-07 +2.498651810e-07 +1.139400002e+02 +1.139400002e+02
65948 +1.583797200e-07 +1.583797200e-07 +1.139400002e+02 +1.139400002e+02
71476 +9.992116645e-08 +9.992116645e-08 +1.139400001e+02 +1.139400001e+02
75547 +6.309061007e-08 +6.309061007e-08 +1.139400001e+02 +1.139400001e+02
81320 +3.976123253e-08 +3.976123253e-08 +1.139400000e+02 +1.139400000e+02
87256 +2.507117358e-08 +2.507117358e-08 +1.139400000e+02 +1.139400000e+02
91087 +1.584143661e-08 +1.584143661e-08 +1.139400000e+02 +1.139400000e+02
92720 +9.997904726e-09 +9.997904726e-09 +1.139400000e+02 +1.139400000e+02
% function evaluation | noise-free fitness - Fopt (1.910100000000e+02) | best noise-free fitness - Fopt | measured fitness | best measured fitness | x1 | x2...
1 +2.319953544e+02 +2.319953544e+02 +4.230053544e+02 +4.230053544e+02
27 +1.175711157e+02 +1.175711157e+02 +3.085811157e+02 +3.085811157e+02
49 +9.387552630e+01 +9.387552630e+01 +2.848855263e+02 +2.848855263e+02
124 +6.164061790e+01 +6.164061790e+01 +2.526506179e+02 +2.526506179e+02
297 +3.766350130e+01 +3.766350130e+01 +2.286735013e+02 +2.286735013e+02
414 +2.455998338e+01 +2.455998338e+01 +2.155699834e+02 +2.155699834e+02
649 +1.559556182e+01 +1.559556182e+01 +2.066055618e+02 +2.066055618e+02
860 +9.716448604e+00 +9.716448604e+00 +2.007264486e+02 +2.007264486e+02
994 +6.262385737e+00 +6.262385737e+00 +1.972723857e+02 +1.972723857e+02
1200 +3.092421349e+00 +3.092421349e+00 +1.941024213e+02 +1.941024213e+02
1383 +2.486865529e+00 +2.486865529e+00 +1.934968655e+02 +1.934968655e+02
1492 +1.395895221e+00 +1.395895221e+00 +1.924058952e+02 +1.924058952e+02
1582 +8.009753748e-01 +8.009753748e-01 +1.918109754e+02 +1.918109754e+02
1747 +5.876041086e-01 +5.876041086e-01 +1.915976041e+02 +1.915976041e+02
1951 +3.828160231e-01 +3.828160231e-01 +1.913928160e+02 +1.913928160e+02
2125 +2.344054318e-01 +2.344054318e-01 +1.912444054e+02 +1.912444054e+02
2246 +1.480401847e-01 +1.480401847e-01 +1.911580402e+02 +1.911580402e+02
2545 +8.482516982e-02 +8.482516982e-02 +1.910948252e+02 +1.910948252e+02
2931 +5.991531053e-02 +5.991531053e-02 +1.910699153e+02 +1.910699153e+02
3070 +3.929430486e-02 +3.929430486e-02 +1.910492943e+02 +1.910492943e+02
3462 +2.221074608e-02 +2.221074608e-02 +1.910322107e+02 +1.910322107e+02
3902 +1.583981872e-02 +1.583981872e-02 +1.910258398e+02 +1.910258398e+02
4599 +9.927599505e-03 +9.927599505e-03 +1.910199276e+02 +1.910199276e+02
5678 +6.089137644e-03 +6.089137644e-03 +1.910160891e+02 +1.910160891e+02
6808 +3.792956381e-03 +3.792956381e-03 +1.910137930e+02 +1.910137930e+02
7777 +2.510592961e-03 +2.510592961e-03 +1.910125106e+02 +1.910125106e+02
8699 +1.583073608e-03 +1.583073608e-03 +1.910115831e+02 +1.910115831e+02
10040 +9.787562346e-04 +9.787562346e-04 +1.910109788e+02 +1.910109788e+02
12142 +6.235293579e-04 +6.235293579e-04 +1.910106235e+02 +1.910106235e+02
13893 +3.928466979e-04 +3.928466979e-04 +1.910103928e+02 +1.910103928e+02
15439 +2.445339114e-04 +2.445339114e-04 +1.910102445e+02 +1.910102445e+02
18484 +1.569161227e-04 +1.569161227e-04 +1.910101569e+02 +1.910101569e+02
21669 +9.934718761e-05 +9.934718761e-05 +1.910100993e+02 +1.910100993e+02
24322 +6.279731019e-05 +6.279731019e-05 +1.910100628e+02 +1.910100628e+02
26406 +3.978440483e-05 +3.978440483e-05 +1.910100398e+02 +1.910100398e+02
29387 +2.505339901e-05 +2.505339901e-05 +1.910100251e+02 +1.910100251e+02
32232 +1.568914777e-05 +1.568914777e-05 +1.910100157e+02 +1.910100157e+02
34440 +9.939166546e-06 +9.939166546e-06 +1.910100099e+02 +1.910100099e+02
38729 +6.295751234e-06 +6.295751234e-06 +1.910100063e+02 +1.910100063e+02
41456 +3.969271006e-06 +3.969271006e-06 +1.910100040e+02 +1.910100040e+02
43796 +2.486311359e-06 +2.486311359e-06 +1.910100025e+02 +1.910100025e+02
45737 +1.577635658e-06 +1.577635658e-06 +1.910100016e+02 +1.910100016e+02
49568 +9.995893038e-07 +9.995893038e-07 +1.910100010e+02 +1.910100010e+02
53142 +6.302049940e-07 +6.302049940e-07 +1.910100006e+02 +1.910100006e+02
56404 +3.949006100e-07 +3.949006100e-07 +1.910100004e+02 +1.910100004e+02
58207 +2.490058364e-07 +2.490058364e-07 +1.910100002e+02 +1.910100002e+02
60924 +1.582082803e-07 +1.582082803e-07 +1.910100002e+02 +1.910100002e+02
65095 +9.994482753e-08 +9.994482753e-08 +1.910100001e+02 +1.910100001e+02
69874 +6.297369737e-08 +6.297369737e-08 +1.910100001e+02 +1.910100001e+02
73169 +3.968170859e-08 +3.968170859e-08 +1.910100000e+02 +1.910100000e+02
79302 +2.510441277e-08 +2.510441277e-08 +1.910100000e+02 +1.910100000e+02
81989 +1.581577180e-08 +1.581577180e-08 +1.910100000e+02 +1.910100000e+02
83823 +9.995773098e-09 +9.995773098e-09 +1.910100000e+02 +1.910100000e+02
% function evaluation | noise-free fitness - Fopt (-1.000000000000e+03) | best noise-free fitness - Fopt | measured fitness | best measured fitness | x1 | x2...
1 +2.183972355e+02 +2.183972355e+02 -7.816027645e+02 -7.816027645e+02
25 +1.572216166e+02 +1.572216166e+02 -8.427783834e+02 -8.427783834e+02
79 +8.451511590e+01 +8.451511590e+01 -9.154848841e+02 -9.154848841e+02
97 +5.862387986e+01 +5.862387986e+01 -9.413761201e+02 -9.413761201e+02
222 +3.961586117e+01 +3.961586117e+01 -9.603841388e+02 -9.603841388e+02
269 +2.221948272e+01 +2.221948272e+01 -9.777805173e+02 -9.777805173e+02
649 +1.555407476e+01 +1.555407476e+01 -9.844459252e+02 -9.844459252e+02
773 +9.443928609e+00 +9.443928609e+00 -9.905560714e+02 -9.905560714e+02
919 +6.284884706e+00 +6.284884706e+00 -9.937151153e+02 -9.937151153e+02
1024 +3.770181171e+00 +3.770181171e+00 -9.962298188e+02 -9.962298188e+02
1143 +2.452944563e+00 +2.452944563e+00 -9.975470554e+02 -9.975470554e+02
1382 +1.545351928e+00 +1.545351928e+00 -9.984546481e+02 -9.984546481e+02
1469 +7.107887435e-01 +7.107887435e-01 -9.992892113e+02 -9.992892113e+02
1541 +5.622925309e-01 +5.622925309e-01 -9.994377075e+02 -9.994377075e+02
1801 +3.582425076e-01 +3.582425076e-01 -9.996417575e+02 -9.996417575e+02
1897 +2.353854124e-01 +2.353854124e-01 -9.997646146e+02 -9.997646146e+02
2014 +1.388372634e-01 +1.388372634e-01 -9.998611627e+02 -9.998611627e+02
2196 +9.939525992e-02 +9.939525992e-02 -9.999006047e+02 -9.999006047e+02
2428 +6.246102271e-02 +6.246102271e-02 -9.999375390e+02 -9.999375390e+02
2842 +3.912749671e-02 +3.912749671e-02 -9.999608725e+02 -9.999608725e+02
3263 +2.414532690e-02 +2.414532690e-02 -9.999758547e+02 -9.999758547e+02
3710 +1.337796041e-02 +1.337796041e-02 -9.999866220e+02 -9.999866220e+02
4296 +9.934188539e-03 +9.934188539e-03 -9.999900658e+02 -9.999900658e+02
4953 +6.195727678e-03 +6.195727678e-03 -9.999938043e+02 -9.999938043e+02
6007 +3.963870429e-03 +3.963870429e-03 -9.999960361e+02 -9.999960361e+02
7232 +2.463318149e-03 +2.463318149e-03 -9.999975367e+02 -9.999975367e+02
8523 +1.571282685e-03 +1.571282685e-03 -9.999984287e+02 -9.999984287e+02
10225 +9.950049453e-04 +9.950049453e-04 -9.999990050e+02 -9.999990050e+02
11692 +6.306708744e-04 +6.306708744e-04 -9.999993693e+02 -9.999993693e+02
13600 +3.980504558e-04 +3.980504558e-04 -9.999996019e+02 -9.999996019e+02
15549 +2.484779928e-04 +2.484779928e-04 -9.999997515e+02 -9.999997515e+02
18486 +1.570942652e-04 +1.570942652e-04 -9.999998429e+02 -9.999998429e+02
20478 +9.977759703e-05 +9.977759703e-05 -9.999999002e+02 -9.999999002e+02
22937 +6.291706245e-05 +6.291706245e-05 -9.999999371e+02 -9.999999371e+02
24600 +3.938299994e-05 +3.938299994e-05 -9.999999606e+02 -9.999999606e+02
26873 +2.506270403e-05 +2.506270403e-05 -9.999999749e+02 -9.999999749e+02
29496 +1.583460880e-05 +1.583460880e-05 -9.999999842e+02 -9.999999842e+02
31907 +9.859414149e-06 +9.859414149e-06 -9.999999901e+02 -9.999999901e+02
36506 +6.301022609e-06 +6.301022609e-06 -9.999999937e+02 -9.999999937e+02
40180 +3.974361334e-06 +3.974361334e-06 -9.999999960e+02 -9.999999960e+02
42892 +2.501325412e-06 +2.501325412e-06 -9.999999975e+02 -9.999999975e+02
47295 +1.584188226e-06 +1.584188226e-06 -9.999999984e+02 -9.999999984e+02
50228 +9.984854614e-07 +9.984854614e-07 -9.999999990e+02 -9.999999990e+02
52851 +6.291220416e-07 +6.291220416e-07 -9.999999994e+02 -9.999999994e+02
56669 +3.953244914e-07 +3.953244914e-07 -9.999999996e+02 -9.999999996e+02
61393 +2.462139719e-07 +2.462139719e-07 -9.999999998e+02 -9.999999998e+02
63154 +1.583532594e-07 +1.583532594e-07 -9.999999998e+02 -9.999999998e+02
67732 +9.976724868e-08 +9.976724868e-08 -9.999999999e+02 -9.999999999e+02
72637 +6.301297617e-08 +6.301297617e-08 -9.999999999e+02 -9.999999999e+02
76694 +3.964498774e-08 +3.964498774e-08 -1.000000000e+03 -1.000000000e+03
79296 +2.507340469e-08 +2.507340469e-08 -1.000000000e+03 -1.000000000e+03
84137 +1.581338438e-08 +1.581338438e-08 -1.000000000e+03 -1.000000000e+03
88037 +9.923269317e-09 +9.923269317e-09 -1.000000000e+03 -1.000000000e+03
