% function evaluation | noise-free fitness - Fopt (-1.694000000000e+01) | best noise-free fitness - Fopt | measured fitness | best measured fitness | x1 | x2...
1 +1.075922165e+02 +1.075922165e+02 +9.065221646e+01 +9.065221646e+01 +4.4077e-01 -3.7589e+00 -8.9763e-01 +8.1227e-02 -1.2760e+00 +1.1665e+00 -1.3515e+00 +3.8480e+00 +2.0814e-01 -3.7055e+00 +1.7487e+00 -1.3279e-01 +8.0769e-01 -1.8106e+00 -1.4537e+00 +3.2154e+00 -1.7474e+00 +3.1504e+00 -2.0319e+00 -2.0039e+00
36 +9.172645615e+01 +9.172645615e+01 +7.478645615e+01 +7.478645615e+01 -2.2165e+00 -5.6754e+00 -1.6999e+00 -1.7782e+00 -3.2287e+00 -2.2541e+00 +4.0978e+00 +3.8294e-01 -7.7821e-01 -1.1518e+00 +2.5257e+00 +1.3983e+00 +2.4398e+00 -1.4624e+00 +2.9039e+00 +1.3999e+00 +3.8837e+00 +2.1944e+00 -3.5967e-01 -1.0412e+00
95 +5.994489381e+01 +5.994489381e+01 +4.300489381e+01 +4.300489381e+01 -7.3354e-01 -3.9158e+00 -3.3770e+00 -6.6247e-01 +6.7956e-02 -1.6871e+00 +2.4070e+00 -2.5932e+00 -9.7204e-02 +9.1037e-03 +3.7456e+00 +2.9903e-01 +2.9142e+00 -2.7254e-01 -9.7590e-01 +5.8248e+00 +2.8887e+00 +1.9689e+00 -1.9438e+00 -1.3848e+00
205 +3.141834633e+01 +3.141834633e+01 +1.447834633e+01 +1.447834633e+01 -2.4027e+00 -7.3343e-01 -2.6735e+00 -2.5862e+00 +2.1297e+00 -3.4269e-01 +1.3576e+00 +6.6195e-01 -6.8163e-01 -3.0621e+00 +2.2604e+00 -1.6368e+00 +2.7292e-01 -7.9753e-01 +4.2716e-01 +3.2745e+00 +2.8214e+00 +3.3359e-01 -1.2170e-01 -3.3981e+00
418 +2.460086400e+01 +2.460086400e+01 +7.660863996e+00 +7.660863996e+00 -2.4251e+00 +3.3882e+00 -3.2163e+00 +2.2161e+00 +2.7737e+00 -1.3832e+00 +2.9761e-01 +4.7449e-01 -3.9199e-01 -3.6110e+00 +3.5726e+00 +2.0946e+00 -1.8385e-01 +1.0369e+00 +2.9619e-01 +1.9453e+00 +3.6576e+00 -5.0400e-02 -3.3753e-01 +9.8561e-01
674 +1.440406579e+01 +1.440406579e+01 -2.535934209e+00 -2.535934209e+00 +9.5803e-01 +1.0507e+00 -1.5557e+00 +1.8342e+00 +3.3489e+00 -3.1695e+00 +2.7587e+00 -6.9729e-01 +7.0222e-03 -4.2696e+00 +3.7674e+00 -2.5275e+00 +6.7752e-01 -1.8755e-01 +3.0783e+00 +2.6142e+00 +3.5672e+00 -1.1672e+00 -5.2033e-01 +2.3204e+00
927 +9.984075626e+00 +9.984075626e+00 -6.955924374e+00 -6.955924374e+00 +8.6802e-01 +1.4416e+00 -1.1073e+00 +9.5655e-01 +3.6502e+00 -1.7775e+00 +9.9849e-01 +1.6113e-01 -2.8086e-02 -3.1129e+00 +4.1025e+00 -1.8729e+00 -8.2677e-02 +5.7818e-01 +3.6148e+00 +3.8934e+00 +4.4577e+00 -1.6031e+00 -7.8219e-01 +2.5734e+00
1049 +6.209217138e+00 +6.209217138e+00 -1.073078286e+01 -1.073078286e+01 +1.6038e+00 +1.5117e+00 -1.6402e+00 +1.2190e+00 +2.4805e+00 -1.1426e+00 +2.3761e+00 +1.8243e-01 -5.0846e-01 -2.3773e+00 +4.2287e+00 -2.1542e+00 -9.9442e-01 +7.8453e-02 +3.9411e+00 +3.5816e+00 +4.3669e+00 -1.6791e+00 -1.7807e-01 +3.0413e+00
1451 +3.300676078e+00 +3.300676078e+00 -1.363932392e+01 -1.363932392e+01 +1.7169e+00 +1.5560e+00 -2.2305e+00 +1.6272e+00 +2.1952e+00 -1.5014e+00 +2.3441e+00 -7.1642e-01 -1.7159e+00 -2.3168e+00 +4.2869e+00 -2.2980e+00 -9.3059e-01 -2.8921e-01 +3.6739e+00 +3.4149e+00 +4.4064e+00 -1.2400e+00 -4.2048e-01 +2.7709e+00
1804 +2.385727214e+00 +2.385727214e+00 -1.455427279e+01 -1.455427279e+01 +1.5185e+00 +1.4737e+00 -1.9866e+00 +1.5202e+00 +2.4318e+00 -1.7516e+00 +2.3710e+00 -7.1274e-01 -1.5796e+00 -2.4430e+00 +4.1415e+00 -2.2682e+00 -8.9201e-01 -2.8361e-01 +3.6011e+00 +3.2706e+00 +4.3118e+00 -9.9327e-01 -2.8946e-01 +2.5881e+00
2172 +1.577729623e+00 +1.577729623e+00 -1.536227038e+01 -1.536227038e+01 +1.6686e+00 +1.4899e+00 -1.9620e+00 +1.5312e+00 +2.4248e+00 -1.7123e+00 +2.4222e+00 -6.9086e-01 -1.5872e+00 -2.4196e+00 +4.2265e+00 -2.3846e+00 -8.9829e-01 -2.9623e-01 +3.6688e+00 +3.2974e+00 +4.3338e+00 -1.0261e+00 -3.0310e-01 +2.6394e+00
17663 +9.996794073e-01 +9.996794073e-01 -1.594032059e+01 -1.594032059e+01 +3.1316e+00 +1.6199e+00 -1.2953e+00 +2.0471e+00 +2.9186e+00 -1.8526e+00 +2.2438e+00 -1.9955e+00 -9.5064e-02 -1.9314e+00 +3.7485e+00 +2.5907e-01 -1.5200e+00 -1.8603e+00 +1.9251e+00 +2.1139e+00 +2.8652e+00 +3.6551e-01 +6.8114e-01 +1.8236e+00
18036 +6.128573644e-01 +6.128573644e-01 -1.632714264e+01 -1.632714264e+01 +3.1086e+00 +1.6341e+00 -1.2684e+00 +2.0707e+00 +2.9122e+00 -1.8689e+00 +2.2636e+00 -2.0209e+00 -8.1332e-02 -1.9434e+00 +3.7418e+00 +2.6939e-01 -1.5442e+00 -1.8470e+00 +1.9227e+00 +2.1041e+00 +2.8638e+00 +3.8465e-01 +6.6390e-01 +1.7938e+00
19120 +3.978722002e-01 +3.978722002e-01 -1.654212780e+01 -1.654212780e+01 +3.1092e+00 +1.6363e+00 -1.2715e+00 +2.0702e+00 +2.8984e+00 -1.8854e+00 +2.2623e+00 -2.0274e+00 -8.6521e-02 -1.9455e+00 +3.7432e+00 +2.7286e-01 -1.5486e+00 -1.8326e+00 +1.9233e+00 +2.1173e+00 +2.8688e+00 +3.8817e-01 +6.6868e-01 +1.7938e+00
30766 +2.508002666e-01 +2.508002666e-01 -1.668919973e+01 -1.668919973e+01 +3.6285e+00 +9.3270e-01 -1.0403e-01 +7.9973e-01 +2.5745e+00 -8.1535e-01 +3.0547e+00 +7.7772e-02 -6.8468e-02 -2.7290e+00 +3.6170e+00 -2.0870e+00 -7.0239e-01 -1.3139e+00 +3.5428e+00 +3.6877e+00 +4.3842e+00 -1.1510e+00 +2.7953e-01 +4.3005e+00
110466 +1.552895066e-01 +1.552895066e-01 -1.678471049e+01 -1.678471049e+01 +3.7186e+00 +2.0189e+00 -7.9335e-01 +1.1473e+00 +1.8919e+00 -1.4142e+00 +2.9277e+00 -2.2302e+00 -4.3245e-01 -1.5459e+00 +3.9580e+00 -1.6519e-01 -2.2775e+00 -1.4185e+00 +2.4463e+00 +3.4051e+00 +3.8143e+00 -1.4018e-01 +1.8029e-01 +2.5180e+00
265077 +9.925942587e-02 +9.925942587e-02 -1.684074057e+01 -1.684074057e+01 +3.9663e+00 +2.4437e+00 -1.4040e+00 +1.4634e+00 +1.2230e+00 -1.9676e+00 +3.7247e+00 -2.5045e+00 -2.2615e-01 -2.0267e+00 +3.9293e+00 +2.5555e-01 -2.4458e+00 -1.4667e+00 +2.4182e+00 +3.1408e+00 +3.7764e+00 -3.3846e-01 +3.6427e-01 +2.1927e+00
292143 +5.948507885e-02 +5.948507885e-02 -1.688051492e+01 -1.688051492e+01 +3.7630e+00 +2.2323e+00 -1.2948e+00 +1.6074e+00 +1.7891e+00 -1.7437e+00 +3.1669e+00 -2.2821e+00 -2.2072e-01 -1.9151e+00 +3.8579e+00 +1.6870e-01 -2.2677e+00 -1.5709e+00 +2.3719e+00 +2.8616e+00 +3.6041e+00 -1.5565e-01 +4.2160e-01 +2.2782e+00
292640 +3.544005853e-02 +3.544005853e-02 -1.690455994e+01 -1.690455994e+01 +3.7618e+00 +2.2283e+00 -1.2907e+00 +1.6061e+00 +1.7896e+00 -1.7456e+00 +3.1675e+00 -2.2801e+00 -2.2261e-01 -1.9156e+00 +3.8576e+00 +1.6470e-01 -2.2650e+00 -1.5701e+00 +2.3705e+00 +2.8610e+00 +3.6027e+00 -1.5567e-01 +4.2350e-01 +2.2789e+00
293885 +2.509268635e-02 +2.509268635e-02 -1.691490731e+01 -1.691490731e+01 +3.7619e+00 +2.2285e+00 -1.2908e+00 +1.6062e+00 +1.7896e+00 -1.7461e+00 +3.1678e+00 -2.2795e+00 -2.2199e-01 -1.9159e+00 +3.8577e+00 +1.6477e-01 -2.2650e+00 -1.5700e+00 +2.3705e+00 +2.8602e+00 +3.6028e+00 -1.5571e-01 +4.2411e-01 +2.2793e+00
424669 +1.568076683e-02 +1.568076683e-02 -1.692431923e+01 -1.692431923e+01 +3.6953e+00 +2.4846e+00 -1.5203e+00 +1.5503e+00 +1.4721e+00 -1.9008e+00 +3.4022e+00 -2.4728e+00 -3.6236e-01 -1.9348e+00 +3.9151e+00 +2.4330e-01 -2.5251e+00 -1.4108e+00 +2.4445e+00 +3.0283e+00 +3.8010e+00 -3.2727e-01 +3.1002e-01 +2.1140e+00
% function evaluation | noise-free fitness - Fopt (1.881000000000e+01) | best noise-free fitness - Fopt | measured fitness | best measured fitness | x1 | x2...
1 +1.639891211e+02 +1.639891211e+02 +1.827991211e+02 +1.827991211e+02 -3.3775e+00 +1.2688e+00 -1.4713e+00 -2.0813e+00 -1.8234e+00 +2.6213e+00 +7.3241e-02 +1.0288e+00 +8.6185e-01 +3.5654e+00 -4.4944e-01 +1.9560e+00 +2.0398e+00 -2.7810e+00 +1.8823e+00 -3.3248e-01 +6.9767e-01 +2.6607e+00 +9.7735e-01 +2.5829e+00
5 +1.401365560e+02 +1.401365560e+02 +1.589465560e+02 +1.589465560e+02 -4.8509e+00 +2.7515e+00 -4.0054e+00 +3.3619e-01 +1.3993e-01 +2.1725e+00 -3.0991e-01 -2.4619e+00 +2.6451e+00 +1.9524e+00 -6.4330e-01 -2.7995e-01 +3.3847e+00 -2.2569e+00 +4.3630e+00 +1.8873e+00 +2.5752e+00 +9.4201e-01 +1.9726e-01 +1.8777e+00
11 +5.864939345e+01 +5.864939345e+01 +7.745939345e+01 +7.745939345e+01 -1.8199e+00 +3.5047e+00 -2.1457e+00 -2.3550e+00 -3.4242e+00 -4.6338e-02 -1.7246e+00 +1.5784e+00 +9.5391e-01 +3.8738e+00 -3.5607e+00 +1.2855e+00 +3.4538e+00 +2.7524e+00 +2.4619e+00 -2.0168e+00 -9.6320e-01 +3.7112e+00 +1.0619e+00 +4.4799e+00
51 +3.453944730e+01 +3.453944730e+01 +5.334944730e+01 +5.334944730e+01 -1.8194e+00 +2.0834e+00 -7.6886e-01 -2.4201e+00 -1.3720e-01 -1.2809e+00 +1.0140e-01 -5.6375e-02 +3.9357e-01 +5.6690e+00 -1.9811e+00 +4.2471e-01 +3.3073e+00 +1.0998e+00 +8.3395e-01 +1.0062e+00 +6.6570e-02 +1.5261e+00 -3.7934e-01 +4.9583e+00
93 +2.499699121e+01 +2.499699121e+01 +4.380699121e+01 +4.380699121e+01 -2.3247e+00 +1.5032e+00 +8.9234e-03 -2.3565e+00 +1.1872e+00 -2.0144e+00 +2.0074e+00 -1.7542e+00 +2.7155e-01 +4.8051e+00 -1.8284e+00 +4.7656e-01 +2.6516e+00 +9.0699e-01 -1.5092e+00 +5.8151e-01 -4.8094e+00 +2.3691e+00 -2.3013e+00 +2.9296e+00
284 +1.446165149e+01 +1.446165149e+01 +3.327165149e+01 +3.327165149e+01 +8.6185e-01 -6.5518e-01 -3.0871e-01 -2.3455e+00 -5.2230e-01 -3.9112e+00 +2.0881e+00 +1.2989e+00 +2.7287e-01 +2.1507e+00 -1.8032e+00 +1.5936e+00 +3.0657e+00 -1.0815e-01 -2.6438e+00 -1.5081e+00 -4.7353e+00 +2.9608e+00 -1.3710e-01 +2.8917e+00
456 +9.806146379e+00 +9.806146379e+00 +2.861614638e+01 +2.861614638e+01 +9.3694e-01 -1.2817e+00 -5.1262e-01 -1.2785e+00 +1.3711e+00 -3.3430e+00 +2.0709e+00 +6.5250e-01 -8.8776e-01 +3.7608e+00 -2.8303e+00 +1.5237e+00 +4.9181e+00 +2.6037e+00 -1.9766e+00 -1.2622e+00 -4.0712e+00 +3.5916e+00 +1.5890e+00 +1.4872e+00
543 +5.893005366e+00 +5.893005366e+00 +2.470300537e+01 +2.470300537e+01 +7.0840e-01 -9.0149e-01 -5.6733e-01 -1.6082e+00 +1.3740e+00 -3.4049e+00 +1.1397e+00 +5.0966e-01 +1.0255e-01 +3.6369e+00 -4.1103e+00 +1.5548e+00 +4.7117e+00 +9.0151e-01 -1.9362e+00 -2.2370e+00 -2.5917e+00 +4.0734e+00 +1.4644e+00 +1.4030e+00
828 +3.885495366e+00 +3.885495366e+00 +2.269549537e+01 +2.269549537e+01 +1.0047e+00 -8.5328e-01 -6.1806e-01 -1.8780e+00 +9.9585e-01 -3.1483e+00 +5.0589e-01 +8.0229e-01 +5.2747e-01 +3.3076e+00 -3.8909e+00 +1.1915e+00 +4.7948e+00 +1.2820e+00 -1.9279e+00 -2.0660e+00 -2.6504e+00 +3.6457e+00 +1.8363e+00 +1.7329e+00
1140 +2.507371386e+00 +2.507371386e+00 +2.131737139e+01 +2.131737139e+01 +1.1841e+00 -5.1252e-01 -7.5534e-01 -1.8070e+00 +9.4168e-01 -3.2749e+00 +1.0359e+00 +6.7021e-01 +3.7861e-01 +3.2718e+00 -3.9800e+00 +1.4927e+00 +4.7574e+00 +1.3873e+00 -1.9757e+00 -2.3123e+00 -2.8555e+00 +3.9288e+00 +1.6677e+00 +1.5037e+00
1356 +1.478159744e+00 +1.478159744e+00 +2.028815974e+01 +2.028815974e+01 +1.1937e+00 -4.9915e-01 -7.0968e-01 -1.7679e+00 +8.7766e-01 -3.3725e+00 +1.0170e+00 +6.6874e-01 +3.6951e-01 +3.3396e+00 -3.8245e+00 +1.5429e+00 +4.8001e+00 +1.4009e+00 -1.9334e+00 -2.2492e+00 -2.9464e+00 +3.8937e+00 +1.7179e+00 +1.5349e+00
1684 +8.147685124e-01 +8.147685124e-01 +1.962476851e+01 +1.962476851e+01 +1.2292e+00 -4.4179e-01 -7.3952e-01 -1.7796e+00 +8.4585e-01 -3.4165e+00 +1.0001e+00 +6.6257e-01 +4.0449e-01 +3.3494e+00 -3.8291e+00 +1.5017e+00 +4.8258e+00 +1.3418e+00 -1.9804e+00 -2.1890e+00 -2.9793e+00 +3.8821e+00 +1.7373e+00 +1.5890e+00
2177 +6.131791192e-01 +6.131791192e-01 +1.942317912e+01 +1.942317912e+01 +1.2186e+00 -4.3787e-01 -7.4193e-01 -1.7696e+00 +8.5931e-01 -3.4068e+00 +1.0152e+00 +6.4200e-01 +4.0849e-01 +3.3933e+00 -3.8383e+00 +1.4692e+00 +4.8026e+00 +1.3699e+00 -1.9709e+00 -2.1822e+00 -2.9583e+00 +3.8635e+00 +1.7149e+00 +1.6067e+00
19360 +3.899545673e-01 +3.899545673e-01 +1.919995457e+01 +1.919995457e+01 -3.1186e-01 +1.6598e+00 -7.3986e-01 +1.4223e-01 +1.8622e+00 -3.3654e+00 -3.1676e-02 -1.7037e-01 +9.2716e-02 +2.7438e+00 -3.7796e+00 +3.9143e+00 +4.0468e+00 +5.4219e-01 -2.4659e+00 -2.6514e+00 -1.5789e+00 +3.4004e+00 +7.8317e-01 +1.3134e+00
20285 +2.462206919e-01 +2.462206919e-01 +1.905622069e+01 +1.905622069e+01 -3.2836e-01 +1.6748e+00 -7.6029e-01 +1.5080e-01 +1.8788e+00 -3.3677e+00 -3.2823e-02 -1.7677e-01 +1.1112e-01 +2.7346e+00 -3.7725e+00 +3.9034e+00 +4.0641e+00 +5.2303e-01 -2.4580e+00 -2.6704e+00 -1.5765e+00 +3.3843e+00 +7.8051e-01 +1.3247e+00
98216 +1.522678661e-01 +1.522678661e-01 +1.896226787e+01 +1.896226787e+01 -1.4606e-01 +2.0813e+00 -1.1017e+00 -3.9285e-01 +1.7550e+00 -3.0253e+00 +4.7720e-01 +8.5179e-01 +1.2363e+00 +2.6457e+00 -3.6072e+00 +3.6460e+00 +3.6609e+00 -3.6953e-01 -2.4112e+00 -3.1184e+00 -2.3597e+00 +3.0831e+00 +1.2147e-01 +1.1773e+00
171612 +9.688503021e-02 +9.688503021e-02 +1.890688503e+01 +1.890688503e+01 -1.2378e-01 +1.8203e+00 -9.1405e-01 -1.8362e-01 +1.5233e+00 -3.1982e+00 +3.9477e-01 +5.6727e-01 +6.1322e-01 +2.6908e+00 -3.8042e+00 +3.6402e+00 +3.7742e+00 +1.6630e-01 -2.5336e+00 -2.9020e+00 -2.0226e+00 +3.3603e+00 +4.5441e-01 +1.2396e+00
172197 +6.052473196e-02 +6.052473196e-02 +1.887052473e+01 +1.887052473e+01 -1.2165e-01 +1.8188e+00 -9.1149e-01 -1.8370e-01 +1.5200e+00 -3.2000e+00 +3.9808e-01 +5.6174e-01 +6.1534e-01 +2.6903e+00 -3.8046e+00 +3.6381e+00 +3.7725e+00 +1.6984e-01 -2.5348e+00 -2.9019e+00 -2.0248e+00 +3.3629e+00 +4.5591e-01 +1.2400e+00
228071 +3.840061085e-02 +3.840061085e-02 +1.884840061e+01 +1.884840061e+01 -2.9208e-01 +1.5349e+00 -5.9648e-01 +4.8996e-01 +2.1051e+00 -3.3150e+00 -4.5864e-01 -1.5989e-01 -6.1624e-01 +2.7221e+00 -3.8180e+00 +4.4551e+00 +4.0975e+00 +7.4263e-01 -2.6575e+00 -2.5234e+00 -1.1479e+00 +3.5144e+00 +8.4933e-01 +9.2002e-01
228361 +2.442182211e-02 +2.442182211e-02 +1.883442182e+01 +1.883442182e+01 -2.9470e-01 +1.5380e+00 -5.9811e-01 +4.9163e-01 +2.1033e+00 -3.3147e+00 -4.5713e-01 -1.6211e-01 -6.1588e-01 +2.7243e+00 -3.8200e+00 +4.4532e+00 +4.0962e+00 +7.4605e-01 -2.6577e+00 -2.5248e+00 -1.1503e+00 +3.5163e+00 +8.4763e-01 +9.1981e-01
228832 +1.533800500e-02 +1.533800500e-02 +1.882533800e+01 +1.882533800e+01 -2.9350e-01 +1.5372e+00 -5.9740e-01 +4.9047e-01 +2.1040e+00 -3.3156e+00 -4.5774e-01 -1.6151e-01 -6.1546e-01 +2.7241e+00 -3.8199e+00 +4.4529e+00 +4.0964e+00 +7.4506e-01 -2.6582e+00 -2.5245e+00 -1.1492e+00 +3.5161e+00 +8.4850e-01 +9.2147e-01
% function evaluation | noise-free fitness - Fopt (2.731500000000e+02) | best noise-free fitness - Fopt | measured fitness | best measured fitness | x1 | x2...
1 +7.285279704e+02 +7.285279704e+02 +1.001677970e+03 +1.001677970e+03 -3.4698e+00 +3.6378e+00 -2.9531e+00 -3.8349e+00 +3.8947e+00 +1.4721e+00 +1.7276e+00 -1.2440e+00 +2.3825e+00 -3.7585e+00 +3.8574e+00 -1.8760e+00 -5.6784e-01 +2.4763e+00 -5.7817e-01 -6.7673e-01 -3.8512e+00 +5.0180e-01 -1.7262e+00 -9.4529e-01
2 +2.940682364e+02 +2.940682364e+02 +5.672182364e+02 +5.672182364e+02 -2.5332e+00 +1.5874e+00 -3.8090e-01 -1.9641e+00 +1.9588e+00 +3.8275e+00 +1.4810e+00 -3.1194e+00 -3.5626e-02 -5.1593e+00 +4.5016e+00 +7.4245e-01 -2.6392e-01 +1.1476e+00 -1.6338e+00 -2.5946e+00 -4.8678e+00 +6.6946e-01 -2.7256e+00 -3.3455e+00
9 +2.330266702e+02 +2.330266702e+02 +5.061766702e+02 +5.061766702e+02 -2.1715e+00 +5.8268e+00 -2.6529e+00 -5.2359e+00 +4.0358e+00 +4.5154e-01 +4.8725e+00 -4.3167e+00 +2.2036e+00 -1.4365e+00 +3.7754e+00 -1.1091e+00 +9.2846e-01 +1.9735e-01 +1.7075e+00 +1.5282e+00 +1.0059e+00 -1.4282e+00 -7.0504e+00 -7.7016e-01
39 +1.457601292e+02 +1.457601292e+02 +4.189101292e+02 +4.189101292e+02 -2.9937e+00 +4.1170e+00 -2.7604e+00 -2.0746e+00 -1.4372e+00 -4.0227e-01 +3.4479e+00 -4.4114e+00 +1.1026e+00 -1.4159e+00 +2.0589e+00 +5.6471e-01 +1.9029e-01 -3.3889e+00 +3.0666e+00 -1.5457e+00 +3.4762e-01 -2.4666e+00 -1.0978e+00 -4.6153e+00
67 +9.707668660e+01 +9.707668660e+01 +3.702266866e+02 +3.702266866e+02 +7.7792e-01 +4.9149e+00 -3.2440e+00 +8.3367e-02 +4.1410e+00 +8.0623e-01 +3.7732e-01 -2.6986e+00 -4.8644e-01 +9.6819e-01 +1.0013e+00 -2.2051e+00 -1.2092e+00 +1.8619e-01 +3.0065e+00 -1.4306e+00 +1.6214e-01 -1.2017e+00 -4.1748e+00 -2.6051e+00
110 +6.152554207e+01 +6.152554207e+01 +3.346755421e+02 +3.346755421e+02 -4.1959e+00 +7.5116e-01 -5.6304e-01 -2.7748e+00 +2.4471e+00 +3.4101e-01 +1.7801e+00 -3.2027e+00 +7.4530e-01 +2.0883e+00 +7.1566e-01 -9.9616e-01 -1.6837e+00 -8.8992e-01 +4.2043e+00 -9.1300e-01 +3.6343e+00 -2.4162e+00 -2.5059e+00 -6.2592e+00
191 +2.977178349e+01 +2.977178349e+01 +3.029217835e+02 +3.029217835e+02 -3.3140e+00 +1.0273e+00 -1.2280e+00 +8.6590e-01 +2.8789e+00 -4.3545e+00 +3.5746e-01 -4.2402e+00 -3.0576e+00 +3.5046e+00 +2.9889e+00 +1.3941e+00 -1.6908e+00 +1.8535e+00 +2.0441e+00 -1.9288e+00 +1.6746e+00 -2.8749e+00 -1.1853e+00 -3.8288e+00
235 +2.335174759e+01 +2.335174759e+01 +2.965017476e+02 +2.965017476e+02 -2.3933e+00 +2.4335e+00 -7.0980e-01 -4.9569e-01 +3.0288e+00 -4.1766e+00 -3.8561e-01 -3.0750e+00 -4.6751e+00 +1.0576e+00 +1.2862e+00 -1.4895e-01 +8.5827e-01 +7.2712e-01 +4.6862e-01 -3.6112e+00 +1.6572e+00 -1.4478e+00 -9.4284e-01 -3.9127e+00
303 +1.400238170e+01 +1.400238170e+01 +2.871523817e+02 +2.871523817e+02 -4.3623e+00 +3.3348e+00 -2.3791e+00 +2.5132e+00 +3.0894e+00 -1.8391e+00 +1.5791e+00 -5.2624e+00 -3.0004e+00 +7.1956e-02 +1.9242e+00 +5.9185e-01 +1.0309e-01 +1.5703e+00 +5.5992e-01 -3.4027e+00 +3.9653e+00 -7.5157e-01 -2.0408e-01 -4.9334e+00
597 +9.250151843e+00 +9.250151843e+00 +2.824001518e+02 +2.824001518e+02 -3.1446e+00 +2.5107e+00 -1.6447e+00 +2.8757e+00 +2.4902e+00 -3.3961e+00 +3.1529e-01 -2.6239e+00 -2.1828e+00 +2.7249e+00 +3.7774e-01 +1.9933e+00 +3.1012e-01 +1.6251e+00 +3.3890e+00 -4.4135e+00 +4.0724e+00 -4.0488e-02 +1.2596e+00 -4.4893e+00
895 +5.861397235e+00 +5.861397235e+00 +2.790113972e+02 +2.790113972e+02 -2.2994e+00 +2.7357e+00 -4.0090e-01 +3.2136e+00 +1.5265e+00 -5.0759e+00 -2.1185e-01 -2.8331e+00 -3.1297e+00 +3.4980e+00 -2.8766e-01 +1.0730e+00 -9.2036e-01 +2.3541e+00 +4.1459e+00 -3.5765e+00 +5.1108e+00 +6.1019e-01 +2.3470e+00 -4.7902e+00
1054 +3.584797659e+00 +3.584797659e+00 +2.767347977e+02 +2.767347977e+02 -2.6468e+00 +2.9118e+00 -2.7446e-01 +3.6710e+00 +2.0352e+00 -4.6799e+00 -1.6548e-01 -2.5081e+00 -3.0140e+00 +2.9269e+00 -9.9699e-01 +1.5844e+00 -7.9880e-01 +2.5726e+00 +3.9043e+00 -3.4531e+00 +4.1851e+00 +3.9939e-01 +2.1464e+00 -4.0602e+00
1157 +2.459520125e+00 +2.459520125e+00 +2.756095201e+02 +2.756095201e+02 -2.7669e+00 +3.2063e+00 -8.8877e-01 +3.2445e+00 +1.5588e+00 -4.4889e+00 -3.8874e-01 -2.1731e+00 -2.7584e+00 +3.2891e+00 -6.7481e-01 +1.3638e+00 -5.6224e-01 +2.4083e+00 +4.0501e+00 -3.3776e+00 +4.3035e+00 +6.9420e-01 +1.9884e+00 -4.6001e+00
1201 +1.489810066e+00 +1.489810066e+00 +2.746398101e+02 +2.746398101e+02 -2.6071e+00 +3.2558e+00 -7.7702e-01 +3.4350e+00 +1.7359e+00 -4.5526e+00 -4.5143e-01 -2.5492e+00 -2.8256e+00 +3.2626e+00 -6.7163e-01 +1.5887e+00 -6.6990e-01 +2.2610e+00 +4.2267e+00 -3.2383e+00 +4.2286e+00 +5.6478e-01 +2.1621e+00 -4.5176e+00
1364 +8.630300548e-01 +8.630300548e-01 +2.740130301e+02 +2.740130301e+02 -2.5881e+00 +3.2485e+00 -7.7696e-01 +3.3219e+00 +1.6312e+00 -4.4690e+00 -4.1825e-01 -2.4663e+00 -2.7387e+00 +3.3907e+00 -6.5306e-01 +1.4888e+00 -6.1290e-01 +2.3278e+00 +4.1387e+00 -3.3479e+00 +4.2575e+00 +6.2111e-01 +2.2911e+00 -4.4977e+00
1562 +5.912966279e-01 +5.912966279e-01 +2.737412966e+02 +2.737412966e+02 -2.6517e+00 +3.2297e+00 -7.2493e-01 +3.4840e+00 +1.6895e+00 -4.4947e+00 -4.0668e-01 -2.4806e+00 -2.7479e+00 +3.4491e+00 -7.2954e-01 +1.5650e+00 -6.9052e-01 +2.3709e+00 +4.2062e+00 -3.3028e+00 +4.2549e+00 +5.2797e-01 +2.2281e+00 -4.5639e+00
1950 +3.694899505e-01 +3.694899505e-01 +2.735194900e+02 +2.735194900e+02 -2.6790e+00 +3.2496e+00 -6.8322e-01 +3.4821e+00 +1.6867e+00 -4.6091e+00 -4.8075e-01 -2.4283e+00 -2.7625e+00 +3.4017e+00 -7.0326e-01 +1.5695e+00 -6.8626e-01 +2.3558e+00 +4.2578e+00 -3.3250e+00 +4.2613e+00 +5.9503e-01 +2.3320e+00 -4.6002e+00
2236 +2.256685587e-01 +2.256685587e-01 +2.733756686e+02 +2.733756686e+02 -2.6686e+00 +3.2389e+00 -6.8401e-01 +3.4855e+00 +1.6774e+00 -4.5845e+00 -4.5759e-01 -2.4507e+00 -2.7689e+00 +3.3806e+00 -7.1717e-01 +1.5928e+00 -6.8881e-01 +2.3496e+00 +4.2170e+00 -3.3449e+00 +4.2536e+00 +5.7860e-01 +2.3264e+00 -4.5987e+00
2643 +1.555467863e-01 +1.555467863e-01 +2.733055468e+02 +2.733055468e+02 -2.6650e+00 +3.2426e+00 -6.8911e-01 +3.4740e+00 +1.6663e+00 -4.5886e+00 -4.5666e-01 -2.4445e+00 -2.7667e+00 +3.3788e+00 -7.0131e-01 +1.5910e+00 -6.7886e-01 +2.3444e+00 +4.2218e+00 -3.3512e+00 +4.2610e+00 +5.7390e-01 +2.3143e+00 -4.6072e+00
3384 +9.991276782e-02 +9.991276782e-02 +2.732499128e+02 +2.732499128e+02 -2.6638e+00 +3.2433e+00 -6.8599e-01 +3.4777e+00 +1.6672e+00 -4.5852e+00 -4.5471e-01 -2.4457e+00 -2.7628e+00 +3.3803e+00 -7.0390e-01 +1.5943e+00 -6.8125e-01 +2.3466e+00 +4.2243e+00 -3.3482e+00 +4.2567e+00 +5.7290e-01 +2.3181e+00 -4.6059e+00
48581 +5.979404629e-02 +5.979404629e-02 +2.732097940e+02 +2.732097940e+02 -3.9905e+00 +4.0637e+00 -2.5441e-01 +2.1047e+00 +2.0328e+00 -3.7718e+00 -1.3637e+00 -3.4679e-01 -1.7443e+00 +3.1083e+00 -1.6757e+00 +8.2032e-01 -9.1069e-01 +1.1315e+00 +3.9093e+00 -3.0369e+00 +2.8026e+00 +5.6083e-01 +2.9486e+00 -2.7415e+00
48982 +3.873158606e-02 +3.873158606e-02 +2.731887316e+02 +2.731887316e+02 -3.9919e+00 +4.0640e+00 -2.5328e-01 +2.1036e+00 +2.0336e+00 -3.7706e+00 -1.3648e+00 -3.4593e-01 -1.7438e+00 +3.1105e+00 -1.6793e+00 +8.1955e-01 -9.1133e-01 +1.1302e+00 +3.9085e+00 -3.0372e+00 +2.8039e+00 +5.6277e-01 +2.9524e+00 -2.7381e+00
351677 +2.398767870e-02 +2.398767870e-02 +2.731739877e+02 +2.731739877e+02 -3.4908e+00 +3.7384e+00 -5.0454e-01 +2.6137e+00 +1.9520e+00 -4.0077e+00 -9.6940e-01 -1.1741e+00 -2.0920e+00 +3.1890e+00 -1.3119e+00 +1.1077e+00 -7.6719e-01 +1.5785e+00 +3.9471e+00 -3.1746e+00 +3.3600e+00 +6.2195e-01 +2.7143e+00 -3.4472e+00
352484 +1.564949669e-02 +1.564949669e-02 +2.731656495e+02 +2.731656495e+02 -3.4907e+00 +3.7390e+00 -5.0436e-01 +2.6140e+00 +1.9518e+00 -4.0079e+00 -9.6929e-01 -1.1742e+00 -2.0914e+00 +3.1891e+00 -1.3120e+00 +1.1080e+00 -7.6636e-01 +1.5786e+00 +3.9474e+00 -3.1735e+00 +3.3599e+00 +6.2237e-01 +2.7146e+00 -3.4475e+00
% function evaluation | noise-free fitness - Fopt (3.718000000000e+01) | best noise-free fitness - Fopt | measured fitness | best measured fitness | x1 | x2...
1 +9.237646153e+01 +9.237646153e+01 +1.295564615e+02 +1.295564615e+02 -3.5886e+00 -6.3716e-01 +1.5178e+00 -3.9661e+00 +3.3268e+00 +1.0799e+00 -3.5205e+00 -2.6673e+00 +1.1768e+00 +1.3263e+00 -1.4144e+00 +6.2175e-01 +6.2645e-01 +1.3608e+00 -2.6494e+00 -3.1517e+00 -6.3103e-01 +3.5405e+00 +3.5808e+00 -3.7493e+00
44 +5.182010475e+01 +5.182010475e+01 +8.900010475e+01 +8.900010475e+01 -2.3091e+00 +1.4191e-01 +2.9318e+00 -4.7339e+00 +6.3951e-01 +2.7808e-01 -4.3467e+00 -1.6935e-01 +1.2791e+00 +1.9944e+00 -1.9191e+00 +3.9240e+00 +2.2323e+00 +5.6810e-01 -4.9765e-01 -1.1940e+00 -3.0315e+00 +4.0787e+00 +1.9830e+00 -1.1645e+00
157 +3.398976045e+01 +3.398976045e+01 +7.116976045e+01 +7.116976045e+01 -3.8946e+00 -1.5093e+00 +1.7229e+00 -1.5050e+00 -2.2060e+00 +1.5719e+00 -3.6023e+00 +8.8299e-02 -3.8672e+00 +6.4224e-01 -6.3922e-01 +2.4448e+00 +4.3617e-01 +1.7313e+00 -3.3090e+00 -9.3037e-01 -3.0717e+00 -1.4972e+00 +2.3462e+00 -4.4702e+00
268 +2.502000576e+01 +2.502000576e+01 +6.220000576e+01 +6.220000576e+01 -3.8464e+00 +2.0924e-01 +1.2003e+00 -1.9806e+00 -2.0024e+00 +8.5788e-01 -2.4612e+00 -1.5553e+00 -4.8442e+00 +2.3045e+00 +1.3852e+00 +3.3607e+00 +5.7907e-01 +4.4891e+00 -6.8653e-01 -3.6165e-01 -2.0072e+00 -1.4305e+00 +2.0537e+00 -1.6431e+00
780 +1.572129196e+01 +1.572129196e+01 +5.290129196e+01 +5.290129196e+01 -4.3031e+00 +2.7669e-01 +6.2223e-01 -1.2225e+00 -2.1477e+00 +1.1427e+00 -4.1632e+00 -1.3287e+00 -2.2555e+00 +3.7850e+00 +9.6908e-01 +1.0927e+00 +2.0761e+00 +2.8239e+00 -1.0908e+00 -9.3073e-01 -2.5534e+00 -2.9022e+00 +2.3589e+00 -8.0817e-01
1000 +9.889560128e+00 +9.889560128e+00 +4.706956013e+01 +4.706956013e+01 -4.5443e+00 -1.7539e-01 +8.2918e-01 -9.6814e-01 -1.4670e+00 +2.0160e-01 -4.7532e+00 -1.4569e+00 -1.9843e+00 +3.1305e+00 +1.5137e+00 +1.1445e+00 +2.9613e+00 +3.5078e+00 -5.8023e-01 -7.7834e-01 -1.9483e+00 -1.6582e+00 +1.2312e+00 -5.7329e-01
1638 +6.103493184e+00 +6.103493184e+00 +4.328349318e+01 +4.328349318e+01 -4.4265e+00 +6.2468e-01 +3.4551e-01 -1.0453e+00 -2.3488e+00 -1.3990e-01 -4.1689e+00 -1.0613e+00 -2.1601e+00 +2.9824e+00 +1.6177e+00 +9.1453e-01 +3.7491e+00 +3.6906e+00 -6.1295e-01 -7.4838e-01 -1.9771e+00 -1.7465e+00 +1.2379e+00 -8.1859e-01
2140 +3.885434036e+00 +3.885434036e+00 +4.106543404e+01 +4.106543404e+01 -4.5267e+00 +5.2733e-01 +2.9046e-01 -1.0388e+00 -2.2387e+00 +1.4221e-02 -4.1889e+00 -9.6068e-01 -2.2363e+00 +2.9416e+00 +1.7944e+00 +9.3528e-01 +3.5073e+00 +3.6868e+00 -6.3538e-01 -6.1683e-01 -1.8597e+00 -1.5922e+00 +9.5247e-01 -7.8448e-01
18263 +2.010395164e+00 +2.010395164e+00 +3.919039516e+01 +3.919039516e+01 -4.6087e+00 +2.5086e+00 +2.4801e+00 +9.2422e-02 -4.2090e+00 -8.4851e-01 +7.8538e-03 -3.4028e+00 -1.8108e+00 +3.9646e+00 +9.3767e-01 -3.6035e+00 +1.1116e+00 -2.5067e+00 +3.8007e+00 +4.1952e-01 +9.4353e-01 -1.7275e+00 -8.5803e-01 +1.1131e+00
18503 +1.495973442e+00 +1.495973442e+00 +3.867597344e+01 +3.867597344e+01 -4.4271e+00 +2.3584e+00 +2.2735e+00 +3.4146e-01 -3.7034e+00 -5.9003e-01 -1.7152e-01 -3.8727e+00 -1.7808e+00 +3.9957e+00 +7.6461e-01 -3.6059e+00 +1.1466e+00 -2.6987e+00 +3.4359e+00 +3.5577e-01 +1.0102e+00 -1.6768e+00 -1.0237e+00 +1.2181e+00
18567 +9.843921988e-01 +9.843921988e-01 +3.816439220e+01 +3.816439220e+01 -4.4288e+00 +2.2684e+00 +2.3851e+00 +3.6352e-01 -3.6814e+00 -6.7168e-01 -1.6331e-01 -3.7977e+00 -1.6978e+00 +3.9793e+00 +7.8751e-01 -3.5297e+00 +1.0323e+00 -2.6958e+00 +3.3376e+00 +4.1323e-01 +8.5042e-01 -1.6651e+00 -1.1029e+00 +1.3132e+00
18885 +6.063271717e-01 +6.063271717e-01 +3.778632717e+01 +3.778632717e+01 -4.4338e+00 +2.2506e+00 +2.4867e+00 +3.2843e-01 -3.6711e+00 -6.1120e-01 -1.5063e-01 -3.8848e+00 -1.7567e+00 +4.0419e+00 +7.9905e-01 -3.5328e+00 +9.9899e-01 -2.6838e+00 +3.4243e+00 +3.6453e-01 +7.8771e-01 -1.7405e+00 -1.0570e+00 +1.3621e+00
19097 +3.234056089e-01 +3.234056089e-01 +3.750340561e+01 +3.750340561e+01 -4.4152e+00 +2.2741e+00 +2.4547e+00 +3.3081e-01 -3.6629e+00 -6.2464e-01 -1.5700e-01 -3.9091e+00 -1.7221e+00 +3.9825e+00 +7.8126e-01 -3.5180e+00 +9.5329e-01 -2.6722e+00 +3.4499e+00 +3.8256e-01 +8.0550e-01 -1.7614e+00 -1.0336e+00 +1.3530e+00
19378 +2.482561129e-01 +2.482561129e-01 +3.742825611e+01 +3.742825611e+01 -4.4286e+00 +2.2644e+00 +2.4819e+00 +3.0366e-01 -3.6532e+00 -6.1459e-01 -1.5028e-01 -3.9389e+00 -1.7415e+00 +3.9817e+00 +7.7610e-01 -3.5199e+00 +9.6001e-01 -2.6665e+00 +3.4622e+00 +3.9598e-01 +8.1111e-01 -1.7729e+00 -1.0395e+00 +1.3385e+00
19776 +1.518919649e-01 +1.518919649e-01 +3.733189196e+01 +3.733189196e+01 -4.4281e+00 +2.2707e+00 +2.4812e+00 +3.0203e-01 -3.6500e+00 -6.1008e-01 -1.4772e-01 -3.9355e+00 -1.7347e+00 +3.9816e+00 +7.8213e-01 -3.5118e+00 +9.5717e-01 -2.6696e+00 +3.4665e+00 +3.9844e-01 +8.1004e-01 -1.7693e+00 -1.0409e+00 +1.3425e+00
20959 +9.941116908e-02 +9.941116908e-02 +3.727941117e+01 +3.727941117e+01 -4.4282e+00 +2.2719e+00 +2.4804e+00 +3.0356e-01 -3.6508e+00 -6.1071e-01 -1.4687e-01 -3.9349e+00 -1.7348e+00 +3.9808e+00 +7.8260e-01 -3.5111e+00 +9.5496e-01 -2.6707e+00 +3.4680e+00 +3.9858e-01 +8.1281e-01 -1.7688e+00 -1.0411e+00 +1.3399e+00
134606 +6.147503081e-02 +6.147503081e-02 +3.724147503e+01 +3.724147503e+01 -4.1160e+00 +2.1399e+00 +2.0587e+00 +1.5086e+00 -3.4726e+00 -1.1524e+00 +3.2279e-01 -3.4786e+00 -1.8708e+00 +3.1329e+00 +8.2169e-02 -3.5907e+00 +1.2646e+00 -2.8363e+00 +3.6409e+00 +8.2785e-01 +4.2849e-01 -1.4026e+00 -2.7307e+00 +1.5820e+00
135384 +3.798346793e-02 +3.798346793e-02 +3.721798347e+01 +3.721798347e+01 -4.1143e+00 +2.1410e+00 +2.0590e+00 +1.5104e+00 -3.4734e+00 -1.1508e+00 +3.2125e-01 -3.4804e+00 -1.8708e+00 +3.1334e+00 +7.9812e-02 -3.5916e+00 +1.2655e+00 -2.8369e+00 +3.6394e+00 +8.2707e-01 +4.2880e-01 -1.4045e+00 -2.7296e+00 +1.5847e+00
299296 +2.478557410e-02 +2.478557410e-02 +3.720478557e+01 +3.720478557e+01 -4.0904e+00 +2.1612e+00 +2.1959e+00 +1.2292e+00 -3.5581e+00 -1.0561e+00 +1.8640e-01 -3.5711e+00 -1.7218e+00 +3.3339e+00 +2.1692e-01 -3.5387e+00 +1.2276e+00 -2.7996e+00 +3.5473e+00 +7.0966e-01 +4.7315e-01 -1.5202e+00 -2.2926e+00 +1.5610e+00
% function evaluation | noise-free fitness - Fopt (-1.479000000000e+02) | best noise-free fitness - Fopt | measured fitness | best measured fitness | x1 | x2...
1 +1.235373131e+02 +1.235373131e+02 -2.436268692e+01 -2.436268692e+01 -8.6611e-01 +1.8269e+00 +4.5706e-01 -1.3837e+00 -1.6432e+00 +2.2926e-01 +2.2922e+00 +3.1538e+00 +1.0927e+00 -3.6942e+00 +2.3604e+00 +8.7577e-02 -2.4103e+00 +1.0968e+00 +2.1631e+00 -3.2784e+00 -1.7261e+00 +2.7741e+00 +1.9952e+00 +1.8830e+00
12 +9.230926502e+01 +9.230926502e+01 -5.559073498e+01 -5.559073498e+01 -4.7540e-02 +2.3427e+00 +6.9814e-01 -6.0870e-01 -9.1495e-02 +2.6596e+00 -1.0772e-01 +1.2890e+00 +7.1494e-02 -4.4494e+00 -1.7484e+00 -1.1967e+00 +1.7376e-01 +1.5443e+00 +2.4942e+00 -2.5998e+00 +1.0186e+00 +2.9197e+00 -1.2493e+00 -5.5424e-01
17 +6.175686672e+01 +6.175686672e+01 -8.614313328e+01 -8.614313328e+01 +1.2481e+00 +3.3268e+00 +2.7228e+00 -4.8279e+00 -1.5535e+00 +2.8256e+00 +3.1999e+00 +2.8263e-01 +3.0195e+00 -3.5546e+00 +1.7377e+00 -1.4725e+00 -1.7458e+00 -1.3233e+00 +4.1610e-01 -3.3223e+00 -1.4658e+00 +2.8430e-01 +1.2575e+00 +1.9102e+00
119 +3.898795308e+01 +3.898795308e+01 -1.089120469e+02 -1.089120469e+02 +4.2607e+00 +4.1594e-02 +5.0529e+00 -3.7307e+00 -3.9516e-01 +9.6233e-02 +2.1547e+00 -1.3106e+00 -5.4349e-01 -9.9796e-01 -5.0214e-01 -7.1234e-01 -1.4841e+00 +3.1711e-01 -2.9565e-01 +6.7870e-01 +1.4878e+00 +1.9387e+00 +1.2771e+00 +4.6345e+00
368 +2.451692995e+01 +2.451692995e+01 -1.233830701e+02 -1.233830701e+02 +2.1334e+00 +3.6974e+00 +3.8663e+00 -2.9053e+00 -1.9120e+00 -4.4493e-01 +1.2633e+00 -2.2215e+00 -3.2175e+00 +1.5751e+00 -3.5445e+00 +2.3192e+00 -2.4998e+00 -3.0269e+00 -5.8596e-01 -2.5537e+00 +8.1060e-01 -1.5024e-01 +1.0053e+00 -5.9895e-02
542 +1.390312309e+01 +1.390312309e+01 -1.339968769e+02 -1.339968769e+02 +8.3329e-01 +2.1609e+00 +1.8539e+00 -3.4009e+00 -8.8423e-01 +1.1103e+00 +1.2507e+00 -1.2849e+00 -3.9283e+00 +1.1134e+00 -4.3593e+00 +3.1416e+00 -1.9689e+00 -5.1787e+00 +3.6641e-01 -2.9905e+00 -2.1683e+00 -1.5794e+00 -6.2057e-01 +2.5241e+00
789 +9.346393794e+00 +9.346393794e+00 -1.385536062e+02 -1.385536062e+02 -6.4317e-01 +1.9739e+00 +1.4132e+00 -3.1393e+00 -9.0368e-01 +2.2085e+00 -4.5029e-01 -3.0868e+00 -4.0440e+00 +1.1005e+00 -3.6517e+00 +4.0142e+00 -8.4458e-01 -3.2543e+00 +1.0038e+00 -9.7475e-01 -2.4319e+00 -2.8238e+00 -1.8293e+00 +1.1298e+00
1121 +6.085529513e+00 +6.085529513e+00 -1.418144705e+02 -1.418144705e+02 +5.6106e-01 +1.7644e+00 +1.4410e+00 -3.0834e+00 -1.6252e+00 +1.8970e+00 +7.5401e-02 -1.6165e+00 -4.6150e+00 +1.0566e+00 -3.0041e+00 +3.6404e+00 -9.1075e-01 -4.0839e+00 +1.2405e+00 -1.5556e+00 -2.7515e+00 -3.3265e+00 -1.8565e+00 +1.1069e+00
1443 +3.774998693e+00 +3.774998693e+00 -1.441250013e+02 -1.441250013e+02 +1.0284e-01 +1.9033e+00 +1.2518e+00 -3.2299e+00 -1.7248e+00 +2.2922e+00 +7.3846e-02 -2.2147e+00 -4.1797e+00 +1.2955e+00 -3.3260e+00 +3.3723e+00 -1.0696e+00 -4.0583e+00 +1.1795e+00 -9.0571e-01 -3.4517e+00 -3.3728e+00 -1.9436e+00 +1.1233e+00
1974 +2.350760475e+00 +2.350760475e+00 -1.455492395e+02 -1.455492395e+02 -6.1696e-02 +1.7779e+00 +1.3404e+00 -3.0954e+00 -1.8123e+00 +1.9639e+00 +8.4274e-02 -2.3657e+00 -3.9488e+00 +1.3653e+00 -3.5445e+00 +3.1525e+00 -1.0933e+00 -4.5014e+00 +1.1022e+00 -8.2307e-01 -3.6172e+00 -3.3239e+00 -2.0586e+00 +7.0186e-01
2433 +1.516510351e+00 +1.516510351e+00 -1.463834896e+02 -1.463834896e+02 -2.3326e-02 +1.7734e+00 +1.2909e+00 -3.0779e+00 -1.7755e+00 +1.9866e+00 +5.9931e-02 -2.3486e+00 -3.9650e+00 +1.3148e+00 -3.5850e+00 +3.2469e+00 -1.0975e+00 -4.5280e+00 +1.0948e+00 -8.2478e-01 -3.6735e+00 -3.3825e+00 -2.0565e+00 +7.3722e-01
30627 +9.015089286e-01 +9.015089286e-01 -1.469984911e+02 -1.469984911e+02 -2.0630e+00 -9.8291e-01 +5.6931e-01 -9.6537e-01 -3.5374e+00 +1.2787e+00 -2.4870e+00 -2.3914e+00 -3.2258e+00 +1.8554e+00 -2.8229e+00 +3.7819e+00 -1.1699e-01 -3.7194e+00 +1.7673e+00 +2.6286e+00 -3.9906e+00 -2.6876e+00 -3.3940e+00 +2.7664e+00
30832 +6.109472918e-01 +6.109472918e-01 -1.472890527e+02 -1.472890527e+02 -2.0765e+00 -9.4433e-01 +5.9900e-01 -9.4820e-01 -3.5957e+00 +1.2451e+00 -2.4777e+00 -2.4157e+00 -3.2520e+00 +1.8630e+00 -2.8384e+00 +3.8254e+00 -8.2259e-02 -3.7450e+00 +1.7163e+00 +2.7075e+00 -3.9876e+00 -2.6572e+00 -3.4526e+00 +2.8334e+00
31020 +3.389537465e-01 +3.389537465e-01 -1.475610463e+02 -1.475610463e+02 -2.1469e+00 -9.3101e-01 +5.7713e-01 -1.0104e+00 -3.5930e+00 +1.2421e+00 -2.4685e+00 -2.4474e+00 -3.1945e+00 +1.8835e+00 -2.8800e+00 +3.8256e+00 -8.1048e-02 -3.7359e+00 +1.7353e+00 +2.7552e+00 -4.0041e+00 -2.6075e+00 -3.4573e+00 +2.8956e+00
31617 +2.506276692e-01 +2.506276692e-01 -1.476493723e+02 -1.476493723e+02 -2.0841e+00 -9.4987e-01 +5.7766e-01 -9.6923e-01 -3.6303e+00 +1.2540e+00 -2.4955e+00 -2.4273e+00 -3.2537e+00 +1.8758e+00 -2.8670e+00 +3.8375e+00 -1.5315e-01 -3.7468e+00 +1.7434e+00 +2.7936e+00 -4.0274e+00 -2.5973e+00 -3.4646e+00 +2.8175e+00
32136 +1.509100449e-01 +1.509100449e-01 -1.477490900e+02 -1.477490900e+02 -2.0925e+00 -9.5609e-01 +5.7024e-01 -9.6231e-01 -3.6287e+00 +1.2610e+00 -2.4904e+00 -2.4393e+00 -3.2518e+00 +1.8760e+00 -2.8716e+00 +3.8298e+00 -1.4927e-01 -3.7433e+00 +1.7464e+00 +2.7891e+00 -4.0280e+00 -2.6025e+00 -3.4591e+00 +2.8203e+00
121201 +9.801232002e-02 +9.801232002e-02 -1.478019877e+02 -1.478019877e+02 -1.1276e+00 +1.1144e-01 +1.3657e+00 -2.2084e+00 -3.0053e+00 +1.3092e+00 -1.3065e+00 -1.8314e+00 -4.1017e+00 +1.2201e+00 -3.7041e+00 +4.0227e+00 -1.3805e+00 -4.0257e+00 +1.2654e+00 +1.6426e+00 -3.6066e+00 -2.9271e+00 -2.5115e+00 +2.7332e+00
506554 +5.948668906e-02 +5.948668906e-02 -1.478405133e+02 -1.478405133e+02 -1.6302e+00 +3.8390e-01 +1.3007e+00 -2.2736e+00 -2.9939e+00 +1.5047e+00 -1.3438e+00 -2.2502e+00 -3.8718e+00 +1.6665e+00 -3.9042e+00 +3.9114e+00 -1.3240e+00 -3.6904e+00 +1.6406e+00 +2.0001e+00 -3.8969e+00 -2.9694e+00 -2.6626e+00 +2.8595e+00
507005 +3.810783977e-02 +3.810783977e-02 -1.478618922e+02 -1.478618922e+02 -1.6338e+00 +3.7685e-01 +1.2994e+00 -2.2743e+00 -2.9944e+00 +1.5023e+00 -1.3423e+00 -2.2548e+00 -3.8721e+00 +1.6641e+00 -3.9053e+00 +3.9090e+00 -1.3247e+00 -3.6910e+00 +1.6381e+00 +2.0081e+00 -3.9006e+00 -2.9684e+00 -2.6652e+00 +2.8628e+00
507320 +2.391396661e-02 +2.391396661e-02 -1.478760860e+02 -1.478760860e+02 -1.6343e+00 +3.7666e-01 +1.2989e+00 -2.2735e+00 -2.9951e+00 +1.5031e+00 -1.3431e+00 -2.2551e+00 -3.8722e+00 +1.6656e+00 -3.9055e+00 +3.9089e+00 -1.3232e+00 -3.6897e+00 +1.6394e+00 +2.0070e+00 -3.9000e+00 -2.9682e+00 -2.6644e+00 +2.8638e+00
508948 +1.574970587e-02 +1.574970587e-02 -1.478842503e+02 -1.478842503e+02 -1.6342e+00 +3.7577e-01 +1.2997e+00 -2.2730e+00 -2.9949e+00 +1.5031e+00 -1.3426e+00 -2.2550e+00 -3.8726e+00 +1.6653e+00 -3.9058e+00 +3.9082e+00 -1.3233e+00 -3.6900e+00 +1.6386e+00 +2.0073e+00 -3.9005e+00 -2.9682e+00 -2.6644e+00 +2.8644e+00
% function evaluation | noise-free fitness - Fopt (4.060000000000e+01) | best noise-free fitness - Fopt | measured fitness | best measured fitness | x1 | x2...
1 +9.918549809e+01 +9.918549809e+01 +1.397854981e+02 +1.397854981e+02 +1.3595e+00 -3.8019e+00 +1.0902e+00 -2.5993e+00 -1.2214e+00 -3.6575e+00 -3.2659e+00 +2.0041e+00 +6.1899e-01 +3.4465e+00 +3.4189e-01 -3.5445e+00 -3.4968e+00 -1.5989e+00 -9.4361e-01 -7.9840e-02 -2.9722e+00 -6.4598e-01 -7.3977e-01 +1.9467e+00
89 +4.739454209e+01 +4.739454209e+01 +8.799454209e+01 +8.799454209e+01 +3.4522e+00 -2.4262e+00 +5.6770e+00 +2.5713e+00 +3.2312e+00 -4.1853e+00 +2.5666e+00 +2.8880e+00 +3.6993e-01 +2.6055e+00 -4.0060e+00 +2.7045e+00 -8.4502e-01 -4.6251e-01 -5.5206e-01 +4.0983e+00 +1.7171e-01 +1.1403e+00 -1.4287e+00 -6.1532e-01
224 +3.942784472e+01 +3.942784472e+01 +8.002784472e+01 +8.002784472e+01 +3.0070e+00 -7.2071e-01 -1.0196e+00 +7.0701e-01 +8.5149e-01 +7.2763e-01 +2.0767e+00 +2.8203e+00 +3.8798e+00 -2.2032e-01 -1.6640e+00 -1.8985e+00 -2.5256e+00 +2.2452e+00 +8.2428e-01 +3.6210e+00 +1.1239e+00 +2.7178e+00 -9.5698e-01 +1.6844e+00
345 +2.356900157e+01 +2.356900157e+01 +6.416900157e+01 +6.416900157e+01 +3.3690e+00 +1.0452e+00 +3.2430e-01 +1.4313e+00 +2.9439e+00 +2.5104e+00 +2.1146e+00 +3.4839e+00 -3.3615e+00 +1.8152e+00 -2.2517e+00 -8.5177e-01 -2.9335e-01 +3.2165e+00 +1.2717e+00 +4.0191e+00 +1.4337e+00 +2.0656e+00 -1.2876e+00 -5.5260e-01
445 +1.359094545e+01 +1.359094545e+01 +5.419094545e+01 +5.419094545e+01 +2.8327e+00 -2.3220e+00 -3.7186e-01 +3.4416e+00 +3.0519e+00 +1.4211e+00 +3.0968e+00 +3.3182e+00 -2.2082e+00 +2.7963e-01 -2.2169e+00 +9.4786e-02 +8.0765e-01 +3.4291e+00 -6.8246e-01 +2.7831e+00 +5.2929e-02 +1.3614e+00 -1.8795e+00 +2.8267e+00
725 +9.062679997e+00 +9.062679997e+00 +4.966268000e+01 +4.966268000e+01 +2.8067e+00 -1.3923e-01 -1.9852e+00 +3.7421e+00 +3.2006e+00 +3.3236e+00 +2.9181e+00 +3.9637e+00 -1.9361e+00 -2.8674e-01 -2.7459e+00 +7.3835e-01 +2.8667e+00 +3.3504e+00 -4.1071e-01 +2.9378e+00 +2.5291e+00 +1.6748e+00 -2.9694e+00 +2.6569e+00
783 +5.616639325e+00 +5.616639325e+00 +4.621663932e+01 +4.621663932e+01 +3.6754e+00 -1.1729e+00 -2.2509e+00 +3.5258e+00 +3.3362e+00 +3.0030e+00 +3.0572e+00 +3.4908e+00 -1.1978e+00 -8.2832e-01 -2.7491e+00 +3.6105e-01 +3.2994e+00 +3.3301e+00 -5.4134e-01 +3.3584e+00 +1.6125e+00 +1.9074e+00 -2.2042e+00 +2.0167e+00
1069 +3.413388920e+00 +3.413388920e+00 +4.401338892e+01 +4.401338892e+01 +3.5064e+00 -8.0167e-01 -2.3671e+00 +2.9559e+00 +3.6623e+00 +2.3650e+00 +3.1906e+00 +3.3252e+00 -2.0112e+00 -7.5690e-01 -3.2272e+00 +6.9338e-03 +4.4452e+00 +3.5435e+00 -5.1732e-01 +3.1751e+00 +2.0006e+00 +1.6192e+00 -2.8780e+00 +2.7163e+00
1376 +2.460570237e+00 +2.460570237e+00 +4.306057024e+01 +4.306057024e+01 +3.5588e+00 -1.0268e+00 -2.3076e+00 +3.0120e+00 +3.4684e+00 +3.0090e+00 +3.4204e+00 +3.1609e+00 -1.7181e+00 -1.0577e+00 -3.1932e+00 +1.0042e-01 +4.3786e+00 +3.2821e+00 -1.6690e-01 +3.5187e+00 +1.9621e+00 +1.6835e+00 -3.0086e+00 +2.8150e+00
1755 +1.499606019e+00 +1.499606019e+00 +4.209960602e+01 +4.209960602e+01 +3.6116e+00 -1.0201e+00 -2.3834e+00 +3.0069e+00 +3.6223e+00 +3.1104e+00 +3.6631e+00 +3.3267e+00 -1.8534e+00 -9.8540e-01 -3.3060e+00 +1.2371e-01 +4.4171e+00 +3.3528e+00 -2.8169e-01 +3.6575e+00 +2.0139e+00 +1.5255e+00 -3.1107e+00 +2.4447e+00
2188 +9.510125603e-01 +9.510125603e-01 +4.155101256e+01 +4.155101256e+01 +3.6788e+00 -1.0147e+00 -2.3135e+00 +3.0289e+00 +3.6418e+00 +3.1098e+00 +3.6491e+00 +3.3882e+00 -1.8604e+00 -9.3145e-01 -3.3018e+00 +9.6808e-02 +4.3508e+00 +3.3926e+00 -2.9697e-01 +3.6163e+00 +2.0205e+00 +1.5418e+00 -3.1126e+00 +2.4889e+00
2858 +6.202398844e-01 +6.202398844e-01 +4.122023988e+01 +4.122023988e+01 +3.6550e+00 -1.0094e+00 -2.3568e+00 +3.0437e+00 +3.6378e+00 +3.0963e+00 +3.6487e+00 +3.3653e+00 -1.8907e+00 -9.2898e-01 -3.2937e+00 +1.0689e-01 +4.3537e+00 +3.3763e+00 -3.1973e-01 +3.6027e+00 +2.0060e+00 +1.5281e+00 -3.1284e+00 +2.4747e+00
13864 +3.769232175e-01 +3.769232175e-01 +4.097692322e+01 +4.097692322e+01 +4.6754e+00 -1.5621e+00 -8.5339e-01 +2.5441e+00 +2.6728e+00 +3.8100e+00 +2.4120e+00 +4.4893e+00 -6.2204e-03 -7.2937e-01 -4.4863e+00 +1.1130e+00 +2.5145e+00 +1.9877e+00 -1.0709e+00 +3.3222e+00 +2.2152e+00 +2.6611e-01 -3.8618e+00 +2.7392e+00
85502 +2.405028770e-01 +2.405028770e-01 +4.084050288e+01 +4.084050288e+01 +3.5496e+00 -8.2099e-01 -3.1911e+00 +2.8129e+00 +2.8288e+00 +3.7941e+00 +2.3177e+00 +2.7717e+00 -1.8557e+00 +3.4181e-01 -3.1070e+00 +2.2640e-01 +3.4940e+00 +3.6517e+00 -1.8600e+00 +2.4953e+00 +1.8554e+00 +2.1633e+00 -3.6272e+00 +1.6102e+00
85866 +1.580898502e-01 +1.580898502e-01 +4.075808985e+01 +4.075808985e+01 +3.5447e+00 -8.2481e-01 -3.1899e+00 +2.8334e+00 +2.8058e+00 +3.7813e+00 +2.3483e+00 +2.7932e+00 -1.8435e+00 +3.7715e-01 -3.1218e+00 +2.6702e-01 +3.4621e+00 +3.6440e+00 -1.8540e+00 +2.5104e+00 +1.8354e+00 +2.2201e+00 -3.6456e+00 +1.6052e+00
86043 +7.886661813e-02 +7.886661813e-02 +4.067886662e+01 +4.067886662e+01 +3.5419e+00 -8.0962e-01 -3.2096e+00 +2.8259e+00 +2.7982e+00 +3.7955e+00 +2.3442e+00 +2.8161e+00 -1.8384e+00 +3.6408e-01 -3.1308e+00 +2.5221e-01 +3.4719e+00 +3.6624e+00 -1.8642e+00 +2.5209e+00 +1.8340e+00 +2.2349e+00 -3.6311e+00 +1.5965e+00
86161 +5.246947318e-02 +5.246947318e-02 +4.065246947e+01 +4.065246947e+01 +3.5454e+00 -8.1117e-01 -3.2081e+00 +2.8361e+00 +2.7975e+00 +3.7839e+00 +2.3504e+00 +2.8144e+00 -1.8412e+00 +3.5071e-01 -3.1325e+00 +2.5994e-01 +3.4761e+00 +3.6575e+00 -1.8643e+00 +2.5275e+00 +1.8353e+00 +2.2323e+00 -3.6281e+00 +1.6093e+00
86272 +3.633967973e-02 +3.633967973e-02 +4.063633968e+01 +4.063633968e+01 +3.5438e+00 -8.0925e-01 -3.2050e+00 +2.8252e+00 +2.7940e+00 +3.7884e+00 +2.3509e+00 +2.8109e+00 -1.8407e+00 +3.5793e-01 -3.1310e+00 +2.5759e-01 +3.4811e+00 +3.6575e+00 -1.8664e+00 +2.5233e+00 +1.8372e+00 +2.2245e+00 -3.6233e+00 +1.6095e+00
86459 +2.401643719e-02 +2.401643719e-02 +4.062401644e+01 +4.062401644e+01 +3.5429e+00 -8.0763e-01 -3.2048e+00 +2.8280e+00 +2.7954e+00 +3.7903e+00 +2.3525e+00 +2.8131e+00 -1.8390e+00 +3.5561e-01 -3.1307e+00 +2.5807e-01 +3.4805e+00 +3.6579e+00 -1.8673e+00 +2.5255e+00 +1.8377e+00 +2.2274e+00 -3.6228e+00 +1.6098e+00
86626 +1.432893894e-02 +1.432893894e-02 +4.061432894e+01 +4.061432894e+01 +3.5426e+00 -8.0744e-01 -3.2049e+00 +2.8285e+00 +2.7950e+00 +3.7910e+00 +2.3521e+00 +2.8134e+00 -1.8384e+00 +3.5504e-01 -3.1303e+00 +2.5935e-01 +3.4797e+00 +3.6583e+00 -1.8666e+00 +2.5258e+00 +1.8364e+00 +2.2270e+00 -3.6218e+00 +1.6106e+00
86971 +9.947869511e-03 +9.947869511e-03 +4.060994787e+01 +4.060994787e+01 +3.5414e+00 -8.0590e-01 -3.2037e+00 +2.8270e+00 +2.7936e+00 +3.7920e+00 +2.3522e+00 +2.8124e+00 -1.8373e+00 +3.5585e-01 -3.1306e+00 +2.6008e-01 +3.4798e+00 +3.6589e+00 -1.8655e+00 +2.5256e+00 +1.8367e+00 +2.2274e+00 -3.6213e+00 +1.6105e+00
87715 +6.247815880e-03 +6.247815880e-03 +4.060624782e+01 +4.060624782e+01 +3.5420e+00 -8.0607e-01 -3.2040e+00 +2.8277e+00 +2.7944e+00 +3.7917e+00 +2.3522e+00 +2.8126e+00 -1.8385e+00 +3.5599e-01 -3.1306e+00 +2.5936e-01 +3.4789e+00 +3.6585e+00 -1.8649e+00 +2.5254e+00 +1.8361e+00 +2.2279e+00 -3.6215e+00 +1.6098e+00
% function evaluation | noise-free fitness - Fopt (4.634000000000e+01) | best noise-free fitness - Fopt | measured fitness | best measured fitness | x1 | x2...
1 +1.922760440e+02 +1.922760440e+02 +2.386160440e+02 +2.386160440e+02 -4.3605e-01 -3.9508e+00 -6.9985e-01 +1.4759e+00 +9.7665e-01 +3.9858e+00 -9.2448e-01 +3.6062e-01 +1.9074e+00 +3.6872e+00 -3.2506e+00 +4.5706e-01 -2.5964e+00 -2.1848e+00 -3.8775e+00 +4.7840e-01 +6.8614e-01 +6.0146e-01 -7.9588e-01 -3.3131e+00
7 +1.171812566e+02 +1.171812566e+02 +1.635212566e+02 +1.635212566e+02 +5.9590e-01 -6.4237e+00 -3.0633e+00 +4.1659e+00 -2.2309e+00 +1.3957e+00 +2.8371e+00 +3.1469e-01 +3.3518e+00 +5.8435e+00 -5.0225e+00 -5.8773e-02 -3.4373e+00 +2.4077e-01 -3.6254e+00 +1.9842e+00 +1.0324e+00 -1.3365e+00 -1.8587e+00 -4.4058e+00
47 +8.694142934e+01 +8.694142934e+01 +1.332814293e+02 +1.332814293e+02 +1.2620e+00 -2.5036e+00 -1.1604e+00 +6.3287e+00 -7.3553e-01 +3.8755e-01 -2.4304e+00 +7.0521e-01 +1.9756e+00 +2.4833e+00 -3.2913e+00 -2.8690e+00 +1.2096e+00 -8.7746e-01 -4.0596e+00 +4.7042e+00 +1.3323e+00 -9.9269e-01 -2.6237e+00 -2.7581e+00
89 +6.024640614e+01 +6.024640614e+01 +1.065864061e+02 +1.065864061e+02 -1.3380e+00 -4.3249e+00 -9.1377e-01 +4.0219e+00 -4.0075e-01 -3.7147e-01 -1.2432e+00 -7.3593e-01 +8.6900e-01 +4.5741e+00 -3.8690e+00 -1.7318e+00 +8.8289e-01 -8.7549e-01 -2.9534e-01 +1.8796e+00 +2.8835e+00 -9.3795e-01 -4.4413e+00 -3.4999e+00
261 +3.149189263e+01 +3.149189263e+01 +7.783189263e+01 +7.783189263e+01 -5.5929e-01 -1.8319e+00 -3.1536e+00 +4.4140e+00 -2.6602e+00 -1.6930e+00 -2.5347e+00 +3.0007e+00 +1.6089e+00 +1.3690e+00 -1.9633e+00 -2.9609e+00 +2.7345e+00 -1.8567e+00 -4.1925e-02 +1.9701e+00 +1.1372e+00 -1.7664e+00 -2.1641e+00 -3.1093e+00
470 +2.386923205e+01 +2.386923205e+01 +7.020923205e+01 +7.020923205e+01 +8.9050e-02 -7.1593e-02 -3.2940e+00 +1.9336e+00 -1.3108e+00 -3.5561e+00 -8.4762e-01 +1.2248e+00 +9.3432e-01 +4.1323e-02 -1.9428e+00 -2.1956e+00 +2.0421e+00 -5.2173e-01 +4.5418e-01 +3.0276e-01 +1.3188e+00 -3.7252e+00 -2.8182e+00 -1.6693e+00
787 +1.511001576e+01 +1.511001576e+01 +6.145001576e+01 +6.145001576e+01 +1.8541e+00 +9.7763e-02 -1.6144e+00 +3.1864e+00 -1.1055e-02 -3.4414e+00 -2.3601e+00 +6.3953e-01 -1.3866e+00 -2.0907e+00 -4.0382e-03 -2.9626e+00 +3.4796e+00 -7.8354e-01 +2.5662e+00 +5.6853e-01 -2.4673e+00 -1.8422e+00 -3.2691e+00 -6.6827e-01
981 +8.972873560e+00 +8.972873560e+00 +5.531287356e+01 +5.531287356e+01 +8.2748e-01 -1.4101e+00 -2.1540e+00 +2.9435e+00 -1.2746e+00 -2.8186e+00 -1.4265e+00 +1.5430e+00 -2.6520e+00 -3.0642e+00 +2.7154e-01 -2.1472e+00 +3.4453e+00 -3.8875e-01 +3.1367e+00 -1.0755e+00 -1.1385e+00 -3.7485e+00 -2.9172e+00 -1.3991e+00
1290 +6.224170531e+00 +6.224170531e+00 +5.256417053e+01 +5.256417053e+01 +1.7480e+00 -2.4242e+00 -7.4276e-01 +2.9198e+00 -1.1839e+00 -2.6635e+00 -1.4452e+00 -5.6348e-02 -2.4786e+00 -2.7473e+00 -1.3409e+00 -1.9682e+00 +3.9596e+00 -1.0833e+00 +2.9896e+00 -3.6317e-01 -2.1888e+00 -4.2262e+00 -2.4881e+00 -1.7568e+00
1560 +3.354790149e+00 +3.354790149e+00 +4.969479015e+01 +4.969479015e+01 +1.5215e+00 -2.6610e+00 -3.3427e-02 +3.5710e+00 -1.0311e+00 -2.9380e+00 -2.0890e+00 +9.7953e-02 -2.8132e+00 -2.6047e+00 -1.9467e+00 -1.5680e+00 +3.9297e+00 -4.5309e-01 +2.9164e+00 -4.5776e-01 -1.7132e+00 -3.9515e+00 -2.8030e+00 -1.0507e+00
1781 +2.412532078e+00 +2.412532078e+00 +4.875253208e+01 +4.875253208e+01 +1.5215e+00 -2.4833e+00 -2.4266e-01 +3.3763e+00 -1.3642e+00 -3.1639e+00 -2.0173e+00 -1.7548e-02 -2.8601e+00 -2.8769e+00 -1.9719e+00 -1.4457e+00 +3.6940e+00 -5.3409e-01 +3.0060e+00 -3.4555e-01 -1.9034e+00 -3.8655e+00 -3.1861e+00 -9.8247e-01
2069 +1.437999801e+00 +1.437999801e+00 +4.777799980e+01 +4.777799980e+01 +2.0944e+00 -2.4483e+00 -2.0928e-01 +3.3564e+00 -1.1624e+00 -2.7390e+00 -1.8978e+00 -2.1586e-01 -2.9158e+00 -2.7668e+00 -2.1258e+00 -1.7745e+00 +3.6983e+00 -6.1224e-01 +2.9847e+00 -2.9292e-01 -1.7765e+00 -3.9859e+00 -3.0846e+00 -9.3291e-01
2505 +9.013891129e-01 +9.013891129e-01 +4.724138911e+01 +4.724138911e+01 +1.9954e+00 -2.4970e+00 -7.8935e-02 +3.4269e+00 -1.2226e+00 -2.8959e+00 -1.9855e+00 -2.7358e-01 -2.9989e+00 -2.9682e+00 -2.1641e+00 -1.6055e+00 +3.7676e+00 -5.5223e-01 +3.1042e+00 -5.3956e-01 -1.7872e+00 -3.8161e+00 -3.1205e+00 -9.5043e-01
2916 +5.543831034e-01 +5.543831034e-01 +4.689438310e+01 +4.689438310e+01 +1.9957e+00 -2.5221e+00 -1.2133e-01 +3.4344e+00 -1.1585e+00 -2.8369e+00 -1.9637e+00 -2.8099e-01 -2.9550e+00 -2.9056e+00 -2.1678e+00 -1.6412e+00 +3.7762e+00 -5.8745e-01 +3.0519e+00 -4.8559e-01 -1.7638e+00 -3.8468e+00 -3.0917e+00 -9.7363e-01
3362 +3.927286506e-01 +3.927286506e-01 +4.673272865e+01 +4.673272865e+01 +1.9939e+00 -2.5305e+00 -1.0546e-01 +3.4412e+00 -1.1465e+00 -2.8327e+00 -1.9579e+00 -2.5987e-01 -2.9165e+00 -2.9313e+00 -2.1535e+00 -1.6737e+00 +3.7715e+00 -5.7299e-01 +3.0671e+00 -4.8602e-01 -1.7845e+00 -3.8388e+00 -3.0562e+00 -9.6833e-01
4375 +2.488804820e-01 +2.488804820e-01 +4.658888048e+01 +4.658888048e+01 +2.0128e+00 -2.5191e+00 -1.0493e-01 +3.4278e+00 -1.1761e+00 -2.8262e+00 -1.9483e+00 -2.4871e-01 -2.9180e+00 -2.9253e+00 -2.1492e+00 -1.6825e+00 +3.7697e+00 -5.7063e-01 +3.0595e+00 -4.7173e-01 -1.7786e+00 -3.8507e+00 -3.0569e+00 -9.7076e-01
97032 +1.523032129e-01 +1.523032129e-01 +4.649230321e+01 +4.649230321e+01 +2.0689e+00 -2.7444e+00 +7.3825e-02 +2.7333e+00 +1.4783e-01 -3.3948e+00 -2.8881e+00 +6.9108e-02 -2.7664e+00 -3.4833e+00 -2.6394e+00 -2.8129e+00 +1.9157e+00 -1.3270e-01 +2.8842e+00 -3.9814e-01 -1.7138e+00 -3.3887e+00 -3.3750e+00 -7.5184e-01
111655 +9.906150171e-02 +9.906150171e-02 +4.643906150e+01 +4.643906150e+01 +1.9053e+00 -1.7945e+00 +9.6327e-02 +2.6761e+00 -1.9271e-01 -3.3775e+00 -2.6262e+00 +2.0516e-01 -3.1164e+00 -3.0309e+00 -2.0723e+00 -2.9493e+00 +3.0098e+00 -6.8582e-01 +2.5667e+00 -4.5029e-01 -1.7024e+00 -3.6384e+00 -3.5276e+00 -1.1182e+00
282891 +6.223645532e-02 +6.223645532e-02 +4.640223646e+01 +4.640223646e+01 +1.8595e+00 -1.2454e+00 +8.1657e-02 +2.8493e+00 -1.1645e-01 -3.0391e+00 -2.5121e+00 +1.7340e-01 -3.1822e+00 -2.8759e+00 -1.9006e+00 -2.9874e+00 +3.5933e+00 -7.1900e-01 +2.5637e+00 -3.3110e-01 -1.5521e+00 -3.6786e+00 -3.4208e+00 -1.0433e+00
381081 +3.705473214e-02 +3.705473214e-02 +4.637705473e+01 +4.637705473e+01 +2.0750e+00 -1.5821e+00 -1.8022e-01 +2.7379e+00 -3.4371e-02 -3.1501e+00 -2.7075e+00 +9.3088e-02 -3.1721e+00 -3.0228e+00 -2.1690e+00 -2.9571e+00 +2.7592e+00 -4.3951e-01 +2.4341e+00 -3.8421e-01 -1.5350e+00 -3.6068e+00 -3.5119e+00 -8.9227e-01
381617 +2.481973757e-02 +2.481973757e-02 +4.636481974e+01 +4.636481974e+01 +2.0746e+00 -1.5853e+00 -1.8030e-01 +2.7371e+00 -3.3965e-02 -3.1502e+00 -2.7077e+00 +9.3854e-02 -3.1724e+00 -3.0237e+00 -2.1691e+00 -2.9593e+00 +2.7579e+00 -4.3906e-01 +2.4371e+00 -3.8326e-01 -1.5353e+00 -3.6066e+00 -3.5107e+00 -8.9098e-01
% function evaluation | noise-free fitness - Fopt (-2.410900000000e+02) | best noise-free fitness - Fopt | measured fitness | best measured fitness | x1 | x2...
1 +7.220905864e+01 +7.220905864e+01 -1.688809414e+02 -1.688809414e+02 +2.9789e+00 -3.4117e+00 -3.4648e+00 +1.0810e+00 +2.5271e+00 +2.5485e+00 +2.0613e-01 +1.2566e+00 -3.0198e+00 +3.1906e+00 -3.5342e+00 +3.8516e+00 -1.5065e+00 +2.8181e+00 +3.4259e+00 +1.7038e+00 +2.7884e+00 +1.6982e+00 -3.7441e+00 +3.8479e+00
30 +6.245355811e+01 +6.245355811e+01 -1.786364419e+02 -1.786364419e+02 +1.4826e-01 -5.3493e+00 -7.9648e-01 +2.7666e+00 +2.4239e+00 +3.0149e+00 -4.2820e-01 -6.9887e-01 -2.4569e+00 +1.1467e+00 -1.0677e+00 +3.2529e+00 -1.9583e+00 +2.6926e+00 +4.4689e+00 +3.7436e+00 +3.9065e+00 -9.3185e-01 -1.2431e+00 +1.6566e+00
180 +3.907201754e+01 +3.907201754e+01 -2.020179825e+02 -2.020179825e+02 +1.6405e+00 -2.6902e+00 -1.8787e+00 +3.5628e+00 +3.4845e+00 +4.1899e+00 -6.1456e-01 +1.9656e+00 -1.9493e+00 +1.5641e+00 -2.0686e+00 +9.7218e-01 +2.6095e+00 +5.2010e+00 +1.1196e+00 +2.1667e+00 +4.1702e+00 -2.4728e+00 -2.6660e+00 +3.4516e-01
390 +1.772137761e+01 +1.772137761e+01 -2.233686224e+02 -2.233686224e+02 +2.3445e+00 -7.5565e-01 +7.9620e-01 +1.1605e+00 +3.2643e-01 +3.6613e+00 -1.0744e+00 +2.2923e-02 -2.7616e+00 -2.2565e+00 +1.8816e+00 +3.9180e+00 +2.5253e+00 +5.5062e-01 +2.5205e+00 +1.9234e+00 -4.1273e+00 -2.8973e+00 -2.7328e+00 -9.4743e-01
549 +1.524801602e+01 +1.524801602e+01 -2.258419840e+02 -2.258419840e+02 +1.5035e+00 +1.3781e+00 -1.3553e+00 -3.3742e-01 +7.6522e-01 +2.0870e+00 +3.6046e-01 -7.3010e-01 -3.8371e+00 -8.3240e-01 +1.0484e+00 +4.5514e+00 +4.1960e+00 +5.9151e-01 +1.8526e+00 +1.2179e-01 -3.7544e+00 -3.1054e+00 -1.9901e+00 -1.0457e-01
701 +9.644285857e+00 +9.644285857e+00 -2.314457141e+02 -2.314457141e+02 +2.3397e+00 +1.9037e+00 -1.2247e+00 +4.2989e-01 +7.3157e-01 +7.6628e-01 -9.3353e-01 +1.1410e+00 -3.9375e+00 -9.6461e-01 -1.3357e-02 +3.9738e+00 +4.0581e+00 +6.5993e-01 +3.8491e+00 +1.1081e+00 -3.0330e+00 -1.9368e+00 -2.9683e+00 -2.4384e-02
944 +5.037165865e+00 +5.037165865e+00 -2.360528341e+02 -2.360528341e+02 +1.4415e+00 +2.6928e+00 -1.6735e+00 -1.2956e-01 +6.2009e-01 -4.4651e-01 -6.8844e-01 +1.3686e+00 -3.1734e+00 -1.7124e+00 -1.1589e+00 +3.0639e+00 +4.4169e+00 +1.4817e+00 +2.0507e+00 +2.7655e+00 -2.4835e+00 -9.0839e-01 -6.9784e-01 -1.3662e+00
1055 +3.466869452e+00 +3.466869452e+00 -2.376231305e+02 -2.376231305e+02 +9.7158e-01 +3.4302e+00 -2.4306e+00 +4.8440e-01 +7.4956e-01 -1.0821e+00 -1.7929e-01 +9.0852e-01 -3.5787e+00 -5.4417e-01 -1.3010e+00 +3.2956e+00 +3.9227e+00 +1.2883e+00 +2.1250e+00 +3.3918e+00 -2.8876e+00 -1.6275e+00 -6.5568e-01 -8.9347e-01
1288 +2.269408648e+00 +2.269408648e+00 -2.388205914e+02 -2.388205914e+02 +1.2430e+00 +3.3628e+00 -2.5544e+00 -2.9804e-01 +6.4594e-01 -8.7208e-01 -3.4552e-01 +1.6473e+00 -3.5058e+00 -6.4717e-01 -1.1100e+00 +3.2829e+00 +4.1727e+00 +1.5722e+00 +2.0050e+00 +3.4100e+00 -2.3347e+00 -1.1505e+00 -7.2671e-01 -2.4028e-01
1402 +1.546929593e+00 +1.546929593e+00 -2.395430704e+02 -2.395430704e+02 +1.2059e+00 +3.4019e+00 -2.9015e+00 -5.0501e-01 +7.9455e-01 -1.1986e+00 -3.2400e-01 +1.5806e+00 -3.7588e+00 -6.6416e-01 -1.3208e+00 +3.4936e+00 +4.1637e+00 +1.7128e+00 +2.1871e+00 +3.5493e+00 -2.3562e+00 -1.1050e+00 -6.9448e-01 +5.6229e-02
1639 +9.825342215e-01 +9.825342215e-01 -2.401074658e+02 -2.401074658e+02 +1.2954e+00 +3.2804e+00 -2.9888e+00 -2.3430e-01 +5.7147e-01 -1.0388e+00 -3.7272e-01 +1.7010e+00 -3.6750e+00 -6.9859e-01 -1.3212e+00 +3.4256e+00 +4.3873e+00 +1.7179e+00 +2.2851e+00 +3.5050e+00 -2.3475e+00 -9.6784e-01 -7.8615e-01 +1.8508e-02
2117 +5.971341130e-01 +5.971341130e-01 -2.404928659e+02 -2.404928659e+02 +1.3157e+00 +3.2605e+00 -2.9141e+00 -2.0479e-01 +6.4489e-01 -9.9363e-01 -3.9965e-01 +1.6451e+00 -3.6152e+00 -6.0085e-01 -1.3751e+00 +3.3082e+00 +4.2812e+00 +1.7882e+00 +2.2991e+00 +3.4735e+00 -2.4436e+00 -9.4695e-01 -8.4928e-01 -6.5984e-02
2397 +3.915793811e-01 +3.915793811e-01 -2.406984206e+02 -2.406984206e+02 +1.2898e+00 +3.2274e+00 -2.8962e+00 -1.8540e-01 +6.5879e-01 -9.6472e-01 -3.8700e-01 +1.6161e+00 -3.6255e+00 -5.8622e-01 -1.4038e+00 +3.2837e+00 +4.2911e+00 +1.7673e+00 +2.2906e+00 +3.4268e+00 -2.4743e+00 -9.5234e-01 -8.3798e-01 -1.0120e-01
3228 +2.457885688e-01 +2.457885688e-01 -2.408442114e+02 -2.408442114e+02 +1.2920e+00 +3.2293e+00 -2.9130e+00 -1.6860e-01 +6.5648e-01 -9.8038e-01 -3.7673e-01 +1.6345e+00 -3.6374e+00 -5.9470e-01 -1.3923e+00 +3.3000e+00 +4.2962e+00 +1.7723e+00 +2.3007e+00 +3.4335e+00 -2.4676e+00 -9.6361e-01 -8.1959e-01 -6.2885e-02
16722 +1.570622608e-01 +1.570622608e-01 -2.409329377e+02 -2.409329377e+02 +9.2276e-01 +3.1204e+00 -2.7983e+00 -6.6684e-01 +5.9262e-01 -1.0445e+00 -2.5040e-01 +1.8705e+00 -3.9194e+00 -3.4952e-01 -1.3143e+00 +3.5226e+00 +3.9087e+00 +1.7579e+00 +2.2148e+00 +3.6816e+00 -2.4069e+00 -1.3815e+00 -8.1792e-01 +1.1097e-01
43529 +9.759085746e-02 +9.759085746e-02 -2.409924091e+02 -2.409924091e+02 +1.8053e+00 +3.5915e+00 -2.7202e+00 -2.4615e+00 +4.0962e-01 -1.5318e+00 -5.1636e-01 +1.9322e+00 -2.8030e+00 -4.7949e-01 -1.8807e+00 +3.1223e+00 +4.6608e+00 +1.4138e+00 +2.0933e+00 +3.3542e+00 -2.0267e+00 -2.7355e-01 -1.0462e+00 +3.7890e-02
62570 +5.947154423e-02 +5.947154423e-02 -2.410305285e+02 -2.410305285e+02 +9.8350e-01 +2.7815e+00 -2.8496e+00 -3.2441e-01 +6.7259e-01 -8.4568e-01 -1.5463e-01 +2.3725e+00 -3.8706e+00 -5.4022e-01 -1.1753e+00 +3.5857e+00 +3.9517e+00 +1.8573e+00 +2.3231e+00 +3.4611e+00 -2.4686e+00 -1.3295e+00 -5.1646e-01 +2.5946e-01
254675 +3.685168674e-02 +3.685168674e-02 -2.410531483e+02 -2.410531483e+02 +9.2638e-01 +2.8591e+00 -2.7253e+00 -5.8319e-01 +7.7587e-01 -9.0608e-01 -2.4529e-01 +1.9556e+00 -3.8233e+00 -1.6493e-01 -1.2991e+00 +3.3558e+00 +3.9215e+00 +1.7811e+00 +2.0617e+00 +3.5076e+00 -2.6826e+00 -1.0684e+00 -5.2174e-01 -1.8993e-01
256659 +2.501714434e-02 +2.501714434e-02 -2.410649829e+02 -2.410649829e+02 +9.2668e-01 +2.8602e+00 -2.7257e+00 -5.8273e-01 +7.7663e-01 -9.0683e-01 -2.4583e-01 +1.9539e+00 -3.8245e+00 -1.6499e-01 -1.2996e+00 +3.3562e+00 +3.9216e+00 +1.7813e+00 +2.0621e+00 +3.5089e+00 -2.6818e+00 -1.0677e+00 -5.2205e-01 -1.8973e-01
% function evaluation | noise-free fitness - Fopt (-1.668800000000e+02) | best noise-free fitness - Fopt | measured fitness | best measured fitness | x1 | x2...
1 +1.231101280e+02 +1.231101280e+02 -4.376987197e+01 -4.376987197e+01 -1.9570e+00 +1.0781e+00 +9.6270e-02 -6.6789e-01 -3.8065e+00 +1.2041e+00 +3.5644e+00 -2.2270e+00 -3.6483e+00 -1.5963e+00 +3.7906e+00 -5.0368e-01 +2.8892e+00 -4.4051e-01 +3.2181e+00 +3.3991e+00 -2.6277e+00 +2.2928e+00 -2.1801e+00 -3.1295e-01
28 +7.464941489e+01 +7.464941489e+01 -9.223058511e+01 -9.223058511e+01 -2.9507e+00 -8.1108e-01 -3.5615e+00 +2.6301e+00 -4.5557e+00 +2.2013e+00 +1.6399e+00 -1.1637e+00 -2.6703e+00 -3.0689e+00 +8.9993e-02 +7.3493e-01 +2.6217e+00 -1.0843e-01 -1.5177e-01 +1.4672e+00 -2.1296e+00 +8.1191e-01 +2.2731e+00 -2.0526e+00
55 +5.281342071e+01 +5.281342071e+01 -1.140665793e+02 -1.140665793e+02 -2.7809e+00 -1.5288e+00 +6.3118e-01 +1.8013e+00 -3.7216e+00 +3.4407e+00 +2.0740e+00 -2.9708e+00 +1.5366e+00 -2.7626e+00 +5.5080e-01 +2.1923e+00 -4.3488e-02 -3.6706e+00 -2.6173e-02 +4.2908e+00 -3.2682e+00 +2.8375e+00 +5.0612e+00 +1.1813e+00
86 +3.843328091e+01 +3.843328091e+01 -1.284467191e+02 -1.284467191e+02 -2.9460e+00 +6.7329e-01 +1.9006e+00 +1.6149e+00 -3.6963e+00 -2.7008e-01 -9.0733e-02 -3.4400e+00 +1.3496e+00 -5.4975e+00 -5.7614e-01 +3.9485e+00 +3.0966e+00 -3.2120e+00 -9.0751e-01 +4.8843e+00 -9.3151e-01 +2.1069e+00 +3.7522e+00 +1.8483e+00
350 +1.848527799e+01 +1.848527799e+01 -1.483947220e+02 -1.483947220e+02 +1.7498e+00 +2.6603e+00 +4.0643e+00 +1.0863e+00 -1.5008e+00 -1.3986e+00 +8.6515e-01 -3.6394e+00 +4.3000e+00 -4.8763e+00 +3.3527e-01 -1.2987e+00 -1.6755e-01 -3.9102e+00 -2.0921e+00 +1.3220e+00 -2.0356e+00 +1.6084e+00 +4.0362e+00 +3.9054e+00
472 +1.314607252e+01 +1.314607252e+01 -1.537339275e+02 -1.537339275e+02 -4.3285e-01 +2.4536e+00 +1.7033e+00 +1.6002e+00 +1.6523e+00 +2.6310e-01 -9.7811e-01 -3.4410e+00 +2.7300e+00 -4.2441e+00 -1.0170e+00 -8.3360e-02 -8.3369e-01 -4.0627e+00 -7.1080e-01 +1.1704e+00 -1.4888e+00 +1.1711e+00 +2.6577e+00 +3.8071e+00
744 +8.987546650e+00 +8.987546650e+00 -1.578924534e+02 -1.578924534e+02 +1.7572e+00 +1.4105e+00 +3.3242e+00 +2.8022e+00 +1.1601e-01 -6.4823e-02 -6.1105e-01 -2.9421e+00 +3.4792e+00 -3.2145e+00 -1.0650e+00 +1.4100e-01 +1.5934e+00 -4.3522e+00 -8.6013e-01 +1.9144e+00 -1.6305e+00 +2.2966e+00 +3.6176e+00 +3.5306e+00
885 +5.712999792e+00 +5.712999792e+00 -1.611670002e+02 -1.611670002e+02 +1.2690e+00 +8.4516e-01 +2.6705e+00 +2.8367e+00 +6.9581e-01 +2.5043e-02 -1.4788e+00 -2.7684e+00 +2.5054e+00 -2.6430e+00 -1.0234e+00 -1.8401e-01 +1.5067e+00 -4.2139e+00 -4.2686e-01 +1.4944e+00 -1.4567e+00 +1.1474e+00 +2.8224e+00 +3.0461e+00
1447 +3.807962866e+00 +3.807962866e+00 -1.630720371e+02 -1.630720371e+02 +1.6046e+00 +5.0056e-01 +3.1711e+00 +2.8101e+00 +7.1669e-01 +4.7030e-01 -1.1492e+00 -3.5064e+00 +3.1804e+00 -2.8960e+00 -1.1723e+00 +9.9455e-02 +1.4568e+00 -4.4586e+00 -2.9805e-01 +8.8050e-01 -1.3505e+00 +1.4488e+00 +3.1405e+00 +3.4131e+00
1918 +2.489388043e+00 +2.489388043e+00 -1.643906120e+02 -1.643906120e+02 +1.5435e+00 +5.0717e-01 +3.2333e+00 +2.6914e+00 +6.2076e-01 +5.0597e-01 -1.2619e+00 -3.4306e+00 +3.1108e+00 -2.9757e+00 -1.3754e+00 +7.4572e-03 +1.4774e+00 -4.5652e+00 -5.2585e-01 +7.8947e-01 -1.1215e+00 +1.5646e+00 +3.2570e+00 +3.5133e+00
2758 +1.579374556e+00 +1.579374556e+00 -1.653006254e+02 -1.653006254e+02 +1.4646e+00 +5.1749e-01 +3.2439e+00 +2.6253e+00 +5.7697e-01 +4.7809e-01 -1.3350e+00 -3.3845e+00 +3.0775e+00 -3.0443e+00 -1.3606e+00 +5.7361e-02 +1.5089e+00 -4.5318e+00 -5.0018e-01 +7.9015e-01 -1.0941e+00 +1.5455e+00 +3.2349e+00 +3.5792e+00
15099 +9.998230694e-01 +9.998230694e-01 -1.658801769e+02 -1.658801769e+02 -2.1844e-01 +3.1368e+00 +2.0183e+00 +1.7705e+00 +1.7770e+00 +8.9251e-01 -2.2245e-01 -3.2739e+00 +2.6416e+00 -1.9926e+00 -1.3527e+00 -3.2732e-02 +1.5675e-01 -3.3382e+00 -4.6354e-01 +1.8339e+00 -2.2591e+00 -3.3512e-01 +3.5429e+00 +2.2442e+00
15532 +6.196209979e-01 +6.196209979e-01 -1.662603790e+02 -1.662603790e+02 -2.2726e-01 +3.1349e+00 +2.0586e+00 +1.8095e+00 +1.7754e+00 +9.3188e-01 -2.8511e-01 -3.2502e+00 +2.6582e+00 -2.0251e+00 -1.4876e+00 -4.5905e-02 +2.5310e-01 -3.3701e+00 -4.1885e-01 +1.8580e+00 -2.2186e+00 -2.7489e-01 +3.4992e+00 +2.1588e+00
15972 +3.838118469e-01 +3.838118469e-01 -1.664961882e+02 -1.664961882e+02 -2.3537e-01 +3.1146e+00 +2.1005e+00 +1.8086e+00 +1.7774e+00 +9.2346e-01 -2.4339e-01 -3.2733e+00 +2.6475e+00 -2.0110e+00 -1.4677e+00 -2.0414e-02 +2.2565e-01 -3.3442e+00 -4.4576e-01 +1.8824e+00 -2.2240e+00 -2.9729e-01 +3.4988e+00 +2.1968e+00
17145 +2.493507082e-01 +2.493507082e-01 -1.666306493e+02 -1.666306493e+02 -2.3445e-01 +3.1202e+00 +2.0909e+00 +1.8100e+00 +1.7834e+00 +9.2761e-01 -2.4329e-01 -3.2641e+00 +2.6455e+00 -2.0091e+00 -1.4663e+00 -2.4347e-02 +2.2571e-01 -3.3472e+00 -4.3904e-01 +1.8801e+00 -2.2281e+00 -2.9999e-01 +3.4971e+00 +2.1884e+00
43446 +1.567927555e-01 +1.567927555e-01 -1.667232072e+02 -1.667232072e+02 -2.8558e-01 +3.2217e+00 +2.6413e+00 +2.1279e+00 +1.5676e+00 +1.3510e+00 -2.3415e-02 -3.0675e+00 +3.0371e+00 -2.8418e+00 -1.6014e+00 -8.8003e-01 -8.1757e-02 -3.3684e+00 -1.2862e-01 +1.3693e+00 -1.7767e+00 -3.7853e-01 +3.4014e+00 +2.6181e+00
55508 +9.657800777e-02 +9.657800777e-02 -1.667834220e+02 -1.667834220e+02 -4.9993e-01 +2.9086e+00 +2.4274e+00 +1.5792e+00 +1.5475e+00 +2.4846e-01 -7.7086e-01 -2.8636e+00 +2.3418e+00 -2.3465e+00 -1.6766e+00 -2.1614e-01 +2.7955e-01 -3.4353e+00 -1.0214e+00 +1.3222e+00 -1.8050e+00 -9.9315e-02 +3.2509e+00 +2.0564e+00
55733 +6.037030268e-02 +6.037030268e-02 -1.668196297e+02 -1.668196297e+02 -5.0864e-01 +2.9034e+00 +2.4360e+00 +1.5767e+00 +1.5678e+00 +2.4181e-01 -7.6805e-01 -2.8542e+00 +2.3494e+00 -2.3577e+00 -1.6666e+00 -2.0065e-01 +2.7763e-01 -3.4345e+00 -1.0163e+00 +1.3025e+00 -1.8029e+00 -9.6327e-02 +3.2329e+00 +2.0636e+00
56017 +3.718474114e-02 +3.718474114e-02 -1.668428153e+02 -1.668428153e+02 -5.0847e-01 +2.9020e+00 +2.4359e+00 +1.5745e+00 +1.5684e+00 +2.4511e-01 -7.7240e-01 -2.8513e+00 +2.3480e+00 -2.3558e+00 -1.6690e+00 -2.0704e-01 +2.8033e-01 -3.4353e+00 -1.0139e+00 +1.3079e+00 -1.8028e+00 -9.7215e-02 +3.2296e+00 +2.0694e+00
56544 +2.354970027e-02 +2.354970027e-02 -1.668564503e+02 -1.668564503e+02 -5.0683e-01 +2.9014e+00 +2.4351e+00 +1.5759e+00 +1.5677e+00 +2.4463e-01 -7.7332e-01 -2.8512e+00 +2.3473e+00 -2.3540e+00 -1.6682e+00 -2.0522e-01 +2.8044e-01 -3.4344e+00 -1.0126e+00 +1.3078e+00 -1.8042e+00 -9.8707e-02 +3.2298e+00 +2.0702e+00
58804 +1.584376937e-02 +1.584376937e-02 -1.668641562e+02 -1.668641562e+02 -5.0669e-01 +2.9015e+00 +2.4350e+00 +1.5765e+00 +1.5670e+00 +2.4505e-01 -7.7295e-01 -2.8522e+00 +2.3476e+00 -2.3541e+00 -1.6683e+00 -2.0521e-01 +2.7969e-01 -3.4340e+00 -1.0123e+00 +1.3085e+00 -1.8039e+00 -9.8660e-02 +3.2302e+00 +2.0700e+00
% function evaluation | noise-free fitness - Fopt (-3.464100000000e+02) | best noise-free fitness - Fopt | measured fitness | best measured fitness | x1 | x2...
1 +1.175672600e+02 +1.175672600e+02 -2.288427400e+02 -2.288427400e+02 -6.3791e-01 -1.3576e+00 +1.5971e-01 -6.5954e-01 +3.4715e+00 +3.6665e+00 +2.7221e+00 -3.6890e+00 -3.0995e+00 +1.5532e+00 +5.5011e-01 -2.6188e+00 +7.6772e-01 -3.1825e+00 -1.4616e+00 +3.9855e-01 -2.0580e+00 +3.9105e+00 +1.0920e+00 +1.9939e-01
5 +9.066598650e+01 +9.066598650e+01 -2.557440135e+02 -2.557440135e+02 +1.5543e+00 -3.4336e-01 +7.9092e-02 -1.2418e+00 +2.0020e+00 +1.5635e+00 +3.8821e+00 -2.2009e+00 -1.8723e+00 +4.2012e-01 -4.0810e-01 -2.9427e+00 -2.1588e+00 -5.2038e+00 -2.6821e+00 -1.7866e+00 -2.3918e+00 +3.2146e+00 +4.0032e+00 +1.1758e+00
48 +6.182427438e+01 +6.182427438e+01 -2.845857256e+02 -2.845857256e+02 +1.6473e+00 -1.6734e+00 +1.9634e-02 +2.9507e+00 +3.9603e+00 +5.7743e+00 +2.5661e+00 -2.8715e+00 -2.8562e-01 +2.6948e+00 +1.0625e+00 +6.3234e-01 -2.7581e+00 -8.7488e-01 -1.5902e+00 +2.1951e+00 -2.9919e+00 +1.2049e+00 +3.0826e+00 +7.9408e-01
137 +3.753777758e+01 +3.753777758e+01 -3.088722224e+02 -3.088722224e+02 +4.6569e+00 -1.1535e+00 -1.9920e+00 +4.6318e+00 +3.5262e+00 +1.3912e+00 +2.0776e+00 -3.5110e+00 -3.6163e+00 -2.6994e+00 +3.1120e+00 +5.3717e+00 +2.8307e+00 -2.1712e+00 -5.3464e-01 +5.7947e-01 -2.6929e+00 -3.4767e+00 -4.8688e-01 +1.5512e+00
293 +2.110205306e+01 +2.110205306e+01 -3.253079469e+02 -3.253079469e+02 +5.1272e+00 -4.1364e+00 -3.3922e-01 +2.4144e+00 +1.1244e+00 +4.4154e-01 -4.1794e+00 -4.2265e+00 +5.0393e-01 +6.2780e-01 +2.8851e+00 +2.0142e+00 -4.5761e-01 -1.9476e+00 +2.0345e+00 +7.8404e-01 +1.1201e+00 -3.9026e+00 -9.4556e-01 -4.0258e-02
497 +1.571361837e+01 +1.571361837e+01 -3.306963816e+02 -3.306963816e+02 +4.3842e+00 -3.5987e+00 -2.6585e+00 +4.1798e+00 +2.4504e+00 +2.7529e+00 -3.9151e+00 -2.7927e+00 +3.3865e+00 +1.1918e+00 +1.4303e+00 +1.0918e+00 +4.3242e+00 -1.3385e+00 +1.0621e+00 -1.6189e-01 +1.4694e+00 -2.6947e+00 +2.1299e+00 +1.4522e+00
626 +9.777725041e+00 +9.777725041e+00 -3.366322750e+02 -3.366322750e+02 +2.4816e+00 -3.7716e+00 -3.0350e+00 +3.2519e+00 +9.5591e-01 +2.1039e+00 -3.3161e+00 -3.1472e+00 +3.3732e+00 +1.7247e+00 +7.2751e-01 +2.1285e+00 +1.9857e+00 -2.6229e+00 +1.7176e+00 -1.3753e+00 +1.7586e+00 -2.9084e+00 -4.3785e-01 +1.5263e+00
759 +5.829714751e+00 +5.829714751e+00 -3.405802852e+02 -3.405802852e+02 +3.8593e+00 -3.6125e+00 -2.1633e+00 +4.4259e+00 +1.0239e+00 +2.0236e+00 -3.6037e+00 -3.2488e+00 +2.5999e+00 +1.2917e+00 +1.8216e+00 +1.8972e+00 +2.1714e+00 -2.5060e+00 +2.3342e+00 -1.1396e+00 +1.4951e+00 -2.0498e+00 -2.7529e-01 +8.2432e-01
1100 +3.931304145e+00 +3.931304145e+00 -3.424786959e+02 -3.424786959e+02 +3.5356e+00 -3.8225e+00 -2.5808e+00 +4.1169e+00 +1.3250e+00 +1.7073e+00 -3.3899e+00 -3.8880e+00 +1.9407e+00 +9.7404e-01 +2.3392e+00 +2.6715e+00 +2.6685e+00 -2.2778e+00 +2.4873e+00 -8.6473e-01 +1.6307e+00 -2.6600e+00 -1.8325e-01 +1.0637e+00
1316 +2.475050407e+00 +2.475050407e+00 -3.439349496e+02 -3.439349496e+02 +3.7724e+00 -3.7299e+00 -2.6522e+00 +4.1451e+00 +1.4353e+00 +1.5371e+00 -3.5808e+00 -3.6101e+00 +2.1433e+00 +1.0202e+00 +2.4506e+00 +2.2457e+00 +2.3067e+00 -2.2284e+00 +2.4821e+00 -9.8547e-01 +1.4729e+00 -2.6074e+00 -1.8163e-01 +9.1665e-01
1717 +1.508726907e+00 +1.508726907e+00 -3.449012731e+02 -3.449012731e+02 +3.6958e+00 -3.7374e+00 -2.7226e+00 +4.0665e+00 +1.3728e+00 +1.5630e+00 -3.6326e+00 -3.7252e+00 +2.0025e+00 +9.8302e-01 +2.4037e+00 +2.3331e+00 +2.4689e+00 -2.2189e+00 +2.4424e+00 -9.0043e-01 +1.4269e+00 -2.6324e+00 -1.2501e-01 +8.6695e-01
2352 +9.997247233e-01 +9.997247233e-01 -3.454102753e+02 -3.454102753e+02 +3.7102e+00 -3.7182e+00 -2.6372e+00 +4.1094e+00 +1.3335e+00 +1.5736e+00 -3.6066e+00 -3.7565e+00 +1.9971e+00 +9.8516e-01 +2.3303e+00 +2.3384e+00 +2.4375e+00 -2.2009e+00 +2.4222e+00 -9.0049e-01 +1.4202e+00 -2.6528e+00 -1.1891e-01 +8.6804e-01
13015 +6.298947809e-01 +6.298947809e-01 -3.457801052e+02 -3.457801052e+02 +3.7361e+00 -3.7618e+00 -2.8125e+00 +3.5800e+00 -1.3204e+00 -1.0759e-01 -2.7284e+00 -2.5154e+00 +2.8137e+00 +1.1320e+00 +9.9597e-01 +2.4537e+00 -1.9598e-01 -2.8188e-01 +2.0049e+00 -1.1082e+00 +7.9189e-01 -3.7040e+00 -3.5816e-01 -3.0383e+00
13184 +3.630847483e-01 +3.630847483e-01 -3.460469153e+02 -3.460469153e+02 +3.8312e+00 -3.7765e+00 -2.7307e+00 +3.6218e+00 -1.3436e+00 -1.4303e-01 -2.7332e+00 -2.4758e+00 +2.8508e+00 +1.0927e+00 +9.8677e-01 +2.4143e+00 -2.2902e-01 -2.9925e-01 +2.0291e+00 -1.1536e+00 +7.8924e-01 -3.6959e+00 -3.7944e-01 -3.0860e+00
13325 +2.299764945e-01 +2.299764945e-01 -3.461800235e+02 -3.461800235e+02 +3.8413e+00 -3.7850e+00 -2.7731e+00 +3.6317e+00 -1.3225e+00 -1.5758e-01 -2.7317e+00 -2.4819e+00 +2.8350e+00 +1.1026e+00 +9.5739e-01 +2.3802e+00 -2.4719e-01 -2.9689e-01 +2.0145e+00 -1.1490e+00 +8.0395e-01 -3.7099e+00 -3.6517e-01 -3.0674e+00
13735 +1.492921721e-01 +1.492921721e-01 -3.462607078e+02 -3.462607078e+02 +3.8493e+00 -3.7543e+00 -2.7620e+00 +3.6227e+00 -1.3174e+00 -1.6719e-01 -2.7256e+00 -2.4821e+00 +2.8392e+00 +1.0932e+00 +9.5448e-01 +2.3781e+00 -2.5440e-01 -2.8782e-01 +2.0252e+00 -1.1482e+00 +7.8124e-01 -3.7088e+00 -3.8161e-01 -3.0676e+00
14081 +9.597734533e-02 +9.597734533e-02 -3.463140227e+02 -3.463140227e+02 +3.8617e+00 -3.7669e+00 -2.7640e+00 +3.6189e+00 -1.3067e+00 -1.6608e-01 -2.7262e+00 -2.4839e+00 +2.8377e+00 +1.0864e+00 +9.6174e-01 +2.3780e+00 -2.5467e-01 -2.9896e-01 +2.0267e+00 -1.1419e+00 +7.7618e-01 -3.7021e+00 -3.7882e-01 -3.0655e+00
14555 +6.217026741e-02 +6.217026741e-02 -3.463478297e+02 -3.463478297e+02 +3.8606e+00 -3.7648e+00 -2.7622e+00 +3.6184e+00 -1.3103e+00 -1.6772e-01 -2.7246e+00 -2.4863e+00 +2.8368e+00 +1.0887e+00 +9.5960e-01 +2.3774e+00 -2.5697e-01 -2.9610e-01 +2.0260e+00 -1.1413e+00 +7.7415e-01 -3.7018e+00 -3.8146e-01 -3.0662e+00
17766 +3.978497289e-02 +3.978497289e-02 -3.463702150e+02 -3.463702150e+02 +3.8618e+00 -3.7648e+00 -2.7632e+00 +3.6188e+00 -1.3097e+00 -1.6685e-01 -2.7261e+00 -2.4859e+00 +2.8370e+00 +1.0891e+00 +9.6252e-01 +2.3805e+00 -2.5392e-01 -2.9593e-01 +2.0250e+00 -1.1399e+00 +7.7517e-01 -3.7016e+00 -3.8201e-01 -3.0653e+00
126129 +2.440388078e-02 +2.440388078e-02 -3.463855961e+02 -3.463855961e+02 +3.1942e+00 -4.0930e+00 -2.4695e+00 +3.4907e+00 -1.7387e+00 -1.1767e-01 -2.8819e+00 -2.9395e+00 +2.4901e+00 +1.2640e+00 +8.0401e-01 +3.3334e+00 -7.7924e-03 -8.5494e-01 +2.3511e+00 -1.3263e+00 +1.0753e+00 -3.5190e+00 -6.3094e-02 -2.9284e+00
127761 +1.582041599e-02 +1.582041599e-02 -3.463941796e+02 -3.463941796e+02 +3.1947e+00 -4.0928e+00 -2.4694e+00 +3.4907e+00 -1.7389e+00 -1.1804e-01 -2.8821e+00 -2.9395e+00 +2.4898e+00 +1.2637e+00 +8.0418e-01 +3.3334e+00 -7.7068e-03 -8.5507e-01 +2.3512e+00 -1.3265e+00 +1.0751e+00 -3.5190e+00 -6.2984e-02 -2.9288e+00
% function evaluation | noise-free fitness - Fopt (6.618000000000e+01) | best noise-free fitness - Fopt | measured fitness | best measured fitness | x1 | x2...
1 +1.558780521e+02 +1.558780521e+02 +2.220580521e+02 +2.220580521e+02 -2.6847e+00 -1.2699e+00 +3.6602e+00 +3.4625e+00 -2.1520e+00 -7.5367e-01 -3.8313e+00 -1.8112e+00 -3.9610e+00 -3.0277e+00 -8.2987e-01 +9.5652e-01 -2.0129e+00 -4.4391e-03 -1.8882e-01 -2.4143e+00 -9.1717e-01 -4.8073e-01 -3.9687e+00 -1.0889e+00
46 +7.422445837e+01 +7.422445837e+01 +1.404044584e+02 +1.404044584e+02 -1.7439e+00 +8.8572e-01 +4.2397e+00 +1.2729e+00 -3.5713e+00 +1.2976e+00 -1.0824e-01 -2.4815e-01 -3.5403e+00 -6.4295e-01 -3.0645e+00 +2.1479e+00 -1.6781e+00 +2.0649e+00 +1.5346e+00 +1.0286e+00 -5.2785e+00 -2.5566e+00 -4.4323e+00 +1.3600e+00
67 +6.006522082e+01 +6.006522082e+01 +1.262452208e+02 +1.262452208e+02 +8.0400e-01 +1.0882e+00 +2.9128e+00 +1.6309e-01 -1.8205e+00 -2.1432e+00 +5.7705e-01 +1.2123e+00 -1.7063e+00 -2.9463e+00 -4.0525e+00 +1.7081e+00 -3.3891e-02 +5.4518e+00 -1.6327e+00 -1.1574e-01 -3.1461e+00 +1.1887e+00 -4.0122e+00 -5.4970e-01
120 +3.460202891e+01 +3.460202891e+01 +1.007820289e+02 +1.007820289e+02 +1.9408e+00 +1.3067e+00 -4.0802e-01 -2.2375e+00 -1.5339e+00 -4.1437e+00 -8.7211e-01 +2.1105e-01 -1.9134e+00 -4.2586e+00 -2.9959e+00 +1.9608e+00 -1.4266e+00 +8.9472e-01 -3.3939e+00 +2.0568e+00 +3.1379e-01 +3.1665e+00 -2.0657e-01 +2.0456e+00
332 +2.416356100e+01 +2.416356100e+01 +9.034356100e+01 +9.034356100e+01 +1.9838e+00 -8.3338e-01 -3.6535e-01 -1.9644e+00 -2.4337e+00 +2.9268e+00 +6.7513e-01 -4.3419e-01 -3.7015e+00 -2.0686e+00 +3.7533e+00 +6.1916e-01 -1.7094e+00 +3.2555e+00 -3.2646e+00 +9.4841e-01 -2.4728e+00 -1.8087e+00 +6.2653e-01 +1.6760e+00
540 +1.458439264e+01 +1.458439264e+01 +8.076439264e+01 +8.076439264e+01 +1.4564e+00 +8.7200e-01 +1.8253e+00 -2.9573e+00 -1.0587e+00 +2.0695e+00 +6.5070e-01 -9.0639e-02 -2.6600e+00 -2.2177e-01 +2.0711e+00 -1.9883e+00 -2.0553e+00 +1.6540e+00 -4.0169e+00 +1.7211e+00 -3.7550e+00 +5.4892e-01 -7.1705e-01 +8.2150e-01
681 +9.147184805e+00 +9.147184805e+00 +7.532718481e+01 +7.532718481e+01 +3.7685e-01 +3.7403e-01 +1.4787e+00 -3.6569e+00 -1.6251e+00 +7.3426e-02 +5.9069e-01 +1.3286e+00 -1.9826e+00 +5.6456e-01 +2.2427e+00 -1.6294e+00 -3.0399e+00 -3.3483e-01 -2.7006e+00 +2.6030e+00 -3.1055e+00 -5.2476e-03 +2.1283e+00 +1.6530e+00
910 +6.261011028e+00 +6.261011028e+00 +7.244101103e+01 +7.244101103e+01 -8.3201e-01 -6.4389e-01 +2.9703e+00 -3.4996e+00 -4.5935e-01 +7.9344e-01 +4.4170e-01 +1.4262e+00 -2.4183e+00 -6.5844e-02 +2.2243e+00 -1.6012e+00 -1.8704e+00 +2.6489e-01 -2.9348e+00 +2.9296e+00 -3.2237e+00 +5.0523e-01 +2.7607e+00 +2.2567e+00
1081 +3.919148332e+00 +3.919148332e+00 +7.009914833e+01 +7.009914833e+01 -5.3106e-01 -2.8135e-01 +3.1753e+00 -2.9693e+00 +4.7042e-01 +4.7430e-01 +4.8308e-01 +1.3195e+00 -2.4614e+00 -2.7039e-01 +2.2907e+00 -2.0352e+00 -1.4686e+00 -1.9854e-02 -3.3273e+00 +2.8172e+00 -3.4706e+00 +7.5127e-01 +2.4007e+00 +2.3238e+00
1301 +2.298567479e+00 +2.298567479e+00 +6.847856748e+01 +6.847856748e+01 -1.8193e-01 -7.8210e-01 +2.7014e+00 -3.0983e+00 +7.0480e-01 +9.9481e-01 +8.3071e-01 +1.8775e+00 -2.3822e+00 +5.0352e-02 +2.3077e+00 -2.0164e+00 -1.3772e+00 -1.8458e-01 -3.4614e+00 +3.1116e+00 -3.7706e+00 +5.0199e-01 +2.6214e+00 +2.3584e+00
1608 +1.583626761e+00 +1.583626761e+00 +6.776362676e+01 +6.776362676e+01 -3.0639e-02 -7.0292e-01 +2.9517e+00 -3.3603e+00 +2.8545e-01 +7.0164e-01 +7.5391e-01 +1.9748e+00 -2.2562e+00 -8.4967e-02 +2.5591e+00 -2.0961e+00 -1.6647e+00 -4.3041e-01 -3.8757e+00 +3.0796e+00 -3.6310e+00 +6.7311e-01 +2.5708e+00 +2.2425e+00
1970 +9.782337108e-01 +9.782337108e-01 +6.715823371e+01 +6.715823371e+01 -1.4883e-01 -7.1891e-01 +2.7568e+00 -3.2207e+00 +3.4331e-01 +7.0736e-01 +7.0142e-01 +1.8176e+00 -2.3643e+00 -1.3631e-01 +2.5590e+00 -2.0156e+00 -1.5404e+00 -3.7845e-01 -3.7093e+00 +2.8928e+00 -3.5931e+00 +6.3739e-01 +2.6421e+00 +2.3312e+00
2441 +6.259525838e-01 +6.259525838e-01 +6.680595258e+01 +6.680595258e+01 -2.1024e-01 -7.1944e-01 +2.8037e+00 -3.2645e+00 +3.5251e-01 +7.6457e-01 +7.0280e-01 +1.8325e+00 -2.4070e+00 -1.4872e-01 +2.4659e+00 -2.0229e+00 -1.4852e+00 -3.4478e-01 -3.7004e+00 +2.9471e+00 -3.5582e+00 +7.0103e-01 +2.6465e+00 +2.3527e+00
2943 +3.785886414e-01 +3.785886414e-01 +6.655858864e+01 +6.655858864e+01 -2.4814e-01 -7.2920e-01 +2.8218e+00 -3.2830e+00 +3.2534e-01 +7.7841e-01 +6.9200e-01 +1.8253e+00 -2.4150e+00 -1.3829e-01 +2.4698e+00 -2.0399e+00 -1.4749e+00 -3.2703e-01 -3.7026e+00 +2.9385e+00 -3.5526e+00 +6.8852e-01 +2.6479e+00 +2.3587e+00
14465 +2.134535736e-01 +2.134535736e-01 +6.639345357e+01 +6.639345357e+01 -3.8665e-01 -4.3080e-01 +2.2252e+00 -3.5147e+00 +5.4185e-01 +6.1052e-01 +5.6066e-01 +2.0016e+00 -1.5344e+00 -2.3980e-01 +2.2602e+00 -2.1655e+00 -2.0708e+00 -7.7229e-01 -3.5825e+00 +3.1708e+00 -3.3201e+00 +6.7102e-01 +3.1156e+00 +2.3323e+00
14730 +1.581221254e-01 +1.581221254e-01 +6.633812213e+01 +6.633812213e+01 -3.6831e-01 -4.3112e-01 +2.1989e+00 -3.5287e+00 +5.3699e-01 +5.9637e-01 +5.4006e-01 +2.0239e+00 -1.4848e+00 -2.4496e-01 +2.2602e+00 -2.1611e+00 -2.0741e+00 -8.1047e-01 -3.5975e+00 +3.1829e+00 -3.3258e+00 +6.7302e-01 +3.1215e+00 +2.3169e+00
14973 +9.605404605e-02 +9.605404605e-02 +6.627605405e+01 +6.627605405e+01 -3.7939e-01 -4.2406e-01 +2.2107e+00 -3.5214e+00 +5.5075e-01 +5.9589e-01 +5.3957e-01 +2.0261e+00 -1.4768e+00 -2.4817e-01 +2.2597e+00 -2.1737e+00 -2.0677e+00 -8.1584e-01 -3.5903e+00 +3.1930e+00 -3.3305e+00 +6.7960e-01 +3.1226e+00 +2.3116e+00
15299 +6.158089039e-02 +6.158089039e-02 +6.624158089e+01 +6.624158089e+01 -3.8117e-01 -4.2124e-01 +2.2165e+00 -3.5251e+00 +5.4456e-01 +6.0198e-01 +5.4120e-01 +2.0263e+00 -1.4716e+00 -2.4316e-01 +2.2561e+00 -2.1755e+00 -2.0797e+00 -8.1087e-01 -3.5915e+00 +3.1897e+00 -3.3269e+00 +6.7971e-01 +3.1212e+00 +2.3078e+00
15847 +3.896545733e-02 +3.896545733e-02 +6.621896546e+01 +6.621896546e+01 -3.8216e-01 -4.2016e-01 +2.2150e+00 -3.5241e+00 +5.4520e-01 +6.0356e-01 +5.4420e-01 +2.0260e+00 -1.4734e+00 -2.4365e-01 +2.2538e+00 -2.1792e+00 -2.0804e+00 -8.1035e-01 -3.5883e+00 +3.1902e+00 -3.3260e+00 +6.7861e-01 +3.1214e+00 +2.3074e+00
17929 +2.508863655e-02 +2.508863655e-02 +6.620508864e+01 +6.620508864e+01 -3.8271e-01 -4.2036e-01 +2.2137e+00 -3.5230e+00 +5.4475e-01 +6.0439e-01 +5.4342e-01 +2.0260e+00 -1.4743e+00 -2.4423e-01 +2.2543e+00 -2.1791e+00 -2.0809e+00 -8.0996e-01 -3.5886e+00 +3.1893e+00 -3.3245e+00 +6.7914e-01 +3.1220e+00 +2.3082e+00
% function evaluation | noise-free fitness - Fopt (-1.123000000000e+01) | best noise-free fitness - Fopt | measured fitness | best measured fitness | x1 | x2...
1 +7.946308931e+01 +7.946308931e+01 +6.823308931e+01 +6.823308931e+01 +3.4171e+00 +3.9465e+00 +3.5594e+00 +2.0090e+00 +2.4895e+00 -1.9544e+00 -7.2037e-02 -1.3143e-01 -7.5972e-01 -3.5937e+00 -1.7419e+00 -1.9741e+00 +1.7581e-01 +1.4024e+00 +2.4964e-01 +2.2768e+00 +1.6763e+00 +1.0098e+00 -1.1215e-01 -2.9989e+00
28 +4.650224427e+01 +4.650224427e+01 +3.527224427e+01 +3.527224427e+01 +2.5714e+00 +5.0522e+00 +2.9197e+00 +1.1910e+00 -7.3595e-03 -5.0536e+00 -1.5665e-01 +5.8116e-02 -2.5492e+00 -3.6946e+00 -2.6919e+00 +4.7037e-01 +4.0127e-01 +3.3098e+00 +1.1553e+00 +8.4062e-01 +4.1205e+00 +3.3521e-01 +1.6998e+00 -2.6533e+00
124 +3.556583088e+01 +3.556583088e+01 +2.433583088e+01 +2.433583088e+01 +2.2644e+00 +2.9788e+00 +1.5211e+00 +4.0525e-01 +3.6284e+00 -5.0444e+00 -2.7055e+00 -3.4859e+00 -3.5069e+00 -2.0225e+00 -3.5541e+00 +4.6484e+00 +9.3278e-01 +1.3744e+00 +9.2138e-01 -9.5062e-01 +1.6681e+00 +9.6971e-01 +3.9190e+00 -9.6440e-01
161 +2.364712691e+01 +2.364712691e+01 +1.241712691e+01 +1.241712691e+01 +1.7078e+00 +2.9833e+00 +1.4417e+00 +1.6976e+00 +1.5522e+00 -3.6081e+00 -2.9135e+00 -2.1852e+00 -2.2980e+00 -2.7531e+00 -3.7328e+00 +3.6120e+00 +1.7353e+00 +2.7479e+00 +1.1285e+00 -1.0559e+00 +4.8541e+00 -2.0058e+00 +3.6699e+00 -1.8755e+00
320 +1.426996116e+01 +1.426996116e+01 +3.039961160e+00 +3.039961160e+00 +6.6313e-01 +2.1781e+00 +2.4077e+00 +1.2797e+00 +1.7306e+00 -2.2298e+00 -2.1846e+00 -4.2670e+00 -7.4352e-01 -2.4381e+00 -1.4900e+00 +1.5012e+00 +2.6852e+00 +1.4417e+00 +2.3320e-01 -2.2669e+00 +2.2276e+00 -2.6561e+00 +1.6574e+00 -1.0676e+00
456 +8.243234483e+00 +8.243234483e+00 -2.986765517e+00 -2.986765517e+00 -1.3817e+00 +1.5807e+00 +9.6080e-01 +2.9561e+00 +7.6609e-01 -1.4808e+00 -3.0537e+00 -3.5926e+00 +1.4126e-01 -2.3364e+00 -4.0260e+00 +3.6982e+00 +3.5432e+00 +7.8708e-01 -1.2957e+00 -2.6081e+00 +1.7715e+00 -2.0293e+00 +3.1856e+00 -1.1712e+00
723 +6.100028488e+00 +6.100028488e+00 -5.129971512e+00 -5.129971512e+00 -9.6717e-04 +2.0865e+00 +1.1764e+00 +1.8805e+00 +7.1165e-01 -1.1117e+00 -2.9014e+00 -3.8996e+00 +7.0709e-01 -1.7608e+00 -2.6692e+00 +3.4001e+00 +4.0790e+00 +8.3639e-02 -1.5581e+00 -3.0593e+00 +1.8338e+00 -2.0801e+00 +3.4510e+00 -1.9334e+00
820 +3.929208665e+00 +3.929208665e+00 -7.300791335e+00 -7.300791335e+00 +9.7661e-02 +1.9734e+00 +8.9187e-01 +2.0809e+00 +9.9852e-01 -1.3322e+00 -2.8143e+00 -3.1598e+00 +7.5790e-01 -2.0855e+00 -2.8561e+00 +3.4748e+00 +4.1682e+00 +4.7095e-01 -1.2450e+00 -2.7545e+00 +1.8304e+00 -2.7283e+00 +3.3945e+00 -1.3737e+00
992 +2.494254933e+00 +2.494254933e+00 -8.735745067e+00 -8.735745067e+00 -3.3591e-01 +2.1958e+00 +1.1553e+00 +2.2094e+00 +5.6176e-01 -1.5293e+00 -2.7681e+00 -2.7809e+00 +8.5609e-01 -1.9106e+00 -2.9320e+00 +3.4715e+00 +3.5696e+00 +5.0747e-01 -1.0378e+00 -2.9896e+00 +1.6133e+00 -2.8379e+00 +3.4839e+00 -1.7784e+00
1285 +1.318811957e+00 +1.318811957e+00 -9.911188043e+00 -9.911188043e+00 -4.2891e-01 +2.3338e+00 +1.3630e+00 +2.3166e+00 +6.9842e-01 -1.5515e+00 -2.6890e+00 -2.9701e+00 +9.0916e-01 -2.0267e+00 -3.0209e+00 +3.3978e+00 +3.8829e+00 +5.9961e-01 -1.0860e+00 -3.2222e+00 +1.5954e+00 -2.6766e+00 +3.5022e+00 -1.8340e+00
1604 +9.918894732e-01 +9.918894732e-01 -1.023811053e+01 -1.023811053e+01 -4.2613e-01 +2.2577e+00 +1.3860e+00 +2.2412e+00 +6.3287e-01 -1.4821e+00 -2.6756e+00 -3.0222e+00 +8.8856e-01 -2.0174e+00 -3.0522e+00 +3.4213e+00 +3.8580e+00 +6.2910e-01 -1.0501e+00 -3.1789e+00 +1.6319e+00 -2.6020e+00 +3.4965e+00 -1.8349e+00
2018 +6.036214129e-01 +6.036214129e-01 -1.062637859e+01 -1.062637859e+01 -4.0867e-01 +2.2660e+00 +1.3617e+00 +2.2272e+00 +6.4255e-01 -1.5287e+00 -2.6752e+00 -2.9911e+00 +8.8365e-01 -1.9646e+00 -3.0150e+00 +3.4092e+00 +3.8608e+00 +6.1456e-01 -1.0422e+00 -3.2188e+00 +1.6100e+00 -2.5986e+00 +3.5107e+00 -1.8653e+00
2557 +3.744351255e-01 +3.744351255e-01 -1.085556487e+01 -1.085556487e+01 -4.2261e-01 +2.2619e+00 +1.3417e+00 +2.2386e+00 +6.4396e-01 -1.5178e+00 -2.6883e+00 -2.9916e+00 +8.9842e-01 -1.9675e+00 -3.0243e+00 +3.4072e+00 +3.8594e+00 +6.0149e-01 -1.0619e+00 -3.2175e+00 +1.6116e+00 -2.6016e+00 +3.5098e+00 -1.8611e+00
54652 +2.481661204e-01 +2.481661204e-01 -1.098183388e+01 -1.098183388e+01 +7.7088e-01 +1.4620e+00 +8.8749e-01 +1.5053e+00 +8.3517e-01 -1.1512e+00 -3.5207e+00 -2.6443e+00 +8.8610e-01 -1.3586e+00 -2.8524e+00 +3.9749e+00 +3.7236e+00 +4.3764e-01 -5.6168e-01 -3.0749e+00 +1.4511e+00 -3.6759e+00 +3.7036e+00 -3.1144e+00
55754 +1.580906576e-01 +1.580906576e-01 -1.107190934e+01 -1.107190934e+01 +7.7089e-01 +1.4614e+00 +8.8012e-01 +1.5017e+00 +8.2235e-01 -1.1618e+00 -3.5319e+00 -2.6394e+00 +8.8568e-01 -1.3588e+00 -2.8638e+00 +3.9729e+00 +3.7206e+00 +4.5612e-01 -5.6102e-01 -3.0724e+00 +1.4757e+00 -3.6760e+00 +3.7077e+00 -3.1300e+00
197839 +9.420517889e-02 +9.420517889e-02 -1.113579482e+01 -1.113579482e+01 +4.7568e-01 +1.5648e+00 +1.1456e+00 +1.5162e+00 +8.0090e-01 -1.3964e+00 -3.2304e+00 -2.6339e+00 +9.1481e-01 -1.4215e+00 -2.9663e+00 +3.7487e+00 +3.6668e+00 +6.3959e-01 -5.0319e-01 -3.3184e+00 +1.4411e+00 -3.3511e+00 +3.6904e+00 -2.9792e+00
198140 +6.168628586e-02 +6.168628586e-02 -1.116831371e+01 -1.116831371e+01 +4.7408e-01 +1.5662e+00 +1.1455e+00 +1.5160e+00 +7.9664e-01 -1.3993e+00 -3.2373e+00 -2.6345e+00 +9.1731e-01 -1.4249e+00 -2.9745e+00 +3.7493e+00 +3.6735e+00 +6.3974e-01 -5.0833e-01 -3.3130e+00 +1.4410e+00 -3.3537e+00 +3.6893e+00 -2.9825e+00
198920 +3.920722376e-02 +3.920722376e-02 -1.119079278e+01 -1.119079278e+01 +4.7551e-01 +1.5643e+00 +1.1454e+00 +1.5209e+00 +7.9657e-01 -1.3976e+00 -3.2372e+00 -2.6343e+00 +9.1591e-01 -1.4275e+00 -2.9771e+00 +3.7479e+00 +3.6737e+00 +6.4016e-01 -5.0654e-01 -3.3133e+00 +1.4425e+00 -3.3539e+00 +3.6917e+00 -2.9833e+00
% function evaluation | noise-free fitness - Fopt (1.628000000000e+01) | best noise-free fitness - Fopt | measured fitness | best measured fitness | x1 | x2...
1 +1.855819859e+02 +1.855819859e+02 +2.018619859e+02 +2.018619859e+02 -3.4614e+00 +9.2537e-01 -2.1337e+00 +3.6269e+00 +3.6637e+00 -2.2184e+00 -6.9365e-01 -9.0549e-01 +2.6406e+00 +3.4641e+00 -2.8481e+00 -5.7429e-01 -3.4713e+00 +1.7300e+00 +1.5296e+00 -2.9698e+00 +3.6542e+00 +1.0377e+00 +2.5920e+00 +3.2261e+00
9 +1.321651792e+02 +1.321651792e+02 +1.484451792e+02 +1.484451792e+02 -3.4341e+00 +2.4481e-01 -1.3093e+00 +2.0818e+00 +3.9856e+00 -2.1802e+00 +1.5856e+00 -2.4987e+00 +4.3627e+00 +3.1903e+00 -2.8440e+00 -1.3992e+00 -3.2779e+00 +4.8424e-01 +9.1804e-01 -6.8298e-01 +3.3463e+00 -4.8293e-02 +2.9285e+00 +4.1999e+00
17 +8.116393479e+01 +8.116393479e+01 +9.744393479e+01 +9.744393479e+01 -3.8788e+00 -4.3855e-01 -3.4573e+00 +1.4768e+00 +4.6926e+00 -1.2996e+00 +3.5049e+00 -3.7060e+00 +3.9929e+00 +5.8159e+00 -1.1077e+00 -3.1772e+00 -3.1438e+00 +1.2364e+00 -5.8366e-01 -3.2423e+00 +1.2848e+00 +2.9736e-01 +2.3232e+00 +3.8143e+00
51 +4.958438415e+01 +4.958438415e+01 +6.586438415e+01 +6.586438415e+01 -2.4864e+00 -7.7369e-01 -3.7490e+00 +2.3793e+00 +4.3758e+00 -4.6831e+00 +6.0402e+00 -2.5975e+00 +1.9613e+00 +3.4109e+00 -3.3124e+00 -2.4144e+00 -3.7165e+00 +1.7752e+00 -1.2633e+00 -4.1091e+00 +3.9410e+00 -2.8710e+00 +3.2975e+00 +2.7778e+00
128 +3.941991906e+01 +3.941991906e+01 +5.569991906e+01 +5.569991906e+01 -2.2618e+00 +5.3005e-01 -2.1002e+00 +3.5001e+00 -8.3714e-01 -3.4482e+00 +4.0789e+00 -1.1747e+00 +7.3668e-01 +4.2605e+00 -3.2897e+00 -4.8138e+00 -5.0485e+00 +3.2136e-01 -5.2761e-01 -9.5813e-01 +3.2223e+00 -4.7351e+00 +3.3690e+00 +2.5781e+00
240 +1.862494392e+01 +1.862494392e+01 +3.490494392e+01 +3.490494392e+01 -1.7438e+00 +2.7430e+00 -2.6172e+00 +1.5009e+00 +9.8371e-01 -2.1470e+00 +3.7068e+00 -1.9991e+00 -4.8576e-01 -3.3929e-02 -2.7730e+00 -4.3563e+00 -5.2311e+00 +1.3559e-01 -9.0960e-01 -1.2497e+00 +2.1177e+00 -3.3898e+00 +7.6935e-01 +3.8434e+00
523 +1.565259679e+01 +1.565259679e+01 +3.193259679e+01 +3.193259679e+01 -8.5192e-01 +2.3072e+00 -2.1844e+00 -1.4195e+00 +1.2354e+00 -8.1507e-01 +2.5219e+00 -2.4414e+00 -3.4908e+00 +3.9014e-01 -3.8929e+00 -2.7733e+00 -4.2662e+00 +1.7819e+00 -1.5348e+00 +1.7009e-02 +2.1989e+00 -3.4873e+00 +2.2751e+00 +2.9769e+00
920 +8.544821583e+00 +8.544821583e+00 +2.482482158e+01 +2.482482158e+01 -8.1508e-01 +1.3690e+00 -2.7548e+00 -1.6409e+00 +1.3991e+00 -8.2697e-01 +2.2845e+00 -2.0987e+00 -3.4078e+00 +1.7900e-01 -4.4323e+00 -1.9925e+00 -4.7890e+00 +2.1722e+00 -1.9623e+00 -4.8314e-01 +1.9604e+00 -3.6796e+00 +2.7190e+00 +1.3776e+00
1584 +6.156298388e+00 +6.156298388e+00 +2.243629839e+01 +2.243629839e+01 -1.3707e+00 +7.8331e-01 -2.5827e+00 -1.8345e+00 +2.0849e+00 -6.0298e-01 +2.3662e+00 -2.5381e+00 -3.2385e+00 +5.7823e-02 -4.4285e+00 -2.6479e+00 -4.4983e+00 +2.3710e+00 -2.0945e+00 -2.2105e-01 +1.8436e+00 -4.0889e+00 +2.6658e+00 +8.2559e-01
1997 +3.812024587e+00 +3.812024587e+00 +2.009202459e+01 +2.009202459e+01 -1.5829e+00 +8.1257e-01 -2.7221e+00 -1.8367e+00 +1.9878e+00 -6.3245e-01 +2.1548e+00 -2.3960e+00 -3.3217e+00 +6.1425e-02 -4.3534e+00 -2.6394e+00 -4.3205e+00 +2.3206e+00 -2.1000e+00 -2.4856e-01 +1.6936e+00 -3.8022e+00 +2.7029e+00 +9.7730e-01
2504 +2.492630199e+00 +2.492630199e+00 +1.877263020e+01 +1.877263020e+01 -1.5426e+00 +7.6233e-01 -2.7580e+00 -1.8939e+00 +2.0482e+00 -7.4895e-01 +2.1743e+00 -2.2998e+00 -3.2559e+00 +1.1106e-01 -4.3370e+00 -2.6386e+00 -4.3606e+00 +2.2738e+00 -2.0899e+00 -1.4883e-01 +1.7652e+00 -3.6587e+00 +2.7269e+00 +1.0066e+00
16683 +1.546353296e+00 +1.546353296e+00 +1.782635330e+01 +1.782635330e+01 -1.8734e+00 -2.0656e+00 -2.8899e-01 -2.3930e+00 +2.0778e+00 -6.7981e-01 +2.2520e+00 -1.2932e+00 -1.8212e+00 -7.3770e-01 -3.4668e+00 -3.5640e+00 -3.2287e+00 +2.0048e+00 -3.4788e+00 -2.8973e-01 +3.1271e-01 -3.2050e+00 +2.5720e+00 -4.9309e-02
17251 +7.946781617e-01 +7.946781617e-01 +1.707467816e+01 +1.707467816e+01 -1.8843e+00 -2.0445e+00 -3.7702e-01 -2.4597e+00 +2.0887e+00 -6.5521e-01 +1.8887e+00 -1.2745e+00 -2.0095e+00 -7.9189e-01 -3.6072e+00 -3.2580e+00 -3.1364e+00 +2.0547e+00 -3.4707e+00 -3.4013e-01 +5.4081e-01 -3.0908e+00 +2.7151e+00 -3.1411e-03
17578 +6.138632786e-01 +6.138632786e-01 +1.689386328e+01 +1.689386328e+01 -1.9435e+00 -2.0261e+00 -3.9560e-01 -2.4237e+00 +2.0300e+00 -6.5208e-01 +1.8914e+00 -1.3100e+00 -1.9805e+00 -7.9401e-01 -3.5756e+00 -3.3525e+00 -3.1902e+00 +2.0276e+00 -3.5008e+00 -2.8682e-01 +4.6630e-01 -3.1628e+00 +2.6620e+00 -4.2951e-02
17992 +3.947091802e-01 +3.947091802e-01 +1.667470918e+01 +1.667470918e+01 -1.9501e+00 -2.0332e+00 -4.3005e-01 -2.4211e+00 +2.0311e+00 -6.3531e-01 +1.8470e+00 -1.3046e+00 -1.9812e+00 -8.0421e-01 -3.5834e+00 -3.3512e+00 -3.2078e+00 +2.0464e+00 -3.4953e+00 -2.7149e-01 +4.5608e-01 -3.1688e+00 +2.6654e+00 -8.2114e-02
18858 +2.416192088e-01 +2.416192088e-01 +1.652161921e+01 +1.652161921e+01 -1.9673e+00 -2.0233e+00 -4.4564e-01 -2.4297e+00 +2.0341e+00 -6.4975e-01 +1.8449e+00 -1.3061e+00 -1.9738e+00 -7.9964e-01 -3.5945e+00 -3.3622e+00 -3.2232e+00 +2.0395e+00 -3.5032e+00 -2.8179e-01 +4.5510e-01 -3.1605e+00 +2.6645e+00 -1.0643e-01
34882 +1.182696480e-01 +1.182696480e-01 +1.639826965e+01 +1.639826965e+01 -1.4210e+00 -1.7840e+00 -1.6011e+00 -2.5629e+00 +2.9903e+00 -6.0799e-01 +1.9218e+00 -2.0305e+00 -1.4270e+00 -2.3263e-01 -3.6778e+00 -3.7817e+00 -3.1464e+00 +2.4288e+00 -2.8320e+00 -4.6122e-01 +4.5774e-01 -3.6799e+00 +3.0276e+00 -8.7255e-01
34986 +8.550982558e-02 +8.550982558e-02 +1.636550983e+01 +1.636550983e+01 -1.4268e+00 -1.7866e+00 -1.6152e+00 -2.5703e+00 +3.0117e+00 -6.0119e-01 +1.9262e+00 -2.0310e+00 -1.4373e+00 -2.2807e-01 -3.6809e+00 -3.7783e+00 -3.1374e+00 +2.4277e+00 -2.8330e+00 -4.5738e-01 +4.7190e-01 -3.6693e+00 +3.0273e+00 -8.7840e-01
35406 +5.642921121e-02 +5.642921121e-02 +1.633642921e+01 +1.633642921e+01 -1.4172e+00 -1.7803e+00 -1.6072e+00 -2.5744e+00 +3.0095e+00 -5.9863e-01 +1.9289e+00 -2.0325e+00 -1.4168e+00 -2.2147e-01 -3.6789e+00 -3.7922e+00 -3.1462e+00 +2.4275e+00 -2.8364e+00 -4.6241e-01 +4.6903e-01 -3.6749e+00 +3.0216e+00 -8.8627e-01
35701 +3.908671896e-02 +3.908671896e-02 +1.631908672e+01 +1.631908672e+01 -1.4216e+00 -1.7801e+00 -1.6089e+00 -2.5712e+00 +3.0093e+00 -5.9619e-01 +1.9228e+00 -2.0316e+00 -1.4182e+00 -2.2145e-01 -3.6774e+00 -3.7955e+00 -3.1502e+00 +2.4277e+00 -2.8370e+00 -4.6133e-01 +4.6717e-01 -3.6768e+00 +3.0206e+00 -8.8640e-01
36882 +2.492196955e-02 +2.492196955e-02 +1.630492197e+01 +1.630492197e+01 -1.4207e+00 -1.7813e+00 -1.6074e+00 -2.5697e+00 +3.0076e+00 -5.9835e-01 +1.9229e+00 -2.0302e+00 -1.4188e+00 -2.2185e-01 -3.6787e+00 -3.7954e+00 -3.1522e+00 +2.4263e+00 -2.8363e+00 -4.6270e-01 +4.6663e-01 -3.6775e+00 +3.0232e+00 -8.8437e-01
% function evaluation | noise-free fitness - Fopt (1.776600000000e+02) | best noise-free fitness - Fopt | measured fitness | best measured fitness | x1 | x2...
1 +8.312541523e+01 +8.312541523e+01 +2.607854152e+02 +2.607854152e+02 -1.5507e+00 +3.3109e+00 +3.6986e+00 -2.0697e-02 +2.0741e+00 -3.3171e-01 +3.8212e+00 -2.6826e+00 +2.4963e+00 +3.3648e+00 +1.1551e+00 +3.2388e+00 +8.3852e-01 -2.0275e+00 +1.0077e-01 +3.2993e+00 +3.3061e+00 +1.2960e+00 +3.4588e+00 -1.9965e+00
62 +5.593856670e+01 +5.593856670e+01 +2.335985667e+02 +2.335985667e+02 -5.4930e+00 +3.7141e+00 +1.1282e+00 -3.2880e+00 +2.4619e+00 +1.5114e+00 +4.7246e+00 -2.1321e+00 -7.7006e-01 +1.8169e+00 +1.2702e+00 +1.7790e+00 +8.7077e-01 -1.0087e+00 +2.9950e+00 +1.0262e+00 +3.2676e+00 +4.6596e-01 -1.1621e+00 +1.4647e+00
166 +3.871935202e+01 +3.871935202e+01 +2.163793520e+02 +2.163793520e+02 -1.5838e+00 +1.3542e+00 +1.9444e+00 -1.9577e+00 +1.0211e-01 +9.0193e-01 +4.3510e+00 -9.0984e-01 -3.0200e+00 +1.9817e+00 +4.1924e+00 -9.4772e-01 -2.9048e+00 +2.4096e+00 +4.4541e+00 +1.5174e-01 +3.9647e+00 +3.1233e+00 -1.0875e+00 -8.6636e-02
249 +2.320802063e+01 +2.320802063e+01 +2.008680206e+02 +2.008680206e+02 -3.1337e+00 -3.4324e-01 -4.2741e-02 -6.4200e-01 -4.0226e-01 +1.4026e+00 +5.0778e+00 +6.4486e-01 -2.9659e+00 +1.3544e+00 +5.4761e+00 -7.9158e-01 -2.9479e+00 -9.7345e-01 +1.9407e+00 +8.0754e-01 +2.0696e+00 +1.8140e+00 -1.1631e+00 -2.1966e+00
371 +1.491794273e+01 +1.491794273e+01 +1.925779427e+02 +1.925779427e+02 -2.3853e+00 +2.0720e+00 -2.7949e+00 -6.3730e-01 +6.3561e-02 +1.6010e+00 +3.9369e+00 +9.9362e-01 -2.4103e+00 +9.1551e-01 +3.6136e+00 -1.1757e+00 -4.4342e+00 +1.1510e+00 +2.1803e+00 -1.0032e+00 +1.7334e+00 +2.8914e+00 +2.3605e-01 -4.3909e-01
603 +9.690814105e+00 +9.690814105e+00 +1.873508141e+02 +1.873508141e+02 -3.6584e-01 +1.8820e+00 -4.3558e+00 -7.0991e-01 -2.6454e-01 +9.3793e-01 +2.4172e+00 +2.0209e+00 -2.6947e+00 +2.4068e+00 +2.3621e+00 -1.5306e+00 -5.2251e+00 +6.7817e-01 +1.8025e+00 -4.0280e-01 +2.2515e-01 +4.1224e+00 +1.2329e+00 +4.5607e-02
837 +5.524386327e+00 +5.524386327e+00 +1.831843863e+02 +1.831843863e+02 -2.5071e+00 +5.9020e-01 -3.9047e+00 -7.3997e-01 -9.1568e-01 +1.7118e+00 +2.8296e+00 +5.5782e-01 -3.6552e+00 +3.0708e+00 +3.0329e+00 -5.5864e-01 -4.0338e+00 +7.5259e-01 +1.1380e-01 -1.1673e+00 -6.0718e-01 +3.1955e+00 +1.2881e+00 +4.9204e-01
994 +3.760365886e+00 +3.760365886e+00 +1.814203659e+02 +1.814203659e+02 -1.3160e+00 +1.3184e+00 -4.0427e+00 -4.3556e-01 -1.0097e+00 +1.8291e+00 +2.5812e+00 +1.9895e+00 -3.3556e+00 +3.0428e+00 +3.0051e+00 -7.8468e-01 -3.8547e+00 +3.5631e-01 +5.8585e-01 -9.9483e-01 -3.8821e-01 +3.7458e+00 +1.1120e+00 +2.8117e-01
1374 +2.424497566e+00 +2.424497566e+00 +1.800844976e+02 +1.800844976e+02 -1.3825e+00 +5.1706e-01 -3.6440e+00 -3.7903e-01 -1.0497e+00 +2.2476e+00 +2.4178e+00 +1.8090e+00 -3.1046e+00 +3.3636e+00 +3.0229e+00 -5.4941e-01 -3.5972e+00 +1.2012e-01 +7.8309e-02 -1.2911e+00 +6.4204e-02 +3.3631e+00 +1.3399e+00 -1.0340e-01
2062 +1.526861283e+00 +1.526861283e+00 +1.791868613e+02 +1.791868613e+02 -1.1658e+00 +6.6847e-01 -3.7268e+00 -5.5443e-01 -9.8210e-01 +1.9783e+00 +2.4399e+00 +1.9397e+00 -3.1808e+00 +3.7978e+00 +2.9731e+00 -6.4732e-01 -3.6107e+00 +2.0508e-01 -1.3663e-01 -1.4026e+00 +5.6676e-02 +3.3595e+00 +1.1922e+00 -6.7225e-02
3019 +9.607176657e-01 +9.607176657e-01 +1.786207177e+02 +1.786207177e+02 -1.1632e+00 +6.6186e-01 -3.7487e+00 -5.6593e-01 -1.0223e+00 +1.9889e+00 +2.4107e+00 +1.9498e+00 -3.2050e+00 +3.7568e+00 +2.9819e+00 -6.1928e-01 -3.5850e+00 +1.6320e-01 -1.0913e-01 -1.3924e+00 +3.7227e-02 +3.3835e+00 +1.2185e+00 -7.9468e-02
70386 +6.188721226e-01 +6.188721226e-01 +1.782788721e+02 +1.782788721e+02 -6.6614e-01 +7.3488e-01 -3.6556e+00 -6.1137e-01 -7.5009e-02 +2.3674e+00 +2.1128e+00 +2.6069e+00 -2.9547e+00 +3.8852e+00 +2.7224e+00 +7.1215e-02 -2.8302e+00 +4.2854e-02 -9.5155e-01 -1.4671e+00 +6.4081e-01 +3.8400e+00 +2.3681e-02 +4.3292e-01
70626 +3.662386341e-01 +3.662386341e-01 +1.780262386e+02 +1.780262386e+02 -6.4629e-01 +7.5195e-01 -3.6784e+00 -5.6488e-01 -1.0722e-01 +2.3723e+00 +2.1002e+00 +2.6629e+00 -2.9528e+00 +3.8178e+00 +2.6981e+00 +1.1212e-01 -2.8136e+00 +6.6229e-02 -9.7316e-01 -1.4771e+00 +5.9396e-01 +3.8198e+00 +5.9453e-02 +3.7958e-01
70920 +2.469191148e-01 +2.469191148e-01 +1.779069191e+02 +1.779069191e+02 -6.1227e-01 +7.2895e-01 -3.6812e+00 -5.5439e-01 -8.8761e-02 +2.3824e+00 +2.0991e+00 +2.6949e+00 -2.9622e+00 +3.8034e+00 +2.7191e+00 +1.4122e-01 -2.8297e+00 +5.0531e-02 -9.6310e-01 -1.4795e+00 +6.0978e-01 +3.8040e+00 +2.6519e-02 +3.6808e-01
71337 +1.504887342e-01 +1.504887342e-01 +1.778104887e+02 +1.778104887e+02 -6.1107e-01 +7.4487e-01 -3.6846e+00 -5.3783e-01 -9.4901e-02 +2.3829e+00 +2.1139e+00 +2.6983e+00 -2.9693e+00 +3.7960e+00 +2.7097e+00 +1.4534e-01 -2.8370e+00 +6.5548e-02 -9.6065e-01 -1.4864e+00 +6.1939e-01 +3.8138e+00 +1.6077e-02 +3.7012e-01
71868 +9.420000401e-02 +9.420000401e-02 +1.777542000e+02 +1.777542000e+02 -6.0452e-01 +7.3721e-01 -3.6876e+00 -5.4139e-01 -8.9371e-02 +2.3902e+00 +2.1123e+00 +2.6997e+00 -2.9705e+00 +3.7954e+00 +2.7067e+00 +1.4316e-01 -2.8381e+00 +6.4613e-02 -9.6200e-01 -1.4833e+00 +6.1654e-01 +3.8140e+00 +1.6584e-02 +3.6818e-01
74208 +6.307281266e-02 +6.307281266e-02 +1.777230728e+02 +1.777230728e+02 -6.0515e-01 +7.3618e-01 -3.6883e+00 -5.4159e-01 -8.9585e-02 +2.3902e+00 +2.1129e+00 +2.6981e+00 -2.9715e+00 +3.7974e+00 +2.7063e+00 +1.4475e-01 -2.8383e+00 +6.3390e-02 -9.6383e-01 -1.4831e+00 +6.1512e-01 +3.8135e+00 +1.5475e-02 +3.6862e-01
227569 +3.803227224e-02 +3.803227224e-02 +1.776980323e+02 +1.776980323e+02 -9.5933e-01 +9.3817e-01 -3.7897e+00 -6.1311e-01 -2.9270e-01 +2.2697e+00 +2.3486e+00 +2.2833e+00 -3.2293e+00 +3.5553e+00 +2.5362e+00 -3.5847e-02 -2.9134e+00 -5.7689e-02 -7.6870e-01 -1.6953e+00 -1.3084e-01 +3.4719e+00 +1.7861e-01 +7.2040e-01
230015 +2.509309685e-02 +2.509309685e-02 +1.776850931e+02 +1.776850931e+02 -9.5899e-01 +9.3822e-01 -3.7895e+00 -6.1345e-01 -2.9272e-01 +2.2691e+00 +2.3487e+00 +2.2834e+00 -3.2293e+00 +3.5555e+00 +2.5357e+00 -3.5508e-02 -2.9135e+00 -5.8397e-02 -7.6881e-01 -1.6951e+00 -1.3110e-01 +3.4719e+00 +1.7818e-01 +7.2064e-01
% function evaluation | noise-free fitness - Fopt (-1.000000000000e+03) | best noise-free fitness - Fopt | measured fitness | best measured fitness | x1 | x2...
1 +1.582154993e+02 +1.582154993e+02 -8.417845007e+02 -8.417845007e+02 +2.7737e+00 -2.0790e+00 -1.1885e+00 -2.7038e+00 -2.1916e+00 +7.6602e-01 +2.7524e-01 -3.8581e-01 -1.7373e+00 -3.3997e+00 -1.8056e+00 +2.8926e+00 -2.4855e+00 +1.1427e+00 -1.3599e+00 +1.4241e+00 +1.8148e+00 -1.3653e-02 -3.2725e+00 +8.8606e-01
39 +9.502888829e+01 +9.502888829e+01 -9.049711117e+02 -9.049711117e+02 +1.0341e+00 -2.1581e-01 -4.9858e-01 +1.0021e+00 -4.4481e+00 +1.5106e+00 -8.6756e-01 -2.0459e+00 -2.7100e+00 -2.0165e+00 -2.1470e-01 +2.9639e+00 -9.5503e-01 -2.5016e+00 -3.0965e+00 +1.4820e+00 +2.2195e+00 +1.8257e-01 -2.7826e+00 +1.7107e+00
65 +6.266315790e+01 +6.266315790e+01 -9.373368421e+02 -9.373368421e+02 -7.4517e-01 -1.0150e+00 +2.6445e-01 +1.4697e+00 -1.5037e+00 +9.7273e-01 -2.0271e-01 -2.1076e+00 -8.5058e-01 +2.1374e-01 +1.2218e+00 +3.2969e+00 -3.0910e+00 +3.9180e+00 -1.3740e+00 +2.1455e+00 -1.0969e-01 +7.5136e-01 -1.4413e+00 -1.2761e+00
86 +3.409515755e+01 +3.409515755e+01 -9.659048424e+02 -9.659048424e+02 -8.3590e-02 +6.1113e-01 +2.9341e+00 +1.0444e+00 -3.1804e+00 +3.2492e+00 +4.2364e+00 -3.8222e-01 +1.9468e+00 +9.9358e-01 +3.4825e-01 +8.6418e-01 -1.9650e+00 +3.5848e+00 -6.2862e-01 -4.6688e-01 +3.9118e+00 -2.1309e+00 -3.9818e-01 -3.1565e-01
138 +2.370721038e+01 +2.370721038e+01 -9.762927896e+02 -9.762927896e+02 -4.1860e+00 +4.4683e+00 +7.5400e-01 +3.7429e+00 -1.3928e+00 -2.2439e+00 +1.4858e+00 -1.3061e+00 -3.5304e+00 +3.6769e+00 -1.4961e+00 +3.1331e+00 -2.0537e+00 +7.0311e-02 -1.1438e-01 -3.3056e+00 +2.6789e+00 +5.7797e-01 +1.2956e+00 -2.4342e+00
377 +1.410982222e+01 +1.410982222e+01 -9.858901778e+02 -9.858901778e+02 -9.7422e-01 +2.5973e+00 +3.2639e+00 +2.1292e+00 -1.6096e+00 -1.2327e+00 +2.6354e+00 -8.4579e-01 -9.0599e-02 +3.0525e+00 +4.6387e-01 +2.3942e+00 -2.0163e+00 +5.2715e-01 -7.0246e-02 -1.7045e+00 +1.9629e+00 +8.4014e-01 +2.4080e+00 -1.9576e+00
440 +9.373220068e+00 +9.373220068e+00 -9.906267799e+02 -9.906267799e+02 -9.9256e-01 +2.9754e+00 +2.9914e+00 +1.3243e+00 -1.4906e+00 -1.3032e+00 +3.4456e+00 +1.8871e-01 +9.0490e-01 +2.7498e+00 -7.7130e-03 +2.3284e+00 -1.9119e+00 +1.2305e+00 -5.1739e-01 -1.6374e+00 +2.0228e+00 +1.7126e+00 +1.5684e+00 -2.5728e+00
634 +5.551953367e+00 +5.551953367e+00 -9.944480466e+02 -9.944480466e+02 -1.3400e+00 +3.7751e+00 +3.1048e+00 +1.4823e+00 -1.2410e+00 -4.2785e-01 +4.1078e+00 +2.7064e+00 +1.8091e+00 +2.2857e+00 -3.9292e-01 +2.2520e+00 -2.1488e+00 +1.0987e+00 -1.1488e-01 -9.1584e-01 +1.8809e+00 +1.1872e+00 +1.5237e+00 -2.1950e+00
842 +3.849389398e+00 +3.849389398e+00 -9.961506106e+02 -9.961506106e+02 -8.0271e-01 +2.6431e+00 +2.8580e+00 +1.3294e+00 -2.1018e+00 -1.7064e+00 +3.5684e+00 +2.0686e+00 +1.4737e+00 +2.7066e+00 -5.0236e-01 +1.5793e+00 -1.3920e+00 +1.1795e+00 +9.1989e-01 -1.2487e+00 +1.4529e+00 +1.7717e+00 +2.0376e+00 -1.5629e+00
1030 +2.438413694e+00 +2.438413694e+00 -9.975615863e+02 -9.975615863e+02 -8.5694e-01 +2.4345e+00 +2.9231e+00 +1.7359e+00 -1.6284e+00 -1.5757e+00 +3.1028e+00 +1.8821e+00 +1.0190e+00 +2.8043e+00 -8.0993e-01 +1.9751e+00 -8.0109e-01 +1.1136e+00 +5.8341e-01 -4.7627e-01 +2.0363e+00 +1.6240e+00 +1.8212e+00 -1.8920e+00
1300 +1.550826334e+00 +1.550826334e+00 -9.984491737e+02 -9.984491737e+02 -9.2983e-01 +2.4259e+00 +2.7273e+00 +1.6059e+00 -2.2023e+00 -1.6042e+00 +3.1301e+00 +1.9698e+00 +1.0111e+00 +2.8676e+00 -7.0158e-01 +1.8833e+00 -6.8165e-01 +6.7128e-01 +4.3019e-01 -6.0225e-01 +1.7783e+00 +1.1518e+00 +2.0160e+00 -2.0880e+00
1573 +8.981185685e-01 +8.981185685e-01 -9.991018814e+02 -9.991018814e+02 -8.0200e-01 +2.3687e+00 +2.9149e+00 +1.7057e+00 -2.2428e+00 -1.3805e+00 +3.2310e+00 +2.1713e+00 +1.2614e+00 +2.7162e+00 -6.9901e-01 +1.9225e+00 -8.1852e-01 +7.9071e-01 +3.8988e-01 -5.6994e-01 +1.7202e+00 +1.1861e+00 +2.2262e+00 -2.0328e+00
1812 +6.308672712e-01 +6.308672712e-01 -9.993691327e+02 -9.993691327e+02 -8.1813e-01 +2.4310e+00 +2.8942e+00 +1.6561e+00 -2.2571e+00 -1.3502e+00 +3.2818e+00 +2.0931e+00 +1.2891e+00 +2.7161e+00 -7.0394e-01 +1.9272e+00 -7.3006e-01 +7.2897e-01 +4.5034e-01 -6.6202e-01 +1.7448e+00 +1.1801e+00 +2.1894e+00 -2.1602e+00
2263 +3.335089271e-01 +3.335089271e-01 -9.996664911e+02 -9.996664911e+02 -7.8873e-01 +2.4501e+00 +2.9212e+00 +1.6773e+00 -2.2719e+00 -1.3607e+00 +3.2621e+00 +2.1339e+00 +1.2947e+00 +2.6890e+00 -6.9058e-01 +1.9903e+00 -7.6184e-01 +7.7403e-01 +4.0935e-01 -6.5529e-01 +1.7400e+00 +1.1990e+00 +2.2273e+00 -2.1425e+00
2632 +2.421745160e-01 +2.421745160e-01 -9.997578255e+02 -9.997578255e+02 -7.9624e-01 +2.4614e+00 +2.9151e+00 +1.6704e+00 -2.2615e+00 -1.3495e+00 +3.2652e+00 +2.1095e+00 +1.2743e+00 +2.7029e+00 -6.8543e-01 +1.9740e+00 -7.3267e-01 +7.5934e-01 +4.2042e-01 -6.7010e-01 +1.7525e+00 +1.2063e+00 +2.2287e+00 -2.1478e+00
3291 +1.569231008e-01 +1.569231008e-01 -9.998430769e+02 -9.998430769e+02 -7.8774e-01 +2.4592e+00 +2.9172e+00 +1.6696e+00 -2.2650e+00 -1.3551e+00 +3.2582e+00 +2.1146e+00 +1.2811e+00 +2.7022e+00 -6.8124e-01 +1.9762e+00 -7.2868e-01 +7.5489e-01 +4.2426e-01 -6.6934e-01 +1.7547e+00 +1.2095e+00 +2.2332e+00 -2.1422e+00
26667 +7.684890409e-02 +7.684890409e-02 -9.999231511e+02 -9.999231511e+02 -7.2954e-01 +2.1789e+00 +3.0852e+00 +1.8819e+00 -2.9599e+00 -1.0292e+00 +3.3355e+00 +2.4438e+00 +1.4718e+00 +2.2037e+00 -7.5526e-01 +2.0285e+00 -8.2566e-01 +9.5634e-01 +1.1075e-01 -7.3599e-01 +1.5339e+00 +9.9794e-01 +2.7618e+00 -2.2666e+00
26943 +6.251933716e-02 +6.251933716e-02 -9.999374807e+02 -9.999374807e+02 -7.3376e-01 +2.1795e+00 +3.0788e+00 +1.8839e+00 -2.9606e+00 -1.0284e+00 +3.3313e+00 +2.4414e+00 +1.4662e+00 +2.2071e+00 -7.5327e-01 +2.0255e+00 -8.1810e-01 +9.5463e-01 +1.1360e-01 -7.3218e-01 +1.5324e+00 +9.8754e-01 +2.7536e+00 -2.2723e+00
27203 +3.702430106e-02 +3.702430106e-02 -9.999629757e+02 -9.999629757e+02 -7.3342e-01 +2.1751e+00 +3.0791e+00 +1.8844e+00 -2.9639e+00 -1.0259e+00 +3.3292e+00 +2.4436e+00 +1.4640e+00 +2.2058e+00 -7.5285e-01 +2.0259e+00 -8.1901e-01 +9.5758e-01 +1.1394e-01 -7.3071e-01 +1.5339e+00 +9.8442e-01 +2.7572e+00 -2.2681e+00
27748 +2.509377685e-02 +2.509377685e-02 -9.999749062e+02 -9.999749062e+02 -7.3279e-01 +2.1752e+00 +3.0789e+00 +1.8857e+00 -2.9648e+00 -1.0257e+00 +3.3288e+00 +2.4439e+00 +1.4632e+00 +2.2043e+00 -7.5226e-01 +2.0256e+00 -8.2025e-01 +9.5784e-01 +1.1387e-01 -7.3126e-01 +1.5327e+00 +9.8348e-01 +2.7579e+00 -2.2682e+00
848418 +1.426554728e-02 +1.426554728e-02 -9.999857345e+02 -9.999857345e+02 -7.8799e-01 +2.4323e+00 +2.8968e+00 +1.8098e+00 -2.2157e+00 -1.1451e+00 +3.0377e+00 +1.9361e+00 +1.1852e+00 +2.4765e+00 -7.7026e-01 +2.2917e+00 -2.8626e-01 +6.9775e-01 -5.0889e-02 -3.9829e-01 +1.8093e+00 +1.0180e+00 +2.7028e+00 -2.2470e+00
