% function evaluation | noise-free fitness - Fopt (1.491500000000e+02) | best noise-free fitness - Fopt | measured fitness | best measured fitness | x1 | x2...
1 +1.901993263e+06 +1.901993263e+06 +1.902142413e+06 +1.902142413e+06
2 +7.606560209e+05 +7.606560209e+05 +7.608051709e+05 +7.608051709e+05
93 +5.780400023e+05 +5.780400023e+05 +5.781891523e+05 +5.781891523e+05
1674 +3.685580270e+05 +3.685580270e+05 +3.687071770e+05 +3.687071770e+05
2546 +2.403116975e+05 +2.403116975e+05 +2.404608475e+05 +2.404608475e+05
4598 +6.151892963e+04 +6.151892963e+04 +6.166807963e+04 +6.166807963e+04
8602 +3.278527475e+04 +3.278527475e+04 +3.293442475e+04 +3.293442475e+04
10540 +2.091211205e+04 +2.091211205e+04 +2.106126205e+04 +2.106126205e+04
11791 +7.715584641e+03 +7.715584641e+03 +7.864734641e+03 +7.864734641e+03
15901 +5.862452278e+03 +5.862452278e+03 +6.011602278e+03 +6.011602278e+03
17156 +3.437399926e+03 +3.437399926e+03 +3.586549926e+03 +3.586549926e+03
17985 +2.230841487e+03 +2.230841487e+03 +2.379991487e+03 +2.379991487e+03
21338 +1.530982183e+03 +1.530982183e+03 +1.680132183e+03 +1.680132183e+03
22650 +9.671314749e+02 +9.671314749e+02 +1.116281475e+03 +1.116281475e+03
26077 +6.015680346e+02 +6.015680346e+02 +7.507180346e+02 +7.507180346e+02
30117 +3.899251549e+02 +3.899251549e+02 +5.390751549e+02 +5.390751549e+02
35283 +2.491848260e+02 +2.491848260e+02 +3.983348260e+02 +3.983348260e+02
42791 +1.580614187e+02 +1.580614187e+02 +3.072114187e+02 +3.072114187e+02
48972 +9.900436476e+01 +9.900436476e+01 +2.481543648e+02 +2.481543648e+02
53886 +6.214307453e+01 +6.214307453e+01 +2.112930745e+02 +2.112930745e+02
67808 +3.971191658e+01 +3.971191658e+01 +1.888619166e+02 +1.888619166e+02
395969 +2.510404562e+01 +2.510404562e+01 +1.742540456e+02 +1.742540456e+02
681526 +1.584422306e+01 +1.584422306e+01 +1.649942231e+02 +1.649942231e+02
880475 +9.994556353e+00 +9.994556353e+00 +1.591445564e+02 +1.591445564e+02
1068519 +6.309490999e+00 +6.309490999e+00 +1.554594910e+02 +1.554594910e+02
1201306 +3.973326001e+00 +3.973326001e+00 +1.531233260e+02 +1.531233260e+02
1271513 +2.478200005e+00 +2.478200005e+00 +1.516282000e+02 +1.516282000e+02
1312442 +1.584595595e+00 +1.584595595e+00 +1.507345956e+02 +1.507345956e+02
1402303 +9.983441946e-01 +9.983441946e-01 +1.501483442e+02 +1.501483442e+02
1447261 +6.302924012e-01 +6.302924012e-01 +1.497802924e+02 +1.497802924e+02
1477319 +3.947933880e-01 +3.947933880e-01 +1.495447934e+02 +1.495447934e+02
1492430 +2.485473008e-01 +2.485473008e-01 +1.493985473e+02 +1.493985473e+02
1502463 +1.583911446e-01 +1.583911446e-01 +1.493083911e+02 +1.493083911e+02
1511133 +9.977256621e-02 +9.977256621e-02 +1.492497726e+02 +1.492497726e+02
1517569 +6.306631712e-02 +6.306631712e-02 +1.492130663e+02 +1.492130663e+02
1522840 +3.886917946e-02 +3.886917946e-02 +1.491888692e+02 +1.491888692e+02
1532625 +2.473788649e-02 +2.473788649e-02 +1.491747379e+02 +1.491747379e+02
1540874 +1.548589928e-02 +1.548589928e-02 +1.491654859e+02 +1.491654859e+02
1550510 +9.939208893e-03 +9.939208893e-03 +1.491599392e+02 +1.491599392e+02
1558090 +6.101792206e-03 +6.101792206e-03 +1.491561018e+02 +1.491561018e+02
1566498 +3.976165237e-03 +3.976165237e-03 +1.491539762e+02 +1.491539762e+02
1571894 +2.434169342e-03 +2.434169342e-03 +1.491524342e+02 +1.491524342e+02
1578072 +1.417272103e-03 +1.417272103e-03 +1.491514173e+02 +1.491514173e+02
1582387 +9.516896064e-04 +9.516896064e-04 +1.491509517e+02 +1.491509517e+02
1587733 +6.050123435e-04 +6.050123435e-04 +1.491506050e+02 +1.491506050e+02
1594000 +3.954924164e-04 +3.954924164e-04 +1.491503955e+02 +1.491503955e+02
1599196 +2.426818790e-04 +2.426818790e-04 +1.491502427e+02 +1.491502427e+02
1603326 +1.565779816e-04 +1.565779816e-04 +1.491501566e+02 +1.491501566e+02
1609883 +9.812707711e-05 +9.812707711e-05 +1.491500981e+02 +1.491500981e+02
1614535 +6.069684471e-05 +6.069684471e-05 +1.491500607e+02 +1.491500607e+02
1619016 +3.686927772e-05 +3.686927772e-05 +1.491500369e+02 +1.491500369e+02
1624183 +2.301607711e-05 +2.301607711e-05 +1.491500230e+02 +1.491500230e+02
1628067 +1.575863178e-05 +1.575863178e-05 +1.491500158e+02 +1.491500158e+02
1631773 +8.850905175e-06 +8.850905175e-06 +1.491500089e+02 +1.491500089e+02
1635743 +6.289925949e-06 +6.289925949e-06 +1.491500063e+02 +1.491500063e+02
1639865 +3.760314399e-06 +3.760314399e-06 +1.491500038e+02 +1.491500038e+02
1644236 +2.434655528e-06 +2.434655528e-06 +1.491500024e+02 +1.491500024e+02
1650606 +1.583349359e-06 +1.583349359e-06 +1.491500016e+02 +1.491500016e+02
1656179 +9.634814830e-07 +9.634814830e-07 +1.491500010e+02 +1.491500010e+02
1660041 +6.243193980e-07 +6.243193980e-07 +1.491500006e+02 +1.491500006e+02
1663278 +3.934246422e-07 +3.934246422e-07 +1.491500004e+02 +1.491500004e+02
1665942 +2.346593249e-07 +2.346593249e-07 +1.491500002e+02 +1.491500002e+02
1669542 +1.452440870e-07 +1.452440870e-07 +1.491500001e+02 +1.491500001e+02
1672821 +9.476036666e-08 +9.476036666e-08 +1.491500001e+02 +1.491500001e+02
1675238 +5.681530979e-08 +5.681530979e-08 +1.491500001e+02 +1.491500001e+02
1677975 +3.790989922e-08 +3.790989922e-08 +1.491500000e+02 +1.491500000e+02
1679950 +2.409737476e-08 +2.409737476e-08 +1.491500000e+02 +1.491500000e+02
1682510 +1.380669801e-08 +1.380669801e-08 +1.491500000e+02 +1.491500000e+02
1685625 +9.232707043e-09 +9.232707043e-09 +1.491500000e+02 +1.491500000e+02
% function evaluation | noise-free fitness - Fopt (-1.000000000000e+03) | best noise-free fitness - Fopt | measured fitness | best measured fitness | x1 | x2...
1 +1.307094215e+06 +1.307094215e+06 +1.306094215e+06 +1.306094215e+06
2 +8.579349436e+05 +8.579349436e+05 +8.569349436e+05 +8.569349436e+05
14 +5.139143932e+05 +5.139143932e+05 +5.129143932e+05 +5.129143932e+05
1377 +3.507546095e+05 +3.507546095e+05 +3.497546095e+05 +3.497546095e+05
2343 +2.134717264e+05 +2.134717264e+05 +2.124717264e+05 +2.124717264e+05
3185 +1.159663841e+05 +1.159663841e+05 +1.149663841e+05 +1.149663841e+05
4774 +9.828747579e+04 +9.828747579e+04 +9.728747579e+04 +9.728747579e+04
5884 +5.931299428e+04 +5.931299428e+04 +5.831299428e+04 +5.831299428e+04
7307 +3.187778501e+04 +3.187778501e+04 +3.087778501e+04 +3.087778501e+04
10110 +2.388854098e+04 +2.388854098e+04 +2.288854098e+04 +2.288854098e+04
10347 +1.530635515e+04 +1.530635515e+04 +1.430635515e+04 +1.430635515e+04
12017 +8.297204289e+03 +8.297204289e+03 +7.297204289e+03 +7.297204289e+03
13543 +5.037822403e+03 +5.037822403e+03 +4.037822403e+03 +4.037822403e+03
13783 +3.904556131e+03 +3.904556131e+03 +2.904556131e+03 +2.904556131e+03
16686 +2.376926727e+03 +2.376926727e+03 +1.376926727e+03 +1.376926727e+03
19418 +1.252773276e+03 +1.252773276e+03 +2.527732762e+02 +2.527732762e+02
21213 +9.451593769e+02 +9.451593769e+02 -5.484062312e+01 -5.484062312e+01
23677 +5.143536335e+02 +5.143536335e+02 -4.856463665e+02 -4.856463665e+02
26573 +3.340571383e+02 +3.340571383e+02 -6.659428617e+02 -6.659428617e+02
30477 +2.217499514e+02 +2.217499514e+02 -7.782500486e+02 -7.782500486e+02
34186 +1.473186378e+02 +1.473186378e+02 -8.526813622e+02 -8.526813622e+02
39237 +9.271401720e+01 +9.271401720e+01 -9.072859828e+02 -9.072859828e+02
43762 +6.209964915e+01 +6.209964915e+01 -9.379003509e+02 -9.379003509e+02
56681 +3.975039291e+01 +3.975039291e+01 -9.602496071e+02 -9.602496071e+02
651157 +2.510838006e+01 +2.510838006e+01 -9.748916199e+02 -9.748916199e+02
1012163 +1.583363772e+01 +1.583363772e+01 -9.841663623e+02 -9.841663623e+02
1285673 +9.999510357e+00 +9.999510357e+00 -9.900004896e+02 -9.900004896e+02
1421619 +6.291724165e+00 +6.291724165e+00 -9.937082758e+02 -9.937082758e+02
1534809 +3.980575174e+00 +3.980575174e+00 -9.960194248e+02 -9.960194248e+02
1594966 +2.498187773e+00 +2.498187773e+00 -9.975018122e+02 -9.975018122e+02
1616876 +1.584569602e+00 +1.584569602e+00 -9.984154304e+02 -9.984154304e+02
1641759 +9.940020942e-01 +9.940020942e-01 -9.990059979e+02 -9.990059979e+02
1660270 +6.257538354e-01 +6.257538354e-01 -9.993742462e+02 -9.993742462e+02
1677248 +3.944538311e-01 +3.944538311e-01 -9.996055462e+02 -9.996055462e+02
1697058 +2.490316771e-01 +2.490316771e-01 -9.997509683e+02 -9.997509683e+02
1717548 +1.582798754e-01 +1.582798754e-01 -9.998417201e+02 -9.998417201e+02
1746025 +9.956938984e-02 +9.956938984e-02 -9.999004306e+02 -9.999004306e+02
1762786 +6.309504104e-02 +6.309504104e-02 -9.999369050e+02 -9.999369050e+02
1773647 +3.964800075e-02 +3.964800075e-02 -9.999603520e+02 -9.999603520e+02
1784803 +2.494366960e-02 +2.494366960e-02 -9.999750563e+02 -9.999750563e+02
1799825 +1.584663159e-02 +1.584663159e-02 -9.999841534e+02 -9.999841534e+02
1810410 +9.945758804e-03 +9.945758804e-03 -9.999900542e+02 -9.999900542e+02
1825834 +6.261373896e-03 +6.261373896e-03 -9.999937386e+02 -9.999937386e+02
1835638 +3.946759708e-03 +3.946759708e-03 -9.999960532e+02 -9.999960532e+02
1844880 +2.497453426e-03 +2.497453426e-03 -9.999975025e+02 -9.999975025e+02
1850009 +1.566467741e-03 +1.566467741e-03 -9.999984335e+02 -9.999984335e+02
1857094 +9.997973042e-04 +9.997973042e-04 -9.999990002e+02 -9.999990002e+02
1864098 +6.173164235e-04 +6.173164235e-04 -9.999993827e+02 -9.999993827e+02
1873660 +3.946800048e-04 +3.946800048e-04 -9.999996053e+02 -9.999996053e+02
1882464 +2.484733010e-04 +2.484733010e-04 -9.999997515e+02 -9.999997515e+02
1890783 +1.544317347e-04 +1.544317347e-04 -9.999998456e+02 -9.999998456e+02
1897592 +9.740148471e-05 +9.740148471e-05 -9.999999026e+02 -9.999999026e+02
1903394 +6.303119108e-05 +6.303119108e-05 -9.999999370e+02 -9.999999370e+02
1908108 +3.815274727e-05 +3.815274727e-05 -9.999999618e+02 -9.999999618e+02
1910909 +2.337511739e-05 +2.337511739e-05 -9.999999766e+02 -9.999999766e+02
1915058 +1.504100317e-05 +1.504100317e-05 -9.999999850e+02 -9.999999850e+02
1918956 +9.986502732e-06 +9.986502732e-06 -9.999999900e+02 -9.999999900e+02
1924395 +6.203292173e-06 +6.203292173e-06 -9.999999938e+02 -9.999999938e+02
1929652 +3.781072678e-06 +3.781072678e-06 -9.999999962e+02 -9.999999962e+02
1933275 +2.452619128e-06 +2.452619128e-06 -9.999999975e+02 -9.999999975e+02
1939802 +1.566001060e-06 +1.566001060e-06 -9.999999984e+02 -9.999999984e+02
1944819 +9.870690292e-07 +9.870690292e-07 -9.999999990e+02 -9.999999990e+02
1948868 +5.993150580e-07 +5.993150580e-07 -9.999999994e+02 -9.999999994e+02
1953030 +3.967453495e-07 +3.967453495e-07 -9.999999996e+02 -9.999999996e+02
1955796 +2.475416068e-07 +2.475416068e-07 -9.999999998e+02 -9.999999998e+02
1962170 +1.548369255e-07 +1.548369255e-07 -9.999999998e+02 -9.999999998e+02
1967748 +9.378982213e-08 +9.378982213e-08 -9.999999999e+02 -9.999999999e+02
1973083 +6.171592304e-08 +6.171592304e-08 -9.999999999e+02 -9.999999999e+02
1979902 +3.844445473e-08 +3.844445473e-08 -1.000000000e+03 -1.000000000e+03
1986340 +2.510967079e-08 +2.510967079e-08 -1.000000000e+03 -1.000000000e+03
1991946 +1.571913799e-08 +1.571913799e-08 -1.000000000e+03 -1.000000000e+03
1995312 +9.372115528e-09 +9.372115528e-09 -1.000000000e+03 -1.000000000e+03
% function evaluation | noise-free fitness - Fopt (9.862000000000e+01) | best noise-free fitness - Fopt | measured fitness | best measured fitness | x1 | x2...
1 +1.153598962e+06 +1.153598962e+06 +1.153697582e+06 +1.153697582e+06
5 +9.898407676e+05 +9.898407676e+05 +9.899393876e+05 +9.899393876e+05
308 +5.380443819e+05 +5.380443819e+05 +5.381430019e+05 +5.381430019e+05
1292 +3.061716978e+05 +3.061716978e+05 +3.062703178e+05 +3.062703178e+05
2493 +2.494804593e+05 +2.494804593e+05 +2.495790793e+05 +2.495790793e+05
3877 +1.369425355e+05 +1.369425355e+05 +1.370411555e+05 +1.370411555e+05
4625 +8.157967761e+04 +8.157967761e+04 +8.167829761e+04 +8.167829761e+04
5988 +6.107862514e+04 +6.107862514e+04 +6.117724514e+04 +6.117724514e+04
8069 +3.225246386e+04 +3.225246386e+04 +3.235108386e+04 +3.235108386e+04
9169 +1.566932525e+04 +1.566932525e+04 +1.576794525e+04 +1.576794525e+04
11961 +8.146535242e+03 +8.146535242e+03 +8.245155242e+03 +8.245155242e+03
12551 +5.656279222e+03 +5.656279222e+03 +5.754899222e+03 +5.754899222e+03
15713 +3.410857836e+03 +3.410857836e+03 +3.509477836e+03 +3.509477836e+03
18043 +2.156399423e+03 +2.156399423e+03 +2.255019423e+03 +2.255019423e+03
19648 +1.476048094e+03 +1.476048094e+03 +1.574668094e+03 +1.574668094e+03
22525 +9.944038074e+02 +9.944038074e+02 +1.093023807e+03 +1.093023807e+03
24504 +5.820245428e+02 +5.820245428e+02 +6.806445428e+02 +6.806445428e+02
27930 +3.667277007e+02 +3.667277007e+02 +4.653477007e+02 +4.653477007e+02
31873 +2.478039605e+02 +2.478039605e+02 +3.464239605e+02 +3.464239605e+02
35711 +1.487269161e+02 +1.487269161e+02 +2.473469161e+02 +2.473469161e+02
40451 +9.909819036e+01 +9.909819036e+01 +1.977181904e+02 +1.977181904e+02
46115 +5.749370825e+01 +5.749370825e+01 +1.561137082e+02 +1.561137082e+02
60164 +3.955889164e+01 +3.955889164e+01 +1.381788916e+02 +1.381788916e+02
385744 +2.511130886e+01 +2.511130886e+01 +1.237313089e+02 +1.237313089e+02
711876 +1.584086873e+01 +1.584086873e+01 +1.144608687e+02 +1.144608687e+02
865639 +9.993065535e+00 +9.993065535e+00 +1.086130655e+02 +1.086130655e+02
1047264 +6.292553585e+00 +6.292553585e+00 +1.049125536e+02 +1.049125536e+02
1170055 +3.978328928e+00 +3.978328928e+00 +1.025983289e+02 +1.025983289e+02
1254156 +2.507061905e+00 +2.507061905e+00 +1.011270619e+02 +1.011270619e+02
1293469 +1.583928678e+00 +1.583928678e+00 +1.002039287e+02 +1.002039287e+02
1313681 +9.938826444e-01 +9.938826444e-01 +9.961388264e+01 +9.961388264e+01
1334626 +6.292219803e-01 +6.292219803e-01 +9.924922198e+01 +9.924922198e+01
1359289 +3.977554933e-01 +3.977554933e-01 +9.901775549e+01 +9.901775549e+01
1372214 +2.494709993e-01 +2.494709993e-01 +9.886947100e+01 +9.886947100e+01
1386275 +1.572205971e-01 +1.572205971e-01 +9.877722060e+01 +9.877722060e+01
1407569 +9.982376262e-02 +9.982376262e-02 +9.871982376e+01 +9.871982376e+01
1422842 +6.225465407e-02 +6.225465407e-02 +9.868225465e+01 +9.868225465e+01
1434566 +3.956429451e-02 +3.956429451e-02 +9.865956429e+01 +9.865956429e+01
1449658 +2.495693147e-02 +2.495693147e-02 +9.864495693e+01 +9.864495693e+01
1464992 +1.583532093e-02 +1.583532093e-02 +9.863583532e+01 +9.863583532e+01
1477193 +9.847250774e-03 +9.847250774e-03 +9.862984725e+01 +9.862984725e+01
1491626 +6.295566188e-03 +6.295566188e-03 +9.862629557e+01 +9.862629557e+01
1500292 +3.968597275e-03 +3.968597275e-03 +9.862396860e+01 +9.862396860e+01
1511065 +2.498541866e-03 +2.498541866e-03 +9.862249854e+01 +9.862249854e+01
1520028 +1.577183031e-03 +1.577183031e-03 +9.862157718e+01 +9.862157718e+01
1528787 +9.886334832e-04 +9.886334832e-04 +9.862098863e+01 +9.862098863e+01
1536507 +6.309165246e-04 +6.309165246e-04 +9.862063092e+01 +9.862063092e+01
1543682 +3.956780096e-04 +3.956780096e-04 +9.862039568e+01 +9.862039568e+01
1550513 +2.416060789e-04 +2.416060789e-04 +9.862024161e+01 +9.862024161e+01
1559405 +1.544203241e-04 +1.544203241e-04 +9.862015442e+01 +9.862015442e+01
1568659 +9.783718316e-05 +9.783718316e-05 +9.862009784e+01 +9.862009784e+01
1575749 +5.925975951e-05 +5.925975951e-05 +9.862005926e+01 +9.862005926e+01
1585177 +3.791246043e-05 +3.791246043e-05 +9.862003791e+01 +9.862003791e+01
1591697 +2.464742680e-05 +2.464742680e-05 +9.862002465e+01 +9.862002465e+01
1596950 +1.465483545e-05 +1.465483545e-05 +9.862001465e+01 +9.862001465e+01
1602746 +9.884084875e-06 +9.884084875e-06 +9.862000988e+01 +9.862000988e+01
1607716 +6.140602466e-06 +6.140602466e-06 +9.862000614e+01 +9.862000614e+01
1612091 +3.833839017e-06 +3.833839017e-06 +9.862000383e+01 +9.862000383e+01
1616187 +2.457247874e-06 +2.457247874e-06 +9.862000246e+01 +9.862000246e+01
1620228 +1.571850220e-06 +1.571850220e-06 +9.862000157e+01 +9.862000157e+01
1623094 +9.936277081e-07 +9.936277081e-07 +9.862000099e+01 +9.862000099e+01
1627653 +6.192988451e-07 +6.192988451e-07 +9.862000062e+01 +9.862000062e+01
1632058 +3.967627862e-07 +3.967627862e-07 +9.862000040e+01 +9.862000040e+01
1635253 +2.456411039e-07 +2.456411039e-07 +9.862000025e+01 +9.862000025e+01
1637621 +1.576416082e-07 +1.576416082e-07 +9.862000016e+01 +9.862000016e+01
1640123 +8.819522179e-08 +8.819522179e-08 +9.862000009e+01 +9.862000009e+01
1642688 +6.278142450e-08 +6.278142450e-08 +9.862000006e+01 +9.862000006e+01
1646167 +3.268172577e-08 +3.268172577e-08 +9.862000003e+01 +9.862000003e+01
1650396 +2.456789616e-08 +2.456789616e-08 +9.862000002e+01 +9.862000002e+01
1652708 +1.570462871e-08 +1.570462871e-08 +9.862000002e+01 +9.862000002e+01
1654859 +9.903487808e-09 +9.903487808e-09 +9.862000001e+01 +9.862000001e+01
% function evaluation | noise-free fitness - Fopt (-4.715000000000e+01) | best noise-free fitness - Fopt | measured fitness | best measured fitness | x1 | x2...
1 +1.248384427e+06 +1.248384427e+06 +1.248337277e+06 +1.248337277e+06
5 +9.777660196e+05 +9.777660196e+05 +9.777188696e+05 +9.777188696e+05
33 +6.308096787e+05 +6.308096787e+05 +6.307625287e+05 +6.307625287e+05
1660 +3.673555213e+05 +3.673555213e+05 +3.673083713e+05 +3.673083713e+05
2585 +2.288597190e+05 +2.288597190e+05 +2.288125690e+05 +2.288125690e+05
3707 +1.208169259e+05 +1.208169259e+05 +1.207697759e+05 +1.207697759e+05
5638 +9.536711648e+04 +9.536711648e+04 +9.531996648e+04 +9.531996648e+04
6383 +5.568448861e+04 +5.568448861e+04 +5.563733861e+04 +5.563733861e+04
7676 +2.847932883e+04 +2.847932883e+04 +2.843217883e+04 +2.843217883e+04
9685 +2.394489588e+04 +2.394489588e+04 +2.389774588e+04 +2.389774588e+04
11785 +1.439846636e+04 +1.439846636e+04 +1.435131636e+04 +1.435131636e+04
12403 +7.473771434e+03 +7.473771434e+03 +7.426621434e+03 +7.426621434e+03
15002 +5.705104251e+03 +5.705104251e+03 +5.657954251e+03 +5.657954251e+03
17608 +3.976194347e+03 +3.976194347e+03 +3.929044347e+03 +3.929044347e+03
19329 +2.472147151e+03 +2.472147151e+03 +2.424997151e+03 +2.424997151e+03
20780 +1.562111520e+03 +1.562111520e+03 +1.514961520e+03 +1.514961520e+03
24452 +9.755528138e+02 +9.755528138e+02 +9.284028138e+02 +9.284028138e+02
26351 +5.838558276e+02 +5.838558276e+02 +5.367058276e+02 +5.367058276e+02
30604 +3.879275330e+02 +3.879275330e+02 +3.407775330e+02 +3.407775330e+02
32036 +2.408193651e+02 +2.408193651e+02 +1.936693651e+02 +1.936693651e+02
36039 +1.531904655e+02 +1.531904655e+02 +1.060404655e+02 +1.060404655e+02
41622 +9.604983821e+01 +9.604983821e+01 +4.889983821e+01 +4.889983821e+01
47734 +6.199674304e+01 +6.199674304e+01 +1.484674304e+01 +1.484674304e+01
66453 +3.979211060e+01 +3.979211060e+01 -7.357889404e+00 -7.357889404e+00
560038 +2.510761865e+01 +2.510761865e+01 -2.204238135e+01 -2.204238135e+01
972896 +1.584329281e+01 +1.584329281e+01 -3.130670719e+01 -3.130670719e+01
1234013 +9.999552742e+00 +9.999552742e+00 -3.715044726e+01 -3.715044726e+01
1343144 +6.306585846e+00 +6.306585846e+00 -4.084341415e+01 -4.084341415e+01
1405548 +3.978475230e+00 +3.978475230e+00 -4.317152477e+01 -4.317152477e+01
1449260 +2.483636026e+00 +2.483636026e+00 -4.466636397e+01 -4.466636397e+01
1466140 +1.580471623e+00 +1.580471623e+00 -4.556952838e+01 -4.556952838e+01
1484045 +9.942669334e-01 +9.942669334e-01 -4.615573307e+01 -4.615573307e+01
1501233 +6.309487250e-01 +6.309487250e-01 -4.651905127e+01 -4.651905127e+01
1544910 +3.964447316e-01 +3.964447316e-01 -4.675355527e+01 -4.675355527e+01
1576541 +2.508402595e-01 +2.508402595e-01 -4.689915974e+01 -4.689915974e+01
1613000 +1.581332292e-01 +1.581332292e-01 -4.699186677e+01 -4.699186677e+01
1640532 +9.982805197e-02 +9.982805197e-02 -4.705017195e+01 -4.705017195e+01
1660280 +6.245796057e-02 +6.245796057e-02 -4.708754204e+01 -4.708754204e+01
1671726 +3.900949734e-02 +3.900949734e-02 -4.711099050e+01 -4.711099050e+01
1677331 +2.393742501e-02 +2.393742501e-02 -4.712606257e+01 -4.712606257e+01
1685279 +1.584140634e-02 +1.584140634e-02 -4.713415859e+01 -4.713415859e+01
1692194 +9.553720038e-03 +9.553720038e-03 -4.714044628e+01 -4.714044628e+01
1694602 +6.188172980e-03 +6.188172980e-03 -4.714381183e+01 -4.714381183e+01
1701711 +3.870735344e-03 +3.870735344e-03 -4.714612926e+01 -4.714612926e+01
1708016 +2.506407967e-03 +2.506407967e-03 -4.714749359e+01 -4.714749359e+01
1715161 +1.557158399e-03 +1.557158399e-03 -4.714844284e+01 -4.714844284e+01
1721902 +9.725029437e-04 +9.725029437e-04 -4.714902750e+01 -4.714902750e+01
1730407 +6.308778458e-04 +6.308778458e-04 -4.714936912e+01 -4.714936912e+01
1738784 +3.919627866e-04 +3.919627866e-04 -4.714960804e+01 -4.714960804e+01
1744410 +2.382458945e-04 +2.382458945e-04 -4.714976175e+01 -4.714976175e+01
1749230 +1.571530151e-04 +1.571530151e-04 -4.714984285e+01 -4.714984285e+01
1755025 +9.877436327e-05 +9.877436327e-05 -4.714990123e+01 -4.714990123e+01
1759603 +5.982805510e-05 +5.982805510e-05 -4.714994017e+01 -4.714994017e+01
1764231 +3.978429336e-05 +3.978429336e-05 -4.714996022e+01 -4.714996022e+01
1769240 +2.450509218e-05 +2.450509218e-05 -4.714997549e+01 -4.714997549e+01
1773917 +1.556994192e-05 +1.556994192e-05 -4.714998443e+01 -4.714998443e+01
1777483 +9.562694039e-06 +9.562694039e-06 -4.714999044e+01 -4.714999044e+01
1780512 +6.144477290e-06 +6.144477290e-06 -4.714999386e+01 -4.714999386e+01
1784089 +3.792721287e-06 +3.792721287e-06 -4.714999621e+01 -4.714999621e+01
1788071 +2.442671097e-06 +2.442671097e-06 -4.714999756e+01 -4.714999756e+01
1792394 +1.466298819e-06 +1.466298819e-06 -4.714999853e+01 -4.714999853e+01
1795467 +9.759273780e-07 +9.759273780e-07 -4.714999902e+01 -4.714999902e+01
1798953 +5.430950409e-07 +5.430950409e-07 -4.714999946e+01 -4.714999946e+01
1802703 +3.840672349e-07 +3.840672349e-07 -4.714999962e+01 -4.714999962e+01
1806034 +2.428968671e-07 +2.428968671e-07 -4.714999976e+01 -4.714999976e+01
1808106 +1.480068050e-07 +1.480068050e-07 -4.714999985e+01 -4.714999985e+01
1813492 +9.860129069e-08 +9.860129069e-08 -4.714999990e+01 -4.714999990e+01
1816582 +5.656665536e-08 +5.656665536e-08 -4.714999994e+01 -4.714999994e+01
1821214 +3.786897196e-08 +3.786897196e-08 -4.714999996e+01 -4.714999996e+01
1825207 +2.194200732e-08 +2.194200732e-08 -4.714999998e+01 -4.714999998e+01
1829603 +1.554548135e-08 +1.554548135e-08 -4.714999998e+01 -4.714999998e+01
1834429 +9.653334132e-09 +9.653334132e-09 -4.714999999e+01 -4.714999999e+01
% function evaluation | noise-free fitness - Fopt (3.752000000000e+01) | best noise-free fitness - Fopt | measured fitness | best measured fitness | x1 | x2...
1 +1.029096171e+06 +1.029096171e+06 +1.029133691e+06 +1.029133691e+06
3 +7.307320087e+05 +7.307320087e+05 +7.307695287e+05 +7.307695287e+05
27 +4.877433188e+05 +4.877433188e+05 +4.877808388e+05 +4.877808388e+05
156 +3.890683382e+05 +3.890683382e+05 +3.891058582e+05 +3.891058582e+05
1695 +2.485858142e+05 +2.485858142e+05 +2.486233342e+05 +2.486233342e+05
2160 +1.469407570e+05 +1.469407570e+05 +1.469782770e+05 +1.469782770e+05
4398 +9.109924126e+04 +9.109924126e+04 +9.113676126e+04 +9.113676126e+04
5159 +5.294036467e+04 +5.294036467e+04 +5.297788467e+04 +5.297788467e+04
5563 +3.183433246e+04 +3.183433246e+04 +3.187185246e+04 +3.187185246e+04
9165 +2.058263040e+04 +2.058263040e+04 +2.062015040e+04 +2.062015040e+04
10296 +1.500016104e+04 +1.500016104e+04 +1.503768104e+04 +1.503768104e+04
12139 +6.535704063e+03 +6.535704063e+03 +6.573224063e+03 +6.573224063e+03
12990 +6.082395608e+03 +6.082395608e+03 +6.119915608e+03 +6.119915608e+03
15338 +3.631810955e+03 +3.631810955e+03 +3.669330955e+03 +3.669330955e+03
16846 +1.686219001e+03 +1.686219001e+03 +1.723739001e+03 +1.723739001e+03
18840 +1.367089567e+03 +1.367089567e+03 +1.404609567e+03 +1.404609567e+03
21322 +8.274645439e+02 +8.274645439e+02 +8.649845439e+02 +8.649845439e+02
24466 +6.147916510e+02 +6.147916510e+02 +6.523116510e+02 +6.523116510e+02
26103 +3.970169837e+02 +3.970169837e+02 +4.345369837e+02 +4.345369837e+02
29379 +2.496214977e+02 +2.496214977e+02 +2.871414977e+02 +2.871414977e+02
34562 +1.523125632e+02 +1.523125632e+02 +1.898325632e+02 +1.898325632e+02
39476 +9.781435816e+01 +9.781435816e+01 +1.353343582e+02 +1.353343582e+02
44109 +6.251059620e+01 +6.251059620e+01 +1.000305962e+02 +1.000305962e+02
59514 +3.974916374e+01 +3.974916374e+01 +7.726916374e+01 +7.726916374e+01
472025 +2.510030978e+01 +2.510030978e+01 +6.262030978e+01 +6.262030978e+01
794551 +1.584602302e+01 +1.584602302e+01 +5.336602302e+01 +5.336602302e+01
1028169 +9.999852469e+00 +9.999852469e+00 +4.751985247e+01 +4.751985247e+01
1131506 +6.308251023e+00 +6.308251023e+00 +4.382825102e+01 +4.382825102e+01
1220089 +3.980921691e+00 +3.980921691e+00 +4.150092169e+01 +4.150092169e+01
1271898 +2.507185959e+00 +2.507185959e+00 +4.002718596e+01 +4.002718596e+01
1308472 +1.583182857e+00 +1.583182857e+00 +3.910318286e+01 +3.910318286e+01
1336433 +9.993273753e-01 +9.993273753e-01 +3.851932738e+01 +3.851932738e+01
1358189 +6.281254165e-01 +6.281254165e-01 +3.814812542e+01 +3.814812542e+01
1369786 +3.974242193e-01 +3.974242193e-01 +3.791742422e+01 +3.791742422e+01
1379388 +2.469098812e-01 +2.469098812e-01 +3.776690988e+01 +3.776690988e+01
1390664 +1.569233905e-01 +1.569233905e-01 +3.767692339e+01 +3.767692339e+01
1406746 +9.937512371e-02 +9.937512371e-02 +3.761937512e+01 +3.761937512e+01
1417813 +6.279989386e-02 +6.279989386e-02 +3.758279989e+01 +3.758279989e+01
1423882 +3.907671188e-02 +3.907671188e-02 +3.755907671e+01 +3.755907671e+01
1428132 +2.498083302e-02 +2.498083302e-02 +3.754498083e+01 +3.754498083e+01
1433006 +1.532808523e-02 +1.532808523e-02 +3.753532809e+01 +3.753532809e+01
1439209 +9.749772492e-03 +9.749772492e-03 +3.752974977e+01 +3.752974977e+01
1447056 +6.257164486e-03 +6.257164486e-03 +3.752625716e+01 +3.752625716e+01
1453219 +3.953765637e-03 +3.953765637e-03 +3.752395377e+01 +3.752395377e+01
1458953 +2.336934331e-03 +2.336934331e-03 +3.752233693e+01 +3.752233693e+01
1462404 +1.564470908e-03 +1.564470908e-03 +3.752156447e+01 +3.752156447e+01
1465740 +8.853486889e-04 +8.853486889e-04 +3.752088535e+01 +3.752088535e+01
1469044 +6.302157494e-04 +6.302157494e-04 +3.752063022e+01 +3.752063022e+01
1473452 +3.740194400e-04 +3.740194400e-04 +3.752037402e+01 +3.752037402e+01
1477841 +2.493185449e-04 +2.493185449e-04 +3.752024932e+01 +3.752024932e+01
1484396 +1.538378587e-04 +1.538378587e-04 +3.752015384e+01 +3.752015384e+01
1491824 +9.753545481e-05 +9.753545481e-05 +3.752009754e+01 +3.752009754e+01
1497040 +6.262369177e-05 +6.262369177e-05 +3.752006262e+01 +3.752006262e+01
1502450 +3.931457238e-05 +3.931457238e-05 +3.752003931e+01 +3.752003931e+01
1505826 +2.339845800e-05 +2.339845800e-05 +3.752002340e+01 +3.752002340e+01
1508329 +1.439744337e-05 +1.439744337e-05 +3.752001440e+01 +3.752001440e+01
1511242 +9.969885731e-06 +9.969885731e-06 +3.752000997e+01 +3.752000997e+01
1516533 +6.291649967e-06 +6.291649967e-06 +3.752000629e+01 +3.752000629e+01
1520116 +3.622377939e-06 +3.622377939e-06 +3.752000362e+01 +3.752000362e+01
1523264 +2.402656420e-06 +2.402656420e-06 +3.752000240e+01 +3.752000240e+01
1525000 +1.461791761e-06 +1.461791761e-06 +3.752000146e+01 +3.752000146e+01
1528656 +7.552016470e-07 +7.552016470e-07 +3.752000076e+01 +3.752000076e+01
1531663 +5.670440757e-07 +5.670440757e-07 +3.752000057e+01 +3.752000057e+01
1534193 +3.909125041e-07 +3.909125041e-07 +3.752000039e+01 +3.752000039e+01
1537655 +2.284549154e-07 +2.284549154e-07 +3.752000023e+01 +3.752000023e+01
1539803 +1.454999108e-07 +1.454999108e-07 +3.752000015e+01 +3.752000015e+01
1543413 +9.214998187e-08 +9.214998187e-08 +3.752000009e+01 +3.752000009e+01
1546162 +6.151379495e-08 +6.151379495e-08 +3.752000006e+01 +3.752000006e+01
1549737 +3.878209043e-08 +3.878209043e-08 +3.752000004e+01 +3.752000004e+01
1553439 +2.445550251e-08 +2.445550251e-08 +3.752000002e+01 +3.752000002e+01
1556061 +1.480101730e-08 +1.480101730e-08 +3.752000001e+01 +3.752000001e+01
1556983 +9.612115548e-09 +9.612115548e-09 +3.752000001e+01 +3.752000001e+01
% function evaluation | noise-free fitness - Fopt (-4.257500000000e+02) | best noise-free fitness - Fopt | measured fitness | best measured fitness | x1 | x2...
1 +1.157404134e+06 +1.157404134e+06 +1.156978384e+06 +1.156978384e+06
6 +9.302250708e+05 +9.302250708e+05 +9.297993208e+05 +9.297993208e+05
94 +3.378315612e+05 +3.378315612e+05 +3.374058112e+05 +3.374058112e+05
2118 +2.334739187e+05 +2.334739187e+05 +2.330481687e+05 +2.330481687e+05
3212 +1.305338891e+05 +1.305338891e+05 +1.301081391e+05 +1.301081391e+05
5389 +8.694779998e+04 +8.694779998e+04 +8.652204998e+04 +8.652204998e+04
6765 +5.992543385e+04 +5.992543385e+04 +5.949968385e+04 +5.949968385e+04
6840 +3.873832902e+04 +3.873832902e+04 +3.831257902e+04 +3.831257902e+04
8524 +2.188502875e+04 +2.188502875e+04 +2.145927875e+04 +2.145927875e+04
10832 +1.531019685e+04 +1.531019685e+04 +1.488444685e+04 +1.488444685e+04
12249 +8.999227087e+03 +8.999227087e+03 +8.573477087e+03 +8.573477087e+03
14183 +6.211813473e+03 +6.211813473e+03 +5.786063473e+03 +5.786063473e+03
14862 +2.062238107e+03 +2.062238107e+03 +1.636488107e+03 +1.636488107e+03
18205 +1.537044141e+03 +1.537044141e+03 +1.111294141e+03 +1.111294141e+03
21418 +7.337965575e+02 +7.337965575e+02 +3.080465575e+02 +3.080465575e+02
22789 +5.877626606e+02 +5.877626606e+02 +1.620126606e+02 +1.620126606e+02
27741 +3.974569224e+02 +3.974569224e+02 -2.829307760e+01 -2.829307760e+01
29581 +2.451396280e+02 +2.451396280e+02 -1.806103720e+02 -1.806103720e+02
33840 +1.576794908e+02 +1.576794908e+02 -2.680705092e+02 -2.680705092e+02
37962 +9.887338796e+01 +9.887338796e+01 -3.268766120e+02 -3.268766120e+02
46946 +6.232711055e+01 +6.232711055e+01 -3.634228895e+02 -3.634228895e+02
64630 +3.965452539e+01 +3.965452539e+01 -3.860954746e+02 -3.860954746e+02
373610 +2.510966888e+01 +2.510966888e+01 -4.006403311e+02 -4.006403311e+02
708448 +1.584246959e+01 +1.584246959e+01 -4.099075304e+02 -4.099075304e+02
987629 +9.999723336e+00 +9.999723336e+00 -4.157502767e+02 -4.157502767e+02
1099914 +6.306932012e+00 +6.306932012e+00 -4.194430680e+02 -4.194430680e+02
1187652 +3.974455011e+00 +3.974455011e+00 -4.217755450e+02 -4.217755450e+02
1231153 +2.511166880e+00 +2.511166880e+00 -4.232388331e+02 -4.232388331e+02
1292621 +1.574746624e+00 +1.574746624e+00 -4.241752534e+02 -4.241752534e+02
1325076 +9.951382827e-01 +9.951382827e-01 -4.247548617e+02 -4.247548617e+02
1366828 +6.303973499e-01 +6.303973499e-01 -4.251196027e+02 -4.251196027e+02
1404365 +3.962792313e-01 +3.962792313e-01 -4.253537208e+02 -4.253537208e+02
1421766 +2.497203704e-01 +2.497203704e-01 -4.255002796e+02 -4.255002796e+02
1438001 +1.584060152e-01 +1.584060152e-01 -4.255915940e+02 -4.255915940e+02
1451071 +9.832894804e-02 +9.832894804e-02 -4.256516711e+02 -4.256516711e+02
1467121 +6.202265185e-02 +6.202265185e-02 -4.256879773e+02 -4.256879773e+02
1481532 +3.921293691e-02 +3.921293691e-02 -4.257107871e+02 -4.257107871e+02
1494497 +2.500602882e-02 +2.500602882e-02 -4.257249940e+02 -4.257249940e+02
1502108 +1.389996935e-02 +1.389996935e-02 -4.257361000e+02 -4.257361000e+02
1507786 +9.926343565e-03 +9.926343565e-03 -4.257400737e+02 -4.257400737e+02
1514851 +6.137114068e-03 +6.137114068e-03 -4.257438629e+02 -4.257438629e+02
1520845 +3.964394590e-03 +3.964394590e-03 -4.257460356e+02 -4.257460356e+02
1526030 +2.457356811e-03 +2.457356811e-03 -4.257475426e+02 -4.257475426e+02
1531460 +1.406956927e-03 +1.406956927e-03 -4.257485930e+02 -4.257485930e+02
1536656 +9.656301294e-04 +9.656301294e-04 -4.257490344e+02 -4.257490344e+02
1541297 +5.795571377e-04 +5.795571377e-04 -4.257494204e+02 -4.257494204e+02
1544580 +3.976447758e-04 +3.976447758e-04 -4.257496024e+02 -4.257496024e+02
1549656 +2.269532210e-04 +2.269532210e-04 -4.257497730e+02 -4.257497730e+02
1555253 +1.570916097e-04 +1.570916097e-04 -4.257498429e+02 -4.257498429e+02
1559108 +9.190320333e-05 +9.190320333e-05 -4.257499081e+02 -4.257499081e+02
1563210 +5.044836212e-05 +5.044836212e-05 -4.257499496e+02 -4.257499496e+02
1566959 +3.917450209e-05 +3.917450209e-05 -4.257499608e+02 -4.257499608e+02
1569468 +2.451522710e-05 +2.451522710e-05 -4.257499755e+02 -4.257499755e+02
1573262 +1.504073953e-05 +1.504073953e-05 -4.257499850e+02 -4.257499850e+02
1576672 +9.681591223e-06 +9.681591223e-06 -4.257499903e+02 -4.257499903e+02
1581103 +6.285275560e-06 +6.285275560e-06 -4.257499937e+02 -4.257499937e+02
1584843 +3.876999244e-06 +3.876999244e-06 -4.257499961e+02 -4.257499961e+02
1590118 +2.438379170e-06 +2.438379170e-06 -4.257499976e+02 -4.257499976e+02
1594148 +1.534147032e-06 +1.534147032e-06 -4.257499985e+02 -4.257499985e+02
1599107 +9.864788808e-07 +9.864788808e-07 -4.257499990e+02 -4.257499990e+02
1602420 +6.114532312e-07 +6.114532312e-07 -4.257499994e+02 -4.257499994e+02
1606402 +3.798386388e-07 +3.798386388e-07 -4.257499996e+02 -4.257499996e+02
1611272 +2.465250191e-07 +2.465250191e-07 -4.257499998e+02 -4.257499998e+02
1616125 +1.542127848e-07 +1.542127848e-07 -4.257499998e+02 -4.257499998e+02
1621366 +9.924212918e-08 +9.924212918e-08 -4.257499999e+02 -4.257499999e+02
1625692 +5.923351409e-08 +5.923351409e-08 -4.257499999e+02 -4.257499999e+02
1628685 +3.817063998e-08 +3.817063998e-08 -4.257500000e+02 -4.257500000e+02
1632004 +2.511097819e-08 +2.511097819e-08 -4.257500000e+02 -4.257500000e+02
1634068 +1.362315061e-08 +1.362315061e-08 -4.257500000e+02 -4.257500000e+02
1636556 +9.401276202e-09 +9.401276202e-09 -4.257500000e+02 -4.257500000e+02
% function evaluation | noise-free fitness - Fopt (-2.209000000000e+02) | best noise-free fitness - Fopt | measured fitness | best measured fitness | x1 | x2...
1 +1.577235212e+06 +1.577235212e+06 +1.577014312e+06 +1.577014312e+06
2 +8.865358082e+05 +8.865358082e+05 +8.863149082e+05 +8.863149082e+05
37 +6.073412625e+05 +6.073412625e+05 +6.071203625e+05 +6.071203625e+05
154 +3.128079386e+05 +3.128079386e+05 +3.125870386e+05 +3.125870386e+05
1569 +2.481205863e+05 +2.481205863e+05 +2.478996863e+05 +2.478996863e+05
2651 +1.528473386e+05 +1.528473386e+05 +1.526264386e+05 +1.526264386e+05
4068 +9.331925917e+04 +9.331925917e+04 +9.309835917e+04 +9.309835917e+04
4647 +4.504712898e+04 +4.504712898e+04 +4.482622898e+04 +4.482622898e+04
6862 +3.525633204e+04 +3.525633204e+04 +3.503543204e+04 +3.503543204e+04
6987 +1.322888078e+04 +1.322888078e+04 +1.300798078e+04 +1.300798078e+04
8687 +9.450027331e+03 +9.450027331e+03 +9.229127331e+03 +9.229127331e+03
11514 +3.954092114e+03 +3.954092114e+03 +3.733192114e+03 +3.733192114e+03
14452 +2.092395160e+03 +2.092395160e+03 +1.871495160e+03 +1.871495160e+03
16127 +1.487333837e+03 +1.487333837e+03 +1.266433837e+03 +1.266433837e+03
16812 +8.912723407e+02 +8.912723407e+02 +6.703723407e+02 +6.703723407e+02
19615 +5.729802870e+02 +5.729802870e+02 +3.520802870e+02 +3.520802870e+02
21702 +3.898896610e+02 +3.898896610e+02 +1.689896610e+02 +1.689896610e+02
25776 +2.179364952e+02 +2.179364952e+02 -2.963504766e+00 -2.963504766e+00
29276 +1.438317398e+02 +1.438317398e+02 -7.706826019e+01 -7.706826019e+01
33751 +9.524424772e+01 +9.524424772e+01 -1.256557523e+02 -1.256557523e+02
37607 +5.853716559e+01 +5.853716559e+01 -1.623628344e+02 -1.623628344e+02
50475 +3.979455531e+01 +3.979455531e+01 -1.811054447e+02 -1.811054447e+02
334892 +2.511416502e+01 +2.511416502e+01 -1.957858350e+02 -1.957858350e+02
690300 +1.584795044e+01 +1.584795044e+01 -2.050520496e+02 -2.050520496e+02
1099806 +9.998180332e+00 +9.998180332e+00 -2.109018197e+02 -2.109018197e+02
1262477 +6.309069518e+00 +6.309069518e+00 -2.145909305e+02 -2.145909305e+02
1345669 +3.963404606e+00 +3.963404606e+00 -2.169365954e+02 -2.169365954e+02
1373738 +2.504988370e+00 +2.504988370e+00 -2.183950116e+02 -2.183950116e+02
1395131 +1.570267291e+00 +1.570267291e+00 -2.193297327e+02 -2.193297327e+02
1426062 +9.825554714e-01 +9.825554714e-01 -2.199174445e+02 -2.199174445e+02
1459443 +6.304969747e-01 +6.304969747e-01 -2.202695030e+02 -2.202695030e+02
1495103 +3.975037916e-01 +3.975037916e-01 -2.205024962e+02 -2.205024962e+02
1512500 +2.457758111e-01 +2.457758111e-01 -2.206542242e+02 -2.206542242e+02
1529039 +1.559656308e-01 +1.559656308e-01 -2.207440344e+02 -2.207440344e+02
1542721 +9.960385285e-02 +9.960385285e-02 -2.208003961e+02 -2.208003961e+02
1560576 +6.275037250e-02 +6.275037250e-02 -2.208372496e+02 -2.208372496e+02
1586008 +3.980531928e-02 +3.980531928e-02 -2.208601947e+02 -2.208601947e+02
1604087 +2.473960675e-02 +2.473960675e-02 -2.208752604e+02 -2.208752604e+02
1626084 +1.575657545e-02 +1.575657545e-02 -2.208842434e+02 -2.208842434e+02
1645211 +9.998543463e-03 +9.998543463e-03 -2.208900015e+02 -2.208900015e+02
1656621 +6.240950614e-03 +6.240950614e-03 -2.208937590e+02 -2.208937590e+02
1676123 +3.952568952e-03 +3.952568952e-03 -2.208960474e+02 -2.208960474e+02
1686937 +2.503704793e-03 +2.503704793e-03 -2.208974963e+02 -2.208974963e+02
1698183 +1.583374233e-03 +1.583374233e-03 -2.208984166e+02 -2.208984166e+02
1706065 +9.868151729e-04 +9.868151729e-04 -2.208990132e+02 -2.208990132e+02
1712282 +6.261951178e-04 +6.261951178e-04 -2.208993738e+02 -2.208993738e+02
1719053 +3.968903943e-04 +3.968903943e-04 -2.208996031e+02 -2.208996031e+02
1728612 +2.508311728e-04 +2.508311728e-04 -2.208997492e+02 -2.208997492e+02
1737717 +1.553066389e-04 +1.553066389e-04 -2.208998447e+02 -2.208998447e+02
1744155 +9.358161373e-05 +9.358161373e-05 -2.208999064e+02 -2.208999064e+02
1749746 +6.231347732e-05 +6.231347732e-05 -2.208999377e+02 -2.208999377e+02
1753378 +3.978267875e-05 +3.978267875e-05 -2.208999602e+02 -2.208999602e+02
1756941 +2.360763548e-05 +2.360763548e-05 -2.208999764e+02 -2.208999764e+02
1761873 +1.545760534e-05 +1.545760534e-05 -2.208999845e+02 -2.208999845e+02
1766121 +9.938448557e-06 +9.938448557e-06 -2.208999901e+02 -2.208999901e+02
1770567 +6.211806522e-06 +6.211806522e-06 -2.208999938e+02 -2.208999938e+02
1774629 +3.964345126e-06 +3.964345126e-06 -2.208999960e+02 -2.208999960e+02
1777863 +2.467662938e-06 +2.467662938e-06 -2.208999975e+02 -2.208999975e+02
1782500 +1.579971382e-06 +1.579971382e-06 -2.208999984e+02 -2.208999984e+02
1788401 +9.473334615e-07 +9.473334615e-07 -2.208999991e+02 -2.208999991e+02
1792557 +6.026030803e-07 +6.026030803e-07 -2.208999994e+02 -2.208999994e+02
1796850 +3.905557264e-07 +3.905557264e-07 -2.208999996e+02 -2.208999996e+02
1800193 +2.444351992e-07 +2.444351992e-07 -2.208999998e+02 -2.208999998e+02
1803373 +1.583599385e-07 +1.583599385e-07 -2.208999998e+02 -2.208999998e+02
1807131 +9.242708643e-08 +9.242708643e-08 -2.208999999e+02 -2.208999999e+02
1809802 +6.212528092e-08 +6.212528092e-08 -2.208999999e+02 -2.208999999e+02
1814692 +3.923113923e-08 +3.923113923e-08 -2.209000000e+02 -2.209000000e+02
1819004 +2.502457619e-08 +2.502457619e-08 -2.209000000e+02 -2.209000000e+02
1826347 +1.571987696e-08 +1.571987696e-08 -2.209000000e+02 -2.209000000e+02
1830318 +9.022187442e-09 +9.022187442e-09 -2.209000000e+02 -2.209000000e+02
% function evaluation | noise-free fitness - Fopt (-3.594800000000e+02) | best noise-free fitness - Fopt | measured fitness | best measured fitness | x1 | x2...
1 +1.122378940e+06 +1.122378940e+06 +1.122019460e+06 +1.122019460e+06
2 +9.589312728e+05 +9.589312728e+05 +9.585717928e+05 +9.585717928e+05
25 +5.826101547e+05 +5.826101547e+05 +5.822506747e+05 +5.822506747e+05
238 +2.873608801e+05 +2.873608801e+05 +2.870014001e+05 +2.870014001e+05
1225 +2.487927733e+05 +2.487927733e+05 +2.484332933e+05 +2.484332933e+05
2378 +8.335850035e+04 +8.335850035e+04 +8.299902035e+04 +8.299902035e+04
6318 +5.870587527e+04 +5.870587527e+04 +5.834639527e+04 +5.834639527e+04
6780 +2.141916856e+04 +2.141916856e+04 +2.105968856e+04 +2.105968856e+04
10004 +1.540837067e+04 +1.540837067e+04 +1.504889067e+04 +1.504889067e+04
11365 +6.929676517e+03 +6.929676517e+03 +6.570196517e+03 +6.570196517e+03
13366 +5.946802220e+03 +5.946802220e+03 +5.587322220e+03 +5.587322220e+03
14485 +2.974607397e+03 +2.974607397e+03 +2.615127397e+03 +2.615127397e+03
16142 +2.367309334e+03 +2.367309334e+03 +2.007829334e+03 +2.007829334e+03
16640 +1.581691022e+03 +1.581691022e+03 +1.222211022e+03 +1.222211022e+03
19738 +8.760429539e+02 +8.760429539e+02 +5.165629539e+02 +5.165629539e+02
22714 +4.451978801e+02 +4.451978801e+02 +8.571788010e+01 +8.571788010e+01
25126 +3.976744128e+02 +3.976744128e+02 +3.819441279e+01 +3.819441279e+01
28181 +2.385409767e+02 +2.385409767e+02 -1.209390233e+02 -1.209390233e+02
32865 +1.398410518e+02 +1.398410518e+02 -2.196389482e+02 -2.196389482e+02
37303 +9.770109285e+01 +9.770109285e+01 -2.617789072e+02 -2.617789072e+02
43284 +6.001000925e+01 +6.001000925e+01 -2.994699908e+02 -2.994699908e+02
65044 +3.978330541e+01 +3.978330541e+01 -3.196966946e+02 -3.196966946e+02
533795 +2.509726249e+01 +2.509726249e+01 -3.343827375e+02 -3.343827375e+02
956675 +1.584744344e+01 +1.584744344e+01 -3.436325566e+02 -3.436325566e+02
1186482 +9.990831794e+00 +9.990831794e+00 -3.494891682e+02 -3.494891682e+02
1380634 +6.309036612e+00 +6.309036612e+00 -3.531709634e+02 -3.531709634e+02
1423584 +3.967822940e+00 +3.967822940e+00 -3.555121771e+02 -3.555121771e+02
1483257 +2.506638762e+00 +2.506638762e+00 -3.569733612e+02 -3.569733612e+02
1529242 +1.583750943e+00 +1.583750943e+00 -3.578962491e+02 -3.578962491e+02
1555303 +9.977810357e-01 +9.977810357e-01 -3.584822190e+02 -3.584822190e+02
1583655 +6.248037405e-01 +6.248037405e-01 -3.588551963e+02 -3.588551963e+02
1599406 +3.912624445e-01 +3.912624445e-01 -3.590887376e+02 -3.590887376e+02
1615139 +2.508815726e-01 +2.508815726e-01 -3.592291184e+02 -3.592291184e+02
1634270 +1.581016257e-01 +1.581016257e-01 -3.593218984e+02 -3.593218984e+02
1658833 +9.939127451e-02 +9.939127451e-02 -3.593806087e+02 -3.593806087e+02
1678604 +6.253089031e-02 +6.253089031e-02 -3.594174691e+02 -3.594174691e+02
1698607 +3.948930777e-02 +3.948930777e-02 -3.594405107e+02 -3.594405107e+02
1710000 +2.511545810e-02 +2.511545810e-02 -3.594548845e+02 -3.594548845e+02
1716173 +1.580697171e-02 +1.580697171e-02 -3.594641930e+02 -3.594641930e+02
1724863 +9.696409478e-03 +9.696409478e-03 -3.594703036e+02 -3.594703036e+02
1731787 +6.304071946e-03 +6.304071946e-03 -3.594736959e+02 -3.594736959e+02
1738823 +3.979585369e-03 +3.979585369e-03 -3.594760204e+02 -3.594760204e+02
1745611 +2.473585350e-03 +2.473585350e-03 -3.594775264e+02 -3.594775264e+02
1751090 +1.571007337e-03 +1.571007337e-03 -3.594784290e+02 -3.594784290e+02
1756671 +9.716746221e-04 +9.716746221e-04 -3.594790283e+02 -3.594790283e+02
1760518 +6.146125555e-04 +6.146125555e-04 -3.594793854e+02 -3.594793854e+02
1764109 +3.860541721e-04 +3.860541721e-04 -3.594796139e+02 -3.594796139e+02
1770588 +2.466774423e-04 +2.466774423e-04 -3.594797533e+02 -3.594797533e+02
1775292 +1.571929116e-04 +1.571929116e-04 -3.594798428e+02 -3.594798428e+02
1778712 +9.877478288e-05 +9.877478288e-05 -3.594799012e+02 -3.594799012e+02
1782951 +6.104647201e-05 +6.104647201e-05 -3.594799390e+02 -3.594799390e+02
1786461 +3.619614245e-05 +3.619614245e-05 -3.594799638e+02 -3.594799638e+02
1789054 +2.507779499e-05 +2.507779499e-05 -3.594799749e+02 -3.594799749e+02
1792624 +1.531107660e-05 +1.531107660e-05 -3.594799847e+02 -3.594799847e+02
1796216 +9.370308646e-06 +9.370308646e-06 -3.594799906e+02 -3.594799906e+02
1799808 +5.794766366e-06 +5.794766366e-06 -3.594799942e+02 -3.594799942e+02
1803695 +3.957395222e-06 +3.957395222e-06 -3.594799960e+02 -3.594799960e+02
1807268 +2.245546398e-06 +2.245546398e-06 -3.594799978e+02 -3.594799978e+02
1810493 +1.498029405e-06 +1.498029405e-06 -3.594799985e+02 -3.594799985e+02
1813030 +9.772466001e-07 +9.772466001e-07 -3.594799990e+02 -3.594799990e+02
1817329 +6.239285426e-07 +6.239285426e-07 -3.594799994e+02 -3.594799994e+02
1821382 +3.952008001e-07 +3.952008001e-07 -3.594799996e+02 -3.594799996e+02
1825365 +2.475729843e-07 +2.475729843e-07 -3.594799998e+02 -3.594799998e+02
1828470 +1.493783657e-07 +1.493783657e-07 -3.594799999e+02 -3.594799999e+02
1832471 +9.224322639e-08 +9.224322639e-08 -3.594799999e+02 -3.594799999e+02
1835756 +6.303974942e-08 +6.303974942e-08 -3.594799999e+02 -3.594799999e+02
1838561 +3.946797733e-08 +3.946797733e-08 -3.594800000e+02 -3.594800000e+02
1840696 +2.287077905e-08 +2.287077905e-08 -3.594800000e+02 -3.594800000e+02
1843747 +1.478889544e-08 +1.478889544e-08 -3.594800000e+02 -3.594800000e+02
1846867 +8.874224022e-09 +8.874224022e-09 -3.594800000e+02 -3.594800000e+02
% function evaluation | noise-free fitness - Fopt (2.748000000000e+01) | best noise-free fitness - Fopt | measured fitness | best measured fitness | x1 | x2...
1 +8.064155896e+05 +8.064155896e+05 +8.064430696e+05 +8.064430696e+05
25 +4.448840017e+05 +4.448840017e+05 +4.449114817e+05 +4.449114817e+05
731 +3.694068688e+05 +3.694068688e+05 +3.694343488e+05 +3.694343488e+05
2089 +2.441857642e+05 +2.441857642e+05 +2.442132442e+05 +2.442132442e+05
3206 +1.551314569e+05 +1.551314569e+05 +1.551589369e+05 +1.551589369e+05
4066 +9.784025352e+04 +9.784025352e+04 +9.786773352e+04 +9.786773352e+04
5901 +5.672060651e+04 +5.672060651e+04 +5.674808651e+04 +5.674808651e+04
7488 +3.430553281e+04 +3.430553281e+04 +3.433301281e+04 +3.433301281e+04
8068 +1.887289851e+04 +1.887289851e+04 +1.890037851e+04 +1.890037851e+04
8393 +1.440447243e+04 +1.440447243e+04 +1.443195243e+04 +1.443195243e+04
11162 +9.338790226e+03 +9.338790226e+03 +9.366270226e+03 +9.366270226e+03
12773 +6.126460662e+03 +6.126460662e+03 +6.153940662e+03 +6.153940662e+03
14066 +2.627150273e+03 +2.627150273e+03 +2.654630273e+03 +2.654630273e+03
15665 +2.267163723e+03 +2.267163723e+03 +2.294643723e+03 +2.294643723e+03
17973 +1.500735557e+03 +1.500735557e+03 +1.528215557e+03 +1.528215557e+03
19823 +8.822248399e+02 +8.822248399e+02 +9.097048399e+02 +9.097048399e+02
20968 +5.857858270e+02 +5.857858270e+02 +6.132658270e+02 +6.132658270e+02
24955 +3.696380986e+02 +3.696380986e+02 +3.971180986e+02 +3.971180986e+02
27965 +2.467641413e+02 +2.467641413e+02 +2.742441413e+02 +2.742441413e+02
30562 +1.498065431e+02 +1.498065431e+02 +1.772865431e+02 +1.772865431e+02
34466 +9.515504583e+01 +9.515504583e+01 +1.226350458e+02 +1.226350458e+02
40266 +6.254035718e+01 +6.254035718e+01 +9.002035718e+01 +9.002035718e+01
60592 +3.978514743e+01 +3.978514743e+01 +6.726514743e+01 +6.726514743e+01
572158 +2.511269557e+01 +2.511269557e+01 +5.259269557e+01 +5.259269557e+01
898075 +1.584805784e+01 +1.584805784e+01 +4.332805784e+01 +4.332805784e+01
1348435 +9.994842946e+00 +9.994842946e+00 +3.747484295e+01 +3.747484295e+01
1463696 +6.303655208e+00 +6.303655208e+00 +3.378365521e+01 +3.378365521e+01
1565211 +3.974007539e+00 +3.974007539e+00 +3.145400754e+01 +3.145400754e+01
1644794 +2.501068030e+00 +2.501068030e+00 +2.998106803e+01 +2.998106803e+01
1668092 +1.575206289e+00 +1.575206289e+00 +2.905520629e+01 +2.905520629e+01
1692387 +9.998871726e-01 +9.998871726e-01 +2.847988717e+01 +2.847988717e+01
1715704 +6.307707325e-01 +6.307707325e-01 +2.811077073e+01 +2.811077073e+01
1735952 +3.954172790e-01 +3.954172790e-01 +2.787541728e+01 +2.787541728e+01
1762845 +2.493001612e-01 +2.493001612e-01 +2.772930016e+01 +2.772930016e+01
1778945 +1.560494025e-01 +1.560494025e-01 +2.763604940e+01 +2.763604940e+01
1796537 +9.993154244e-02 +9.993154244e-02 +2.757993154e+01 +2.757993154e+01
1819764 +6.277547723e-02 +6.277547723e-02 +2.754277548e+01 +2.754277548e+01
1837357 +3.973099587e-02 +3.973099587e-02 +2.751973100e+01 +2.751973100e+01
1852078 +2.505412027e-02 +2.505412027e-02 +2.750505412e+01 +2.750505412e+01
1864686 +1.583082144e-02 +1.583082144e-02 +2.749583082e+01 +2.749583082e+01
1873009 +9.804124971e-03 +9.804124971e-03 +2.748980412e+01 +2.748980412e+01
1883795 +6.306395579e-03 +6.306395579e-03 +2.748630640e+01 +2.748630640e+01
1893603 +3.936222012e-03 +3.936222012e-03 +2.748393622e+01 +2.748393622e+01
1902009 +2.507723353e-03 +2.507723353e-03 +2.748250772e+01 +2.748250772e+01
1909574 +1.541920511e-03 +1.541920511e-03 +2.748154192e+01 +2.748154192e+01
1918008 +9.929161498e-04 +9.929161498e-04 +2.748099292e+01 +2.748099292e+01
1927139 +6.309505533e-04 +6.309505533e-04 +2.748063095e+01 +2.748063095e+01
1935312 +3.944910009e-04 +3.944910009e-04 +2.748039449e+01 +2.748039449e+01
1946798 +2.498438861e-04 +2.498438861e-04 +2.748024984e+01 +2.748024984e+01
1965543 +1.581014865e-04 +1.581014865e-04 +2.748015810e+01 +2.748015810e+01
1987291 +9.926615866e-05 +9.926615866e-05 +2.748009927e+01 +2.748009927e+01
2005676 +6.270321197e-05 +6.270321197e-05 +2.748006270e+01 +2.748006270e+01
2020038 +3.934536564e-05 +3.934536564e-05 +2.748003935e+01 +2.748003935e+01
2030875 +2.481442058e-05 +2.481442058e-05 +2.748002481e+01 +2.748002481e+01
2039249 +1.560718350e-05 +1.560718350e-05 +2.748001561e+01 +2.748001561e+01
2046905 +9.705426109e-06 +9.705426109e-06 +2.748000971e+01 +2.748000971e+01
2054014 +6.237163319e-06 +6.237163319e-06 +2.748000624e+01 +2.748000624e+01
2061603 +3.901734186e-06 +3.901734186e-06 +2.748000390e+01 +2.748000390e+01
2068193 +2.509635575e-06 +2.509635575e-06 +2.748000251e+01 +2.748000251e+01
2078090 +1.529899095e-06 +1.529899095e-06 +2.748000153e+01 +2.748000153e+01
2085693 +9.972749773e-07 +9.972749773e-07 +2.748000100e+01 +2.748000100e+01
2092237 +6.199381062e-07 +6.199381062e-07 +2.748000062e+01 +2.748000062e+01
2097955 +3.953824930e-07 +3.953824930e-07 +2.748000040e+01 +2.748000040e+01
2104216 +2.374145360e-07 +2.374145360e-07 +2.748000024e+01 +2.748000024e+01
2108010 +1.574371495e-07 +1.574371495e-07 +2.748000016e+01 +2.748000016e+01
2112726 +9.845942017e-08 +9.845942017e-08 +2.748000010e+01 +2.748000010e+01
2117024 +6.248609807e-08 +6.248609807e-08 +2.748000006e+01 +2.748000006e+01
2120766 +3.859323883e-08 +3.859323883e-08 +2.748000004e+01 +2.748000004e+01
2124490 +2.268840049e-08 +2.268840049e-08 +2.748000002e+01 +2.748000002e+01
2130110 +1.457421916e-08 +1.457421916e-08 +2.748000001e+01 +2.748000001e+01
2134723 +9.976375281e-09 +9.976375281e-09 +2.748000001e+01 +2.748000001e+01
% function evaluation | noise-free fitness - Fopt (3.609000000000e+01) | best noise-free fitness - Fopt | measured fitness | best measured fitness | x1 | x2...
1 +1.691324820e+06 +1.691324820e+06 +1.691360910e+06 +1.691360910e+06
2 +9.450202213e+05 +9.450202213e+05 +9.450563113e+05 +9.450563113e+05
6 +5.514857737e+05 +5.514857737e+05 +5.515218637e+05 +5.515218637e+05
764 +2.419120556e+05 +2.419120556e+05 +2.419481456e+05 +2.419481456e+05
3319 +1.196583978e+05 +1.196583978e+05 +1.196944878e+05 +1.196944878e+05
3907 +7.640925172e+04 +7.640925172e+04 +7.644534172e+04 +7.644534172e+04
6036 +5.990242714e+04 +5.990242714e+04 +5.993851714e+04 +5.993851714e+04
7171 +3.659422128e+04 +3.659422128e+04 +3.663031128e+04 +3.663031128e+04
7826 +2.088130165e+04 +2.088130165e+04 +2.091739165e+04 +2.091739165e+04
9296 +1.337577898e+04 +1.337577898e+04 +1.341186898e+04 +1.341186898e+04
11131 +9.201390634e+03 +9.201390634e+03 +9.237480634e+03 +9.237480634e+03
12497 +5.491257864e+03 +5.491257864e+03 +5.527347864e+03 +5.527347864e+03
14426 +3.533331795e+03 +3.533331795e+03 +3.569421795e+03 +3.569421795e+03
15715 +2.139309381e+03 +2.139309381e+03 +2.175399381e+03 +2.175399381e+03
16992 +1.461013945e+03 +1.461013945e+03 +1.497103945e+03 +1.497103945e+03
18133 +8.570503366e+02 +8.570503366e+02 +8.931403366e+02 +8.931403366e+02
20840 +4.952199971e+02 +4.952199971e+02 +5.313099971e+02 +5.313099971e+02
22591 +3.831621566e+02 +3.831621566e+02 +4.192521566e+02 +4.192521566e+02
25532 +2.388136840e+02 +2.388136840e+02 +2.749036840e+02 +2.749036840e+02
29648 +1.553641413e+02 +1.553641413e+02 +1.914541413e+02 +1.914541413e+02
33047 +8.459257258e+01 +8.459257258e+01 +1.206825726e+02 +1.206825726e+02
38362 +6.279904772e+01 +6.279904772e+01 +9.888904772e+01 +9.888904772e+01
50943 +3.975472572e+01 +3.975472572e+01 +7.584472572e+01 +7.584472572e+01
369318 +2.509478300e+01 +2.509478300e+01 +6.118478300e+01 +6.118478300e+01
813851 +1.584395550e+01 +1.584395550e+01 +5.193395550e+01 +5.193395550e+01
980326 +9.990793732e+00 +9.990793732e+00 +4.608079373e+01 +4.608079373e+01
1070012 +6.300808453e+00 +6.300808453e+00 +4.239080845e+01 +4.239080845e+01
1185975 +3.979820211e+00 +3.979820211e+00 +4.006982021e+01 +4.006982021e+01
1213857 +2.505019529e+00 +2.505019529e+00 +3.859501953e+01 +3.859501953e+01
1256120 +1.584457083e+00 +1.584457083e+00 +3.767445708e+01 +3.767445708e+01
1284811 +9.998738357e-01 +9.998738357e-01 +3.708987384e+01 +3.708987384e+01
1343675 +6.264616756e-01 +6.264616756e-01 +3.671646168e+01 +3.671646168e+01
1368667 +3.954473369e-01 +3.954473369e-01 +3.648544734e+01 +3.648544734e+01
1412832 +2.511271697e-01 +2.511271697e-01 +3.634112717e+01 +3.634112717e+01
1438026 +1.579601669e-01 +1.579601669e-01 +3.624796017e+01 +3.624796017e+01
1454415 +9.934583991e-02 +9.934583991e-02 +3.618934584e+01 +3.618934584e+01
1465184 +6.232479114e-02 +6.232479114e-02 +3.615232479e+01 +3.615232479e+01
1476421 +3.980233025e-02 +3.980233025e-02 +3.612980233e+01 +3.612980233e+01
1488804 +2.497620287e-02 +2.497620287e-02 +3.611497620e+01 +3.611497620e+01
1502450 +1.561921791e-02 +1.561921791e-02 +3.610561922e+01 +3.610561922e+01
1510198 +9.874569453e-03 +9.874569453e-03 +3.609987457e+01 +3.609987457e+01
1525762 +6.235708863e-03 +6.235708863e-03 +3.609623571e+01 +3.609623571e+01
1536438 +3.802000436e-03 +3.802000436e-03 +3.609380200e+01 +3.609380200e+01
1548831 +2.493988508e-03 +2.493988508e-03 +3.609249399e+01 +3.609249399e+01
1564958 +1.565138781e-03 +1.565138781e-03 +3.609156514e+01 +3.609156514e+01
1580222 +9.999378347e-04 +9.999378347e-04 +3.609099994e+01 +3.609099994e+01
1599218 +6.286514688e-04 +6.286514688e-04 +3.609062865e+01 +3.609062865e+01
1613523 +3.973386626e-04 +3.973386626e-04 +3.609039734e+01 +3.609039734e+01
1621622 +2.499384175e-04 +2.499384175e-04 +3.609024994e+01 +3.609024994e+01
1630577 +1.529556664e-04 +1.529556664e-04 +3.609015296e+01 +3.609015296e+01
1636960 +9.958186446e-05 +9.958186446e-05 +3.609009958e+01 +3.609009958e+01
1643203 +6.285320532e-05 +6.285320532e-05 +3.609006285e+01 +3.609006285e+01
1648888 +3.663728074e-05 +3.663728074e-05 +3.609003664e+01 +3.609003664e+01
1654279 +2.474434567e-05 +2.474434567e-05 +3.609002474e+01 +3.609002474e+01
1662582 +1.541101750e-05 +1.541101750e-05 +3.609001541e+01 +3.609001541e+01
1672862 +9.999736108e-06 +9.999736108e-06 +3.609001000e+01 +3.609001000e+01
1680265 +6.269776698e-06 +6.269776698e-06 +3.609000627e+01 +3.609000627e+01
1686008 +3.931909681e-06 +3.931909681e-06 +3.609000393e+01 +3.609000393e+01
1691733 +2.482915235e-06 +2.482915235e-06 +3.609000248e+01 +3.609000248e+01
1697193 +1.576120923e-06 +1.576120923e-06 +3.609000158e+01 +3.609000158e+01
1701668 +9.850184881e-07 +9.850184881e-07 +3.609000099e+01 +3.609000099e+01
1706372 +6.104060475e-07 +6.104060475e-07 +3.609000061e+01 +3.609000061e+01
1710042 +3.901526782e-07 +3.901526782e-07 +3.609000039e+01 +3.609000039e+01
1712431 +2.478639090e-07 +2.478639090e-07 +3.609000025e+01 +3.609000025e+01
1717359 +1.522077326e-07 +1.522077326e-07 +3.609000015e+01 +3.609000015e+01
1721210 +9.784864829e-08 +9.784864829e-08 +3.609000010e+01 +3.609000010e+01
1725416 +6.159095278e-08 +6.159095278e-08 +3.609000006e+01 +3.609000006e+01
1728020 +3.885629951e-08 +3.885629951e-08 +3.609000004e+01 +3.609000004e+01
1730024 +2.424875589e-08 +2.424875589e-08 +3.609000002e+01 +3.609000002e+01
1732096 +1.529201654e-08 +1.529201654e-08 +3.609000002e+01 +3.609000002e+01
1734297 +8.412115449e-09 +8.412115449e-09 +3.609000001e+01 +3.609000001e+01
% function evaluation | noise-free fitness - Fopt (-5.791000000000e+01) | best noise-free fitness - Fopt | measured fitness | best measured fitness | x1 | x2...
1 +1.635638540e+06 +1.635638540e+06 +1.635580630e+06 +1.635580630e+06
2 +9.516392618e+05 +9.516392618e+05 +9.515813518e+05 +9.515813518e+05
6 +6.254160403e+05 +6.254160403e+05 +6.253581303e+05 +6.253581303e+05
336 +3.068545819e+05 +3.068545819e+05 +3.067966719e+05 +3.067966719e+05
1601 +2.501213438e+05 +2.501213438e+05 +2.500634338e+05 +2.500634338e+05
3276 +1.399816378e+05 +1.399816378e+05 +1.399237278e+05 +1.399237278e+05
5106 +8.562390452e+04 +8.562390452e+04 +8.556599452e+04 +8.556599452e+04
5747 +4.858542284e+04 +4.858542284e+04 +4.852751284e+04 +4.852751284e+04
7582 +3.415239512e+04 +3.415239512e+04 +3.409448512e+04 +3.409448512e+04
8078 +2.052711405e+04 +2.052711405e+04 +2.046920405e+04 +2.046920405e+04
10022 +1.429379900e+04 +1.429379900e+04 +1.423588900e+04 +1.423588900e+04
10566 +8.987036647e+03 +8.987036647e+03 +8.929126647e+03 +8.929126647e+03
11653 +5.138675829e+03 +5.138675829e+03 +5.080765829e+03 +5.080765829e+03
13774 +2.276507096e+03 +2.276507096e+03 +2.218597096e+03 +2.218597096e+03
17884 +1.443369426e+03 +1.443369426e+03 +1.385459426e+03 +1.385459426e+03
19231 +9.206278245e+02 +9.206278245e+02 +8.627178245e+02 +8.627178245e+02
22344 +6.155422005e+02 +6.155422005e+02 +5.576322005e+02 +5.576322005e+02
25612 +3.698765984e+02 +3.698765984e+02 +3.119665984e+02 +3.119665984e+02
29871 +2.481989574e+02 +2.481989574e+02 +1.902889574e+02 +1.902889574e+02
35366 +1.440554943e+02 +1.440554943e+02 +8.614549432e+01 +8.614549432e+01
39402 +9.982122385e+01 +9.982122385e+01 +4.191122385e+01 +4.191122385e+01
45594 +6.061773068e+01 +6.061773068e+01 +2.707730678e+00 +2.707730678e+00
59345 +3.958891736e+01 +3.958891736e+01 -1.832108264e+01 -1.832108264e+01
472480 +2.511666546e+01 +2.511666546e+01 -3.279333454e+01 -3.279333454e+01
976543 +1.584639195e+01 +1.584639195e+01 -4.206360805e+01 -4.206360805e+01
1247469 +9.997843394e+00 +9.997843394e+00 -4.791215661e+01 -4.791215661e+01
1350100 +6.309495337e+00 +6.309495337e+00 -5.160050466e+01 -5.160050466e+01
1439818 +3.981027581e+00 +3.981027581e+00 -5.392897242e+01 -5.392897242e+01
1514224 +2.511684252e+00 +2.511684252e+00 -5.539831575e+01 -5.539831575e+01
1558460 +1.576843225e+00 +1.576843225e+00 -5.633315678e+01 -5.633315678e+01
1582831 +9.975431617e-01 +9.975431617e-01 -5.691245684e+01 -5.691245684e+01
1597227 +6.226894807e-01 +6.226894807e-01 -5.728731052e+01 -5.728731052e+01
1607872 +3.980248333e-01 +3.980248333e-01 -5.751197517e+01 -5.751197517e+01
1617313 +2.490280110e-01 +2.490280110e-01 -5.766097199e+01 -5.766097199e+01
1623078 +1.576234789e-01 +1.576234789e-01 -5.775237652e+01 -5.775237652e+01
1632419 +9.988447159e-02 +9.988447159e-02 -5.781011553e+01 -5.781011553e+01
1639628 +6.122042862e-02 +6.122042862e-02 -5.784877957e+01 -5.784877957e+01
1645842 +3.862572409e-02 +3.862572409e-02 -5.787137428e+01 -5.787137428e+01
1652294 +2.503085908e-02 +2.503085908e-02 -5.788496914e+01 -5.788496914e+01
1660021 +1.580166923e-02 +1.580166923e-02 -5.789419833e+01 -5.789419833e+01
1668738 +9.963335580e-03 +9.963335580e-03 -5.790003666e+01 -5.790003666e+01
1676831 +6.023863700e-03 +6.023863700e-03 -5.790397614e+01 -5.790397614e+01
1682778 +3.972582390e-03 +3.972582390e-03 -5.790602742e+01 -5.790602742e+01
1688516 +2.435326074e-03 +2.435326074e-03 -5.790756467e+01 -5.790756467e+01
1693631 +1.481058161e-03 +1.481058161e-03 -5.790851894e+01 -5.790851894e+01
1698801 +9.122346086e-04 +9.122346086e-04 -5.790908777e+01 -5.790908777e+01
1702102 +6.186352368e-04 +6.186352368e-04 -5.790938136e+01 -5.790938136e+01
1705855 +3.699821585e-04 +3.699821585e-04 -5.790963002e+01 -5.790963002e+01
1708544 +2.496156438e-04 +2.496156438e-04 -5.790975038e+01 -5.790975038e+01
1710833 +1.571104795e-04 +1.571104795e-04 -5.790984289e+01 -5.790984289e+01
1715028 +9.572745117e-05 +9.572745117e-05 -5.790990427e+01 -5.790990427e+01
1718195 +6.146020758e-05 +6.146020758e-05 -5.790993854e+01 -5.790993854e+01
1721484 +3.362237516e-05 +3.362237516e-05 -5.790996638e+01 -5.790996638e+01
1726928 +2.403426286e-05 +2.403426286e-05 -5.790997597e+01 -5.790997597e+01
1731093 +1.485935429e-05 +1.485935429e-05 -5.790998514e+01 -5.790998514e+01
1734163 +8.876133144e-06 +8.876133144e-06 -5.790999112e+01 -5.790999112e+01
1736569 +5.221931907e-06 +5.221931907e-06 -5.790999478e+01 -5.790999478e+01
1740116 +3.583081806e-06 +3.583081806e-06 -5.790999642e+01 -5.790999642e+01
1742066 +2.110378666e-06 +2.110378666e-06 -5.790999789e+01 -5.790999789e+01
1744525 +1.482448148e-06 +1.482448148e-06 -5.790999852e+01 -5.790999852e+01
1748879 +9.159985410e-07 +9.159985410e-07 -5.790999908e+01 -5.790999908e+01
1752931 +6.057004143e-07 +6.057004143e-07 -5.790999939e+01 -5.790999939e+01
1757238 +3.600303842e-07 +3.600303842e-07 -5.790999964e+01 -5.790999964e+01
1760292 +2.290594097e-07 +2.290594097e-07 -5.790999977e+01 -5.790999977e+01
1765561 +1.577768529e-07 +1.577768529e-07 -5.790999984e+01 -5.790999984e+01
1768448 +9.686129943e-08 +9.686129943e-08 -5.790999990e+01 -5.790999990e+01
1771896 +5.334987918e-08 +5.334987918e-08 -5.790999995e+01 -5.790999995e+01
1775327 +3.700578333e-08 +3.700578333e-08 -5.790999996e+01 -5.790999996e+01
1778933 +2.466664739e-08 +2.466664739e-08 -5.790999998e+01 -5.790999998e+01
1783470 +1.580976772e-08 +1.580976772e-08 -5.790999998e+01 -5.790999998e+01
1786851 +9.128903855e-09 +9.128903855e-09 -5.790999999e+01 -5.790999999e+01
% function evaluation | noise-free fitness - Fopt (-3.349100000000e+02) | best noise-free fitness - Fopt | measured fitness | best measured fitness | x1 | x2...
1 +8.227840862e+05 +8.227840862e+05 +8.224491762e+05 +8.224491762e+05
26 +5.296664857e+05 +5.296664857e+05 +5.293315757e+05 +5.293315757e+05
116 +3.441518201e+05 +3.441518201e+05 +3.438169101e+05 +3.438169101e+05
1555 +1.914908034e+05 +1.914908034e+05 +1.911558934e+05 +1.911558934e+05
2447 +8.981948564e+04 +8.981948564e+04 +8.948457564e+04 +8.948457564e+04
5126 +5.109602715e+04 +5.109602715e+04 +5.076111715e+04 +5.076111715e+04
6366 +2.465557767e+04 +2.465557767e+04 +2.432066767e+04 +2.432066767e+04
8677 +1.483745292e+04 +1.483745292e+04 +1.450254292e+04 +1.450254292e+04
10003 +9.302175580e+03 +9.302175580e+03 +8.967265580e+03 +8.967265580e+03
11060 +6.004523361e+03 +6.004523361e+03 +5.669613361e+03 +5.669613361e+03
13777 +3.452882475e+03 +3.452882475e+03 +3.117972475e+03 +3.117972475e+03
14614 +2.437913685e+03 +2.437913685e+03 +2.103003685e+03 +2.103003685e+03
16935 +9.705816209e+02 +9.705816209e+02 +6.356716209e+02 +6.356716209e+02
22486 +5.032592688e+02 +5.032592688e+02 +1.683492688e+02 +1.683492688e+02
25212 +3.925994622e+02 +3.925994622e+02 +5.768946219e+01 +5.768946219e+01
28519 +2.400071532e+02 +2.400071532e+02 -9.490284683e+01 -9.490284683e+01
31785 +1.552655035e+02 +1.552655035e+02 -1.796444965e+02 -1.796444965e+02
37787 +9.942298821e+01 +9.942298821e+01 -2.354870118e+02 -2.354870118e+02
43109 +6.288676272e+01 +6.288676272e+01 -2.720232373e+02 -2.720232373e+02
57822 +3.976000292e+01 +3.976000292e+01 -2.951499971e+02 -2.951499971e+02
426560 +2.510940128e+01 +2.510940128e+01 -3.098005987e+02 -3.098005987e+02
770886 +1.584147714e+01 +1.584147714e+01 -3.190685229e+02 -3.190685229e+02
1030020 +9.991667130e+00 +9.991667130e+00 -3.249183329e+02 -3.249183329e+02
1200549 +6.304452065e+00 +6.304452065e+00 -3.286055479e+02 -3.286055479e+02
1359129 +3.980928796e+00 +3.980928796e+00 -3.309290712e+02 -3.309290712e+02
1439902 +2.499372240e+00 +2.499372240e+00 -3.324106278e+02 -3.324106278e+02
1463577 +1.583543578e+00 +1.583543578e+00 -3.333264564e+02 -3.333264564e+02
1480943 +9.840281678e-01 +9.840281678e-01 -3.339259718e+02 -3.339259718e+02
1493566 +6.192048803e-01 +6.192048803e-01 -3.342907951e+02 -3.342907951e+02
1504127 +3.967154372e-01 +3.967154372e-01 -3.345132846e+02 -3.345132846e+02
1514932 +2.480985778e-01 +2.480985778e-01 -3.346619014e+02 -3.346619014e+02
1521652 +1.533663746e-01 +1.533663746e-01 -3.347566336e+02 -3.347566336e+02
1528205 +9.160587955e-02 +9.160587955e-02 -3.348183941e+02 -3.348183941e+02
1533384 +6.169975143e-02 +6.169975143e-02 -3.348483002e+02 -3.348483002e+02
1539756 +3.917278240e-02 +3.917278240e-02 -3.348708272e+02 -3.348708272e+02
1546473 +2.362562174e-02 +2.362562174e-02 -3.348863744e+02 -3.348863744e+02
1553807 +1.517607722e-02 +1.517607722e-02 -3.348948239e+02 -3.348948239e+02
1561548 +9.920108465e-03 +9.920108465e-03 -3.349000799e+02 -3.349000799e+02
1566443 +6.304348086e-03 +6.304348086e-03 -3.349036957e+02 -3.349036957e+02
1570020 +3.965297816e-03 +3.965297816e-03 -3.349060347e+02 -3.349060347e+02
1574939 +2.490932263e-03 +2.490932263e-03 -3.349075091e+02 -3.349075091e+02
1578549 +1.528314691e-03 +1.528314691e-03 -3.349084717e+02 -3.349084717e+02
1581754 +9.837660210e-04 +9.837660210e-04 -3.349090162e+02 -3.349090162e+02
1585612 +5.872881410e-04 +5.872881410e-04 -3.349094127e+02 -3.349094127e+02
1589302 +3.978106030e-04 +3.978106030e-04 -3.349096022e+02 -3.349096022e+02
1593243 +2.506951526e-04 +2.506951526e-04 -3.349097493e+02 -3.349097493e+02
1596121 +1.562882228e-04 +1.562882228e-04 -3.349098437e+02 -3.349098437e+02
1600022 +9.813241536e-05 +9.813241536e-05 -3.349099019e+02 -3.349099019e+02
1603087 +5.777428805e-05 +5.777428805e-05 -3.349099422e+02 -3.349099422e+02
1606122 +3.924493234e-05 +3.924493234e-05 -3.349099608e+02 -3.349099608e+02
1610171 +2.494806301e-05 +2.494806301e-05 -3.349099751e+02 -3.349099751e+02
1613623 +1.534367652e-05 +1.534367652e-05 -3.349099847e+02 -3.349099847e+02
1616990 +9.951618324e-06 +9.951618324e-06 -3.349099900e+02 -3.349099900e+02
1621231 +6.282912523e-06 +6.282912523e-06 -3.349099937e+02 -3.349099937e+02
1625249 +3.653265253e-06 +3.653265253e-06 -3.349099963e+02 -3.349099963e+02
1627733 +2.470360698e-06 +2.470360698e-06 -3.349099975e+02 -3.349099975e+02
1632991 +1.393972809e-06 +1.393972809e-06 -3.349099986e+02 -3.349099986e+02
1636619 +9.941246617e-07 +9.941246617e-07 -3.349099990e+02 -3.349099990e+02
1641727 +6.111328048e-07 +6.111328048e-07 -3.349099994e+02 -3.349099994e+02
1647081 +3.942726039e-07 +3.942726039e-07 -3.349099996e+02 -3.349099996e+02
1651646 +2.463730198e-07 +2.463730198e-07 -3.349099998e+02 -3.349099998e+02
1656422 +1.538032279e-07 +1.538032279e-07 -3.349099998e+02 -3.349099998e+02
1661473 +9.634010212e-08 +9.634010212e-08 -3.349099999e+02 -3.349099999e+02
1665429 +5.934066394e-08 +5.934066394e-08 -3.349099999e+02 -3.349099999e+02
1668430 +3.935605264e-08 +3.935605264e-08 -3.349100000e+02 -3.349100000e+02
1671859 +2.510824970e-08 +2.510824970e-08 -3.349100000e+02 -3.349100000e+02
1675331 +1.512171366e-08 +1.512171366e-08 -3.349100000e+02 -3.349100000e+02
1678834 +9.990344552e-09 +9.990344552e-09 -3.349100000e+02 -3.349100000e+02
% function evaluation | noise-free fitness - Fopt (-4.670000000000e+01) | best noise-free fitness - Fopt | measured fitness | best measured fitness | x1 | x2...
1 +1.517663956e+06 +1.517663956e+06 +1.517617256e+06 +1.517617256e+06
2 +8.704143455e+05 +8.704143455e+05 +8.703676455e+05 +8.703676455e+05
108 +6.111860775e+05 +6.111860775e+05 +6.111393775e+05 +6.111393775e+05
825 +3.680824842e+05 +3.680824842e+05 +3.680357842e+05 +3.680357842e+05
1741 +2.389297871e+05 +2.389297871e+05 +2.388830871e+05 +2.388830871e+05
2541 +1.022168685e+05 +1.022168685e+05 +1.021701685e+05 +1.021701685e+05
5393 +5.005702301e+04 +5.005702301e+04 +5.001032301e+04 +5.001032301e+04
7983 +3.703582436e+04 +3.703582436e+04 +3.698912436e+04 +3.698912436e+04
8825 +1.934006410e+04 +1.934006410e+04 +1.929336410e+04 +1.929336410e+04
10847 +1.561342433e+04 +1.561342433e+04 +1.556672433e+04 +1.556672433e+04
11826 +6.403448948e+03 +6.403448948e+03 +6.356748948e+03 +6.356748948e+03
13171 +5.622430980e+03 +5.622430980e+03 +5.575730980e+03 +5.575730980e+03
14875 +3.879385679e+03 +3.879385679e+03 +3.832685679e+03 +3.832685679e+03
16076 +1.970735870e+03 +1.970735870e+03 +1.924035870e+03 +1.924035870e+03
19052 +1.509257877e+03 +1.509257877e+03 +1.462557877e+03 +1.462557877e+03
20793 +8.785221631e+02 +8.785221631e+02 +8.318221631e+02 +8.318221631e+02
23446 +5.958906207e+02 +5.958906207e+02 +5.491906207e+02 +5.491906207e+02
26694 +3.973454309e+02 +3.973454309e+02 +3.506454309e+02 +3.506454309e+02
29942 +2.480977261e+02 +2.480977261e+02 +2.013977261e+02 +2.013977261e+02
35382 +1.581170875e+02 +1.581170875e+02 +1.114170875e+02 +1.114170875e+02
40808 +9.947530108e+01 +9.947530108e+01 +5.277530108e+01 +5.277530108e+01
46159 +6.214346483e+01 +6.214346483e+01 +1.544346483e+01 +1.544346483e+01
71335 +3.980779812e+01 +3.980779812e+01 -6.892201879e+00 -6.892201879e+00
684636 +2.511479725e+01 +2.511479725e+01 -2.158520275e+01 -2.158520275e+01
1038282 +1.584670962e+01 +1.584670962e+01 -3.085329038e+01 -3.085329038e+01
1273301 +9.999728009e+00 +9.999728009e+00 -3.670027199e+01 -3.670027199e+01
1350560 +6.298723665e+00 +6.298723665e+00 -4.040127633e+01 -4.040127633e+01
1448491 +3.980486299e+00 +3.980486299e+00 -4.271951370e+01 -4.271951370e+01
1534482 +2.507192611e+00 +2.507192611e+00 -4.419280739e+01 -4.419280739e+01
1580904 +1.583197346e+00 +1.583197346e+00 -4.511680265e+01 -4.511680265e+01
1620514 +9.857462528e-01 +9.857462528e-01 -4.571425375e+01 -4.571425375e+01
1649350 +6.295555689e-01 +6.295555689e-01 -4.607044443e+01 -4.607044443e+01
1679124 +3.954147659e-01 +3.954147659e-01 -4.630458523e+01 -4.630458523e+01
1707015 +2.510510577e-01 +2.510510577e-01 -4.644894894e+01 -4.644894894e+01
1736917 +1.578928233e-01 +1.578928233e-01 -4.654210718e+01 -4.654210718e+01
1754526 +9.969387455e-02 +9.969387455e-02 -4.660030613e+01 -4.660030613e+01
1769621 +6.275539226e-02 +6.275539226e-02 -4.663724461e+01 -4.663724461e+01
1793304 +3.973095585e-02 +3.973095585e-02 -4.666026904e+01 -4.666026904e+01
1810965 +2.510068757e-02 +2.510068757e-02 -4.667489931e+01 -4.667489931e+01
1827264 +1.573276667e-02 +1.573276667e-02 -4.668426723e+01 -4.668426723e+01
1844239 +9.786252127e-03 +9.786252127e-03 -4.669021375e+01 -4.669021375e+01
1859250 +6.309119468e-03 +6.309119468e-03 -4.669369088e+01 -4.669369088e+01
1871735 +3.944116763e-03 +3.944116763e-03 -4.669605588e+01 -4.669605588e+01
1885004 +2.509733782e-03 +2.509733782e-03 -4.669749027e+01 -4.669749027e+01
1895075 +1.584163663e-03 +1.584163663e-03 -4.669841584e+01 -4.669841584e+01
1904021 +9.727375981e-04 +9.727375981e-04 -4.669902726e+01 -4.669902726e+01
1915634 +6.252158196e-04 +6.252158196e-04 -4.669937478e+01 -4.669937478e+01
1928342 +3.974609643e-04 +3.974609643e-04 -4.669960254e+01 -4.669960254e+01
1936770 +2.489544827e-04 +2.489544827e-04 -4.669975105e+01 -4.669975105e+01
1943538 +1.518750389e-04 +1.518750389e-04 -4.669984812e+01 -4.669984812e+01
1949006 +9.986863751e-05 +9.986863751e-05 -4.669990013e+01 -4.669990013e+01
1954144 +5.996321957e-05 +5.996321957e-05 -4.669994004e+01 -4.669994004e+01
1961491 +3.965501190e-05 +3.965501190e-05 -4.669996034e+01 -4.669996034e+01
1968023 +2.410160648e-05 +2.410160648e-05 -4.669997590e+01 -4.669997590e+01
1974583 +1.545991863e-05 +1.545991863e-05 -4.669998454e+01 -4.669998454e+01
1980465 +9.648764859e-06 +9.648764859e-06 -4.669999035e+01 -4.669999035e+01
1985084 +6.012369020e-06 +6.012369020e-06 -4.669999399e+01 -4.669999399e+01
1989213 +3.812345675e-06 +3.812345675e-06 -4.669999619e+01 -4.669999619e+01
1994355 +2.471778032e-06 +2.471778032e-06 -4.669999753e+01 -4.669999753e+01
1997856 +1.455805318e-06 +1.455805318e-06 -4.669999854e+01 -4.669999854e+01
2001523 +9.705943640e-07 +9.705943640e-07 -4.669999903e+01 -4.669999903e+01
2004754 +5.771767633e-07 +5.771767633e-07 -4.669999942e+01 -4.669999942e+01
2008344 +3.937736253e-07 +3.937736253e-07 -4.669999961e+01 -4.669999961e+01
2012483 +2.505397489e-07 +2.505397489e-07 -4.669999975e+01 -4.669999975e+01
2017236 +1.576745419e-07 +1.576745419e-07 -4.669999984e+01 -4.669999984e+01
2021055 +9.494696229e-08 +9.494696229e-08 -4.669999991e+01 -4.669999991e+01
2025235 +6.254852281e-08 +6.254852281e-08 -4.669999994e+01 -4.669999994e+01
2028162 +3.864358433e-08 +3.864358433e-08 -4.669999996e+01 -4.669999996e+01
2032505 +2.509563757e-08 +2.509563757e-08 -4.669999997e+01 -4.669999997e+01
2037486 +1.481105016e-08 +1.481105016e-08 -4.669999999e+01 -4.669999999e+01
2042235 +9.981278026e-09 +9.981278026e-09 -4.669999999e+01 -4.669999999e+01
% function evaluation | noise-free fitness - Fopt (-9.308000000000e+01) | best noise-free fitness - Fopt | measured fitness | best measured fitness | x1 | x2...
1 +1.565233705e+06 +1.565233705e+06 +1.565140625e+06 +1.565140625e+06
7 +8.095004124e+05 +8.095004124e+05 +8.094073324e+05 +8.094073324e+05
94 +5.231937595e+05 +5.231937595e+05 +5.231006795e+05 +5.231006795e+05
967 +3.566200151e+05 +3.566200151e+05 +3.565269351e+05 +3.565269351e+05
2247 +1.985237374e+05 +1.985237374e+05 +1.984306574e+05 +1.984306574e+05
3124 +1.447732051e+05 +1.447732051e+05 +1.446801251e+05 +1.446801251e+05
4453 +8.777884738e+04 +8.777884738e+04 +8.768576738e+04 +8.768576738e+04
5193 +6.251878878e+04 +6.251878878e+04 +6.242570878e+04 +6.242570878e+04
7497 +3.654782056e+04 +3.654782056e+04 +3.645474056e+04 +3.645474056e+04
8089 +2.187101437e+04 +2.187101437e+04 +2.177793437e+04 +2.177793437e+04
9227 +1.511915803e+04 +1.511915803e+04 +1.502607803e+04 +1.502607803e+04
11741 +7.743141539e+03 +7.743141539e+03 +7.650061539e+03 +7.650061539e+03
12418 +5.675200632e+03 +5.675200632e+03 +5.582120632e+03 +5.582120632e+03
14463 +3.859160867e+03 +3.859160867e+03 +3.766080867e+03 +3.766080867e+03
14652 +2.045137360e+03 +2.045137360e+03 +1.952057360e+03 +1.952057360e+03
17909 +1.372413890e+03 +1.372413890e+03 +1.279333890e+03 +1.279333890e+03
18966 +8.368898116e+02 +8.368898116e+02 +7.438098116e+02 +7.438098116e+02
22130 +3.681512361e+02 +3.681512361e+02 +2.750712361e+02 +2.750712361e+02
25343 +2.394946121e+02 +2.394946121e+02 +1.464146121e+02 +1.464146121e+02
31262 +1.541063161e+02 +1.541063161e+02 +6.102631615e+01 +6.102631615e+01
35284 +9.743704558e+01 +9.743704558e+01 +4.357045578e+00 +4.357045578e+00
40701 +6.289302848e+01 +6.289302848e+01 -3.018697152e+01 -3.018697152e+01
56211 +3.980270651e+01 +3.980270651e+01 -5.327729349e+01 -5.327729349e+01
429794 +2.510506553e+01 +2.510506553e+01 -6.797493447e+01 -6.797493447e+01
778530 +1.583760586e+01 +1.583760586e+01 -7.724239414e+01 -7.724239414e+01
1060004 +9.993654790e+00 +9.993654790e+00 -8.308634521e+01 -8.308634521e+01
1299990 +6.308645470e+00 +6.308645470e+00 -8.677135453e+01 -8.677135453e+01
1451683 +3.968327077e+00 +3.968327077e+00 -8.911167292e+01 -8.911167292e+01
1565003 +2.511396412e+00 +2.511396412e+00 -9.056860359e+01 -9.056860359e+01
1602840 +1.572480773e+00 +1.572480773e+00 -9.150751923e+01 -9.150751923e+01
1646174 +9.998925555e-01 +9.998925555e-01 -9.208010744e+01 -9.208010744e+01
1692887 +6.304979455e-01 +6.304979455e-01 -9.244950205e+01 -9.244950205e+01
1737253 +3.952128942e-01 +3.952128942e-01 -9.268478711e+01 -9.268478711e+01
1756246 +2.495851811e-01 +2.495851811e-01 -9.283041482e+01 -9.283041482e+01
1774822 +1.576572604e-01 +1.576572604e-01 -9.292234274e+01 -9.292234274e+01
1792525 +9.961267051e-02 +9.961267051e-02 -9.298038733e+01 -9.298038733e+01
1810805 +6.294648418e-02 +6.294648418e-02 -9.301705352e+01 -9.301705352e+01
1822864 +3.936936373e-02 +3.936936373e-02 -9.304063064e+01 -9.304063064e+01
1837212 +2.498422428e-02 +2.498422428e-02 -9.305501578e+01 -9.305501578e+01
1847691 +1.569037102e-02 +1.569037102e-02 -9.306430963e+01 -9.306430963e+01
1854848 +9.556172528e-03 +9.556172528e-03 -9.307044383e+01 -9.307044383e+01
1862103 +6.261389055e-03 +6.261389055e-03 -9.307373861e+01 -9.307373861e+01
1868468 +3.926507358e-03 +3.926507358e-03 -9.307607349e+01 -9.307607349e+01
1876607 +2.504576593e-03 +2.504576593e-03 -9.307749542e+01 -9.307749542e+01
1884820 +1.517444591e-03 +1.517444591e-03 -9.307848256e+01 -9.307848256e+01
1892078 +9.919102679e-04 +9.919102679e-04 -9.307900809e+01 -9.307900809e+01
1899273 +6.178013432e-04 +6.178013432e-04 -9.307938220e+01 -9.307938220e+01
1904390 +3.831688756e-04 +3.831688756e-04 -9.307961683e+01 -9.307961683e+01
1908523 +2.479968188e-04 +2.479968188e-04 -9.307975200e+01 -9.307975200e+01
1912840 +1.477726968e-04 +1.477726968e-04 -9.307985223e+01 -9.307985223e+01
1916947 +9.892476379e-05 +9.892476379e-05 -9.307990108e+01 -9.307990108e+01
1922776 +6.106101043e-05 +6.106101043e-05 -9.307993894e+01 -9.307993894e+01
1927156 +3.409814229e-05 +3.409814229e-05 -9.307996590e+01 -9.307996590e+01
1930202 +2.492146830e-05 +2.492146830e-05 -9.307997508e+01 -9.307997508e+01
1937309 +1.547825818e-05 +1.547825818e-05 -9.307998452e+01 -9.307998452e+01
1947206 +9.982262839e-06 +9.982262839e-06 -9.307999002e+01 -9.307999002e+01
1952965 +6.290311745e-06 +6.290311745e-06 -9.307999371e+01 -9.307999371e+01
1960255 +3.980698963e-06 +3.980698963e-06 -9.307999602e+01 -9.307999602e+01
1966031 +2.404161407e-06 +2.404161407e-06 -9.307999760e+01 -9.307999760e+01
1970578 +1.558231816e-06 +1.558231816e-06 -9.307999844e+01 -9.307999844e+01
1975134 +9.541717674e-07 +9.541717674e-07 -9.307999905e+01 -9.307999905e+01
1979683 +6.193742621e-07 +6.193742621e-07 -9.307999938e+01 -9.307999938e+01
1984922 +3.916432831e-07 +3.916432831e-07 -9.307999961e+01 -9.307999961e+01
1989141 +2.455991108e-07 +2.455991108e-07 -9.307999975e+01 -9.307999975e+01
1993617 +1.576575670e-07 +1.576575670e-07 -9.307999984e+01 -9.307999984e+01
2000990 +9.843765270e-08 +9.843765270e-08 -9.307999990e+01 -9.307999990e+01
2006186 +6.071300618e-08 +6.071300618e-08 -9.307999994e+01 -9.307999994e+01
2009845 +3.804473181e-08 +3.804473181e-08 -9.307999996e+01 -9.307999996e+01
2013113 +2.502478935e-08 +2.502478935e-08 -9.307999997e+01 -9.307999997e+01
2018439 +1.486620249e-08 +1.486620249e-08 -9.307999999e+01 -9.307999999e+01
2021362 +9.827942904e-09 +9.827942904e-09 -9.307999999e+01 -9.307999999e+01
% function evaluation | noise-free fitness - Fopt (4.168000000000e+01) | best noise-free fitness - Fopt | measured fitness | best measured fitness | x1 | x2...
1 +9.588832971e+05 +9.588832971e+05 +9.589249771e+05 +9.589249771e+05
27 +5.923679615e+05 +5.923679615e+05 +5.924096415e+05 +5.924096415e+05
132 +3.901944200e+05 +3.901944200e+05 +3.902361000e+05 +3.902361000e+05
1557 +1.120730237e+05 +1.120730237e+05 +1.121147037e+05 +1.121147037e+05
3485 +9.841247488e+04 +9.841247488e+04 +9.845415488e+04 +9.845415488e+04
5110 +5.431709952e+04 +5.431709952e+04 +5.435877952e+04 +5.435877952e+04
5604 +3.340936162e+04 +3.340936162e+04 +3.345104162e+04 +3.345104162e+04
6908 +2.220433842e+04 +2.220433842e+04 +2.224601842e+04 +2.224601842e+04
9202 +1.516242439e+04 +1.516242439e+04 +1.520410439e+04 +1.520410439e+04
10408 +9.738286804e+03 +9.738286804e+03 +9.779966804e+03 +9.779966804e+03
12017 +3.412012794e+03 +3.412012794e+03 +3.453692794e+03 +3.453692794e+03
13354 +1.982843629e+03 +1.982843629e+03 +2.024523629e+03 +2.024523629e+03
15528 +1.395345393e+03 +1.395345393e+03 +1.437025393e+03 +1.437025393e+03
18038 +7.701104182e+02 +7.701104182e+02 +8.117904182e+02 +8.117904182e+02
20177 +5.864510683e+02 +5.864510683e+02 +6.281310683e+02 +6.281310683e+02
22396 +3.817783193e+02 +3.817783193e+02 +4.234583193e+02 +4.234583193e+02
24880 +2.450853294e+02 +2.450853294e+02 +2.867653294e+02 +2.867653294e+02
29251 +1.451966577e+02 +1.451966577e+02 +1.868766577e+02 +1.868766577e+02
33262 +9.218196877e+01 +9.218196877e+01 +1.338619688e+02 +1.338619688e+02
38007 +6.267746450e+01 +6.267746450e+01 +1.043574645e+02 +1.043574645e+02
50821 +3.971768056e+01 +3.971768056e+01 +8.139768056e+01 +8.139768056e+01
433623 +2.511252869e+01 +2.511252869e+01 +6.679252869e+01 +6.679252869e+01
823332 +1.584614584e+01 +1.584614584e+01 +5.752614584e+01 +5.752614584e+01
1029013 +9.975980022e+00 +9.975980022e+00 +5.165598002e+01 +5.165598002e+01
1176451 +6.299697478e+00 +6.299697478e+00 +4.797969748e+01 +4.797969748e+01
1232006 +3.978044536e+00 +3.978044536e+00 +4.565804454e+01 +4.565804454e+01
1280018 +2.506147561e+00 +2.506147561e+00 +4.418614756e+01 +4.418614756e+01
1333382 +1.578147023e+00 +1.578147023e+00 +4.325814702e+01 +4.325814702e+01
1365476 +9.866300204e-01 +9.866300204e-01 +4.266663002e+01 +4.266663002e+01
1429656 +6.281053694e-01 +6.281053694e-01 +4.230810537e+01 +4.230810537e+01
1460571 +3.977262190e-01 +3.977262190e-01 +4.207772622e+01 +4.207772622e+01
1476121 +2.492248489e-01 +2.492248489e-01 +4.192922485e+01 +4.192922485e+01
1493341 +1.581560373e-01 +1.581560373e-01 +4.183815604e+01 +4.183815604e+01
1513595 +9.960669448e-02 +9.960669448e-02 +4.177960669e+01 +4.177960669e+01
1528167 +6.281329606e-02 +6.281329606e-02 +4.174281330e+01 +4.174281330e+01
1540238 +3.965481178e-02 +3.965481178e-02 +4.171965481e+01 +4.171965481e+01
1549835 +2.500322420e-02 +2.500322420e-02 +4.170500322e+01 +4.170500322e+01
1560471 +1.575698729e-02 +1.575698729e-02 +4.169575699e+01 +4.169575699e+01
1568575 +9.976364086e-03 +9.976364086e-03 +4.168997636e+01 +4.168997636e+01
1577346 +6.235114668e-03 +6.235114668e-03 +4.168623511e+01 +4.168623511e+01
1586891 +3.916325905e-03 +3.916325905e-03 +4.168391633e+01 +4.168391633e+01
1599747 +2.487125567e-03 +2.487125567e-03 +4.168248713e+01 +4.168248713e+01
1607341 +1.578637249e-03 +1.578637249e-03 +4.168157864e+01 +4.168157864e+01
1617738 +9.931419367e-04 +9.931419367e-04 +4.168099314e+01 +4.168099314e+01
1626638 +5.968471673e-04 +5.968471673e-04 +4.168059685e+01 +4.168059685e+01
1635575 +3.899856931e-04 +3.899856931e-04 +4.168038999e+01 +4.168038999e+01
1639750 +2.460574076e-04 +2.460574076e-04 +4.168024606e+01 +4.168024606e+01
1644689 +1.578077139e-04 +1.578077139e-04 +4.168015781e+01 +4.168015781e+01
1648541 +9.716637183e-05 +9.716637183e-05 +4.168009717e+01 +4.168009717e+01
1651939 +6.212646952e-05 +6.212646952e-05 +4.168006213e+01 +4.168006213e+01
1656115 +3.751655542e-05 +3.751655542e-05 +4.168003752e+01 +4.168003752e+01
1661053 +2.395575423e-05 +2.395575423e-05 +4.168002396e+01 +4.168002396e+01
1664826 +1.583958547e-05 +1.583958547e-05 +4.168001584e+01 +4.168001584e+01
1668409 +9.968828422e-06 +9.968828422e-06 +4.168000997e+01 +4.168000997e+01
1673067 +6.232636295e-06 +6.232636295e-06 +4.168000623e+01 +4.168000623e+01
1678045 +3.810226282e-06 +3.810226282e-06 +4.168000381e+01 +4.168000381e+01
1682502 +2.447721926e-06 +2.447721926e-06 +4.168000245e+01 +4.168000245e+01
1685508 +1.551721915e-06 +1.551721915e-06 +4.168000155e+01 +4.168000155e+01
1688496 +9.360635005e-07 +9.360635005e-07 +4.168000094e+01 +4.168000094e+01
1692468 +6.212074481e-07 +6.212074481e-07 +4.168000062e+01 +4.168000062e+01
1695726 +3.908373003e-07 +3.908373003e-07 +4.168000039e+01 +4.168000039e+01
1700807 +2.449166772e-07 +2.449166772e-07 +4.168000024e+01 +4.168000024e+01
1705284 +1.525435707e-07 +1.525435707e-07 +4.168000015e+01 +4.168000015e+01
1707262 +9.994153771e-08 +9.994153771e-08 +4.168000010e+01 +4.168000010e+01
1711184 +5.774516154e-08 +5.774516154e-08 +4.168000006e+01 +4.168000006e+01
1714462 +3.694588457e-08 +3.694588457e-08 +4.168000004e+01 +4.168000004e+01
1717760 +2.446021341e-08 +2.446021341e-08 +4.168000002e+01 +4.168000002e+01
1719259 +1.542557015e-08 +1.542557015e-08 +4.168000002e+01 +4.168000002e+01
1722838 +9.789346223e-09 +9.789346223e-09 +4.168000001e+01 +4.168000001e+01
