% function evaluation | noise-free fitness - Fopt (1.491500000000e+02) | best noise-free fitness - Fopt | measured fitness | best measured fitness | x1 | x2...
1 +1.967542073e+04 +1.967542073e+04 +1.982457073e+04 +1.982457073e+04 -4.2976e+00 -4.8782e+00
2 +2.641131312e+02 +2.641131312e+02 +4.132631312e+02 +4.132631312e+02 +9.8475e-02 -1.6649e+00
3 +1.324140696e+01 +1.324140696e+01 +1.623914070e+02 +1.623914070e+02 -2.4564e+00 +8.6594e-01
104 +7.858585186e+00 +7.858585186e+00 +1.570085852e+02 +1.570085852e+02 +1.5062e-01 -1.9638e-01
131 +1.094478831e+00 +1.094478831e+00 +1.502444788e+02 +1.502444788e+02 -7.3295e-02 -5.1126e-01
217 +4.539191719e-01 +4.539191719e-01 +1.496039192e+02 +1.496039192e+02 +4.1688e-02 -1.0096e-01
232 +3.953419324e-01 +3.953419324e-01 +1.495453419e+02 +1.495453419e+02 +4.5855e-01 +9.5690e-01
243 +1.220003977e-01 +1.220003977e-01 +1.492720004e+02 +1.492720004e+02 -4.0381e-01 -9.4866e-01
383 +3.481922308e-02 +3.481922308e-02 +1.491848192e+02 +1.491848192e+02 -2.3140e-01 -6.8601e-01
503 +4.042360525e-03 +4.042360525e-03 +1.491540424e+02 +1.491540424e+02 -1.1411e-01 -4.8754e-01
578 +2.173103762e-03 +2.173103762e-03 +1.491521731e+02 +1.491521731e+02 -1.0149e-01 -4.6070e-01
677 +1.504073729e-03 +1.504073729e-03 +1.491515041e+02 +1.491515041e+02 -8.7300e-02 -4.3615e-01
680 +9.092532335e-04 +9.092532335e-04 +1.491509093e+02 +1.491509093e+02 -3.8742e-02 -3.4014e-01
696 +6.043928163e-04 +6.043928163e-04 +1.491506044e+02 +1.491506044e+02 -6.8414e-02 -3.9913e-01
736 +2.128659519e-04 +2.128659519e-04 +1.491502129e+02 +1.491502129e+02 -6.9781e-02 -3.9970e-01
742 +6.129730565e-05 +6.129730565e-05 +1.491500613e+02 +1.491500613e+02 -6.2840e-02 -3.8619e-01
817 +3.448285625e-05 +3.448285625e-05 +1.491500345e+02 +1.491500345e+02 -4.9811e-02 -3.5976e-01
831 +3.951775454e-06 +3.951775454e-06 +1.491500040e+02 +1.491500040e+02 -5.5257e-02 -3.7071e-01
882 +1.187592659e-06 +1.187592659e-06 +1.491500012e+02 +1.491500012e+02 -5.5560e-02 -3.7142e-01
916 +9.320637844e-07 +9.320637844e-07 +1.491500009e+02 +1.491500009e+02 -5.4327e-02 -3.6901e-01
927 +2.182944456e-07 +2.182944456e-07 +1.491500002e+02 +1.491500002e+02 -5.4736e-02 -3.6988e-01
981 +2.481354500e-08 +2.481354500e-08 +1.491500000e+02 +1.491500000e+02 -5.5311e-02 -3.7103e-01
1108 +6.609724323e-09 +6.609724323e-09 +1.491500000e+02 +1.491500000e+02 -5.5182e-02 -3.7077e-01
% function evaluation | noise-free fitness - Fopt (-1.000000000000e+03) | best noise-free fitness - Fopt | measured fitness | best measured fitness | x1 | x2...
1 +7.712553078e+01 +7.712553078e+01 -9.228744692e+02 -9.228744692e+02 -2.9774e+00 +1.8130e+00
7 +2.038932399e+01 +2.038932399e+01 -9.796106760e+02 -9.796106760e+02 -3.0690e+00 +3.3268e-01
78 +1.311176278e+01 +1.311176278e+01 -9.868882372e+02 -9.868882372e+02 -4.5952e+00 +1.0517e+00
82 +4.494751359e+00 +4.494751359e+00 -9.955052486e+02 -9.955052486e+02 -3.0224e+00 +6.4720e-01
118 +2.134486346e+00 +2.134486346e+00 -9.978655137e+02 -9.978655137e+02 -4.2725e+00 +3.2411e-01
138 +1.437711809e+00 +1.437711809e+00 -9.985622882e+02 -9.985622882e+02 -2.9509e+00 +8.6230e-01
147 +8.217150579e-02 +8.217150579e-02 -9.999178285e+02 -9.999178285e+02 -2.5761e+00 +1.7858e+00
318 +2.554174405e-04 +2.554174405e-04 -9.999997446e+02 -9.999997446e+02 -2.8418e+00 +1.1909e+00
596 +2.691104066e-05 +2.691104066e-05 -9.999999731e+02 -9.999999731e+02 -2.8481e+00 +1.1772e+00
742 +1.290218449e-05 +1.290218449e-05 -9.999999871e+02 -9.999999871e+02 -2.8453e+00 +1.1822e+00
799 +6.409240996e-07 +6.409240996e-07 -9.999999994e+02 -9.999999994e+02 -2.8482e+00 +1.1765e+00
890 +5.308021400e-07 +5.308021400e-07 -9.999999995e+02 -9.999999995e+02 -2.8485e+00 +1.1761e+00
916 +2.440452818e-07 +2.440452818e-07 -9.999999998e+02 -9.999999998e+02 -2.8480e+00 +1.1769e+00
919 +1.402772796e-07 +1.402772796e-07 -9.999999999e+02 -9.999999999e+02 -2.8484e+00 +1.1763e+00
938 +5.546019111e-08 +5.546019111e-08 -9.999999999e+02 -9.999999999e+02 -2.8480e+00 +1.1770e+00
965 +8.673168850e-10 +8.673168850e-10 -1.000000000e+03 -1.000000000e+03 -2.8482e+00 +1.1767e+00
% function evaluation | noise-free fitness - Fopt (9.862000000000e+01) | best noise-free fitness - Fopt | measured fitness | best measured fitness | x1 | x2...
1 +6.662107060e+04 +6.662107060e+04 +6.671969060e+04 +6.671969060e+04 +3.8469e+00 +3.9921e+00
2 +1.582251360e+04 +1.582251360e+04 +1.592113360e+04 +1.592113360e+04 +2.0658e+00 +2.6114e-01
3 +1.279431528e+03 +1.279431528e+03 +1.378051528e+03 +1.378051528e+03 -2.9083e+00 -4.5016e+00
5 +1.509718370e+02 +1.509718370e+02 +2.495918370e+02 +2.495918370e+02 -3.1546e+00 -1.5329e+00
6 +6.891034924e+01 +6.891034924e+01 +1.675303492e+02 +1.675303492e+02 -3.9909e+00 +3.3962e+00
7 +4.870954017e+01 +4.870954017e+01 +1.473295402e+02 +1.473295402e+02 -3.6326e+00 +1.8298e+00
11 +3.431088041e+01 +3.431088041e+01 +1.329308804e+02 +1.329308804e+02 -1.4461e+00 -1.4366e+00
44 +2.481881715e+01 +2.481881715e+01 +1.234388172e+02 +1.234388172e+02 -2.7275e+00 -8.3753e-01
77 +1.275630285e+01 +1.275630285e+01 +1.113763029e+02 +1.113763029e+02 -4.3197e+00 +4.2385e+00
86 +1.555201382e+00 +1.555201382e+00 +1.001752014e+02 +1.001752014e+02 -2.0242e+00 -2.1262e+00
224 +1.773962054e-02 +1.773962054e-02 +9.863773962e+01 +9.863773962e+01 -7.1191e-01 -9.4302e-01
681 +8.701380379e-03 +8.701380379e-03 +9.862870138e+01 +9.862870138e+01 -7.1209e-01 -9.5348e-01
702 +1.951136870e-03 +1.951136870e-03 +9.862195114e+01 +9.862195114e+01 -8.0302e-01 -1.1478e+00
845 +8.146631256e-04 +8.146631256e-04 +9.862081466e+01 +9.862081466e+01 -7.8375e-01 -1.1026e+00
873 +2.162123875e-04 +2.162123875e-04 +9.862021621e+01 +9.862021621e+01 -7.9983e-01 -1.1357e+00
928 +1.013896973e-05 +1.013896973e-05 +9.862001014e+01 +9.862001014e+01 -8.0323e-01 -1.1436e+00
990 +4.517250943e-06 +4.517250943e-06 +9.862000452e+01 +9.862000452e+01 -8.0680e-01 -1.1509e+00
1001 +7.677287357e-07 +7.677287357e-07 +9.862000077e+01 +9.862000077e+01 -8.0440e-01 -1.1462e+00
1093 +5.905147304e-07 +5.905147304e-07 +9.862000059e+01 +9.862000059e+01 -8.0530e-01 -1.1479e+00
1098 +1.101649758e-07 +1.101649758e-07 +9.862000011e+01 +9.862000011e+01 -8.0495e-01 -1.1473e+00
1130 +1.413469874e-08 +1.413469874e-08 +9.862000001e+01 +9.862000001e+01 -8.0531e-01 -1.1480e+00
1243 +8.604999380e-09 +8.604999380e-09 +9.862000001e+01 +9.862000001e+01 -8.0526e-01 -1.1479e+00
% function evaluation | noise-free fitness - Fopt (-4.715000000000e+01) | best noise-free fitness - Fopt | measured fitness | best measured fitness | x1 | x2...
1 +1.300087563e+05 +1.300087563e+05 +1.299616063e+05 +1.299616063e+05 +4.8780e+00 +6.9228e-01
2 +1.822017874e+02 +1.822017874e+02 +1.350517874e+02 +1.350517874e+02 -3.6539e+00 +2.2883e+00
10 +7.027285217e+01 +7.027285217e+01 +2.312285217e+01 +2.312285217e+01 -3.8641e+00 +3.8574e+00
25 +2.326909536e+01 +2.326909536e+01 -2.388090464e+01 -2.388090464e+01 -1.8540e-01 -9.7169e-01
36 +2.516937097e+00 +2.516937097e+00 -4.463306290e+01 -4.463306290e+01 -7.2291e-01 -1.2780e+00
77 +1.497202830e+00 +1.497202830e+00 -4.565279717e+01 -4.565279717e+01 +5.9410e-01 +1.9836e+00
132 +5.021619257e-02 +5.021619257e-02 -4.709978381e+01 -4.709978381e+01 -1.1698e-01 -3.2135e-01
364 +3.950104161e-02 +3.950104161e-02 -4.711049896e+01 -4.711049896e+01 -2.6946e-01 -6.9389e-01
394 +1.321803038e-02 +1.321803038e-02 -4.713678197e+01 -4.713678197e+01 -2.6391e-01 -6.7255e-01
431 +8.439052297e-04 +8.439052297e-04 -4.714915609e+01 -4.714915609e+01 -3.0186e-01 -7.4227e-01
483 +3.245515300e-04 +3.245515300e-04 -4.714967545e+01 -4.714967545e+01 -3.1262e-01 -7.6460e-01
578 +1.006713353e-04 +1.006713353e-04 -4.714989933e+01 -4.714989933e+01 -3.2680e-01 -7.9245e-01
643 +1.542598516e-05 +1.542598516e-05 -4.714998457e+01 -4.714998457e+01 -3.2951e-01 -7.9845e-01
652 +1.673768942e-06 +1.673768942e-06 -4.714999833e+01 -4.714999833e+01 -3.2952e-01 -7.9877e-01
738 +1.100692266e-06 +1.100692266e-06 -4.714999890e+01 -4.714999890e+01 -3.3007e-01 -8.0004e-01
802 +8.039267243e-07 +8.039267243e-07 -4.714999920e+01 -4.714999920e+01 -3.3100e-01 -8.0172e-01
828 +1.926085247e-07 +1.926085247e-07 -4.714999981e+01 -4.714999981e+01 -3.3095e-01 -8.0166e-01
841 +2.097235807e-08 +2.097235807e-08 -4.714999998e+01 -4.714999998e+01 -3.3052e-01 -8.0084e-01
928 +7.429655113e-09 +7.429655113e-09 -4.714999999e+01 -4.714999999e+01 -3.3052e-01 -8.0084e-01
% function evaluation | noise-free fitness - Fopt (3.752000000000e+01) | best noise-free fitness - Fopt | measured fitness | best measured fitness | x1 | x2...
1 +2.118323228e+03 +2.118323228e+03 +2.155843228e+03 +2.155843228e+03 +1.5396e+00 +1.6348e+00
6 +3.391976942e+02 +3.391976942e+02 +3.767176942e+02 +3.767176942e+02 -8.9224e-01 +8.9544e-01
7 +1.436631953e+02 +1.436631953e+02 +1.811831953e+02 +1.811831953e+02 +2.1869e+00 -1.2853e+00
19 +2.718000777e+00 +2.718000777e+00 +4.023800078e+01 +4.023800078e+01 +9.1738e-01 -2.5918e+00
86 +5.932372386e-01 +5.932372386e-01 +3.811323724e+01 +3.811323724e+01 +1.7199e+00 -2.9148e+00
353 +2.196974911e-01 +2.196974911e-01 +3.773969749e+01 +3.773969749e+01 +2.1105e+00 -2.5566e+00
383 +1.404534653e-02 +1.404534653e-02 +3.753404535e+01 +3.753404535e+01 +2.5526e+00 -1.8502e+00
581 +9.097999225e-03 +9.097999225e-03 +3.752909800e+01 +3.752909800e+01 +2.5514e+00 -1.8353e+00
704 +2.535323520e-03 +2.535323520e-03 +3.752253532e+01 +3.752253532e+01 +2.4606e+00 -2.0313e+00
817 +7.840404378e-04 +7.840404378e-04 +3.752078404e+01 +3.752078404e+01 +2.5077e+00 -1.9356e+00
820 +3.306054468e-04 +3.306054468e-04 +3.752033061e+01 +3.752033061e+01 +2.5066e+00 -1.9349e+00
865 +3.340939255e-05 +3.340939255e-05 +3.752003341e+01 +3.752003341e+01 +2.4881e+00 -1.9736e+00
907 +8.031971973e-06 +8.031971973e-06 +3.752000803e+01 +3.752000803e+01 +2.4881e+00 -1.9732e+00
1085 +2.816549319e-06 +2.816549319e-06 +3.752000282e+01 +3.752000282e+01 +2.4896e+00 -1.9698e+00
1115 +6.547086784e-07 +6.547086784e-07 +3.752000065e+01 +3.752000065e+01 +2.4900e+00 -1.9692e+00
1182 +5.695653016e-08 +5.695653016e-08 +3.752000006e+01 +3.752000006e+01 +2.4902e+00 -1.9687e+00
1240 +1.100364955e-08 +1.100364955e-08 +3.752000001e+01 +3.752000001e+01 +2.4900e+00 -1.9693e+00
1372 +2.065227989e-09 +2.065227989e-09 +3.752000000e+01 +3.752000000e+01 +2.4900e+00 -1.9691e+00
% function evaluation | noise-free fitness - Fopt (-4.257500000000e+02) | best noise-free fitness - Fopt | measured fitness | best measured fitness | x1 | x2...
1 +2.187932522e+03 +2.187932522e+03 +1.762182522e+03 +1.762182522e+03 -2.9074e+00 -2.4561e+00
4 +9.584892635e+02 +9.584892635e+02 +5.327392635e+02 +5.327392635e+02 -3.1966e+00 -4.5082e-01
7 +9.759676917e+00 +9.759676917e+00 -4.159903231e+02 -4.159903231e+02 -7.3719e-01 +4.0931e+00
85 +3.504770391e+00 +3.504770391e+00 -4.222452296e+02 -4.222452296e+02 -2.1387e+00 +2.0826e+00
98 +1.219615203e+00 +1.219615203e+00 -4.245303848e+02 -4.245303848e+02 -2.3011e+00 +1.9316e+00
131 +7.416913187e-01 +7.416913187e-01 -4.250083087e+02 -4.250083087e+02 -7.3564e-01 +4.4677e+00
190 +2.925382163e-01 +2.925382163e-01 -4.254574618e+02 -4.254574618e+02 -9.2751e-01 +3.8685e+00
195 +1.613179338e-01 +1.613179338e-01 -4.255886821e+02 -4.255886821e+02 -1.4409e+00 +2.6221e+00
257 +1.435738178e-02 +1.435738178e-02 -4.257356426e+02 -4.257356426e+02 -1.4039e+00 +2.7364e+00
325 +7.601344086e-03 +7.601344086e-03 -4.257423987e+02 -4.257423987e+02 -1.3831e+00 +2.7726e+00
404 +3.518655192e-03 +3.518655192e-03 -4.257464813e+02 -4.257464813e+02 -1.3239e+00 +2.8871e+00
459 +1.100815150e-03 +1.100815150e-03 -4.257488992e+02 -4.257488992e+02 -1.3336e+00 +2.8650e+00
483 +9.401818829e-04 +9.401818829e-04 -4.257490598e+02 -4.257490598e+02 -1.3153e+00 +2.8957e+00
534 +3.059225025e-04 +3.059225025e-04 -4.257496941e+02 -4.257496941e+02 -1.3084e+00 +2.9130e+00
552 +1.811849781e-04 +1.811849781e-04 -4.257498188e+02 -4.257498188e+02 -1.3324e+00 +2.8653e+00
563 +3.504882045e-06 +3.504882045e-06 -4.257499965e+02 -4.257499965e+02 -1.3233e+00 +2.8824e+00
675 +4.216837510e-07 +4.216837510e-07 -4.257499996e+02 -4.257499996e+02 -1.3246e+00 +2.8798e+00
713 +8.217466529e-08 +8.217466529e-08 -4.257499999e+02 -4.257499999e+02 -1.3248e+00 +2.8793e+00
786 +6.119563523e-08 +6.119563523e-08 -4.257499999e+02 -4.257499999e+02 -1.3246e+00 +2.8797e+00
819 +3.778893642e-08 +3.778893642e-08 -4.257500000e+02 -4.257500000e+02 -1.3247e+00 +2.8795e+00
828 +1.925161541e-08 +1.925161541e-08 -4.257500000e+02 -4.257500000e+02 -1.3247e+00 +2.8796e+00
868 +2.217177553e-09 +2.217177553e-09 -4.257500000e+02 -4.257500000e+02 -1.3248e+00 +2.8795e+00
% function evaluation | noise-free fitness - Fopt (-2.209000000000e+02) | best noise-free fitness - Fopt | measured fitness | best measured fitness | x1 | x2...
1 +9.033408510e+03 +9.033408510e+03 +8.812508510e+03 +8.812508510e+03 -3.8059e+00 -3.2043e+00
2 +7.996647403e+02 +7.996647403e+02 +5.787647403e+02 +5.787647403e+02 -1.3291e+00 +1.6112e+00
7 +1.144703351e+02 +1.144703351e+02 -1.064296649e+02 -1.064296649e+02 -2.2787e+00 -8.3257e-01
9 +7.241560507e+00 +7.241560507e+00 -2.136584395e+02 -2.136584395e+02 -2.7360e+00 +1.5645e+00
20 +3.164623039e+00 +3.164623039e+00 -2.177353770e+02 -2.177353770e+02 -1.3564e+00 -1.0769e+00
34 +1.644863763e+00 +1.644863763e+00 -2.192551362e+02 -2.192551362e+02 +6.1522e-01 +1.5994e+00
83 +9.244644057e-01 +9.244644057e-01 -2.199755356e+02 -2.199755356e+02 -5.4879e-01 -9.5465e-01
159 +4.235467436e-01 +4.235467436e-01 -2.204764533e+02 -2.204764533e+02 -6.0354e-01 -1.1237e+00
178 +3.474910614e-01 +3.474910614e-01 -2.205525089e+02 -2.205525089e+02 +3.3143e-02 -1.7076e-01
284 +5.795962828e-02 +5.795962828e-02 -2.208420404e+02 -2.208420404e+02 -1.9059e-01 -5.6772e-01
321 +2.778740985e-02 +2.778740985e-02 -2.208722126e+02 -2.208722126e+02 +5.5245e-02 -7.6711e-02
393 +1.539130551e-03 +1.539130551e-03 -2.208984609e+02 -2.208984609e+02 -8.4981e-02 -3.5273e-01
466 +7.262583626e-04 +7.262583626e-04 -2.208992737e+02 -2.208992737e+02 -7.9010e-02 -3.4303e-01
504 +2.020353934e-04 +2.020353934e-04 -2.208997980e+02 -2.208997980e+02 -6.0393e-02 -3.0556e-01
518 +2.424090917e-05 +2.424090917e-05 -2.208999758e+02 -2.208999758e+02 -4.8180e-02 -2.8206e-01
542 +1.278740027e-05 +1.278740027e-05 -2.208999872e+02 -2.208999872e+02 -4.9257e-02 -2.8430e-01
648 +4.270776145e-06 +4.270776145e-06 -2.208999957e+02 -2.208999957e+02 -5.0353e-02 -2.8680e-01
708 +3.160287832e-06 +3.160287832e-06 -2.208999968e+02 -2.208999968e+02 -5.1215e-02 -2.8858e-01
713 +1.557410229e-06 +1.557410229e-06 -2.208999984e+02 -2.208999984e+02 -5.3140e-02 -2.9236e-01
763 +7.679105352e-07 +7.679105352e-07 -2.208999992e+02 -2.208999992e+02 -5.3053e-02 -2.9213e-01
764 +5.785813642e-07 +5.785813642e-07 -2.208999994e+02 -2.208999994e+02 -5.2447e-02 -2.9082e-01
769 +1.445922351e-07 +1.445922351e-07 -2.208999999e+02 -2.208999999e+02 -5.2538e-02 -2.9106e-01
795 +2.795889031e-08 +2.795889031e-08 -2.209000000e+02 -2.209000000e+02 -5.2173e-02 -2.9036e-01
867 +2.066866500e-08 +2.066866500e-08 -2.209000000e+02 -2.209000000e+02 -5.2342e-02 -2.9069e-01
870 +1.155621021e-08 +1.155621021e-08 -2.209000000e+02 -2.209000000e+02 -5.2307e-02 -2.9062e-01
881 +5.082881671e-09 +5.082881671e-09 -2.209000000e+02 -2.209000000e+02 -5.2248e-02 -2.9050e-01
% function evaluation | noise-free fitness - Fopt (-3.594800000000e+02) | best noise-free fitness - Fopt | measured fitness | best measured fitness | x1 | x2...
1 +6.005229368e+05 +6.005229368e+05 +6.001634568e+05 +6.001634568e+05 +4.9006e+00 -3.4780e+00
2 +1.794129707e+04 +1.794129707e+04 +1.758181707e+04 +1.758181707e+04 -1.2332e-01 -2.5891e+00
4 +9.840707935e+03 +9.840707935e+03 +9.481227935e+03 +9.481227935e+03 -2.5469e-01 -8.9595e-02
13 +3.072258385e+03 +3.072258385e+03 +2.712778385e+03 +2.712778385e+03 -8.8589e-01 +8.1596e-02
17 +1.890894915e+03 +1.890894915e+03 +1.531414915e+03 +1.531414915e+03 -4.2639e-01 +4.2625e+00
18 +1.758135395e+02 +1.758135395e+02 -1.836664605e+02 -1.836664605e+02 -1.1630e+00 +2.7111e+00
33 +3.939845859e+00 +3.939845859e+00 -3.555401541e+02 -3.555401541e+02 -1.1445e+00 +4.2195e+00
111 +1.419386043e+00 +1.419386043e+00 -3.580606140e+02 -3.580606140e+02 -2.2759e+00 -9.3378e-01
241 +3.801655286e-01 +3.801655286e-01 -3.590998345e+02 -3.590998345e+02 -2.4653e+00 -1.3691e+00
275 +7.226388241e-02 +7.226388241e-02 -3.594077361e+02 -3.594077361e+02 -2.7858e+00 -2.2069e+00
388 +2.353693722e-02 +2.353693722e-02 -3.594564631e+02 -3.594564631e+02 -2.7550e+00 -2.1658e+00
588 +6.943846149e-03 +6.943846149e-03 -3.594730562e+02 -3.594730562e+02 -2.8257e+00 -2.3153e+00
716 +2.318275643e-03 +2.318275643e-03 -3.594776817e+02 -3.594776817e+02 -2.8916e+00 -2.4514e+00
740 +3.578023503e-04 +3.578023503e-04 -3.594796422e+02 -3.594796422e+02 -2.8836e+00 -2.4402e+00
808 +1.223591967e-04 +1.223591967e-04 -3.594798776e+02 -3.594798776e+02 -2.8944e+00 -2.4609e+00
872 +6.321042514e-05 +6.321042514e-05 -3.594799368e+02 -3.594799368e+02 -2.8966e+00 -2.4655e+00
915 +6.025165618e-05 +6.025165618e-05 -3.594799397e+02 -3.594799397e+02 -2.9093e+00 -2.4919e+00
922 +7.919807786e-06 +7.919807786e-06 -3.594799921e+02 -3.594799921e+02 -2.9037e+00 -2.4807e+00
989 +2.918610107e-06 +2.918610107e-06 -3.594799971e+02 -3.594799971e+02 -2.9034e+00 -2.4800e+00
1000 +1.092601224e-06 +1.092601224e-06 -3.594799989e+02 -3.594799989e+02 -2.9031e+00 -2.4791e+00
1079 +1.342473297e-07 +1.342473297e-07 -3.594799999e+02 -3.594799999e+02 -2.9019e+00 -2.4768e+00
1104 +5.585047802e-08 +5.585047802e-08 -3.594799999e+02 -3.594799999e+02 -2.9024e+00 -2.4779e+00
1190 +8.384404282e-09 +8.384404282e-09 -3.594800000e+02 -3.594800000e+02 -2.9021e+00 -2.4773e+00
% function evaluation | noise-free fitness - Fopt (2.748000000000e+01) | best noise-free fitness - Fopt | measured fitness | best measured fitness | x1 | x2...
1 +1.400565598e+04 +1.400565598e+04 +1.403313598e+04 +1.403313598e+04 +4.5306e+00 -2.3760e+00
2 +6.017503542e+02 +6.017503542e+02 +6.292303542e+02 +6.292303542e+02 +1.5400e+00 -1.4144e+00
3 +1.243862101e+02 +1.243862101e+02 +1.518662101e+02 +1.518662101e+02 +1.7344e+00 +2.1517e+00
9 +3.816666768e+00 +3.816666768e+00 +3.129666677e+01 +3.129666677e+01 +2.7596e+00 +2.5054e+00
46 +2.142087147e+00 +2.142087147e+00 +2.962208715e+01 +2.962208715e+01 +1.1730e+00 +1.2515e+00
53 +7.492224861e-01 +7.492224861e-01 +2.822922249e+01 +2.822922249e+01 +1.8795e+00 +1.1357e+00
89 +9.957771820e-02 +9.957771820e-02 +2.757957772e+01 +2.757957772e+01 +2.4105e+00 +1.6648e+00
280 +3.557277901e-04 +3.557277901e-04 +2.748035573e+01 +2.748035573e+01 +2.6414e+00 +2.0556e+00
696 +1.107643459e-04 +1.107643459e-04 +2.748011076e+01 +2.748011076e+01 +2.6374e+00 +2.0485e+00
773 +3.707993950e-05 +3.707993950e-05 +2.748003708e+01 +2.748003708e+01 +2.6299e+00 +2.0331e+00
800 +7.896299099e-06 +7.896299099e-06 +2.748000790e+01 +2.748000790e+01 +2.6248e+00 +2.0234e+00
845 +1.696581968e-06 +1.696581968e-06 +2.748000170e+01 +2.748000170e+01 +2.6277e+00 +2.0293e+00
934 +7.483193549e-07 +7.483193549e-07 +2.748000075e+01 +2.748000075e+01 +2.6276e+00 +2.0288e+00
965 +2.423225922e-07 +2.423225922e-07 +2.748000024e+01 +2.748000024e+01 +2.6269e+00 +2.0277e+00
984 +9.792735511e-08 +9.792735511e-08 +2.748000010e+01 +2.748000010e+01 +2.6275e+00 +2.0288e+00
1031 +1.631619995e-08 +1.631619995e-08 +2.748000002e+01 +2.748000002e+01 +2.6273e+00 +2.0284e+00
1081 +9.078274132e-09 +9.078274132e-09 +2.748000001e+01 +2.748000001e+01 +2.6274e+00 +2.0286e+00
% function evaluation | noise-free fitness - Fopt (3.609000000000e+01) | best noise-free fitness - Fopt | measured fitness | best measured fitness | x1 | x2...
1 +1.371273755e+03 +1.371273755e+03 +1.407363755e+03 +1.407363755e+03 -5.1082e-01 -3.1059e+00
2 +3.638344484e+02 +3.638344484e+02 +3.999244484e+02 +3.999244484e+02 +1.2497e-01 -9.8006e-01
4 +2.506403263e+02 +2.506403263e+02 +2.867303263e+02 +2.867303263e+02 -1.4084e+00 -6.6610e-02
18 +1.148602338e+02 +1.148602338e+02 +1.509502338e+02 +1.509502338e+02 -6.0861e-01 -4.4900e-01
28 +2.782047457e+00 +2.782047457e+00 +3.887204746e+01 +3.887204746e+01 -9.9439e-01 +8.2124e-01
72 +2.277996647e+00 +2.277996647e+00 +3.836799665e+01 +3.836799665e+01 -6.6261e-01 +7.2649e-01
153 +2.942590115e-01 +2.942590115e-01 +3.638425901e+01 +3.638425901e+01 +2.2074e-01 +1.0902e+00
254 +2.359504755e-01 +2.359504755e-01 +3.632595048e+01 +3.632595048e+01 +1.2404e-01 +9.4979e-01
263 +4.959547844e-02 +4.959547844e-02 +3.613959548e+01 +3.613959548e+01 +3.4063e-01 +1.2144e+00
392 +3.638725273e-02 +3.638725273e-02 +3.612638725e+01 +3.612638725e+01 +3.6002e-01 +1.2501e+00
433 +2.017904683e-02 +2.017904683e-02 +3.611017905e+01 +3.611017905e+01 +4.6864e-01 +1.4544e+00
468 +1.059716707e-02 +1.059716707e-02 +3.610059717e+01 +3.610059717e+01 +4.5264e-01 +1.4175e+00
481 +6.954461445e-03 +6.954461445e-03 +3.609695446e+01 +3.609695446e+01 +4.7777e-01 +1.4642e+00
505 +8.410221314e-04 +8.410221314e-04 +3.609084102e+01 +3.609084102e+01 +5.2366e-01 +1.5453e+00
547 +5.998590303e-04 +5.998590303e-04 +3.609059986e+01 +3.609059986e+01 +5.3827e-01 +1.5735e+00
557 +1.711512075e-04 +1.711512075e-04 +3.609017115e+01 +3.609017115e+01 +5.3951e-01 +1.5772e+00
601 +9.200247825e-05 +9.200247825e-05 +3.609009200e+01 +3.609009200e+01 +5.5618e-01 +1.6116e+00
618 +5.877413805e-06 +5.877413805e-06 +3.609000588e+01 +3.609000588e+01 +5.4425e-01 +1.5876e+00
715 +2.039063048e-06 +2.039063048e-06 +3.609000204e+01 +3.609000204e+01 +5.4599e-01 +1.5913e+00
721 +7.983138346e-07 +7.983138346e-07 +3.609000080e+01 +3.609000080e+01 +5.4615e-01 +1.5914e+00
802 +1.780203718e-07 +1.780203718e-07 +3.609000018e+01 +3.609000018e+01 +5.4698e-01 +1.5932e+00
850 +9.399519740e-08 +9.399519740e-08 +3.609000009e+01 +3.609000009e+01 +5.4650e-01 +1.5922e+00
891 +4.633331940e-08 +4.633331940e-08 +3.609000005e+01 +3.609000005e+01 +5.4657e-01 +1.5924e+00
943 +8.937561802e-09 +8.937561802e-09 +3.609000001e+01 +3.609000001e+01 +5.4665e-01 +1.5925e+00
% function evaluation | noise-free fitness - Fopt (-5.791000000000e+01) | best noise-free fitness - Fopt | measured fitness | best measured fitness | x1 | x2...
1 +8.524293315e+03 +8.524293315e+03 +8.466383315e+03 +8.466383315e+03 +4.4007e+00 +1.6592e+00
10 +1.825202015e+03 +1.825202015e+03 +1.767292015e+03 +1.767292015e+03 +1.9209e+00 -2.2372e+00
17 +6.014162513e+02 +6.014162513e+02 +5.435062513e+02 +5.435062513e+02 +2.4301e+00 +3.9713e-01
18 +6.056973250e+01 +6.056973250e+01 +2.659732504e+00 +2.659732504e+00 +2.7056e+00 +4.2843e+00
37 +1.285136014e+00 +1.285136014e+00 -5.662486399e+01 -5.662486399e+01 +1.9572e+00 +1.9703e+00
38 +7.260612565e-01 +7.260612565e-01 -5.718393874e+01 -5.718393874e+01 +1.8698e+00 +2.0502e+00
98 +6.079087707e-01 +6.079087707e-01 -5.730209123e+01 -5.730209123e+01 +1.6399e+00 +1.8331e+00
142 +1.901510131e-02 +1.901510131e-02 -5.789098490e+01 -5.789098490e+01 +2.3945e+00 +2.7621e+00
489 +1.183305600e-02 +1.183305600e-02 -5.789816694e+01 -5.789816694e+01 +2.3572e+00 +2.7118e+00
501 +3.491196244e-03 +3.491196244e-03 -5.790650880e+01 -5.790650880e+01 +2.3573e+00 +2.7070e+00
516 +5.528171545e-04 +5.528171545e-04 -5.790944718e+01 -5.790944718e+01 +2.3527e+00 +2.6928e+00
590 +1.946303762e-04 +1.946303762e-04 -5.790980537e+01 -5.790980537e+01 +2.3811e+00 +2.7474e+00
683 +7.837187199e-05 +7.837187199e-05 -5.790992163e+01 -5.790992163e+01 +2.3826e+00 +2.7522e+00
711 +9.326728922e-06 +9.326728922e-06 -5.790999067e+01 -5.790999067e+01 +2.3725e+00 +2.7315e+00
788 +1.655793035e-06 +1.655793035e-06 -5.790999834e+01 -5.790999834e+01 +2.3762e+00 +2.7388e+00
803 +5.687173399e-08 +5.687173399e-08 -5.790999994e+01 -5.790999994e+01 +2.3752e+00 +2.7367e+00
989 +8.849475819e-09 +8.849475819e-09 -5.790999999e+01 -5.790999999e+01 +2.3755e+00 +2.7373e+00
% function evaluation | noise-free fitness - Fopt (-3.349100000000e+02) | best noise-free fitness - Fopt | measured fitness | best measured fitness | x1 | x2...
1 +1.085510989e+05 +1.085510989e+05 +1.082161889e+05 +1.082161889e+05 +3.2253e+00 +7.1061e-01
3 +4.439567074e+04 +4.439567074e+04 +4.406076074e+04 +4.406076074e+04 +2.4858e+00 +4.3969e+00
4 +3.800649257e+04 +3.800649257e+04 +3.767158257e+04 +3.767158257e+04 +2.3486e+00 +4.5724e+00
7 +2.216578313e+00 +2.216578313e+00 -3.326934217e+02 -3.326934217e+02 -3.1667e+00 -1.0011e+00
45 +1.456578585e+00 +1.456578585e+00 -3.334534214e+02 -3.334534214e+02 -2.4221e+00 -1.0841e+00
99 +9.984025842e-01 +9.984025842e-01 -3.339115974e+02 -3.339115974e+02 -2.2157e+00 -1.1139e+00
184 +4.216372615e-01 +4.216372615e-01 -3.344883627e+02 -3.344883627e+02 -2.0107e+00 -7.4004e-01
224 +2.762158671e-01 +2.762158671e-01 -3.346337841e+02 -3.346337841e+02 -2.1719e+00 -1.0057e+00
264 +6.062344911e-02 +6.062344911e-02 -3.348493766e+02 -3.348493766e+02 -1.8245e+00 -5.3129e-01
390 +2.849312159e-03 +2.849312159e-03 -3.349071507e+02 -3.349071507e+02 -1.6737e+00 -2.2439e-01
498 +1.834995096e-03 +1.834995096e-03 -3.349081650e+02 -3.349081650e+02 -1.6397e+00 -1.5964e-01
518 +9.035629416e-04 +9.035629416e-04 -3.349090964e+02 -3.349090964e+02 -1.6531e+00 -1.8705e-01
522 +4.196203670e-04 +4.196203670e-04 -3.349095804e+02 -3.349095804e+02 -1.6967e+00 -2.7410e-01
528 +1.713634126e-04 +1.713634126e-04 -3.349098286e+02 -3.349098286e+02 -1.6951e+00 -2.7277e-01
557 +4.525164968e-05 +4.525164968e-05 -3.349099547e+02 -3.349099547e+02 -1.6765e+00 -2.3510e-01
584 +3.703255163e-05 +3.703255163e-05 -3.349099630e+02 -3.349099630e+02 -1.6870e+00 -2.5674e-01
664 +1.045563067e-06 +1.045563067e-06 -3.349099990e+02 -3.349099990e+02 -1.6814e+00 -2.4523e-01
722 +8.581980069e-07 +8.581980069e-07 -3.349099991e+02 -3.349099991e+02 -1.6831e+00 -2.4859e-01
782 +2.541536901e-07 +2.541536901e-07 -3.349099997e+02 -3.349099997e+02 -1.6824e+00 -2.4730e-01
805 +1.626688686e-07 +1.626688686e-07 -3.349099998e+02 -3.349099998e+02 -1.6821e+00 -2.4649e-01
829 +6.839053412e-08 +6.839053412e-08 -3.349099999e+02 -3.349099999e+02 -1.6826e+00 -2.4769e-01
882 +1.506526814e-08 +1.506526814e-08 -3.349100000e+02 -3.349100000e+02 -1.6823e+00 -2.4699e-01
900 +5.168317330e-09 +5.168317330e-09 -3.349100000e+02 -3.349100000e+02 -1.6825e+00 -2.4731e-01
% function evaluation | noise-free fitness - Fopt (-4.670000000000e+01) | best noise-free fitness - Fopt | measured fitness | best measured fitness | x1 | x2...
1 +1.192565563e+04 +1.192565563e+04 +1.187895563e+04 +1.187895563e+04 -4.1210e+00 +1.0084e+00
2 +5.573555087e+03 +5.573555087e+03 +5.526855087e+03 +5.526855087e+03 -2.4251e+00 -4.3493e+00
3 +6.396620680e+02 +6.396620680e+02 +5.929620680e+02 +5.929620680e+02 -2.3140e+00 +2.1943e-01
7 +3.112168026e+02 +3.112168026e+02 +2.645168026e+02 +2.645168026e+02 -2.5655e+00 +1.8816e+00
19 +1.249850597e+02 +1.249850597e+02 +7.828505967e+01 +7.828505967e+01 -4.2098e-02 +1.5710e+00
20 +1.042491009e+01 +1.042491009e+01 -3.627508991e+01 -3.627508991e+01 -2.8803e+00 +4.9504e+00
60 +5.242950824e+00 +5.242950824e+00 -4.145704918e+01 -4.145704918e+01 +1.2936e+00 +4.1386e+00
84 +1.333126194e+00 +1.333126194e+00 -4.536687381e+01 -4.536687381e+01 +5.7159e-01 +1.4955e+00
126 +6.520040847e-02 +6.520040847e-02 -4.663479959e+01 -4.663479959e+01 +9.1054e-02 +6.2971e-01
202 +4.909931771e-02 +4.909931771e-02 -4.665090068e+01 -4.665090068e+01 +3.3133e-01 +1.0444e+00
333 +1.264691373e-02 +1.264691373e-02 -4.668735309e+01 -4.668735309e+01 +2.4140e-01 +8.8579e-01
385 +9.203426692e-03 +9.203426692e-03 -4.669079657e+01 -4.669079657e+01 +2.2812e-01 +8.6891e-01
525 +1.748799098e-03 +1.748799098e-03 -4.669825120e+01 -4.669825120e+01 +2.8399e-01 +9.7216e-01
553 +6.437284570e-04 +6.437284570e-04 -4.669935627e+01 -4.669935627e+01 +3.1412e-01 +1.0298e+00
585 +4.329878111e-04 +4.329878111e-04 -4.669956701e+01 -4.669956701e+01 +3.2077e-01 +1.0433e+00
613 +6.364161982e-05 +6.364161982e-05 -4.669993636e+01 -4.669993636e+01 +3.3085e-01 +1.0660e+00
702 +5.913505528e-05 +5.913505528e-05 -4.669994086e+01 -4.669994086e+01 +3.3168e-01 +1.0673e+00
760 +8.300655765e-06 +8.300655765e-06 -4.669999170e+01 -4.669999170e+01 +3.2288e-01 +1.0498e+00
804 +3.407453697e-06 +3.407453697e-06 -4.669999659e+01 -4.669999659e+01 +3.2559e-01 +1.0549e+00
908 +1.062387724e-07 +1.062387724e-07 -4.669999989e+01 -4.669999989e+01 +3.2411e-01 +1.0520e+00
1019 +6.388496843e-08 +6.388496843e-08 -4.669999994e+01 -4.669999994e+01 +3.2379e-01 +1.0514e+00
1030 +3.201719778e-09 +3.201719778e-09 -4.670000000e+01 -4.670000000e+01 +3.2398e-01 +1.0518e+00
% function evaluation | noise-free fitness - Fopt (-9.308000000000e+01) | best noise-free fitness - Fopt | measured fitness | best measured fitness | x1 | x2...
1 +2.713104443e+03 +2.713104443e+03 +2.620024443e+03 +2.620024443e+03 -4.5415e+00 -2.7262e+00
2 +6.331506805e+02 +6.331506805e+02 +5.400706805e+02 +5.400706805e+02 -1.1528e+00 -4.1331e+00
4 +1.197625695e+02 +1.197625695e+02 +2.668256951e+01 +2.668256951e+01 -4.7394e+00 +4.4577e+00
6 +5.151289170e+01 +5.151289170e+01 -4.156710830e+01 -4.156710830e+01 -2.0213e-01 +6.5109e-01
13 +1.112566041e+01 +1.112566041e+01 -8.195433959e+01 -8.195433959e+01 -3.9695e+00 -2.1502e-02
48 +5.264348534e+00 +5.264348534e+00 -8.781565147e+01 -8.781565147e+01 -3.2960e+00 -1.5975e+00
65 +3.820734380e+00 +3.820734380e+00 -8.925926562e+01 -8.925926562e+01 -3.0400e+00 -2.2504e+00
71 +2.291833220e+00 +2.291833220e+00 -9.078816678e+01 -9.078816678e+01 -2.7338e+00 -2.5939e+00
132 +1.035116305e+00 +1.035116305e+00 -9.204488370e+01 -9.204488370e+01 -1.3423e+00 -2.0957e+00
163 +7.441129116e-01 +7.441129116e-01 -9.233588709e+01 -9.233588709e+01 -1.9426e+00 -2.6659e+00
171 +1.308459452e-01 +1.308459452e-01 -9.294915405e+01 -9.294915405e+01 -1.3038e+00 -1.8878e+00
236 +8.696859923e-02 +8.696859923e-02 -9.299303140e+01 -9.299303140e+01 -1.5354e+00 -2.3010e+00
488 +5.269363509e-02 +5.269363509e-02 -9.302730636e+01 -9.302730636e+01 -1.0957e+00 -1.5067e+00
507 +1.419663400e-02 +1.419663400e-02 -9.306580337e+01 -9.306580337e+01 -1.3389e+00 -1.9955e+00
521 +3.886927336e-03 +3.886927336e-03 -9.307611307e+01 -9.307611307e+01 -1.3023e+00 -1.9187e+00
594 +2.039701680e-03 +2.039701680e-03 -9.307796030e+01 -9.307796030e+01 -1.2755e+00 -1.8663e+00
622 +1.461829664e-03 +1.461829664e-03 -9.307853817e+01 -9.307853817e+01 -1.2475e+00 -1.8185e+00
718 +7.008328350e-04 +7.008328350e-04 -9.307929917e+01 -9.307929917e+01 -1.2583e+00 -1.8338e+00
722 +6.130558248e-04 +6.130558248e-04 -9.307938694e+01 -9.307938694e+01 -1.2685e+00 -1.8558e+00
726 +2.145636457e-04 +2.145636457e-04 -9.307978544e+01 -9.307978544e+01 -1.2578e+00 -1.8345e+00
768 +1.402344656e-04 +1.402344656e-04 -9.307985977e+01 -9.307985977e+01 -1.2528e+00 -1.8258e+00
780 +2.904711293e-05 +2.904711293e-05 -9.307997095e+01 -9.307997095e+01 -1.2459e+00 -1.8108e+00
815 +1.891508244e-05 +1.891508244e-05 -9.307998108e+01 -9.307998108e+01 -1.2426e+00 -1.8044e+00
816 +9.278427271e-06 +9.278427271e-06 -9.307999072e+01 -9.307999072e+01 -1.2421e+00 -1.8036e+00
837 +5.101437196e-06 +5.101437196e-06 -9.307999490e+01 -9.307999490e+01 -1.2427e+00 -1.8053e+00
868 +3.470121953e-06 +3.470121953e-06 -9.307999653e+01 -9.307999653e+01 -1.2420e+00 -1.8036e+00
932 +1.697717124e-06 +1.697717124e-06 -9.307999830e+01 -9.307999830e+01 -1.2436e+00 -1.8069e+00
950 +1.260519966e-06 +1.260519966e-06 -9.307999874e+01 -9.307999874e+01 -1.2427e+00 -1.8050e+00
966 +7.868987524e-07 +7.868987524e-07 -9.307999921e+01 -9.307999921e+01 -1.2437e+00 -1.8069e+00
990 +5.375841710e-07 +5.375841710e-07 -9.307999946e+01 -9.307999946e+01 -1.2435e+00 -1.8066e+00
1010 +1.056372270e-07 +1.056372270e-07 -9.307999989e+01 -9.307999989e+01 -1.2438e+00 -1.8072e+00
1022 +5.763739352e-08 +5.763739352e-08 -9.307999994e+01 -9.307999994e+01 -1.2439e+00 -1.8074e+00
1068 +3.385723346e-08 +3.385723346e-08 -9.307999997e+01 -9.307999997e+01 -1.2439e+00 -1.8074e+00
1093 +1.899476842e-08 +1.899476842e-08 -9.307999998e+01 -9.307999998e+01 -1.2438e+00 -1.8071e+00
1105 +1.214124268e-08 +1.214124268e-08 -9.307999999e+01 -9.307999999e+01 -1.2439e+00 -1.8074e+00
1112 +8.295785392e-09 +8.295785392e-09 -9.307999999e+01 -9.307999999e+01 -1.2437e+00 -1.8070e+00
% function evaluation | noise-free fitness - Fopt (4.168000000000e+01) | best noise-free fitness - Fopt | measured fitness | best measured fitness | x1 | x2...
1 +5.663822370e+04 +5.663822370e+04 +5.667990370e+04 +5.667990370e+04 -4.2943e+00 -1.6386e+00
2 +1.543664549e+03 +1.543664549e+03 +1.585344549e+03 +1.585344549e+03 -1.7544e+00 -4.8112e-01
10 +1.366801849e+01 +1.366801849e+01 +5.534801849e+01 +5.534801849e+01 +1.6235e+00 -1.1038e+00
27 +3.567391619e+00 +3.567391619e+00 +4.524739162e+01 +4.524739162e+01 +1.8145e-01 -2.2880e+00
58 +2.032554149e+00 +2.032554149e+00 +4.371255415e+01 +4.371255415e+01 +3.3706e-01 -2.3485e+00
174 +9.222861268e-01 +9.222861268e-01 +4.260228613e+01 +4.260228613e+01 +1.0204e+00 -2.3427e+00
253 +7.766590645e-02 +7.766590645e-02 +4.175766591e+01 +4.175766591e+01 +1.3822e+00 -1.8807e+00
645 +5.739245587e-02 +5.739245587e-02 +4.173739246e+01 +4.173739246e+01 +1.4347e+00 -1.7936e+00
688 +3.402487692e-02 +3.402487692e-02 +4.171402488e+01 +4.171402488e+01 +1.4765e+00 -1.7343e+00
701 +1.409280495e-02 +1.409280495e-02 +4.169409280e+01 +4.169409280e+01 +1.5512e+00 -1.6122e+00
740 +8.443851952e-03 +8.443851952e-03 +4.168844385e+01 +4.168844385e+01 +1.5702e+00 -1.5750e+00
743 +6.064656636e-03 +6.064656636e-03 +4.168606466e+01 +4.168606466e+01 +1.5832e+00 -1.5491e+00
783 +3.547154113e-03 +3.547154113e-03 +4.168354715e+01 +4.168354715e+01 +1.6450e+00 -1.4374e+00
799 +2.505735245e-03 +2.505735245e-03 +4.168250574e+01 +4.168250574e+01 +1.6415e+00 -1.4433e+00
822 +1.475287219e-03 +1.475287219e-03 +4.168147529e+01 +4.168147529e+01 +1.6228e+00 -1.4756e+00
850 +8.991074079e-04 +8.991074079e-04 +4.168089911e+01 +4.168089911e+01 +1.6332e+00 -1.4559e+00
851 +4.366600272e-04 +4.366600272e-04 +4.168043666e+01 +4.168043666e+01 +1.6400e+00 -1.4418e+00
863 +3.728569331e-04 +3.728569331e-04 +4.168037286e+01 +4.168037286e+01 +1.6502e+00 -1.4231e+00
882 +1.861412439e-04 +1.861412439e-04 +4.168018614e+01 +4.168018614e+01 +1.6661e+00 -1.3911e+00
901 +1.492205997e-05 +1.492205997e-05 +4.168001492e+01 +4.168001492e+01 +1.6635e+00 -1.3953e+00
945 +8.319801296e-06 +8.319801296e-06 +4.168000832e+01 +4.168000832e+01 +1.6637e+00 -1.3947e+00
984 +4.828495051e-06 +4.828495051e-06 +4.168000483e+01 +4.168000483e+01 +1.6588e+00 -1.4044e+00
1003 +2.536847155e-06 +2.536847155e-06 +4.168000254e+01 +4.168000254e+01 +1.6604e+00 -1.4014e+00
1015 +1.840167378e-06 +1.840167378e-06 +4.168000184e+01 +4.168000184e+01 +1.6615e+00 -1.3991e+00
1024 +1.099778615e-06 +1.099778615e-06 +4.168000110e+01 +4.168000110e+01 +1.6606e+00 -1.4010e+00
1043 +3.564720359e-07 +3.564720359e-07 +4.168000036e+01 +4.168000036e+01 +1.6602e+00 -1.4016e+00
1081 +6.423455545e-08 +6.423455545e-08 +4.168000006e+01 +4.168000006e+01 +1.6610e+00 -1.4000e+00
1142 +5.736922049e-11 +5.736922049e-11 +4.168000000e+01 +4.168000000e+01 +1.6608e+00 -1.4004e+00
