% function evaluation | noise-free fitness - Fopt (9.294000000000e+01) | best noise-free fitness - Fopt | measured fitness | best measured fitness | x1 | x2...
1 +2.432405579e+03 +2.432405579e+03 +2.525345579e+03 +2.525345579e+03 +1.7016e+00 -2.6294e+00 +1.1275e+00 +3.5649e+00 +3.6765e+00 +2.0562e+00 -9.2247e-01 +3.3402e+00 -3.2630e+00 -1.8063e-01 +3.1461e-01 -4.0444e-01 +2.5449e+00 +1.3688e+00 +3.6980e+00 -1.3212e-01 -2.1635e+00 -2.6202e+00 +1.6179e+00 +1.9146e+00
16 +1.448939151e+03 +1.448939151e+03 +1.541879151e+03 +1.541879151e+03 +3.9693e+00 -1.5139e+00 -1.0137e-01 +4.8973e+00 +1.8438e+00 +2.0957e+00 -1.6330e+00 +5.7168e+00 -1.4107e+00 +3.9462e+00 +2.8814e+00 -1.8256e+00 -1.6762e+00 +4.0062e-01 +2.7799e-01 +6.3592e-02 -4.7068e-01 +1.1644e+00 +1.2725e+00 +3.7529e+00
47 +9.310139462e+02 +9.310139462e+02 +1.023953946e+03 +1.023953946e+03 +3.3071e+00 -3.5770e+00 -2.4561e-01 +3.1624e+00 +2.4995e+00 +3.7161e+00 -2.9517e+00 +3.5846e+00 -4.6034e-01 +3.4775e+00 +3.2542e-01 -4.0435e+00 +1.3263e+00 +2.0545e-02 +3.1565e+00 -3.6557e+00 +1.3447e+00 -4.1712e+00 +3.3540e+00 +4.2285e+00
62 +6.192994534e+02 +6.192994534e+02 +7.122394534e+02 +7.122394534e+02 -6.5907e-01 -2.3581e+00 +5.7381e-01 +5.5644e+00 +5.2152e+00 +2.7252e+00 -2.2290e+00 +2.5830e+00 +1.7644e+00 +6.0975e+00 -8.8972e-01 -2.8806e+00 +2.2857e-01 +3.0862e+00 +4.0090e+00 -3.2817e+00 +2.3466e+00 -5.9476e+00 +4.7853e+00 -4.2819e-01
115 +3.320166532e+02 +3.320166532e+02 +4.249566532e+02 +4.249566532e+02 -8.7530e-01 -3.8746e+00 -1.9443e+00 +3.4305e+00 +3.6175e+00 +5.6429e+00 -1.3620e+00 -1.6384e+00 +3.3429e+00 +6.5605e+00 +3.9119e-01 -2.6888e+00 +2.5065e+00 +6.0419e+00 +4.6551e+00 -2.1199e+00 +4.0957e+00 -3.9383e+00 +4.0876e+00 -1.0346e+00
199 +1.580283326e+02 +1.580283326e+02 +2.509683326e+02 +2.509683326e+02 -1.4223e+00 -4.7280e+00 -1.5034e+00 +4.0312e+00 +2.4357e+00 +4.6846e+00 -5.4592e-01 -4.7658e-01 +3.5277e+00 +4.2492e+00 -2.6689e+00 -1.7022e+00 +7.2902e-01 +5.0177e+00 +2.5915e+00 -1.0634e+00 +2.5352e+00 -1.3837e+00 +3.8556e+00 +1.0443e+00
379 +9.838919914e+01 +9.838919914e+01 +1.913291991e+02 +1.913291991e+02 -7.7895e-01 -7.0711e-01 -3.6584e-01 +2.2656e+00 +2.6768e+00 +5.6103e+00 -1.4440e+00 -6.6504e-01 +4.3450e+00 +5.5501e+00 -8.1973e-01 -3.7696e+00 -9.5850e-01 +3.8768e+00 +9.7898e-01 -2.3392e+00 +2.6870e+00 -2.1074e+00 +2.7053e+00 +1.9613e+00
530 +6.253838979e+01 +6.253838979e+01 +1.554783898e+02 +1.554783898e+02 +1.6508e+00 +1.0041e+00 +1.7075e+00 +2.6740e+00 +2.4014e+00 +5.8285e+00 -1.5521e+00 -3.1860e-02 +4.7338e+00 +4.8839e+00 +1.2652e+00 -1.9440e+00 -2.6150e+00 +8.6361e-01 +1.6771e+00 -4.5849e-01 +2.5695e+00 -3.1353e+00 +3.7622e+00 +5.0230e-01
740 +3.959052046e+01 +3.959052046e+01 +1.325305205e+02 +1.325305205e+02 +5.6720e-01 -7.7451e-01 +5.1927e-01 +3.1884e+00 +2.2592e+00 +5.4074e+00 -1.1295e+00 +6.1446e-01 +3.9189e+00 +3.8445e+00 +1.3307e+00 -3.8683e+00 -3.1649e+00 +1.0432e+00 +1.8575e+00 +4.1818e-01 +2.9516e+00 -2.8811e+00 +4.7122e+00 +1.9035e+00
938 +2.481673314e+01 +2.481673314e+01 +1.177567331e+02 +1.177567331e+02 +7.4229e-01 -3.7547e-01 +1.0197e-01 +2.8461e+00 +2.5651e+00 +5.1923e+00 -7.1748e-01 -6.9163e-01 +3.7845e+00 +2.7274e+00 +1.2094e+00 -2.7044e+00 -2.9736e+00 +6.8903e-01 +2.0014e+00 +1.1665e+00 +2.8166e+00 -2.6362e+00 +4.9078e+00 +1.3233e+00
1063 +1.390457813e+01 +1.390457813e+01 +1.068445781e+02 +1.068445781e+02 +3.8666e-01 -8.6622e-01 -2.0287e-01 +3.1542e+00 +2.3592e+00 +4.5645e+00 -4.1369e-01 -1.4385e+00 +4.2724e+00 +3.0537e+00 +1.6215e+00 -3.7710e+00 -2.5957e+00 +7.6014e-01 +2.5012e+00 +1.7241e+00 +3.3867e+00 -3.3012e+00 +4.7896e+00 +1.2166e+00
1152 +9.776050216e+00 +9.776050216e+00 +1.027160502e+02 +1.027160502e+02 +8.3309e-02 -3.6343e-01 -4.8561e-01 +3.3483e+00 +2.1033e+00 +4.2404e+00 -3.0946e-01 -1.4581e+00 +3.8467e+00 +2.7867e+00 +1.3995e+00 -3.2606e+00 -2.3108e+00 +4.4169e-01 +2.2991e+00 +1.9128e+00 +3.9952e+00 -3.0199e+00 +4.2310e+00 +8.5042e-01
1471 +5.959694345e+00 +5.959694345e+00 +9.889969434e+01 +9.889969434e+01 +3.8736e-01 +1.0800e-01 -4.1242e-01 +2.9970e+00 +2.5794e+00 +4.6328e+00 +1.2117e+00 -1.4737e+00 +4.3821e+00 +2.1462e+00 +2.3107e+00 -3.6361e+00 -2.2269e+00 +7.9456e-01 +2.1011e+00 +1.8402e+00 +3.1365e+00 -3.2232e+00 +3.5417e+00 +1.7623e+00
8020 +3.864595479e+00 +3.864595479e+00 +9.680459548e+01 +9.680459548e+01 +1.6129e-01 +6.7427e-01 -3.0041e-02 +3.0780e+00 +2.7077e+00 +4.3218e+00 +2.3329e+00 -2.5017e+00 +4.0153e+00 +1.8474e+00 +2.7062e+00 -3.9749e+00 -1.6842e+00 +6.9105e-01 +1.8056e+00 +2.6989e+00 +3.1003e+00 -3.2974e+00 +2.2972e+00 +1.3586e+00
8521 +2.511548671e+00 +2.511548671e+00 +9.545154867e+01 +9.545154867e+01 +2.4544e-01 +3.8833e-01 -2.1484e-01 +2.9199e+00 +2.6545e+00 +3.9283e+00 +1.8115e+00 -2.4137e+00 +4.1386e+00 +1.9314e+00 +2.4185e+00 -4.0767e+00 -1.6248e+00 +6.4495e-01 +1.7804e+00 +2.6826e+00 +3.3180e+00 -3.1631e+00 +2.6643e+00 +1.3555e+00
8985 +1.528074793e+00 +1.528074793e+00 +9.446807479e+01 +9.446807479e+01 +1.1718e-01 +3.2566e-01 -1.0321e-01 +2.9855e+00 +2.5322e+00 +3.8731e+00 +1.6562e+00 -2.4683e+00 +4.2897e+00 +2.0107e+00 +2.3924e+00 -4.1156e+00 -1.5979e+00 +7.1112e-01 +1.7984e+00 +2.7434e+00 +3.2480e+00 -3.1423e+00 +2.6798e+00 +1.4137e+00
41567 +9.648497833e-01 +9.648497833e-01 +9.390484978e+01 +9.390484978e+01 -3.0995e-01 +5.3848e-01 +1.9229e-01 +3.1208e+00 +2.3332e+00 +4.0317e+00 +1.5595e+00 -2.0509e+00 +3.8638e+00 +2.2316e+00 +1.4934e+00 -3.5373e+00 -1.2176e+00 +9.5476e-01 +1.3372e+00 +2.5705e+00 +3.9410e+00 -3.0419e+00 +2.6148e+00 +8.3920e-01
41831 +6.034278487e-01 +6.034278487e-01 +9.354342785e+01 +9.354342785e+01 -4.6788e-01 +4.8316e-01 +2.3558e-01 +3.0164e+00 +2.3987e+00 +3.8851e+00 +1.6435e+00 -2.1679e+00 +4.2193e+00 +2.1286e+00 +1.5091e+00 -3.5776e+00 -1.1365e+00 +9.3804e-01 +1.3363e+00 +2.6758e+00 +3.8064e+00 -3.0172e+00 +2.6698e+00 +8.8429e-01
42386 +3.977495944e-01 +3.977495944e-01 +9.333774959e+01 +9.333774959e+01 -4.4061e-01 +5.4530e-01 +1.7298e-01 +3.0398e+00 +2.3494e+00 +3.8267e+00 +1.6728e+00 -2.3056e+00 +4.1736e+00 +2.1226e+00 +1.4010e+00 -3.5753e+00 -1.1365e+00 +8.7843e-01 +1.3105e+00 +2.6391e+00 +3.8675e+00 -3.0070e+00 +2.5656e+00 +8.0057e-01
688290 +2.338659013e-01 +2.338659013e-01 +9.317386590e+01 +9.317386590e+01 -1.1037e-01 +8.2365e-01 +2.7694e-01 +3.0786e+00 +2.3436e+00 +3.8254e+00 +1.6733e+00 -2.4755e+00 +3.9343e+00 +2.1675e+00 +1.8352e+00 -3.7423e+00 -1.6024e+00 +5.7889e-01 +1.3914e+00 +2.6769e+00 +3.7035e+00 -3.1838e+00 +2.5220e+00 +5.4220e-01
688599 +1.351888345e-01 +1.351888345e-01 +9.307518883e+01 +9.307518883e+01 -2.0362e-01 +7.5460e-01 +2.9349e-01 +3.0568e+00 +2.3734e+00 +3.8757e+00 +1.5956e+00 -2.5224e+00 +3.9831e+00 +2.1213e+00 +1.7625e+00 -3.7306e+00 -1.5185e+00 +6.0991e-01 +1.3254e+00 +2.8005e+00 +3.7010e+00 -3.0481e+00 +2.6544e+00 +6.4149e-01
688638 +6.765371985e-02 +6.765371985e-02 +9.300765372e+01 +9.300765372e+01 -2.0320e-01 +6.8938e-01 +3.0188e-01 +3.1160e+00 +2.3797e+00 +3.8737e+00 +1.5936e+00 -2.5014e+00 +3.9127e+00 +2.0889e+00 +1.7244e+00 -3.7035e+00 -1.5638e+00 +5.5278e-01 +1.3374e+00 +2.8256e+00 +3.6772e+00 -2.9995e+00 +2.6237e+00 +5.7612e-01
688742 +5.515646492e-02 +5.515646492e-02 +9.299515646e+01 +9.299515646e+01 -2.5048e-01 +7.4485e-01 +3.1782e-01 +3.0545e+00 +2.3856e+00 +3.8658e+00 +1.6237e+00 -2.4610e+00 +3.9382e+00 +2.1421e+00 +1.6962e+00 -3.7544e+00 -1.4936e+00 +6.2845e-01 +1.3131e+00 +2.7903e+00 +3.7027e+00 -3.0668e+00 +2.6157e+00 +5.9662e-01
689020 +3.615152674e-02 +3.615152674e-02 +9.297615153e+01 +9.297615153e+01 -2.5838e-01 +7.2602e-01 +2.8365e-01 +3.1173e+00 +2.3829e+00 +3.8303e+00 +1.6613e+00 -2.4730e+00 +3.8852e+00 +2.1626e+00 +1.6905e+00 -3.7702e+00 -1.5316e+00 +5.9404e-01 +1.2482e+00 +2.8184e+00 +3.7210e+00 -3.0315e+00 +2.5807e+00 +6.4287e-01
% function evaluation | noise-free fitness - Fopt (3.535000000000e+01) | best noise-free fitness - Fopt | measured fitness | best measured fitness | x1 | x2...
1 +2.571864354e+03 +2.571864354e+03 +2.607214354e+03 +2.607214354e+03 +4.2203e-01 +1.0722e+00 +3.3509e+00 +3.4475e+00 +1.4539e+00 -1.2184e+00 +3.5593e+00 -2.4728e+00 -9.2814e-01 +3.6163e+00 +3.2328e+00 -3.1855e+00 -2.0824e+00 -7.7369e-01 -6.5921e-01 -1.4519e+00 -1.0056e+00 -2.7794e+00 +1.5394e+00 +1.2106e+00
12 +2.351492862e+03 +2.351492862e+03 +2.386842862e+03 +2.386842862e+03 +1.8593e+00 -1.0503e-01 +3.8059e+00 +4.8211e+00 +2.3049e+00 -1.1826e+00 +4.1270e+00 -3.3604e+00 -1.0440e+00 +4.4431e+00 +6.1199e+00 -5.6958e+00 -1.8469e+00 +2.9703e+00 -2.5683e+00 -2.1662e+00 -1.7438e-01 -7.2284e+00 +3.5750e+00 +7.0160e-01
15 +1.557124472e+03 +1.557124472e+03 +1.592474472e+03 +1.592474472e+03 +3.6203e-01 +2.1048e-01 +2.7031e+00 +6.6653e+00 +2.8846e+00 -2.1412e+00 +3.3148e+00 +4.3318e+00 -4.4890e-01 +5.0630e+00 +5.4352e+00 -3.7307e+00 -3.0844e+00 -1.9581e+00 -3.2062e+00 -5.5583e-01 +2.2556e+00 -4.4236e+00 +5.2506e+00 +2.7683e+00
53 +5.119228586e+02 +5.119228586e+02 +5.472728586e+02 +5.472728586e+02 +7.5404e-01 -3.4192e+00 -1.8797e+00 +4.7897e+00 +2.0266e+00 -1.7982e+00 +4.1476e+00 +3.4819e+00 +9.3990e-01 +3.4141e+00 +5.9089e+00 -6.3198e+00 +1.5343e+00 +5.6683e+00 -6.0016e+00 +3.2781e-02 -8.0527e-01 -2.6674e+00 +1.9626e+00 +1.1684e+00
104 +2.612660783e+02 +2.612660783e+02 +2.966160783e+02 +2.966160783e+02 -1.0292e-01 -5.5117e+00 +1.6584e-01 +6.3287e+00 -1.5652e+00 +3.6520e-01 +1.3285e+00 +2.2542e+00 +1.0754e+00 -1.5105e+00 +4.4934e+00 -2.3348e+00 +3.0752e+00 +5.0344e+00 -2.0875e+00 +2.2145e+00 +4.5336e+00 -2.7501e+00 +1.8212e+00 +3.3653e+00
246 +2.135791429e+02 +2.135791429e+02 +2.489291429e+02 +2.489291429e+02 +2.6286e-01 -2.6555e+00 +3.3110e+00 +5.7355e+00 -2.4974e+00 +6.6561e-01 +1.0119e+00 +2.9456e+00 +3.3795e-01 -1.9333e+00 +4.9196e-01 -3.2249e-01 +3.6153e-01 +1.5981e+00 -3.0385e+00 +8.9178e-01 +6.8270e+00 +3.2893e+00 +4.6689e+00 +3.1153e+00
265 +1.105958066e+02 +1.105958066e+02 +1.459458066e+02 +1.459458066e+02 -1.0743e+00 -7.2101e-01 +3.4162e+00 +4.2563e+00 -2.2841e+00 +9.7753e-01 +4.2724e+00 +2.2880e+00 +1.3644e+00 +1.9160e-01 +2.7949e+00 -1.6058e+00 +2.3423e+00 +1.5769e+00 -5.4124e+00 +1.0528e+00 +4.3018e+00 +2.7328e+00 +1.4547e+00 +2.6874e+00
401 +9.980838273e+01 +9.980838273e+01 +1.351583827e+02 +1.351583827e+02 -3.5786e-01 +5.8592e-01 +4.1547e+00 +3.0792e+00 -2.5353e+00 -3.4658e-01 +2.6845e+00 +2.0571e+00 +2.3581e+00 -1.5902e+00 +7.3193e-01 -1.8298e+00 +1.6039e+00 +2.7982e+00 -4.9926e+00 +2.6353e+00 +1.6964e+00 +2.9940e-01 +3.4603e+00 +2.7383e+00
484 +3.571203194e+01 +3.571203194e+01 +7.106203194e+01 +7.106203194e+01 -8.2837e-01 -1.0581e-01 +3.9379e+00 +3.6151e+00 -1.9318e+00 +6.6369e-01 +2.4470e+00 +2.3510e+00 +1.6018e+00 -1.0053e+00 +1.3280e+00 -1.4461e+00 +2.5338e+00 +2.8445e+00 -2.6747e+00 +3.1405e+00 +3.1671e+00 +4.5279e-01 +3.9159e+00 +1.8205e+00
694 +2.068312173e+01 +2.068312173e+01 +5.603312173e+01 +5.603312173e+01 +7.3591e-01 +5.9417e-01 +4.2607e+00 +2.1781e+00 -2.2687e+00 -6.8182e-01 +2.1339e+00 +1.7932e+00 +4.6412e-01 -2.4501e+00 +1.3939e+00 -1.5548e+00 +2.9581e+00 +2.3732e+00 -1.5384e+00 +3.5923e+00 +3.8085e+00 +1.0641e+00 +3.4924e+00 +2.6475e+00
749 +1.183323669e+01 +1.183323669e+01 +4.718323669e+01 +4.718323669e+01 +1.4468e+00 +1.1380e+00 +4.0135e+00 +2.1037e+00 -2.2993e+00 -9.8829e-01 +1.6014e+00 +1.3171e+00 +6.3931e-01 -1.7678e+00 +6.7279e-01 -1.7541e+00 +2.4288e+00 +2.6746e+00 -1.4202e+00 +3.4505e+00 +3.2274e+00 +1.0883e+00 +3.2542e+00 +2.7146e+00
980 +9.545515538e+00 +9.545515538e+00 +4.489551554e+01 +4.489551554e+01 +6.4444e-01 +7.4047e-01 +4.3223e+00 +2.6707e+00 -2.5895e+00 -1.1293e+00 +1.3643e+00 +1.4952e+00 +1.5582e+00 -2.1043e+00 +3.3205e-01 -1.5335e+00 +1.7054e+00 +3.5370e+00 -1.5430e+00 +2.4733e+00 +3.2995e+00 +1.6526e+00 +3.2031e+00 +2.5297e+00
4614 +6.274986723e+00 +6.274986723e+00 +4.162498672e+01 +4.162498672e+01 +1.5036e+00 +2.0151e+00 +4.9960e+00 +1.8743e-01 -5.4356e-01 -5.9805e-01 +1.8489e+00 +2.0702e+00 +8.6717e-02 -2.2635e+00 -8.2524e-01 -8.4390e-01 +1.4331e+00 +4.0572e+00 -3.4999e-01 +3.6636e+00 +3.1220e+00 +1.3832e+00 +5.1998e+00 +2.6975e+00
20656 +3.941835780e+00 +3.941835780e+00 +3.929183578e+01 +3.929183578e+01 +1.5928e+00 +8.8900e-01 +2.6224e+00 +1.6951e+00 -1.0558e+00 -1.5642e+00 +2.8512e+00 +9.5778e-01 +9.5307e-01 -5.8610e-01 -1.4524e+00 -3.3708e+00 +3.8028e+00 +3.6352e+00 -1.7007e+00 +2.7641e+00 +1.8075e+00 +1.9531e+00 +3.4896e+00 +2.0864e+00
115566 +2.510448008e+00 +2.510448008e+00 +3.786044801e+01 +3.786044801e+01 +1.8847e+00 +5.9037e-01 +3.6282e+00 +2.9522e-01 -2.0174e+00 -1.2023e+00 +3.1066e+00 +1.5980e+00 +8.1567e-01 -2.5053e+00 +3.2861e-01 -2.5005e+00 +2.3422e+00 +3.8358e+00 -6.1449e-01 +3.2267e+00 +3.1043e+00 +1.3771e+00 +3.4179e+00 +3.3933e+00
283300 +1.571098016e+00 +1.571098016e+00 +3.692109802e+01 +3.692109802e+01 +1.7555e+00 +2.0196e+00 +4.4232e+00 +9.7815e-01 -1.4129e+00 -1.6081e+00 +2.0729e+00 +9.3219e-01 +7.8440e-01 -1.6418e+00 -5.5410e-01 -1.6082e+00 +2.9060e+00 +3.4144e+00 -4.6413e-01 +4.3584e+00 +2.8886e+00 +1.7858e+00 +4.1697e+00 +1.8716e+00
833551 +9.872585854e-01 +9.872585854e-01 +3.633725859e+01 +3.633725859e+01 +1.5062e+00 +1.6579e+00 +4.0507e+00 +1.5413e+00 -1.2268e+00 -1.1746e+00 +2.2306e+00 +1.0598e+00 +8.8409e-01 -1.2451e+00 -7.1043e-01 -1.9671e+00 +3.2230e+00 +3.6768e+00 -1.0934e+00 +3.7828e+00 +2.3214e+00 +1.5848e+00 +4.0400e+00 +1.7016e+00
% function evaluation | noise-free fitness - Fopt (3.820000000000e+00) | best noise-free fitness - Fopt | measured fitness | best measured fitness | x1 | x2...
1 +1.425603310e+03 +1.425603310e+03 +1.429423310e+03 +1.429423310e+03 +1.8386e+00 -1.3337e+00 +3.0922e+00 -2.4683e+00 +3.5349e+00 +4.4465e-01 -9.6123e-01 +1.3953e+00 +7.6717e-02 +2.1499e+00 +6.5452e-01 -1.3017e-01 +2.6611e+00 +9.1961e-01 -3.2408e+00 -2.4419e+00 +3.7978e-01 -3.4098e-01 -1.8246e+00 -8.0292e-01
5 +5.913722521e+02 +5.913722521e+02 +5.951922521e+02 +5.951922521e+02 -7.5961e-01 -1.7938e+00 +1.8481e+00 -4.5056e+00 +3.0752e+00 +2.6621e+00 -6.7405e-01 +3.9288e+00 -6.0765e-01 +1.0875e+00 +1.4357e+00 +1.3298e+00 -1.5438e+00 -2.1838e+00 -1.2144e+00 -2.0159e+00 -3.1995e+00 +2.2995e+00 +2.5445e+00 -2.2628e+00
33 +3.627218776e+02 +3.627218776e+02 +3.665418776e+02 +3.665418776e+02 -1.2646e+00 -4.4750e-01 +1.4665e+00 -4.7929e+00 +1.5558e+00 +3.6865e+00 +3.6213e+00 +5.6320e-01 -1.3177e+00 +1.1744e+00 -1.2499e+00 +5.7808e-01 +2.1675e+00 -5.9307e-01 -8.6868e-01 +1.6267e+00 -3.2078e+00 +1.5661e+00 +2.8985e+00 -5.9077e-01
121 +1.803851330e+02 +1.803851330e+02 +1.842051330e+02 +1.842051330e+02 +2.3495e+00 +8.0216e-02 +2.1379e+00 -2.8858e+00 +2.6869e+00 +1.6948e+00 +4.2101e+00 -1.9054e-01 -3.4534e+00 -4.0171e-01 +1.7820e+00 -6.8863e-01 -8.0138e-01 -1.1671e+00 -1.2641e+00 +1.2542e+00 -9.9176e-01 +4.8451e+00 +1.5873e+00 +1.3494e+00
145 +9.720492029e+01 +9.720492029e+01 +1.010249203e+02 +1.010249203e+02 +2.5519e+00 -3.3231e-01 +2.0011e+00 -2.2488e+00 +1.2421e+00 +8.7733e-01 +2.9182e+00 -1.1359e+00 -1.5116e+00 -1.3465e-01 +1.3512e+00 +4.0894e-01 -3.5739e-01 -1.0449e+00 -8.3157e-01 -3.9519e-01 -1.4873e+00 +3.7342e+00 +6.0188e-01 +2.6806e+00
358 +6.235894870e+01 +6.235894870e+01 +6.617894870e+01 +6.617894870e+01 +3.0849e+00 -3.2142e-01 +1.7852e+00 -7.0789e-01 +3.5782e+00 -1.5008e+00 +2.1499e+00 +2.1808e-01 -1.8495e+00 -7.4512e-01 +1.4204e+00 +1.5513e+00 +3.8195e-01 -9.7397e-01 -2.5590e+00 +5.3212e-01 -2.1371e+00 +4.0015e+00 +1.0850e+00 +2.3296e+00
676 +3.893100993e+01 +3.893100993e+01 +4.275100993e+01 +4.275100993e+01 +2.7783e+00 +7.4383e-01 +1.5297e+00 -1.5420e+00 +6.3014e-01 -1.7099e+00 +1.8957e+00 -1.4919e+00 -5.0134e-01 -1.3337e+00 +9.4053e-01 +7.2582e-01 -8.2179e-01 -2.5652e+00 -1.1450e+00 +1.1829e+00 -1.2541e+00 +4.8487e+00 -2.8773e-01 +2.5408e+00
776 +2.501989681e+01 +2.501989681e+01 +2.883989681e+01 +2.883989681e+01 +2.5791e+00 +5.8482e-01 +1.6166e+00 -1.9429e+00 +9.9735e-01 -1.4111e+00 +1.6386e+00 -1.9820e+00 -4.3956e-02 -1.5233e+00 +1.1643e+00 +1.5880e+00 -5.1033e-01 -2.7512e+00 -1.8653e+00 +9.5672e-01 -1.0416e+00 +3.9892e+00 -3.3203e-01 +3.0517e+00
1032 +1.444093343e+01 +1.444093343e+01 +1.826093343e+01 +1.826093343e+01 +3.0520e+00 +6.9315e-01 +1.6488e+00 -2.3804e+00 +9.4292e-01 -1.3533e+00 +1.8458e+00 -3.1568e+00 +6.3247e-01 -1.5805e+00 +4.9777e-01 +1.9277e+00 -2.7343e-01 -3.0610e+00 -1.6048e+00 +1.5169e+00 -6.9510e-01 +3.6473e+00 +1.8444e-01 +2.9379e+00
1253 +9.656825392e+00 +9.656825392e+00 +1.347682539e+01 +1.347682539e+01 +3.2449e+00 +4.8636e-01 +1.7961e+00 -2.6168e+00 +6.8333e-01 -1.2132e+00 +1.4648e+00 -3.4621e+00 +9.9260e-01 -1.2920e+00 +7.7066e-01 +2.0377e+00 -4.0885e-01 -2.8101e+00 -1.4513e+00 +1.6029e+00 -8.3422e-02 +3.0582e+00 +6.1570e-01 +2.7601e+00
3664 +6.189493711e+00 +6.189493711e+00 +1.000949371e+01 +1.000949371e+01 +3.7791e+00 +4.5148e-01 +1.8728e+00 -2.6717e+00 +1.1967e+00 -2.7624e-01 +1.3295e+00 -4.1863e+00 +7.9596e-01 -4.6293e-01 +5.4809e-01 +2.8906e+00 -5.3821e-01 -2.8976e+00 -7.6209e-01 +1.6288e+00 +8.6983e-01 +1.0171e+00 +1.4817e+00 +2.7455e+00
32246 +3.979075746e+00 +3.979075746e+00 +7.799075746e+00 +7.799075746e+00 +4.4616e+00 +7.7323e-01 +2.6375e+00 -2.0956e+00 +1.8077e+00 -4.6379e-01 +5.1194e-01 -3.1009e+00 -1.5284e-01 -3.2040e-01 +1.0723e+00 +3.6183e+00 -4.8680e-01 -2.1485e+00 -1.2569e+00 +1.1659e+00 +2.5621e+00 +2.3576e+00 +1.7636e+00 +2.3830e+00
32478 +2.300275981e+00 +2.300275981e+00 +6.120275981e+00 +6.120275981e+00 +4.2823e+00 +9.7327e-01 +2.4908e+00 -2.2202e+00 +1.5159e+00 -3.7127e-01 +7.7513e-01 -3.1897e+00 -7.9450e-03 -3.4962e-01 +8.7596e-01 +3.5148e+00 -9.3063e-01 -2.2538e+00 -1.4961e+00 +1.0871e+00 +2.5732e+00 +2.3892e+00 +2.0709e+00 +2.5675e+00
66375 +1.575696744e+00 +1.575696744e+00 +5.395696744e+00 +5.395696744e+00 +3.8222e+00 +1.2538e+00 +2.2382e+00 -1.6172e+00 +1.4803e+00 -9.6538e-01 +5.0858e-01 -3.2959e+00 +6.6392e-01 -8.3512e-01 +8.2296e-01 +3.7278e+00 -7.6044e-01 -3.2315e+00 -1.0743e+00 +8.1196e-01 +2.9763e+00 +3.3089e+00 +1.3807e+00 +3.1493e+00
% function evaluation | noise-free fitness - Fopt (2.175000000000e+01) | best noise-free fitness - Fopt | measured fitness | best measured fitness | x1 | x2...
1 +6.304804002e+02 +6.304804002e+02 +6.522304002e+02 +6.522304002e+02 +3.9467e+00 -2.3623e+00 +1.9680e-01 -2.7996e+00 -2.7561e+00 +6.3293e-01 +3.3020e+00 -2.1145e+00 +6.0312e-01 +2.8252e+00 -1.8317e+00 -7.2855e-01 +2.5527e+00 +3.8030e+00 -1.6742e+00 +3.1437e+00 +4.6423e-01 -2.3327e+00 -1.9692e+00 +6.7734e-01
65 +3.980339741e+02 +3.980339741e+02 +4.197839741e+02 +4.197839741e+02 +5.8358e+00 -1.3976e+00 +1.7562e+00 -1.4049e+00 -2.0010e+00 -5.0484e-01 +4.7990e+00 +1.1539e+00 -2.7395e+00 +3.4963e+00 +9.4146e-01 +1.7244e+00 +3.7278e+00 +4.1413e-01 -1.5261e+00 -1.8298e+00 +2.8737e+00 -1.7392e+00 -6.4271e+00 +1.1588e+00
174 +2.263929027e+02 +2.263929027e+02 +2.481429027e+02 +2.481429027e+02 +1.6569e+00 +1.6993e+00 -2.5940e+00 +1.0659e+00 +1.6494e+00 -3.0198e-01 +3.3286e+00 +2.6619e+00 -2.2814e+00 +3.9015e+00 +2.6365e-01 -1.8311e+00 +1.5033e+00 -5.2279e-01 -3.8793e+00 -8.6488e-01 -2.9458e+00 -6.4012e-01 -6.2549e+00 -1.0378e+00
290 +1.096724439e+02 +1.096724439e+02 +1.314224439e+02 +1.314224439e+02 +3.6750e+00 -1.5802e-01 -2.8898e+00 +1.9981e+00 -3.8467e-01 -1.8949e+00 +2.5150e+00 +1.0107e-01 -1.4515e+00 +4.4357e+00 +2.1891e+00 -2.0912e+00 +2.5319e+00 +3.4650e-01 -2.8048e+00 -7.3944e-01 -1.4676e+00 +6.9282e-01 -3.8581e+00 -1.4255e+00
329 +9.193643642e+01 +9.193643642e+01 +1.136864364e+02 +1.136864364e+02 +2.2442e+00 -1.0779e+00 -2.4006e+00 +2.9177e+00 +1.4397e+00 -2.9726e+00 +2.1916e+00 +3.1317e+00 -1.3038e-01 +3.3630e+00 +2.3813e+00 -1.9978e+00 +2.0355e+00 -3.1136e+00 -2.8633e+00 -3.5081e+00 -1.1507e+00 -4.1577e-01 -3.6005e+00 -1.1092e+00
548 +5.150861012e+01 +5.150861012e+01 +7.325861012e+01 +7.325861012e+01 +2.1055e+00 +1.2605e+00 -3.3131e+00 +4.4273e+00 -1.0433e+00 -2.3119e+00 +3.2777e+00 +2.6614e+00 +3.9727e-02 +4.0436e+00 +1.4513e+00 -2.5490e+00 +3.6078e+00 -4.9800e+00 -3.9955e+00 -3.4229e+00 -1.9545e+00 +1.0417e+00 -4.2862e+00 -1.5751e+00
710 +3.655836078e+01 +3.655836078e+01 +5.830836078e+01 +5.830836078e+01 +2.4297e+00 +1.5584e+00 -3.1450e+00 +5.0060e+00 -8.4603e-01 -3.6216e+00 +3.8111e+00 +2.8398e+00 +7.6416e-01 +4.3246e+00 +1.7087e+00 -2.6840e+00 +3.9295e+00 -3.0103e+00 -3.1479e+00 -3.6005e+00 -1.1344e+00 +1.1251e+00 -2.7535e+00 -4.1463e-02
793 +2.390848998e+01 +2.390848998e+01 +4.565848998e+01 +4.565848998e+01 +3.4357e+00 +1.8162e+00 -3.0219e+00 +5.0186e+00 -1.4341e+00 -3.6456e+00 +3.1571e+00 +2.0943e+00 +6.4972e-01 +4.3467e+00 +2.0952e+00 -2.2269e+00 +3.2392e+00 -2.3909e+00 -3.2151e+00 -2.5498e+00 -1.9656e+00 +5.9925e-01 -3.4427e+00 -1.8712e-01
859 +1.422631596e+01 +1.422631596e+01 +3.597631596e+01 +3.597631596e+01 +3.0296e+00 +1.3094e+00 -2.0013e+00 +3.7345e+00 -1.1285e+00 -3.3206e+00 +3.5186e+00 +2.8724e+00 +1.1570e+00 +4.2690e+00 +1.6773e+00 -9.8548e-01 +3.3323e+00 -2.9029e+00 -2.3498e+00 -2.9819e+00 -1.4555e+00 +1.0894e+00 -3.4187e+00 -3.4851e-02
947 +9.377262500e+00 +9.377262500e+00 +3.112726250e+01 +3.112726250e+01 +3.7468e+00 +9.9829e-01 -1.5921e+00 +3.1582e+00 -1.2778e+00 -2.6151e+00 +3.5050e+00 +2.6309e+00 +1.0205e+00 +4.3851e+00 +1.8721e+00 -1.4883e+00 +3.6485e+00 -2.7899e+00 -2.5961e+00 -2.0553e+00 -1.4731e+00 +9.7670e-01 -3.5285e+00 -5.0528e-01
1134 +5.880006264e+00 +5.880006264e+00 +2.763000626e+01 +2.763000626e+01 +3.6982e+00 +8.1415e-01 -1.5131e+00 +3.2069e+00 -1.3072e+00 -2.6501e+00 +3.5460e+00 +2.6569e+00 +1.6930e+00 +4.2413e+00 +2.0797e+00 -1.9056e+00 +3.7338e+00 -2.5613e+00 -2.4177e+00 -2.1775e+00 -1.6150e+00 +1.0905e+00 -3.4240e+00 -1.5425e-01
1207 +3.404394513e+00 +3.404394513e+00 +2.515439451e+01 +2.515439451e+01 +3.4987e+00 +1.0639e+00 -1.2639e+00 +3.3931e+00 -1.8491e+00 -2.9379e+00 +3.4157e+00 +2.7062e+00 +1.3463e+00 +4.2892e+00 +2.1117e+00 -1.6833e+00 +3.4706e+00 -2.2398e+00 -2.4726e+00 -2.4051e+00 -1.9129e+00 +8.9288e-01 -3.4141e+00 -1.1195e-01
1319 +2.396344396e+00 +2.396344396e+00 +2.414634440e+01 +2.414634440e+01 +3.6735e+00 +6.7927e-01 -1.1927e+00 +3.3376e+00 -1.5269e+00 -2.6726e+00 +3.2322e+00 +2.5385e+00 +1.8048e+00 +4.1413e+00 +2.4033e+00 -1.8487e+00 +3.6735e+00 -2.1704e+00 -2.3021e+00 -2.1039e+00 -1.6172e+00 +9.1299e-01 -3.4488e+00 -6.6792e-02
1703 +1.571639664e+00 +1.571639664e+00 +2.332163966e+01 +2.332163966e+01 +3.5172e+00 +5.5469e-01 -1.1515e+00 +3.0129e+00 -1.5433e+00 -2.8110e+00 +2.9575e+00 +2.3043e+00 +1.7753e+00 +4.0423e+00 +2.6596e+00 -1.7968e+00 +3.6860e+00 -1.8358e+00 -2.0554e+00 -2.2162e+00 -1.5600e+00 +1.0923e+00 -3.2127e+00 -9.8046e-02
752897 +9.960648605e-01 +9.960648605e-01 +2.274606486e+01 +2.274606486e+01 +3.2177e+00 +9.1911e-01 -1.1692e+00 +2.4818e+00 -1.2674e+00 -2.1240e+00 +2.9037e+00 +1.3260e+00 +1.5410e+00 +3.7677e+00 +2.8289e+00 -1.1069e+00 +3.5060e+00 -1.6180e+00 -1.5279e+00 -3.0190e+00 -1.7435e+00 +1.1358e+00 -2.4948e+00 -2.6710e-01
912438 +6.248267380e-01 +6.248267380e-01 +2.237482674e+01 +2.237482674e+01 +4.5982e+00 +7.1492e-01 -1.0763e+00 +3.3212e+00 -2.0218e+00 -2.3228e+00 +3.1508e+00 +2.4074e+00 +2.2545e+00 +4.0115e+00 +3.6405e+00 -2.1716e+00 +3.8983e+00 -2.1232e+00 -2.1202e+00 -2.6587e+00 -1.7104e+00 +1.3057e+00 -2.5824e+00 -6.9122e-01
% function evaluation | noise-free fitness - Fopt (6.479000000000e+01) | best noise-free fitness - Fopt | measured fitness | best measured fitness | x1 | x2...
1 +3.306806321e+03 +3.306806321e+03 +3.371596321e+03 +3.371596321e+03 -2.8098e+00 -1.7269e+00 +2.3960e+00 -2.9336e+00 -2.9249e+00 +8.3901e-01 +3.1451e+00 -3.5849e+00 -1.1747e+00 +3.2737e+00 -1.1092e+00 -2.4397e+00 -6.6343e-01 -3.3608e+00 +3.5583e+00 -3.2965e+00 +3.4161e+00 -2.7192e+00 +2.6822e+00 +2.1431e+00
3 +2.231290145e+03 +2.231290145e+03 +2.296080145e+03 +2.296080145e+03 -3.3035e-01 -2.0455e+00 +7.7032e-01 -4.3356e-01 -4.7479e+00 -2.7862e+00 +1.6865e+00 -2.4081e+00 -3.8695e+00 +3.5109e+00 -2.5198e+00 -2.1617e+00 -2.8787e+00 -4.3915e+00 +5.6723e-01 -5.5993e+00 +4.7624e+00 -5.1025e-02 +1.5808e+00 +4.0235e+00
44 +1.065609304e+03 +1.065609304e+03 +1.130399304e+03 +1.130399304e+03 -3.0422e+00 +6.8978e-01 -1.4834e+00 -1.4123e+00 -5.1384e-01 -3.6600e-02 +9.6477e-01 -1.9336e-01 -6.0282e+00 -1.2839e+00 +1.4832e+00 +1.7790e+00 -1.3922e+00 -3.7912e+00 -1.8130e+00 -4.4108e+00 +1.9286e+00 -5.6998e+00 -1.3224e+00 +4.5723e+00
47 +7.484749333e+02 +7.484749333e+02 +8.132649333e+02 +8.132649333e+02 +1.4133e-01 +1.6665e+00 +2.5196e+00 -2.6704e+00 -1.2464e-01 -2.7598e+00 -1.2926e+00 +7.3493e-01 -3.3178e+00 +2.1712e+00 +1.1040e+00 -9.1647e-02 -1.7173e+00 -2.8606e+00 +1.3645e+00 -2.3154e+00 +1.2529e+00 -5.7701e+00 -2.7444e+00 +6.3824e+00
81 +4.960105737e+02 +4.960105737e+02 +5.608005737e+02 +5.608005737e+02 -4.1307e+00 -6.2787e-01 +3.6058e+00 +2.3780e+00 -2.5860e+00 +2.1772e+00 -3.6234e+00 -2.9303e+00 -5.2991e+00 +1.4104e+00 +2.6965e+00 +9.5242e-02 -4.1870e-03 -1.3592e+00 +1.2824e+00 +2.0373e+00 +3.4789e+00 -7.2418e+00 -1.0971e+00 +6.0466e+00
150 +3.873475652e+02 +3.873475652e+02 +4.521375652e+02 +4.521375652e+02 +5.0719e-01 +5.3974e+00 +3.3157e+00 -1.9260e+00 +6.9567e+00 +7.9722e-01 -4.4194e+00 -2.1386e+00 -3.5965e+00 +7.3907e-02 +3.3099e+00 +4.6938e+00 -4.0258e+00 +3.1569e+00 +4.7216e-01 +1.9497e+00 +1.5323e+00 -6.8519e+00 -4.7093e+00 +8.2411e+00
300 +2.374454694e+02 +2.374454694e+02 +3.022354694e+02 +3.022354694e+02 -2.3411e+00 +2.5907e+00 +3.0817e+00 +1.4656e-01 +2.4342e+00 -2.3342e+00 -4.6148e+00 +2.4281e+00 -3.8781e+00 +1.9912e+00 +5.2227e+00 +1.8865e+00 -1.0276e-01 +1.0240e+00 +2.4574e+00 +2.4937e+00 +5.5885e+00 -3.0075e+00 +1.5063e-02 +3.5671e+00
400 +1.474776684e+02 +1.474776684e+02 +2.122676684e+02 +2.122676684e+02 -2.1780e+00 +3.0569e+00 +1.5893e+00 -8.5380e-01 +4.8362e+00 -2.1393e+00 -2.7145e+00 +1.5173e+00 -6.2465e+00 +1.0331e+00 +4.3050e+00 -5.9871e-01 -1.2333e+00 +1.0320e+00 +2.9436e+00 +7.8774e-01 +3.9806e+00 -2.4330e+00 -1.9871e+00 +3.4533e+00
511 +9.746299600e+01 +9.746299600e+01 +1.622529960e+02 +1.622529960e+02 -2.2533e+00 +2.5093e+00 +1.7175e+00 -8.7248e-01 +3.9642e+00 -1.8279e+00 -4.4447e+00 -5.8384e-02 -5.9868e+00 +3.0629e+00 +4.1593e+00 -5.7908e-01 -1.6215e+00 +2.5951e-01 +2.3285e+00 +1.5965e+00 +3.4518e+00 -2.6379e+00 -2.0940e+00 +4.5891e+00
603 +6.084764146e+01 +6.084764146e+01 +1.256376415e+02 +1.256376415e+02 -2.2486e+00 +2.7824e-01 +1.6270e+00 -1.0818e+00 +4.7165e+00 -1.6437e+00 -3.7008e+00 +1.4579e-01 -6.7341e+00 +2.7451e+00 +3.2417e+00 -1.5405e+00 -1.9401e+00 +6.4674e-01 +2.2026e+00 +1.9074e+00 +3.2808e+00 -2.5605e+00 -2.0581e+00 +4.0547e+00
723 +3.821576488e+01 +3.821576488e+01 +1.030057649e+02 +1.030057649e+02 -2.4160e+00 -2.0977e+00 +2.2389e+00 -1.4258e-02 +2.6402e+00 -9.3109e-01 -5.0627e+00 -6.7305e-01 -7.3124e+00 +3.2398e+00 +2.0798e+00 -2.7865e+00 -2.2004e+00 +1.3498e+00 +1.7172e+00 +1.4055e+00 +2.9519e+00 -1.6228e+00 -1.6787e+00 +4.6556e+00
1006 +2.478894149e+01 +2.478894149e+01 +8.957894149e+01 +8.957894149e+01 -1.9116e+00 -1.6923e+00 +1.2660e+00 -5.8465e-01 +1.4846e+00 -1.1298e+00 -4.2861e+00 -8.0504e-01 -5.5422e+00 +2.5702e+00 +2.7929e+00 -2.6998e+00 -1.7348e+00 +1.4056e+00 +1.2007e+00 +1.2214e+00 +2.7101e+00 -7.0329e-01 -1.6687e+00 +3.5726e+00
1209 +1.582378047e+01 +1.582378047e+01 +8.061378047e+01 +8.061378047e+01 -1.9488e+00 -1.7307e+00 +1.2789e+00 +9.8760e-02 +1.7734e+00 -1.9392e+00 -4.5307e+00 -5.1631e-01 -5.3925e+00 +2.6423e+00 +2.7882e+00 -2.5095e+00 -1.3614e+00 +1.3063e+00 +1.2271e+00 +1.7130e+00 +2.1336e+00 -8.1258e-01 -1.9605e+00 +2.8834e+00
6586 +9.987703566e+00 +9.987703566e+00 +7.477770357e+01 +7.477770357e+01 -5.9978e-01 -2.3871e-01 +4.1289e-01 +6.1438e-01 +4.6484e-01 -2.2183e+00 -3.7096e+00 -2.1028e+00 -4.4689e+00 +2.6953e+00 +2.9251e+00 -3.9236e+00 +1.4940e+00 -2.0698e+00 -9.3852e-01 +2.1460e+00 -3.8464e-01 +1.5307e+00 -3.1577e+00 -5.5041e-01
12089 +5.835187844e+00 +5.835187844e+00 +7.062518784e+01 +7.062518784e+01 -1.9488e+00 -2.8048e+00 -2.8573e-01 +2.0123e+00 -7.0609e-01 -4.4563e+00 -3.8679e+00 +1.2329e+00 -1.9785e+00 +2.7684e+00 +3.4270e+00 -1.7337e+00 +9.5341e-01 +2.2386e+00 +1.1899e-01 +3.6205e+00 -4.5763e-01 -1.5347e+00 +7.3281e-01 -1.3029e-01
18176 +3.946799174e+00 +3.946799174e+00 +6.873679917e+01 +6.873679917e+01 -1.4564e+00 -2.0461e+00 +9.4659e-01 +4.9620e-01 +5.9689e-01 -2.2494e+00 -4.0764e+00 -1.3034e+00 -4.8149e+00 +2.9609e+00 +2.3791e+00 -3.1695e+00 +9.9544e-01 -3.0220e-01 -5.3346e-01 +2.3755e+00 -2.6531e-01 -2.3355e-02 -2.6630e+00 +6.2425e-01
55743 +2.458068001e+00 +2.458068001e+00 +6.724806800e+01 +6.724806800e+01 -1.2483e+00 -1.9756e+00 +4.5296e-01 +1.3000e+00 -7.5738e-02 -2.4701e+00 -3.9967e+00 -9.6961e-01 -3.7680e+00 +2.9146e+00 +2.9258e+00 -3.3748e+00 +1.5862e+00 -3.6941e-02 -7.3994e-01 +2.3672e+00 -3.8013e-01 +7.2972e-01 -2.0800e+00 -4.1669e-01
120992 +1.241507388e+00 +1.241507388e+00 +6.603150739e+01 +6.603150739e+01 -1.6271e+00 -2.2623e+00 -3.6589e-03 +1.5342e+00 -4.2004e-01 -3.6769e+00 -3.7619e+00 +3.0899e-02 -2.8711e+00 +2.7649e+00 +2.8592e+00 -3.0750e+00 +1.6497e+00 +6.0540e-01 -6.9596e-01 +2.8708e+00 -9.1587e-01 +4.5683e-02 -1.0976e+00 -6.5789e-01
121477 +9.908329116e-01 +9.908329116e-01 +6.578083291e+01 +6.578083291e+01 -1.6549e+00 -2.1070e+00 +6.5935e-02 +1.4800e+00 -4.2851e-01 -3.5679e+00 -3.8096e+00 -5.4758e-02 -2.9396e+00 +2.7751e+00 +2.7708e+00 -2.9897e+00 +1.6914e+00 +5.8472e-01 -6.5879e-01 +2.7964e+00 -1.0449e+00 +2.2901e-02 -1.2323e+00 -6.2079e-01
% function evaluation | noise-free fitness - Fopt (-1.963400000000e+02) | best noise-free fitness - Fopt | measured fitness | best measured fitness | x1 | x2...
1 +2.806934778e+03 +2.806934778e+03 +2.610594778e+03 +2.610594778e+03 -3.7661e+00 -3.0182e+00 -1.6864e+00 +2.6753e+00 -3.8652e-01 -3.8419e+00 +4.8429e-01 -2.7673e+00 -1.2578e+00 +3.9195e+00 +1.3547e+00 -7.8000e-01 +1.4018e+00 +9.3663e-01 +2.8745e+00 +1.5063e+00 -1.0480e-01 -3.5824e+00 -2.2825e+00 +3.0841e+00
4 +2.049957131e+03 +2.049957131e+03 +1.853617131e+03 +1.853617131e+03 -2.0411e+00 -3.0131e+00 -4.1803e+00 +3.7496e+00 -3.0083e+00 -5.9161e+00 +3.9903e+00 -1.3626e+00 -5.0040e+00 +1.2620e+00 +1.0677e+00 -3.6395e-01 +1.5230e+00 +2.6187e+00 +1.2786e+00 +9.0487e-01 -7.1698e-01 -5.2125e+00 -4.7165e+00 +5.4776e+00
17 +1.572118480e+03 +1.572118480e+03 +1.375778480e+03 +1.375778480e+03 -4.1273e+00 -3.9752e+00 -1.0253e+00 +2.9378e+00 -3.2278e-01 -3.4113e+00 +3.2621e+00 -5.9310e-01 -1.3281e+00 +4.6868e+00 +5.1876e+00 -2.3977e+00 +2.3698e+00 -5.6259e-01 +2.8037e+00 +1.8599e+00 -1.9614e+00 -3.7155e+00 +1.0863e-01 +4.1114e+00
38 +9.606909313e+02 +9.606909313e+02 +7.643509313e+02 +7.643509313e+02 -1.0243e-01 -2.3496e+00 +7.5712e-01 -1.4815e+00 -8.5209e-01 -6.0913e+00 +3.8400e+00 -2.6554e+00 -2.4774e+00 +2.0992e+00 +4.9115e+00 -5.8377e+00 +3.8817e+00 +6.3284e-01 +3.8686e+00 +1.0836e+00 +2.0127e+00 -4.5766e+00 -1.6178e+00 +4.7433e+00
56 +5.247011502e+02 +5.247011502e+02 +3.283611502e+02 +3.283611502e+02 -1.9383e+00 -4.1993e+00 +2.4647e+00 +6.9797e-01 -3.7225e-01 -6.8576e+00 +3.0429e+00 -2.6173e+00 -2.8792e+00 -5.1389e-01 +3.0678e+00 -1.1820e+00 +2.4802e+00 +1.2002e+00 +1.0750e+00 +1.2209e+00 -5.8356e-01 -4.1663e+00 +2.4368e+00 +4.9291e+00
61 +3.217584234e+02 +3.217584234e+02 +1.254184234e+02 +1.254184234e+02 -2.3168e+00 -4.3259e+00 +3.4590e+00 +1.7505e+00 -3.3266e+00 -2.8934e+00 +3.1069e+00 +2.6756e-01 -1.9187e+00 +1.8236e+00 +2.5613e+00 -2.1884e+00 +2.3364e+00 +6.4687e-02 +2.6318e+00 +3.9422e+00 -4.1223e-01 -3.8301e+00 -2.0987e-01 +2.1588e+00
110 +2.012372096e+02 +2.012372096e+02 +4.897209630e+00 +4.897209630e+00 -2.5888e+00 -6.6490e+00 +4.2150e+00 +9.3481e-02 -4.8187e+00 +5.1255e-01 +3.0641e+00 -1.1671e+00 -3.8300e+00 +3.1139e+00 -6.6273e-02 -1.5154e+00 +2.5071e+00 +2.2287e+00 +1.4190e+00 +3.5276e+00 +1.3880e+00 -3.6442e+00 +1.9879e+00 +2.9149e+00
258 +1.530351765e+02 +1.530351765e+02 -4.330482347e+01 -4.330482347e+01 -6.9807e-02 -6.4291e+00 +1.7750e+00 +8.6283e-01 -5.3832e+00 -2.3546e+00 +3.6662e+00 -1.2250e+00 -9.5618e-01 +1.2446e+00 -3.4813e-01 -1.0887e+00 -2.3527e-02 +1.4490e+00 +1.0547e+00 +3.4330e+00 -5.7519e-01 -3.0548e+00 +1.8500e+00 +2.7723e+00
343 +9.158512698e+01 +9.158512698e+01 -1.047548730e+02 -1.047548730e+02 +1.2322e-01 -6.4583e+00 +2.7133e+00 +2.1823e+00 -5.1707e+00 -1.0662e+00 +3.9302e+00 -7.6294e-01 +2.0082e+00 +6.2103e-01 +3.6119e-01 -9.8937e-01 +3.9459e-01 +1.4782e+00 +8.4563e-01 +2.6378e+00 -2.6475e+00 -5.2896e+00 +1.7720e+00 +2.8703e+00
521 +6.093676648e+01 +6.093676648e+01 -1.354032335e+02 -1.354032335e+02 +3.7511e-03 -5.5975e+00 +3.1825e+00 +1.6167e+00 -6.2109e+00 -2.0007e+00 +2.7915e+00 -3.6851e-01 -5.2258e-01 +4.9160e-01 +1.0986e+00 -2.6686e-01 +1.4225e+00 +2.4735e+00 +5.9763e-01 +3.0927e+00 -7.4809e-01 -4.1764e+00 +2.5134e+00 +2.7102e+00
1503 +3.976428977e+01 +3.976428977e+01 -1.565757102e+02 -1.565757102e+02 +8.0297e-01 -5.1115e+00 +3.2109e+00 +9.5917e-01 -5.6910e+00 -9.3628e-01 +2.5844e+00 +1.7446e-02 -1.1652e+00 -2.8689e-01 +1.1067e+00 +4.1311e-01 +1.8890e+00 +1.7989e+00 -2.1706e-02 +3.2813e+00 +3.1144e-01 -3.6086e+00 +2.4531e+00 +3.0121e+00
4392 +2.348453260e+01 +2.348453260e+01 -1.728554674e+02 -1.728554674e+02 +4.0392e+00 -4.1502e+00 +3.1221e+00 +1.8814e+00 -2.7291e+00 -8.8282e-02 +3.3285e+00 -1.2176e+00 +1.9245e+00 -3.2707e+00 +1.6066e+00 -1.4242e+00 +4.1889e+00 +3.5581e-01 -1.5832e-01 +1.3888e+00 +4.2945e-01 -3.9684e+00 +1.6828e+00 +2.6729e+00
4528 +1.457895315e+01 +1.457895315e+01 -1.817610469e+02 -1.817610469e+02 +3.9816e+00 -3.7598e+00 +2.1748e+00 +2.7533e+00 -3.5059e+00 +7.9526e-01 +2.6610e+00 -1.0704e+00 +2.0006e+00 -3.6555e+00 +1.6454e+00 -1.1515e+00 +4.5487e+00 +1.8305e-01 -1.6815e+00 +1.4507e+00 -6.1282e-01 -3.6307e+00 +6.6868e-01 +2.7665e+00
4710 +9.118105615e+00 +9.118105615e+00 -1.872218944e+02 -1.872218944e+02 +4.3219e+00 -3.9794e+00 +2.2983e+00 +3.2072e+00 -3.5876e+00 +8.4826e-01 +3.8884e+00 -1.0222e+00 +2.7716e+00 -3.1735e+00 +1.3725e+00 -1.7037e+00 +4.2632e+00 -5.3523e-01 -1.9657e+00 +1.2449e+00 -1.0979e+00 -3.4380e+00 -4.8173e-02 +3.1309e+00
4864 +5.835918577e+00 +5.835918577e+00 -1.905040814e+02 -1.905040814e+02 +4.4988e+00 -4.3689e+00 +1.9013e+00 +3.3192e+00 -3.2862e+00 +7.5224e-01 +3.5033e+00 -1.2457e+00 +2.9646e+00 -3.1841e+00 +6.3992e-01 -1.3689e+00 +4.3703e+00 -6.1679e-01 -2.2810e+00 +1.2766e+00 -1.0245e+00 -3.2425e+00 +3.1432e-02 +2.8825e+00
5154 +3.659200620e+00 +3.659200620e+00 -1.926807994e+02 -1.926807994e+02 +5.3542e+00 -4.9923e+00 +1.0920e+00 +3.3319e+00 -3.2921e+00 +2.9943e-01 +3.6616e+00 -6.6869e-01 +3.5652e+00 -3.1808e+00 +2.7517e-01 -1.5823e+00 +3.9644e+00 -9.7143e-01 -2.5852e+00 +1.7604e+00 -6.8098e-01 -3.2669e+00 -1.3374e-01 +2.5499e+00
25914 +2.471601282e+00 +2.471601282e+00 -1.938683987e+02 -1.938683987e+02 +3.0251e+00 -4.1083e+00 +1.3405e+00 +3.2597e+00 -3.4612e+00 -3.6517e-01 +3.7184e+00 +1.0233e+00 +1.5944e+00 -3.1072e+00 +5.1933e-01 -2.7589e+00 +3.5303e+00 -3.4224e-01 -3.3766e+00 +2.1657e+00 +5.7460e-01 -2.9932e+00 -6.7110e-01 +2.2249e+00
67227 +1.572351054e+00 +1.572351054e+00 -1.947676489e+02 -1.947676489e+02 +3.8261e+00 -4.1722e+00 +6.7187e-01 +3.4238e+00 -3.0888e+00 -4.9797e-01 +4.2569e+00 +4.5605e-01 +1.7751e+00 -3.5883e+00 +3.7484e-01 -2.6088e+00 +3.4359e+00 -7.0707e-01 -4.5460e+00 +2.2526e+00 +3.4188e-01 -2.7004e+00 -1.6669e+00 +2.0113e+00
% function evaluation | noise-free fitness - Fopt (-1.935000000000e+01) | best noise-free fitness - Fopt | measured fitness | best measured fitness | x1 | x2...
1 +8.938600025e+02 +8.938600025e+02 +8.745100025e+02 +8.745100025e+02 -1.9031e+00 +5.4060e-01 +2.9723e+00 -1.9269e+00 -2.7405e+00 +1.0906e+00 +3.9043e+00 -2.8196e+00 +1.6152e+00 -9.7135e-02 -3.0678e-02 +6.0504e-01 -7.4809e-01 +3.3760e+00 +5.5659e-01 -2.5660e+00 -7.6238e-01 +2.7236e-01 +3.2966e+00 -3.1476e+00
26 +5.160791789e+02 +5.160791789e+02 +4.967291789e+02 +4.967291789e+02 -3.2646e+00 -2.4312e-01 -4.2901e-01 -3.2021e+00 -2.6638e+00 -1.6179e+00 +4.0853e+00 -8.4617e-01 +1.7237e+00 -2.6063e+00 +1.4630e+00 +4.7332e+00 -4.3817e+00 -2.6914e-01 +1.1251e-01 -1.5256e+00 +2.6326e+00 -1.3137e+00 +7.3157e-01 -5.4564e+00
67 +2.164489982e+02 +2.164489982e+02 +1.970989982e+02 +1.970989982e+02 -9.8188e-01 +4.5125e+00 -1.3611e+00 -2.7148e+00 -2.3453e+00 +3.4621e+00 +3.5103e+00 +7.0540e-01 +4.2927e+00 +2.8666e-01 +5.2230e-02 +2.4407e+00 -6.5084e-01 +1.6561e+00 +3.8504e-01 -5.8969e+00 -2.4681e-01 -3.3567e-01 +9.2885e-01 -5.7690e+00
341 +1.364804594e+02 +1.364804594e+02 +1.171304594e+02 +1.171304594e+02 -3.4737e-01 +2.3316e+00 -4.2387e+00 -1.0710e+00 -2.7149e+00 +6.5634e-01 +1.8866e+00 +2.3461e+00 +7.7266e-01 -6.4281e-01 +2.8522e+00 +4.7946e+00 -1.8555e+00 +1.8616e+00 -2.6930e+00 -1.3418e+00 -1.9488e+00 -3.8450e+00 -6.9180e-01 -2.1844e+00
404 +9.133567224e+01 +9.133567224e+01 +7.198567224e+01 +7.198567224e+01 +9.9169e-01 +9.7773e-01 -3.8165e+00 -1.5792e-01 -1.0302e+00 -1.2526e+00 +6.8360e-01 +1.2993e+00 -9.3237e-01 -1.6636e+00 +3.9721e+00 +5.0276e+00 -1.2040e+00 +1.1126e+00 -4.1938e+00 +1.5003e+00 -1.5427e+00 -4.4841e+00 -1.1646e+00 -2.0530e+00
558 +6.171501745e+01 +6.171501745e+01 +4.236501745e+01 +4.236501745e+01 +3.6637e-01 +2.4194e+00 -3.8951e+00 +8.7694e-01 -2.3429e+00 -1.3978e-01 +3.7354e-01 +1.2402e+00 +3.9279e-01 -2.7991e+00 +2.5637e+00 +3.5950e+00 +8.1210e-02 +2.6599e+00 -3.1695e+00 +3.7919e-01 -2.6214e+00 -2.7367e+00 -6.6791e-01 -9.0743e-01
671 +3.573900384e+01 +3.573900384e+01 +1.638900384e+01 +1.638900384e+01 +8.3728e-01 +3.4231e+00 -4.5161e+00 +1.5549e+00 -2.4750e+00 +5.8717e-01 +3.4568e-01 +1.1160e+00 +8.9602e-01 -2.6632e+00 +2.5610e+00 +4.1803e+00 +1.9407e+00 +3.2760e+00 -4.3859e+00 -1.5786e+00 -2.7148e+00 -2.9733e+00 +2.5666e-01 -1.0325e+00
867 +2.499603587e+01 +2.499603587e+01 +5.646035866e+00 +5.646035866e+00 +7.4582e-01 +2.9303e+00 -4.3489e+00 +2.6552e+00 -2.5146e+00 +9.4597e-01 +1.3896e-01 +1.5969e+00 +6.1229e-01 -2.2949e+00 +1.8896e+00 +4.3653e+00 +1.6737e+00 +2.3284e+00 -4.7921e+00 +6.2425e-01 -3.7199e+00 -2.6751e+00 +5.3205e-01 +5.7891e-01
1083 +1.499534088e+01 +1.499534088e+01 -4.354659117e+00 -4.354659117e+00 +1.1202e+00 +2.7414e+00 -3.6237e+00 +2.9530e+00 -2.6297e+00 +8.9592e-01 +1.5132e-01 +1.3276e+00 +8.9102e-01 -2.9868e+00 +1.9716e+00 +5.0860e+00 +1.9114e+00 +2.3528e+00 -4.7527e+00 -1.6679e-02 -3.0018e+00 -2.7935e+00 +3.5172e-01 +3.6193e-01
1286 +9.496846484e+00 +9.496846484e+00 -9.853153516e+00 -9.853153516e+00 +6.3661e-01 +2.2800e+00 -3.4018e+00 +3.3176e+00 -2.7361e+00 +1.2644e+00 -7.1313e-01 +1.6004e+00 +9.4244e-01 -3.2277e+00 +1.6275e+00 +5.4394e+00 +3.1813e+00 +2.8017e+00 -4.1749e+00 -6.6250e-01 -2.7851e+00 -2.8463e+00 +2.2077e-01 +1.0552e+00
1388 +6.176750966e+00 +6.176750966e+00 -1.317324903e+01 -1.317324903e+01 +5.3075e-01 +1.9970e+00 -3.6140e+00 +3.2343e+00 -2.5426e+00 +9.9309e-01 -1.2139e+00 +1.3776e+00 +8.5635e-01 -3.4164e+00 +1.6487e+00 +4.8399e+00 +3.6074e+00 +2.8080e+00 -3.8148e+00 -1.2850e+00 -2.8199e+00 -2.8501e+00 -3.2859e-01 +5.9836e-01
1863 +3.779201838e+00 +3.779201838e+00 -1.557079816e+01 -1.557079816e+01 +8.2540e-01 +1.7462e+00 -3.4378e+00 +3.7697e+00 -2.6071e+00 +1.7079e+00 -1.5791e+00 +1.7358e+00 +1.0289e+00 -3.2990e+00 +1.5593e+00 +4.9684e+00 +3.8160e+00 +3.3751e+00 -4.4527e+00 -1.4789e+00 -2.5953e+00 -2.9529e+00 -1.7465e-01 +1.2870e+00
76686 +2.511202613e+00 +2.511202613e+00 -1.683879739e+01 -1.683879739e+01 +7.6346e-01 +2.9984e+00 -3.9599e+00 +3.7630e+00 -3.2990e+00 +2.2215e+00 -6.1310e-01 +1.4223e+00 +1.5032e+00 -3.0216e+00 +8.0614e-01 +4.0271e+00 +3.7065e+00 +3.0736e+00 -4.0926e+00 -2.1645e+00 -3.3368e+00 -1.8607e+00 +3.5675e-01 +8.7403e-01
185387 +1.452923352e+00 +1.452923352e+00 -1.789707665e+01 -1.789707665e+01 +7.5462e-01 +2.6716e+00 -3.6758e+00 +3.1237e+00 -2.6122e+00 +2.3770e+00 -1.2677e+00 +2.3215e+00 +1.5316e+00 -3.3682e+00 +3.3819e-01 +3.2535e+00 +3.8255e+00 +3.7926e+00 -3.8192e+00 -2.7518e+00 -3.0291e+00 -2.3577e+00 -1.0056e-01 +1.3248e+00
185634 +9.731970623e-01 +9.731970623e-01 -1.837680294e+01 -1.837680294e+01 +7.4295e-01 +2.6665e+00 -3.5556e+00 +2.9628e+00 -2.5310e+00 +2.1110e+00 -1.2804e+00 +2.2109e+00 +1.4420e+00 -3.2265e+00 +5.3004e-01 +3.4326e+00 +3.7131e+00 +3.7575e+00 -3.7596e+00 -2.6049e+00 -2.9067e+00 -2.3796e+00 -1.9678e-01 +1.3307e+00
% function evaluation | noise-free fitness - Fopt (-3.314200000000e+02) | best noise-free fitness - Fopt | measured fitness | best measured fitness | x1 | x2...
1 +1.283015729e+03 +1.283015729e+03 +9.515957289e+02 +9.515957289e+02 -3.8331e+00 -3.1328e+00 -2.7199e+00 +3.3002e+00 -7.2167e-01 -2.6910e+00 +1.3029e-01 +2.9454e+00 -1.8007e+00 -1.4763e+00 +8.3080e-01 -8.8623e-01 +1.1394e+00 +2.6786e+00 +3.2813e-01 +1.2974e+00 +3.9200e-01 +8.3785e-01 +1.3482e+00 -3.5720e+00
13 +7.513498539e+02 +7.513498539e+02 +4.199298539e+02 +4.199298539e+02 -1.6158e+00 -2.3936e-01 -2.2500e+00 +1.3884e+00 -1.7342e+00 -2.5555e+00 +1.7915e+00 +4.3870e+00 -3.4345e+00 -1.8051e+00 -8.5926e-01 -9.5928e-01 +2.4423e+00 +5.0878e+00 -1.7228e+00 +3.5283e+00 +2.7334e+00 +4.2123e+00 +1.9558e-01 -2.9089e+00
94 +5.171740300e+02 +5.171740300e+02 +1.857540300e+02 +1.857540300e+02 -5.0296e+00 +3.1199e-01 -1.4631e+00 -3.4096e+00 -1.5341e+00 -1.4664e+00 +2.6642e-02 +9.0239e+00 +1.3014e+00 +3.7037e+00 -4.2412e-01 +2.7382e-01 +5.7886e+00 +2.0045e+00 -2.1604e+00 +1.5756e+00 +2.5751e+00 +6.1248e+00 +1.6733e-01 -1.5706e+00
127 +3.920460651e+02 +3.920460651e+02 +6.062606512e+01 +6.062606512e+01 -8.6066e-01 +2.5866e+00 -4.0580e+00 -4.4363e+00 +1.5025e+00 +1.9365e-01 +4.7372e+00 +5.8985e+00 +2.7254e+00 +6.2791e+00 -5.3527e-01 -2.9013e+00 +5.1693e+00 +1.2529e+00 +1.9646e+00 -4.4237e-01 -4.0346e-02 +5.3235e+00 +1.7029e+00 -3.5970e+00
459 +2.215944695e+02 +2.215944695e+02 -1.098255305e+02 -1.098255305e+02 -4.8347e+00 +1.4403e+00 -3.5530e+00 -4.2429e+00 -3.7489e-01 -1.3912e+00 +2.6879e+00 +6.9031e+00 +1.0402e+00 +5.7823e-01 -2.2190e+00 -8.3777e-01 +6.3806e+00 +1.6816e+00 +1.7747e+00 -3.4349e+00 -8.2782e-01 +2.7996e+00 +1.6752e+00 -2.2975e+00
503 +1.164887466e+02 +1.164887466e+02 -2.149312534e+02 -2.149312534e+02 -5.7646e+00 +1.0924e+00 -3.6263e+00 -3.2083e+00 -1.7720e+00 -1.0367e+00 +5.0195e+00 +6.6191e+00 +2.2180e+00 +6.3055e-01 -2.2432e+00 -2.8731e+00 +4.8805e+00 +2.2488e+00 +2.1939e+00 -1.6781e+00 -9.9646e-01 +4.1880e+00 +1.9797e+00 -9.8448e-01
654 +9.691204107e+01 +9.691204107e+01 -2.345079589e+02 -2.345079589e+02 -6.0213e+00 -1.1237e-01 -2.0879e+00 -2.7459e+00 -1.9982e+00 -4.1234e-02 +4.4895e+00 +5.8216e+00 +1.9355e+00 +1.5736e-02 -3.1120e+00 -2.9003e+00 +3.6881e+00 +1.6062e+00 +1.9198e+00 -1.9714e+00 -1.3416e+00 +3.0005e+00 +1.2783e+00 +7.0657e-01
771 +6.007201261e+01 +6.007201261e+01 -2.713479874e+02 -2.713479874e+02 -5.3506e+00 -3.0261e-01 -1.5153e+00 -2.2423e+00 -2.4856e+00 +7.2472e-01 +5.2851e+00 +4.9480e+00 +2.7071e+00 -5.2919e-01 -3.1681e+00 -2.2963e+00 +3.3177e+00 +9.2613e-01 +3.2146e+00 -4.9508e-01 -1.9979e+00 +1.7041e+00 +1.4260e+00 +9.1879e-01
961 +3.227286609e+01 +3.227286609e+01 -2.991471339e+02 -2.991471339e+02 -4.8877e+00 -2.2827e+00 -1.7960e-01 -1.4298e+00 -3.6324e+00 +1.8953e+00 +5.9482e+00 +3.4196e+00 +3.0793e+00 +4.2815e-02 -2.5482e+00 -2.0740e+00 +3.1999e+00 -4.6311e-01 +3.6837e+00 -8.6174e-01 -1.5215e+00 +1.1590e+00 +1.1061e+00 +1.9789e+00
1077 +2.465512390e+01 +2.465512390e+01 -3.067648761e+02 -3.067648761e+02 -4.9639e+00 -2.3094e+00 +1.2860e+00 -2.8128e-01 -3.4547e+00 +1.3280e+00 +4.9937e+00 +2.7789e+00 +2.4799e+00 -7.5563e-01 -2.6508e+00 -2.0915e+00 +2.3668e+00 -1.6634e-01 +2.7613e+00 -1.4853e+00 -3.6943e-01 +7.9693e-01 +1.4634e+00 +2.4321e+00
1315 +1.518015726e+01 +1.518015726e+01 -3.162398427e+02 -3.162398427e+02 -4.2971e+00 -2.9226e+00 +1.9478e+00 +2.3236e-01 -3.7961e+00 +2.0094e+00 +5.2203e+00 +2.8966e+00 +3.0822e+00 -5.4030e-01 -2.9130e+00 -1.4024e+00 +2.9360e+00 -3.6517e-01 +3.7632e+00 +4.6456e-02 +6.5547e-02 +9.3638e-01 +1.0739e+00 +2.8000e+00
1560 +9.254955329e+00 +9.254955329e+00 -3.221650447e+02 -3.221650447e+02 -4.4677e+00 -3.5127e+00 +2.8089e+00 +1.2689e+00 -3.7988e+00 +2.3536e+00 +4.6303e+00 +2.6481e+00 +2.8629e+00 -9.9707e-01 -2.6610e+00 -1.4726e+00 +2.4328e+00 -8.5460e-01 +3.3337e+00 +1.4306e-01 +2.4630e-01 +7.7565e-01 +8.9423e-01 +2.4715e+00
20800 +5.621971831e+00 +5.621971831e+00 -3.257980282e+02 -3.257980282e+02 -1.0777e+00 -2.3601e+00 +3.9609e+00 +3.3330e+00 -2.1440e+00 +2.8086e+00 +4.1567e+00 +2.2026e+00 +2.8839e+00 -1.4262e+00 -2.4172e+00 -2.1753e+00 +1.9373e+00 -1.4124e+00 +3.0082e+00 -7.0775e-01 +2.8139e-01 +1.6081e-01 +1.5282e+00 +2.1203e+00
21011 +3.936505892e+00 +3.936505892e+00 -3.274834941e+02 -3.274834941e+02 -1.7099e+00 -2.9256e+00 +3.6858e+00 +3.3080e+00 -2.5051e+00 +2.6480e+00 +4.0697e+00 +2.3610e+00 +3.0312e+00 -1.3457e+00 -2.5234e+00 -2.2493e+00 +2.0389e+00 -1.2850e+00 +2.8911e+00 -7.5519e-01 +1.6291e-01 +4.8160e-01 +1.7983e+00 +2.3267e+00
21286 +2.502879098e+00 +2.502879098e+00 -3.289171209e+02 -3.289171209e+02 -1.8281e+00 -2.9345e+00 +3.7149e+00 +3.1420e+00 -2.6948e+00 +2.8014e+00 +4.0549e+00 +2.3003e+00 +3.1404e+00 -1.6447e+00 -2.5835e+00 -2.0889e+00 +1.9673e+00 -1.0743e+00 +2.9903e+00 -6.9449e-01 +1.3359e-01 +5.7923e-01 +1.8470e+00 +2.4147e+00
339823 +1.457763381e+00 +1.457763381e+00 -3.299622366e+02 -3.299622366e+02 -1.1384e+00 -2.7282e+00 +3.5216e+00 +3.4472e+00 -2.5079e+00 +2.9644e+00 +3.2373e+00 +2.5601e+00 +2.9059e+00 -2.4085e+00 -3.1428e+00 -2.1493e+00 +3.3824e+00 -9.1795e-01 +3.8845e+00 -4.9877e-01 +9.5259e-01 -3.6199e-01 +2.0131e+00 +1.4803e+00
% function evaluation | noise-free fitness - Fopt (4.129200000000e+02) | best noise-free fitness - Fopt | measured fitness | best measured fitness | x1 | x2...
1 +2.627675209e+03 +2.627675209e+03 +3.040595209e+03 +3.040595209e+03 -3.1975e+00 +9.5718e-01 -3.6527e+00 -3.3318e+00 +1.5886e+00 -2.8993e-02 -3.8199e+00 -2.1054e+00 -1.6354e+00 +3.7547e-01 +1.5235e+00 +2.2513e+00 -2.8928e-01 -3.2218e+00 -3.1959e+00 +8.3630e-01 -2.2284e+00 -2.3867e+00 +1.1581e+00 -3.2008e+00
7 +2.399905416e+03 +2.399905416e+03 +2.812825416e+03 +2.812825416e+03 -2.3294e+00 -5.4233e-01 -4.9258e+00 -1.2978e+00 +6.2492e+00 +2.0862e+00 -4.8352e+00 +1.2292e-02 -3.5747e+00 -1.2552e+00 -3.6900e-01 +4.0025e+00 -1.7574e-02 -4.1773e+00 -4.1132e+00 -7.7168e-01 +7.7717e-01 -2.5374e+00 +3.3288e+00 -7.4080e-01
23 +1.286369687e+03 +1.286369687e+03 +1.699289687e+03 +1.699289687e+03 -7.5207e-01 +1.3587e+00 -2.0711e+00 -6.1616e-01 +1.6507e+00 -4.7974e-01 -4.7345e+00 +1.0276e+00 -2.3971e+00 +2.1208e+00 +1.5996e+00 +5.5299e+00 -3.1685e+00 -1.5679e+00 -1.4503e+00 -7.4275e-01 +2.2750e-02 -3.5570e+00 +3.3232e+00 -7.2584e-02
36 +7.874840398e+02 +7.874840398e+02 +1.200404040e+03 +1.200404040e+03 -1.5341e+00 +2.0911e+00 -4.7978e+00 -2.0748e+00 +1.1724e+00 +3.7176e+00 -3.5901e+00 +1.7922e+00 -2.1729e+00 -1.8172e-01 +1.1264e+00 +3.7835e+00 -2.9517e+00 -2.0400e+00 -3.4267e+00 -2.7258e+00 +1.9012e+00 -2.6467e+00 +4.3582e+00 -2.0694e+00
86 +5.094360158e+02 +5.094360158e+02 +9.223560158e+02 +9.223560158e+02 -4.4538e+00 +1.7799e+00 +8.7155e-01 +1.8971e+00 +1.9195e+00 +2.2934e+00 -3.6415e+00 +1.5136e+00 -1.2564e+00 +1.2866e+00 +4.1215e+00 +2.5829e+00 -3.2734e+00 +1.5809e+00 -8.5637e-01 -1.2476e+00 +5.2082e+00 -2.2022e+00 +3.5468e-01 -4.5162e+00
94 +3.665172675e+02 +3.665172675e+02 +7.794372675e+02 +7.794372675e+02 -2.5347e-01 -5.9790e-01 -4.9695e+00 +2.4011e+00 +1.3324e+00 +4.0632e-01 -1.1249e+00 +1.8222e+00 -3.5070e+00 +6.1100e-01 +2.4072e+00 +4.0966e+00 -1.9660e+00 -4.2593e-01 -1.9737e+00 -2.3728e+00 +4.8872e+00 -3.2089e+00 +4.4314e+00 -3.4242e+00
182 +2.122623140e+02 +2.122623140e+02 +6.251823140e+02 +6.251823140e+02 -9.1737e-01 +3.4737e+00 -1.4913e+00 +4.6116e+00 +2.8602e+00 +2.9749e+00 +2.1589e+00 +1.3012e+00 -3.9549e+00 +1.8335e+00 +2.9298e+00 +4.1914e+00 +1.8377e+00 +8.1811e-02 -5.5735e-02 -4.4121e-01 +4.5099e+00 -8.9807e-01 +1.4833e+00 -3.7039e+00
342 +1.250567456e+02 +1.250567456e+02 +5.379767456e+02 +5.379767456e+02 -2.2406e+00 +1.2058e+00 -5.6262e+00 +4.1451e+00 +7.9538e-01 +2.6023e+00 +1.5850e+00 +1.1284e+00 -2.7491e+00 +3.0491e+00 +3.0960e+00 +4.9091e+00 +2.9003e+00 +2.9933e+00 +5.5786e-01 -2.6050e+00 +6.0412e+00 -3.0552e+00 +6.7869e-01 -4.9245e+00
457 +9.955336107e+01 +9.955336107e+01 +5.124733611e+02 +5.124733611e+02 -9.4753e-01 +3.6184e-01 -5.8361e+00 +2.5182e+00 +3.3435e+00 +2.3044e+00 +1.9683e+00 +4.6584e+00 -5.4826e+00 +1.7111e+00 +2.3713e+00 +3.5634e+00 +1.3946e+00 +2.4439e+00 -1.1630e+00 -3.1506e+00 +5.3363e+00 -2.9543e+00 +2.9329e+00 -4.6364e+00
519 +6.144006825e+01 +6.144006825e+01 +4.743600683e+02 +4.743600683e+02 -1.0314e+00 -6.7117e-01 -5.4882e+00 +3.0712e+00 +3.5599e+00 +9.9258e-01 +1.3675e+00 +2.6639e+00 -3.8972e+00 +2.5697e+00 +2.4601e+00 +3.3934e+00 +6.3569e-01 +4.4780e+00 +1.0608e+00 -3.8197e+00 +4.9592e+00 -3.6225e+00 +2.7261e+00 -4.2506e+00
582 +3.217392422e+01 +3.217392422e+01 +4.450939242e+02 +4.450939242e+02 -1.4981e+00 +6.9759e-01 -5.2691e+00 +3.5703e+00 +2.8762e+00 +1.1104e+00 +2.5413e+00 +3.2150e+00 -3.8185e+00 +2.6431e+00 +1.1464e+00 +3.3046e+00 +1.2052e+00 +3.3367e+00 +7.1219e-01 -2.7997e+00 +5.2167e+00 -2.2220e+00 +2.8253e+00 -3.9523e+00
717 +2.493646768e+01 +2.493646768e+01 +4.378564677e+02 +4.378564677e+02 -1.1821e+00 +6.9179e-01 -4.3913e+00 +3.2598e+00 +2.3417e+00 +2.2896e+00 +2.2593e+00 +2.8082e+00 -3.7377e+00 +2.3479e+00 +1.0121e+00 +2.8862e+00 +1.1702e+00 +3.7964e+00 +1.5248e+00 -3.9616e+00 +4.2230e+00 -3.0654e+00 +3.0233e+00 -3.6914e+00
855 +1.545918634e+01 +1.545918634e+01 +4.283791863e+02 +4.283791863e+02 -4.6914e-01 +1.5593e-01 -4.0169e+00 +2.5890e+00 +1.4522e+00 +2.8875e+00 +3.4966e+00 +2.1869e+00 -3.1144e+00 +1.7942e+00 +8.0922e-01 +2.0476e+00 +4.4366e-01 +3.4342e+00 +2.1395e+00 -4.0082e+00 +4.1512e+00 -2.7696e+00 +3.7211e+00 -3.0175e+00
971 +9.128939953e+00 +9.128939953e+00 +4.220489400e+02 +4.220489400e+02 -1.1714e+00 +5.3428e-01 -3.2914e+00 +2.3268e+00 +9.0912e-01 +3.2056e+00 +3.2144e+00 +1.6640e+00 -2.8538e+00 +1.7549e+00 +7.1395e-01 +1.3628e+00 +3.8626e-01 +3.8276e+00 +2.1315e+00 -3.9723e+00 +3.0416e+00 -3.1258e+00 +3.4876e+00 -2.8330e+00
1171 +5.697742689e+00 +5.697742689e+00 +4.186177427e+02 +4.186177427e+02 -8.6640e-01 +3.9918e-02 -2.7475e+00 +2.4012e+00 +6.9524e-01 +3.2245e+00 +2.9336e+00 +1.3153e+00 -2.6920e+00 +1.4047e+00 +6.8790e-01 +8.8722e-01 +1.9121e-01 +3.9171e+00 +2.4551e+00 -4.2442e+00 +3.4039e+00 -2.7599e+00 +3.4763e+00 -2.3724e+00
1571 +3.460658034e+00 +3.460658034e+00 +4.163806580e+02 +4.163806580e+02 -6.5172e-01 -2.0722e-02 -2.5685e+00 +2.7498e+00 +3.0347e-01 +3.5221e+00 +2.9655e+00 +1.1468e+00 -2.5187e+00 +1.3302e+00 +1.5176e-01 +6.9011e-01 +3.2534e-02 +3.5485e+00 +2.3001e+00 -4.0295e+00 +3.2092e+00 -2.7344e+00 +3.3501e+00 -2.2147e+00
1801 +2.494377885e+00 +2.494377885e+00 +4.154143779e+02 +4.154143779e+02 -4.3869e-01 +6.5946e-02 -2.2521e+00 +2.9276e+00 +1.5396e-02 +3.7403e+00 +3.0049e+00 +7.8830e-01 -2.5029e+00 +1.2046e+00 +1.8492e-02 +4.6838e-01 +4.4782e-02 +3.5078e+00 +2.4020e+00 -4.0740e+00 +3.0927e+00 -2.5741e+00 +3.1947e+00 -1.8876e+00
313043 +1.433929463e+00 +1.433929463e+00 +4.143539295e+02 +4.143539295e+02 +1.9439e-01 -8.8845e-02 -1.6423e+00 +2.8126e+00 -3.0880e-01 +3.5732e+00 +3.4435e+00 +6.9380e-01 -1.9009e+00 +1.3216e+00 +4.6164e-02 +1.2979e-01 -5.6761e-01 +3.1270e+00 +2.7038e+00 -3.9321e+00 +3.0601e+00 -2.6264e+00 +2.7272e+00 -2.5292e+00
698543 +9.963245188e-01 +9.963245188e-01 +4.139163245e+02 +4.139163245e+02 +2.3654e-01 +3.5506e-01 -1.8115e+00 +2.6046e+00 +2.6898e-02 +3.7265e+00 +3.7096e+00 +8.8402e-01 -1.7696e+00 +1.1372e+00 -2.4545e-01 +4.9261e-01 -4.5614e-03 +3.3151e+00 +2.5405e+00 -3.5811e+00 +3.1953e+00 -2.4338e+00 +2.8852e+00 -2.2177e+00
% function evaluation | noise-free fitness - Fopt (2.169400000000e+02) | best noise-free fitness - Fopt | measured fitness | best measured fitness | x1 | x2...
1 +6.195995185e+02 +6.195995185e+02 +8.365395185e+02 +8.365395185e+02 -2.2266e+00 +2.8920e+00 +1.2466e+00 -1.2268e+00 +3.9938e+00 -3.9376e+00 -3.5698e+00 -3.5725e+00 -2.5525e+00 +1.0867e+00 +6.9687e-01 -1.6081e+00 +1.2564e+00 -3.3030e+00 -1.2760e+00 +5.2011e-01 -1.3728e+00 +9.7808e-01 -3.5090e+00 -6.3288e-01
28 +3.636974246e+02 +3.636974246e+02 +5.806374246e+02 +5.806374246e+02 -6.3123e-01 +4.2380e+00 +2.1576e+00 -2.3053e+00 +1.1906e+00 -4.0768e+00 +1.6919e-01 -8.1060e+00 -2.0985e+00 +2.2020e+00 +1.6526e+00 -2.2348e+00 -3.3765e+00 -2.9463e+00 -4.1198e+00 +8.7357e-01 +1.8490e+00 -3.7001e-01 +1.0658e-01 +2.0870e+00
63 +2.274798071e+02 +2.274798071e+02 +4.444198071e+02 +4.444198071e+02 -3.5271e+00 +3.2357e+00 +2.7511e-01 -2.1957e+00 +4.2554e+00 -2.5365e+00 -7.7848e-01 -5.2541e+00 -1.9339e+00 -6.0188e-01 +2.1685e+00 -2.9030e+00 +1.1115e+00 -4.6532e+00 -6.8901e+00 -9.2052e-01 +8.9217e-01 -2.7579e+00 -3.8935e+00 +4.0383e-01
247 +1.451889250e+02 +1.451889250e+02 +3.621289250e+02 +3.621289250e+02 -1.9851e+00 +4.7581e+00 -1.1395e+00 -2.6863e+00 +9.4239e-01 -1.8799e+00 -1.0453e-01 -3.4358e+00 +1.5100e+00 +4.5541e+00 +3.3781e+00 -4.5678e+00 +2.4625e+00 -3.6606e+00 -2.5944e+00 -1.8351e+00 -2.1591e+00 -1.3069e+00 -4.7600e+00 -2.9392e+00
291 +7.822479666e+01 +7.822479666e+01 +2.951647967e+02 +2.951647967e+02 -1.6122e+00 +3.9607e+00 -1.9964e+00 -2.8513e+00 +1.5033e+00 -1.7390e+00 -1.5998e-01 -2.9314e+00 +6.1615e-01 +3.0298e+00 +3.8980e+00 -3.3400e+00 +3.2170e+00 -2.9778e+00 -2.3183e+00 -2.0536e+00 -2.4321e+00 -5.4991e-01 -2.6928e+00 -2.4382e+00
485 +4.926147474e+01 +4.926147474e+01 +2.662014747e+02 +2.662014747e+02 -1.0825e+00 +4.1353e+00 -2.3924e+00 -1.5034e+00 +2.4379e+00 -7.8232e-01 -1.7796e+00 -1.7532e+00 +1.0571e+00 +1.0502e+00 +3.4063e+00 -4.3541e+00 +2.8881e+00 -2.5997e+00 -2.9624e+00 +2.1428e-02 -2.0031e+00 +7.3574e-01 -1.8661e+00 -2.2278e+00
622 +3.750947892e+01 +3.750947892e+01 +2.544494789e+02 +2.544494789e+02 -2.9390e+00 +2.0721e+00 -2.8124e+00 -2.0800e+00 +3.1490e+00 +2.3787e-01 -1.5948e+00 -1.9974e+00 -6.2967e-01 +2.3563e+00 +2.8256e+00 -4.4877e+00 +2.8311e+00 -2.0069e+00 -3.3119e+00 -6.0470e-01 -1.8583e+00 -1.0247e-01 -1.2692e+00 -1.3591e+00
818 +1.970982085e+01 +1.970982085e+01 +2.366498208e+02 +2.366498208e+02 -2.7564e+00 +1.6680e+00 -2.3734e+00 -1.4665e+00 +3.0051e+00 +1.8784e+00 -3.3565e+00 -3.2939e+00 -1.7255e+00 +2.4490e+00 +2.1124e+00 -3.2951e+00 +2.2875e+00 -1.5111e+00 -2.9069e+00 -1.5694e+00 +2.2229e-01 -1.0059e+00 -4.2139e-01 +2.8424e-01
962 +1.540194983e+01 +1.540194983e+01 +2.323419498e+02 +2.323419498e+02 -3.1371e+00 +1.7688e+00 -2.4571e+00 -4.5413e-01 +2.8171e+00 +2.0744e+00 -3.7761e+00 -3.3559e+00 -1.8974e+00 +3.1605e+00 +2.4113e+00 -2.7003e+00 +3.0538e+00 -1.9471e+00 -2.0248e+00 -2.1253e+00 +2.3607e-01 -1.8528e+00 +3.7180e-01 +7.7900e-01
1231 +9.895687118e+00 +9.895687118e+00 +2.268356871e+02 +2.268356871e+02 -2.6147e+00 +2.6869e+00 -1.7667e+00 -1.3384e+00 +2.4111e+00 +1.5790e+00 -3.7786e+00 -2.9656e+00 -6.1388e-01 +2.9905e+00 +2.6130e+00 -2.6761e+00 +2.9030e+00 -1.9039e+00 -2.3187e+00 -1.9178e+00 +1.6686e-01 -1.5270e+00 +5.3695e-01 +8.6165e-01
1395 +6.044001319e+00 +6.044001319e+00 +2.229840013e+02 +2.229840013e+02 -2.3577e+00 +3.3729e+00 -2.1150e+00 -5.9863e-01 +2.4682e+00 +9.8319e-01 -3.5008e+00 -2.2925e+00 -3.3352e-01 +2.9992e+00 +2.6455e+00 -2.6793e+00 +2.6468e+00 -1.6714e+00 -2.0125e+00 -1.3215e+00 +2.1311e-01 -1.5916e+00 +4.0141e-01 +1.1162e+00
45382 +3.486984361e+00 +3.486984361e+00 +2.204269844e+02 +2.204269844e+02 -2.4170e+00 +3.2901e+00 -3.4113e+00 -6.1859e-01 +2.5143e+00 +2.6730e+00 -2.0553e+00 -1.9014e+00 -4.9683e-01 +4.6795e+00 +1.9266e+00 -3.6180e+00 +2.7484e+00 -1.7556e+00 +1.1159e-01 -2.1704e+00 -4.3868e-01 -1.1655e+00 +1.6708e+00 +9.7711e-01
202458 +2.288305393e+00 +2.288305393e+00 +2.192283054e+02 +2.192283054e+02 -3.4970e+00 +2.7718e+00 -2.2065e+00 -1.9284e-01 +3.5856e+00 +1.2649e+00 -3.6436e+00 -1.8050e+00 +1.0665e+00 +4.1146e+00 +3.1993e+00 -2.5516e+00 +3.0942e+00 -2.0138e+00 -1.1766e+00 -1.6436e+00 +3.3152e-01 -1.7984e+00 +1.6412e+00 +1.7148e+00
415749 +1.560245318e+00 +1.560245318e+00 +2.185002453e+02 +2.185002453e+02 -3.9850e+00 +3.7249e+00 -1.7077e+00 -1.0761e-01 +3.1660e+00 +1.4414e+00 -4.0402e+00 -1.4127e+00 +1.1474e+00 +3.2423e+00 +3.2125e+00 -2.7235e+00 +2.8525e+00 -1.7350e+00 -1.5214e+00 -1.0376e+00 +8.3222e-01 -1.8226e+00 +2.5180e+00 +2.2767e+00
866480 +9.539387530e-01 +9.539387530e-01 +2.178939388e+02 +2.178939388e+02 -2.7195e+00 +3.5514e+00 -2.7561e+00 +8.6827e-02 +2.7653e+00 +1.9270e+00 -3.0346e+00 -2.0166e+00 +3.2566e-01 +3.9837e+00 +2.5946e+00 -3.0029e+00 +3.0075e+00 -1.9059e+00 -7.4254e-01 -1.3579e+00 -5.2737e-02 -1.4140e+00 +1.4951e+00 +1.5665e+00
867310 +6.300296306e-01 +6.300296306e-01 +2.175700296e+02 +2.175700296e+02 -2.7463e+00 +3.4376e+00 -2.7093e+00 -1.3312e-01 +2.7074e+00 +1.9964e+00 -3.1153e+00 -1.8574e+00 +4.8808e-01 +4.0573e+00 +2.6270e+00 -2.9223e+00 +2.9216e+00 -1.9255e+00 -6.1485e-01 -1.5884e+00 +7.3439e-02 -1.3543e+00 +1.7093e+00 +1.5403e+00
% function evaluation | noise-free fitness - Fopt (1.175000000000e+02) | best noise-free fitness - Fopt | measured fitness | best measured fitness | x1 | x2...
1 +1.735642352e+03 +1.735642352e+03 +1.853142352e+03 +1.853142352e+03 -1.3384e+00 +5.5501e-01 +1.9149e+00 +2.5985e-02 -3.6621e+00 -2.1817e+00 +3.8633e+00 -3.7654e-01 +2.9495e+00 +1.0273e+00 +2.6840e+00 -5.4385e-01 +1.4311e+00 -1.2806e+00 +3.6654e+00 +1.0583e+00 -2.6175e+00 -3.9215e+00 -3.5514e+00 +2.8030e+00
10 +1.207237282e+03 +1.207237282e+03 +1.324737282e+03 +1.324737282e+03 -1.9441e+00 -1.7148e-01 +3.3453e+00 +1.4260e+00 -4.7118e+00 -2.3317e-01 +3.0522e+00 -3.5975e+00 +6.5111e+00 +6.6318e-01 +2.9988e+00 -2.4884e+00 +9.4474e-01 -1.2508e+00 +1.7998e+00 +3.4844e+00 -2.4584e+00 -1.6819e+00 -1.5571e+00 +3.3351e-01
14 +7.693494193e+02 +7.693494193e+02 +8.868494193e+02 +8.868494193e+02 -1.1152e+00 +3.4436e+00 +2.4808e+00 +1.9171e-01 -5.0052e-01 -4.3521e+00 +5.7642e-01 -3.3714e+00 +3.7919e+00 +9.7476e-01 +4.0621e+00 -3.0007e-01 +1.7089e+00 -2.4662e-01 +2.6306e+00 +3.2480e+00 +7.9631e-01 +3.6564e-01 -1.0473e-01 +3.1371e+00
36 +4.003232666e+02 +4.003232666e+02 +5.178232666e+02 +5.178232666e+02 -1.4658e+00 +3.1785e+00 +1.4105e+00 +1.8288e+00 -1.9714e+00 -5.3872e+00 +5.6347e+00 -6.6253e-01 +4.4108e+00 -3.8049e+00 +3.1642e+00 +8.2556e-01 +1.5017e-01 +1.7180e+00 -4.7551e-01 +5.9662e-01 -2.4498e+00 -7.6667e-01 -1.1891e+00 -4.5466e-01
126 +3.332135625e+02 +3.332135625e+02 +4.507135625e+02 +4.507135625e+02 +1.7782e-01 +2.0457e+00 -5.1599e-02 -2.1420e-01 +1.3614e+00 -1.8250e+00 -7.6993e-01 -3.8266e+00 +1.1747e-01 -1.5834e+00 +1.8896e+00 +2.1545e+00 -5.0661e-01 +3.0072e-02 -2.5669e-01 +4.7237e+00 +8.1967e-01 +4.3508e-01 +2.2585e-01 -3.1867e+00
179 +2.270662142e+02 +2.270662142e+02 +3.445662142e+02 +3.445662142e+02 -1.3106e+00 -1.1411e-01 +2.4007e+00 +2.4409e+00 +1.7640e+00 +1.8002e-01 +3.2876e+00 -5.1315e+00 +3.3129e+00 +6.6327e-01 +2.6135e+00 +2.0973e+00 +6.0175e-01 -1.0402e+00 +3.4982e+00 -4.5843e-01 +1.1612e+00 -1.3651e+00 +2.1810e+00 -4.9120e-01
203 +1.527223175e+02 +1.527223175e+02 +2.702223175e+02 +2.702223175e+02 -5.6361e-02 +5.9793e-01 +2.9818e+00 -1.2280e-01 +2.4873e+00 +3.5571e-02 +3.6761e+00 -4.9482e+00 +1.8216e+00 -1.2891e+00 +1.6714e-01 +1.4404e+00 -2.0088e+00 +1.0568e+00 +8.1758e-01 -2.4605e-01 -3.9974e-01 -9.8745e-01 +1.7814e+00 +5.7941e-01
434 +9.205617953e+01 +9.205617953e+01 +2.095561795e+02 +2.095561795e+02 -3.0576e+00 -1.3276e-01 +2.3521e+00 +1.5110e+00 +4.1282e+00 +1.6308e-01 +4.8115e+00 -3.7146e+00 +5.2423e-01 -1.2003e+00 +2.1832e+00 +1.3957e+00 -2.3461e+00 +2.3615e+00 -1.2339e+00 -2.8884e+00 -9.6832e-01 +2.2008e+00 +5.8519e-01 -1.8423e-01
527 +5.126078458e+01 +5.126078458e+01 +1.687607846e+02 +1.687607846e+02 -1.6209e+00 +1.5957e+00 +3.2878e+00 +2.1332e+00 +3.3833e+00 +7.6190e-01 +3.0429e+00 -3.3423e+00 +2.5395e-01 -2.2954e+00 +1.6340e+00 +1.0837e+00 -1.1322e+00 +2.0168e+00 +1.0913e+00 -3.8167e-01 -8.4921e-01 +1.0614e+00 +1.0515e+00 -4.4944e-02
656 +3.759633455e+01 +3.759633455e+01 +1.550963345e+02 +1.550963345e+02 -1.3472e+00 +1.5573e+00 +3.4656e+00 +2.7584e+00 +3.7505e+00 +4.5592e-01 +3.5319e+00 -2.5893e+00 +4.0450e-01 -3.4703e+00 +5.3396e-01 +2.0517e+00 -1.8845e+00 +3.4251e+00 -2.3797e-01 -1.1142e+00 -4.4075e-01 +1.1771e+00 +1.1132e+00 +1.1791e+00
979 +2.475323990e+01 +2.475323990e+01 +1.422532399e+02 +1.422532399e+02 -1.5011e+00 +1.9079e+00 +3.0603e+00 +2.0215e+00 +2.9686e+00 +3.3772e-01 +4.7189e+00 -5.6654e-01 -1.6690e-01 -3.8420e+00 +1.6481e+00 +2.2928e+00 -2.7328e+00 +3.9426e+00 +1.2964e+00 -1.2854e+00 -4.2848e-01 +1.4238e+00 +1.0014e+00 -2.1880e-01
1344 +1.577663157e+01 +1.577663157e+01 +1.332766316e+02 +1.332766316e+02 -2.2090e+00 +2.4394e+00 +3.8956e+00 +1.1765e+00 +2.6368e+00 +7.9970e-01 +4.1479e+00 -9.7156e-02 -8.0735e-01 -4.8038e+00 +1.7581e+00 +2.4299e+00 -3.5128e+00 +4.4763e+00 +1.9910e+00 -1.0872e+00 -8.9155e-01 +1.1226e+00 +1.2844e+00 -5.7202e-01
4860 +8.057734284e+00 +8.057734284e+00 +1.255577343e+02 +1.255577343e+02 -5.4484e-01 +1.6878e+00 +4.8510e+00 +2.2100e+00 +1.3170e+00 +2.1714e+00 +3.6696e+00 -1.5876e+00 +1.3018e-01 -2.8951e+00 -1.3050e+00 +3.1538e+00 -3.3222e+00 +7.4476e-01 +1.1786e+00 -2.8557e-01 -2.5637e+00 -3.9126e-01 +4.4380e+00 -1.4770e+00
4932 +5.909845085e+00 +5.909845085e+00 +1.234098451e+02 +1.234098451e+02 -5.1374e-01 +1.7722e+00 +4.6598e+00 +2.3977e+00 +1.3650e+00 +2.7794e+00 +3.8937e+00 -1.6305e+00 -8.4444e-02 -3.0850e+00 -1.0551e+00 +3.3500e+00 -3.2589e+00 +8.6940e-01 +1.2785e+00 -4.5960e-02 -2.4619e+00 -5.4943e-01 +4.5750e+00 -1.4026e+00
27664 +3.911947543e+00 +3.911947543e+00 +1.214119475e+02 +1.214119475e+02 -2.0501e+00 +2.8156e+00 +3.0469e+00 +1.9740e+00 +2.9956e+00 +1.0666e+00 +2.3099e+00 -7.7610e-01 +2.9678e-01 -4.4341e+00 +1.2376e+00 +2.3648e+00 -3.4985e+00 +2.5723e+00 +2.1997e+00 -1.2084e+00 -2.0062e+00 -4.0243e-01 +2.3596e+00 -1.5773e+00
56235 +2.507788681e+00 +2.507788681e+00 +1.200077887e+02 +1.200077887e+02 -1.7015e+00 +2.4026e+00 +4.4007e+00 +2.4071e+00 +2.1433e+00 +2.0575e+00 +3.7929e+00 -8.3356e-01 -5.0541e-01 -4.2460e+00 +1.2176e+00 +2.6345e+00 -3.5374e+00 +2.1444e+00 +1.4922e+00 -3.1503e-01 -2.2299e+00 +3.7942e-01 +2.8375e+00 -1.7017e+00
184310 +1.571119729e+00 +1.571119729e+00 +1.190711197e+02 +1.190711197e+02 -1.2561e+00 +2.3747e+00 +4.4329e+00 +2.3969e+00 +2.0273e+00 +2.2334e+00 +1.9439e+00 -1.4530e+00 +1.8537e-01 -3.7701e+00 +1.5970e-01 +2.6984e+00 -3.4293e+00 +2.0919e-01 +2.2159e+00 -7.0326e-02 -3.1235e+00 -1.2913e+00 +3.9509e+00 -2.2953e+00
% function evaluation | noise-free fitness - Fopt (5.348000000000e+01) | best noise-free fitness - Fopt | measured fitness | best measured fitness | x1 | x2...
1 +1.157433281e+03 +1.157433281e+03 +1.210913281e+03 +1.210913281e+03 +2.1366e+00 -7.6116e-02 +3.9045e+00 +3.9345e+00 +1.3747e+00 +8.4893e-01 +7.2516e-01 -1.0958e+00 -3.7314e+00 +2.7131e+00 -1.8161e-01 -1.4891e-01 +9.2639e-01 -1.6499e-01 +2.2843e+00 +1.6544e+00 -3.5482e+00 -2.6028e+00 +2.3253e+00 -3.4495e+00
7 +9.561890953e+02 +9.561890953e+02 +1.009669095e+03 +1.009669095e+03 -2.1910e-01 +1.3784e+00 +4.8314e+00 +2.7553e+00 +7.8260e-01 -2.1658e+00 +1.9833e+00 -5.0297e-01 -3.0048e+00 +4.1684e+00 +7.4355e-01 -4.1612e-01 -1.7271e+00 -9.9081e-01 +1.7406e-01 +4.1056e-01 -3.7688e+00 -4.2969e+00 +3.1114e+00 -1.9184e+00
28 +5.920297696e+02 +5.920297696e+02 +6.455097696e+02 +6.455097696e+02 -1.6505e+00 -3.1307e+00 +2.0593e+00 +3.8460e+00 +3.0604e+00 -1.1450e+00 +5.1447e+00 +1.9408e+00 -2.8282e+00 +8.9207e-01 +2.2464e+00 +4.3039e+00 -1.0813e+00 +1.2780e+00 +4.2678e+00 +6.6689e+00 -7.7841e+00 +1.2539e+00 +2.5241e+00 -5.2002e+00
142 +3.736356859e+02 +3.736356859e+02 +4.271156859e+02 +4.271156859e+02 -8.4401e-01 -1.6350e+00 +2.4089e+00 +2.6133e+00 +2.4553e+00 -3.3245e-01 +3.6586e+00 -2.7491e-01 -1.7476e+00 +7.5736e-01 +5.9458e-01 -6.2978e-01 +2.8352e+00 +1.1314e+00 -5.4669e-02 +5.4444e+00 -7.0292e+00 -5.8704e-01 +3.3405e+00 -6.2268e-01
202 +2.420550221e+02 +2.420550221e+02 +2.955350221e+02 +2.955350221e+02 -1.8066e+00 -4.3215e+00 +3.7014e+00 +1.5181e+00 +1.0551e+00 -1.2985e+00 +3.1702e+00 +4.8603e-01 -2.1149e+00 -1.2904e+00 -4.4947e-01 +8.8928e-01 +4.0042e+00 +1.7451e+00 +2.2068e+00 +4.3557e+00 -7.3736e+00 -7.5433e-01 +4.0139e+00 -2.7695e+00
319 +1.438714502e+02 +1.438714502e+02 +1.973514502e+02 +1.973514502e+02 -2.2867e+00 -3.5303e+00 +4.2900e+00 +1.2037e+00 +2.1802e+00 -4.0654e-01 +3.9824e+00 -6.8593e-01 -1.6332e+00 -8.2818e-01 +1.0219e+00 +7.1954e-01 +4.1431e+00 +2.5528e+00 +2.7375e+00 +2.8684e+00 -3.9845e+00 -1.5913e+00 +5.4054e+00 +6.6733e-01
558 +9.573408404e+01 +9.573408404e+01 +1.492140840e+02 +1.492140840e+02 -1.4117e+00 -2.5035e+00 +3.4454e+00 -1.3812e+00 +1.1883e+00 +5.7644e-01 +1.8448e+00 -2.5181e+00 -5.6622e-01 -1.9833e+00 -7.2834e-01 +2.0378e+00 +3.5806e+00 +1.9853e-01 +4.5237e+00 +2.4703e+00 -2.8159e+00 -1.2807e+00 +4.4483e+00 +2.4315e+00
751 +5.505760997e+01 +5.505760997e+01 +1.085376100e+02 +1.085376100e+02 -1.5999e+00 -2.7077e+00 +3.2049e+00 -2.3099e+00 +1.1097e+00 +1.2432e+00 +8.6020e-01 -1.2947e+00 +4.2246e-01 -2.0315e+00 -9.2205e-01 +1.2820e+00 +4.6206e+00 -2.2260e+00 +1.8042e+00 +2.4534e+00 -2.9451e+00 +7.0993e-01 +2.5483e+00 +1.7049e+00
861 +3.336653857e+01 +3.336653857e+01 +8.684653857e+01 +8.684653857e+01 -7.6856e-01 -2.5546e+00 +2.9856e+00 -2.5176e+00 +5.8758e-01 +5.4417e-01 +1.4996e+00 -1.1490e+00 +4.0709e-02 -1.7566e+00 -1.0442e-01 +6.9697e-01 +3.3963e+00 -2.1376e+00 +1.0437e+00 +1.1439e+00 -1.3704e+00 -8.2250e-02 +1.4364e+00 +2.7103e+00
1130 +2.407508201e+01 +2.407508201e+01 +7.755508201e+01 +7.755508201e+01 -1.5663e+00 -3.4238e+00 +3.3567e+00 -2.4483e+00 -2.1506e-02 +6.6980e-01 +1.5351e+00 -1.1230e+00 -3.6484e-01 -2.3010e+00 -5.4440e-01 +1.3689e+00 +3.2399e+00 -1.8004e+00 +9.9346e-01 +2.0084e+00 -1.3925e+00 +5.8081e-01 +1.1971e+00 +2.1962e+00
1358 +1.468421038e+01 +1.468421038e+01 +6.816421038e+01 +6.816421038e+01 -9.5612e-01 -2.8342e+00 +3.4832e+00 -2.2800e+00 -1.3107e+00 +3.6493e-01 +1.4934e+00 +2.2552e-01 +5.3376e-01 -1.5489e+00 -8.5735e-01 +2.2308e+00 +2.8563e+00 -2.2719e+00 +1.1134e+00 +6.9875e-01 +5.1221e-01 +1.2406e+00 +1.2841e+00 +3.2529e+00
1624 +9.757883383e+00 +9.757883383e+00 +6.323788338e+01 +6.323788338e+01 -3.0805e-01 -2.6323e+00 +3.4981e+00 -2.2389e+00 -9.2353e-01 +4.4980e-01 +1.6324e+00 +1.9547e-01 +3.9482e-01 -1.3836e+00 -4.3358e-01 +1.8252e+00 +2.6120e+00 -2.2162e+00 +6.1907e-01 +1.1890e+00 +6.1487e-01 +1.4031e+00 +7.3400e-01 +3.2752e+00
14377 +6.101038623e+00 +6.101038623e+00 +5.958103862e+01 +5.958103862e+01 +1.8687e+00 -4.2926e+00 +2.8458e+00 -2.4031e+00 -2.6983e+00 +5.0759e-01 +3.1703e+00 +1.4310e+00 -1.6277e-01 -9.8742e-01 -4.4169e-02 +2.4639e+00 +8.8438e-01 -3.3796e+00 +1.6267e+00 +2.2001e+00 +1.1187e+00 +1.4402e+00 -1.8112e+00 +3.1390e+00
40360 +3.915346143e+00 +3.915346143e+00 +5.739534614e+01 +5.739534614e+01 +2.6135e+00 -3.8973e+00 +4.7695e+00 -1.4873e+00 -3.0069e+00 +1.3766e-01 +2.5559e+00 +1.9743e+00 +3.4910e-01 -2.0119e-01 +5.8315e-01 +3.8583e+00 +3.1857e-01 -2.4708e+00 +1.5441e+00 +8.2071e-01 +3.3208e+00 +2.3929e+00 +7.3978e-01 +4.3825e+00
195673 +2.430346284e+00 +2.430346284e+00 +5.591034628e+01 +5.591034628e+01 +1.8669e+00 -4.4471e+00 +3.6723e+00 -1.8776e+00 -3.0145e+00 +1.4310e-01 +3.2248e+00 +1.4744e+00 +3.0533e-01 -1.1641e-01 -3.4473e-01 +3.6042e+00 +8.2854e-01 -2.3920e+00 +2.0988e+00 +9.7460e-01 +1.5068e+00 +2.2333e+00 -3.4284e-01 +3.1660e+00
488281 +1.516807303e+00 +1.516807303e+00 +5.499680730e+01 +5.499680730e+01 +2.0747e+00 -4.7418e+00 +4.0043e+00 -2.3971e+00 -2.8770e+00 +1.1900e-01 +2.9008e+00 +1.9370e+00 +2.2923e-01 -3.1179e-01 -6.0685e-01 +3.6417e+00 +1.0028e+00 -2.6159e+00 +1.3215e+00 +8.6187e-01 +1.6806e+00 +2.0628e+00 -5.3868e-01 +3.3033e+00
495161 +9.876180283e-01 +9.876180283e-01 +5.446761803e+01 +5.446761803e+01 +2.5370e+00 -4.1029e+00 +4.1591e+00 -2.7348e+00 -2.9060e+00 +1.5226e-01 +2.2037e+00 +1.9662e+00 +5.3381e-01 -6.0276e-01 -5.0282e-01 +3.5145e+00 +1.0262e+00 -3.0170e+00 +1.0732e+00 +4.8507e-01 +2.4275e+00 +1.7875e+00 -4.2703e-01 +3.9068e+00
% function evaluation | noise-free fitness - Fopt (7.780000000000e+00) | best noise-free fitness - Fopt | measured fitness | best measured fitness | x1 | x2...
1 +2.368166226e+03 +2.368166226e+03 +2.375946226e+03 +2.375946226e+03 -3.3252e+00 +2.1091e+00 +9.5698e-01 -2.7113e+00 -2.6896e+00 -5.0408e-02 -3.3672e+00 -4.5698e-01 +2.8235e+00 +3.6066e+00 -3.2844e+00 -3.2753e+00 +6.4430e-01 +2.8130e+00 -2.1913e+00 +1.2846e+00 +3.9598e+00 +2.9384e+00 +3.2047e-01 -3.3498e+00
2 +9.702001988e+02 +9.702001988e+02 +9.779801988e+02 +9.779801988e+02 +1.3041e+00 +3.1898e+00 +5.3003e+00 -3.7134e+00 -1.5147e+00 -8.5499e-01 -4.2139e+00 +2.0852e+00 +3.6808e+00 +2.2442e+00 -1.0782e+00 -1.4221e+00 +1.3096e+00 -1.2836e+00 -1.3550e+00 +2.7480e-01 +4.0546e+00 +4.2539e+00 -3.4031e+00 -2.6410e+00
21 +5.412966930e+02 +5.412966930e+02 +5.490766930e+02 +5.490766930e+02 +2.6833e+00 +1.3043e+00 +2.4428e+00 -2.8429e+00 -3.8246e+00 -1.8196e-02 -2.3547e+00 +1.9690e+00 +2.8282e+00 +6.2481e-01 -3.7328e+00 +2.1328e+00 +9.3554e-01 +4.1904e+00 -4.3233e+00 +1.6536e+00 +2.9862e+00 +2.1848e+00 -3.2810e+00 -4.1824e+00
156 +3.342622203e+02 +3.342622203e+02 +3.420422203e+02 +3.420422203e+02 +4.3674e+00 +1.3867e+00 +1.4298e+00 +4.5909e-01 -2.7260e+00 +3.5287e+00 -2.2017e+00 +1.8388e+00 +4.0368e+00 +1.1027e+00 -9.9048e-01 +6.2735e-01 +1.4128e+00 +2.1611e+00 -1.8564e+00 +1.4262e+00 +7.0842e+00 +6.4670e+00 -4.0649e+00 +5.0739e-01
222 +2.272517270e+02 +2.272517270e+02 +2.350317270e+02 +2.350317270e+02 +3.4841e+00 +7.8468e-01 +2.1836e+00 -2.2075e+00 -3.4104e-01 +6.5793e-01 +9.0136e-01 +2.0633e+00 +2.9608e+00 -3.7557e+00 +7.6626e-01 +1.8166e+00 +2.1438e+00 -1.9639e+00 -2.9487e+00 +2.2291e+00 +6.5522e+00 +4.6560e+00 -3.0635e+00 +7.2215e-02
357 +1.540105670e+02 +1.540105670e+02 +1.617905670e+02 +1.617905670e+02 +2.7004e+00 -6.4563e-02 +9.4838e-01 -2.0035e-01 -4.6519e+00 +3.5522e+00 -2.0266e+00 +2.4031e+00 +4.8443e+00 -7.4783e-01 -1.4102e+00 +1.7640e+00 +3.4782e+00 -1.5225e+00 -8.5661e-01 +2.2437e+00 +3.6883e+00 +3.8049e+00 -2.4474e+00 -3.1646e-01
426 +9.026578662e+01 +9.026578662e+01 +9.804578662e+01 +9.804578662e+01 +8.8771e-01 -7.5514e-01 +1.0955e+00 -2.4856e+00 -3.7460e+00 +2.5369e+00 -8.2776e-01 +3.6406e+00 +3.8478e+00 -5.3204e-01 -1.1211e+00 +1.1522e+00 +3.1553e+00 -1.1042e+00 -4.8843e-01 +1.5890e+00 +2.1284e+00 +2.0171e+00 -3.3170e+00 -2.4692e+00
469 +5.666579810e+01 +5.666579810e+01 +6.444579810e+01 +6.444579810e+01 +6.8338e-01 -1.7404e+00 -2.2573e-01 -1.7459e+00 -3.4268e+00 +2.4525e+00 -3.1700e-01 +3.2853e+00 +2.3006e+00 -8.9688e-01 -9.5196e-01 +1.0096e+00 +1.8874e+00 -1.7421e+00 -1.2472e-01 +2.9269e+00 +2.0600e+00 +2.5507e+00 -3.8764e+00 -1.7746e+00
675 +3.660217744e+01 +3.660217744e+01 +4.438217744e+01 +4.438217744e+01 -4.9054e-01 -2.4602e+00 +7.9221e-01 -5.1880e+00 -3.4515e+00 +3.0185e+00 +1.4359e+00 +2.3312e+00 +3.4307e+00 -6.4390e-01 -1.9165e+00 +2.5656e-01 +2.9614e+00 -3.5149e+00 +4.5479e-01 +4.2451e+00 +1.0758e-01 +2.3471e+00 -4.8718e+00 -5.4540e-01
811 +2.390030321e+01 +2.390030321e+01 +3.168030321e+01 +3.168030321e+01 -3.1403e-01 -2.3554e+00 +3.3542e-01 -4.8397e+00 -3.7604e+00 +4.4544e+00 +1.0835e+00 +3.3358e+00 +3.8308e+00 -6.5464e-01 -1.5796e+00 +8.3966e-01 +3.4754e+00 -3.6039e+00 +9.1172e-01 +4.4324e+00 -4.2714e-02 +2.3116e+00 -3.9989e+00 -2.5586e+00
1018 +1.580221263e+01 +1.580221263e+01 +2.358221263e+01 +2.358221263e+01 +7.0227e-01 -1.7097e+00 +3.4549e-01 -4.0329e+00 -3.3904e+00 +5.2254e+00 +1.8689e+00 +1.9911e+00 +3.2619e+00 -1.3632e+00 -2.1429e+00 +6.9500e-01 +3.6984e+00 -2.3447e+00 +1.5687e+00 +4.4819e+00 +8.7978e-01 +1.9740e+00 -3.3096e+00 -1.7665e+00
1156 +9.186489811e+00 +9.186489811e+00 +1.696648981e+01 +1.696648981e+01 +1.7371e+00 -1.5785e+00 +9.1052e-01 -3.3560e+00 -2.6826e+00 +4.8271e+00 +1.8603e+00 +2.3044e+00 +3.5153e+00 -1.3748e+00 -1.7335e+00 +1.1061e+00 +3.7967e+00 -3.4327e+00 +1.8864e+00 +3.4008e+00 +9.5436e-01 +1.8915e+00 -3.6882e+00 -2.1470e+00
1409 +5.142979130e+00 +5.142979130e+00 +1.292297913e+01 +1.292297913e+01 +2.4573e+00 -1.7992e+00 +1.3650e+00 -3.4151e+00 -2.4578e+00 +4.3658e+00 +1.7991e+00 +1.6715e+00 +2.8070e+00 -2.2363e+00 -1.5238e+00 +9.9070e-01 +3.6743e+00 -3.0676e+00 +1.9947e+00 +3.3484e+00 +9.5798e-01 +1.4916e+00 -3.0287e+00 -2.5191e+00
1583 +3.603429062e+00 +3.603429062e+00 +1.138342906e+01 +1.138342906e+01 +2.2013e+00 -1.8846e+00 +9.9247e-01 -3.2853e+00 -2.6115e+00 +4.2484e+00 +1.7201e+00 +1.4564e+00 +2.6758e+00 -2.2470e+00 -1.3142e+00 +1.0701e+00 +4.0190e+00 -3.0777e+00 +2.0971e+00 +3.5448e+00 +1.0801e+00 +1.5377e+00 -3.1020e+00 -2.6374e+00
34575 +2.500814965e+00 +2.500814965e+00 +1.028081496e+01 +1.028081496e+01 +2.1147e+00 -2.2639e+00 +1.0864e+00 -3.3989e+00 -2.5206e+00 +4.2370e+00 +1.8684e+00 +1.4676e+00 +2.6810e+00 -2.3079e+00 -1.6663e+00 +1.1238e+00 +4.0174e+00 -3.6326e+00 +2.4335e+00 +3.8759e+00 +7.9731e-01 +1.1667e+00 -3.2731e+00 -3.0861e+00
448671 +1.534254427e+00 +1.534254427e+00 +9.314254427e+00 +9.314254427e+00 +3.0231e+00 -2.3580e+00 +1.1010e+00 -2.8112e+00 -2.2432e+00 +3.4592e+00 +1.6133e+00 +2.6614e-01 +1.2489e+00 -2.6578e+00 -5.1456e-01 +9.5157e-01 +4.3812e+00 -2.8696e+00 +3.2822e+00 +3.5712e+00 +3.2977e-02 +5.9049e-01 -2.6162e+00 -3.9429e+00
448982 +9.860185633e-01 +9.860185633e-01 +8.766018563e+00 +8.766018563e+00 +3.0076e+00 -2.3729e+00 +1.0464e+00 -3.2141e+00 -2.2162e+00 +3.3175e+00 +1.5967e+00 +3.6617e-01 +1.2384e+00 -2.7315e+00 -6.5460e-01 +9.3331e-01 +4.2296e+00 -3.0304e+00 +3.3471e+00 +3.6902e+00 -1.0935e-01 +5.4010e-01 -2.7199e+00 -3.9161e+00
% function evaluation | noise-free fitness - Fopt (7.260000000000e+01) | best noise-free fitness - Fopt | measured fitness | best measured fitness | x1 | x2...
1 +1.067928416e+03 +1.067928416e+03 +1.140528416e+03 +1.140528416e+03 +2.7279e+00 -3.6550e+00 -1.4256e+00 +2.7359e-01 -2.9883e+00 -8.2220e-01 -2.5094e-01 +3.5508e+00 +1.4857e+00 -3.9435e+00 +3.6059e+00 +3.4197e+00 -9.5975e-01 -2.1042e-01 -7.2766e-01 -2.3481e+00 -1.4660e+00 +3.5385e+00 +2.7406e+00 -1.5315e+00
2 +6.153825049e+02 +6.153825049e+02 +6.879825049e+02 +6.879825049e+02 +4.3036e+00 -1.2657e+00 +3.0117e+00 +1.4237e+00 -5.0729e+00 -4.3187e-01 +3.1952e+00 +4.4227e+00 -1.7003e+00 +4.7659e-01 +2.1308e+00 +2.3675e+00 +7.2606e-01 -5.7636e-02 -2.9973e+00 -2.0314e+00 -3.9848e+00 +5.8286e+00 +3.7147e+00 -1.8895e+00
98 +3.691554495e+02 +3.691554495e+02 +4.417554495e+02 +4.417554495e+02 +2.7877e+00 -4.1367e+00 -8.9210e-01 +3.4959e+00 -4.3926e+00 -2.3534e+00 +5.0001e+00 +1.9336e+00 -1.5218e-01 -5.5003e+00 +4.6390e-01 +2.6208e+00 +1.2627e+00 -2.7691e+00 -1.6481e+00 -3.4993e+00 -2.4250e+00 +1.7814e+00 +6.1162e+00 -1.4221e+00
120 +1.468620477e+02 +1.468620477e+02 +2.194620477e+02 +2.194620477e+02 +2.3933e+00 -6.4078e+00 -1.7575e+00 +3.1076e+00 -6.4788e+00 +1.2665e+00 +2.7334e+00 +2.4014e+00 +1.2035e+00 -3.5582e+00 +9.4416e-01 +3.0115e+00 -5.6585e-01 -5.5109e-01 -4.0321e-01 +1.0326e+00 +8.7187e-01 -1.0504e-02 +4.2323e+00 +3.6552e-01
313 +9.482323093e+01 +9.482323093e+01 +1.674232309e+02 +1.674232309e+02 +3.2440e+00 -4.1511e+00 +1.3840e-02 +1.8703e+00 -4.1254e+00 +7.9843e-01 +3.5460e+00 +2.2278e+00 -1.7971e-01 -4.2038e+00 +8.0704e-01 +1.7569e+00 -5.8577e-01 -1.8967e+00 -1.0849e+00 +1.4379e+00 +2.5677e+00 -1.4932e+00 +3.2557e+00 +4.5272e-01
408 +6.191809503e+01 +6.191809503e+01 +1.345180950e+02 +1.345180950e+02 +2.5350e+00 -3.6050e+00 +9.0994e-01 +6.5343e-01 -4.9782e+00 +1.5408e+00 +2.8580e+00 +3.1613e+00 -8.1378e-01 -2.0842e+00 +3.1617e-01 +2.7143e+00 -3.5393e-01 -1.8136e+00 -5.5054e-01 +3.7335e-01 +1.5155e+00 +8.1067e-01 +2.9208e+00 -8.3492e-01
489 +3.535194402e+01 +3.535194402e+01 +1.079519440e+02 +1.079519440e+02 +1.8114e+00 -4.2583e+00 +1.3110e+00 +7.5815e-01 -4.3567e+00 +2.0544e+00 +2.5801e+00 +3.1925e+00 -1.5972e+00 -2.0411e+00 -4.7112e-02 +2.2539e+00 -1.6264e-01 -2.1938e+00 -7.8531e-01 +1.6932e+00 +2.8410e+00 -7.0120e-01 +1.9257e+00 -1.6459e-01
617 +2.272234277e+01 +2.272234277e+01 +9.532234277e+01 +9.532234277e+01 +1.1280e+00 -5.0301e+00 +1.7430e+00 -3.1444e-01 -3.8309e+00 +2.4289e+00 +1.2448e+00 +3.4807e+00 -1.0390e+00 -1.4032e+00 -1.2918e+00 +4.0262e+00 +1.4944e-01 -2.2332e+00 -1.2694e+00 +2.0092e+00 +2.3433e+00 -2.7035e-01 +1.0282e+00 +1.2471e+00
698 +1.367001600e+01 +1.367001600e+01 +8.627001600e+01 +8.627001600e+01 +1.3045e+00 -4.4061e+00 +2.2942e+00 +1.6192e-01 -3.6756e+00 +2.7656e+00 +2.5918e-01 +3.4691e+00 -1.4268e+00 -1.3928e+00 -2.1807e+00 +3.7523e+00 -6.0156e-01 -3.3457e+00 -7.6540e-01 +2.1015e+00 +2.7028e+00 -4.1182e-01 -3.3844e-01 +5.8231e-01
742 +9.481249401e+00 +9.481249401e+00 +8.208124940e+01 +8.208124940e+01 +7.2362e-01 -4.6871e+00 +2.9105e+00 -3.0247e-02 -3.3610e+00 +2.7554e+00 +6.5626e-01 +3.2807e+00 -1.1387e+00 -1.6618e+00 -2.6928e+00 +4.2864e+00 -2.0727e-01 -2.7603e+00 -1.5234e+00 +2.5828e+00 +2.5358e+00 -2.1900e-01 -3.2824e-01 +1.3968e+00
1748 +6.305995836e+00 +6.305995836e+00 +7.890599584e+01 +7.890599584e+01 +7.7001e-01 -4.8863e+00 +1.7862e+00 -5.2893e-01 -3.6955e+00 +3.2123e+00 +2.8625e-01 +3.7218e+00 -8.9656e-01 -1.3606e+00 -2.6974e+00 +3.8643e+00 -2.6824e-01 -2.3443e+00 -4.1251e-01 +3.0694e+00 +2.8354e+00 -4.2968e-01 -1.9590e-01 +1.6352e+00
3903 +3.538413647e+00 +3.538413647e+00 +7.613841365e+01 +7.613841365e+01 +2.9019e+00 -3.3818e+00 +2.1648e+00 -2.7695e-01 -3.5211e+00 +2.1629e+00 +8.4076e-02 +3.1327e+00 +5.9901e-01 -1.5737e+00 -2.3062e+00 +2.5665e+00 -1.2668e+00 -3.6636e+00 -1.0279e+00 +2.9278e+00 +2.4639e+00 -1.8230e-01 -1.2902e+00 +1.9491e+00
4043 +2.390348610e+00 +2.390348610e+00 +7.499034861e+01 +7.499034861e+01 +2.5892e+00 -3.3701e+00 +2.1660e+00 -3.9427e-01 -3.5334e+00 +2.5018e+00 -4.9626e-01 +3.0409e+00 +5.1289e-01 -1.4180e+00 -2.2428e+00 +2.7034e+00 -1.0734e+00 -3.5011e+00 -1.5040e+00 +3.2825e+00 +1.9171e+00 -1.3002e-01 -1.3565e+00 +2.2467e+00
4189 +1.501200762e+00 +1.501200762e+00 +7.410120076e+01 +7.410120076e+01 +2.7316e+00 -3.7631e+00 +1.8729e+00 -4.5086e-01 -3.7650e+00 +2.2269e+00 -4.7304e-01 +3.3624e+00 +2.2631e-01 -1.5296e+00 -2.3884e+00 +2.8400e+00 -1.2633e+00 -3.3720e+00 -1.3199e+00 +3.2219e+00 +2.0414e+00 -1.9853e-01 -1.3216e+00 +2.1484e+00
4416 +9.216246237e-01 +9.216246237e-01 +7.352162462e+01 +7.352162462e+01 +2.5728e+00 -3.8609e+00 +1.7864e+00 -2.6577e-01 -3.9034e+00 +2.2003e+00 -6.1548e-01 +3.3018e+00 +4.6494e-01 -1.4685e+00 -2.5080e+00 +2.8939e+00 -1.1426e+00 -3.4587e+00 -1.2390e+00 +3.1784e+00 +1.9321e+00 -2.0500e-01 -1.3193e+00 +2.0242e+00
4609 +6.175958913e-01 +6.175958913e-01 +7.321759589e+01 +7.321759589e+01 +2.4895e+00 -3.7133e+00 +1.8682e+00 -4.6148e-01 -3.8619e+00 +2.3415e+00 -6.7153e-01 +3.3046e+00 +3.4737e-01 -1.4820e+00 -2.5115e+00 +2.8472e+00 -1.1599e+00 -3.3700e+00 -1.3275e+00 +3.2876e+00 +1.8936e+00 -2.4791e-01 -1.3065e+00 +2.0085e+00
% function evaluation | noise-free fitness - Fopt (-6.773000000000e+01) | best noise-free fitness - Fopt | measured fitness | best measured fitness | x1 | x2...
1 +1.636025221e+03 +1.636025221e+03 +1.568295221e+03 +1.568295221e+03 +1.0426e-01 +2.5011e-03 -3.8510e+00 +1.8813e+00 +2.5413e+00 +1.9062e+00 -3.0077e+00 +1.6273e+00 -8.4737e-01 +3.5731e+00 -1.4605e+00 +1.5194e+00 -2.5953e-01 -1.4716e+00 +1.6425e+00 +3.7401e+00 -2.8776e+00 -1.8361e+00 -3.9019e+00 -1.4042e+00
4 +1.495988118e+03 +1.495988118e+03 +1.428258118e+03 +1.428258118e+03 +1.7299e+00 -7.7298e-01 -3.5969e+00 -1.4832e-01 +7.0823e-01 +2.8511e+00 -1.2516e+00 -1.0504e+00 +1.9324e+00 +5.0832e+00 -2.5288e-01 +2.5636e+00 +1.4433e+00 -1.3663e+00 +2.4295e+00 +5.1600e+00 -2.2067e+00 +3.3773e-01 -4.8268e+00 -1.8457e+00
20 +9.147473958e+02 +9.147473958e+02 +8.470173958e+02 +8.470173958e+02 +6.5619e-01 +1.3225e+00 -2.3569e+00 +8.3151e-01 -1.9702e+00 +2.9135e-01 -1.2912e+00 +6.3963e-01 -4.3498e-01 +4.6809e+00 -6.7065e-01 +2.0587e+00 +1.5125e+00 -2.5113e+00 +1.2510e+00 +3.4585e+00 -2.5119e+00 -2.0091e+00 -7.2472e+00 -1.6253e+00
88 +5.512713962e+02 +5.512713962e+02 +4.835413962e+02 +4.835413962e+02 +1.5327e+00 +1.2475e+00 -1.2945e+00 -8.0551e-01 -1.9169e+00 -3.8376e-01 +2.9139e+00 +1.9863e+00 -1.7975e+00 +1.7269e+00 -5.3375e+00 -1.0271e+00 +3.6732e+00 -3.1763e-01 +2.3813e+00 -4.1208e-01 +1.9957e+00 -2.1136e+00 -6.1762e+00 -1.2159e+00
123 +3.599625034e+02 +3.599625034e+02 +2.922325034e+02 +2.922325034e+02 +2.5360e+00 +1.6286e+00 -2.2061e-01 +1.5073e-01 -4.7175e-01 -3.1401e-01 -9.5961e-01 +3.5925e+00 -2.1537e+00 +2.3808e+00 -1.3431e+00 -8.6467e-01 +2.5617e+00 -5.8430e-01 +1.4850e+00 +1.4114e-01 -6.1270e-02 +1.9592e+00 -5.7604e+00 -2.1873e+00
174 +1.986348176e+02 +1.986348176e+02 +1.309048176e+02 +1.309048176e+02 -7.9225e-01 +4.5313e-02 +9.3493e-01 -9.7801e-01 -1.2824e+00 -1.2090e+00 +6.2908e-01 +5.8139e-01 -1.6937e+00 +1.3003e+00 -3.2911e+00 +2.7551e-01 +9.6642e-03 +6.7487e-01 +8.2019e-01 -1.7521e+00 +6.3211e-01 +1.2435e+00 -3.0875e+00 -4.1251e+00
335 +1.430160746e+02 +1.430160746e+02 +7.528607461e+01 +7.528607461e+01 -1.4666e+00 -1.6363e+00 +3.3221e-02 +1.3926e+00 -3.6110e+00 -1.1254e+00 -2.4032e+00 -2.0288e+00 -1.7174e+00 +7.0297e-01 -1.7992e+00 +7.0391e-01 -3.8753e+00 -2.1099e-01 +3.3270e-01 -3.1623e+00 +6.7233e-01 +1.5016e+00 -2.0813e+00 -2.6877e+00
374 +9.558477765e+01 +9.558477765e+01 +2.785477765e+01 +2.785477765e+01 +9.1108e-01 -1.4882e+00 +1.2436e+00 +1.7402e+00 -4.2613e+00 -1.6503e+00 -2.9906e+00 -1.5267e+00 -1.7365e+00 +2.7259e-01 -9.0385e-01 +1.1868e+00 -2.4658e+00 -1.6464e-01 +1.6475e+00 -2.8470e+00 +9.2485e-01 +1.5068e+00 -6.7261e-01 -3.8467e+00
483 +6.068035463e+01 +6.068035463e+01 -7.049645374e+00 -7.049645374e+00 -1.3427e-02 -2.1615e+00 +1.7839e+00 -6.8467e-01 -3.9802e+00 -3.2410e+00 -2.7568e+00 -2.9474e+00 -1.4071e+00 -8.7636e-02 -2.0416e+00 +9.0240e-01 -3.1765e+00 -3.2624e-01 +8.5109e-01 -4.3423e+00 +9.7246e-01 +7.2119e-01 +1.1788e+00 -2.9903e+00
628 +3.781357749e+01 +3.781357749e+01 -2.991642251e+01 -2.991642251e+01 +4.2587e-01 -1.3375e+00 +2.2984e+00 -6.7572e-01 -4.4338e+00 -1.8527e+00 -2.6061e+00 -2.4882e+00 -1.2651e+00 -8.8704e-01 -4.7742e-01 +3.4867e-01 -4.4807e+00 -4.3437e-03 +1.7784e-01 -3.6625e+00 +1.7304e+00 +3.4955e-01 +2.3659e-01 -2.5442e+00
797 +2.402363024e+01 +2.402363024e+01 -4.370636976e+01 -4.370636976e+01 +2.2669e-01 -5.7353e-01 +1.8082e+00 -1.2967e+00 -4.5105e+00 -1.8884e+00 -3.6632e+00 -2.5480e+00 -5.1997e-01 -1.1865e+00 +4.3711e-01 +2.0303e-01 -3.9318e+00 +1.7560e-01 +2.2729e-02 -3.4968e+00 +1.9218e+00 +3.9013e-01 -5.1961e-02 -1.7621e+00
879 +1.517799669e+01 +1.517799669e+01 -5.255200331e+01 -5.255200331e+01 +6.2340e-01 -4.5157e-01 +1.6430e+00 -1.3768e+00 -4.3510e+00 -1.6303e+00 -3.7371e+00 -2.7889e+00 -7.8376e-01 -1.1184e+00 +5.5313e-01 +4.3655e-01 -3.4010e+00 +4.4295e-01 +4.9244e-01 -3.1776e+00 +2.3399e+00 +8.1311e-02 -6.6167e-03 -1.8117e+00
1055 +9.983063998e+00 +9.983063998e+00 -5.774693600e+01 -5.774693600e+01 +9.2360e-01 -6.6260e-01 +1.4782e+00 -1.6699e+00 -4.2975e+00 -1.5337e+00 -3.7808e+00 -3.2724e+00 -8.8774e-01 -1.3923e+00 +7.0556e-01 +5.3846e-01 -3.1184e+00 +1.1000e+00 +2.9596e-01 -3.8516e+00 +2.9343e+00 +2.8274e-02 +1.0805e-01 -1.5929e+00
1244 +5.724984785e+00 +5.724984785e+00 -6.200501521e+01 -6.200501521e+01 +7.6620e-01 -5.4331e-01 +1.1602e+00 -1.4267e+00 -4.1355e+00 -1.4807e+00 -4.1831e+00 -3.2075e+00 -6.8553e-01 -1.7456e+00 +1.6651e+00 +1.5326e-01 -3.2240e+00 +1.9810e+00 +5.5098e-01 -3.7195e+00 +3.1684e+00 +2.7403e-01 -1.3829e-01 -1.5224e+00
1526 +3.858274026e+00 +3.858274026e+00 -6.387172597e+01 -6.387172597e+01 +1.0494e+00 -2.5602e-01 +9.2910e-01 -1.6524e+00 -4.1086e+00 -1.2720e+00 -4.2613e+00 -3.4413e+00 -1.0668e+00 -1.4812e+00 +1.5418e+00 +9.3439e-01 -3.1623e+00 +2.2979e+00 +8.9770e-01 -3.7751e+00 +3.7518e+00 +4.6375e-01 +1.0130e-01 -1.0956e+00
10338 +2.442815146e+00 +2.442815146e+00 -6.528718485e+01 -6.528718485e+01 +1.2812e+00 -3.2106e-01 -5.5132e-02 -1.6004e+00 -3.6106e+00 -4.9256e-01 -3.4398e+00 -3.5642e+00 -1.4385e+00 -1.7287e+00 +1.2475e+00 +2.1784e-01 -1.9040e+00 +2.6586e+00 +3.0842e-01 -3.3362e+00 +3.1100e+00 +1.2886e+00 +3.2822e-02 -1.2657e+00
236313 +1.582568632e+00 +1.582568632e+00 -6.614743137e+01 -6.614743137e+01 +9.1539e-01 +3.9701e-02 +1.7054e-01 -1.6776e+00 -3.6135e+00 -7.1198e-01 -3.3327e+00 -3.1648e+00 -5.4198e-01 -1.6431e+00 +1.6716e+00 -1.6152e-01 -2.6111e+00 +2.8509e+00 +9.8868e-01 -3.3146e+00 +4.2488e+00 +8.3782e-01 -2.2164e-01 -7.9561e-01
525482 +9.527065486e-01 +9.527065486e-01 -6.677729345e+01 -6.677729345e+01 +1.5736e+00 +2.9066e-01 -6.8853e-01 -1.2675e+00 -3.0129e+00 -6.8637e-01 -3.7911e+00 -2.5124e+00 -8.2266e-01 -1.6892e+00 +1.9622e+00 +1.9097e-01 -2.6073e+00 +3.3856e+00 +3.4137e-01 -3.1898e+00 +3.9476e+00 +1.6099e+00 -1.0744e+00 +5.8470e-02
648511 +5.250278897e-01 +5.250278897e-01 -6.720497211e+01 -6.720497211e+01 +1.5025e+00 +2.6455e-01 -2.4900e-01 -1.6850e+00 -3.4233e+00 -5.1067e-01 -3.7321e+00 -2.8082e+00 -7.5067e-01 -1.7623e+00 +1.7774e+00 +6.8493e-02 -2.6139e+00 +2.8336e+00 +4.8533e-01 -3.1277e+00 +4.0611e+00 +1.2189e+00 -8.9798e-01 -2.6377e-01
648526 +3.725613196e-01 +3.725613196e-01 -6.735743868e+01 -6.735743868e+01 +1.4147e+00 +2.6688e-01 -3.1415e-01 -1.6436e+00 -3.4762e+00 -4.7222e-01 -3.7014e+00 -2.7729e+00 -7.4853e-01 -1.8246e+00 +1.8774e+00 +6.6794e-02 -2.5826e+00 +2.9612e+00 +4.7585e-01 -3.1108e+00 +4.0465e+00 +1.3218e+00 -9.2182e-01 -2.2615e-01
648672 +2.472665017e-01 +2.472665017e-01 -6.748273350e+01 -6.748273350e+01 +1.5648e+00 +1.9962e-01 -3.4719e-01 -1.6647e+00 -3.4097e+00 -5.3002e-01 -3.7399e+00 -2.7154e+00 -7.5545e-01 -1.8289e+00 +1.8306e+00 +4.8906e-02 -2.5979e+00 +2.9233e+00 +5.7867e-01 -3.0730e+00 +4.0310e+00 +1.2364e+00 -8.8563e-01 -2.2892e-01
648792 +1.481621596e-01 +1.481621596e-01 -6.758183784e+01 -6.758183784e+01 +1.5568e+00 +2.1366e-01 -2.4923e-01 -1.5743e+00 -3.4264e+00 -5.1504e-01 -3.8183e+00 -2.7216e+00 -7.7872e-01 -1.8343e+00 +1.8985e+00 +1.0961e-01 -2.6120e+00 +2.9660e+00 +5.9068e-01 -3.1208e+00 +4.0223e+00 +1.3116e+00 -9.2417e-01 -1.9932e-01
649056 +9.989954679e-02 +9.989954679e-02 -6.763010045e+01 -6.763010045e+01 +1.6088e+00 +2.1741e-01 -2.6124e-01 -1.4983e+00 -3.3701e+00 -5.3318e-01 -3.8053e+00 -2.7376e+00 -7.8025e-01 -1.8247e+00 +1.9000e+00 +6.4693e-02 -2.5917e+00 +3.0826e+00 +5.7491e-01 -3.1361e+00 +3.9952e+00 +1.2648e+00 -9.3314e-01 -2.0263e-01
649344 +5.192316422e-02 +5.192316422e-02 -6.767807684e+01 -6.767807684e+01 +1.5770e+00 +1.5845e-01 -3.1270e-01 -1.4605e+00 -3.3224e+00 -5.4527e-01 -3.7906e+00 -2.7079e+00 -8.0844e-01 -1.7995e+00 +1.8801e+00 +6.9001e-02 -2.5896e+00 +3.1132e+00 +5.2750e-01 -3.1390e+00 +3.9327e+00 +1.3182e+00 -9.1401e-01 -2.2372e-01
