% f evaluations | g evaluations | best noise-free fitness - Fopt | noise-free fitness - Fopt (7.135000000000e+01) | measured fitness | best measured fitness | x1 | x2...
1 0 +7.357246449e+01 +7.357246449e+01 +1.449224645e+02 +1.449224645e+02 +0.0000e+00 +0.0000e+00 +0.0000e+00 +0.0000e+00 +0.0000e+00 +0.0000e+00 +0.0000e+00 +0.0000e+00 +0.0000e+00 +0.0000e+00 +0.0000e+00 +0.0000e+00 +0.0000e+00 +0.0000e+00 +0.0000e+00 +0.0000e+00 +0.0000e+00 +0.0000e+00 +0.0000e+00 +0.0000e+00
4 0 +7.144958679e+01 +7.144958679e+01 +1.427995868e+02 +1.427995868e+02 +8.2683e-01 -1.2387e+00 -4.4649e+00 -1.5928e+00 -3.1901e+00 +3.7522e-01 -4.1161e-01 +2.5401e+00 +4.6382e+00 -2.5350e+00 +3.0878e+00 +4.9821e+00 -2.4646e+00 +8.0680e-01 -1.0736e-01 -3.9649e+00 +4.7435e+00 -3.1694e+00 -1.9692e+00 -1.1620e+00
8 0 +5.910031092e+01 +5.910031092e+01 +1.304503109e+02 +1.304503109e+02 -1.6585e+00 -3.3049e-01 +1.0013e+00 -4.1554e+00 -2.7660e+00 -4.2825e+00 +3.8667e+00 -2.0972e+00 -1.1313e-01 +4.9883e-01 +2.8792e+00 +2.4150e+00 +3.9708e+00 +4.3182e+00 -3.7256e-01 +2.3759e+00 +2.6478e+00 +6.5024e-01 -1.5858e+00 +5.0617e-01
21 0 +3.949636849e+01 +3.949636849e+01 +1.108463685e+02 +1.108463685e+02 +3.3291e+00 -2.3719e+00 -4.4257e+00 +3.3456e+00 +1.0474e+00 +4.0647e+00 -1.9460e+00 -3.9375e+00 +2.6781e+00 -9.8583e-01 -4.2697e+00 +3.4993e+00 -3.6488e+00 -2.4944e+00 +2.6004e+00 -4.6851e-01 +3.7401e-01 +3.8595e+00 -3.3726e-01 -1.1247e+00
105 0 +2.672159273e+01 +2.672159273e+01 +9.807159273e+01 +9.807159273e+01 -2.4530e+00 -4.5733e+00 +2.4914e+00 +1.6168e+00 -5.8773e+00 +4.3696e+00 -3.4348e+00 -1.5780e+00 +9.8634e-01 -1.2728e+00 +1.1381e-01 -1.0739e+00 -5.1508e-02 -3.1495e-01 -2.2525e+00 +3.8265e+00 -3.9876e+00 -2.7883e-01 -2.7116e+00 +3.4037e+00
816 0 +2.594279046e+01 +2.594279046e+01 +9.729279046e+01 +9.729279046e+01 -4.1306e+00 +4.3576e+00 +3.3407e+00 -3.5684e+00 -2.5067e-01 -1.7907e+00 -5.7963e+00 +1.6301e+00 +3.0180e+00 +2.7989e+00 +1.3811e+00 +4.2466e-01 -3.8435e+00 -1.8516e+00 -3.0679e+00 +5.9342e-01 -4.8311e+00 -1.7619e+00 -5.0151e+00 +2.4886e+00
2736 0 +2.302378434e+01 +2.302378434e+01 +9.437378434e+01 +9.437378434e+01 -4.1306e+00 +2.5530e+00 -2.4776e+00 -3.5684e+00 -2.5067e-01 -1.7907e+00 -5.7963e+00 -3.2568e+00 +3.0180e+00 +1.9962e+00 +1.3811e+00 -2.2693e+00 -3.8435e+00 -1.6377e+00 -2.1533e+00 +5.9342e-01 -1.1747e+00 -1.7619e+00 -6.1770e+00 +1.6248e+00
10080 0 +2.230157652e+01 +2.230157652e+01 +9.365157652e+01 +9.365157652e+01 +3.5801e-01 +1.3486e+00 +2.6895e+00 +2.0328e+00 +1.2097e+00 +9.6698e-01 -2.7009e+00 +2.4200e+00 -1.2980e+00 -4.0601e-01 -8.4097e-01 -1.1756e+00 +1.5731e+00 -2.3310e+00 -2.9261e+00 +3.2886e-01 -1.2789e+00 -3.1017e+00 -8.9940e-01 -2.8377e+00
24774 0 +1.807897208e+01 +1.807897208e+01 +8.942897208e+01 +8.942897208e+01 +1.3308e+00 +3.6038e+00 +4.3465e-01 +9.5219e-01 -5.2491e+00 +2.9665e+00 +1.3601e+00 +1.2060e+00 +4.8249e+00 +5.5953e+00 +3.9084e+00 -8.7145e-01 +1.4218e-02 -6.1664e+00 -3.5542e+00 -1.8581e+00 -3.4708e+00 +3.6486e-01 -5.3549e+00 +1.7482e+00
161462 0 +1.391731760e+01 +1.391731760e+01 +8.526731760e+01 +8.526731760e+01 -4.2721e+00 +2.6852e+00 +9.2231e-01 -4.4469e+00 -6.8685e-01 -4.0132e+00 -2.5597e+00 -9.8880e-01 +2.7536e+00 +4.9516e+00 +5.6510e+00 +3.4778e+00 +3.6482e+00 +1.0739e+00 +4.9907e+00 +1.3446e+00 +4.7828e+00 +1.5116e+00 +3.2931e+00 -5.5505e-01
% f evaluations | g evaluations | best noise-free fitness - Fopt | noise-free fitness - Fopt (-3.552200000000e+02) | measured fitness | best measured fitness | x1 | x2...
1 0 +6.508868155e+01 +6.508868155e+01 -2.901313185e+02 -2.901313185e+02 +0.0000e+00 +0.0000e+00 +0.0000e+00 +0.0000e+00 +0.0000e+00 +0.0000e+00 +0.0000e+00 +0.0000e+00 +0.0000e+00 +0.0000e+00 +0.0000e+00 +0.0000e+00 +0.0000e+00 +0.0000e+00 +0.0000e+00 +0.0000e+00 +0.0000e+00 +0.0000e+00 +0.0000e+00 +0.0000e+00
2 0 +4.990098440e+01 +4.990098440e+01 -3.053190156e+02 -3.053190156e+02 -1.2331e+00 +3.2603e+00 -2.4160e+00 +2.2749e+00 +4.8279e+00 +4.0706e+00 -2.6828e-01 -1.8635e-01 -3.3364e-01 +3.5622e+00 -2.4766e+00 -1.1223e+00 -2.3451e+00 +4.6401e+00 +4.9158e+00 -3.9392e+00 -2.5064e+00 -4.9155e+00 +1.5326e+00 +8.1297e-01
4 0 +3.618005398e+01 +3.618005398e+01 -3.190399460e+02 -3.190399460e+02 +1.8774e+00 -3.3332e+00 +4.7897e+00 -4.4129e+00 -2.6621e+00 +2.5185e+00 -2.9966e+00 -6.5572e-01 +1.1566e+00 -1.6381e+00 -2.9857e+00 +4.7578e+00 -2.4812e+00 -3.5424e+00 -2.9518e+00 -2.9302e+00 +3.8498e+00 -4.2184e+00 -5.8571e-01 +4.9115e+00
75 0 +2.759036916e+01 +2.759036916e+01 -3.276296308e+02 -3.276296308e+02 +4.7689e+00 -3.9043e+00 -8.6791e-01 -3.0625e+00 -7.5194e-01 -4.1578e+00 -2.5829e+00 -9.1496e-01 -3.1431e+00 +1.3808e+00 -3.0221e+00 +1.8809e+00 +1.1515e+00 -3.6829e+00 +2.3725e+00 -2.4425e+00 +1.7594e+00 -3.9358e+00 -3.8017e-01 -1.0844e+00
225 0 +2.279976958e+01 +2.279976958e+01 -3.324202304e+02 -3.324202304e+02 +3.3927e+00 +4.2879e+00 +1.0955e+00 +3.1521e+00 -9.8072e-01 +3.0671e+00 -1.4925e+00 -2.4156e+00 -3.5438e+00 +6.7131e-01 -2.2298e-03 +4.2866e+00 +1.7616e+00 +4.8722e+00 +1.4233e+00 -3.9556e+00 +2.5298e+00 -1.7480e+00 +3.0567e-01 +3.1836e+00
7031 0 +1.948711172e+01 +1.948711172e+01 -3.357328883e+02 -3.357328883e+02 +3.0011e+00 +2.2087e+00 -9.6248e-01 +1.2831e+00 -1.0624e+00 -3.3774e+00 -6.7848e-01 -5.5674e-01 -4.2492e+00 -1.7615e+00 -3.7592e+00 +4.4942e-01 +2.2723e+00 -4.1496e+00 -2.5948e-02 +1.1615e+00 +1.5393e+00 +2.8816e+00 -1.0056e+00 -1.0456e+00
168637 0 +1.897976972e+01 +1.897976972e+01 -3.362402303e+02 -3.362402303e+02 +5.3873e+00 +8.3815e-01 +5.1157e-01 +5.8388e-01 -4.4667e+00 +5.1072e-01 -1.4723e+00 +1.3952e+00 -5.1431e+00 -2.6439e+00 -2.9705e+00 +5.0458e-01 +4.0892e+00 -2.4838e+00 -5.6033e+00 -2.5633e-01 +5.1178e-01 -1.8056e+00 -2.6060e+00 -4.2939e-01
283436 0 +1.811241921e+01 +1.811241921e+01 -3.371075808e+02 -3.371075808e+02 +3.9507e+00 -2.0094e+00 +1.6287e+00 +5.1265e+00 +2.2213e+00 +3.9538e+00 -4.8269e+00 +1.8426e+00 +4.6921e+00 -4.9708e+00 -8.1495e-01 +6.2228e-01 +2.0050e+00 -5.0718e-01 -2.1509e+00 +3.0565e-02 -4.8758e+00 +3.3644e+00 +2.6582e+00 +5.1682e+00
371914 0 +1.695566147e+01 +1.695566147e+01 -3.382643385e+02 -3.382643385e+02 -6.8013e-01 -1.1113e-01 +3.0546e+00 +3.2178e-01 -2.2386e+00 +2.9274e+00 -4.7210e+00 +3.0331e+00 +1.8722e+00 +5.0427e+00 -2.1709e+00 -2.6893e-01 +2.5613e+00 +5.3746e+00 -1.9205e+00 -3.0239e+00 +1.9098e+00 +3.1906e+00 +7.8215e-01 +5.4062e+00
740947 0 +1.459426532e+01 +1.459426532e+01 -3.406257347e+02 -3.406257347e+02 +3.3516e+00 +3.8144e+00 -3.1436e+00 -1.0314e+00 -2.5841e+00 +3.2857e+00 -4.7632e-01 -3.7710e-02 +1.2128e+00 +1.8863e+00 +7.0618e-01 +1.7915e+00 +2.5904e-01 +1.1351e+00 -6.2940e-01 +5.6762e+00 -1.9687e+00 +1.5687e+00 +2.7352e+00 -1.9219e+00
% f evaluations | g evaluations | best noise-free fitness - Fopt | noise-free fitness - Fopt (9.917000000000e+01) | measured fitness | best measured fitness | x1 | x2...
1 0 +6.985921835e+01 +6.985921835e+01 +1.690292183e+02 +1.690292183e+02 +0.0000e+00 +0.0000e+00 +0.0000e+00 +0.0000e+00 +0.0000e+00 +0.0000e+00 +0.0000e+00 +0.0000e+00 +0.0000e+00 +0.0000e+00 +0.0000e+00 +0.0000e+00 +0.0000e+00 +0.0000e+00 +0.0000e+00 +0.0000e+00 +0.0000e+00 +0.0000e+00 +0.0000e+00 +0.0000e+00
3 0 +6.516930961e+01 +6.516930961e+01 +1.643393096e+02 +1.643393096e+02 -3.5569e+00 -1.2040e+00 -3.9592e+00 -4.5420e-01 -2.9725e+00 -4.4760e+00 -3.3049e+00 -6.2682e-01 -4.1399e+00 +4.5116e+00 -2.2732e+00 +3.6390e+00 +4.6932e+00 -1.4403e+00 -3.4966e+00 +6.3304e-01 +2.2505e+00 +4.0766e+00 -9.8521e-01 -1.7091e+00
7 0 +6.153448164e+01 +6.153448164e+01 +1.607044816e+02 +1.607044816e+02 -2.9140e+00 +1.6415e+00 +2.5679e-01 +3.4060e+00 -4.9376e+00 -1.5862e+00 +4.4269e+00 -1.9130e+00 +4.1600e+00 -2.1357e-01 +4.0622e+00 +1.3153e+00 +1.8668e+00 -3.1228e+00 -3.7470e+00 -3.7132e+00 +1.4333e+00 -1.0021e-01 +4.6244e+00 +3.8216e+00
10 0 +5.724933448e+01 +5.724933448e+01 +1.564193345e+02 +1.564193345e+02 +2.7239e+00 -3.4896e-01 +2.2266e+00 -3.4823e+00 -1.0581e+00 -2.6986e+00 -4.2163e+00 +1.9649e+00 +4.8213e-01 -7.5353e-01 -2.4784e+00 -6.8729e-03 +1.5514e+00 -1.0300e+00 -2.9732e-01 -7.0003e-01 +3.2792e+00 -4.3618e+00 -2.5981e+00 -6.3554e-01
18 0 +5.565724055e+01 +5.565724055e+01 +1.548272406e+02 +1.548272406e+02 +1.1528e+00 -4.2520e+00 +2.4540e+00 -2.7772e+00 -3.6493e+00 +8.5440e-01 +4.5617e+00 +4.1821e+00 -4.2459e+00 -4.9712e+00 -4.2381e-01 +3.5674e+00 +2.1516e+00 +4.8677e+00 -4.7786e+00 +5.8596e-01 +4.0951e+00 +1.4099e+00 -2.9858e-01 -3.1552e+00
25 0 +4.405214793e+01 +4.405214793e+01 +1.432221479e+02 +1.432221479e+02 +3.9579e+00 +3.6389e+00 -4.0108e+00 -2.3388e+00 +1.0487e+00 -5.1545e-02 +4.3803e+00 -4.6876e+00 +3.8503e-01 -3.7384e+00 +1.9670e+00 +4.7860e+00 +1.5101e+00 +2.5038e+00 +1.7162e+00 -2.0273e+00 -4.6290e+00 -7.7774e-01 -2.7100e+00 +3.6054e+00
29 0 +4.346736615e+01 +4.346736615e+01 +1.426373662e+02 +1.426373662e+02 +2.1410e+00 +2.3852e+00 -2.0973e+00 +1.5593e+00 -1.2757e+00 -2.9165e+00 +2.3141e+00 -4.2399e+00 +2.3346e+00 -2.0526e+00 +2.4873e+00 -5.8872e-01 -1.1704e+00 -5.3330e-01 -3.3464e+00 +4.6988e+00 -4.8635e-02 -6.8344e-01 +4.6580e-01 +3.1209e+00
69 0 +3.052988040e+01 +3.052988040e+01 +1.296998804e+02 +1.296998804e+02 -1.3645e+00 +2.2789e+00 -4.4247e-01 +3.5739e+00 -1.8002e+00 +3.6108e+00 +1.5633e-01 +1.1671e+00 -4.2471e+00 +2.8358e-01 +2.4532e+00 +1.1447e+00 +4.1733e-01 +5.0110e-01 -1.0937e+00 -3.3805e+00 +4.0852e+00 -2.0529e+00 +1.1409e+00 -2.8210e-01
706 0 +3.007596283e+01 +3.007596283e+01 +1.292459628e+02 +1.292459628e+02 -2.6655e-01 +5.1107e+00 +2.2538e+00 +3.0040e-01 +4.2762e+00 -1.6707e+00 -2.2238e+00 +4.1535e+00 +3.8393e+00 -5.6027e+00 -3.6081e+00 -3.1703e+00 -3.1230e-01 +4.4136e+00 +1.6609e+00 +4.4535e+00 +2.8504e+00 -2.6844e+00 +2.4248e-01 +2.4907e+00
868 0 +2.808793769e+01 +2.808793769e+01 +1.272579377e+02 +1.272579377e+02 +1.1008e+00 +2.1584e+00 +2.0326e+00 +3.5202e+00 -1.8670e+00 +9.0835e-01 +2.8704e+00 -1.4515e+00 +7.5277e-02 +2.1804e+00 +3.8858e+00 +4.1176e+00 -7.6849e+00 -3.6249e+00 -1.6782e+00 -5.3037e+00 +2.8734e+00 +3.4608e+00 -1.6653e+00 +1.5357e+00
1117 0 +2.745469670e+01 +2.745469670e+01 +1.266246967e+02 +1.266246967e+02 +1.4367e+00 -2.8383e+00 +4.7161e+00 +2.2628e+00 -3.8000e+00 +3.4750e+00 +1.8096e+00 -2.0558e+00 -3.4353e+00 +4.4535e+00 -1.6691e+00 +3.5616e+00 -1.1933e+00 +3.5784e+00 +2.4246e+00 -3.1580e+00 +2.2622e+00 -1.8011e+00 -5.9243e-01 +2.0245e+00
1272 0 +2.677531579e+01 +2.677531579e+01 +1.259453158e+02 +1.259453158e+02 -1.7865e+00 -4.0826e-01 +3.6812e+00 -6.1811e+00 -1.3770e+00 -3.3473e+00 +2.2359e+00 +2.9073e+00 -2.4825e+00 +3.8088e-01 -4.7284e+00 +4.2742e+00 +1.8385e-04 -5.3429e+00 -7.8938e-02 +3.2384e-01 +3.3779e+00 +1.3132e+00 +2.4562e+00 -3.9617e+00
12803 0 +2.014000473e+01 +2.014000473e+01 +1.193100047e+02 +1.193100047e+02 +1.1714e+00 -1.9777e+00 -1.3032e-01 -2.9776e+00 -3.1365e+00 -4.9196e+00 +3.1877e+00 +8.3735e-01 -3.9231e+00 +6.0424e-01 -6.7830e-01 -2.9264e+00 +1.3280e+00 +3.1853e+00 -2.2460e-01 +1.8440e+00 +3.7498e+00 -1.7267e+00 -7.8581e-01 +7.5010e-01
16165 0 +1.902307910e+01 +1.902307910e+01 +1.181930791e+02 +1.181930791e+02 -4.4428e+00 +1.7356e+00 +5.0575e+00 +4.0336e-01 -3.4376e+00 -8.5890e-01 -1.8101e-01 -1.0185e+00 +1.8638e+00 +3.4886e+00 -3.1001e+00 +1.1059e+00 -5.6475e+00 -7.4008e-01 +2.5131e+00 -5.5503e+00 +3.5565e+00 -4.1833e+00 +1.7810e+00 -3.3941e+00
77653 0 +1.843678463e+01 +1.843678463e+01 +1.176067846e+02 +1.176067846e+02 +3.2493e+00 -2.3559e-01 -2.8280e+00 -4.1104e+00 +2.1886e+00 +4.0854e+00 -1.8747e+00 -2.0391e+00 -1.3314e+00 +9.8262e-01 -2.2025e+00 +1.8131e+00 +4.1831e+00 -1.3424e+00 -1.4921e+00 -4.9328e+00 +3.4854e+00 -2.4419e+00 +2.6468e+00 -1.8549e+00
940155 0 +1.564910561e+01 +1.564910561e+01 +1.148191056e+02 +1.148191056e+02 +1.2260e+00 -2.1421e-01 -3.1837e+00 -5.0739e+00 +1.5662e+00 +2.5077e+00 -3.9170e+00 +4.4153e+00 -3.6553e+00 +1.1352e+00 -1.6078e+00 +3.5978e+00 +5.5681e+00 -4.4563e+00 -3.1281e+00 -6.0647e+00 -3.3324e+00 -3.9698e+00 +2.0352e-01 -2.3204e+00
% f evaluations | g evaluations | best noise-free fitness - Fopt | noise-free fitness - Fopt (-5.179100000000e+02) | measured fitness | best measured fitness | x1 | x2...
1 0 +6.469127597e+01 +6.469127597e+01 -4.532187240e+02 -4.532187240e+02 +0.0000e+00 +0.0000e+00 +0.0000e+00 +0.0000e+00 +0.0000e+00 +0.0000e+00 +0.0000e+00 +0.0000e+00 +0.0000e+00 +0.0000e+00 +0.0000e+00 +0.0000e+00 +0.0000e+00 +0.0000e+00 +0.0000e+00 +0.0000e+00 +0.0000e+00 +0.0000e+00 +0.0000e+00 +0.0000e+00
8 0 +6.300737042e+01 +6.300737042e+01 -4.549026296e+02 -4.549026296e+02 -4.0569e-01 +8.7439e-01 -2.6358e+00 -3.9395e+00 -4.3466e+00 +1.4975e+00 -1.5615e+00 +3.5574e+00 +1.1931e+00 +4.8635e+00 -4.0980e+00 +2.4562e+00 +2.6651e+00 +2.0037e+00 +2.1758e+00 -6.0294e-01 +8.7917e-02 -4.2250e+00 +1.9595e+00 +3.2621e+00
19 0 +4.128407911e+01 +4.128407911e+01 -4.766259209e+02 -4.766259209e+02 +2.0474e+00 -7.5956e-01 -2.4589e+00 +2.6304e+00 +3.0758e-01 +8.4266e-01 -4.8976e+00 -3.7988e+00 +1.8283e+00 +1.7359e+00 -4.7895e+00 -4.9026e+00 -6.3784e-01 -1.8967e+00 -1.3624e+00 -2.7159e+00 -3.5765e+00 +1.0285e+00 +3.9429e+00 +3.4131e+00
204 0 +4.005647662e+01 +4.005647662e+01 -4.778535234e+02 -4.778535234e+02 +3.5201e+00 -2.7262e+00 +1.0539e+00 -1.7711e+00 +3.9057e+00 -2.7865e+00 +1.4279e+00 -3.8639e+00 +4.7858e+00 -2.2841e+00 -1.2243e+00 -4.2206e-01 +3.5355e+00 +3.9305e+00 -4.4755e+00 +1.4996e+00 +2.3977e-02 -4.0692e-01 -4.4964e+00 -4.0787e+00
327 0 +2.899874388e+01 +2.899874388e+01 -4.889112561e+02 -4.889112561e+02 -7.4042e-01 +2.5165e-02 -2.0647e+00 -1.5669e+00 -8.2886e-01 +1.4392e+00 +1.0835e+00 -2.0651e+00 +1.4770e+00 -1.4436e+00 -1.7832e+00 -1.9839e+00 +2.7967e+00 +1.3286e+00 +3.6989e+00 -9.8679e-02 -4.5726e-01 +3.3999e+00 -3.2699e+00 +1.4364e+00
4248 0 +2.746233070e+01 +2.746233070e+01 -4.904476693e+02 -4.904476693e+02 -3.5396e+00 +3.9923e+00 +2.7802e+00 -2.7785e-01 +1.5197e-01 -4.6490e+00 +5.6591e-01 +1.6154e+00 +3.3020e+00 -4.2189e+00 -1.9204e-01 -6.3306e-01 -1.1307e+00 -1.4109e+00 +4.0458e+00 -9.5148e-01 +2.3207e-01 -2.6666e-01 +4.4001e+00 +5.0577e+00
6032 0 +2.491985568e+01 +2.491985568e+01 -4.929901443e+02 -4.929901443e+02 +2.7418e+00 -1.0134e-01 +4.7548e+00 +9.9977e-01 -1.5107e+00 +1.5426e+00 +2.8011e+00 -1.6678e+00 +5.8799e-01 +1.9401e+00 -9.1114e-01 +2.7526e+00 +2.0248e+00 -3.7308e+00 -1.5525e+00 -4.2766e+00 +3.3588e+00 -4.0608e+00 +1.0680e+00 -1.2002e-01
12770 0 +2.431281808e+01 +2.431281808e+01 -4.935971819e+02 -4.935971819e+02 -3.9586e-01 -1.5773e+00 -3.5368e+00 +3.1361e-01 -3.2058e+00 -3.5750e+00 +2.8907e+00 +2.7894e+00 -9.7238e-01 -2.5774e-01 -2.0130e+00 -1.4068e+00 -6.8136e-01 +5.9599e+00 +6.2315e+00 -3.2650e+00 +2.1152e+00 -2.1271e+00 -1.3203e+00 -1.7388e+00
29358 0 +2.081064214e+01 +2.081064214e+01 -4.970993579e+02 -4.970993579e+02 +2.2165e+00 +3.9376e+00 +1.5817e-01 +1.9443e+00 +1.9414e+00 +2.4124e+00 -4.3492e+00 +3.9992e+00 +1.3186e+00 +4.2141e+00 -5.1662e+00 -3.2980e+00 +1.7213e+00 -4.7047e+00 -2.2966e+00 +1.1481e+00 +4.9389e+00 +2.2629e+00 -4.0061e+00 +2.4117e+00
30814 0 +1.927979128e+01 +1.927979128e+01 -4.986302087e+02 -4.986302087e+02 +8.3212e-01 -7.6867e-01 +2.6963e-01 +3.1959e+00 +2.6813e+00 +2.7572e+00 -1.4278e+00 +2.1643e+00 -8.0903e-01 +1.0084e+00 +6.4094e+00 -3.4048e+00 +4.9033e+00 -1.4536e+00 +4.2926e+00 -6.3033e+00 +1.3114e+00 +1.2219e+00 +2.1255e+00 -1.1253e+00
98754 0 +1.896938956e+01 +1.896938956e+01 -4.989406104e+02 -4.989406104e+02 +5.4091e+00 -2.0764e+00 -2.3510e+00 +2.1014e+00 +2.8457e+00 -5.4494e+00 -2.2713e+00 +9.2472e-01 -4.1633e+00 -9.8286e-01 +2.9992e+00 -2.4123e+00 -2.7570e-01 -4.1393e+00 +3.1826e+00 -6.8955e+00 +3.6259e+00 +5.9546e-01 -2.5140e+00 +9.5189e-02
137596 0 +1.690133553e+01 +1.690133553e+01 -5.010086645e+02 -5.010086645e+02 +2.8283e+00 -4.7533e-01 -2.8277e-01 +3.7314e-01 -2.0140e+00 +1.9070e+00 -4.1238e+00 +1.0875e+00 -5.0619e-02 -1.1526e+00 -3.4976e+00 -2.0737e+00 -9.7058e-02 +1.9211e+00 +6.2239e+00 -2.4335e+00 +7.1490e-03 -1.9772e+00 -8.4763e-01 +2.0503e-02
549598 0 +1.436355890e+01 +1.436355890e+01 -5.035464411e+02 -5.035464411e+02 +8.3212e-01 -1.0962e+00 +2.6963e-01 -4.5579e-01 -8.4310e-01 +2.7572e+00 +2.3261e+00 +2.1643e+00 +7.3027e-01 +1.0084e+00 +9.5682e-01 -3.4048e+00 +4.9033e+00 -2.0486e+00 +3.0388e+00 +3.6753e+00 +1.3114e+00 +1.2219e+00 -3.9693e+00 -1.1253e+00
856332 0 +1.399415724e+01 +1.399415724e+01 -5.039158428e+02 -5.039158428e+02 -5.2459e+00 +2.2593e+00 -3.1069e+00 -1.6225e+00 -3.1826e-01 +3.3677e+00 +5.3735e+00 +4.1311e+00 +1.4286e-01 -2.9912e+00 +3.4358e+00 +2.1891e+00 +4.3011e+00 +2.1426e+00 +3.9115e+00 -7.2790e-01 +9.4818e-01 +6.0210e+00 +1.9007e+00 -6.3170e+00
1953340 0 +1.369138664e+01 +1.369138664e+01 -5.042186134e+02 -5.042186134e+02 -2.6851e+00 -1.2249e+00 -2.9551e+00 -3.0935e+00 +1.4169e+00 +1.9070e+00 -4.1238e+00 +1.0875e+00 -2.6716e+00 +1.2242e+00 -3.4976e+00 -1.9996e+00 +2.5156e+00 +1.9211e+00 +5.7364e+00 -3.7809e+00 +7.1490e-03 -1.3853e+00 -8.4763e-01 +8.5417e-01
% f evaluations | g evaluations | best noise-free fitness - Fopt | noise-free fitness - Fopt (-5.721000000000e+01) | measured fitness | best measured fitness | x1 | x2...
1 0 +8.082507635e+01 +8.082507635e+01 +2.361507635e+01 +2.361507635e+01 +0.0000e+00 +0.0000e+00 +0.0000e+00 +0.0000e+00 +0.0000e+00 +0.0000e+00 +0.0000e+00 +0.0000e+00 +0.0000e+00 +0.0000e+00 +0.0000e+00 +0.0000e+00 +0.0000e+00 +0.0000e+00 +0.0000e+00 +0.0000e+00 +0.0000e+00 +0.0000e+00 +0.0000e+00 +0.0000e+00
2 0 +6.896033039e+01 +6.896033039e+01 +1.175033039e+01 +1.175033039e+01 -4.6514e+00 -1.8332e+00 -4.0251e+00 +3.1234e+00 +3.3913e+00 -2.2228e+00 +8.4271e-01 -8.1633e-01 +1.2783e+00 +1.8618e+00 -1.5755e+00 -1.0792e+00 -4.1684e+00 +4.5187e+00 -1.5250e+00 +8.3200e-01 +3.3118e+00 -1.8415e+00 -2.9987e+00 -6.4469e-01
18 0 +5.665321867e+01 +5.665321867e+01 -5.567813334e-01 -5.567813334e-01 -2.1340e+00 +3.0039e+00 -4.4439e+00 +4.5376e-01 +3.3321e+00 -1.9077e+00 -2.1386e+00 -1.3609e-01 +3.4767e+00 +2.5840e+00 +4.2155e+00 -6.2368e-02 -3.2201e+00 -1.1998e-01 -3.9977e+00 +4.2950e+00 +7.5263e-01 -1.0478e+00 -9.7290e-01 -2.2254e+00
19 0 +5.468648223e+01 +5.468648223e+01 -2.523517768e+00 -2.523517768e+00 -1.2069e+00 -1.2336e-02 +3.2371e+00 +1.0151e-01 -4.0382e+00 +4.5862e+00 -2.2732e+00 -3.5860e+00 -3.9846e+00 -3.7963e+00 -1.9239e+00 +1.7246e+00 -2.1211e-01 -4.5779e+00 -6.3258e-01 -1.9238e+00 +8.0800e-01 -3.7437e+00 +5.0564e-01 -2.0165e+00
22 0 +5.340310233e+01 +5.340310233e+01 -3.806897667e+00 -3.806897667e+00 +6.2455e-01 -1.4479e+00 -1.6574e+00 -4.1555e-01 -1.4025e+00 +1.8897e+00 -4.3035e+00 +1.6214e+00 -2.6368e+00 +4.0610e+00 +3.8162e-01 -3.3928e+00 +4.9354e+00 +1.9139e+00 +4.2718e-01 +1.1702e+00 -1.6947e+00 -8.5036e-01 +1.2339e+00 +3.3128e+00
38 0 +4.795268375e+01 +4.795268375e+01 -9.257316250e+00 -9.257316250e+00 +2.8181e+00 +3.9614e+00 +3.8580e+00 -4.4735e+00 +4.0792e+00 -3.5703e-01 +3.8006e+00 -1.8474e+00 -4.9351e+00 -3.7993e+00 -4.1563e+00 -3.3588e+00 -3.2762e-01 +1.7915e+00 +5.2215e-01 -1.3444e+00 -7.3089e-01 +4.7654e+00 +7.1780e-01 -6.2337e-01
113 0 +4.681762234e+01 +4.681762234e+01 -1.039237766e+01 -1.039237766e+01 -4.8314e-01 -4.1962e-01 -2.7349e+00 -2.9470e+00 +4.4891e+00 +2.1607e+00 +4.8776e+00 +2.5663e+00 -2.0929e+00 +1.7024e+00 -4.6086e-01 -4.0393e+00 +4.7904e+00 +1.1174e+00 +3.3816e+00 -3.4730e-01 +1.0439e-01 +2.3652e+00 -2.2116e+00 +3.2190e+00
139 0 +4.478010905e+01 +4.478010905e+01 -1.242989095e+01 -1.242989095e+01 -9.3293e-01 -4.8003e+00 -4.0352e-01 -1.1241e-01 -2.9123e+00 +3.0225e+00 -2.0623e-01 -5.8360e+00 -4.8964e+00 +1.1824e+00 -7.1745e-01 +2.0446e+00 -1.3257e+00 -2.4648e+00 -4.8661e+00 +2.6473e+00 -4.0677e+00 +9.9221e-01 +5.6794e-01 -2.8304e+00
180 0 +4.404161966e+01 +4.404161966e+01 -1.316838034e+01 -1.316838034e+01 +4.6365e-01 -2.4486e+00 +2.4292e+00 -2.3214e+00 -2.1080e+00 -5.6297e+00 -2.0168e+00 -3.2793e+00 -8.4743e-01 +3.1468e+00 +1.3248e+00 -1.3916e+00 -3.9419e+00 +5.5877e-01 -1.1828e+00 -1.7380e+00 +2.3066e+00 +2.8454e+00 -5.8121e-01 +2.7972e+00
233 0 +4.280252883e+01 +4.280252883e+01 -1.440747117e+01 -1.440747117e+01 -9.1970e-01 +1.4114e+00 -3.5084e+00 +3.9545e-01 -4.8280e-01 +3.3775e-01 -1.3388e+00 +5.0326e+00 -4.4009e+00 -1.3696e+00 -3.9718e+00 -6.4312e-01 -1.3797e+00 +1.2741e+00 +2.2645e+00 -4.7039e+00 -1.4659e+00 -3.5965e+00 -2.6230e+00 +2.9295e+00
263 0 +4.182166430e+01 +4.182166430e+01 -1.538833570e+01 -1.538833570e+01 +2.4360e+00 -1.0587e-01 +5.1904e+00 -2.3944e+00 -2.5832e+00 -4.0075e+00 +2.3945e+00 -2.7584e+00 +5.4024e+00 -5.0528e+00 -4.3401e+00 +5.9843e+00 +5.1937e+00 -6.2116e-01 +3.0062e+00 -3.3873e+00 +1.7941e+00 -3.2632e+00 +2.0277e-01 +4.1216e+00
566 0 +3.665307848e+01 +3.665307848e+01 -2.055692152e+01 -2.055692152e+01 -1.6319e+00 +3.1278e-02 +3.6548e+00 +4.9764e+00 +6.7337e-02 -5.2453e+00 +2.8513e-01 -2.8250e+00 -3.0154e+00 -5.6771e-01 -1.5022e+00 +5.8385e+00 +4.4996e+00 +1.7708e+00 -3.7230e+00 +8.2861e-01 -8.0776e-01 -6.1772e+00 -2.6269e+00 -3.1675e+00
926 0 +3.077992876e+01 +3.077992876e+01 -2.643007124e+01 -2.643007124e+01 -3.3977e+00 -5.7750e+00 -5.0855e+00 -3.6958e+00 -3.7364e+00 -4.0662e+00 +4.1562e+00 +3.0683e+00 +6.4281e+00 -2.6157e+00 +2.4394e+00 -5.4654e-01 -5.2845e+00 +9.0402e-01 -3.6405e+00 +3.2502e+00 -2.1110e+00 -3.7671e-01 -1.2250e+00 -2.6548e+00
1136 0 +2.528063564e+01 +2.528063564e+01 -3.192936436e+01 -3.192936436e+01 +1.4031e+00 -1.5919e+00 +3.6903e+00 -2.0320e+00 -9.8673e-01 +3.5019e-01 +2.2590e+00 +3.0348e+00 +3.2940e+00 -3.8491e+00 -3.3348e+00 +2.6051e+00 -5.4108e+00 -2.1789e+00 +1.3852e+00 -1.5151e-01 +3.2249e+00 -2.7537e+00 +3.4467e+00 +4.9778e+00
15201 0 +2.510883769e+01 +2.510883769e+01 -3.210116231e+01 -3.210116231e+01 +2.3804e-01 -1.7298e+00 -2.3424e+00 +4.7392e+00 -1.8554e+00 -4.1259e+00 +1.6170e+00 -3.2065e+00 -4.9698e+00 +5.3807e-01 -8.9028e-01 -3.9837e-01 -9.6960e-01 -2.7772e+00 -1.2200e+00 +2.6524e+00 +3.2389e+00 +3.4357e+00 +9.3607e-01 -2.0854e+00
23748 0 +2.152894135e+01 +2.152894135e+01 -3.568105865e+01 -3.568105865e+01 -2.7145e+00 -3.4328e-01 +2.4963e+00 +2.6414e+00 +2.6300e+00 +2.5828e-01 +1.2522e+00 -6.3761e+00 -3.7316e-01 +1.4976e-01 -1.2166e-01 +1.5167e+00 -2.6161e+00 -4.7754e+00 +3.5496e+00 -4.6363e+00 -1.7058e+00 -5.4100e+00 -1.9239e-04 -2.1234e+00
36980 0 +2.058478812e+01 +2.058478812e+01 -3.662521188e+01 -3.662521188e+01 -4.9570e-01 -4.2643e+00 +5.8152e+00 +6.5658e+00 -3.0775e+00 +5.4528e+00 +2.4493e+00 +1.3062e+00 -2.9135e-01 -9.7441e-01 +2.9420e+00 -6.8602e-01 -6.0277e+00 +1.9142e+00 +2.2247e+00 +4.9333e+00 -3.5632e+00 -5.0375e+00 -3.0791e+00 +1.3950e+00
39518 0 +2.012678459e+01 +2.012678459e+01 -3.708321541e+01 -3.708321541e+01 -2.8144e+00 +4.0281e+00 -1.1655e+00 +1.8937e-01 -2.3356e+00 +2.3044e+00 -1.1186e+00 +3.0683e+00 +6.6423e-01 -5.1117e+00 -4.0241e+00 +1.3956e+00 -1.9266e+00 -4.1757e+00 +2.7346e+00 +3.2502e+00 -1.9569e+00 -2.9454e+00 +2.9953e+00 -2.0724e+00
308114 0 +1.947815653e+01 +1.947815653e+01 -3.773184347e+01 -3.773184347e+01 -5.1205e+00 +8.1063e-01 +4.4693e+00 -1.3458e+00 -1.7089e+00 +2.6321e+00 -7.5282e-01 -4.2210e+00 +1.8340e+00 +3.7967e+00 +2.4834e+00 -4.6125e-01 -3.9807e+00 -5.5720e+00 -2.0824e+00 +1.3747e+00 -5.1298e+00 -2.2020e+00 -1.3435e+00 -3.4821e+00
331897 0 +1.872073534e+01 +1.872073534e+01 -3.848926466e+01 -3.848926466e+01 -1.5456e+00 +3.5280e+00 +5.1061e+00 -4.1316e-01 -4.2075e+00 -5.5301e+00 -2.0816e+00 -3.9193e+00 +3.9871e+00 +2.5303e+00 -1.3460e+00 +2.2816e+00 +1.7997e+00 -3.1739e+00 -3.7022e+00 +1.7870e+00 +3.7980e+00 -1.8523e+00 +1.6785e+00 -2.7636e+00
414946 0 +1.742265339e+01 +1.742265339e+01 -3.978734661e+01 -3.978734661e+01 -3.6784e+00 +3.7488e+00 -4.8008e+00 +8.3152e-01 +4.0818e+00 -2.0011e+00 -2.2593e+00 +4.6989e+00 -5.9352e+00 -1.4156e+00 -6.3659e+00 +1.2597e+00 -3.0255e+00 -1.8112e+00 +1.9764e+00 -2.6242e+00 -3.7985e+00 -2.1326e+00 +1.6764e+00 +4.4847e-01
453930 0 +1.516711038e+01 +1.516711038e+01 -4.204288962e+01 -4.204288962e+01 -5.3463e-01 +8.1673e-01 -3.5873e+00 -3.0412e-01 +5.5836e-02 -3.6735e+00 +3.0630e+00 -4.6821e+00 +2.2901e+00 +9.6905e-01 -4.0137e+00 +1.0445e+00 +3.2441e+00 -1.3322e+00 -2.0660e+00 -2.3768e+00 +2.8576e+00 -1.1961e+00 +1.7936e+00 +5.9184e+00
1063058 0 +1.437130802e+01 +1.437130802e+01 -4.283869198e+01 -4.283869198e+01 +1.6606e+00 +8.1063e-01 +7.3798e-01 +7.7050e-01 +5.5116e+00 +5.7464e+00 -7.5282e-01 -1.8467e+00 -2.6859e+00 -1.2220e+00 +1.9887e+00 -4.6125e-01 -3.9807e+00 -7.4773e-01 -1.3771e+00 +1.3747e+00 -2.1636e+00 +3.4068e+00 +1.7007e+00 -3.4821e+00
% f evaluations | g evaluations | best noise-free fitness - Fopt | noise-free fitness - Fopt (6.626000000000e+01) | measured fitness | best measured fitness | x1 | x2...
1 0 +8.426409085e+01 +8.426409085e+01 +1.505240909e+02 +1.505240909e+02 +0.0000e+00 +0.0000e+00 +0.0000e+00 +0.0000e+00 +0.0000e+00 +0.0000e+00 +0.0000e+00 +0.0000e+00 +0.0000e+00 +0.0000e+00 +0.0000e+00 +0.0000e+00 +0.0000e+00 +0.0000e+00 +0.0000e+00 +0.0000e+00 +0.0000e+00 +0.0000e+00 +0.0000e+00 +0.0000e+00
2 0 +6.588560520e+01 +6.588560520e+01 +1.321456052e+02 +1.321456052e+02 -2.2230e+00 +4.9947e+00 -2.0210e-01 -1.9134e+00 +1.1913e+00 +4.8234e+00 -8.1169e-01 +4.0389e+00 -4.1806e+00 +1.0377e+00 -4.0581e+00 -4.0367e+00 +4.4209e+00 -3.7886e+00 -4.4966e-01 +2.2736e+00 -3.1877e+00 -2.3177e+00 -3.2384e+00 -4.6790e+00
5 0 +6.328210651e+01 +6.328210651e+01 +1.295421065e+02 +1.295421065e+02 -1.4049e+00 +4.7709e+00 +6.7069e-01 +1.5176e+00 -3.0555e+00 +4.0606e+00 -2.5093e+00 +1.8280e+00 +2.3066e+00 +4.2173e+00 +1.4361e+00 -1.1377e+00 +4.3912e+00 -4.7076e+00 +1.0233e+00 +2.9907e+00 -4.1561e-01 +4.5783e-01 +3.0914e+00 -2.5704e+00
10 0 +6.105222301e+01 +6.105222301e+01 +1.273122230e+02 +1.273122230e+02 +4.3156e+00 -1.7732e+00 +3.8666e+00 -3.2358e+00 +2.3424e+00 +4.4087e+00 -5.9512e-01 -2.9425e+00 +4.4139e+00 -3.0195e+00 +3.0659e+00 -1.2769e+00 -3.2976e+00 -4.6891e+00 -2.2866e+00 +2.1760e+00 +3.4023e+00 -2.0905e+00 +3.5039e+00 -2.5570e+00
18 0 +5.697657795e+01 +5.697657795e+01 +1.232365780e+02 +1.232365780e+02 +5.9135e-01 -4.8651e+00 +2.4574e+00 +2.7440e+00 -4.9636e-01 +1.5933e+00 +2.5852e+00 -1.5802e+00 -4.4210e+00 +1.0975e+00 -3.0932e+00 -2.1976e+00 +1.0599e+00 -2.2263e+00 +4.4245e+00 +4.2759e+00 -3.0321e+00 +2.0477e+00 -3.8944e+00 +4.4090e-01
19 0 +4.289421222e+01 +4.289421222e+01 +1.091542122e+02 +1.091542122e+02 -4.4476e+00 -2.6346e+00 -1.2945e+00 -3.5618e+00 -1.8900e+00 +2.2681e+00 +4.6203e+00 -1.1114e+00 -3.7092e-01 +2.5604e+00 -4.5194e+00 +3.7106e+00 -1.4827e+00 +5.3990e-01 -3.4808e+00 +3.5710e+00 -3.3941e+00 +4.6393e+00 -1.8523e+00 -4.3941e+00
58 0 +3.533309011e+01 +3.533309011e+01 +1.015930901e+02 +1.015930901e+02 +1.2253e+00 +4.4204e+00 +4.6209e+00 +3.1483e+00 +1.8700e+00 -8.3732e-02 +2.6206e+00 -4.6385e+00 +4.9014e+00 +4.8542e+00 -3.0234e+00 +1.3128e+00 +2.8437e+00 +2.5510e+00 +3.0811e+00 -8.7691e-01 -2.9117e+00 -4.5269e+00 -1.6216e+00 +6.9567e-01
336 0 +3.333499608e+01 +3.333499608e+01 +9.959499608e+01 +9.959499608e+01 +4.0544e+00 -2.3933e+00 -1.7806e+00 -4.8641e+00 -2.1939e+00 +1.0085e-01 -3.6579e+00 +2.8672e+00 -1.1726e+00 +6.7158e-01 -1.1339e+00 -2.7635e+00 +3.4421e+00 -1.0136e+00 -1.0427e+00 -1.2900e+00 +4.4218e-01 -1.5280e+00 -2.0860e+00 +2.4427e-01
887 0 +2.566682155e+01 +2.566682155e+01 +9.192682155e+01 +9.192682155e+01 +7.0625e+00 -4.3613e+00 -1.4377e+00 +3.9877e+00 -3.5012e+00 +7.2689e-01 +6.5272e+00 -2.2090e+00 -2.4142e-02 +1.5582e+00 +3.0989e+00 +2.8251e+00 -1.2613e+00 +3.0178e-01 -3.4013e+00 +2.8873e+00 +5.2871e+00 +4.2251e+00 -8.3244e-01 +1.4058e+00
5528 0 +2.227099762e+01 +2.227099762e+01 +8.853099762e+01 +8.853099762e+01 +4.4788e+00 -3.2402e+00 -1.1194e-01 +2.6707e+00 -3.9680e+00 +7.0822e-01 -4.8000e+00 +2.9147e+00 -1.0077e+00 +1.3359e+00 -7.1568e-01 +1.3455e-01 +1.4214e+00 -4.0858e+00 -2.1022e+00 -1.6208e+00 -1.8816e+00 -5.1540e-01 -1.6573e+00 +3.3982e-01
27142 0 +2.034922080e+01 +2.034922080e+01 +8.660922080e+01 +8.660922080e+01 +3.3077e+00 -4.0896e+00 -8.8178e-01 -1.2218e+00 +2.8030e+00 -3.4829e+00 -3.3063e+00 +3.4404e-02 -2.0218e+00 +1.1653e+00 -5.7428e-01 -4.2375e-01 -5.5385e-02 -2.0549e+00 +3.5130e+00 +1.6897e+00 -2.8022e+00 +3.4086e+00 +2.8521e-01 +4.0923e+00
137791 0 +1.762894566e+01 +1.762894566e+01 +8.388894566e+01 +8.388894566e+01 +3.7338e+00 -4.0873e-01 -1.7829e+00 -4.1509e-01 -2.4305e+00 +1.7616e+00 -5.7781e-01 +9.8351e-01 +1.5229e+00 +4.7597e-02 -3.9571e+00 +3.4698e+00 -3.0989e+00 +4.8908e-01 +7.3640e-01 -1.8491e+00 -1.5366e+00 -3.2937e-01 -5.6344e-01 +3.0200e-01
146281 0 +1.729726313e+01 +1.729726313e+01 +8.355726313e+01 +8.355726313e+01 +3.6177e+00 -4.7174e+00 -1.3600e+00 -5.7179e+00 -2.5390e+00 +2.5135e-01 +6.2145e+00 +3.0103e-01 -5.3598e-01 +2.5921e+00 -2.3204e+00 +2.4759e+00 +1.7352e+00 +8.5426e-01 +5.9054e+00 +3.9394e+00 +2.1978e-01 +9.9519e-02 +3.3589e-01 -1.6487e+00
568043 0 +1.635490385e+01 +1.635490385e+01 +8.261490385e+01 +8.261490385e+01 +3.4440e+00 +1.3146e+00 -1.7927e+00 -5.1901e+00 -2.3424e+00 +3.4730e+00 -5.2347e+00 +1.3130e+00 +2.5359e+00 -4.2009e+00 +3.0387e+00 +2.7027e+00 -1.1506e+00 -1.1811e-01 +1.9122e+00 +1.5484e+00 +5.5355e+00 -1.8375e+00 -1.4726e+00 +3.2726e+00
1224242 0 +1.594773043e+01 +1.594773043e+01 +8.220773043e+01 +8.220773043e+01 +1.0993e+00 -3.1896e+00 -4.0554e+00 -3.3374e+00 -1.0190e+00 +1.8551e+00 -1.5842e-02 +3.0355e+00 -3.7700e+00 -2.4140e+00 +6.8016e+00 -1.7003e+00 +3.7824e+00 +2.5515e+00 +5.6455e-01 +2.3739e+00 -3.8225e+00 +5.7577e+00 +4.2688e+00 +5.7857e+00
1383733 0 +1.405616242e+01 +1.405616242e+01 +8.031616242e+01 +8.031616242e+01 +8.8011e-01 -1.6568e-01 -3.3456e+00 -6.1790e+00 -3.4898e+00 -4.7320e+00 -2.0511e+00 -1.2062e+00 +3.4444e-02 -4.9555e-01 -3.0338e+00 -6.7968e-01 +3.6122e+00 -2.2428e+00 +2.3709e+00 -1.2309e+00 -3.9713e+00 -4.3741e+00 -2.4440e+00 -3.9057e+00
% f evaluations | g evaluations | best noise-free fitness - Fopt | noise-free fitness - Fopt (-1.386200000000e+02) | measured fitness | best measured fitness | x1 | x2...
1 0 +1.214025725e+02 +1.214025725e+02 -1.721742746e+01 -1.721742746e+01 +0.0000e+00 +0.0000e+00 +0.0000e+00 +0.0000e+00 +0.0000e+00 +0.0000e+00 +0.0000e+00 +0.0000e+00 +0.0000e+00 +0.0000e+00 +0.0000e+00 +0.0000e+00 +0.0000e+00 +0.0000e+00 +0.0000e+00 +0.0000e+00 +0.0000e+00 +0.0000e+00 +0.0000e+00 +0.0000e+00
2 0 +5.021528294e+01 +5.021528294e+01 -8.840471706e+01 -8.840471706e+01 +7.4823e-01 +2.6041e+00 +3.7672e+00 -2.0162e+00 +1.5325e+00 -3.2008e+00 +5.7533e-01 +2.8758e+00 +2.5555e+00 +3.7348e+00 +3.3675e+00 -2.8230e+00 -1.0631e+00 +1.8628e+00 +1.1063e+00 +1.6181e+00 +3.3023e+00 -3.3765e+00 +1.6555e+00 -4.2564e+00
6 0 +4.504527739e+01 +4.504527739e+01 -9.357472261e+01 -9.357472261e+01 +4.6253e+00 +4.7290e+00 -4.3818e+00 -5.2927e-01 +2.4025e+00 +3.9284e+00 -2.9130e-01 +3.0096e+00 +1.8356e+00 -2.0096e+00 +4.4926e+00 -1.9048e+00 -4.6655e+00 +1.6064e+00 +4.9065e-01 -9.0707e-01 -4.6302e+00 -3.1459e+00 -2.4559e-01 +1.0794e+00
44 0 +4.456222551e+01 +4.456222551e+01 -9.405777449e+01 -9.405777449e+01 +1.6972e+00 -4.1385e+00 -2.6147e+00 -4.8999e+00 +3.5838e+00 +5.3897e-01 +4.6679e+00 -7.2358e-01 +1.5711e+00 +4.7795e+00 -4.7545e+00 +3.6714e+00 -4.0686e+00 +1.7213e+00 -4.4994e+00 +7.4476e-01 +1.3581e+00 +2.6363e+00 +3.5690e+00 +1.7078e+00
137 0 +3.051547178e+01 +3.051547178e+01 -1.081045282e+02 -1.081045282e+02 -9.4117e-01 +4.4352e+00 -4.9439e+00 +3.3615e+00 -4.5504e+00 +2.2283e+00 -1.5305e+00 +8.4241e-01 -3.2681e+00 -2.5351e+00 -2.3369e+00 +4.5242e+00 +4.4939e+00 -3.2677e+00 +4.3080e+00 +1.9415e+00 -1.1590e+00 -2.9678e+00 +2.6244e-01 +7.5038e-01
602 0 +2.796433740e+01 +2.796433740e+01 -1.106556626e+02 -1.106556626e+02 -2.5679e+00 +3.1844e+00 -4.5907e+00 +2.9992e+00 +1.6859e+00 -5.1060e+00 +3.4636e+00 +2.5332e+00 -1.8692e+00 +6.6007e-01 +2.8782e+00 +8.6175e-01 -6.2425e+00 -3.2578e+00 -3.2969e+00 +3.7414e-01 -4.1664e+00 +3.1445e+00 +3.6901e+00 +2.7619e+00
1489 0 +2.379020812e+01 +2.379020812e+01 -1.148297919e+02 -1.148297919e+02 +2.4809e+00 -3.2407e+00 +2.9695e+00 -5.2273e+00 -4.6458e+00 -2.7870e+00 +1.4360e+00 +9.8353e-02 -1.2621e+00 +4.0320e+00 -6.3184e-01 +2.9972e+00 -3.0442e+00 +2.6319e+00 -1.8160e+00 -1.1821e+00 +4.8118e-01 +3.4581e+00 -1.6254e+00 +9.4909e-01
2333 0 +1.747380471e+01 +1.747380471e+01 -1.211461953e+02 -1.211461953e+02 -1.4151e+00 +1.6602e+00 -1.2391e+00 +3.3454e+00 +2.1152e+00 +4.8789e-01 -5.0722e-01 +3.1348e+00 -6.2712e-01 +3.3989e+00 -2.6574e+00 +4.1554e+00 +2.5297e+00 +1.8697e-01 +2.4914e+00 -2.7254e+00 -3.8018e+00 +6.4263e+00 -1.9068e+00 -4.4336e+00
85960 0 +1.646717809e+01 +1.646717809e+01 -1.221528219e+02 -1.221528219e+02 -3.1257e+00 +3.7163e+00 -4.2352e+00 +4.4572e+00 -4.3945e+00 +4.4023e+00 +4.9288e-01 -1.4852e-01 +3.8254e+00 -2.1224e+00 +3.0532e+00 +9.4813e-01 -7.3400e-02 +5.0323e+00 -5.5864e+00 +1.3246e+00 -6.6659e+00 +2.7572e+00 -2.6136e+00 +2.0343e+00
879820 0 +1.582782391e+01 +1.582782391e+01 -1.227921761e+02 -1.227921761e+02 -1.3098e+00 +4.3066e+00 -2.0790e+00 +6.2926e+00 -5.9840e-01 +3.9545e+00 +3.2377e+00 +3.6701e+00 +3.6495e+00 -1.5521e+00 +1.0625e+00 +6.6930e-01 -3.7529e+00 +1.9477e+00 +1.9907e+00 -2.6159e-01 -2.0794e+00 -4.6712e+00 -1.9033e+00 -4.7075e+00
% f evaluations | g evaluations | best noise-free fitness - Fopt | noise-free fitness - Fopt (7.313900000000e+02) | measured fitness | best measured fitness | x1 | x2...
1 0 +7.230115064e+01 +7.230115064e+01 +8.036911506e+02 +8.036911506e+02 +0.0000e+00 +0.0000e+00 +0.0000e+00 +0.0000e+00 +0.0000e+00 +0.0000e+00 +0.0000e+00 +0.0000e+00 +0.0000e+00 +0.0000e+00 +0.0000e+00 +0.0000e+00 +0.0000e+00 +0.0000e+00 +0.0000e+00 +0.0000e+00 +0.0000e+00 +0.0000e+00 +0.0000e+00 +0.0000e+00
2 0 +7.217556601e+01 +7.217556601e+01 +8.035655660e+02 +8.035655660e+02 +6.8742e-01 -1.6085e+00 +3.2324e+00 -3.7248e-01 +9.4465e-01 -4.5692e+00 +4.2733e+00 -1.3503e+00 -3.5577e+00 +1.5154e+00 -5.0157e-01 +4.3323e+00 -9.2742e-01 -3.6430e-01 -3.4287e+00 +3.0784e+00 -4.6231e+00 +1.6080e+00 +4.1935e+00 +3.2513e+00
3 0 +6.110084906e+01 +6.110084906e+01 +7.924908491e+02 +7.924908491e+02 -2.0174e+00 -4.4324e+00 +4.6960e+00 +7.0119e-01 +2.8923e+00 +2.4537e+00 +3.9741e+00 -3.0621e+00 -1.0978e+00 +2.5054e+00 -4.5492e+00 +3.8827e+00 -4.3553e+00 +4.8096e+00 -3.9333e+00 +1.2792e-01 +1.0233e+00 +5.5890e-01 +8.6736e-01 -4.2295e+00
6 0 +5.578464291e+01 +5.578464291e+01 +7.871746429e+02 +7.871746429e+02 -4.7666e+00 +1.4092e+00 +4.6853e+00 -3.8739e+00 +4.3935e-01 -3.8831e+00 +6.3251e-01 -2.6921e+00 +4.4183e+00 +2.1093e+00 +2.0250e+00 -2.8059e+00 -2.8771e+00 -3.3644e+00 -4.7678e+00 -3.3402e+00 -3.1467e+00 +2.7113e+00 +1.7007e+00 -2.7318e+00
20 0 +4.046790393e+01 +4.046790393e+01 +7.718579039e+02 +7.718579039e+02 -4.1577e+00 -1.1220e-01 -2.8951e+00 +2.1818e+00 -2.1947e+00 +1.2154e-01 -2.7040e+00 -1.0090e-01 +2.1139e+00 +1.6230e+00 +2.1498e+00 -3.0270e+00 +2.7224e+00 +1.3534e+00 +1.0110e+00 +8.4983e-01 +8.7176e-01 -4.8590e+00 +1.5789e+00 -2.8877e+00
277 0 +3.805040888e+01 +3.805040888e+01 +7.694404089e+02 +7.694404089e+02 +3.9792e+00 +3.9089e+00 -2.8852e+00 -1.7116e+00 +1.1035e+00 -3.5271e+00 -5.5290e+00 +1.3466e+00 -4.3974e-01 +2.7948e+00 -4.4124e+00 +1.5014e+00 -1.3002e-01 -2.1934e-01 +4.1066e+00 +2.4211e+00 -2.3809e+00 +2.5163e+00 +1.3412e-01 -2.4378e+00
278 0 +3.371686174e+01 +3.371686174e+01 +7.651068617e+02 +7.651068617e+02 +4.0151e+00 -5.5693e+00 -3.0945e+00 +5.3925e-01 +2.0377e+00 +1.3009e+00 +1.9097e+00 -4.7308e+00 -4.9842e+00 +2.1685e+00 -2.7558e+00 +1.3374e+00 +4.5440e+00 +2.1973e+00 -3.0533e-01 -4.0401e+00 -3.3945e+00 +3.5739e+00 +3.3215e+00 -4.4035e+00
613 0 +2.972830971e+01 +2.972830971e+01 +7.611183097e+02 +7.611183097e+02 -1.4209e+00 +3.8139e+00 -2.1168e+00 +2.4742e+00 -1.4934e-01 -4.7198e+00 -2.5294e+00 +4.3768e-01 +2.9675e+00 -4.5009e+00 +2.3963e+00 +3.6324e+00 -3.6931e+00 -3.1472e-01 -1.0747e+00 +6.7036e-01 -4.8094e+00 +1.6522e+00 +2.3347e+00 -3.8507e+00
637 0 +2.707103241e+01 +2.707103241e+01 +7.584610324e+02 +7.584610324e+02 -2.1550e+00 -3.1839e+00 +2.6522e+00 -1.4385e+00 +1.3465e+00 -1.3399e+00 +2.1300e+00 +2.6821e+00 -3.3411e+00 +6.2712e+00 +3.7907e+00 +6.4341e-01 +7.2425e-01 +4.1911e-01 +5.2868e+00 -2.1120e+00 +4.2476e+00 +2.4381e+00 +3.8883e+00 +9.3328e-01
7493 0 +2.572035217e+01 +2.572035217e+01 +7.571103522e+02 +7.571103522e+02 +6.0298e+00 -4.6238e+00 -1.5985e+00 -2.0386e+00 -1.8793e+00 -1.1714e+00 +3.4801e-01 -1.3809e-01 +4.6234e+00 +1.7429e+00 -1.5067e+00 -1.7744e+00 +6.2271e+00 +1.3926e+00 -3.0538e+00 -2.7288e+00 +1.5624e+00 +3.0667e+00 +4.4014e+00 -4.5119e+00
11935 0 +2.500782942e+01 +2.500782942e+01 +7.563978294e+02 +7.563978294e+02 +3.3398e+00 +4.4633e+00 +1.4365e+00 -1.3176e+00 +6.2187e-01 +5.5073e+00 +2.3505e+00 -5.6806e+00 +1.3410e+00 -4.4774e+00 -5.5841e+00 +2.6640e+00 +2.8701e+00 +1.9160e+00 -6.5607e-01 +2.8131e+00 +1.4249e+00 +5.6113e+00 +3.3573e+00 +2.0736e-01
16509 0 +2.011298062e+01 +2.011298062e+01 +7.515029806e+02 +7.515029806e+02 -2.1992e+00 +3.7033e+00 +1.0415e+00 +6.0010e+00 +2.0776e+00 +5.2037e+00 -4.3038e+00 -3.7582e+00 +9.8343e-01 +4.8868e+00 +1.0590e+00 +5.0983e+00 +5.8013e+00 -1.1731e+00 -3.0047e-01 -7.3315e+00 +2.3638e+00 +3.6861e-01 +2.8686e+00 +9.8709e-01
17698 0 +1.974366947e+01 +1.974366947e+01 +7.511336695e+02 +7.511336695e+02 +1.8790e+00 -4.4010e+00 -4.0143e+00 +1.3277e+00 -8.0656e-01 -2.0899e+00 +1.5459e+00 -4.7579e-02 +4.7304e+00 -2.8704e+00 +4.4457e+00 +5.2198e+00 +4.6061e+00 +1.3663e+00 -9.3490e-01 -2.7853e+00 +2.5415e+00 -4.5255e+00 +5.9583e+00 -2.9238e+00
555632 0 +1.732201928e+01 +1.732201928e+01 +7.487120193e+02 +7.487120193e+02 +3.7389e-01 -6.1011e+00 -4.7580e+00 -1.0941e+00 -4.8325e-01 -3.6552e+00 +5.3990e+00 +3.1103e+00 -2.4837e+00 -5.8862e-01 +9.7063e-02 +3.1006e-01 +1.4023e+00 +1.0841e+00 -2.0804e+00 -3.3908e+00 -2.1145e+00 +3.4990e+00 +4.9827e+00 -2.9147e+00
770594 0 +1.656243050e+01 +1.656243050e+01 +7.479524305e+02 +7.479524305e+02 +4.4039e+00 -4.3778e+00 -1.5870e+00 -3.8752e+00 +2.5715e-01 -2.4190e+00 +1.7804e+00 +3.5511e-01 +3.9808e+00 -4.2486e+00 +4.4671e+00 +3.9033e+00 +5.3469e+00 +1.8687e+00 -4.6378e-01 +4.2373e+00 -4.4539e-01 +2.1271e+00 +3.0968e+00 -3.4491e+00
1579702 0 +1.449900924e+01 +1.449900924e+01 +7.458890092e+02 +7.458890092e+02 +4.3370e+00 +3.6578e-01 +8.0810e-02 -4.3100e+00 +5.5865e-01 -3.3404e+00 +2.6013e+00 +1.9363e-01 -3.5931e-01 -2.4959e+00 +5.2080e+00 +2.2192e+00 -2.5425e+00 -2.0026e+00 -4.4372e+00 -1.6233e+00 +1.1411e+00 -3.7759e+00 +6.5969e-01 -3.2044e+00
% f evaluations | g evaluations | best noise-free fitness - Fopt | noise-free fitness - Fopt (7.526000000000e+01) | measured fitness | best measured fitness | x1 | x2...
1 0 +5.694724158e+01 +5.694724158e+01 +1.322072416e+02 +1.322072416e+02 +0.0000e+00 +0.0000e+00 +0.0000e+00 +0.0000e+00 +0.0000e+00 +0.0000e+00 +0.0000e+00 +0.0000e+00 +0.0000e+00 +0.0000e+00 +0.0000e+00 +0.0000e+00 +0.0000e+00 +0.0000e+00 +0.0000e+00 +0.0000e+00 +0.0000e+00 +0.0000e+00 +0.0000e+00 +0.0000e+00
8 0 +5.174100639e+01 +5.174100639e+01 +1.270010064e+02 +1.270010064e+02 -7.6475e-02 +2.5201e+00 +2.7660e+00 +1.3371e+00 +3.1867e+00 -3.2703e+00 +2.8905e+00 -4.6288e+00 +6.2434e-02 -2.4013e+00 +2.2198e+00 -9.3889e-01 +4.7150e+00 -4.0098e+00 +2.7898e+00 -2.1654e+00 +2.9050e+00 +3.4942e+00 -2.6317e+00 -9.7478e-02
12 0 +4.298711952e+01 +4.298711952e+01 +1.182471195e+02 +1.182471195e+02 +2.4050e-01 -3.3390e+00 +5.0507e-01 +1.6639e+00 +3.1033e+00 +3.1452e+00 +3.4664e+00 -4.8189e+00 -3.1527e+00 +2.2852e+00 -4.6983e+00 -1.9906e+00 +2.2916e+00 +4.6507e+00 -3.0541e+00 +1.6877e+00 +2.9679e+00 -4.5119e+00 -3.3770e+00 +5.9149e-01
57 0 +4.142547337e+01 +4.142547337e+01 +1.166854734e+02 +1.166854734e+02 -3.7874e-01 +1.2135e+00 +1.8256e+00 -4.2016e+00 -6.1335e-01 +1.5085e+00 -4.1020e+00 -3.3531e+00 -6.7310e-01 -3.8096e+00 +3.9667e+00 +2.5524e-01 -4.7058e+00 +4.6211e+00 +3.9591e+00 +2.7055e+00 +3.4616e+00 -3.4899e-02 -2.0491e+00 +1.4873e+00
247 0 +3.456395791e+01 +3.456395791e+01 +1.098239579e+02 +1.098239579e+02 +4.6111e+00 -4.0948e+00 -4.2744e-01 +3.7133e+00 -4.7348e+00 +4.8423e+00 +3.5221e+00 -8.4391e-01 -2.9039e+00 +3.4709e+00 +1.1739e-01 +2.4980e+00 -2.6048e+00 +3.3603e+00 -3.9052e+00 +2.6095e+00 +3.1528e+00 +4.3400e+00 +4.7912e+00 +3.6326e+00
753 0 +3.249919176e+01 +3.249919176e+01 +1.077591918e+02 +1.077591918e+02 -4.0381e+00 -5.3576e+00 -1.3373e+00 -2.7501e-01 -1.2035e+00 +4.9418e+00 +3.2815e+00 -3.0054e+00 -1.7501e-01 -9.9939e-01 -1.3928e+00 +4.9661e+00 +9.8280e-01 -4.3255e+00 -6.6563e+00 +6.7172e-01 -6.9002e-01 +5.6821e+00 +5.7801e-01 +1.4026e+00
1015 0 +2.797935234e+01 +2.797935234e+01 +1.032393523e+02 +1.032393523e+02 -3.5461e+00 -4.0948e+00 -1.1646e-01 +1.2351e+00 -4.7348e+00 -3.7810e+00 -1.4612e+00 +2.4069e+00 -2.9039e+00 -1.7641e+00 +5.8497e+00 +3.0253e-01 +4.7838e+00 +3.3603e+00 -3.9052e+00 +2.6095e+00 +4.1033e+00 +2.2358e+00 +4.7912e+00 +5.0017e+00
1544 0 +2.704884941e+01 +2.704884941e+01 +1.023088494e+02 +1.023088494e+02 -2.6281e+00 -2.9264e+00 +3.4040e+00 +1.3371e+00 -2.1967e+00 +2.2442e-01 -3.6584e-01 -4.6288e+00 +3.8319e+00 -2.4013e+00 +1.8425e+00 +3.3406e+00 -2.5333e+00 -3.2933e+00 +2.7898e+00 -4.7576e+00 +2.9050e+00 +3.4942e+00 -2.6317e+00 +3.3091e+00
6162 0 +2.302899466e+01 +2.302899466e+01 +9.828899466e+01 +9.828899466e+01 +2.6102e+00 -7.1371e-01 -6.3153e-01 +6.0611e+00 -2.1826e+00 -2.8007e+00 +3.7363e+00 +2.2682e+00 +7.3936e-01 -1.3669e+00 -4.2196e+00 +6.3021e+00 -1.7812e+00 -4.8788e+00 -1.0379e-01 -3.4490e+00 -3.2283e+00 +5.3353e+00 +6.5954e-02 -3.4738e+00
22779 0 +2.215387488e+01 +2.215387488e+01 +9.741387488e+01 +9.741387488e+01 -1.7970e+00 +1.0108e+00 +4.4547e+00 +2.8825e+00 -2.8556e+00 +3.6948e-01 +1.9004e+00 +3.3951e+00 -1.7810e+00 +2.1271e+00 -2.9518e+00 -2.0209e+00 +1.6103e+00 -6.4510e+00 -1.2352e+00 -1.1494e+00 +5.6614e-01 +2.1216e+00 -1.6941e+00 -1.6642e+00
145319 0 +2.004697666e+01 +2.004697666e+01 +9.530697666e+01 +9.530697666e+01 -7.0990e-01 +1.3121e+00 -6.9568e-01 +3.8231e+00 -9.2143e-01 -3.0108e+00 -1.9486e+00 -4.7646e+00 -6.1349e-01 -6.3120e-01 +5.5703e+00 +2.6160e+00 -6.6395e+00 -5.4020e+00 -2.2551e+00 +2.8149e-01 +8.6357e-01 +5.2399e+00 -2.1222e+00 +8.5614e-02
204744 0 +1.795153094e+01 +1.795153094e+01 +9.321153094e+01 +9.321153094e+01 +6.3044e-02 -5.1448e+00 +4.7995e+00 -1.1518e-01 +3.6196e+00 -4.8312e+00 +2.8419e+00 +3.5731e+00 -5.3097e+00 -1.6033e-01 -5.3664e-01 -5.4847e-01 -3.9153e+00 -2.9219e+00 +2.2566e+00 +2.4046e+00 -3.8057e+00 -3.5877e+00 -7.9316e-01 -6.0182e+00
281537 0 +1.703140620e+01 +1.703140620e+01 +9.229140620e+01 +9.229140620e+01 +2.0016e-01 +4.2630e+00 -2.9016e+00 -8.2676e-01 -2.9096e+00 +1.0741e+00 +4.8641e+00 +2.3104e+00 -2.9911e+00 +1.3833e+00 -7.0369e-01 -1.3628e+00 +2.0764e+00 +2.0458e-01 -1.2513e+00 -5.7275e+00 +1.0778e+00 -2.2389e+00 +4.8961e+00 +2.6573e+00
307672 0 +1.312521837e+01 +1.312521837e+01 +8.838521837e+01 +8.838521837e+01 +3.8405e+00 -3.1253e+00 -4.7235e-01 -2.6696e+00 +3.7325e+00 +4.9482e-02 -3.6630e+00 +3.3045e+00 -4.8373e+00 +6.2011e-01 +4.8426e+00 -3.4849e-01 -2.8789e+00 +1.4493e+00 -3.5803e+00 -8.6686e-01 -4.5419e+00 +1.3096e+00 -2.8706e+00 +2.2022e+00
% f evaluations | g evaluations | best noise-free fitness - Fopt | noise-free fitness - Fopt (-4.913000000000e+01) | measured fitness | best measured fitness | x1 | x2...
1 0 +6.084313915e+01 +6.084313915e+01 +1.171313915e+01 +1.171313915e+01 +0.0000e+00 +0.0000e+00 +0.0000e+00 +0.0000e+00 +0.0000e+00 +0.0000e+00 +0.0000e+00 +0.0000e+00 +0.0000e+00 +0.0000e+00 +0.0000e+00 +0.0000e+00 +0.0000e+00 +0.0000e+00 +0.0000e+00 +0.0000e+00 +0.0000e+00 +0.0000e+00 +0.0000e+00 +0.0000e+00
4 0 +4.946222732e+01 +4.946222732e+01 +3.322273234e-01 +3.322273234e-01 +4.0880e+00 +2.5114e+00 -4.7383e+00 -1.7518e+00 +1.4854e-01 -1.8580e+00 -4.0830e+00 +3.0935e+00 +4.4444e+00 -3.5178e+00 +3.6684e+00 -1.7096e+00 -2.0191e+00 +4.8468e+00 +2.5080e+00 +8.7309e-01 -4.3203e+00 -3.3314e+00 -7.8798e-01 +4.4457e+00
5 0 +4.681663100e+01 +4.681663100e+01 -2.313369003e+00 -2.313369003e+00 -3.6377e+00 -1.6156e+00 +6.7652e-01 -2.7429e+00 +2.6220e+00 -8.1739e-01 -3.2831e+00 -8.3209e-02 +2.3519e+00 +1.3066e+00 -4.7650e+00 +1.1450e+00 -3.6939e+00 +4.9290e+00 +1.4821e+00 -4.7663e+00 +6.6367e-04 +4.4857e+00 +3.2080e+00 -3.4729e+00
24 0 +4.093506792e+01 +4.093506792e+01 -8.194932076e+00 -8.194932076e+00 -3.5359e-01 -2.2080e+00 -2.5287e+00 -3.2172e+00 -3.5044e+00 -4.2980e+00 -4.2251e+00 -2.3300e+00 -1.6376e+00 +6.0434e-01 -1.5677e-01 -9.9800e-01 -2.2761e+00 +1.2130e+00 +3.4760e-01 +1.9388e+00 +2.4957e+00 -2.2297e+00 +2.0470e-02 -3.7030e+00
54 0 +3.977258347e+01 +3.977258347e+01 -9.357416532e+00 -9.357416532e+00 +3.0631e+00 +6.6458e-01 +2.3599e-01 -3.3116e+00 +7.7239e-01 +4.7333e+00 -2.4178e+00 +8.9479e-01 +2.3220e+00 +4.2482e+00 +4.2679e+00 -4.1990e+00 +3.3801e+00 +2.7042e+00 +1.9681e+00 +2.3671e-01 +9.7649e-01 +2.4652e+00 +3.5441e+00 +4.9196e+00
100 0 +3.041072293e+01 +3.041072293e+01 -1.871927707e+01 -1.871927707e+01 +4.0880e+00 -3.4012e+00 +1.3903e+00 -1.7518e+00 -1.3378e+00 -1.8580e+00 -4.0830e+00 +3.0935e+00 -1.1166e+00 -2.9149e+00 +2.2586e+00 -1.2935e+00 +3.1358e+00 +4.8468e+00 -3.9488e+00 +4.1711e+00 -4.3203e+00 +1.3247e+00 -2.5694e+00 +5.1797e+00
164 0 +2.641689383e+01 +2.641689383e+01 -2.271310617e+01 -2.271310617e+01 -2.8637e+00 -7.4281e-01 -2.4909e+00 +2.2693e+00 -1.5988e+00 +1.3842e+00 +4.9340e+00 +2.1861e+00 -1.6956e+00 -2.0984e+00 +2.8877e+00 -1.0631e-01 +1.5260e+00 -1.4052e+00 -3.0302e+00 +3.4864e+00 +4.3811e+00 +4.2193e+00 +1.3369e+00 +2.2803e+00
2011 0 +2.523271456e+01 +2.523271456e+01 -2.389728544e+01 -2.389728544e+01 +4.7273e+00 -6.2448e-01 -4.9381e+00 -1.9868e+00 -1.6405e+00 +1.3760e+00 -2.4347e+00 +4.3251e+00 -3.0180e+00 +6.1662e+00 +2.1405e+00 +4.1796e+00 +3.9328e+00 +4.1597e+00 -1.4321e+00 +4.0072e+00 +4.5308e+00 -4.7449e+00 -3.9948e+00 +6.7187e-01
12706 0 +2.435078583e+01 +2.435078583e+01 -2.477921417e+01 -2.477921417e+01 +2.9435e+00 +3.5246e+00 -2.7934e+00 +3.7333e+00 +2.1706e+00 -1.9265e+00 -3.0166e+00 -4.4759e+00 -6.3940e-01 +1.9182e+00 -1.2155e+00 +1.0609e+00 +4.7083e+00 -4.1749e+00 -5.0898e+00 -2.4796e+00 -4.2240e+00 -2.8319e-01 -1.9900e+00 +3.2094e+00
16839 0 +2.390256320e+01 +2.390256320e+01 -2.522743680e+01 -2.522743680e+01 +1.6785e+00 -2.0819e+00 +5.3001e+00 +1.6350e+00 -3.5007e+00 +2.6791e-01 -3.1581e+00 -3.2543e+00 +1.1181e+00 +1.2109e+00 +1.1263e+00 +6.2366e-01 -1.7285e+00 +4.2419e+00 +2.0115e+00 +6.1441e+00 +1.8596e+00 -3.6674e+00 -2.7722e+00 +1.4922e+00
22017 0 +1.967843115e+01 +1.967843115e+01 -2.945156885e+01 -2.945156885e+01 -7.1296e-01 -1.2504e+00 -2.4792e+00 +1.4010e+00 +7.7586e-01 +2.6705e+00 -4.5272e+00 -4.9603e+00 -3.2618e+00 +1.8054e+00 -4.6053e-01 -2.3366e+00 +4.5094e+00 +1.1009e+00 -3.5899e+00 +5.0946e-01 +2.2011e+00 +1.1328e-01 -6.0592e+00 -3.2009e+00
43711 0 +1.424585335e+01 +1.424585335e+01 -3.488414665e+01 -3.488414665e+01 +4.6817e+00 +2.2789e+00 +3.0775e+00 -3.5407e+00 +6.2148e-01 -7.2060e-01 -4.9928e+00 -5.7327e+00 +1.4465e+00 +3.2064e+00 -2.2891e-01 +1.5419e+00 -1.9451e+00 -4.5784e+00 -4.4191e+00 -2.1693e+00 +3.3641e+00 +5.6353e+00 -4.2546e+00 +5.1282e+00
1350502 0 +1.222702799e+01 +1.222702799e+01 -3.690297201e+01 -3.690297201e+01 -5.4204e+00 +7.9817e-01 -7.9346e-01 -2.6293e+00 +4.7587e-01 +8.6222e-01 +8.1996e-01 -5.1211e+00 -3.3019e+00 -8.2366e-01 +5.5717e+00 -3.5319e+00 -6.0330e+00 -5.9684e-01 -6.0971e-01 +2.5360e+00 +4.3863e-01 -1.0644e+00 +3.5437e+00 -3.9987e+00
% f evaluations | g evaluations | best noise-free fitness - Fopt | noise-free fitness - Fopt (-1.418900000000e+02) | measured fitness | best measured fitness | x1 | x2...
1 0 +4.494312855e+01 +4.494312855e+01 -9.694687145e+01 -9.694687145e+01 +0.0000e+00 +0.0000e+00 +0.0000e+00 +0.0000e+00 +0.0000e+00 +0.0000e+00 +0.0000e+00 +0.0000e+00 +0.0000e+00 +0.0000e+00 +0.0000e+00 +0.0000e+00 +0.0000e+00 +0.0000e+00 +0.0000e+00 +0.0000e+00 +0.0000e+00 +0.0000e+00 +0.0000e+00 +0.0000e+00
46 0 +4.129696842e+01 +4.129696842e+01 -1.005930316e+02 -1.005930316e+02 +2.5054e+00 +1.9951e+00 -2.4584e+00 +3.5863e+00 +3.4606e+00 -4.6951e+00 +3.7766e+00 -5.5952e-01 -1.1182e+00 +1.5778e+00 -1.6142e+00 +2.8307e-01 -2.2964e+00 -4.8846e+00 +1.1189e+00 -4.7434e+00 -1.7199e+00 -2.0666e+00 +2.9983e+00 +3.1732e+00
79 0 +3.587465797e+01 +3.587465797e+01 -1.060153420e+02 -1.060153420e+02 -4.3209e+00 -4.3481e+00 -2.9698e+00 -1.7149e+00 +9.2877e-01 +1.1936e+00 +3.0549e+00 +3.0469e+00 +4.9800e+00 -1.5885e+00 -2.9301e+00 -2.9518e+00 -4.4907e+00 -1.4910e+00 +1.8989e+00 -1.6830e+00 -2.8929e+00 +2.3023e+00 -2.4434e+00 +1.1980e+00
138 0 +2.681568042e+01 +2.681568042e+01 -1.150743196e+02 -1.150743196e+02 -1.3059e+00 +3.7277e+00 -3.0165e+00 +2.0489e+00 +1.5722e+00 -3.5184e+00 -2.3681e+00 +3.4769e+00 +9.7562e-02 -1.3399e+00 -3.7246e+00 +4.4007e+00 +3.6081e+00 +3.6343e+00 -3.5796e+00 +3.4262e+00 +3.9681e+00 -4.5931e+00 -1.7254e+00 +2.7692e+00
1447 0 +2.443723699e+01 +2.443723699e+01 -1.174527630e+02 -1.174527630e+02 +3.0644e+00 -1.3901e+00 -4.7180e+00 -1.0510e+00 -4.7223e+00 +5.6867e+00 -4.2087e-01 -1.6412e+00 +3.6662e-02 +1.5547e+00 +5.3875e+00 -3.3102e+00 -1.1874e+00 -1.4679e-01 +5.2609e+00 +3.2842e+00 +3.2947e+00 -1.1291e+00 +4.3144e+00 -2.4028e+00
10191 0 +2.174546127e+01 +2.174546127e+01 -1.201445387e+02 -1.201445387e+02 -2.8672e+00 +5.8591e-01 +4.5282e+00 -2.7517e+00 +2.1601e+00 +2.4398e+00 -3.5685e+00 -4.9088e+00 -4.5110e+00 +3.1214e+00 -8.1522e-01 +8.5406e-01 +4.3424e+00 -3.2964e+00 +3.4718e+00 -3.2540e+00 -6.3807e+00 +7.3715e-01 +3.7107e+00 -2.0758e+00
68680 0 +1.950635765e+01 +1.950635765e+01 -1.223836423e+02 -1.223836423e+02 +4.0531e+00 +1.5431e+00 +2.3087e+00 +2.9512e+00 -2.0027e-02 +3.4514e+00 -3.6048e+00 +4.6497e+00 -2.4462e+00 -2.2755e+00 +1.1656e+00 +8.9815e-01 +2.5758e+00 +2.6052e+00 -9.1809e-01 -6.2098e-01 -4.8403e+00 +4.0304e+00 +3.8374e+00 +6.7539e-01
307252 0 +1.774769711e+01 +1.774769711e+01 -1.241423029e+02 -1.241423029e+02 +1.3195e+00 +6.8340e-01 +1.4136e+00 +3.8551e+00 +1.2581e+00 -1.8443e+00 -4.1512e+00 -3.0096e+00 -5.9740e+00 -5.2635e+00 +6.4209e-01 -7.8027e-01 +1.2342e+00 +1.7073e+00 -3.7431e+00 +2.9474e+00 -5.6440e+00 +4.5725e+00 +3.4197e+00 +2.0333e+00
725382 0 +1.722337951e+01 +1.722337951e+01 -1.246666205e+02 -1.246666205e+02 -5.2494e+00 +2.8708e+00 +3.1617e+00 +3.0418e-01 +5.1645e-01 +1.5431e+00 +1.9506e+00 -2.0075e+00 -2.9773e+00 -6.0658e+00 +1.1949e+00 +4.0458e+00 +1.9383e+00 -2.9432e+00 +1.9709e-01 -2.9460e+00 -4.9887e+00 +4.5604e+00 +3.0027e+00 +2.0157e+00
943412 0 +1.250935925e+01 +1.250935925e+01 -1.293806408e+02 -1.293806408e+02 +2.4194e+00 +2.1120e+00 +4.3625e+00 +3.2564e-01 +8.0444e-02 -1.7677e+00 -1.2043e+00 +4.9802e+00 -2.5551e+00 -3.4102e+00 -5.7068e-01 -6.3125e-01 +1.6719e+00 -2.6775e+00 +2.0171e+00 -1.9596e+00 +2.4537e+00 -1.8300e+00 +2.8192e+00 +2.8448e+00
% f evaluations | g evaluations | best noise-free fitness - Fopt | noise-free fitness - Fopt (1.095700000000e+02) | measured fitness | best measured fitness | x1 | x2...
1 0 +1.099459860e+02 +1.099459860e+02 +2.195159860e+02 +2.195159860e+02 +0.0000e+00 +0.0000e+00 +0.0000e+00 +0.0000e+00 +0.0000e+00 +0.0000e+00 +0.0000e+00 +0.0000e+00 +0.0000e+00 +0.0000e+00 +0.0000e+00 +0.0000e+00 +0.0000e+00 +0.0000e+00 +0.0000e+00 +0.0000e+00 +0.0000e+00 +0.0000e+00 +0.0000e+00 +0.0000e+00
2 0 +6.496001707e+01 +6.496001707e+01 +1.745300171e+02 +1.745300171e+02 +5.5275e-01 +2.0268e+00 +3.1971e+00 +9.7336e-01 -3.7272e+00 -1.9149e+00 -3.6405e+00 -1.8526e+00 +2.7717e+00 +4.9982e+00 -2.6054e+00 -7.2980e-01 +3.7066e+00 +4.7581e+00 -4.6477e+00 +9.1409e-01 -1.9252e+00 +4.8128e+00 +2.2705e+00 -2.2603e-01
7 0 +5.819280308e+01 +5.819280308e+01 +1.677628031e+02 +1.677628031e+02 -3.8047e+00 -3.7647e+00 -5.9547e-01 -5.9191e-02 +1.7571e+00 +2.3085e+00 +2.4728e+00 +4.7860e-01 -2.3681e+00 -2.3152e+00 -7.7343e-01 +1.7261e+00 +1.0584e+00 +4.6100e+00 +1.5722e+00 -4.1260e+00 +3.7951e+00 -2.3843e+00 +2.3022e+00 -4.7515e+00
9 0 +4.345423096e+01 +4.345423096e+01 +1.530242310e+02 +1.530242310e+02 +2.0111e-01 +4.1609e+00 -2.6749e+00 +9.2085e-01 -4.3683e+00 +8.6576e-01 -3.5627e+00 -4.4051e+00 -2.7132e+00 +1.0349e+00 +4.0197e+00 -1.9521e+00 -4.7521e+00 -1.4542e+00 -2.5744e+00 +2.3469e+00 +1.8440e+00 +9.8582e-01 +5.3498e-01 +2.8138e+00
95 0 +3.408134502e+01 +3.408134502e+01 +1.436513450e+02 +1.436513450e+02 +1.6531e+00 -3.8875e-01 -2.3453e-01 -2.1898e+00 -3.3546e+00 -2.1390e+00 -2.4068e-02 -6.2553e-01 +1.4455e+00 +1.1813e+00 -2.0701e+00 +1.7097e-03 +3.6361e+00 -2.6808e+00 +1.2636e+00 +5.3371e-02 -2.2707e+00 -4.1335e-01 -3.7125e+00 -3.1957e+00
503 0 +3.187056910e+01 +3.187056910e+01 +1.414405691e+02 +1.414405691e+02 -1.3139e-01 -8.6121e-01 +4.6320e+00 +3.1489e+00 +3.6332e+00 +3.1877e+00 -4.1489e+00 -5.2148e+00 -4.5826e-02 +3.0321e+00 -1.0573e+00 +6.4801e-01 -3.9660e+00 -2.6027e+00 +3.4507e+00 +5.5447e+00 -3.6835e+00 -3.2622e+00 -2.0769e+00 -5.0544e+00
600 0 +3.001867918e+01 +3.001867918e+01 +1.395886792e+02 +1.395886792e+02 +3.5246e+00 +7.3196e-01 +3.6903e+00 +4.5637e+00 -6.8762e+00 -3.7134e+00 -4.1751e+00 +2.0290e+00 -3.7706e+00 -2.9473e+00 -1.4643e+00 +4.4144e-01 +3.2847e+00 -7.3771e-01 -4.2311e+00 +2.2035e+00 -4.0059e+00 -1.4532e+00 -4.5595e+00 -2.5206e-01
1298 0 +2.789993509e+01 +2.789993509e+01 +1.374699351e+02 +1.374699351e+02 +3.4171e+00 +1.0381e+00 -1.5650e+00 +4.7559e+00 -3.9412e+00 -9.6903e-01 -3.9429e+00 -3.6202e+00 -5.2053e+00 +6.1211e+00 -3.3069e-01 -3.8161e-01 +2.6909e+00 -2.2124e+00 -4.2673e+00 +5.0197e+00 -3.7662e+00 -3.7752e-01 +1.8430e+00 -2.6283e+00
7326 0 +2.715535734e+01 +2.715535734e+01 +1.367253573e+02 +1.367253573e+02 -1.1375e+00 +7.9383e-01 -1.1497e+00 -3.4127e+00 -4.2234e+00 +3.6686e-01 -1.2299e+00 -3.0561e+00 +7.2050e-01 +2.0268e+00 +2.7735e+00 -4.4282e-01 -3.1578e-01 +2.6885e+00 -4.7500e+00 -8.9228e-01 +7.3165e-01 +1.6426e+00 +5.4271e-01 +3.3095e+00
9048 0 +2.474478950e+01 +2.474478950e+01 +1.343147895e+02 +1.343147895e+02 -3.6652e+00 -5.0256e+00 +3.6903e+00 +4.5637e+00 -1.8487e+00 -9.1094e-01 -2.0192e+00 -1.9913e+00 -3.7706e+00 -2.9473e+00 -1.9263e+00 +4.4144e-01 +1.3122e+00 -7.3771e-01 +5.7026e+00 -2.5441e+00 -4.0059e+00 -1.4532e+00 -4.5595e+00 +2.8809e+00
18473 0 +2.391103914e+01 +2.391103914e+01 +1.334810391e+02 +1.334810391e+02 -4.2371e+00 +2.6040e+00 -2.7740e+00 +3.2496e+00 +5.4043e+00 -5.0292e+00 -1.0665e+00 -2.0678e+00 -1.8562e+00 -4.6090e+00 -4.8751e+00 +2.7438e-01 -5.2587e+00 -4.4832e+00 -3.0954e+00 -2.0606e+00 -3.6415e+00 -4.1893e+00 -2.3583e+00 +4.8457e+00
26490 0 +2.215831074e+01 +2.215831074e+01 +1.317283107e+02 +1.317283107e+02 +4.4638e+00 +3.8040e+00 -3.1252e+00 -2.9586e+00 -4.0626e+00 +1.2824e+00 +2.1099e+00 -7.9906e-01 -4.3660e-01 +2.6810e-01 -8.0801e-01 -2.1538e+00 -1.0920e+00 +2.6496e+00 -3.8278e+00 -9.2037e-01 -1.0552e+00 -4.1483e+00 -7.4494e-01 +4.5388e+00
101783 0 +1.806938987e+01 +1.806938987e+01 +1.276393899e+02 +1.276393899e+02 -1.3139e-01 -8.6121e-01 +2.9419e+00 +3.1489e+00 +2.5213e-01 +3.1877e+00 -1.0074e+00 -1.7764e-01 +3.3450e+00 -2.8960e+00 +2.4987e+00 +6.4801e-01 -3.9660e+00 -1.1998e+00 -2.5185e+00 +5.5447e+00 -1.2271e+00 -2.4613e+00 -2.6010e+00 +4.0011e+00
408778 0 +1.737928837e+01 +1.737928837e+01 +1.269492884e+02 +1.269492884e+02 +4.4986e+00 -3.7512e-01 +3.1020e+00 +1.1035e+00 -3.2960e+00 -4.4838e+00 -2.6880e+00 +3.8641e+00 -1.8980e+00 -2.8271e+00 +4.8910e+00 -2.6420e+00 +3.9678e+00 +7.2312e-01 +2.7485e-01 -2.8222e+00 -2.9248e+00 -1.4196e+00 -4.7497e+00 -2.3254e+00
624296 0 +1.589469936e+01 +1.589469936e+01 +1.254646994e+02 +1.254646994e+02 +7.4348e-01 -4.2011e+00 -2.2898e+00 +1.5459e+00 +1.4457e+00 -1.2790e+00 -1.4303e-01 +3.9583e+00 -6.0930e+00 +4.4043e-01 -2.2491e+00 -5.1732e+00 -5.9357e+00 -3.4989e-01 +3.8455e+00 -1.5674e+00 -5.2165e+00 -2.4024e+00 +4.6095e-01 +4.4232e+00
856365 0 +1.526417427e+01 +1.526417427e+01 +1.248341743e+02 +1.248341743e+02 -1.3030e+00 -1.3098e+00 -1.6274e+00 -1.1366e+00 -3.1812e+00 +2.9821e+00 -2.2545e+00 -4.2642e+00 -2.3510e+00 +3.7129e+00 -6.2852e+00 -1.9342e+00 +5.6962e+00 -3.2320e-01 -7.4469e-01 -2.9024e+00 -3.6040e+00 +2.3501e+00 -5.5609e+00 -5.8412e+00
1348600 0 +1.228870930e+01 +1.228870930e+01 +1.218587093e+02 +1.218587093e+02 +1.0003e+00 -1.6991e+00 -2.7560e+00 -1.4320e+00 +8.7638e-01 +1.3572e-01 -2.6084e+00 +5.2252e+00 -4.2528e+00 +3.3867e+00 -3.0309e+00 +3.4491e+00 -1.7996e+00 -3.1703e+00 +5.7449e+00 +2.9825e+00 +7.7655e-01 -1.5255e+00 -1.1071e+00 -2.1464e+00
% f evaluations | g evaluations | best noise-free fitness - Fopt | noise-free fitness - Fopt (7.836000000000e+01) | measured fitness | best measured fitness | x1 | x2...
1 0 +3.972104146e+01 +3.972104146e+01 +1.180810415e+02 +1.180810415e+02 +0.0000e+00 +0.0000e+00 +0.0000e+00 +0.0000e+00 +0.0000e+00 +0.0000e+00 +0.0000e+00 +0.0000e+00 +0.0000e+00 +0.0000e+00 +0.0000e+00 +0.0000e+00 +0.0000e+00 +0.0000e+00 +0.0000e+00 +0.0000e+00 +0.0000e+00 +0.0000e+00 +0.0000e+00 +0.0000e+00
86 0 +3.167208414e+01 +3.167208414e+01 +1.100320841e+02 +1.100320841e+02 -3.2867e+00 +2.8712e+00 -2.3239e+00 -2.0491e+00 -2.2717e+00 -2.7112e+00 +3.0126e+00 -2.5193e+00 -4.2970e+00 +2.7719e+00 +2.7408e+00 -4.0396e+00 +4.9359e+00 +2.6917e+00 -3.8882e+00 +1.7691e+00 +4.7336e+00 -2.5070e+00 +3.1601e+00 -1.3809e+00
169 0 +2.877708650e+01 +2.877708650e+01 +1.071370865e+02 +1.071370865e+02 +2.0115e+00 -2.4273e+00 +1.4665e+00 -4.7353e+00 +8.6730e-01 -1.2338e+00 -3.1285e+00 +4.0846e+00 -2.4959e-01 +3.2961e+00 +1.3052e+00 -1.2779e+00 +3.3047e+00 +2.6823e+00 -2.2546e+00 -4.4261e+00 +2.7111e+00 -1.6166e+00 +2.8927e+00 -2.7274e+00
8517 0 +2.581467667e+01 +2.581467667e+01 +1.041746767e+02 +1.041746767e+02 -2.1203e+00 +2.0358e-01 -1.8902e+00 +1.1956e+00 -8.4033e-01 -3.9025e+00 -3.1950e+00 +1.0585e+00 -1.6864e+00 +5.0910e-01 -2.7452e+00 +7.7301e-01 +1.9187e+00 -1.3868e+00 -1.9143e+00 -3.6537e-01 +3.0162e+00 -2.3294e+00 +1.3151e+00 -1.7192e+00
12232 0 +2.539048130e+01 +2.539048130e+01 +1.037504813e+02 +1.037504813e+02 +2.9655e+00 +8.2186e-01 +7.0460e-01 -1.0151e+00 -6.0996e+00 +3.8913e+00 -1.8086e+00 +5.4075e+00 +1.7335e-01 -8.2770e-01 +4.5943e+00 -2.1025e+00 +9.2000e-01 +4.5366e+00 -2.1814e+00 -5.3905e+00 +5.8298e-01 +3.1447e+00 +4.1909e+00 -1.0348e+00
12963 0 +2.269035737e+01 +2.269035737e+01 +1.010503574e+02 +1.010503574e+02 +1.0679e-01 +6.3683e+00 -2.0479e+00 -2.0811e-01 -1.4031e+00 +6.0806e-01 -4.1767e+00 +2.1699e-01 -1.3151e-01 -3.7446e+00 +6.4619e-01 -1.4951e+00 -7.4846e-01 -1.4656e+00 -4.8845e+00 +4.2166e+00 -3.5086e+00 -5.3910e+00 +2.7469e+00 +5.3711e+00
17125 0 +2.004109014e+01 +2.004109014e+01 +9.840109014e+01 +9.840109014e+01 +3.8904e+00 +3.8349e+00 -1.7132e-01 -2.6831e+00 -1.4777e+00 +2.0690e-01 -4.5395e+00 -4.2401e+00 -2.3180e+00 -1.2050e+00 +4.5692e+00 -1.8491e+00 +7.7255e-01 +2.2834e+00 -2.1415e+00 -2.3798e+00 +4.0887e+00 +1.3545e+00 -1.6521e+00 -1.8449e-01
20920 0 +1.814439493e+01 +1.814439493e+01 +9.650439493e+01 +9.650439493e+01 -3.8744e+00 -2.3888e+00 -3.3875e+00 -3.1066e+00 -4.2109e+00 -2.6508e+00 -4.8453e+00 +4.9536e+00 +2.3156e+00 -3.7018e-01 +4.6975e+00 -2.5040e+00 -3.0347e+00 +1.7834e+00 +3.1365e+00 -8.7380e-01 -5.4349e+00 -3.8167e+00 -5.5689e+00 +3.0736e+00
1244020 0 +1.635679850e+01 +1.635679850e+01 +9.471679850e+01 +9.471679850e+01 -2.3094e+00 -6.5219e-01 -2.9026e+00 -1.2774e+00 -2.5747e+00 +1.3677e+00 -2.9546e+00 +3.1470e+00 +1.4887e+00 -5.6683e+00 +2.1095e+00 -2.8412e+00 -3.6548e+00 +2.4518e+00 -2.7323e+00 +5.4707e+00 +3.8271e+00 -6.6499e+00 -1.1883e+00 +6.7316e-01
1297435 0 +1.565426449e+01 +1.565426449e+01 +9.401426449e+01 +9.401426449e+01 -1.8628e+00 -1.9411e+00 +1.0920e+00 -3.8515e+00 -5.1450e+00 -5.4671e+00 -3.1268e-01 -3.6172e+00 -6.3875e+00 -8.2658e-01 +4.3545e-01 +3.4103e+00 -2.8973e+00 -3.6610e+00 -4.8235e+00 +4.1630e-01 +4.6957e+00 -3.6934e+00 +1.6721e+00 +5.3750e+00
% f evaluations | g evaluations | best noise-free fitness - Fopt | noise-free fitness - Fopt (1.140900000000e+02) | measured fitness | best measured fitness | x1 | x2...
1 0 +6.229416661e+01 +6.229416661e+01 +1.763841666e+02 +1.763841666e+02 +0.0000e+00 +0.0000e+00 +0.0000e+00 +0.0000e+00 +0.0000e+00 +0.0000e+00 +0.0000e+00 +0.0000e+00 +0.0000e+00 +0.0000e+00 +0.0000e+00 +0.0000e+00 +0.0000e+00 +0.0000e+00 +0.0000e+00 +0.0000e+00 +0.0000e+00 +0.0000e+00 +0.0000e+00 +0.0000e+00
2 0 +5.928225104e+01 +5.928225104e+01 +1.733722510e+02 +1.733722510e+02 -3.1015e+00 +4.8930e+00 -4.3731e+00 -2.3969e+00 +1.6885e+00 -3.4209e+00 +6.4839e-01 +4.4182e+00 +3.0224e+00 -3.3865e+00 +4.2609e-01 +2.8537e+00 +2.3665e+00 -2.4610e+00 +2.3871e+00 +3.0356e+00 -3.9554e+00 -4.7416e+00 -4.1101e+00 +3.7493e-01
4 0 +4.371116088e+01 +4.371116088e+01 +1.578011609e+02 +1.578011609e+02 +3.9921e+00 -2.8193e+00 -4.4245e+00 +4.6041e+00 -3.8048e+00 -2.1485e+00 +3.7558e+00 -6.3253e-01 +4.1402e+00 -4.4479e+00 +7.3896e-01 -3.7504e+00 +4.4092e+00 +2.8124e+00 +4.8290e+00 -1.5329e+00 -1.4424e+00 -1.9639e+00 +1.1969e+00 +4.8484e+00
6 0 +3.749495774e+01 +3.749495774e+01 +1.515849577e+02 +1.515849577e+02 +1.6948e+00 -3.5510e+00 +3.2777e+00 -2.2716e+00 +1.3121e+00 +3.3666e+00 +4.1001e+00 +8.2625e-01 -2.3685e+00 -3.1386e+00 +9.0801e-01 +4.9008e+00 -2.2747e+00 +2.0846e+00 -2.9653e+00 +5.6062e-01 +4.9363e+00 -1.5715e+00 -1.5178e+00 -2.1184e+00
183 0 +3.171440597e+01 +3.171440597e+01 +1.458044060e+02 +1.458044060e+02 +1.2469e+00 +6.2921e-03 -9.0494e-01 +4.3242e+00 -3.6745e+00 +3.1689e+00 +3.2456e+00 +2.2565e+00 -7.4261e-01 +1.9085e+00 +6.1732e+00 +2.7779e+00 -7.9666e-01 -4.7366e-01 +5.8411e+00 +2.3815e-01 +1.5963e+00 +1.3973e+00 -4.1762e+00 +4.2015e+00
1421 0 +3.162035922e+01 +3.162035922e+01 +1.457103592e+02 +1.457103592e+02 -1.6925e+00 -8.4655e-01 +3.7440e+00 -6.6270e-01 +3.9057e+00 +4.4221e+00 -2.9172e+00 -1.0220e+00 +4.1812e+00 +1.2812e+00 -3.6536e+00 -1.2431e+00 +4.5750e+00 +2.6267e+00 +9.9811e-02 +6.5741e-01 -4.4510e+00 -3.5243e+00 +3.1859e+00 -2.5265e+00
5264 0 +2.591914476e+01 +2.591914476e+01 +1.400091448e+02 +1.400091448e+02 -4.1646e+00 -4.6530e+00 -3.2836e+00 -3.2065e+00 +4.3695e+00 -3.5139e+00 -1.4678e-01 -5.6434e+00 +1.9613e+00 +5.2530e+00 +5.4787e+00 -7.4119e-03 -2.6830e-02 +6.2166e+00 +2.4349e+00 -4.5057e-02 +5.3707e+00 +2.9569e+00 -9.0768e-01 +2.4882e+00
6530 0 +2.540199476e+01 +2.540199476e+01 +1.394919948e+02 +1.394919948e+02 -2.5202e+00 +4.8930e+00 -4.3731e+00 +1.8057e+00 -3.2250e+00 -3.4209e+00 -1.3896e+00 -2.1683e+00 +9.8585e-01 +5.7632e-01 -4.9639e-01 +2.8537e+00 -2.0386e-01 -2.4610e+00 +2.3871e+00 +6.2575e+00 -3.9554e+00 -4.7416e+00 -3.4044e+00 +4.3949e+00
7552 0 +2.411126860e+01 +2.411126860e+01 +1.382012686e+02 +1.382012686e+02 -3.9952e+00 -2.4097e+00 -8.6553e-01 +4.9481e+00 +5.0318e+00 +5.8627e+00 +1.3715e+00 -2.2541e-01 -4.8046e+00 -1.5647e+00 +1.8598e+00 +1.9213e+00 +4.3057e+00 -5.2970e+00 +2.2538e+00 -7.8850e-01 +2.3804e+00 +7.4742e-01 +1.7191e+00 +3.9556e+00
31013 0 +2.034037452e+01 +2.034037452e+01 +1.344303745e+02 +1.344303745e+02 +3.5571e+00 -2.7033e+00 -9.4145e-01 -2.4716e+00 +4.5181e+00 +3.0511e+00 +2.8895e+00 -2.1465e+00 -2.6592e+00 -3.2328e+00 -8.0812e-01 +6.6704e+00 +3.4982e+00 -1.6356e+00 +3.6097e-01 -3.0528e+00 +5.3461e+00 -1.3455e+00 +4.0947e-01 +4.4889e+00
82027 0 +1.728256149e+01 +1.728256149e+01 +1.313725615e+02 +1.313725615e+02 +1.7562e+00 +1.1170e+00 +6.7178e+00 -3.9426e+00 +5.0329e+00 -1.2860e+00 -3.8323e+00 +1.3425e+00 -2.1931e+00 +2.8210e+00 -1.9229e+00 +2.0180e+00 +7.2156e+00 -2.9095e+00 +1.0175e+00 +2.3095e+00 -2.1666e+00 -3.2869e+00 +2.8998e+00 -5.4997e+00
1249344 0 +1.659355485e+01 +1.659355485e+01 +1.306835549e+02 +1.306835549e+02 +7.6343e-01 +5.1175e+00 +6.8882e-03 -1.8473e+00 +2.4269e-01 +4.1797e+00 -4.6560e+00 -5.2996e+00 +2.1816e+00 -4.1984e+00 -3.9100e+00 -5.9142e+00 +2.6312e+00 -5.1597e+00 -2.8418e+00 +3.0176e+00 +4.9057e+00 -4.4198e-01 +8.1820e-01 +2.9495e+00
1575867 0 +1.572067033e+01 +1.572067033e+01 +1.298106703e+02 +1.298106703e+02 -3.3568e+00 -3.5198e+00 +5.2181e-01 -2.4166e+00 -1.0441e+00 -3.9335e+00 +1.6075e+00 -3.5974e+00 -6.3386e+00 +2.3384e+00 -3.2187e+00 +5.4606e+00 +7.5051e-01 +7.2897e+00 -2.3945e+00 -1.2473e+00 +4.3955e+00 -1.4918e+00 -1.4105e+00 +3.1225e+00
% f evaluations | g evaluations | best noise-free fitness - Fopt | noise-free fitness - Fopt (-5.445900000000e+02) | measured fitness | best measured fitness | x1 | x2...
1 0 +9.322658084e+01 +9.322658084e+01 -4.513634192e+02 -4.513634192e+02 +0.0000e+00 +0.0000e+00 +0.0000e+00 +0.0000e+00 +0.0000e+00 +0.0000e+00 +0.0000e+00 +0.0000e+00 +0.0000e+00 +0.0000e+00 +0.0000e+00 +0.0000e+00 +0.0000e+00 +0.0000e+00 +0.0000e+00 +0.0000e+00 +0.0000e+00 +0.0000e+00 +0.0000e+00 +0.0000e+00
2 0 +6.141219571e+01 +6.141219571e+01 -4.831778043e+02 -4.831778043e+02 +4.6450e+00 +1.8941e+00 +2.8390e+00 +8.8890e-01 +4.8984e+00 +5.1482e-01 +3.0700e+00 +1.0325e+00 -2.1393e+00 +7.4171e-01 -4.8240e+00 +2.5937e+00 +4.7916e+00 +2.5295e+00 +2.5141e+00 +4.5250e-01 -9.6876e-01 +1.2144e+00 -4.5183e+00 +2.3607e+00
4 0 +5.058839178e+01 +5.058839178e+01 -4.940016082e+02 -4.940016082e+02 -1.2290e+00 +8.6070e-01 -4.7513e+00 -2.1128e-02 -3.1153e+00 -3.0228e+00 -3.8342e+00 +4.7118e+00 +5.5383e-02 -8.9302e-01 -3.0317e+00 -4.3754e+00 +3.2135e+00 +4.5870e+00 -9.9066e-01 -4.9377e+00 -3.8395e+00 -5.4419e-01 -2.8115e+00 -4.6718e+00
38 0 +3.975080095e+01 +3.975080095e+01 -5.048391990e+02 -5.048391990e+02 +4.2944e+00 +1.1935e+00 -4.0968e+00 +3.1615e+00 +2.9117e+00 -5.3072e-01 -7.4572e-01 +4.2973e+00 +3.6628e+00 +1.2256e+00 +5.9802e-01 +1.1011e+00 +1.9698e+00 +1.4152e+00 -1.1076e+00 -3.7739e+00 +3.0673e+00 -2.3128e-01 -1.4976e-01 -7.2344e-01
187 0 +3.704924321e+01 +3.704924321e+01 -5.075407568e+02 -5.075407568e+02 -2.4687e+00 +8.8486e-01 +5.2630e-01 +4.2918e+00 -2.2501e+00 +7.2928e-01 -9.9610e-01 +2.4503e+00 -4.1836e+00 +1.3919e+00 +2.3156e+00 +1.0493e+00 +4.8300e+00 -2.7961e+00 +3.2939e+00 +1.5225e+00 +6.9835e-01 +4.5635e+00 +1.9694e+00 +2.1807e-01
342 0 +3.420027872e+01 +3.420027872e+01 -5.103897213e+02 -5.103897213e+02 +2.9340e+00 +3.8330e+00 +3.0947e+00 +1.3079e+00 +1.4229e+00 +5.2447e+00 +3.5131e-01 -4.0380e-01 -5.1642e-01 +2.7208e+00 +4.2577e+00 +3.9188e-01 -4.5556e-01 -3.0125e+00 -4.3518e+00 -2.3234e-01 +1.7526e+00 -4.7440e+00 -1.3886e+00 +2.0706e+00
705 0 +2.387217056e+01 +2.387217056e+01 -5.207178294e+02 -5.207178294e+02 +1.1536e+00 -2.7842e+00 -3.4392e+00 -3.6922e+00 -3.9635e-01 +1.0544e+00 -7.2923e-01 +4.6257e+00 +2.3701e+00 +7.3583e-01 +4.4110e+00 +5.2156e+00 -6.0229e-01 -2.1680e+00 +1.4694e+00 -3.5621e+00 +2.1656e+00 +4.4655e+00 -4.6765e+00 +2.8388e+00
810 0 +2.325371530e+01 +2.325371530e+01 -5.213362847e+02 -5.213362847e+02 -1.5500e+00 +1.9295e-01 +1.5141e+00 +5.9259e+00 -2.3690e+00 +3.5426e+00 +1.2236e+00 +4.7973e+00 -2.0945e+00 -3.9968e-01 +1.4807e+00 +3.1954e+00 +5.8934e-01 -2.6802e+00 +4.0014e-01 +2.0331e+00 +3.2822e+00 +3.3076e+00 +5.3672e+00 +1.3197e+00
3809 0 +1.913677858e+01 +1.913677858e+01 -5.254532214e+02 -5.254532214e+02 +1.6449e+00 -6.4909e-01 -2.3263e+00 +1.1778e+00 -8.3676e-02 -4.1536e+00 +1.8586e+00 -7.1094e-01 -3.9268e+00 +1.4890e+00 -1.3125e-01 +3.5230e+00 -6.0408e+00 +4.5805e-01 -2.8429e-01 +1.4047e+00 +6.6338e+00 -4.3795e+00 -4.8348e+00 +2.9490e+00
93533 0 +1.475310797e+01 +1.475310797e+01 -5.298368920e+02 -5.298368920e+02 -6.6326e-01 -3.2874e+00 +1.5046e+00 +4.8332e+00 -3.1416e+00 -1.7937e+00 -2.6337e+00 +3.3258e+00 -1.0568e-01 +3.8923e+00 -3.1840e+00 -3.2793e+00 +4.2268e-01 -1.7171e+00 +4.6443e+00 +2.1414e+00 -2.8769e+00 -8.9628e-01 -9.9970e-01 +2.9318e+00
