% function evaluation | noise-free fitness - Fopt (7.135000000000e+01) | best noise-free fitness - Fopt | measured fitness | best measured fitness | x1 | x2...
1 +1.011049114e+02 +1.011049114e+02 +1.724549114e+02 +1.724549114e+02 +6.4837e-01 -2.9532e+00 -2.9290e+00 -1.3693e+00 -1.6487e+00 -2.7233e+00 -1.5505e+00 +2.7868e+00 +5.0645e-02 +5.2536e-01 +1.1062e+00 +3.6409e+00 +1.9931e+00 -2.9530e+00 -1.6147e+00 +3.0184e+00 -2.3528e+00 +3.7430e+00 -2.7000e+00 -2.2912e+00
4 +6.739085225e+01 +6.739085225e+01 +1.387408523e+02 +1.387408523e+02 +5.3390e+00 -2.3280e+00 +2.6393e-01 -1.4922e-01 +2.9118e+00 -2.4581e+00 +7.9888e-01 +3.4862e+00 -1.9567e+00 -6.7045e-01 +3.1204e+00 +6.6868e+00 +2.9795e+00 -4.0122e+00 -1.7764e+00 +1.8875e+00 +1.1516e+00 +3.1194e+00 -5.1055e+00 -1.4983e+00
5 +5.260718831e+01 +5.260718831e+01 +1.239571883e+02 +1.239571883e+02 +1.0756e+00 -5.4706e+00 -6.0878e+00 -2.0108e+00 +2.5040e+00 +2.5151e-01 -2.9943e+00 +4.3989e+00 +1.8029e+00 -3.0230e-02 +1.5218e+00 +1.5187e+00 +2.4739e+00 -6.7592e-01 -1.7975e+00 +2.7073e+00 -3.9314e+00 +3.6103e+00 -3.7194e+00 -1.8381e+00
89 +3.648666059e+01 +3.648666059e+01 +1.078366606e+02 +1.078366606e+02 +5.2381e+00 -1.1625e+00 -1.0575e+00 +2.0046e+00 +4.5414e-01 +4.1043e-01 -7.4868e-01 +8.6355e-01 -2.8703e+00 -2.7332e-01 -6.0609e-01 +2.6129e+00 +4.5568e+00 -1.4079e+00 -1.4884e+00 +3.1369e+00 -3.5750e+00 +3.0442e-01 -2.9982e+00 -5.1060e+00
1930 +2.437365521e+01 +2.437365521e+01 +9.572365521e+01 +9.572365521e+01 +5.4166e+00 +1.0909e+00 +5.2248e+00 +4.0544e+00 -3.0365e+00 +6.0968e+00 -2.1085e-01 -1.2546e+00 -2.3130e+00 +1.1877e+00 -8.4471e+00 +2.4041e+00 +2.5416e+00 +4.8391e+00 -7.1174e+00 +5.7768e-01 -6.6146e+00 +2.8004e+00 +5.5708e+00 -2.6000e+00
2288 +1.571827643e+01 +1.571827643e+01 +8.706827643e+01 +8.706827643e+01 +5.3390e+00 +1.1875e+00 +5.2329e+00 +4.2568e+00 -4.4044e+00 +6.3924e+00 -5.1325e-01 -1.7556e+00 -2.5192e+00 +1.1472e+00 -8.2098e+00 +1.6678e+00 +2.8048e+00 +4.8643e+00 -7.0402e+00 +4.0237e-01 -6.3443e+00 +3.9730e+00 +5.5314e+00 -2.5728e+00
2596 +9.619472652e+00 +9.619472652e+00 +8.096947265e+01 +8.096947265e+01 +5.9723e+00 +9.1774e-01 +5.8680e+00 +4.3778e+00 -4.3786e+00 +6.2164e+00 -5.9696e-01 -1.5309e+00 -2.5618e+00 +1.3443e+00 -7.4467e+00 +1.5164e+00 +2.6516e+00 +4.6788e+00 -6.6203e+00 +6.6753e-01 -5.8498e+00 +4.1593e+00 +5.2928e+00 -2.7275e+00
3439 +6.280807209e+00 +6.280807209e+00 +7.763080721e+01 +7.763080721e+01 +6.0529e+00 +8.0787e-01 +5.7612e+00 +4.3656e+00 -4.6570e+00 +6.2987e+00 -4.9388e-01 -1.5453e+00 -2.5875e+00 +1.3537e+00 -7.2305e+00 +1.6147e+00 +2.6576e+00 +4.6643e+00 -6.6390e+00 +8.3715e-01 -5.3432e+00 +4.0733e+00 +5.3910e+00 -2.7378e+00
27356 +3.978214959e+00 +3.978214959e+00 +7.532821496e+01 +7.532821496e+01 +6.4395e+00 +1.0444e+00 +1.4546e-01 -6.3480e-01 -4.0398e-01 -1.7042e+00 -6.3080e-01 -1.9849e+00 -4.4811e+00 +5.6538e+00 -1.4776e-02 -1.3919e+00 +6.3556e+00 +4.1395e-01 +2.9375e+00 -2.7739e+00 +2.5207e-01 +2.9808e+00 -4.3815e+00 -5.5993e+00
61211 +2.123133304e+00 +2.123133304e+00 +7.347313330e+01 +7.347313330e+01 +8.4233e-01 +4.9725e+00 -5.4584e+00 -2.3852e+00 -3.8947e+00 -3.0074e+00 -2.2023e+00 +4.6794e+00 -3.9504e-01 +2.6004e+00 -1.1682e+00 -1.6756e+00 +1.8785e+00 +2.5776e+00 +3.3127e+00 -2.2382e+00 -4.4415e+00 +3.2138e+00 -5.9890e+00 -3.1188e+00
61679 +1.513705437e+00 +1.513705437e+00 +7.286370544e+01 +7.286370544e+01 +8.0199e-01 +4.9378e+00 -5.5488e+00 -2.2870e+00 -3.9000e+00 -2.9954e+00 -2.1593e+00 +4.6338e+00 -4.3643e-01 +2.6499e+00 -1.1992e+00 -1.6289e+00 +1.9382e+00 +2.6652e+00 +3.2419e+00 -2.2191e+00 -4.4570e+00 +3.2846e+00 -6.0790e+00 -3.0406e+00
62858 +9.875200917e-01 +9.875200917e-01 +7.233752009e+01 +7.233752009e+01 +7.9075e-01 +4.9671e+00 -5.5157e+00 -2.2806e+00 -3.9054e+00 -2.9396e+00 -2.1719e+00 +4.6222e+00 -3.7756e-01 +2.6416e+00 -1.2234e+00 -1.6092e+00 +1.9698e+00 +2.6588e+00 +3.2382e+00 -2.2709e+00 -4.4557e+00 +3.3439e+00 -6.0402e+00 -3.0128e+00
129091 +6.185121210e-01 +6.185121210e-01 +7.196851212e+01 +7.196851212e+01 +3.2161e-01 +3.6063e+00 +4.6586e+00 -5.9818e-02 +4.1089e+00 +7.1257e-01 -3.0207e+00 -1.2832e+00 +2.2133e+00 -6.7346e-01 +4.6882e-01 +1.5331e-02 -4.8956e+00 +3.7812e+00 -3.8894e-01 +4.8565e+00 -3.5370e+00 -2.8541e-01 +5.2192e+00 -1.9463e+00
129712 +3.979546790e-01 +3.979546790e-01 +7.174795468e+01 +7.174795468e+01 +3.2222e-01 +3.5958e+00 +4.6753e+00 -1.0635e-01 +4.0811e+00 +6.8684e-01 -2.9878e+00 -1.2915e+00 +2.2267e+00 -6.5295e-01 +4.4717e-01 +4.0434e-02 -4.8957e+00 +3.7604e+00 -3.6568e-01 +4.8777e+00 -3.5401e+00 -2.9765e-01 +5.2314e+00 -1.9559e+00
132121 +2.509809671e-01 +2.509809671e-01 +7.160098097e+01 +7.160098097e+01 +3.2406e-01 +3.5897e+00 +4.6633e+00 -9.6752e-02 +4.0819e+00 +6.8446e-01 -2.9789e+00 -1.2915e+00 +2.2198e+00 -6.4525e-01 +4.4337e-01 +4.9015e-02 -4.9008e+00 +3.7597e+00 -3.5728e-01 +4.8778e+00 -3.5298e+00 -2.8875e-01 +5.2341e+00 -1.9644e+00
% function evaluation | noise-free fitness - Fopt (-3.552200000000e+02) | best noise-free fitness - Fopt | measured fitness | best measured fitness | x1 | x2...
1 +8.234618656e+01 +8.234618656e+01 -2.728738134e+02 -2.728738134e+02 +4.0211e-02 +3.9154e-01 +2.3948e+00 +3.3254e+00 -2.6781e+00 -2.5133e+00 -2.6510e+00 -3.3109e+00 -3.6218e-01 +1.1881e+00 +3.5486e+00 +1.8377e+00 +6.4281e-01 -4.4138e-01 +1.4225e+00 -2.9078e+00 +2.9651e+00 +1.8627e+00 -2.9421e+00 +1.3771e+00
7 +4.413169716e+01 +4.413169716e+01 -3.110883028e+02 -3.110883028e+02 +1.6463e+00 +2.8087e+00 +1.2474e+00 +4.5470e+00 -3.8600e+00 -1.7478e+00 -4.8468e+00 -5.6903e+00 -1.5922e+00 +3.2938e+00 +4.1664e+00 -5.7827e-01 +1.1815e+00 +5.9222e-01 +1.5681e+00 -2.8054e+00 +8.4897e-01 +4.1564e-01 -4.4679e+00 -5.1685e-01
69 +3.933494913e+01 +3.933494913e+01 -3.158850509e+02 -3.158850509e+02 -2.5845e+00 +4.1874e+00 -9.3671e-01 +4.7040e+00 -4.5539e+00 -2.4426e+00 -2.3307e+00 -4.4226e+00 -3.4762e+00 -1.1694e+00 +1.8584e+00 +3.2962e+00 +2.2020e+00 +5.7069e-01 -2.2998e+00 -3.9755e+00 +6.5707e-01 -1.7718e+00 -4.0397e+00 +2.4760e+00
2133 +2.371044798e+01 +2.371044798e+01 -3.315095520e+02 -3.315095520e+02 +3.1404e+00 -2.7852e+00 -1.6375e+00 +4.7567e+00 -4.0295e+00 -3.4661e+00 +2.9080e+00 +5.3512e+00 +8.7499e-01 -3.1517e+00 -6.4590e-01 +2.7816e+00 +2.4620e+00 +5.0185e+00 -1.5510e+00 -9.4770e-01 -1.9624e+00 -2.8043e+00 -1.6704e+00 +1.6791e+00
2477 +1.225627113e+01 +1.225627113e+01 -3.429637289e+02 -3.429637289e+02 +3.0597e+00 -2.3982e+00 -2.2777e+00 +3.7931e+00 -3.7777e+00 -2.5649e+00 +2.7549e+00 +6.3396e+00 -5.9970e-01 -3.1625e+00 -2.3159e+00 +1.4431e+00 +3.0771e+00 +5.2195e+00 -1.4566e+00 -6.4151e-01 -3.5827e+00 -2.4158e+00 +3.2677e-01 +3.3337e+00
2813 +9.712088255e+00 +9.712088255e+00 -3.455079117e+02 -3.455079117e+02 +3.1501e+00 -2.0097e+00 -2.5012e+00 +3.1206e+00 -3.4772e+00 -2.9215e+00 +3.2728e+00 +5.6935e+00 -2.2788e-01 -3.6173e+00 -2.3246e+00 +1.6587e+00 +3.3905e+00 +5.0310e+00 -1.1644e+00 -7.7806e-01 -4.0023e+00 -2.3522e+00 +3.5508e-01 +2.4671e+00
2992 +6.035443031e+00 +6.035443031e+00 -3.491845570e+02 -3.491845570e+02 +2.8890e+00 -2.2701e+00 -1.9843e+00 +3.5043e+00 -3.8191e+00 -2.7372e+00 +2.6672e+00 +5.6960e+00 -2.4730e-01 -3.6765e+00 -2.2356e+00 +1.1401e+00 +3.2002e+00 +5.1848e+00 -1.1151e+00 -8.6519e-01 -3.8689e+00 -2.1193e+00 +1.1790e-01 +3.1417e+00
3237 +2.980351242e+00 +2.980351242e+00 -3.522396488e+02 -3.522396488e+02 +2.8868e+00 -2.7131e+00 -2.0077e+00 +3.5702e+00 -3.8547e+00 -2.7892e+00 +3.0586e+00 +5.1764e+00 +1.8755e-02 -3.6994e+00 -2.4113e+00 +1.2541e+00 +3.0460e+00 +4.9262e+00 -6.0497e-01 -4.9768e-01 -3.7562e+00 -1.8797e+00 -2.8252e-02 +2.9932e+00
3242 +2.371133598e+00 +2.371133598e+00 -3.528488664e+02 -3.528488664e+02 +2.8455e+00 -2.7714e+00 -2.0794e+00 +3.5502e+00 -3.8700e+00 -2.8334e+00 +2.9172e+00 +5.2063e+00 -8.3469e-02 -3.5395e+00 -2.3978e+00 +1.0908e+00 +3.0232e+00 +5.0928e+00 -6.1200e-01 -4.5072e-01 -3.7188e+00 -1.9258e+00 -1.0941e-02 +3.0543e+00
3691 +1.316359554e+00 +1.316359554e+00 -3.539036404e+02 -3.539036404e+02 +2.8086e+00 -2.6344e+00 -2.0325e+00 +3.5068e+00 -3.8184e+00 -2.7556e+00 +2.9482e+00 +5.3455e+00 -3.3789e-02 -3.6072e+00 -2.5279e+00 +1.1150e+00 +2.9857e+00 +4.9027e+00 -6.3231e-01 -3.7674e-01 -3.8208e+00 -1.8876e+00 +5.1732e-02 +3.1760e+00
3812 +8.972900458e-01 +8.972900458e-01 -3.543227100e+02 -3.543227100e+02 +2.8404e+00 -2.7322e+00 -2.0736e+00 +3.5268e+00 -3.7967e+00 -2.7509e+00 +2.9377e+00 +5.3552e+00 -2.0315e-02 -3.5591e+00 -2.4199e+00 +1.1342e+00 +2.9894e+00 +4.9806e+00 -7.1128e-01 -3.2587e-01 -3.7557e+00 -1.8895e+00 +4.1520e-02 +3.2046e+00
4158 +6.276123270e-01 +6.276123270e-01 -3.545923877e+02 -3.545923877e+02 +2.7689e+00 -2.7561e+00 -2.0883e+00 +3.4393e+00 -3.7875e+00 -2.7668e+00 +2.9655e+00 +5.2908e+00 -1.3440e-02 -3.5737e+00 -2.4503e+00 +1.1154e+00 +2.9649e+00 +5.0004e+00 -7.1725e-01 -3.0879e-01 -3.7689e+00 -1.9192e+00 +1.1681e-02 +3.1905e+00
4723 +3.859153634e-01 +3.859153634e-01 -3.548340846e+02 -3.548340846e+02 +2.7761e+00 -2.7511e+00 -2.0752e+00 +3.4824e+00 -3.8296e+00 -2.7483e+00 +2.9655e+00 +5.3020e+00 -1.5345e-02 -3.6017e+00 -2.4519e+00 +1.1342e+00 +2.9415e+00 +4.9803e+00 -7.0383e-01 -3.3992e-01 -3.7448e+00 -1.9255e+00 -1.0518e-02 +3.2082e+00
748479 +2.490150596e-01 +2.490150596e-01 -3.549709849e+02 -3.549709849e+02 -3.6706e+00 -2.5079e-01 +3.0145e+00 -3.3850e-01 -3.3902e+00 -4.0259e-01 -5.0191e+00 +8.7714e-01 -7.6187e-01 -2.9313e+00 -1.1738e+00 +4.9742e-01 -3.4531e-02 -5.8823e-02 +3.4553e+00 -1.7225e+00 -4.1034e+00 -3.1203e+00 -3.1666e+00 -2.0657e+00
% function evaluation | noise-free fitness - Fopt (9.917000000000e+01) | best noise-free fitness - Fopt | measured fitness | best measured fitness | x1 | x2...
1 +9.788502120e+01 +9.788502120e+01 +1.970550212e+02 +1.970550212e+02 +1.0102e+00 +3.9012e+00 -2.4379e+00 +8.5959e-01 +3.7938e+00 +1.1350e+00 -1.2646e+00 -2.1500e+00 -3.8719e+00 -2.5776e+00 -2.1562e+00 -1.9910e+00 +2.2493e-01 +3.1502e+00 +2.3175e+00 -3.3270e+00 +7.6577e-01 -3.4994e+00 +1.9999e+00 +3.9676e-01
3 +5.436768175e+01 +5.436768175e+01 +1.535376817e+02 +1.535376817e+02 -2.2365e-01 +4.2847e+00 -9.9975e-01 +1.1301e+00 +1.1686e+00 -4.3977e+00 +8.9321e-01 -3.7843e+00 -6.0740e+00 -2.1211e+00 -1.9817e+00 -3.9297e+00 -1.2575e+00 +2.8068e+00 +5.9565e+00 -7.3923e+00 -2.2106e+00 -2.8635e+00 -2.8437e-01 +5.1350e+00
59 +3.870072523e+01 +3.870072523e+01 +1.378707252e+02 +1.378707252e+02 -1.4401e+00 +7.7026e+00 +5.5693e+00 -6.5492e-01 +1.2414e+00 +4.2583e-01 -4.6910e+00 -1.6998e+00 -3.4758e+00 +6.8234e-01 -4.0268e-02 -6.5357e-01 +1.8291e+00 +4.8672e+00 +1.4791e+00 -3.6295e+00 +3.1097e+00 -5.8107e-01 -5.6580e+00 +3.1003e+00
2557 +2.404023024e+01 +2.404023024e+01 +1.232102302e+02 +1.232102302e+02 -4.2588e+00 +6.2764e+00 +5.1914e+00 -2.5152e+00 -3.9792e+00 -5.5504e+00 -7.4600e+00 +6.9791e+00 -1.7809e+00 +5.2083e+00 -4.3479e+00 -4.8370e+00 +3.5102e+00 +2.2886e+00 +5.5587e+00 -5.2909e+00 +1.2039e-01 +3.6761e+00 +1.9980e+00 +2.5738e+00
3101 +1.530840821e+01 +1.530840821e+01 +1.144784082e+02 +1.144784082e+02 -4.9447e+00 +6.4584e+00 +5.1503e+00 -3.8848e+00 -3.9568e+00 -5.4268e+00 -7.3608e+00 +7.0034e+00 -2.2893e+00 +5.1644e+00 -4.5960e+00 -4.8228e+00 +4.0384e+00 +2.6780e+00 +5.5781e+00 -4.5784e+00 +1.0055e+00 +3.0719e+00 +2.4196e+00 +3.2201e+00
3747 +9.991993857e+00 +9.991993857e+00 +1.091619939e+02 +1.091619939e+02 -4.7137e+00 +6.2274e+00 +4.8889e+00 -3.4817e+00 -4.1019e+00 -5.5371e+00 -7.3383e+00 +6.4507e+00 -2.1604e+00 +5.6482e+00 -4.6185e+00 -4.4260e+00 +4.1399e+00 +2.7246e+00 +5.7975e+00 -4.4550e+00 +6.3343e-01 +2.6084e+00 +2.5238e+00 +3.0427e+00
16746 +6.237097917e+00 +6.237097917e+00 +1.054070979e+02 +1.054070979e+02 +2.2970e+00 -1.6491e+00 -4.8602e+00 -3.9457e+00 -5.4993e+00 +4.8778e+00 -2.3649e+00 +3.2440e+00 -5.9277e+00 -1.5805e+00 -1.4468e+00 +4.4072e+00 +4.1973e+00 -4.6905e+00 -5.0058e+00 -1.1099e+00 -2.3619e+00 +7.0333e+00 -4.4310e+00 -1.7618e+00
17921 +3.976025076e+00 +3.976025076e+00 +1.031460251e+02 +1.031460251e+02 +2.2187e+00 -1.5566e+00 -4.8726e+00 -4.0771e+00 -5.5049e+00 +4.9979e+00 -2.3578e+00 +3.2457e+00 -6.0660e+00 -1.6915e+00 -1.5045e+00 +4.4298e+00 +4.0195e+00 -4.6049e+00 -4.9918e+00 -1.2478e+00 -2.3029e+00 +6.9958e+00 -4.4607e+00 -1.6320e+00
49344 +2.506676992e+00 +2.506676992e+00 +1.016766770e+02 +1.016766770e+02 -4.0915e+00 +1.5115e-01 -1.2981e+00 -2.4656e+00 -5.6557e+00 -8.5844e-01 +4.4290e+00 +1.1750e+00 -3.4774e+00 +4.3749e+00 -2.0450e+00 -3.9283e+00 -3.5053e+00 +5.0553e+00 -6.0213e+00 +2.0400e+00 +3.1539e-01 -4.4780e+00 +1.3298e+00 +2.0457e+00
50197 +1.583462881e+00 +1.583462881e+00 +1.007534629e+02 +1.007534629e+02 -4.0584e+00 +1.5389e-01 -1.2844e+00 -2.4805e+00 -5.5337e+00 -9.1300e-01 +4.4517e+00 +1.1116e+00 -3.4353e+00 +4.4383e+00 -2.0549e+00 -3.8164e+00 -3.5231e+00 +5.0510e+00 -5.9358e+00 +1.9981e+00 +2.7522e-01 -4.4947e+00 +1.3426e+00 +2.0414e+00
88356 +9.685318060e-01 +9.685318060e-01 +1.001385318e+02 +1.001385318e+02 -1.6628e+00 +4.8371e-01 +5.3991e+00 -2.0592e+00 -1.7142e+00 +5.1608e-01 +4.4758e+00 -3.1492e+00 +4.0854e+00 -3.2813e+00 -4.8730e+00 -1.1621e+00 +4.2607e+00 -2.3747e-01 +5.0059e+00 -6.0628e-01 +1.4531e+00 -3.7153e+00 -4.9358e+00 -2.2215e+00
88629 +5.784710789e-01 +5.784710789e-01 +9.974847108e+01 +9.974847108e+01 -1.6611e+00 +4.7978e-01 +5.3701e+00 -2.0679e+00 -1.7166e+00 +5.2753e-01 +4.5147e+00 -3.1839e+00 +4.1058e+00 -3.2978e+00 -4.8770e+00 -1.1651e+00 +4.3005e+00 -1.9723e-01 +4.9686e+00 -6.2625e-01 +1.4721e+00 -3.7184e+00 -4.9827e+00 -2.2115e+00
89338 +3.963492695e-01 +3.963492695e-01 +9.956634927e+01 +9.956634927e+01 -1.6861e+00 +4.6386e-01 +5.3842e+00 -2.0773e+00 -1.7424e+00 +5.2331e-01 +4.5144e+00 -3.2307e+00 +4.1057e+00 -3.3355e+00 -4.8863e+00 -1.1446e+00 +4.3195e+00 -1.5880e-01 +4.9505e+00 -6.1568e-01 +1.4664e+00 -3.7221e+00 -4.9908e+00 -2.2220e+00
% function evaluation | noise-free fitness - Fopt (-5.179100000000e+02) | best noise-free fitness - Fopt | measured fitness | best measured fitness | x1 | x2...
1 +8.317128535e+01 +8.317128535e+01 -4.347387147e+02 -4.347387147e+02 -3.8389e+00 +1.7899e+00 +1.9871e+00 +2.1353e+00 +1.1969e+00 +2.9597e+00 +2.4944e+00 +2.7122e+00 +3.4161e+00 +5.7231e-01 +2.4297e-01 +1.4486e+00 +2.5532e+00 -4.9265e-01 +5.3948e-01 +1.8359e+00 +1.2908e+00 +3.3360e+00 -3.2346e+00 -3.5654e+00
3 +6.115957464e+01 +6.115957464e+01 -4.567504254e+02 -4.567504254e+02 -1.5888e+00 +3.8437e+00 +3.7318e-01 +6.5804e-01 +1.4469e+00 +1.2578e+00 +3.4428e-01 +2.0017e+00 +4.2639e+00 -4.3113e+00 +2.3252e+00 +2.9057e+00 +2.3500e+00 +6.0718e-01 -2.4446e+00 +1.1576e+00 +4.8177e-01 +5.3572e+00 -7.4670e-01 -3.7780e+00
84 +3.917750702e+01 +3.917750702e+01 -4.787324930e+02 -4.787324930e+02 -2.5836e+00 +4.2164e+00 +1.4184e-01 +8.0460e-01 +2.2827e+00 +2.9445e+00 +1.8694e+00 -1.4091e+00 +4.0697e+00 +3.0278e+00 +7.3663e+00 +1.7267e+00 +4.3220e+00 -1.0447e+00 -1.3518e+00 +5.4255e+00 +2.0863e+00 +1.7083e+00 -5.2729e-01 -5.5840e+00
1559 +1.874353773e+01 +1.874353773e+01 -4.991664623e+02 -4.991664623e+02 -1.3329e+00 -5.6115e-01 +2.7734e+00 -3.9956e+00 +7.2304e+00 +4.6646e+00 +3.0441e+00 +1.7252e+00 +2.2206e+00 -1.8935e+00 +2.7577e+00 +1.4898e-01 +3.3137e+00 -3.1132e+00 -2.8106e+00 -2.5211e+00 -1.5359e+00 +4.2005e+00 -7.1643e-01 -3.9239e-01
1831 +1.485970949e+01 +1.485970949e+01 -5.030502905e+02 -5.030502905e+02 -1.3278e+00 -3.5963e-01 +2.9114e+00 -3.2299e+00 +6.8979e+00 +4.6948e+00 +2.7001e+00 +1.2023e+00 +2.4260e+00 -1.6204e+00 +2.5258e+00 +6.3712e-01 +4.4305e+00 -2.6707e+00 -3.0359e+00 -2.0833e+00 -2.0050e+00 +3.4396e+00 -1.2644e+00 -1.1994e+00
1971 +9.869284714e+00 +9.869284714e+00 -5.080407153e+02 -5.080407153e+02 -1.0546e+00 +1.0444e-01 +2.8316e+00 -2.8122e+00 +6.7194e+00 +4.5535e+00 +2.3630e+00 +1.6182e+00 +1.9654e+00 -1.9353e+00 +2.5369e+00 +4.6724e-01 +4.3101e+00 -2.7825e+00 -3.2950e+00 -1.9748e+00 -2.2610e+00 +3.4909e+00 -1.3965e+00 -1.1321e+00
2238 +6.260110045e+00 +6.260110045e+00 -5.116498900e+02 -5.116498900e+02 -9.0730e-01 +6.2825e-02 +2.9233e+00 -2.7237e+00 +6.7912e+00 +4.5651e+00 +2.6248e+00 +1.5525e+00 +2.1147e+00 -1.9964e+00 +2.5917e+00 +4.1610e-01 +4.4271e+00 -2.8005e+00 -3.4536e+00 -2.0126e+00 -2.3464e+00 +3.2372e+00 -1.4649e+00 -1.1321e+00
2618 +3.914370989e+00 +3.914370989e+00 -5.139956290e+02 -5.139956290e+02 -1.1097e+00 -4.8712e-02 +2.8069e+00 -2.6544e+00 +6.8252e+00 +4.5977e+00 +2.5156e+00 +1.4425e+00 +2.1778e+00 -1.8641e+00 +2.7665e+00 +4.1990e-01 +4.4148e+00 -3.0226e+00 -3.5340e+00 -2.0492e+00 -2.2076e+00 +3.1210e+00 -1.4763e+00 -1.1791e+00
4325 +2.500547379e+00 +2.500547379e+00 -5.154094526e+02 -5.154094526e+02 -9.4924e-01 -1.9521e-01 +2.7884e+00 -2.6891e+00 +6.7512e+00 +4.6766e+00 +2.5276e+00 +1.3610e+00 +2.1917e+00 -1.8483e+00 +2.6380e+00 +4.1806e-01 +4.3203e+00 -3.0662e+00 -3.4678e+00 -2.1000e+00 -2.1622e+00 +3.0543e+00 -1.4748e+00 -1.2332e+00
26885 +1.517897083e+00 +1.517897083e+00 -5.163921029e+02 -5.163921029e+02 +9.7623e-01 -4.8682e+00 +7.2637e-01 -1.4938e+00 -5.0670e+00 -1.6615e+00 +5.6025e+00 +2.9259e+00 -1.6098e+00 +2.1401e+00 -8.8940e-01 -2.9471e+00 +3.0712e+00 -2.3045e+00 -3.2400e+00 +2.1477e+00 +1.9073e+00 +6.3756e-01 +4.0753e+00 -5.1527e+00
28560 +9.943226872e-01 +9.943226872e-01 -5.169156773e+02 -5.169156773e+02 +9.6007e-01 -4.8798e+00 +7.4058e-01 -1.4963e+00 -5.0779e+00 -1.6529e+00 +5.6013e+00 +2.9145e+00 -1.6218e+00 +2.1727e+00 -8.8247e-01 -2.9841e+00 +3.0707e+00 -2.2958e+00 -3.2523e+00 +2.1496e+00 +1.9281e+00 +6.3745e-01 +4.0900e+00 -5.1574e+00
476779 +6.296535245e-01 +6.296535245e-01 -5.172803465e+02 -5.172803465e+02 -4.0873e+00 -3.6758e+00 -3.0140e+00 +3.5203e+00 -3.1998e+00 -4.3974e+00 +1.0502e+00 +3.3844e+00 +2.9148e+00 +3.5054e+00 +3.9253e+00 -3.4995e+00 -1.4918e+00 +7.7505e-02 +5.5988e+00 +2.5130e+00 +3.1057e+00 -9.2333e-01 -2.9081e-01 +1.6406e+00
778032 +3.954100617e-01 +3.954100617e-01 -5.175145899e+02 -5.175145899e+02 -5.1530e+00 -4.5137e+00 -2.5444e+00 -2.6797e+00 +2.4805e+00 -3.0338e+00 +1.3418e+00 -3.0608e+00 +4.0502e+00 +3.1280e+00 -2.9699e+00 +2.2758e+00 -3.6743e+00 -4.5726e+00 +2.9235e+00 -5.0766e+00 +4.3362e+00 +4.7791e+00 -5.7876e+00 -4.7889e+00
% function evaluation | noise-free fitness - Fopt (-5.721000000000e+01) | best noise-free fitness - Fopt | measured fitness | best measured fitness | x1 | x2...
1 +7.943750625e+01 +7.943750625e+01 +2.222750625e+01 +2.222750625e+01 +1.5993e+00 -2.9162e+00 +2.9502e+00 +3.1195e+00 +2.2833e+00 +1.7316e+00 -3.2652e+00 -9.3214e-01 +3.2799e-01 -2.8612e+00 -6.0892e-01 -3.4876e+00 +2.4077e+00 +2.4487e+00 +3.4758e+00 -9.3151e-01 -2.3716e+00 -3.6089e+00 +4.0955e-01 +3.9758e+00
13 +4.607602944e+01 +4.607602944e+01 -1.113397056e+01 -1.113397056e+01 -5.1410e-02 -1.9864e+00 +7.7278e-01 +2.9431e-01 +4.3962e+00 +2.1644e-01 -6.1697e-01 -1.0886e+00 -1.0915e+00 -5.1188e+00 +6.8786e-01 -8.3628e+00 +3.2855e+00 +1.9647e+00 +3.5391e+00 +4.3767e-01 -4.4263e+00 -2.6886e+00 +1.0402e+00 +9.9273e-01
105 +3.648591201e+01 +3.648591201e+01 -2.072408799e+01 -2.072408799e+01 +6.4757e+00 -2.1184e+00 -6.4424e+00 +4.0037e+00 +1.2994e+00 -2.4266e+00 -8.8638e+00 -1.2476e+00 -3.6625e+00 -2.5191e+00 +5.5473e+00 -2.2606e-01 +3.1368e+00 +2.4055e-01 +5.6974e+00 -1.8090e+00 -4.2411e+00 -3.8688e-01 -4.1077e+00 -4.4605e-02
1323 +2.505382878e+01 +2.505382878e+01 -3.215617122e+01 -3.215617122e+01 +2.6427e+00 -3.2120e+00 +6.1423e+00 +9.5659e-01 +6.6698e+00 -1.3449e+00 -5.7073e+00 +4.6128e+00 -1.9994e+00 +1.2393e-01 +1.9330e+00 -3.4563e+00 -2.6339e+00 +6.6502e+00 +5.1367e+00 +5.4721e+00 +2.3407e+00 -2.4325e+00 +1.9385e+00 -6.0122e+00
2628 +1.253767177e+01 +1.253767177e+01 -4.467232823e+01 -4.467232823e+01 -3.7610e-01 -3.9527e+00 -4.5122e+00 +4.4819e+00 +5.1576e+00 -4.0222e+00 -3.9089e+00 +1.6205e+00 -2.8566e+00 -3.2485e+00 -1.0524e+00 -2.3213e-01 -5.5326e+00 -1.5765e+00 +2.2902e-01 +2.2958e+00 +5.4993e+00 -2.8726e+00 +1.6660e-01 -6.0858e+00
2718 +9.357326690e+00 +9.357326690e+00 -4.785267331e+01 -4.785267331e+01 -9.9985e-02 -3.9159e+00 -4.3660e+00 +4.4673e+00 +5.2842e+00 -3.9859e+00 -3.8298e+00 +1.8370e+00 -2.7944e+00 -3.5211e+00 -1.1474e+00 -3.0578e-01 -5.8182e+00 -1.2390e+00 +1.2351e-01 +2.5542e+00 +5.4502e+00 -2.7414e+00 +1.8337e-01 -5.9488e+00
2880 +5.631654734e+00 +5.631654734e+00 -5.157834527e+01 -5.157834527e+01 +2.1372e-02 -4.0148e+00 -4.1955e+00 +4.5775e+00 +5.0745e+00 -4.0704e+00 -3.8547e+00 +1.7712e+00 -3.0402e+00 -3.6058e+00 -1.3272e+00 -3.8126e-02 -5.8906e+00 -1.2481e+00 +3.1657e-01 +2.3560e+00 +5.4616e+00 -2.8865e+00 +3.5033e-01 -6.1270e+00
3383 +3.780319849e+00 +3.780319849e+00 -5.342968015e+01 -5.342968015e+01 +9.2570e-02 -3.9402e+00 -4.0711e+00 +4.6493e+00 +5.1373e+00 -4.2365e+00 -3.7807e+00 +1.7040e+00 -3.3615e+00 -3.6481e+00 -1.2735e+00 -1.4995e-02 -5.7124e+00 -1.3206e+00 +6.3332e-01 +2.3136e+00 +5.1120e+00 -2.9970e+00 +4.9858e-01 -6.1839e+00
4163 +2.482111675e+00 +2.482111675e+00 -5.472788832e+01 -5.472788832e+01 +4.2895e-02 -3.9876e+00 -3.9364e+00 +4.5870e+00 +5.1208e+00 -4.0944e+00 -3.7807e+00 +1.8069e+00 -3.3282e+00 -3.6794e+00 -1.2983e+00 -4.1117e-02 -5.7287e+00 -1.3120e+00 +6.0273e-01 +2.3127e+00 +5.2392e+00 -3.0431e+00 +4.9656e-01 -6.1645e+00
115213 +1.562465906e+00 +1.562465906e+00 -5.564753409e+01 -5.564753409e+01 -3.1596e+00 -9.1828e-01 +2.6844e+00 -6.1663e-01 -1.3990e+00 +3.4917e+00 +8.3484e-01 -4.1836e+00 +3.0754e+00 -1.1121e-01 -2.9955e-01 -1.2276e+00 -8.0320e-01 -4.8547e+00 -9.3192e-01 +2.1383e+00 -4.4524e+00 +7.4632e-01 -4.2614e+00 +4.3179e+00
115531 +9.426238856e-01 +9.426238856e-01 -5.626737611e+01 -5.626737611e+01 -3.1842e+00 -8.5230e-01 +2.6404e+00 -5.8969e-01 -1.3599e+00 +3.5494e+00 +8.3391e-01 -4.1915e+00 +3.1521e+00 -1.1564e-01 -2.1660e-01 -1.2577e+00 -7.8899e-01 -4.8139e+00 -9.3841e-01 +2.1023e+00 -4.4880e+00 +7.5768e-01 -4.2630e+00 +4.3528e+00
115864 +6.269531470e-01 +6.269531470e-01 -5.658304685e+01 -5.658304685e+01 -3.2160e+00 -8.3718e-01 +2.6161e+00 -5.8765e-01 -1.3360e+00 +3.5133e+00 +8.6563e-01 -4.2053e+00 +3.1411e+00 -7.2835e-02 -2.3822e-01 -1.2677e+00 -7.6888e-01 -4.8147e+00 -9.2778e-01 +2.0626e+00 -4.4986e+00 +7.4672e-01 -4.2748e+00 +4.3586e+00
116505 +3.936229400e-01 +3.936229400e-01 -5.681637706e+01 -5.681637706e+01 -3.2335e+00 -8.2877e-01 +2.6331e+00 -5.8269e-01 -1.3142e+00 +3.5280e+00 +8.6045e-01 -4.2226e+00 +3.1661e+00 -8.1871e-02 -2.3288e-01 -1.2806e+00 -7.8104e-01 -4.8327e+00 -8.9801e-01 +2.0577e+00 -4.4797e+00 +7.2711e-01 -4.2855e+00 +4.3678e+00
% function evaluation | noise-free fitness - Fopt (4.545400000000e+02) | best noise-free fitness - Fopt | measured fitness | best measured fitness | x1 | x2...
1 +7.928259126e+01 +7.928259126e+01 +5.338225913e+02 +5.338225913e+02 +2.9887e+00 +3.9940e+00 -1.6446e+00 -2.5791e+00 +8.2494e-01 +1.6290e+00 -2.1142e+00 +3.6470e+00 +2.1402e-01 +1.6605e+00 -3.6129e+00 -2.7325e+00 -1.9353e-01 +4.5867e-02 +3.1286e+00 -3.4699e+00 +3.4351e-01 -3.7116e+00 -8.7236e-01 +3.7993e+00
7 +3.532169540e+01 +3.532169540e+01 +4.898616954e+02 +4.898616954e+02 +3.4526e+00 +6.6327e+00 -1.5181e+00 -2.6490e+00 +3.1098e+00 +5.0479e+00 -4.3644e+00 +2.7721e+00 +6.0801e-01 +2.0988e+00 -2.4938e+00 -3.7491e+00 +3.2269e+00 +1.4805e+00 +2.1033e+00 -3.5178e+00 -1.3617e+00 -2.5834e+00 +3.6655e+00 +2.2940e+00
1641 +1.659484860e+01 +1.659484860e+01 +4.711348486e+02 +4.711348486e+02 -3.5445e+00 +2.2706e+00 -1.4739e-01 +2.9725e+00 +2.8016e-01 -2.1319e+00 -1.5274e+00 -2.9936e+00 -4.9841e+00 +3.2908e+00 +3.8779e+00 +1.7150e+00 +1.6173e-01 +5.3621e+00 +1.2695e-01 -1.2631e+00 +3.5187e+00 +6.3700e-01 +1.3766e+00 -3.4850e+00
1930 +1.565789928e+01 +1.565789928e+01 +4.701978993e+02 +4.701978993e+02 -3.0168e+00 +2.3928e+00 +1.0772e+00 +1.6012e+00 +2.6026e-02 -2.2841e+00 -2.0174e+00 -2.2598e+00 -5.7346e+00 +4.3308e+00 +4.8622e+00 +2.5895e+00 +1.0690e-01 +6.0022e+00 +7.8240e-01 -1.9553e+00 +3.5063e+00 +5.1342e-01 +2.5218e+00 -2.0233e+00
2003 +9.656005788e+00 +9.656005788e+00 +4.641960058e+02 +4.641960058e+02 -2.8910e+00 +2.3649e+00 +8.7786e-01 +1.5417e+00 -2.4383e-01 -2.0918e+00 -2.3095e+00 -2.4337e+00 -5.0202e+00 +3.6876e+00 +4.7491e+00 +2.8824e+00 -3.5575e-01 +5.9379e+00 +8.2992e-01 -1.3079e+00 +4.0970e+00 +7.3220e-01 +2.3179e+00 -1.8834e+00
2612 +6.046889789e+00 +6.046889789e+00 +4.605868898e+02 +4.605868898e+02 -3.3335e+00 +2.7157e+00 +1.1886e+00 +1.4004e+00 -1.0331e-01 -2.1943e+00 -2.0385e+00 -2.1731e+00 -5.0671e+00 +3.4408e+00 +4.0434e+00 +2.7482e+00 -4.0752e-01 +6.2939e+00 +2.1374e-01 -1.2074e+00 +4.7965e+00 +4.0678e-01 +2.0243e+00 -2.4062e+00
2777 +3.723610922e+00 +3.723610922e+00 +4.582636109e+02 +4.582636109e+02 -3.3329e+00 +2.8675e+00 +1.2640e+00 +1.2948e+00 -2.1843e-01 -2.2862e+00 -2.1248e+00 -2.3076e+00 -5.2377e+00 +3.4723e+00 +3.9323e+00 +2.7228e+00 -5.5233e-01 +6.2556e+00 +3.5147e-01 -1.1217e+00 +4.7517e+00 +3.4284e-01 +1.9846e+00 -2.3633e+00
3056 +2.507709014e+00 +2.507709014e+00 +4.570477090e+02 +4.570477090e+02 -3.1420e+00 +2.9312e+00 +1.1793e+00 +1.2307e+00 -2.0848e-01 -2.0105e+00 -2.4437e+00 -2.1277e+00 -5.3834e+00 +3.5724e+00 +3.8948e+00 +2.9634e+00 -5.4817e-01 +6.0208e+00 +3.9698e-01 -1.2485e+00 +4.7318e+00 +3.7417e-01 +2.0193e+00 -2.4451e+00
3959 +1.568182891e+00 +1.568182891e+00 +4.561081829e+02 +4.561081829e+02 -3.1217e+00 +2.8141e+00 +1.1874e+00 +1.2093e+00 -2.3741e-01 -2.1249e+00 -2.4759e+00 -2.0457e+00 -5.3266e+00 +3.5954e+00 +4.0437e+00 +3.0280e+00 -6.3977e-01 +6.0385e+00 +3.9375e-01 -1.2998e+00 +4.7397e+00 +3.7316e-01 +2.1681e+00 -2.4607e+00
55214 +9.784654956e-01 +9.784654956e-01 +4.555184655e+02 +4.555184655e+02 -5.2287e-01 +5.2691e+00 -4.6011e+00 +4.0745e+00 -1.4942e+00 -3.6757e+00 +1.8747e-01 -1.2656e+00 -1.9560e-01 -2.7237e+00 -3.2047e+00 -4.5323e-01 +1.4152e+00 +3.8919e+00 +5.9467e-01 -3.1421e-01 -3.4774e+00 +1.8368e+00 -5.7351e+00 +9.3799e-01
56406 +6.293914366e-01 +6.293914366e-01 +4.551693914e+02 +4.551693914e+02 -5.1555e-01 +5.2426e+00 -4.5623e+00 +4.0146e+00 -1.4621e+00 -3.6611e+00 +1.9346e-01 -1.2165e+00 -2.3610e-01 -2.7414e+00 -3.1875e+00 -4.8300e-01 +1.4307e+00 +3.8903e+00 +6.1653e-01 -3.5062e-01 -3.4082e+00 +1.9049e+00 -5.7683e+00 +9.2247e-01
547862 +3.763251899e-01 +3.763251899e-01 +4.549163252e+02 +4.549163252e+02 -3.9685e-01 +1.2595e+00 -3.5526e+00 +4.7223e+00 -5.5025e-01 -4.0049e+00 +6.9489e-01 -2.1604e+00 -4.7578e-01 -2.2171e-01 -1.4191e+00 +3.6542e+00 +1.5847e+00 +5.1506e+00 +2.3546e+00 -1.3333e+00 +4.3530e-01 -9.1447e-01 -3.3207e+00 +5.2622e+00
548578 +2.399590370e-01 +2.399590370e-01 +4.547799590e+02 +4.547799590e+02 -4.0537e-01 +1.2900e+00 -3.5569e+00 +4.7162e+00 -5.6482e-01 -4.0240e+00 +6.8483e-01 -2.1521e+00 -4.7093e-01 -2.1440e-01 -1.4058e+00 +3.6658e+00 +1.5785e+00 +5.1537e+00 +2.3649e+00 -1.3355e+00 +4.2224e-01 -9.0627e-01 -3.3114e+00 +5.2742e+00
832017 +1.582203330e-01 +1.582203330e-01 +4.546982203e+02 +4.546982203e+02 -2.7627e+00 -6.7970e-01 -4.9965e+00 +2.6000e+00 +5.0357e+00 -4.9259e+00 -1.7803e+00 +4.0553e+00 -1.3217e+00 -4.6115e+00 +3.2687e+00 -3.1163e+00 +2.1202e+00 -1.8058e+00 +8.9886e-01 -3.0584e+00 +2.2366e+00 -1.7761e+00 +3.4169e+00 +5.2189e+00
% function evaluation | noise-free fitness - Fopt (-8.372400000000e+02) | best noise-free fitness - Fopt | measured fitness | best measured fitness | x1 | x2...
1 +1.143731529e+02 +1.143731529e+02 -7.228668471e+02 -7.228668471e+02 +3.9582e+00 -3.6230e+00 -2.4047e-01 -1.9252e+00 +1.4655e+00 +1.7284e+00 +8.2660e-01 -3.8888e+00 +4.5548e-01 -2.8239e+00 -1.4409e+00 -1.5861e+00 +7.7188e-01 +1.5680e+00 +3.5369e+00 -2.8286e+00 -2.6393e+00 +3.6350e+00 -3.0242e+00 -1.0089e+00
2 +8.196403617e+01 +8.196403617e+01 -7.552759638e+02 -7.552759638e+02 +4.7065e+00 -6.9870e+00 -8.1614e-01 +1.3810e+00 +1.4898e+00 +2.7332e+00 -9.3948e-02 -4.9625e+00 +2.5306e+00 -3.2848e+00 -6.0772e-01 +1.4237e+00 +2.5451e+00 -1.0475e-01 +4.6526e+00 -5.5656e+00 +4.2660e-01 +6.1389e+00 -2.3145e+00 +3.1000e+00
5 +6.198377396e+01 +6.198377396e+01 -7.752562260e+02 -7.752562260e+02 +1.7958e+00 -5.0312e+00 -1.5735e+00 -2.2042e+00 +8.9257e-01 +1.5434e+00 +2.5512e+00 -6.0967e+00 -7.3934e-01 -4.9303e+00 -2.2327e+00 -1.9855e+00 +2.3702e+00 +2.4444e+00 +4.5001e+00 -2.9703e+00 -4.2030e+00 +1.0130e+00 -7.4562e+00 -3.9833e+00
193 +3.857359831e+01 +3.857359831e+01 -7.986664017e+02 -7.986664017e+02 +3.3222e+00 -4.7399e+00 -2.2668e+00 -4.1952e+00 -1.1834e+00 +1.0603e+00 -3.5870e-02 -2.3893e+00 +3.2753e+00 -3.7623e+00 -1.6148e+00 +2.8442e-01 +1.5675e+00 -2.1619e-01 +4.2949e-01 -6.4316e-01 -4.5293e+00 +5.5916e+00 -2.7717e+00 -8.5347e+00
2958 +2.459630324e+01 +2.459630324e+01 -8.126436968e+02 -8.126436968e+02 +4.2092e+00 +9.7887e-01 +4.3003e+00 +3.2061e+00 -1.6474e+00 +2.5351e+00 +3.1668e-01 -2.3530e+00 -1.8892e+00 -1.7666e+00 +7.4327e+00 +4.3340e+00 -8.9286e-01 -3.4769e+00 -4.1542e+00 -7.4769e-01 -3.3698e+00 +1.8334e+00 -3.7748e+00 -4.1003e+00
3110 +1.377167188e+01 +1.377167188e+01 -8.234683281e+02 -8.234683281e+02 +4.3976e+00 +2.2927e+00 +3.2465e+00 +3.3864e+00 -1.3070e+00 +1.9388e+00 +2.3460e-01 -1.8555e+00 -2.6220e+00 -2.4977e+00 +7.4591e+00 +4.0690e+00 -1.3430e+00 -3.6049e+00 -3.7015e+00 -8.2799e-02 -2.7645e+00 +1.5577e+00 -3.3603e+00 -5.1473e+00
3328 +8.935178069e+00 +8.935178069e+00 -8.283048219e+02 -8.283048219e+02 +4.2281e+00 +2.3197e+00 +3.5183e+00 +3.4609e+00 -1.2500e+00 +1.7272e+00 +9.4493e-02 -1.9563e+00 -2.2353e+00 -2.0431e+00 +7.8971e+00 +4.3377e+00 -1.2148e+00 -3.9231e+00 -3.8077e+00 +1.8173e-01 -2.7442e+00 +1.2715e+00 -3.5231e+00 -4.9783e+00
3975 +5.997171840e+00 +5.997171840e+00 -8.312428282e+02 -8.312428282e+02 +4.3490e+00 +2.2958e+00 +3.4149e+00 +3.4608e+00 -1.1963e+00 +1.4924e+00 +2.0690e-02 -2.0096e+00 -1.7401e+00 -2.0562e+00 +7.4033e+00 +4.1435e+00 -1.6030e+00 -3.5114e+00 -4.1647e+00 +1.6126e-01 -2.7630e+00 +1.3327e+00 -3.1162e+00 -4.6282e+00
4644 +3.966038456e+00 +3.966038456e+00 -8.332739615e+02 -8.332739615e+02 +4.2731e+00 +2.1302e+00 +3.3558e+00 +3.3216e+00 -1.2314e+00 +1.3478e+00 -2.7940e-02 -2.0697e+00 -1.7312e+00 -1.9903e+00 +7.3448e+00 +4.3397e+00 -1.5931e+00 -3.7068e+00 -4.0010e+00 +2.0678e-01 -2.8893e+00 +1.3037e+00 -3.1995e+00 -4.5488e+00
41322 +2.353345382e+00 +2.353345382e+00 -8.348866546e+02 -8.348866546e+02 -3.8858e+00 +4.8678e+00 +8.9662e-01 +2.3917e+00 -1.6660e+00 +1.8081e+00 +1.6539e+00 -8.1259e-01 +3.1466e+00 +1.2261e+00 +4.0683e+00 +9.4236e-01 +5.5493e+00 +4.0559e+00 +5.6937e+00 +4.9762e+00 -2.8335e+00 -6.1460e+00 -6.1104e-01 +5.2077e+00
41970 +1.509578336e+00 +1.509578336e+00 -8.357304217e+02 -8.357304217e+02 -3.9177e+00 +4.8569e+00 +9.2422e-01 +2.4054e+00 -1.7589e+00 +1.8195e+00 +1.5831e+00 -8.5556e-01 +3.0971e+00 +1.2198e+00 +4.0034e+00 +9.8202e-01 +5.5121e+00 +4.0556e+00 +5.6755e+00 +5.0602e+00 -2.9160e+00 -6.1418e+00 -6.8097e-01 +5.2222e+00
77076 +9.966778439e-01 +9.966778439e-01 -8.362433222e+02 -8.362433222e+02 -4.6604e+00 +2.0135e-01 -2.2294e+00 -3.4580e+00 -2.1215e-01 -2.1825e-01 +3.0557e+00 +1.1133e+00 +3.0410e+00 -4.6506e+00 -1.2246e+00 +1.9728e-01 -3.7867e+00 +6.0899e-01 +3.9315e+00 +1.2357e+00 +4.9835e+00 +1.2469e+00 +1.9249e-01 +1.2417e+00
294256 +6.229867963e-01 +6.229867963e-01 -8.366170132e+02 -8.366170132e+02 -1.7294e+00 +4.8495e+00 -2.8756e+00 +4.0367e+00 +4.0564e-01 +5.1156e+00 -2.0241e+00 -2.2679e+00 -1.5975e-01 -1.9937e+00 +2.5615e+00 +2.5198e+00 -1.7678e+00 -1.2921e+00 -3.6975e+00 +5.8910e+00 -3.7085e-01 -5.5090e+00 +3.8652e-02 -5.0538e+00
% function evaluation | noise-free fitness - Fopt (3.761200000000e+02) | best noise-free fitness - Fopt | measured fitness | best measured fitness | x1 | x2...
1 +4.310486446e+01 +4.310486446e+01 +4.192248645e+02 +4.192248645e+02 -8.9865e-01 +2.4020e+00 -1.5502e+00 +2.1091e+00 +7.8496e-01 -2.5049e+00 +2.7670e+00 +2.0924e-01 -3.9730e+00 +2.0944e+00 +2.4373e+00 -1.2428e+00 -2.1890e+00 -2.6033e-02 +2.5209e+00 -3.9568e+00 +3.3118e+00 -2.1535e+00 -8.2092e-01 +2.3668e+00
42 +3.364954994e+01 +3.364954994e+01 +4.097695499e+02 +4.097695499e+02 +1.2270e+00 +1.0038e-01 -1.6040e+00 -4.0775e+00 +2.4039e+00 -4.1762e+00 +4.6657e+00 -2.9808e-01 -3.4474e+00 +1.2359e+00 +2.4364e+00 -2.0202e+00 -3.0493e+00 +8.8188e-01 +3.6535e+00 -6.9442e-01 +3.9314e+00 -4.7167e+00 -8.2174e-01 +4.5620e+00
3039 +1.709292749e+01 +1.709292749e+01 +3.932129275e+02 +3.932129275e+02 +3.2906e+00 -2.4908e+00 -8.2291e-01 +8.8824e-01 -2.2075e+00 +5.0406e+00 -7.5596e-01 +4.2435e+00 -4.8599e+00 -3.7402e+00 -2.6270e+00 +2.4834e+00 -1.2260e+00 +1.5489e+00 -6.2586e-01 +8.1782e-01 +1.9007e+00 -1.9592e+00 -2.3758e+00 +4.2879e+00
6803 +1.559144592e+01 +1.559144592e+01 +3.917114459e+02 +3.917114459e+02 -6.1376e+00 -1.3165e+00 +4.2654e+00 +1.4216e+00 -6.2100e+00 +3.9490e+00 -5.6419e+00 -3.6444e+00 +2.4510e+00 +3.1630e+00 +5.3619e+00 -5.2668e+00 -6.8384e+00 -1.3720e+00 +1.5335e+00 +4.2218e-01 -4.7767e-01 -5.0527e+00 -1.1719e+00 +1.4705e+00
7131 +9.311412450e+00 +9.311412450e+00 +3.854314125e+02 +3.854314125e+02 -6.1536e+00 -9.3857e-01 +4.5966e+00 +1.3493e+00 -6.4113e+00 +3.4539e+00 -5.3840e+00 -3.4869e+00 +2.4888e+00 +3.3560e+00 +5.5202e+00 -5.3670e+00 -6.5859e+00 -1.2953e+00 +1.4278e+00 +8.7010e-01 -8.1571e-01 -5.2155e+00 -1.3469e+00 +1.4855e+00
7448 +6.303163993e+00 +6.303163993e+00 +3.824231640e+02 +3.824231640e+02 -6.1208e+00 -1.0349e+00 +4.3041e+00 +1.4522e+00 -6.2887e+00 +3.9222e+00 -5.3903e+00 -3.4296e+00 +2.3432e+00 +3.3246e+00 +5.4690e+00 -5.3282e+00 -6.4366e+00 -1.3572e+00 +1.4344e+00 +8.3878e-01 -6.4890e-01 -5.1669e+00 -1.1896e+00 +1.4802e+00
8166 +3.896103644e+00 +3.896103644e+00 +3.800161036e+02 +3.800161036e+02 -6.0318e+00 -9.2951e-01 +4.3838e+00 +1.4347e+00 -6.2413e+00 +3.9476e+00 -5.2307e+00 -3.4699e+00 +2.4127e+00 +3.5356e+00 +5.4046e+00 -5.4101e+00 -6.3960e+00 -1.3119e+00 +1.4843e+00 +8.7805e-01 -8.2167e-01 -5.0244e+00 -1.1977e+00 +1.5580e+00
105080 +2.329536603e+00 +2.329536603e+00 +3.784495366e+02 +3.784495366e+02 +3.7884e-01 +4.9077e+00 +3.2515e+00 -2.6011e+00 +3.7636e+00 +3.8642e+00 +2.3028e+00 +1.9096e+00 -4.6415e+00 +2.3448e-01 +1.4577e+00 +5.5934e+00 +3.8621e+00 -4.3155e+00 +2.0191e+00 -2.5609e+00 -3.0304e+00 -5.3864e+00 +1.2085e-01 +4.0795e-01
105551 +1.572545852e+00 +1.572545852e+00 +3.776925459e+02 +3.776925459e+02 +4.5298e-01 +4.8927e+00 +3.2529e+00 -2.6634e+00 +3.7371e+00 +3.8497e+00 +2.2431e+00 +1.9405e+00 -4.6200e+00 +2.2159e-01 +1.3917e+00 +5.6574e+00 +3.7411e+00 -4.2431e+00 +1.9680e+00 -2.5528e+00 -3.0793e+00 -5.5239e+00 +4.9119e-02 +3.3924e-01
106456 +9.818721504e-01 +9.818721504e-01 +3.771018722e+02 +3.771018722e+02 +4.1956e-01 +5.0029e+00 +3.2366e+00 -2.6773e+00 +3.7884e+00 +3.8293e+00 +2.2046e+00 +1.9309e+00 -4.6336e+00 +1.8907e-01 +1.3389e+00 +5.7265e+00 +3.7747e+00 -4.2399e+00 +1.9507e+00 -2.5536e+00 -3.1019e+00 -5.5458e+00 +3.6524e-02 +2.8371e-01
668279 +6.305123128e-01 +6.305123128e-01 +3.767505123e+02 +3.767505123e+02 +2.2302e+00 +3.9407e+00 -8.7948e-01 +5.2588e-01 -1.5503e+00 -3.1426e+00 +5.7456e+00 +5.7086e-01 -3.2421e+00 -4.5160e+00 -4.9512e-01 +2.1276e+00 -1.6112e-01 +4.3007e+00 -2.5943e+00 -1.9985e+00 -4.7751e+00 -1.9044e-01 +1.7065e-01 +1.0161e+00
% function evaluation | noise-free fitness - Fopt (-7.635000000000e+01) | best noise-free fitness - Fopt | measured fitness | best measured fitness | x1 | x2...
1 +7.657578415e+01 +7.657578415e+01 +2.257841507e-01 +2.257841507e-01 +1.6685e-01 -2.5911e+00 +1.8930e+00 -8.8351e-01 -2.4577e+00 +2.8672e+00 -1.7918e+00 -2.7702e+00 -2.1561e+00 +2.3955e+00 +3.0552e+00 +9.2213e-01 -2.0621e-01 +1.0765e+00 +2.9310e+00 +5.3555e-01 +1.4487e+00 +2.2497e+00 -3.2159e+00 +1.4429e-01
8 +5.386965197e+01 +5.386965197e+01 -2.248034803e+01 -2.248034803e+01 +2.7487e+00 -3.2170e+00 +2.3115e+00 -1.7877e+00 -2.2352e+00 +4.0413e+00 +1.7698e+00 -4.3820e+00 -1.0261e+00 +2.0839e+00 +6.1343e+00 +1.0562e+00 -1.8656e+00 +4.3459e-01 +1.3586e+00 -4.5373e-02 +1.3749e+00 +1.4754e+00 -3.1902e+00 -8.1154e-01
700 +3.604189312e+01 +3.604189312e+01 -4.030810688e+01 -4.030810688e+01 +1.6350e+00 -4.6641e+00 +4.6182e+00 -3.0399e+00 -3.5336e+00 +5.0688e+00 +4.9383e+00 -6.7508e-02 -7.7832e-01 -4.9866e+00 +5.4655e+00 +5.4189e+00 +8.3920e-01 -6.7694e+00 +3.8117e+00 +4.4307e-01 +2.4520e+00 +4.5780e+00 -2.8039e+00 -8.2487e-01
750 +1.913269353e+01 +1.913269353e+01 -5.721730647e+01 -5.721730647e+01 +1.7197e-01 -4.9777e+00 +3.9313e+00 -1.5165e+00 -4.6857e+00 +5.0060e+00 +4.6589e+00 +1.2903e-01 -1.0935e+00 -4.8460e+00 +4.7386e+00 +5.4044e+00 +1.6358e+00 -6.9125e+00 +4.9983e+00 +1.5287e+00 +1.5895e+00 +3.9957e+00 -2.2916e+00 -2.2042e+00
1340 +1.473913950e+01 +1.473913950e+01 -6.161086050e+01 -6.161086050e+01 -5.5090e-01 -5.2123e+00 +4.8654e+00 -2.1770e+00 -4.7763e+00 +4.4532e+00 +5.1087e+00 -8.0611e-01 -1.0025e+00 -5.1156e+00 +4.3748e+00 +5.2827e+00 +2.2474e+00 -6.6535e+00 +4.7216e+00 +6.5234e-01 +1.8297e+00 +4.2230e+00 -1.8509e+00 -2.8641e+00
1517 +8.484316097e+00 +8.484316097e+00 -6.786568390e+01 -6.786568390e+01 -4.3946e-01 -5.0290e+00 +4.8310e+00 -2.6102e+00 -3.8095e+00 +4.1350e+00 +4.7963e+00 -4.3836e-02 -1.1844e+00 -5.0142e+00 +4.4777e+00 +5.3673e+00 +1.8388e+00 -6.4569e+00 +5.0130e+00 +1.2342e+00 +1.6685e+00 +4.1314e+00 -1.2508e+00 -2.4083e+00
1586 +5.967024269e+00 +5.967024269e+00 -7.038297573e+01 -7.038297573e+01 -4.8098e-02 -5.0422e+00 +5.1713e+00 -2.7145e+00 -3.7482e+00 +4.2526e+00 +4.6968e+00 -7.0984e-02 -9.4282e-01 -4.7231e+00 +3.9530e+00 +5.2468e+00 +2.0062e+00 -6.1935e+00 +5.4526e+00 +1.0191e+00 +1.2654e+00 +3.9361e+00 -1.3642e+00 -2.0732e+00
1796 +3.177553883e+00 +3.177553883e+00 -7.317244612e+01 -7.317244612e+01 -4.1587e-01 -5.0997e+00 +5.0024e+00 -2.9752e+00 -3.5767e+00 +4.0463e+00 +4.5242e+00 +2.7915e-01 -1.1741e+00 -4.7765e+00 +4.1730e+00 +5.4843e+00 +2.0438e+00 -6.2930e+00 +5.0549e+00 +9.4452e-01 +1.3757e+00 +3.7731e+00 -1.5989e+00 -2.1102e+00
1947 +2.073240229e+00 +2.073240229e+00 -7.427675977e+01 -7.427675977e+01 -3.3948e-01 -5.1351e+00 +5.0979e+00 -2.9579e+00 -3.4941e+00 +4.0935e+00 +4.4851e+00 +3.1085e-01 -1.1171e+00 -4.8646e+00 +4.1042e+00 +5.4315e+00 +1.8864e+00 -6.3120e+00 +5.1298e+00 +1.0795e+00 +1.4072e+00 +3.7025e+00 -1.6770e+00 -2.0503e+00
2320 +1.486276388e+00 +1.486276388e+00 -7.486372361e+01 -7.486372361e+01 -2.6518e-01 -4.9405e+00 +5.0576e+00 -2.8999e+00 -3.4482e+00 +4.0843e+00 +4.4114e+00 +3.2262e-01 -1.1686e+00 -5.0134e+00 +3.9172e+00 +5.4358e+00 +1.9136e+00 -6.1447e+00 +5.1127e+00 +1.0653e+00 +1.3203e+00 +3.5626e+00 -1.6623e+00 -1.9263e+00
2940 +9.943679181e-01 +9.943679181e-01 -7.535563208e+01 -7.535563208e+01 -2.3005e-01 -4.7635e+00 +5.0394e+00 -2.9620e+00 -3.4996e+00 +4.0940e+00 +4.4113e+00 +3.2928e-01 -1.1465e+00 -5.1070e+00 +3.7910e+00 +5.3381e+00 +1.9225e+00 -6.0001e+00 +5.2102e+00 +1.0235e+00 +1.3596e+00 +3.4797e+00 -1.6891e+00 -1.8331e+00
240078 +6.305585555e-01 +6.305585555e-01 -7.571944144e+01 -7.571944144e+01 +3.9609e+00 +8.3438e-01 +1.4990e+00 -5.6928e+00 -5.6311e+00 +4.0911e+00 +5.4976e+00 -2.1023e+00 -7.6762e-02 +3.8476e+00 -8.5155e-01 -2.7932e+00 +4.1131e+00 +3.3859e+00 +1.1290e+00 -2.6747e+00 -4.0155e+00 -2.7393e+00 +1.9041e+00 -5.0097e+00
602825 +3.727382381e-01 +3.727382381e-01 -7.597726176e+01 -7.597726176e+01 -2.6842e+00 +3.9299e+00 -3.9462e+00 +2.5748e+00 -7.9155e-01 -3.0781e+00 +4.1239e-01 -3.3569e-01 +5.3252e-01 -1.4176e+00 +4.8091e+00 +4.0894e+00 +3.6372e+00 +4.1927e+00 +1.0638e+00 +2.3061e+00 -2.9132e+00 -3.5644e+00 +4.0283e+00 +1.9559e+00
603334 +2.339191032e-01 +2.339191032e-01 -7.611608090e+01 -7.611608090e+01 -2.6904e+00 +3.9235e+00 -3.8896e+00 +2.6032e+00 -7.4470e-01 -3.1228e+00 +3.9116e-01 -2.9747e-01 +5.3327e-01 -1.4815e+00 +4.8024e+00 +4.1305e+00 +3.6884e+00 +4.1818e+00 +1.0714e+00 +2.3087e+00 -2.8906e+00 -3.5786e+00 +4.0296e+00 +1.9541e+00
604198 +1.577928981e-01 +1.577928981e-01 -7.619220710e+01 -7.619220710e+01 -2.6833e+00 +3.9560e+00 -3.8911e+00 +2.6368e+00 -7.0961e-01 -3.1556e+00 +3.8962e-01 -2.5496e-01 +5.1218e-01 -1.5215e+00 +4.7939e+00 +4.1509e+00 +3.7144e+00 +4.2109e+00 +1.0776e+00 +2.2936e+00 -2.8758e+00 -3.5959e+00 +4.0130e+00 +1.9723e+00
% function evaluation | noise-free fitness - Fopt (-7.737300000000e+02) | best noise-free fitness - Fopt | measured fitness | best measured fitness | x1 | x2...
1 +9.094288679e+01 +9.094288679e+01 -6.827871132e+02 -6.827871132e+02 -3.9722e+00 -4.3392e-01 +3.8665e+00 -4.0346e-01 +3.7430e+00 +3.4780e+00 -2.1330e+00 +1.5329e+00 +2.9890e+00 -1.1889e+00 +3.4097e+00 +2.7987e+00 +2.3000e+00 +3.4499e-01 -2.0801e+00 +1.3305e+00 -3.0781e+00 +2.9009e+00 +1.1362e+00 -1.6150e+00
3 +5.856651730e+01 +5.856651730e+01 -7.151634827e+02 -7.151634827e+02 -2.4566e+00 -5.2544e+00 +1.7989e+00 -2.2950e+00 +6.3745e+00 +4.6384e+00 -4.1705e+00 +2.5493e+00 +1.1695e+00 -2.1508e+00 +3.9675e-01 +3.6658e+00 +2.2486e+00 +2.5429e-01 -4.1752e+00 +4.1684e+00 -1.3497e+00 +3.6895e+00 -1.0643e-01 +1.7749e-01
150 +3.754063507e+01 +3.754063507e+01 -7.361893649e+02 -7.361893649e+02 +1.3153e+00 -6.8318e+00 +9.8182e-01 -5.8155e+00 +8.5021e+00 +2.5075e+00 -4.7817e+00 +9.7329e-01 -2.7523e+00 +1.0271e+00 +1.7729e+00 +2.9636e+00 -8.5107e-01 +3.6133e+00 -3.5606e+00 -2.5250e+00 +2.7549e+00 +5.3410e+00 -2.8438e+00 -7.0115e+00
1083 +2.388570055e+01 +2.388570055e+01 -7.498442995e+02 -7.498442995e+02 +5.5187e+00 -2.3321e-01 -1.6049e+00 -4.3492e+00 +2.0148e+00 +2.9086e+00 -6.8188e+00 +3.4234e+00 +9.4616e-01 -1.5312e+00 -1.1042e+00 -4.0421e-01 -2.8369e+00 +3.2364e+00 -3.6179e+00 +7.0915e+00 +3.6017e+00 +4.2213e+00 -2.7512e-01 -3.1396e+00
1174 +1.333859729e+01 +1.333859729e+01 -7.603914027e+02 -7.603914027e+02 +5.6754e+00 +9.8354e-02 -1.7620e+00 -4.2746e+00 +1.2955e+00 +2.7790e+00 -6.4596e+00 +3.6017e+00 +1.5754e+00 -1.7404e+00 -1.8445e+00 -2.8570e-01 -2.4003e+00 +2.3466e+00 -3.4436e+00 +6.6994e+00 +4.1145e+00 +3.6884e+00 -9.7621e-01 -1.9977e+00
1711 +9.421298379e+00 +9.421298379e+00 -7.643087016e+02 -7.643087016e+02 +5.4823e+00 -3.3962e-02 -1.7233e+00 -4.6659e+00 +1.2093e+00 +2.4439e+00 -6.2131e+00 +3.9459e+00 +9.2157e-01 -1.9170e+00 -2.2409e+00 -5.7617e-01 -2.7724e+00 +2.5662e+00 -3.5485e+00 +7.0504e+00 +4.0841e+00 +4.0465e+00 -1.3206e+00 -2.0095e+00
2217 +6.053118394e+00 +6.053118394e+00 -7.676768816e+02 -7.676768816e+02 +5.5786e+00 +5.0038e-02 -1.7028e+00 -4.6263e+00 +1.2695e+00 +2.5272e+00 -6.3310e+00 +4.0234e+00 +9.0489e-01 -1.8375e+00 -2.2304e+00 -4.4622e-01 -2.6803e+00 +2.6311e+00 -3.4476e+00 +7.0910e+00 +3.9851e+00 +4.1523e+00 -1.2449e+00 -2.0337e+00
13167 +3.718876950e+00 +3.718876950e+00 -7.700111231e+02 -7.700111231e+02 -1.2728e+00 +2.0641e+00 +1.2922e+00 +3.3603e+00 -3.3553e+00 +3.4818e+00 -3.7059e+00 -2.6246e+00 -2.8922e-01 +2.2373e+00 -6.3125e+00 -4.5767e-01 +1.8622e+00 +2.1070e+00 +3.5445e+00 -1.3058e+00 +3.0222e+00 -1.4655e+00 -4.9371e+00 -9.8834e-01
14676 +2.504780433e+00 +2.504780433e+00 -7.712252196e+02 -7.712252196e+02 -1.2759e+00 +2.0632e+00 +1.2644e+00 +3.3391e+00 -3.3285e+00 +3.4658e+00 -3.6739e+00 -2.6338e+00 -2.8955e-01 +2.2425e+00 -6.2657e+00 -3.9996e-01 +1.9403e+00 +2.1224e+00 +3.5507e+00 -1.3016e+00 +3.0160e+00 -1.3762e+00 -4.9581e+00 -1.0211e+00
49115 +1.584741390e+00 +1.584741390e+00 -7.721452586e+02 -7.721452586e+02 -2.0523e+00 +3.6981e+00 -1.9864e+00 -2.5595e+00 -1.3262e+00 -7.4244e-02 -4.9449e+00 +5.6870e+00 +6.3146e+00 -3.9697e+00 -3.6904e+00 -2.9209e+00 +3.4788e-01 -5.0996e+00 +1.2835e+00 +2.0518e+00 -1.7229e-01 -3.7956e-01 -3.5281e+00 +9.6193e-01
137398 +9.816711560e-01 +9.816711560e-01 -7.727483288e+02 -7.727483288e+02 +2.5365e+00 -5.5740e+00 +5.4305e+00 -4.3169e+00 +3.7381e-02 -3.4638e+00 -1.3064e+00 +8.1836e-01 +3.0982e-01 +3.9972e+00 -2.1585e+00 +1.7720e+00 +1.9593e+00 -2.5670e+00 +4.3718e+00 -6.6088e-01 -1.0246e-01 -1.9642e+00 -2.4139e+00 -3.6481e+00
137943 +6.117459136e-01 +6.117459136e-01 -7.731182541e+02 -7.731182541e+02 +2.5056e+00 -5.5577e+00 +5.3610e+00 -4.3225e+00 +8.6538e-02 -3.5164e+00 -1.3274e+00 +8.5025e-01 +2.8128e-01 +4.0068e+00 -2.1891e+00 +1.7531e+00 +1.9721e+00 -2.5248e+00 +4.3693e+00 -6.2115e-01 -1.3767e-01 -1.9183e+00 -2.3456e+00 -3.5648e+00
139139 +3.961123962e-01 +3.961123962e-01 -7.733338876e+02 -7.733338876e+02 +2.5072e+00 -5.5870e+00 +5.3479e+00 -4.3641e+00 +6.5991e-02 -3.5082e+00 -1.3377e+00 +8.6315e-01 +2.6638e-01 +4.0112e+00 -2.1864e+00 +1.7406e+00 +1.9676e+00 -2.5307e+00 +4.3334e+00 -5.8773e-01 -1.3675e-01 -1.8935e+00 -2.3736e+00 -3.5772e+00
209890 +2.353378053e-01 +2.353378053e-01 -7.734946622e+02 -7.734946622e+02 +1.2657e+00 +2.4791e+00 +2.3381e+00 -1.1992e+00 +3.2805e+00 -4.1028e-01 +2.1376e+00 -3.8578e+00 +1.3695e+00 +1.9392e+00 -2.1195e+00 -2.7963e+00 -1.0734e+00 +1.3902e+00 +4.1371e+00 -9.7630e-01 -1.9299e+00 +1.9003e+00 +1.2457e+00 -4.3426e+00
211722 +1.583738732e-01 +1.583738732e-01 -7.735716261e+02 -7.735716261e+02 +1.2697e+00 +2.4820e+00 +2.3378e+00 -1.1869e+00 +3.2790e+00 -4.1120e-01 +2.1340e+00 -3.8553e+00 +1.3694e+00 +1.9340e+00 -2.1228e+00 -2.7984e+00 -1.0756e+00 +1.3876e+00 +4.1386e+00 -9.8165e-01 -1.9331e+00 +1.8980e+00 +1.2498e+00 -4.3435e+00
% function evaluation | noise-free fitness - Fopt (-7.087000000000e+01) | best noise-free fitness - Fopt | measured fitness | best measured fitness | x1 | x2...
1 +7.974219182e+01 +7.974219182e+01 +8.872191818e+00 +8.872191818e+00 -3.7958e+00 -8.8578e-01 -2.2692e+00 -2.5317e+00 +1.0535e+00 -2.3389e+00 -2.9717e+00 +1.6855e+00 +2.0627e+00 -1.1725e+00 +3.4086e+00 -3.2302e-01 +9.8861e-01 +2.8454e+00 +3.3583e+00 -2.8686e+00 +2.3659e+00 -2.1377e+00 +3.5578e+00 -3.5139e+00
15 +6.308745016e+01 +6.308745016e+01 -7.782549844e+00 -7.782549844e+00 -3.9599e+00 -3.4517e+00 -1.5902e+00 -2.3460e+00 -1.8328e+00 -2.6951e+00 -3.7880e+00 +8.4212e-01 +3.9911e+00 +7.8608e-01 +1.8964e+00 +3.0025e+00 +8.4080e-01 +1.8650e-01 +5.8342e+00 -5.6631e+00 +7.3000e+00 -4.8181e+00 +2.6499e+00 +2.1273e+00
21 +2.391321792e+01 +2.391321792e+01 -4.695678208e+01 -4.695678208e+01 -4.9356e+00 -3.2623e+00 -4.2612e+00 -1.7777e+00 +1.6699e+00 -5.2357e+00 -2.5825e+00 +6.1771e-01 -1.5431e+00 -2.5893e+00 +1.1871e+00 +2.2704e+00 -1.9461e+00 +1.3448e+00 +7.8233e-02 -3.5122e+00 +3.8203e+00 -5.5474e+00 +3.0365e+00 -4.5478e+00
1718 +1.514742371e+01 +1.514742371e+01 -5.572257629e+01 -5.572257629e+01 +4.4365e+00 -2.3899e+00 -3.2275e+00 -1.9510e+00 -2.9322e+00 -4.1364e+00 -6.4830e+00 +3.7230e-01 -5.9261e+00 +4.7932e+00 -1.8784e+00 +4.7857e+00 -3.9400e+00 +5.3246e+00 -1.5050e+00 +2.1090e+00 +4.0687e+00 -4.0296e+00 -4.4561e+00 -3.8896e+00
1848 +9.103153385e+00 +9.103153385e+00 -6.176684661e+01 -6.176684661e+01 +4.5027e+00 -2.3680e+00 -3.4322e+00 -2.3362e+00 -2.8737e+00 -4.5407e+00 -5.9570e+00 +3.7821e-01 -5.2637e+00 +4.9073e+00 -1.1693e+00 +4.8647e+00 -3.8337e+00 +5.0616e+00 -9.9403e-01 +2.0696e+00 +3.0630e+00 -4.1021e+00 -4.3875e+00 -4.2197e+00
2236 +6.058749059e+00 +6.058749059e+00 -6.481125094e+01 -6.481125094e+01 +4.4862e+00 -2.2691e+00 -3.4774e+00 -2.7174e+00 -2.7148e+00 -4.3267e+00 -6.0119e+00 -2.8000e-01 -5.0003e+00 +5.0907e+00 -1.4725e+00 +5.1156e+00 -3.6516e+00 +4.6733e+00 -5.1287e-01 +2.6280e+00 +2.9412e+00 -4.6764e+00 -3.9235e+00 -4.0051e+00
2426 +3.548360689e+00 +3.548360689e+00 -6.732163931e+01 -6.732163931e+01 +4.4551e+00 -2.5040e+00 -3.4147e+00 -2.6594e+00 -2.6969e+00 -4.2989e+00 -5.9205e+00 -8.7918e-04 -5.0318e+00 +5.0231e+00 -1.6218e+00 +5.0731e+00 -3.6738e+00 +4.6621e+00 -2.5233e-01 +2.7722e+00 +3.2230e+00 -4.7108e+00 -3.9958e+00 -4.1427e+00
2867 +2.504776738e+00 +2.504776738e+00 -6.836522326e+01 -6.836522326e+01 +4.3764e+00 -2.3641e+00 -3.3335e+00 -2.6622e+00 -2.7302e+00 -4.2345e+00 -5.9055e+00 +6.7190e-02 -4.9130e+00 +5.1240e+00 -1.7305e+00 +5.1344e+00 -3.7520e+00 +4.6594e+00 -1.2041e-01 +2.8861e+00 +3.2351e+00 -4.8109e+00 -4.0110e+00 -4.0781e+00
3818 +1.574202867e+00 +1.574202867e+00 -6.929579713e+01 -6.929579713e+01 +4.4373e+00 -2.4157e+00 -3.3299e+00 -2.6567e+00 -2.7319e+00 -4.2374e+00 -5.9221e+00 +6.7231e-02 -5.0063e+00 +5.1192e+00 -1.8113e+00 +5.1294e+00 -3.7818e+00 +4.6217e+00 -1.4349e-01 +2.9119e+00 +3.3237e+00 -4.7970e+00 -3.9594e+00 -4.1436e+00
129206 +9.914711670e-01 +9.914711670e-01 -6.987852883e+01 -6.987852883e+01 +1.0248e+00 -4.3140e+00 +5.0892e+00 +4.7098e+00 +3.8737e+00 -5.2968e-01 +4.0130e+00 +9.4443e-01 +3.3348e+00 -9.0988e-01 -2.7809e+00 -5.2763e+00 -1.8580e-01 +5.5737e+00 -3.7538e+00 +5.7596e+00 -5.3623e+00 -5.1296e+00 -4.5074e+00 +2.2274e-01
459098 +5.178073035e-01 +5.178073035e-01 -7.035219270e+01 -7.035219270e+01 +1.8203e+00 -4.0659e+00 -2.9282e+00 -1.5050e+00 -2.6584e+00 +3.4600e+00 -2.5884e+00 +6.3790e-01 +5.8781e-01 -1.1377e+00 +3.6709e+00 -4.7768e+00 -2.3323e+00 -3.6252e+00 +2.8153e+00 -3.7455e+00 -4.3946e+00 -1.9335e+00 +4.4487e+00 -3.0957e+00
459320 +3.628354346e-01 +3.628354346e-01 -7.050716457e+01 -7.050716457e+01 +1.8738e+00 -4.0083e+00 -2.9178e+00 -1.4435e+00 -2.6101e+00 +3.4377e+00 -2.4843e+00 +6.0601e-01 +6.2269e-01 -1.0812e+00 +3.6384e+00 -4.8686e+00 -2.3390e+00 -3.6079e+00 +2.7747e+00 -3.7698e+00 -4.3576e+00 -2.0137e+00 +4.4838e+00 -3.1537e+00
459685 +2.487325062e-01 +2.487325062e-01 -7.062126749e+01 -7.062126749e+01 +1.9012e+00 -4.0116e+00 -2.9185e+00 -1.4663e+00 -2.5974e+00 +3.4379e+00 -2.4410e+00 +6.1270e-01 +6.3233e-01 -1.0667e+00 +3.6472e+00 -4.8957e+00 -2.3248e+00 -3.6119e+00 +2.7740e+00 -3.8083e+00 -4.3842e+00 -2.0199e+00 +4.4832e+00 -3.1949e+00
460061 +1.578263317e-01 +1.578263317e-01 -7.071217367e+01 -7.071217367e+01 +1.9294e+00 -4.0102e+00 -2.9355e+00 -1.4589e+00 -2.5976e+00 +3.4141e+00 -2.4335e+00 +5.8471e-01 +6.5957e-01 -1.0508e+00 +3.6344e+00 -4.8912e+00 -2.3210e+00 -3.6040e+00 +2.7575e+00 -3.8052e+00 -4.3925e+00 -2.0450e+00 +4.5116e+00 -3.2062e+00
% function evaluation | noise-free fitness - Fopt (-2.639100000000e+02) | best noise-free fitness - Fopt | measured fitness | best measured fitness | x1 | x2...
1 +5.977913935e+01 +5.977913935e+01 -2.041308606e+02 -2.041308606e+02 +3.5798e+00 -3.6350e+00 +1.1891e+00 +4.8654e-01 +2.1552e+00 -3.7699e+00 -1.0245e+00 +7.9113e-01 -6.5076e-01 +3.3950e+00 +1.5501e+00 -1.4973e+00 -3.6545e+00 -1.7152e+00 -8.1720e-01 +9.3594e-01 +3.6836e+00 +7.9514e-01 +1.1758e+00 +1.5961e+00
178 +3.806790181e+01 +3.806790181e+01 -2.258420982e+02 -2.258420982e+02 +3.4892e+00 +1.1474e+00 +3.8494e+00 -1.9892e+00 +3.8727e+00 -4.9129e+00 -4.4099e+00 -3.8862e+00 -2.4345e+00 +5.6174e+00 +1.4666e-01 -4.3675e+00 -1.7847e-01 -4.8819e-02 +1.5513e+00 -2.2458e+00 +8.1733e-01 +1.3510e+00 +1.1970e+00 +2.9440e+00
1043 +2.328388712e+01 +2.328388712e+01 -2.406261129e+02 -2.406261129e+02 +2.0769e+00 -1.2168e+00 -1.0819e+00 +1.5037e+00 +2.4554e-01 -3.1040e+00 -1.1046e+00 -8.1323e-01 -1.1891e+00 +7.2507e+00 +2.9502e+00 -1.9430e+00 -4.7198e+00 -3.3412e+00 +4.2529e+00 -8.8320e-01 +2.9070e+00 +3.5532e+00 -1.2115e+00 +2.6834e+00
1350 +1.454505584e+01 +1.454505584e+01 -2.493649442e+02 -2.493649442e+02 +2.4805e+00 -2.0554e+00 -8.7083e-01 +2.1586e+00 +1.2193e+00 -3.0750e+00 -2.2425e+00 -1.1116e+00 -1.2532e+00 +6.6168e+00 +2.6780e+00 -1.6379e+00 -4.4123e+00 -3.0520e+00 +4.2959e+00 -1.7287e+00 +3.3625e+00 +3.2131e+00 -1.5294e+00 +2.9350e+00
1396 +9.832347765e+00 +9.832347765e+00 -2.540776522e+02 -2.540776522e+02 +2.2468e+00 -2.1856e+00 -1.3124e+00 +2.0976e+00 +1.1212e+00 -3.1938e+00 -2.3370e+00 -1.5233e+00 -1.2511e+00 +6.2537e+00 +2.8482e+00 -1.4429e+00 -4.7339e+00 -3.0603e+00 +3.9950e+00 -1.2341e+00 +3.4493e+00 +3.3790e+00 -1.9712e+00 +2.5316e+00
1591 +5.848562050e+00 +5.848562050e+00 -2.580614379e+02 -2.580614379e+02 +2.0921e+00 -1.7216e+00 -1.0401e+00 +2.1204e+00 +5.3734e-01 -2.7766e+00 -2.6564e+00 -1.2755e+00 -1.1062e+00 +6.1261e+00 +2.9545e+00 -1.5135e+00 -4.5609e+00 -3.1936e+00 +4.3960e+00 -1.2075e+00 +3.0583e+00 +2.9834e+00 -1.6000e+00 +2.7579e+00
1825 +3.495321680e+00 +3.495321680e+00 -2.604146783e+02 -2.604146783e+02 +1.8289e+00 -1.8495e+00 -1.0532e+00 +2.0412e+00 +3.3069e-01 -2.7942e+00 -2.3117e+00 -1.2881e+00 -1.4207e+00 +6.2948e+00 +3.2059e+00 -1.5571e+00 -4.6530e+00 -3.3798e+00 +4.3103e+00 -9.9641e-01 +2.9583e+00 +3.2474e+00 -1.5264e+00 +2.9790e+00
2092 +2.374767497e+00 +2.374767497e+00 -2.615352325e+02 -2.615352325e+02 +1.7333e+00 -1.8515e+00 -9.9872e-01 +2.0810e+00 +3.2303e-01 -3.0002e+00 -2.4001e+00 -1.3576e+00 -1.3244e+00 +6.2904e+00 +3.1039e+00 -1.4839e+00 -4.7005e+00 -3.3509e+00 +4.4568e+00 -1.0482e+00 +3.1187e+00 +3.1019e+00 -1.5565e+00 +2.9286e+00
2698 +1.567906843e+00 +1.567906843e+00 -2.623420932e+02 -2.623420932e+02 +1.6384e+00 -1.9030e+00 -8.8769e-01 +2.0542e+00 +3.6759e-01 -2.9104e+00 -2.3181e+00 -1.4193e+00 -1.3371e+00 +6.3625e+00 +3.1015e+00 -1.5529e+00 -4.7848e+00 -3.3666e+00 +4.3583e+00 -1.0831e+00 +3.1166e+00 +3.0461e+00 -1.5529e+00 +2.9329e+00
164533 +9.753592459e-01 +9.753592459e-01 -2.629346408e+02 -2.629346408e+02 +1.0464e-01 +3.5260e+00 +6.6313e-01 +1.6306e+00 +4.3491e+00 -1.4091e+00 +4.2437e+00 -1.2497e+00 -4.4925e+00 -5.1590e-01 +2.4559e-02 +2.7014e+00 -1.9107e-01 -4.8502e+00 -4.5520e+00 +2.9575e+00 +2.5808e+00 -3.9103e-01 -4.9963e+00 +2.3901e+00
164750 +5.927160324e-01 +5.927160324e-01 -2.633172840e+02 -2.633172840e+02 +7.3467e-02 +3.5805e+00 +6.5602e-01 +1.6489e+00 +4.3704e+00 -1.4725e+00 +4.2268e+00 -1.2357e+00 -4.4627e+00 -5.2934e-01 +9.0713e-02 +2.7678e+00 -2.2824e-01 -4.9100e+00 -4.5164e+00 +2.9020e+00 +2.5958e+00 -4.7144e-01 -4.9594e+00 +2.3947e+00
164893 +3.921771958e-01 +3.921771958e-01 -2.635178228e+02 -2.635178228e+02 +4.1734e-02 +3.5634e+00 +6.6694e-01 +1.6526e+00 +4.4146e+00 -1.4795e+00 +4.2383e+00 -1.2563e+00 -4.4245e+00 -4.9015e-01 +7.6342e-02 +2.7484e+00 -2.1373e-01 -4.9056e+00 -4.5108e+00 +2.9204e+00 +2.5497e+00 -4.4689e-01 -4.9539e+00 +2.3828e+00
165472 +2.414286970e-01 +2.414286970e-01 -2.636685713e+02 -2.636685713e+02 +6.8978e-02 +3.5751e+00 +6.6059e-01 +1.6584e+00 +4.4184e+00 -1.4876e+00 +4.2199e+00 -1.2477e+00 -4.4110e+00 -4.9533e-01 +1.0936e-01 +2.7448e+00 -2.1974e-01 -4.8889e+00 -4.4950e+00 +2.9152e+00 +2.5952e+00 -4.6937e-01 -4.9575e+00 +2.3978e+00
167208 +1.583146708e-01 +1.583146708e-01 -2.637516853e+02 -2.637516853e+02 +7.0946e-02 +3.5779e+00 +6.5785e-01 +1.6598e+00 +4.4186e+00 -1.4831e+00 +4.2194e+00 -1.2387e+00 -4.4091e+00 -4.9448e-01 +1.1549e-01 +2.7471e+00 -2.2385e-01 -4.8893e+00 -4.4905e+00 +2.9174e+00 +2.5924e+00 -4.6278e-01 -4.9547e+00 +2.3919e+00
% function evaluation | noise-free fitness - Fopt (-2.609800000000e+02) | best noise-free fitness - Fopt | measured fitness | best measured fitness | x1 | x2...
1 +5.012661794e+01 +5.012661794e+01 -2.108533821e+02 -2.108533821e+02 -1.2179e-01 +1.5453e+00 -2.9412e+00 +3.1678e+00 -1.9759e+00 +3.5666e+00 +3.4916e+00 -1.8588e+00 -1.7547e+00 -1.9018e+00 -3.2261e+00 -3.6667e+00 -2.5152e+00 -1.6052e+00 +8.7381e-01 -3.1418e+00 +6.6274e-01 +3.2746e+00 +2.7250e+00 -2.2597e+00
281 +3.860203871e+01 +3.860203871e+01 -2.223779613e+02 -2.223779613e+02 +1.3296e+00 -1.1844e+00 -4.6907e+00 -4.3320e+00 +2.0772e+00 -1.1408e+00 +1.7275e+00 -9.0952e+00 -1.0855e+00 -2.3172e+00 -2.6830e+00 -4.5606e+00 -3.6916e+00 -5.8746e+00 +2.0700e+00 +9.3878e-01 +3.5509e-01 +3.8644e+00 +4.3140e+00 -2.9302e+00
2250 +2.301519340e+01 +2.301519340e+01 -2.379648066e+02 -2.379648066e+02 +2.1834e+00 +6.3288e+00 -6.1500e+00 -5.4065e+00 -4.1077e+00 +5.0677e+00 +5.8393e+00 -6.8796e+00 +3.3720e-01 +6.0900e+00 +5.4977e+00 -3.4772e+00 +2.4879e+00 +8.6456e-02 +5.1880e+00 -9.9570e-01 +3.6667e+00 +3.3660e+00 +3.3600e+00 -3.1682e+00
2697 +1.517168073e+01 +1.517168073e+01 -2.458083193e+02 -2.458083193e+02 +2.4684e+00 +4.9638e+00 -4.3871e+00 -5.1014e+00 -3.9433e+00 +5.5253e+00 +4.8603e+00 -6.0531e+00 +4.3022e-01 +5.7190e+00 +4.7681e+00 -2.6399e+00 +2.5871e+00 +7.8291e-01 +5.0139e+00 -2.1398e+00 +3.2214e+00 +3.8901e+00 +2.3739e+00 -3.5997e+00
3105 +9.069938429e+00 +9.069938429e+00 -2.519100616e+02 -2.519100616e+02 +1.9349e+00 +4.6542e+00 -3.8392e+00 -4.8886e+00 -3.6339e+00 +5.2062e+00 +5.2341e+00 -5.9372e+00 +7.8177e-01 +5.8303e+00 +4.8408e+00 -2.6017e+00 +2.1656e+00 -1.3063e-01 +5.4403e+00 -2.1885e+00 +3.5013e+00 +3.8499e+00 +2.3056e+00 -3.3057e+00
3363 +5.497153522e+00 +5.497153522e+00 -2.554828465e+02 -2.554828465e+02 +2.0551e+00 +4.6399e+00 -3.9157e+00 -4.9870e+00 -3.8011e+00 +5.6345e+00 +5.1499e+00 -6.0811e+00 +4.3697e-01 +5.5399e+00 +5.1971e+00 -2.5362e+00 +2.1058e+00 -2.6303e-01 +5.4327e+00 -2.0269e+00 +3.2889e+00 +3.6131e+00 +2.4187e+00 -3.2656e+00
3458 +3.961918586e+00 +3.961918586e+00 -2.570180814e+02 -2.570180814e+02 +2.1265e+00 +4.5837e+00 -3.6708e+00 -5.0206e+00 -3.4869e+00 +5.5044e+00 +5.0941e+00 -6.3241e+00 +4.9695e-01 +5.4801e+00 +5.1018e+00 -2.8116e+00 +2.0886e+00 -1.2451e-01 +5.4388e+00 -1.8495e+00 +3.4002e+00 +3.5944e+00 +2.3851e+00 -3.1767e+00
4015 +2.506512645e+00 +2.506512645e+00 -2.584734874e+02 -2.584734874e+02 +2.1876e+00 +4.9706e+00 -3.5944e+00 -4.9617e+00 -3.4274e+00 +5.6658e+00 +5.2769e+00 -6.2090e+00 +4.8751e-01 +5.3545e+00 +5.2104e+00 -2.8596e+00 +1.9555e+00 +2.1678e-01 +5.4836e+00 -2.0947e+00 +3.3504e+00 +3.8311e+00 +2.2873e+00 -3.0148e+00
15080 +1.581708649e+00 +1.581708649e+00 -2.593982914e+02 -2.593982914e+02 +3.7162e+00 +4.0772e+00 +2.4237e+00 -4.4069e+00 -3.4614e+00 +1.0973e+00 -3.5748e+00 -5.4732e+00 +3.1643e+00 +1.3353e+00 +4.8138e+00 -1.0360e+00 +5.1279e+00 +1.1926e+00 +5.2011e+00 +1.7472e+00 +3.5409e+00 -3.2768e+00 +3.3075e+00 +4.8314e+00
15492 +9.401310974e-01 +9.401310974e-01 -2.600398689e+02 -2.600398689e+02 +3.7255e+00 +4.1530e+00 +2.4286e+00 -4.4100e+00 -3.4255e+00 +1.1343e+00 -3.5949e+00 -5.3928e+00 +3.1992e+00 +1.3764e+00 +4.8150e+00 -9.9580e-01 +5.1353e+00 +1.2371e+00 +5.2296e+00 +1.7328e+00 +3.4992e+00 -3.2498e+00 +3.3577e+00 +4.8461e+00
533591 +6.309363552e-01 +6.309363552e-01 -2.603490636e+02 -2.603490636e+02 -2.9880e+00 -1.7523e+00 -3.9217e+00 +3.1643e+00 -1.5278e+00 +5.3197e+00 +1.9022e+00 -3.5406e+00 +1.9402e+00 -3.8902e+00 -3.4649e+00 +3.6606e+00 -3.2996e+00 -3.2583e+00 -4.3790e+00 +5.2687e+00 +5.5614e+00 -2.3469e+00 -2.0970e+00 +2.6291e+00
% function evaluation | noise-free fitness - Fopt (6.694000000000e+01) | best noise-free fitness - Fopt | measured fitness | best measured fitness | x1 | x2...
1 +9.611600812e+01 +9.611600812e+01 +1.630560081e+02 +1.630560081e+02 +3.9103e+00 -2.3141e+00 +2.9227e+00 +5.6055e-01 -1.4918e+00 -1.6930e+00 -1.8843e+00 -9.1906e-02 +2.3562e+00 +2.2298e+00 +3.7134e+00 -3.6827e+00 +1.2663e+00 +1.5434e+00 +3.4104e+00 +2.7893e+00 +2.6275e-01 -8.1082e-01 +1.8218e+00 +2.1569e+00
3 +6.037867337e+01 +6.037867337e+01 +1.273186734e+02 +1.273186734e+02 +8.9402e-01 -3.4859e+00 +2.1453e+00 +1.0026e+00 +4.4711e-01 -1.2532e+00 +4.2233e-01 -7.1312e-01 +4.8645e-01 +3.5881e+00 +3.6274e+00 -6.4976e-01 +7.7814e-01 +3.0870e+00 +7.1740e+00 +6.0662e+00 +1.7427e+00 -7.6840e-01 -2.8751e-01 +1.3654e+00
15 +3.546775085e+01 +3.546775085e+01 +1.024077508e+02 +1.024077508e+02 +7.9338e-01 +7.0537e-01 +2.6212e+00 +3.0034e+00 -4.2266e+00 -1.7917e+00 +1.4123e+00 -1.7162e+00 +1.2521e+00 +8.3845e-01 +3.6813e+00 -3.8084e-01 -7.1882e-01 +2.8472e+00 +1.3577e+00 +3.4037e+00 +6.9219e-01 -5.3205e+00 +1.1143e+00 -1.9965e+00
1743 +1.922239555e+01 +1.922239555e+01 +8.616239555e+01 +8.616239555e+01 +3.6055e+00 +3.8415e+00 +9.0669e-02 -2.6060e+00 +1.5186e+00 -4.0737e+00 -2.6915e+00 +2.6279e+00 +4.5115e+00 +3.3516e+00 +2.2044e+00 -3.1078e+00 +7.0872e+00 +5.9206e+00 +1.7524e+00 -2.3129e+00 +5.1827e+00 -3.1495e+00 +2.6671e+00 -3.4145e+00
1924 +1.481736762e+01 +1.481736762e+01 +8.175736762e+01 +8.175736762e+01 +3.1401e+00 +4.0022e+00 -2.4579e-01 -2.7374e+00 +1.6966e+00 -3.7133e+00 -2.3929e+00 +1.9318e+00 +4.4996e+00 +3.9896e+00 +4.4596e-01 -3.7988e+00 +7.1384e+00 +6.3701e+00 +1.2709e+00 -2.1307e+00 +4.9178e+00 -3.2484e+00 +2.6739e+00 -4.2051e+00
2237 +9.159806296e+00 +9.159806296e+00 +7.609980630e+01 +7.609980630e+01 +3.2037e+00 +3.9263e+00 -5.3433e-01 -2.7134e+00 +1.3325e+00 -3.4422e+00 -2.5492e+00 +1.9849e+00 +4.7110e+00 +3.4314e+00 +5.0778e-01 -4.2139e+00 +6.9404e+00 +6.4049e+00 +1.0389e+00 -2.8269e+00 +4.9111e+00 -3.2308e+00 +2.8764e+00 -4.1028e+00
2396 +5.956127791e+00 +5.956127791e+00 +7.289612779e+01 +7.289612779e+01 +2.9547e+00 +4.0904e+00 -4.3811e-01 -2.8203e+00 +1.3645e+00 -3.6866e+00 -2.4077e+00 +2.0680e+00 +4.6446e+00 +3.2581e+00 +7.0919e-01 -4.4885e+00 +6.9126e+00 +6.2922e+00 +6.8133e-01 -2.7365e+00 +5.1190e+00 -3.2404e+00 +3.2188e+00 -4.0426e+00
3114 +3.952186835e+00 +3.952186835e+00 +7.089218684e+01 +7.089218684e+01 +3.0481e+00 +4.0485e+00 -5.5288e-01 -2.8749e+00 +1.5598e+00 -3.6314e+00 -2.4478e+00 +2.1074e+00 +4.7160e+00 +3.3020e+00 +6.1905e-01 -4.6594e+00 +6.9657e+00 +6.0785e+00 +8.4957e-01 -2.7463e+00 +5.0850e+00 -3.2965e+00 +3.0319e+00 -3.9532e+00
14411 +2.465737784e+00 +2.465737784e+00 +6.940573778e+01 +6.940573778e+01 -1.2890e+00 +5.1461e+00 -6.6392e-01 -4.6228e-01 +3.5927e+00 -6.4844e+00 +4.2789e+00 +1.6044e-01 +4.3015e+00 +3.4674e+00 -7.9738e-01 -7.1630e-01 -1.4624e+00 -9.5066e-01 +1.2043e+00 -5.3857e+00 +1.6370e+00 -4.7246e+00 -1.6920e+00 -1.1446e+00
15175 +1.533265644e+00 +1.533265644e+00 +6.847326564e+01 +6.847326564e+01 -1.1989e+00 +5.1087e+00 -5.8889e-01 -5.0778e-01 +3.6349e+00 -6.4387e+00 +4.3390e+00 +1.5535e-01 +4.2665e+00 +3.4870e+00 -7.0518e-01 -7.1710e-01 -1.5211e+00 -9.7382e-01 +1.1326e+00 -5.4416e+00 +1.6078e+00 -4.7397e+00 -1.6715e+00 -1.1505e+00
28338 +9.666305327e-01 +9.666305327e-01 +6.790663053e+01 +6.790663053e+01 -1.2701e+00 +3.9839e+00 +1.0124e+00 +1.0991e-01 -3.2635e+00 -3.9930e+00 -1.5318e+00 +2.6020e+00 +2.1028e+00 -2.3672e+00 +5.9272e-01 +1.9916e+00 +2.2131e+00 -3.4690e+00 +4.1112e+00 -5.3337e+00 -5.0771e+00 +3.4457e+00 -5.7198e+00 +1.1521e+00
29984 +6.252182569e-01 +6.252182569e-01 +6.756521826e+01 +6.756521826e+01 -1.2853e+00 +3.9853e+00 +9.9694e-01 +1.1358e-01 -3.2586e+00 -3.9695e+00 -1.5688e+00 +2.6014e+00 +2.1055e+00 -2.3782e+00 +5.8749e-01 +1.9991e+00 +2.2067e+00 -3.4676e+00 +4.1129e+00 -5.3201e+00 -5.0733e+00 +3.4543e+00 -5.7185e+00 +1.1074e+00
255718 +3.941499521e-01 +3.941499521e-01 +6.733414995e+01 +6.733414995e+01 -3.4149e+00 -1.2495e+00 -4.1887e+00 -2.9044e+00 +3.6393e+00 -3.5619e+00 +2.1718e+00 +3.2903e+00 -3.1126e-01 +2.2818e+00 -1.2162e+00 +4.9482e+00 +7.9165e-01 -1.7873e+00 -3.8181e+00 +3.5969e+00 -1.8729e+00 +3.9838e+00 -1.3279e+00 -2.9790e+00
754107 +2.511629094e-01 +2.511629094e-01 +6.719116291e+01 +6.719116291e+01 -5.2338e+00 +1.6833e+00 +4.4302e+00 -3.0383e+00 -2.9064e+00 -1.4346e+00 -3.7703e+00 +1.9274e-01 -3.2951e+00 +7.8406e-01 +2.0067e+00 +3.7480e+00 -1.9873e+00 +2.7343e+00 -3.5173e-01 +2.4450e+00 +1.5926e-01 -2.9427e+00 +1.6481e-01 +5.1206e-01
% function evaluation | noise-free fitness - Fopt (5.260000000000e+00) | best noise-free fitness - Fopt | measured fitness | best measured fitness | x1 | x2...
1 +9.223673917e+01 +9.223673917e+01 +9.749673917e+01 +9.749673917e+01 +3.7804e+00 -1.7938e+00 -5.1716e-01 -1.9905e+00 -2.7960e+00 -3.9321e+00 -3.7171e+00 +1.9044e+00 +2.7335e+00 -4.9940e-02 +3.3999e+00 +1.1782e+00 +3.4725e+00 -1.2942e+00 -2.8453e+00 +3.4443e+00 +3.9215e+00 -1.8590e+00 -2.5404e+00 +2.6705e+00
6 +5.842579265e+01 +5.842579265e+01 +6.368579265e+01 +6.368579265e+01 +3.2411e+00 +7.2360e-01 +2.3821e-01 -1.3333e+00 -4.6216e+00 -4.6788e+00 -1.6802e+00 +2.3158e+00 +2.5963e+00 -1.8496e-01 +7.1280e-01 +2.0521e+00 +2.1597e+00 -2.1851e+00 -2.6909e+00 +1.4992e+00 +2.1654e+00 +1.0476e+00 -2.8238e+00 +1.4315e+00
14 +3.971191910e+01 +3.971191910e+01 +4.497191910e+01 +4.497191910e+01 +2.6002e-01 -9.7650e-01 +1.6836e+00 -4.8312e-01 -6.0883e+00 -5.6537e+00 -3.9144e+00 -6.1824e-01 +6.0078e+00 +1.1387e+00 +1.5589e+00 +1.7905e+00 +8.7800e-01 -5.5974e+00 -2.3813e+00 +3.7844e+00 +1.1348e+00 +1.0016e+00 -3.5600e+00 +2.8689e+00
1482 +2.070699148e+01 +2.070699148e+01 +2.596699148e+01 +2.596699148e+01 +4.9506e+00 -3.1066e+00 -8.7360e-01 +5.7640e+00 +3.5766e+00 -5.0553e+00 -5.6637e+00 -5.2650e+00 +6.3275e+00 -2.8046e+00 +6.0856e-01 +2.7490e+00 -6.9974e-01 -1.2110e+00 -2.5293e-01 -3.4554e+00 +4.4459e+00 -2.1041e+00 -1.5298e+00 +7.0030e+00
1802 +9.930232393e+00 +9.930232393e+00 +1.519023239e+01 +1.519023239e+01 +3.7818e+00 -3.2252e+00 -3.5384e-01 +5.2982e+00 +3.6743e+00 -5.0673e+00 -5.2293e+00 -4.7862e+00 +5.6123e+00 -1.8891e+00 +1.1323e+00 +3.4467e+00 -1.4420e+00 -1.1459e+00 -3.0911e-01 -3.3510e+00 +3.0759e+00 -1.9519e+00 -1.4152e+00 +6.1917e+00
2069 +6.229304590e+00 +6.229304590e+00 +1.148930459e+01 +1.148930459e+01 +4.0124e+00 -3.2109e+00 -3.2345e-01 +5.2076e+00 +3.7456e+00 -5.1485e+00 -5.5205e+00 -5.1203e+00 +5.8664e+00 -1.6309e+00 +1.2474e+00 +2.9798e+00 -1.4852e+00 -9.5383e-01 -6.9335e-01 -3.4346e+00 +3.0884e+00 -1.9348e+00 -1.6695e+00 +6.5055e+00
2235 +3.639948219e+00 +3.639948219e+00 +8.899948219e+00 +8.899948219e+00 +4.0129e+00 -3.2528e+00 -3.3831e-01 +5.2881e+00 +3.8786e+00 -5.0733e+00 -5.4329e+00 -4.9540e+00 +5.7785e+00 -1.3049e+00 +1.2433e+00 +2.8220e+00 -1.6723e+00 -9.8178e-01 -9.0093e-01 -3.2169e+00 +3.3283e+00 -2.1818e+00 -1.7021e+00 +6.5268e+00
2491 +2.455419519e+00 +2.455419519e+00 +7.715419519e+00 +7.715419519e+00 +4.1239e+00 -3.2595e+00 -3.4893e-01 +5.3873e+00 +3.8651e+00 -5.2280e+00 -5.3093e+00 -5.0256e+00 +5.8413e+00 -1.3213e+00 +1.3634e+00 +2.8778e+00 -1.6897e+00 -9.2555e-01 -8.3838e-01 -3.2765e+00 +3.2651e+00 -2.1369e+00 -1.7170e+00 +6.1899e+00
2930 +1.536497695e+00 +1.536497695e+00 +6.796497695e+00 +6.796497695e+00 +4.1183e+00 -3.3300e+00 -3.3508e-01 +5.2701e+00 +3.9447e+00 -5.1565e+00 -5.3094e+00 -5.0822e+00 +5.7299e+00 -1.3435e+00 +1.4306e+00 +2.8829e+00 -1.5149e+00 -9.5652e-01 -8.1526e-01 -3.2367e+00 +3.2307e+00 -2.0726e+00 -1.6610e+00 +6.1602e+00
89406 +9.471375706e-01 +9.471375706e-01 +6.207137571e+00 +6.207137571e+00 +4.9815e+00 -5.3490e+00 -3.6375e+00 +1.9111e+00 +4.1417e+00 +3.4663e-01 -2.5948e+00 -1.6847e+00 +1.0220e+00 -3.8446e+00 -3.4749e+00 +3.6949e+00 +1.2185e+00 +4.9972e+00 -2.0043e+00 -4.3823e+00 -1.8947e+00 -4.3074e+00 +5.9347e+00 -2.6143e+00
90763 +6.277350018e-01 +6.277350018e-01 +5.887735002e+00 +5.887735002e+00 +4.9914e+00 -5.3123e+00 -3.6527e+00 +1.9034e+00 +4.1540e+00 +3.7779e-01 -2.6512e+00 -1.7320e+00 +1.0909e+00 -3.8516e+00 -3.4880e+00 +3.6964e+00 +1.2146e+00 +4.9838e+00 -1.9997e+00 -4.3824e+00 -1.9456e+00 -4.3276e+00 +5.9476e+00 -2.5587e+00
751159 +3.460244509e-01 +3.460244509e-01 +5.606024451e+00 +5.606024451e+00 -1.0138e+00 -4.8395e+00 -4.4991e+00 -1.8312e+00 +3.3651e-01 -2.5707e+00 -5.0004e-01 +3.6358e+00 -5.1155e+00 +4.7107e+00 +1.3341e+00 -1.6706e+00 +1.6310e+00 +2.5341e-01 +3.2884e-01 -3.8503e+00 +3.2891e+00 +7.1255e-01 +4.1760e+00 -6.1062e-01
751663 +2.263260854e-01 +2.263260854e-01 +5.486326085e+00 +5.486326085e+00 -1.0087e+00 -4.8287e+00 -4.5185e+00 -1.8388e+00 +3.4394e-01 -2.5614e+00 -5.0704e-01 +3.6382e+00 -5.0930e+00 +4.7075e+00 +1.3169e+00 -1.6933e+00 +1.6174e+00 +2.5340e-01 +3.0596e-01 -3.8510e+00 +3.3019e+00 +7.2373e-01 +4.1748e+00 -6.0545e-01
753221 +1.584300151e-01 +1.584300151e-01 +5.418430015e+00 +5.418430015e+00 -1.0032e+00 -4.8379e+00 -4.5256e+00 -1.8243e+00 +3.5298e-01 -2.5534e+00 -5.0067e-01 +3.6385e+00 -5.0995e+00 +4.7103e+00 +1.3152e+00 -1.6885e+00 +1.6190e+00 +2.6421e-01 +3.0075e-01 -3.8534e+00 +3.3092e+00 +7.2226e-01 +4.1741e+00 -6.0922e-01
