% function evaluation | noise-free fitness - Fopt (6.870000000000e+00) | best noise-free fitness - Fopt | measured fitness | best measured fitness | x1 | x2...
1 +1.520549064e+01 +1.520549064e+01 +2.207549064e+01 +2.207549064e+01 -4.7518e+00 +3.4190e+00 +4.9726e+00 +7.8123e-02 +4.9552e+00
3 +6.553646055e+00 +6.553646055e+00 +1.342364606e+01 +1.342364606e+01 +1.6766e-01 -2.2473e+00 +3.4143e+00 -1.9282e+00 +2.0343e+00
7 +5.217708230e+00 +5.217708230e+00 +1.208770823e+01 +1.208770823e+01 -1.1039e+00 -2.1638e+00 +6.6075e-02 -3.5801e+00 +2.7993e+00
400 +2.116481421e+00 +2.116481421e+00 +8.986481421e+00 +8.986481421e+00 +2.4061e+00 -5.2358e+00 +1.9213e+00 +1.2437e+00 -3.2021e+00
3409 +1.345002898e+00 +1.345002898e+00 +8.215002898e+00 +8.215002898e+00 -1.9068e+00 +1.6161e+00 -4.0379e+00 +4.5734e+00 -1.2764e+00
3621 +8.777636599e-01 +8.777636599e-01 +7.747763660e+00 +7.747763660e+00 -9.7749e-01 -3.8798e+00 +2.1382e+00 -6.8112e-01 +1.3080e+00
6226 +5.973872038e-01 +5.973872038e-01 +7.467387204e+00 +7.467387204e+00 -1.2588e+00 +8.6343e-02 -2.8225e+00 +1.1284e+00 -1.6980e+00
12342 +3.548373262e-01 +3.548373262e-01 +7.224837326e+00 +7.224837326e+00 -1.9067e+00 -3.0527e-02 -6.1183e-01 -9.7992e-01 +5.5585e-01
17742 +2.027416496e-01 +2.027416496e-01 +7.072741650e+00 +7.072741650e+00 -1.4840e+00 -2.4621e+00 +1.4093e+00 +2.6573e-01 -1.3814e+00
19133 +1.360070672e-01 +1.360070672e-01 +7.006007067e+00 +7.006007067e+00 +5.6682e-01 -4.3504e+00 -3.9208e+00 +5.2009e-02 -4.0383e+00
% function evaluation | noise-free fitness - Fopt (1.000000000000e-02) | best noise-free fitness - Fopt | measured fitness | best measured fitness | x1 | x2...
1 +3.133228312e+01 +3.133228312e+01 +3.134228312e+01 +3.134228312e+01 -4.7518e+00 +3.4190e+00 +4.9726e+00 +7.8123e-02 +4.9552e+00
3 +6.013044673e+00 +6.013044673e+00 +6.023044673e+00 +6.023044673e+00 +1.6766e-01 -2.2473e+00 +3.4143e+00 -1.9282e+00 +2.0343e+00
162 +2.598327401e+00 +2.598327401e+00 +2.608327401e+00 +2.608327401e+00 -1.5796e+00 +3.0806e+00 +2.6173e+00 -2.3511e+00 -3.1924e-01
718 +2.468961295e+00 +2.468961295e+00 +2.478961295e+00 +2.478961295e+00 +2.8743e+00 -1.5088e+00 -1.8389e+00 -2.1486e+00 -1.9812e+00
3044 +1.136009767e+00 +1.136009767e+00 +1.146009767e+00 +1.146009767e+00 -1.5090e+00 +5.2156e-01 +3.9285e+00 -4.7849e+00 -5.7294e-01
5646 +9.331705466e-01 +9.331705466e-01 +9.431705466e-01 +9.431705466e-01 +1.6058e+00 +1.1107e+00 -4.9492e-01 -2.4139e+00 -1.7143e+00
8097 +5.733622494e-01 +5.733622494e-01 +5.833622494e-01 +5.833622494e-01 +1.0322e+00 -2.6635e+00 +2.4085e+00 -4.4757e-01 -1.6629e+00
8297 +3.558009543e-01 +3.558009543e-01 +3.658009543e-01 +3.658009543e-01 +4.9088e-01 -2.7018e+00 +7.9983e-01 +1.7937e+00 -4.4777e+00
19511 +2.402604247e-01 +2.402604247e-01 +2.502604247e-01 +2.502604247e-01 -1.1250e+00 -4.0907e+00 +2.6696e+00 -2.1046e+00 +1.5146e+00
25058 +1.402170161e-01 +1.402170161e-01 +1.502170161e-01 +1.502170161e-01 -1.1539e+00 -2.3696e+00 -1.0896e+00 +1.9441e-01 -2.3161e-01
32388 +6.237497697e-02 +6.237497697e-02 +7.237497697e-02 +7.237497697e-02 -1.6006e+00 -1.4524e+00 +1.6653e-01 -4.9457e-01 -2.8374e-01
47536 +3.179079708e-02 +3.179079708e-02 +4.179079708e-02 +4.179079708e-02 -1.3898e+00 -5.8752e-01 +1.1595e-01 -1.3371e+00 -6.3116e-01
50070 +2.340431287e-02 +2.340431287e-02 +3.340431287e-02 +3.340431287e-02 -1.5170e+00 -2.9514e+00 -1.3581e+00 +3.2285e-02 +5.5925e-01
54228 +1.319487885e-02 +1.319487885e-02 +2.319487885e-02 +2.319487885e-02 -7.4678e-01 -2.8292e+00 -6.7126e-01 +6.8018e-01 -6.4713e-01
59448 +8.591158089e-03 +8.591158089e-03 +1.859115809e-02 +1.859115809e-02 -8.6218e-01 -1.7320e+00 +1.2106e-01 -7.2801e-01 -7.1232e-01
70107 +5.694277342e-03 +5.694277342e-03 +1.569427734e-02 +1.569427734e-02 -8.5522e-01 -2.6903e+00 -1.5025e-01 +2.6630e-01 -8.3775e-01
73137 +3.949998144e-03 +3.949998144e-03 +1.394999814e-02 +1.394999814e-02 -7.9644e-01 -1.8580e+00 -4.0259e-01 -4.5842e-01 -3.7062e-01
78717 +2.349291585e-03 +2.349291585e-03 +1.234929159e-02 +1.234929159e-02 -9.1438e-01 -2.0595e+00 -1.9371e-01 -4.3532e-01 -5.7202e-01
84454 +1.252769407e-03 +1.252769407e-03 +1.125276941e-02 +1.125276941e-02 -1.0713e+00 -1.6197e+00 -4.7422e-02 -8.1580e-01 -5.2632e-01
89388 +8.525956129e-04 +8.525956129e-04 +1.085259561e-02 +1.085259561e-02 -9.4700e-01 -2.0411e+00 -2.0581e-01 -4.3060e-01 -4.3025e-01
91150 +5.290312882e-04 +5.290312882e-04 +1.052903129e-02 +1.052903129e-02 -1.3373e+00 -1.2412e+00 +5.4850e-02 -1.0858e+00 -4.0954e-01
95797 +3.754153413e-04 +3.754153413e-04 +1.037541534e-02 +1.037541534e-02 -8.7870e-01 -2.4368e+00 -2.4264e-01 -3.7828e-02 -6.5218e-01
102322 +1.670113489e-04 +1.670113489e-04 +1.016701135e-02 +1.016701135e-02 -1.1804e+00 -1.6810e+00 -9.1446e-02 -7.0535e-01 -4.5525e-01
105243 +1.463122946e-04 +1.463122946e-04 +1.014631229e-02 +1.014631229e-02 -1.1039e+00 -1.6013e+00 -5.9509e-02 -8.1109e-01 -3.8454e-01
110082 +8.898164684e-05 +8.898164684e-05 +1.008898165e-02 +1.008898165e-02 -1.0356e+00 -1.9970e+00 -9.6349e-02 -4.1830e-01 -6.0646e-01
113351 +6.307845820e-05 +6.307845820e-05 +1.006307846e-02 +1.006307846e-02 -1.1039e+00 -1.6013e+00 -5.9508e-02 -8.1109e-01 -3.8454e-01
115446 +3.959902396e-05 +3.959902396e-05 +1.003959902e-02 +1.003959902e-02 -1.0356e+00 -1.9970e+00 -9.6349e-02 -4.1830e-01 -6.0646e-01
118203 +2.502210065e-05 +2.502210065e-05 +1.002502210e-02 +1.002502210e-02 -1.0356e+00 -1.9970e+00 -9.6349e-02 -4.1830e-01 -6.0646e-01
% function evaluation | noise-free fitness - Fopt (-1.306100000000e+02) | best noise-free fitness - Fopt | measured fitness | best measured fitness | x1 | x2...
1 +1.050052101e+01 +1.050052101e+01 -1.201094790e+02 -1.201094790e+02 -4.7518e+00 +3.4190e+00 +4.9726e+00 +7.8123e-02 +4.9552e+00
18 +8.663319604e+00 +8.663319604e+00 -1.219466804e+02 -1.219466804e+02 -4.2227e+00 +1.6377e+00 +2.2668e-01 -2.2126e+00 -1.5323e+00
79 +4.724092519e+00 +4.724092519e+00 -1.258859075e+02 -1.258859075e+02 +2.7409e+00 -1.3160e+00 +5.2215e+00 -2.1822e+00 +1.0799e+00
202 +3.765534998e+00 +3.765534998e+00 -1.268444650e+02 -1.268444650e+02 -4.2730e+00 -3.2685e+00 -4.8514e+00 -1.9337e+00 -1.2131e+00
2663 +2.503478862e+00 +2.503478862e+00 -1.281065211e+02 -1.281065211e+02 +1.4863e+00 -1.4021e+00 +3.9462e-01 -1.9796e+00 -2.9640e+00
2802 +7.984340983e-01 +7.984340983e-01 -1.298115659e+02 -1.298115659e+02 -3.5424e+00 -3.7502e+00 -6.0370e-01 +1.4134e+00 -1.7347e+00
10402 +6.249586751e-01 +6.249586751e-01 -1.299850413e+02 -1.299850413e+02 -4.0992e+00 -1.4450e+00 +9.1037e-01 +1.8139e+00 +1.9234e+00
11773 +2.597553075e-01 +2.597553075e-01 -1.303502447e+02 -1.303502447e+02 -2.7982e+00 -2.3100e+00 -1.2925e-02 +4.2329e+00 -1.0815e+00
20046 +1.892957882e-01 +1.892957882e-01 -1.304207042e+02 -1.304207042e+02 -2.5175e+00 +2.4284e-01 +3.5605e-01 +1.8476e+00 +1.2483e+00
26823 +1.364335412e-01 +1.364335412e-01 -1.304735665e+02 -1.304735665e+02 -2.5733e+00 -2.3815e+00 +1.3789e-01 +4.3517e+00 -1.0398e+00
36762 +8.902827366e-02 +8.902827366e-02 -1.305209717e+02 -1.305209717e+02 +1.4424e+00 +4.6010e-01 -5.8643e-01 +1.1212e+00 +1.5219e+00
44768 +6.228309058e-02 +6.228309058e-02 -1.305477169e+02 -1.305477169e+02 +2.0673e+00 +1.4588e+00 -8.5417e-01 +3.7218e-01 +1.5697e+00
47043 +3.376969716e-02 +3.376969716e-02 -1.305762303e+02 -1.305762303e+02 -8.0538e-02 +1.2915e+00 -4.3623e-01 +4.1237e-01 +1.9457e+00
59258 +2.061383826e-02 +2.061383826e-02 -1.305893862e+02 -1.305893862e+02 +2.0543e-01 +7.5971e-02 +2.9980e-01 +1.8956e-01 +2.5568e+00
62047 +1.351760352e-02 +1.351760352e-02 -1.305964824e+02 -1.305964824e+02 +1.2591e-01 +1.4889e-01 +1.9290e-01 +4.7673e-01 +2.2709e+00
64723 +9.230520886e-03 +9.230520886e-03 -1.306007695e+02 -1.306007695e+02 -5.6872e-01 +1.3036e-01 +1.0823e-01 +1.5831e+00 +1.2001e+00
71989 +5.572371532e-03 +5.572371532e-03 -1.306044276e+02 -1.306044276e+02 +1.8935e+00 +3.4766e-01 -2.6952e-01 +1.2691e-01 +2.4486e+00
80815 +3.405247063e-03 +3.405247063e-03 -1.306065948e+02 -1.306065948e+02 -1.1782e+00 -8.7576e-02 +2.7808e-01 +1.5453e+00 +1.2423e+00
88033 +1.951664830e-03 +1.951664830e-03 -1.306080483e+02 -1.306080483e+02 +8.6532e-01 +2.6329e-01 -6.3040e-02 +6.1685e-01 +2.1444e+00
88377 +1.183241275e-03 +1.183241275e-03 -1.306088168e+02 -1.306088168e+02 +8.7478e-01 +2.4265e-01 -4.1041e-02 +4.9575e-01 +2.1339e+00
96981 +8.265633230e-04 +8.265633230e-04 -1.306091734e+02 -1.306091734e+02 +1.2110e+00 +6.1072e-01 -1.2245e-01 +8.5167e-01 +1.9233e+00
99345 +4.667977886e-04 +4.667977886e-04 -1.306095332e+02 -1.306095332e+02 +5.9506e-01 -1.5440e-02 -3.6713e-02 +3.3874e-01 +2.2470e+00
102660 +3.312197202e-04 +3.312197202e-04 -1.306096688e+02 -1.306096688e+02 +1.5520e+00 +3.4547e-01 -1.8009e-01 +1.5633e-01 +2.4631e+00
112468 +2.409713481e-04 +2.409713481e-04 -1.306097590e+02 -1.306097590e+02 +3.9305e-01 -1.4189e-01 -1.1401e-02 +3.4937e-01 +2.1666e+00
113589 +1.503342012e-04 +1.503342012e-04 -1.306098497e+02 -1.306098497e+02 +5.9506e-01 -1.5439e-02 -3.6712e-02 +3.3874e-01 +2.2470e+00
113885 +7.410455510e-05 +7.410455510e-05 -1.306099259e+02 -1.306099259e+02 +5.9506e-01 -1.5437e-02 -3.6713e-02 +3.3874e-01 +2.2470e+00
116390 +4.439380967e-05 +4.439380967e-05 -1.306099556e+02 -1.306099556e+02 +5.9506e-01 -1.5437e-02 -3.6713e-02 +3.3874e-01 +2.2470e+00
117517 +3.112936218e-05 +3.112936218e-05 -1.306099689e+02 -1.306099689e+02 +5.9506e-01 -1.5437e-02 -3.6713e-02 +3.3874e-01 +2.2470e+00
117740 +2.437359265e-05 +2.437359265e-05 -1.306099756e+02 -1.306099756e+02 +5.9506e-01 -1.5437e-02 -3.6713e-02 +3.3874e-01 +2.2470e+00
119426 +1.201588282e-05 +1.201588282e-05 -1.306099880e+02 -1.306099880e+02 +5.9506e-01 -1.5437e-02 -3.6713e-02 +3.3874e-01 +2.2470e+00
119961 +8.153745284e-06 +8.153745284e-06 -1.306099918e+02 -1.306099918e+02 +6.6331e-01 +1.3679e-01 -3.7708e-02 +6.2753e-01 +2.0640e+00
120609 +4.190553909e-06 +4.190553909e-06 -1.306099958e+02 -1.306099958e+02 +6.6331e-01 +1.3679e-01 -3.7708e-02 +6.2753e-01 +2.0640e+00
121283 +3.644601065e-06 +3.644601065e-06 -1.306099964e+02 -1.306099964e+02 +6.6331e-01 +1.3679e-01 -3.7708e-02 +6.2753e-01 +2.0640e+00
121783 +2.443275861e-06 +2.443275861e-06 -1.306099976e+02 -1.306099976e+02 +6.6331e-01 +1.3679e-01 -3.7708e-02 +6.2753e-01 +2.0640e+00
122139 +1.558040367e-06 +1.558040367e-06 -1.306099984e+02 -1.306099984e+02 +6.6331e-01 +1.3679e-01 -3.7708e-02 +6.2753e-01 +2.0640e+00
122641 +6.889604549e-07 +6.889604549e-07 -1.306099993e+02 -1.306099993e+02 +6.6331e-01 +1.3679e-01 -3.7708e-02 +6.2753e-01 +2.0640e+00
122808 +5.527587916e-07 +5.527587916e-07 -1.306099994e+02 -1.306099994e+02 +6.6331e-01 +1.3679e-01 -3.7708e-02 +6.2753e-01 +2.0640e+00
123592 +3.903370214e-07 +3.903370214e-07 -1.306099996e+02 -1.306099996e+02 +6.6331e-01 +1.3679e-01 -3.7708e-02 +6.2753e-01 +2.0640e+00
123984 +2.221751458e-07 +2.221751458e-07 -1.306099998e+02 -1.306099998e+02 +6.6331e-01 +1.3679e-01 -3.7708e-02 +6.2753e-01 +2.0640e+00
124384 +1.093289654e-07 +1.093289654e-07 -1.306099999e+02 -1.306099999e+02 +6.6331e-01 +1.3679e-01 -3.7708e-02 +6.2753e-01 +2.0640e+00
125136 +9.626668884e-08 +9.626668884e-08 -1.306099999e+02 -1.306099999e+02 +6.6331e-01 +1.3679e-01 -3.7708e-02 +6.2753e-01 +2.0640e+00
125459 +5.249179935e-08 +5.249179935e-08 -1.306099999e+02 -1.306099999e+02 +6.6331e-01 +1.3679e-01 -3.7708e-02 +6.2753e-01 +2.0640e+00
126440 +3.171254548e-08 +3.171254548e-08 -1.306100000e+02 -1.306100000e+02 +6.6331e-01 +1.3679e-01 -3.7708e-02 +6.2753e-01 +2.0640e+00
127195 +2.298290269e-08 +2.298290269e-08 -1.306100000e+02 -1.306100000e+02 +6.6331e-01 +1.3679e-01 -3.7708e-02 +6.2753e-01 +2.0640e+00
131221 +1.584857046e-08 +1.584857046e-08 -1.306100000e+02 -1.306100000e+02 +6.6331e-01 +1.3679e-01 -3.7708e-02 +6.2753e-01 +2.0640e+00
% function evaluation | noise-free fitness - Fopt (-2.231200000000e+02) | best noise-free fitness - Fopt | measured fitness | best measured fitness | x1 | x2...
1 +3.195084837e+01 +3.195084837e+01 -1.911691516e+02 -1.911691516e+02 -4.7518e+00 +3.4190e+00 +4.9726e+00 +7.8123e-02 +4.9552e+00
2 +1.316970420e+01 +1.316970420e+01 -2.099502958e+02 -2.099502958e+02 -3.2494e+00 +1.4763e+00 +3.9039e+00 -4.0982e+00 -1.9670e+00
4 +7.502436221e+00 +7.502436221e+00 -2.156175638e+02 -2.156175638e+02 +3.4351e+00 -4.2410e+00 -2.1758e+00 +2.0232e+00 +1.7815e+00
110 +5.461402084e+00 +5.461402084e+00 -2.176585979e+02 -2.176585979e+02 +1.7157e-02 -1.8454e+00 +2.4875e+00 -4.6891e+00 -3.6760e-01
438 +3.758410360e+00 +3.758410360e+00 -2.193615896e+02 -2.193615896e+02 +9.2640e-01 +5.0606e+00 +2.2345e+00 +5.0088e+00 +6.9861e-01
1111 +1.428817336e+00 +1.428817336e+00 -2.216911827e+02 -2.216911827e+02 +4.2804e+00 -2.0244e+00 -2.4925e+00 +2.5172e+00 -3.3370e+00
7552 +9.819241637e-01 +9.819241637e-01 -2.221380758e+02 -2.221380758e+02 -1.8574e+00 -2.3811e+00 +2.3815e+00 +4.6674e+00 +7.1280e-01
9980 +6.033771362e-01 +6.033771362e-01 -2.225166229e+02 -2.225166229e+02 -2.3181e+00 -2.9177e+00 +4.2567e-01 +4.1406e+00 +1.7571e+00
17518 +3.953209252e-01 +3.953209252e-01 -2.227246791e+02 -2.227246791e+02 -1.6790e+00 +2.0696e+00 +4.0409e-01 +2.6315e+00 -3.5686e+00
20577 +2.336518233e-01 +2.336518233e-01 -2.228863482e+02 -2.228863482e+02 -1.0154e+00 -4.7391e+00 -1.3458e+00 +4.2337e+00 +3.7176e-02
27102 +1.482457346e-01 +1.482457346e-01 -2.229717543e+02 -2.229717543e+02 -3.5108e-01 -3.3653e+00 -1.6617e+00 +3.8671e+00 +1.1671e+00
31797 +7.141271877e-02 +7.141271877e-02 -2.230485873e+02 -2.230485873e+02 -1.4994e+00 -2.2470e+00 +1.5053e+00 +4.5325e+00 -2.7461e-01
39882 +6.224671468e-02 +6.224671468e-02 -2.230577533e+02 -2.230577533e+02 -4.9674e-03 +1.3632e+00 +3.4543e+00 +3.5967e+00 +5.1784e-01
46685 +2.971956399e-02 +2.971956399e-02 -2.230902804e+02 -2.230902804e+02 +3.8944e-01 +2.3067e+00 +2.8276e+00 +3.3564e+00 +7.6498e-01
54430 +1.769933611e-02 +1.769933611e-02 -2.231023007e+02 -2.231023007e+02 -3.9945e-02 -1.2322e+00 +9.4739e-01 +4.5667e+00 +3.6873e+00
65859 +1.529498781e-02 +1.529498781e-02 -2.231047050e+02 -2.231047050e+02 +1.7547e-02 +3.9302e+00 +4.3330e+00 +3.6212e+00 +5.7822e-01
67836 +9.010208527e-03 +9.010208527e-03 -2.231109898e+02 -2.231109898e+02 -8.4510e-01 +3.4113e-01 +2.0745e+00 +4.3708e+00 +1.9889e+00
73431 +5.910968161e-03 +5.910968161e-03 -2.231140890e+02 -2.231140890e+02 -3.6002e-01 +1.5119e+00 +2.8658e+00 +4.1128e+00 +1.3360e+00
85778 +3.955840102e-03 +3.955840102e-03 -2.231160442e+02 -2.231160442e+02 -2.4551e+00 -7.9725e-01 +4.2405e-01 +3.8876e+00 +1.1464e+00
87084 +1.972675074e-03 +1.972675074e-03 -2.231180273e+02 -2.231180273e+02 -4.2257e+00 -4.6755e-01 -4.7227e-01 +3.6566e+00 -5.4893e-01
97057 +6.212043519e-04 +6.212043519e-04 -2.231193788e+02 -2.231193788e+02 -4.9898e+00 -4.7293e+00 -3.6598e+00 +3.6998e+00 +1.7056e+00
122159 +3.436647749e-04 +3.436647749e-04 -2.231196563e+02 -2.231196563e+02 -4.3532e+00 -2.6670e+00 -1.8259e+00 +4.7045e+00 +6.2856e-01
125737 +2.260518239e-04 +2.260518239e-04 -2.231197739e+02 -2.231197739e+02 -4.5672e+00 -4.3964e+00 -4.0175e+00 +3.5851e+00 +2.9280e+00
138976 +1.558276205e-04 +1.558276205e-04 -2.231198442e+02 -2.231198442e+02 -4.6790e+00 -3.3060e+00 -2.7969e+00 +3.5449e+00 +1.3539e+00
144020 +7.752008074e-05 +7.752008074e-05 -2.231199225e+02 -2.231199225e+02 -3.2101e+00 -2.8297e+00 -2.7853e+00 +4.4697e+00 +3.2078e+00
148443 +5.606414848e-05 +5.606414848e-05 -2.231199439e+02 -2.231199439e+02 -3.8797e+00 -2.9645e+00 -2.5300e+00 +3.3377e+00 +2.9196e+00
148879 +3.791709835e-05 +3.791709835e-05 -2.231199621e+02 -2.231199621e+02 -3.1482e+00 -1.6805e+00 -1.7531e+00 +3.8847e+00 +3.0831e+00
162988 +2.284777412e-05 +2.284777412e-05 -2.231199772e+02 -2.231199772e+02 -4.7418e+00 -4.1362e+00 -3.3417e+00 +2.7929e+00 +2.5136e+00
163967 +1.481993868e-05 +1.481993868e-05 -2.231199852e+02 -2.231199852e+02 -3.8814e+00 -2.5047e+00 -1.7802e+00 +2.9034e+00 +2.7336e+00
173769 +9.559746218e-06 +9.559746218e-06 -2.231199904e+02 -2.231199904e+02 -3.5052e+00 -2.2125e+00 -1.9628e+00 +3.3125e+00 +2.9019e+00
176653 +6.204064505e-06 +6.204064505e-06 -2.231199938e+02 -2.231199938e+02 -2.7989e+00 -9.8066e-01 -2.3585e+00 +4.5669e+00 +3.6653e+00
182706 +1.937110426e-06 +1.937110426e-06 -2.231199981e+02 -2.231199981e+02 -4.0055e+00 -3.2300e+00 -1.8238e+00 +2.5266e+00 +2.5259e+00
198308 +1.550626422e-06 +1.550626422e-06 -2.231199984e+02 -2.231199984e+02 -3.4008e+00 -1.5406e+00 -2.4393e+00 +3.9375e+00 +3.2882e+00
210016 +8.726862575e-07 +8.726862575e-07 -2.231199991e+02 -2.231199991e+02 -4.7831e+00 -3.1815e+00 -5.9893e-01 +8.9418e-01 +9.2195e-01
215673 +6.264351100e-07 +6.264351100e-07 -2.231199994e+02 -2.231199994e+02 -4.3278e+00 -2.8412e+00 -1.4608e+00 +2.0661e+00 +1.8241e+00
218137 +3.590625397e-07 +3.590625397e-07 -2.231199996e+02 -2.231199996e+02 -4.1104e+00 -1.1408e+00 -1.6819e+00 +3.0060e+00 +2.3791e+00
226819 +2.457191215e-07 +2.457191215e-07 -2.231199998e+02 -2.231199998e+02 -4.7606e+00 -1.9986e+00 -7.7515e-01 +1.4275e+00 +1.1285e+00
228582 +1.290738396e-07 +1.290738396e-07 -2.231199999e+02 -2.231199999e+02 -4.4081e+00 -2.3018e+00 -1.8791e+00 +2.5392e+00 +2.1869e+00
236105 +8.228269621e-08 +8.228269621e-08 -2.231199999e+02 -2.231199999e+02 -3.9512e+00 -1.1959e+00 -1.6695e+00 +3.0902e+00 +2.4356e+00
239666 +3.628963441e-08 +3.628963441e-08 -2.231200000e+02 -2.231200000e+02 -3.9780e+00 -1.7128e+00 -2.3969e+00 +3.4381e+00 +2.8075e+00
245607 +1.848829356e-08 +1.848829356e-08 -2.231200000e+02 -2.231200000e+02 -3.7523e+00 -1.0089e+00 -1.8600e+00 +3.4531e+00 +2.7017e+00
245860 +1.056744736e-08 +1.056744736e-08 -2.231200000e+02 -2.231200000e+02 -3.7128e+00 -7.6676e-01 -2.0630e+00 +3.7318e+00 +2.9113e+00
248210 +8.756018133e-09 +8.756018133e-09 -2.231200000e+02 -2.231200000e+02 -3.9116e+00 -9.5380e-01 -1.8724e+00 +3.3689e+00 +2.6452e+00
% function evaluation | noise-free fitness - Fopt (-4.443000000000e+01) | best noise-free fitness - Fopt | measured fitness | best measured fitness | x1 | x2...
1 +2.768347286e+01 +2.768347286e+01 -1.674652714e+01 -1.674652714e+01 -4.7518e+00 +3.4190e+00 +4.9726e+00 +7.8123e-02 +4.9552e+00
2 +1.469671308e+01 +1.469671308e+01 -2.973328692e+01 -2.973328692e+01 -3.2494e+00 +1.4763e+00 +3.9039e+00 -4.0982e+00 -1.9670e+00
7 +7.082839110e+00 +7.082839110e+00 -3.734716089e+01 -3.734716089e+01 -1.1039e+00 -2.1638e+00 +6.6075e-02 -3.5801e+00 +2.7993e+00
57 +6.133137410e+00 +6.133137410e+00 -3.829686259e+01 -3.829686259e+01 +2.8762e+00 +7.2492e-01 +1.4169e+00 +1.2705e+00 -7.3011e-01
477 +3.917344409e+00 +3.917344409e+00 -4.051265559e+01 -4.051265559e+01 +1.1453e+00 -4.8861e-01 -2.9498e+00 +7.1731e-02 -3.8349e-01
1338 +1.867650663e+00 +1.867650663e+00 -4.256234934e+01 -4.256234934e+01 +1.3259e+00 -7.8361e-01 -2.4726e+00 +1.9262e+00 -9.2582e-01
2609 +1.424984286e+00 +1.424984286e+00 -4.300501571e+01 -4.300501571e+01 +1.7339e+00 +1.8578e+00 +1.1450e-01 -9.5582e-01 -1.8494e-01
5539 +8.048214907e-01 +8.048214907e-01 -4.362517851e+01 -4.362517851e+01 +1.7875e+00 -1.3317e+00 -2.2509e-01 +1.4906e+00 -2.0220e+00
6074 +4.076344004e-01 +4.076344004e-01 -4.402236560e+01 -4.402236560e+01 +3.1579e+00 -1.9738e+00 +4.0927e-01 -3.6430e-01 -1.0308e+00
20435 +2.068492225e-01 +2.068492225e-01 -4.422315078e+01 -4.422315078e+01 -1.3648e+00 -8.5258e-01 -9.2352e-01 -2.4073e+00 -1.7342e+00
40025 +1.381428702e-01 +1.381428702e-01 -4.429185713e+01 -4.429185713e+01 +1.3841e+00 -1.7259e+00 -1.4378e+00 +2.2529e-01 -4.1587e+00
42702 +9.921599013e-02 +9.921599013e-02 -4.433078401e+01 -4.433078401e+01 -9.3050e-01 -1.5117e+00 -7.2116e-01 +7.7789e-01 -5.8493e-01
54656 +5.665690862e-02 +5.665690862e-02 -4.437334309e+01 -4.437334309e+01 -3.5301e+00 -1.1058e+00 -1.4617e+00 -1.8425e+00 +7.4510e-01
60342 +2.780482737e-02 +2.780482737e-02 -4.440219517e+01 -4.440219517e+01 -6.3934e-01 -2.3139e+00 -1.7836e+00 -1.8132e+00 -3.6408e+00
62431 +2.060169051e-02 +2.060169051e-02 -4.440939831e+01 -4.440939831e+01 -1.3004e+00 -7.5911e-01 -1.9768e+00 -2.6587e+00 -3.4604e+00
76766 +1.569940836e-02 +1.569940836e-02 -4.441430059e+01 -4.441430059e+01 -2.3178e+00 -1.4872e+00 -3.4035e+00 -3.7246e+00 -3.8911e+00
81910 +7.644016294e-03 +7.644016294e-03 -4.442235598e+01 -4.442235598e+01 -1.2033e+00 -5.4073e-02 -9.5918e-01 -2.4452e+00 -2.5043e+00
86162 +6.150471116e-03 +6.150471116e-03 -4.442384953e+01 -4.442384953e+01 -1.5660e+00 +4.8269e+00 +1.3366e+00 -3.4870e+00 -2.0693e+00
89591 +3.785383207e-03 +3.785383207e-03 -4.442621462e+01 -4.442621462e+01 -2.6138e+00 +1.4291e+00 -1.0338e+00 -4.0486e+00 -2.5057e+00
96621 +2.054589343e-03 +2.054589343e-03 -4.442794541e+01 -4.442794541e+01 -1.0740e+00 -1.1410e+00 -1.6066e+00 -2.4489e+00 -3.0047e+00
111737 +1.388010093e-03 +1.388010093e-03 -4.442861199e+01 -4.442861199e+01 -1.2270e+00 +1.1654e+00 -2.9743e-01 -3.1399e+00 -2.7083e+00
113169 +9.229205804e-04 +9.229205804e-04 -4.442907708e+01 -4.442907708e+01 +9.5707e-01 -4.4090e+00 -2.2893e+00 -6.8732e-01 -3.8614e+00
125190 +5.576047360e-04 +5.576047360e-04 -4.442944240e+01 -4.442944240e+01 -1.6475e+00 +1.0504e-01 -1.2598e+00 -2.9382e+00 -2.8591e+00
125444 +3.748781979e-04 +3.748781979e-04 -4.442962512e+01 -4.442962512e+01 +2.4567e-02 -3.0484e+00 -2.6099e+00 -1.2719e+00 -4.2318e+00
132657 +2.091628727e-04 +2.091628727e-04 -4.442979084e+01 -4.442979084e+01 -1.4057e+00 -2.2662e+00 -2.3254e+00 -1.8356e+00 -2.8294e+00
143210 +1.580541540e-04 +1.580541540e-04 -4.442984195e+01 -4.442984195e+01 +1.1431e+00 -4.5056e+00 -2.5599e+00 -2.0580e+00 -4.8017e+00
151233 +9.295292957e-05 +9.295292957e-05 -4.442990705e+01 -4.442990705e+01 +3.6911e-01 -3.5014e+00 -2.3140e+00 -1.3354e+00 -3.9899e+00
154869 +4.650870794e-05 +4.650870794e-05 -4.442995349e+01 -4.442995349e+01 -1.2977e-02 -4.8250e+00 -3.0523e+00 -2.2653e+00 -4.0710e+00
162337 +3.421925974e-05 +3.421925974e-05 -4.442996578e+01 -4.442996578e+01 +2.3601e-01 -4.1547e+00 -2.6554e+00 -1.7992e+00 -4.0523e+00
172099 +2.462836559e-05 +2.462836559e-05 -4.442997537e+01 -4.442997537e+01 -3.7164e-01 -3.6796e+00 -2.5565e+00 -1.7311e+00 -3.4456e+00
172846 +1.552442367e-05 +1.552442367e-05 -4.442998448e+01 -4.442998448e+01 -2.3876e-01 -3.4116e+00 -2.2594e+00 -1.8458e+00 -3.3856e+00
182620 +9.049401257e-06 +9.049401257e-06 -4.442999095e+01 -4.442999095e+01 +5.7398e-02 -4.1764e+00 -1.9795e+00 -2.6853e+00 -3.1575e+00
188388 +4.467467747e-06 +4.467467747e-06 -4.442999553e+01 -4.442999553e+01 -3.9356e-01 -3.9359e+00 -2.6276e+00 -1.8734e+00 -3.4164e+00
194673 +3.368024664e-06 +3.368024664e-06 -4.442999663e+01 -4.442999663e+01 -4.6836e-01 -3.7384e+00 -2.4554e+00 -1.8938e+00 -3.2631e+00
201225 +2.243359461e-06 +2.243359461e-06 -4.442999776e+01 -4.442999776e+01 -3.5030e-01 -4.0144e+00 -2.4853e+00 -1.9350e+00 -3.2720e+00
205919 +1.170103005e-06 +1.170103005e-06 -4.442999883e+01 -4.442999883e+01 -1.4792e+00 -3.8668e+00 -3.1216e+00 -1.9732e+00 -2.9087e+00
208283 +6.517100886e-07 +6.517100886e-07 -4.442999935e+01 -4.442999935e+01 -1.6891e+00 -3.6444e+00 -3.1612e+00 -1.8355e+00 -2.8504e+00
216032 +5.280493411e-07 +5.280493411e-07 -4.442999947e+01 -4.442999947e+01 -1.0568e+00 -3.5653e+00 -3.2744e+00 -1.4587e+00 -3.6543e+00
222230 +3.325707638e-07 +3.325707638e-07 -4.442999967e+01 -4.442999967e+01 -1.9400e+00 -3.6364e+00 -3.4284e+00 -1.6796e+00 -2.9016e+00
229526 +2.483526345e-07 +2.483526345e-07 -4.442999975e+01 -4.442999975e+01 -3.5372e+00 -3.1763e+00 -4.0712e+00 -1.4076e+00 -2.2278e+00
232833 +1.325734829e-07 +1.325734829e-07 -4.442999987e+01 -4.442999987e+01 -3.9980e+00 -2.9459e+00 -4.3781e+00 -1.1140e+00 -2.2207e+00
235159 +6.095388017e-08 +6.095388017e-08 -4.442999994e+01 -4.442999994e+01 -4.2221e+00 -2.2282e+00 -4.8916e+00 -6.9502e-02 -2.8951e+00
249898 +1.520075443e-08 +1.520075443e-08 -4.442999998e+01 -4.442999998e+01 -3.7585e+00 -1.7123e+00 -4.8169e+00 +4.2681e-01 -3.5312e+00
256346 +8.382798455e-09 +8.382798455e-09 -4.442999999e+01 -4.442999999e+01 -3.2065e+00 -2.9283e+00 -4.2936e+00 -7.9663e-01 -2.9239e+00
% function evaluation | noise-free fitness - Fopt (8.539000000000e+01) | best noise-free fitness - Fopt | measured fitness | best measured fitness | x1 | x2...
1 +2.048901918e+01 +2.048901918e+01 +1.058790192e+02 +1.058790192e+02 -4.7518e+00 +3.4190e+00 +4.9726e+00 +7.8123e-02 +4.9552e+00
4 +1.097377597e+01 +1.097377597e+01 +9.636377597e+01 +9.636377597e+01 +3.4351e+00 -4.2410e+00 -2.1758e+00 +2.0232e+00 +1.7815e+00
7 +5.899918677e+00 +5.899918677e+00 +9.128991868e+01 +9.128991868e+01 -1.1039e+00 -2.1638e+00 +6.6075e-02 -3.5801e+00 +2.7993e+00
10 +2.557936377e+00 +2.557936377e+00 +8.794793638e+01 +8.794793638e+01 +3.1732e-01 -3.4667e+00 +6.8246e-01 -6.9552e-01 -3.3823e+00
637 +2.282733864e+00 +2.282733864e+00 +8.767273386e+01 +8.767273386e+01 +1.8419e+00 -4.4550e+00 +5.4609e-01 -3.6911e+00 -2.4531e+00
1775 +1.391741168e+00 +1.391741168e+00 +8.678174117e+01 +8.678174117e+01 -8.4283e-01 +2.8539e+00 -7.0572e-01 +1.0054e+00 -1.5957e+00
2769 +8.544486261e-01 +8.544486261e-01 +8.624444863e+01 +8.624444863e+01 +9.7883e-01 +4.6855e-01 -5.3862e-01 +1.7428e+00 -2.9262e+00
11097 +5.635651260e-01 +5.635651260e-01 +8.595356513e+01 +8.595356513e+01 -2.5801e+00 -1.1500e+00 -1.9856e+00 -1.3318e+00 +1.5317e+00
13849 +3.289852606e-01 +3.289852606e-01 +8.571898526e+01 +8.571898526e+01 +4.0720e+00 +1.4171e+00 +3.9156e+00 -4.9981e+00 +7.0112e-01
19131 +2.304001003e-01 +2.304001003e-01 +8.562040010e+01 +8.562040010e+01 +1.7596e-01 -6.6907e-01 -6.5605e-01 -1.3920e+00 +1.9922e+00
100803 +1.582579480e-01 +1.582579480e-01 +8.554825795e+01 +8.554825795e+01 -1.1003e+00 -1.1973e+00 -2.5699e+00 -2.6980e+00 -2.6677e+00
% function evaluation | noise-free fitness - Fopt (-9.872900000000e+02) | best noise-free fitness - Fopt | measured fitness | best measured fitness | x1 | x2...
1 +3.014929699e+01 +3.014929699e+01 -9.571407030e+02 -9.571407030e+02 -4.7518e+00 +3.4190e+00 +4.9726e+00 +7.8123e-02 +4.9552e+00
2 +5.968373191e+00 +5.968373191e+00 -9.813216268e+02 -9.813216268e+02 -3.2494e+00 +1.4763e+00 +3.9039e+00 -4.0982e+00 -1.9670e+00
33 +3.490883548e+00 +3.490883548e+00 -9.837991165e+02 -9.837991165e+02 +3.7414e+00 +3.9317e+00 -1.9907e+00 -2.4353e+00 -2.3172e+00
1411 +2.228324845e+00 +2.228324845e+00 -9.850616752e+02 -9.850616752e+02 +2.7817e+00 +4.0609e+00 -2.0197e+00 -3.3269e+00 +1.2030e+00
1777 +1.442102446e+00 +1.442102446e+00 -9.858478976e+02 -9.858478976e+02 +2.1683e+00 -1.8850e+00 -1.5485e+00 -5.9278e-01 -8.1905e-01
5464 +8.031732278e-01 +8.031732278e-01 -9.864868268e+02 -9.864868268e+02 -2.2760e+00 +3.7837e+00 +2.4664e-01 +1.4375e+00 -1.7239e+00
6982 +4.879241536e-01 +4.879241536e-01 -9.868020758e+02 -9.868020758e+02 -2.5062e-01 -1.8057e-01 -1.3662e+00 -6.3679e-01 -2.2623e+00
11624 +3.405624858e-01 +3.405624858e-01 -9.869494375e+02 -9.869494375e+02 -1.7313e+00 +2.3839e+00 -2.1930e+00 -1.9877e+00 -2.4540e+00
15103 +2.151655124e-01 +2.151655124e-01 -9.870748345e+02 -9.870748345e+02 +2.9436e-01 +3.2441e+00 -2.7126e-01 -2.3351e+00 +1.1804e+00
35356 +1.401309683e-01 +1.401309683e-01 -9.871498690e+02 -9.871498690e+02 -1.3419e+00 -6.3072e-01 -2.7001e+00 -6.0359e-01 -2.4894e+00
37603 +5.286774394e-02 +5.286774394e-02 -9.872371323e+02 -9.872371323e+02 -7.8235e-01 +2.8998e+00 +1.5229e-01 -1.1560e+00 +6.0800e-01
49350 +3.815681708e-02 +3.815681708e-02 -9.872518432e+02 -9.872518432e+02 -7.1383e-01 +3.2602e-01 -1.0008e+00 -2.8001e-01 -1.0809e+00
50493 +2.358157700e-02 +2.358157700e-02 -9.872664184e+02 -9.872664184e+02 -6.3922e-01 -1.1665e+00 -2.0948e+00 -8.2090e-01 -1.0004e+00
56211 +1.437126598e-02 +1.437126598e-02 -9.872756287e+02 -9.872756287e+02 -8.4002e-01 -9.4317e-01 -2.7861e+00 -7.4081e-01 -3.1362e+00
63737 +9.281828499e-03 +9.281828499e-03 -9.872807182e+02 -9.872807182e+02 -3.4089e-01 -3.6625e-01 -1.9499e+00 -8.6995e-01 -1.9605e+00
69745 +5.998728825e-03 +5.998728825e-03 -9.872840013e+02 -9.872840013e+02 -6.9002e-01 -1.3663e+00 -2.0326e+00 -1.2821e+00 -1.4653e+00
70343 +3.670220033e-03 +3.670220033e-03 -9.872863298e+02 -9.872863298e+02 -3.8857e-01 +2.5815e-01 -2.0566e+00 -1.2579e+00 -2.2767e+00
79078 +2.178689933e-03 +2.178689933e-03 -9.872878213e+02 -9.872878213e+02 -2.9461e-01 +5.1570e-01 -1.6580e+00 -1.4657e+00 -1.8773e+00
82090 +1.577708789e-03 +1.577708789e-03 -9.872884223e+02 -9.872884223e+02 -6.0501e-01 -7.1701e-01 -2.6335e+00 -1.2248e+00 -2.4287e+00
92270 +8.756481233e-04 +8.756481233e-04 -9.872891244e+02 -9.872891244e+02 -4.6493e-01 -1.5064e-01 -1.8385e+00 -1.2803e+00 -1.5544e+00
98464 +5.442638442e-04 +5.442638442e-04 -9.872894557e+02 -9.872894557e+02 -5.2104e-01 -7.7476e-01 -2.0286e+00 -1.2885e+00 -1.4580e+00
99076 +3.860302043e-04 +3.860302043e-04 -9.872896140e+02 -9.872896140e+02 -5.2294e-01 -1.2123e+00 -2.3980e+00 -1.0804e+00 -1.9029e+00
106943 +2.447473856e-04 +2.447473856e-04 -9.872897553e+02 -9.872897553e+02 -5.5462e-01 +3.7852e-01 -1.7251e+00 -1.3748e+00 -1.8145e+00
112365 +1.517398282e-04 +1.517398282e-04 -9.872898483e+02 -9.872898483e+02 -6.0617e-01 -4.6710e-01 -1.8693e+00 -1.2706e+00 -1.4074e+00
113403 +9.492787910e-05 +9.492787910e-05 -9.872899051e+02 -9.872899051e+02 -6.3593e-01 -1.3420e+00 -2.6823e+00 -9.5345e-01 -2.3522e+00
119127 +5.094556798e-05 +5.094556798e-05 -9.872899491e+02 -9.872899491e+02 -6.0809e-01 -9.0460e-01 -2.2387e+00 -1.0625e+00 -1.8523e+00
127505 +3.839458725e-05 +3.839458725e-05 -9.872899616e+02 -9.872899616e+02 -6.3593e-01 -1.3420e+00 -2.6823e+00 -9.5345e-01 -2.3522e+00
128044 +1.601406996e-05 +1.601406996e-05 -9.872899840e+02 -9.872899840e+02 -6.3593e-01 -1.3420e+00 -2.6823e+00 -9.5345e-01 -2.3522e+00
129618 +1.198121504e-05 +1.198121504e-05 -9.872899880e+02 -9.872899880e+02 -6.3593e-01 -1.3420e+00 -2.6823e+00 -9.5345e-01 -2.3522e+00
131239 +9.919061540e-06 +9.919061540e-06 -9.872899901e+02 -9.872899901e+02 -5.3515e-01 -1.1192e+00 -2.5655e+00 -1.0306e+00 -2.2934e+00
133286 +4.402779837e-06 +4.402779837e-06 -9.872899956e+02 -9.872899956e+02 -5.3515e-01 -1.1192e+00 -2.5655e+00 -1.0306e+00 -2.2934e+00
133588 +1.495932338e-06 +1.495932338e-06 -9.872899985e+02 -9.872899985e+02 -5.3515e-01 -1.1192e+00 -2.5655e+00 -1.0306e+00 -2.2934e+00
136798 +7.781146678e-07 +7.781146678e-07 -9.872899992e+02 -9.872899992e+02 -5.3515e-01 -1.1192e+00 -2.5655e+00 -1.0306e+00 -2.2934e+00
137427 +5.914943131e-07 +5.914943131e-07 -9.872899994e+02 -9.872899994e+02 -5.3515e-01 -1.1192e+00 -2.5655e+00 -1.0306e+00 -2.2934e+00
137836 +2.347476311e-07 +2.347476311e-07 -9.872899998e+02 -9.872899998e+02 -5.3515e-01 -1.1192e+00 -2.5655e+00 -1.0306e+00 -2.2934e+00
138731 +1.147679995e-07 +1.147679995e-07 -9.872899999e+02 -9.872899999e+02 -5.3515e-01 -1.1192e+00 -2.5655e+00 -1.0306e+00 -2.2934e+00
138940 +9.085420061e-08 +9.085420061e-08 -9.872899999e+02 -9.872899999e+02 -5.3515e-01 -1.1192e+00 -2.5655e+00 -1.0306e+00 -2.2934e+00
139200 +5.995445918e-08 +5.995445918e-08 -9.872899999e+02 -9.872899999e+02 -5.3515e-01 -1.1192e+00 -2.5655e+00 -1.0306e+00 -2.2934e+00
139850 +3.889999789e-08 +3.889999789e-08 -9.872900000e+02 -9.872900000e+02 -5.3515e-01 -1.1192e+00 -2.5655e+00 -1.0306e+00 -2.2934e+00
140044 +2.460694759e-08 +2.460694759e-08 -9.872900000e+02 -9.872900000e+02 -5.3515e-01 -1.1192e+00 -2.5655e+00 -1.0306e+00 -2.2934e+00
140690 +1.281841833e-08 +1.281841833e-08 -9.872900000e+02 -9.872900000e+02 -5.3515e-01 -1.1192e+00 -2.5655e+00 -1.0306e+00 -2.2934e+00
140801 +8.143501873e-09 +8.143501873e-09 -9.872900000e+02 -9.872900000e+02 -5.3515e-01 -1.1192e+00 -2.5655e+00 -1.0306e+00 -2.2934e+00
% function evaluation | noise-free fitness - Fopt (-1.517600000000e+02) | best noise-free fitness - Fopt | measured fitness | best measured fitness | x1 | x2...
1 +1.522025898e+01 +1.522025898e+01 -1.365397410e+02 -1.365397410e+02 -4.7518e+00 +3.4190e+00 +4.9726e+00 +7.8123e-02 +4.9552e+00
2 +4.839808439e+00 +4.839808439e+00 -1.469201916e+02 -1.469201916e+02 -3.2494e+00 +1.4763e+00 +3.9039e+00 -4.0982e+00 -1.9670e+00
349 +2.227471667e+00 +2.227471667e+00 -1.495325283e+02 -1.495325283e+02 -2.5383e+00 -3.3440e+00 +3.9058e+00 -1.2695e+00 +9.2419e-01
3341 +9.858281741e-01 +9.858281741e-01 -1.507741718e+02 -1.507741718e+02 -4.9048e-01 -1.3943e+00 +3.3391e+00 +5.1187e-01 -5.1525e-01
6995 +5.783453450e-01 +5.783453450e-01 -1.511816547e+02 -1.511816547e+02 -1.5375e+00 +1.4862e+00 -1.2015e+00 -1.9984e+00 +1.3183e+00
13957 +3.726146919e-01 +3.726146919e-01 -1.513873853e+02 -1.513873853e+02 -1.3792e+00 +2.0216e+00 +2.5965e-01 +7.2719e-01 -1.7507e+00
18828 +2.445791857e-01 +2.445791857e-01 -1.515154208e+02 -1.515154208e+02 +9.4523e-01 +1.1591e-01 -1.5284e+00 +2.1044e+00 -1.2972e+00
24663 +1.552752307e-01 +1.552752307e-01 -1.516047248e+02 -1.516047248e+02 -3.4519e-01 -6.9692e-01 +1.2238e+00 +2.1134e-02 -2.3792e-01
30038 +8.309163286e-02 +8.309163286e-02 -1.516769084e+02 -1.516769084e+02 -6.9166e-02 +3.2125e-01 -3.1274e-01 -6.7556e-01 -4.8177e-01
35431 +5.421873722e-02 +5.421873722e-02 -1.517057813e+02 -1.517057813e+02 -5.2132e-01 +2.1774e-01 +8.0048e-01 -2.7685e-01 -2.8371e-01
45023 +2.563909902e-02 +2.563909902e-02 -1.517343609e+02 -1.517343609e+02 -1.1759e+00 +1.0072e-01 -3.2225e-01 -2.2129e+00 +1.2450e-01
51063 +2.487359239e-02 +2.487359239e-02 -1.517351264e+02 -1.517351264e+02 -6.6551e-01 +4.9239e-01 -6.8259e-01 -7.1989e-01 +1.3256e-01
51144 +1.483028616e-02 +1.483028616e-02 -1.517451697e+02 -1.517451697e+02 -1.3158e+00 -4.5061e-01 -5.5903e-01 -1.9796e+00 +1.7020e-01
57786 +9.362659714e-03 +9.362659714e-03 -1.517506373e+02 -1.517506373e+02 +1.0825e-01 +5.4786e-01 -1.8328e+00 +9.1839e-01 -6.8149e-01
61802 +4.395856441e-03 +4.395856441e-03 -1.517556041e+02 -1.517556041e+02 +4.0861e-01 +5.2945e-01 -1.7174e+00 +1.7714e+00 -6.3395e-01
72407 +3.053212326e-03 +3.053212326e-03 -1.517569468e+02 -1.517569468e+02 -4.8254e-01 +4.7172e-01 -1.0675e+00 -1.5776e-01 -2.5762e-01
73221 +2.420436116e-03 +2.420436116e-03 -1.517575796e+02 -1.517575796e+02 +2.0803e-02 +2.7906e-01 -9.2230e-01 +4.3804e-01 -3.2580e-01
81703 +1.558555450e-03 +1.558555450e-03 -1.517584414e+02 -1.517584414e+02 -6.8188e-01 +2.9087e-01 -1.5973e+00 -6.1565e-01 -1.7673e-01
83128 +9.978497532e-04 +9.978497532e-04 -1.517590022e+02 -1.517590022e+02 -4.6390e-01 +3.4684e-01 -1.3708e+00 -1.1812e-01 -2.6449e-01
90069 +6.153046481e-04 +6.153046481e-04 -1.517593847e+02 -1.517593847e+02 +2.7495e-01 +5.2244e-01 -1.6278e+00 +1.4705e+00 -6.4312e-01
91906 +3.024176284e-04 +3.024176284e-04 -1.517596976e+02 -1.517596976e+02 -3.3753e-01 +5.1583e-01 -1.3188e+00 +2.2630e-01 -3.4215e-01
98335 +2.391553948e-04 +2.391553948e-04 -1.517597608e+02 -1.517597608e+02 -5.0971e-01 +4.0336e-01 -1.4580e+00 -1.9467e-01 -2.5944e-01
100665 +1.205163934e-04 +1.205163934e-04 -1.517598795e+02 -1.517598795e+02 -5.0971e-01 +4.0337e-01 -1.4580e+00 -1.9467e-01 -2.5945e-01
101330 +9.481587378e-05 +9.481587378e-05 -1.517599052e+02 -1.517599052e+02 -5.0971e-01 +4.0337e-01 -1.4580e+00 -1.9467e-01 -2.5945e-01
101749 +5.791597943e-05 +5.791597943e-05 -1.517599421e+02 -1.517599421e+02 -5.0971e-01 +4.0337e-01 -1.4580e+00 -1.9467e-01 -2.5945e-01
103059 +3.904659971e-05 +3.904659971e-05 -1.517599610e+02 -1.517599610e+02 -5.0971e-01 +4.0337e-01 -1.4580e+00 -1.9467e-01 -2.5945e-01
103515 +9.690431114e-06 +9.690431114e-06 -1.517599903e+02 -1.517599903e+02 -5.0971e-01 +4.0337e-01 -1.4580e+00 -1.9467e-01 -2.5945e-01
104373 +5.165688378e-06 +5.165688378e-06 -1.517599948e+02 -1.517599948e+02 -5.0971e-01 +4.0337e-01 -1.4580e+00 -1.9467e-01 -2.5945e-01
104707 +2.434069216e-06 +2.434069216e-06 -1.517599976e+02 -1.517599976e+02 -5.0971e-01 +4.0337e-01 -1.4580e+00 -1.9467e-01 -2.5945e-01
105349 +1.571987895e-06 +1.571987895e-06 -1.517599984e+02 -1.517599984e+02 -5.0971e-01 +4.0337e-01 -1.4580e+00 -1.9467e-01 -2.5945e-01
105725 +9.400418151e-07 +9.400418151e-07 -1.517599991e+02 -1.517599991e+02 -5.0971e-01 +4.0337e-01 -1.4580e+00 -1.9467e-01 -2.5945e-01
105891 +2.262920873e-07 +2.262920873e-07 -1.517599998e+02 -1.517599998e+02 -5.0971e-01 +4.0337e-01 -1.4580e+00 -1.9467e-01 -2.5945e-01
106774 +1.534598937e-07 +1.534598937e-07 -1.517599998e+02 -1.517599998e+02 -5.0971e-01 +4.0337e-01 -1.4580e+00 -1.9467e-01 -2.5945e-01
106967 +7.818621839e-08 +7.818621839e-08 -1.517599999e+02 -1.517599999e+02 -5.0971e-01 +4.0337e-01 -1.4580e+00 -1.9467e-01 -2.5945e-01
107139 +4.917308161e-08 +4.917308161e-08 -1.517600000e+02 -1.517600000e+02 -5.0971e-01 +4.0337e-01 -1.4580e+00 -1.9467e-01 -2.5945e-01
107295 +3.249368774e-08 +3.249368774e-08 -1.517600000e+02 -1.517600000e+02 -5.0971e-01 +4.0337e-01 -1.4580e+00 -1.9467e-01 -2.5945e-01
107567 +1.884916401e-08 +1.884916401e-08 -1.517600000e+02 -1.517600000e+02 -5.0971e-01 +4.0337e-01 -1.4580e+00 -1.9467e-01 -2.5945e-01
107806 +7.788713674e-09 +7.788713674e-09 -1.517600000e+02 -1.517600000e+02 -5.0971e-01 +4.0337e-01 -1.4580e+00 -1.9467e-01 -2.5945e-01
% function evaluation | noise-free fitness - Fopt (6.680000000000e+01) | best noise-free fitness - Fopt | measured fitness | best measured fitness | x1 | x2...
1 +1.023340233e+01 +1.023340233e+01 +7.703340233e+01 +7.703340233e+01 -4.7518e+00 +3.4190e+00 +4.9726e+00 +7.8123e-02 +4.9552e+00
6 +9.628364904e+00 +9.628364904e+00 +7.642836490e+01 +7.642836490e+01 -2.6484e+00 -3.3639e+00 -3.5329e+00 +4.5703e+00 -3.8085e+00
19 +4.448134788e+00 +4.448134788e+00 +7.124813479e+01 +7.124813479e+01 +2.5748e+00 +2.9907e+00 +3.6513e+00 +4.7933e+00 +1.6070e+00
47 +3.112524067e+00 +3.112524067e+00 +6.991252407e+01 +6.991252407e+01 +1.0920e+00 -3.3916e+00 -3.9609e+00 +4.9640e+00 -1.7742e-01
563 +1.945311884e+00 +1.945311884e+00 +6.874531188e+01 +6.874531188e+01 -2.8439e+00 +2.1670e+00 -1.5130e+00 +4.3190e+00 +1.0430e+00
3333 +1.391837953e+00 +1.391837953e+00 +6.819183795e+01 +6.819183795e+01 +1.9160e+00 -7.0596e-01 +1.7353e+00 -1.3678e+00 -4.1837e+00
5814 +9.610921391e-01 +9.610921391e-01 +6.776109214e+01 +6.776109214e+01 -3.2079e+00 +4.0748e+00 -1.6193e+00 +3.9094e+00 +3.5198e+00
7328 +5.040401333e-01 +5.040401333e-01 +6.730404013e+01 +6.730404013e+01 +5.2554e-01 -2.5826e+00 -4.0897e+00 +1.0227e+00 -1.3798e+00
12226 +3.338121884e-01 +3.338121884e-01 +6.713381219e+01 +6.713381219e+01 +2.4995e+00 -3.6312e-02 -1.5952e+00 +1.5534e+00 -3.0436e+00
19218 +2.425572669e-01 +2.425572669e-01 +6.704255727e+01 +6.704255727e+01 +1.3221e+00 -4.0052e+00 -3.1721e+00 -3.3170e+00 -2.2333e+00
29438 +8.901514456e-02 +8.901514456e-02 +6.688901514e+01 +6.688901514e+01 +3.0381e+00 +4.1718e-01 -2.0236e+00 +6.0632e-01 -2.5641e+00
36570 +5.908616659e-02 +5.908616659e-02 +6.685908617e+01 +6.685908617e+01 +2.4129e+00 -7.6115e-01 +1.1465e+00 -7.6979e-01 -3.7075e+00
38339 +3.045633012e-02 +3.045633012e-02 +6.683045633e+01 +6.683045633e+01 -9.5501e-01 -3.1765e+00 -2.7678e+00 -2.1689e+00 -1.9027e+00
% function evaluation | noise-free fitness - Fopt (9.625000000000e+01) | best noise-free fitness - Fopt | measured fitness | best measured fitness | x1 | x2...
1 +1.561990461e+01 +1.561990461e+01 +1.118699046e+02 +1.118699046e+02 -4.7518e+00 +3.4190e+00 +4.9726e+00 +7.8123e-02 +4.9552e+00
4 +7.695511963e+00 +7.695511963e+00 +1.039455120e+02 +1.039455120e+02 +3.4351e+00 -4.2410e+00 -2.1758e+00 +2.0232e+00 +1.7815e+00
8 +4.501299856e+00 +4.501299856e+00 +1.007512999e+02 +1.007512999e+02 -1.4197e-01 +1.5159e+00 -1.6019e+00 -4.0518e-01 +2.8696e+00
224 +3.958874463e+00 +3.958874463e+00 +1.002088745e+02 +1.002088745e+02 -1.6378e+00 -2.5021e+00 -1.2665e+00 -2.5358e+00 -5.2289e+00
323 +2.507081242e+00 +2.507081242e+00 +9.875708124e+01 +9.875708124e+01 +2.1897e+00 +3.8683e+00 +1.0201e+00 +3.1966e-01 -1.2053e+00
1766 +1.407926004e+00 +1.407926004e+00 +9.765792600e+01 +9.765792600e+01 -3.2330e+00 +1.1338e-01 -3.1902e+00 +7.3515e-02 -4.8452e-01
2834 +9.146592076e-01 +9.146592076e-01 +9.716465921e+01 +9.716465921e+01 +3.2774e+00 -4.6022e-01 -1.3169e+00 -1.5949e+00 +1.2179e+00
5212 +5.993257119e-01 +5.993257119e-01 +9.684932571e+01 +9.684932571e+01 -4.8183e+00 +1.2060e+00 +1.8537e+00 +4.1436e+00 +2.1112e+00
8950 +3.682713693e-01 +3.682713693e-01 +9.661827137e+01 +9.661827137e+01 -4.6911e+00 +2.6442e+00 +1.3356e+00 +3.1045e+00 -1.4147e-02
11185 +1.352731024e-01 +1.352731024e-01 +9.638527310e+01 +9.638527310e+01 -5.1443e+00 -2.3077e-01 -3.9645e-01 +6.3876e-02 -4.4552e-01
31103 +7.323327385e-02 +7.323327385e-02 +9.632323327e+01 +9.632323327e+01 -8.2852e-01 +1.1736e+00 +3.4008e+00 -1.8350e+00 -1.4584e+00
44733 +6.141423760e-02 +6.141423760e-02 +9.631141424e+01 +9.631141424e+01 +2.5012e+00 +8.4113e-01 +2.6862e-01 -7.1248e-01 +1.2248e+00
48168 +3.856031633e-02 +3.856031633e-02 +9.628856032e+01 +9.628856032e+01 -8.7610e-01 +7.4184e-01 +3.0042e+00 -2.6849e+00 -1.6925e+00
% function evaluation | noise-free fitness - Fopt (1.467200000000e+02) | best noise-free fitness - Fopt | measured fitness | best measured fitness | x1 | x2...
1 +2.651474910e+01 +2.651474910e+01 +1.732347491e+02 +1.732347491e+02 -4.7518e+00 +3.4190e+00 +4.9726e+00 +7.8123e-02 +4.9552e+00
2 +1.424356362e+01 +1.424356362e+01 +1.609635636e+02 +1.609635636e+02 -3.2494e+00 +1.4763e+00 +3.9039e+00 -4.0982e+00 -1.9670e+00
3 +4.735202032e+00 +4.735202032e+00 +1.514552020e+02 +1.514552020e+02 +1.6766e-01 -2.2473e+00 +3.4143e+00 -1.9282e+00 +2.0343e+00
64 +3.261366470e+00 +3.261366470e+00 +1.499813665e+02 +1.499813665e+02 -4.7694e+00 +2.7673e-01 -2.6402e+00 -9.5447e-01 +4.6167e+00
1337 +1.650234389e+00 +1.650234389e+00 +1.483702344e+02 +1.483702344e+02 -4.4056e+00 -3.7588e-01 +2.4526e+00 -3.3228e+00 +6.0116e-01
3560 +1.204479268e+00 +1.204479268e+00 +1.479244793e+02 +1.479244793e+02 -3.6213e+00 +4.2377e+00 -2.0290e+00 +3.7970e-01 -6.2206e-01
5469 +7.038575671e-01 +7.038575671e-01 +1.474238576e+02 +1.474238576e+02 -3.6427e+00 +5.7651e-01 -3.4835e+00 -3.8542e-01 +7.4664e-01
7423 +6.160165643e-01 +6.160165643e-01 +1.473360166e+02 +1.473360166e+02 -2.5726e-01 -9.1955e-01 +1.9078e+00 +3.9211e-01 +3.6487e+00
16030 +3.708147258e-01 +3.708147258e-01 +1.470908147e+02 +1.470908147e+02 -2.8711e+00 +2.4694e+00 -1.8063e+00 +7.5425e-01 +3.1468e-02
25949 +2.075726750e-01 +2.075726750e-01 +1.469275727e+02 +1.469275727e+02 -1.4283e+00 -6.3313e-01 -6.0042e-01 +2.7190e-01 +5.9084e-02
33732 +1.320772389e-01 +1.320772389e-01 +1.468520772e+02 +1.468520772e+02 -1.1868e-01 -2.4420e+00 -9.1063e-01 +1.3069e-01 +3.5419e-01
37999 +8.623876256e-02 +8.623876256e-02 +1.468062388e+02 +1.468062388e+02 -1.6870e+00 -4.2383e-01 -1.3974e+00 +2.1465e-01 -7.9146e-01
42012 +5.672769303e-02 +5.672769303e-02 +1.467767277e+02 +1.467767277e+02 -1.3371e+00 -4.9983e-01 -5.3455e-01 +2.0026e-01 +9.9234e-01
49283 +2.498164187e-02 +2.498164187e-02 +1.467449816e+02 +1.467449816e+02 -1.4536e+00 -7.8485e-01 -6.0244e-01 +3.6274e-01 +1.8038e+00
58935 +1.491738038e-02 +1.491738038e-02 +1.467349174e+02 +1.467349174e+02 -2.1824e+00 -8.1588e-01 -5.9847e-01 +5.5178e-01 +1.9287e+00
63944 +6.340779063e-03 +6.340779063e-03 +1.467263408e+02 +1.467263408e+02 -1.5676e+00 -2.9539e-01 -3.5058e-01 +3.9586e-01 +2.1274e+00
68124 +5.940263218e-03 +5.940263218e-03 +1.467259403e+02 +1.467259403e+02 -9.0467e-01 -8.3203e-01 -3.5050e-01 +2.6714e-01 +1.3530e+00
73733 +3.297152615e-03 +3.297152615e-03 +1.467232972e+02 +1.467232972e+02 -2.3705e+00 -4.4762e-01 -1.9578e-01 +5.9498e-01 +3.4846e+00
78702 +2.262217000e-03 +2.262217000e-03 +1.467222622e+02 +1.467222622e+02 -1.4193e+00 -3.1408e-01 -7.0471e-01 +2.5748e-01 +6.5649e-01
82933 +1.410391985e-03 +1.410391985e-03 +1.467214104e+02 +1.467214104e+02 -2.6410e+00 -2.2570e-03 -5.4605e-01 +5.8011e-01 +2.6663e+00
88802 +8.484176251e-04 +8.484176251e-04 +1.467208484e+02 +1.467208484e+02 -2.3998e+00 +2.5781e-01 -1.0129e+00 +3.7552e-01 +3.0305e-01
93590 +4.919424103e-04 +4.919424103e-04 +1.467204919e+02 +1.467204919e+02 -1.4374e+00 -4.9257e-01 -3.6254e-01 +3.6788e-01 +2.2490e+00
100122 +3.972390334e-04 +3.972390334e-04 +1.467203972e+02 +1.467203972e+02 -2.7152e+00 +3.3492e-01 -1.0151e+00 +4.4789e-01 +5.5826e-01
106584 +2.299811821e-04 +2.299811821e-04 +1.467202300e+02 +1.467202300e+02 -2.7152e+00 +3.3493e-01 -1.0151e+00 +4.4789e-01 +5.5826e-01
107257 +1.503556516e-04 +1.503556516e-04 +1.467201504e+02 +1.467201504e+02 -2.7152e+00 +3.3493e-01 -1.0151e+00 +4.4789e-01 +5.5826e-01
108301 +8.861558578e-05 +8.861558578e-05 +1.467200886e+02 +1.467200886e+02 -2.7152e+00 +3.3493e-01 -1.0151e+00 +4.4788e-01 +5.5826e-01
109416 +5.153732394e-05 +5.153732394e-05 +1.467200515e+02 +1.467200515e+02 -2.7152e+00 +3.3492e-01 -1.0151e+00 +4.4789e-01 +5.5826e-01
110700 +3.685707753e-05 +3.685707753e-05 +1.467200369e+02 +1.467200369e+02 -2.7152e+00 +3.3492e-01 -1.0151e+00 +4.4789e-01 +5.5826e-01
111827 +2.021128660e-05 +2.021128660e-05 +1.467200202e+02 +1.467200202e+02 -2.7152e+00 +3.3492e-01 -1.0151e+00 +4.4789e-01 +5.5826e-01
112021 +1.174727427e-05 +1.174727427e-05 +1.467200117e+02 +1.467200117e+02 -2.7152e+00 +3.3493e-01 -1.0151e+00 +4.4789e-01 +5.5826e-01
112756 +4.533047473e-06 +4.533047473e-06 +1.467200045e+02 +1.467200045e+02 -2.7152e+00 +3.3493e-01 -1.0151e+00 +4.4789e-01 +5.5826e-01
113631 +3.697133934e-06 +3.697133934e-06 +1.467200037e+02 +1.467200037e+02 -2.7152e+00 +3.3493e-01 -1.0151e+00 +4.4789e-01 +5.5826e-01
113879 +2.071010158e-06 +2.071010158e-06 +1.467200021e+02 +1.467200021e+02 -2.7152e+00 +3.3493e-01 -1.0151e+00 +4.4789e-01 +5.5826e-01
114119 +1.230614487e-06 +1.230614487e-06 +1.467200012e+02 +1.467200012e+02 -2.7152e+00 +3.3493e-01 -1.0151e+00 +4.4789e-01 +5.5826e-01
114597 +9.499849227e-07 +9.499849227e-07 +1.467200009e+02 +1.467200009e+02 -2.7152e+00 +3.3493e-01 -1.0151e+00 +4.4789e-01 +5.5826e-01
114757 +3.814923559e-07 +3.814923559e-07 +1.467200004e+02 +1.467200004e+02 -2.7152e+00 +3.3493e-01 -1.0151e+00 +4.4789e-01 +5.5826e-01
115374 +2.227952223e-07 +2.227952223e-07 +1.467200002e+02 +1.467200002e+02 -2.7152e+00 +3.3493e-01 -1.0151e+00 +4.4789e-01 +5.5826e-01
115594 +8.964590847e-08 +8.964590847e-08 +1.467200001e+02 +1.467200001e+02 -2.7152e+00 +3.3493e-01 -1.0151e+00 +4.4789e-01 +5.5826e-01
116289 +4.036999712e-08 +4.036999712e-08 +1.467200000e+02 +1.467200000e+02 -2.7152e+00 +3.3493e-01 -1.0151e+00 +4.4789e-01 +5.5826e-01
116681 +3.920911240e-08 +3.920911240e-08 +1.467200000e+02 +1.467200000e+02 -2.7152e+00 +3.3493e-01 -1.0151e+00 +4.4789e-01 +5.5826e-01
116731 +2.152512479e-08 +2.152512479e-08 +1.467200000e+02 +1.467200000e+02 -2.7152e+00 +3.3493e-01 -1.0151e+00 +4.4789e-01 +5.5826e-01
116790 +1.572203701e-08 +1.572203701e-08 +1.467200000e+02 +1.467200000e+02 -2.7152e+00 +3.3493e-01 -1.0151e+00 +4.4789e-01 +5.5826e-01
117493 +6.646075690e-09 +6.646075690e-09 +1.467200000e+02 +1.467200000e+02 -2.7152e+00 +3.3493e-01 -1.0151e+00 +4.4789e-01 +5.5826e-01
% function evaluation | noise-free fitness - Fopt (-5.919800000000e+02) | best noise-free fitness - Fopt | measured fitness | best measured fitness | x1 | x2...
1 +2.621062632e+01 +2.621062632e+01 -5.657693737e+02 -5.657693737e+02 -4.7518e+00 +3.4190e+00 +4.9726e+00 +7.8123e-02 +4.9552e+00
2 +1.532219527e+01 +1.532219527e+01 -5.766578047e+02 -5.766578047e+02 -3.2494e+00 +1.4763e+00 +3.9039e+00 -4.0982e+00 -1.9670e+00
9 +4.261771341e+00 +4.261771341e+00 -5.877182287e+02 -5.877182287e+02 -4.7257e+00 -3.3348e+00 -3.6585e+00 -2.5308e+00 -4.8896e+00
418 +3.220673825e+00 +3.220673825e+00 -5.887593262e+02 -5.887593262e+02 -2.4405e+00 -2.8654e+00 -2.3457e+00 -2.1976e+00 -3.7139e+00
1468 +1.505528777e+00 +1.505528777e+00 -5.904744712e+02 -5.904744712e+02 +5.3066e+00 -2.2168e+00 -4.6630e+00 +3.4149e+00 -3.4736e+00
5056 +8.221857160e-01 +8.221857160e-01 -5.911578143e+02 -5.911578143e+02 +1.5412e+00 -1.2374e-02 +1.6216e+00 +6.5829e-02 -6.8682e-02
9794 +6.095148975e-01 +6.095148975e-01 -5.913704851e+02 -5.913704851e+02 +1.5538e+00 -1.5552e-01 -1.1072e+00 +3.5378e+00 +2.0227e-01
10309 +2.883976770e-01 +2.883976770e-01 -5.916916023e+02 -5.916916023e+02 -5.5124e-01 +4.9633e-01 +4.0353e-01 +3.9053e-01 +3.0462e+00
12925 +2.361117332e-01 +2.361117332e-01 -5.917438883e+02 -5.917438883e+02 -1.6177e+00 -2.0005e+00 +1.4561e+00 +3.9642e+00 -2.8349e+00
19528 +1.536831154e-01 +1.536831154e-01 -5.918263169e+02 -5.918263169e+02 +2.8933e-01 +2.8890e-01 -8.7780e-01 -2.1301e+00 +9.4097e-01
% function evaluation | noise-free fitness - Fopt (7.429000000000e+01) | best noise-free fitness - Fopt | measured fitness | best measured fitness | x1 | x2...
1 +3.367635429e+01 +3.367635429e+01 +1.079663543e+02 +1.079663543e+02 -4.7518e+00 +3.4190e+00 +4.9726e+00 +7.8123e-02 +4.9552e+00
2 +2.336249718e+01 +2.336249718e+01 +9.765249718e+01 +9.765249718e+01 -3.2494e+00 +1.4763e+00 +3.9039e+00 -4.0982e+00 -1.9670e+00
8 +4.398270482e+00 +4.398270482e+00 +7.868827048e+01 +7.868827048e+01 -1.4197e-01 +1.5159e+00 -1.6019e+00 -4.0518e-01 +2.8696e+00
428 +3.355889465e+00 +3.355889465e+00 +7.764588947e+01 +7.764588947e+01 +3.2079e+00 -3.8560e+00 +1.8349e+00 +2.0703e-01 -1.8907e+00
1433 +9.505823739e-01 +9.505823739e-01 +7.524058237e+01 +7.524058237e+01 +1.4664e+00 -2.5688e+00 +2.8090e-01 -9.4593e-01 -2.2387e+00
6466 +6.308661044e-01 +6.308661044e-01 +7.492086610e+01 +7.492086610e+01 -1.9774e-01 +1.1099e+00 +3.4976e+00 +1.1747e+00 +1.5454e+00
11798 +3.978850696e-01 +3.978850696e-01 +7.468788507e+01 +7.468788507e+01 -2.1430e+00 +2.0283e+00 +5.1701e-01 -2.3500e-02 +5.0963e+00
22420 +1.884814200e-01 +1.884814200e-01 +7.447848142e+01 +7.447848142e+01 +1.0109e+00 +7.6646e-01 +1.0403e+00 +1.2529e+00 -5.1770e-01
29787 +1.565576007e-01 +1.565576007e-01 +7.444655760e+01 +7.444655760e+01 -6.9498e-01 +1.6596e+00 -2.6442e-01 +3.0245e-01 +1.1093e+00
39626 +8.361914459e-02 +8.361914459e-02 +7.437361914e+01 +7.437361914e+01 +1.1153e+00 -3.4498e-01 +9.4095e-03 +9.1470e-01 -2.3028e+00
48191 +5.148244054e-02 +5.148244054e-02 +7.434148244e+01 +7.434148244e+01 +1.3171e+00 +1.3429e+00 -4.1461e-02 -6.7786e-01 +3.5185e-02
57023 +3.781752347e-02 +3.781752347e-02 +7.432781752e+01 +7.432781752e+01 +2.2378e+00 +3.5633e-01 -3.0103e-01 +2.2051e-01 -2.2964e+00
65616 +2.042352562e-02 +2.042352562e-02 +7.431042353e+01 +7.431042353e+01 +1.7187e+00 +5.8712e-01 +1.3561e-01 +2.8895e-01 -1.7161e+00
66488 +1.531931613e-02 +1.531931613e-02 +7.430531932e+01 +7.430531932e+01 +1.2032e+00 +8.5720e-01 -2.0910e-01 +9.1098e-02 -7.7717e-01
78006 +9.299373578e-03 +9.299373578e-03 +7.429929937e+01 +7.429929937e+01 -5.0175e-01 -1.2928e-02 -8.0379e-01 +9.1172e-01 -6.7949e-01
83442 +6.180731419e-03 +6.180731419e-03 +7.429618073e+01 +7.429618073e+01 +5.0069e-01 +1.4882e+00 +9.9169e-01 +8.2000e-01 -5.6054e-01
86781 +3.635282222e-03 +3.635282222e-03 +7.429363528e+01 +7.429363528e+01 +1.0353e+00 +3.6187e-01 -3.3594e-01 +6.5126e-01 -1.9886e+00
87330 +2.499157146e-03 +2.499157146e-03 +7.429249916e+01 +7.429249916e+01 +1.4411e+00 +2.0354e+00 +1.6306e+00 +9.8455e-01 -1.2720e+00
101964 +1.118649045e-03 +1.118649045e-03 +7.429111865e+01 +7.429111865e+01 +2.0553e-01 +1.8672e+00 +1.9558e+00 +1.5996e+00 -6.2682e-01
110183 +8.544116981e-04 +8.544116981e-04 +7.429085441e+01 +7.429085441e+01 +7.4450e-01 +8.6887e-01 +1.8962e-01 +7.4840e-01 -1.0521e+00
112554 +5.843310326e-04 +5.843310326e-04 +7.429058433e+01 +7.429058433e+01 +5.9069e-01 +8.6935e-01 +4.1482e-01 +9.2952e-01 -1.1674e+00
121148 +1.389836836e-04 +1.389836836e-04 +7.429013898e+01 +7.429013898e+01 +1.0224e+00 +2.0442e+00 +1.7766e+00 +1.0857e+00 -9.1799e-01
127956 +6.844103041e-05 +6.844103041e-05 +7.429006844e+01 +7.429006844e+01 +1.0835e-01 +5.3815e-01 +6.6598e-02 +1.0528e+00 -9.3328e-01
139328 +4.017590352e-05 +4.017590352e-05 +7.429004018e+01 +7.429004018e+01 +2.4627e-01 +9.0515e-01 +5.1327e-01 +1.1286e+00 -8.8816e-01
140451 +3.339464863e-05 +3.339464863e-05 +7.429003339e+01 +7.429003339e+01 +1.0835e-01 +5.3815e-01 +6.6598e-02 +1.0528e+00 -9.3328e-01
141844 +2.138360958e-05 +2.138360958e-05 +7.429002138e+01 +7.429002138e+01 +2.4627e-01 +9.0515e-01 +5.1327e-01 +1.1286e+00 -8.8816e-01
142386 +1.256213925e-05 +1.256213925e-05 +7.429001256e+01 +7.429001256e+01 +1.0835e-01 +5.3815e-01 +6.6598e-02 +1.0528e+00 -9.3328e-01
143360 +8.935937345e-06 +8.935937345e-06 +7.429000894e+01 +7.429000894e+01 +1.0835e-01 +5.3815e-01 +6.6598e-02 +1.0528e+00 -9.3328e-01
144467 +5.372063200e-06 +5.372063200e-06 +7.429000537e+01 +7.429000537e+01 +1.0835e-01 +5.3815e-01 +6.6598e-02 +1.0528e+00 -9.3328e-01
145554 +3.252668833e-06 +3.252668833e-06 +7.429000325e+01 +7.429000325e+01 +1.0835e-01 +5.3815e-01 +6.6598e-02 +1.0528e+00 -9.3328e-01
145699 +2.265872823e-06 +2.265872823e-06 +7.429000227e+01 +7.429000227e+01 +1.0835e-01 +5.3815e-01 +6.6598e-02 +1.0528e+00 -9.3328e-01
% function evaluation | noise-free fitness - Fopt (-3.490000000000e+00) | best noise-free fitness - Fopt | measured fitness | best measured fitness | x1 | x2...
1 +2.235804930e+01 +2.235804930e+01 +1.886804930e+01 +1.886804930e+01 -4.7518e+00 +3.4190e+00 +4.9726e+00 +7.8123e-02 +4.9552e+00
2 +5.382880756e+00 +5.382880756e+00 +1.892880756e+00 +1.892880756e+00 -3.2494e+00 +1.4763e+00 +3.9039e+00 -4.0982e+00 -1.9670e+00
144 +2.080089736e+00 +2.080089736e+00 -1.409910264e+00 -1.409910264e+00 -5.6370e+00 +3.9966e+00 +5.2119e+00 -1.8617e+00 +2.7810e+00
2973 +1.531343628e+00 +1.531343628e+00 -1.958656372e+00 -1.958656372e+00 +3.0741e+00 -1.1462e+00 -2.2162e+00 -2.0883e+00 +1.8194e+00
5327 +6.247951952e-01 +6.247951952e-01 -2.865204805e+00 -2.865204805e+00 +1.9116e+00 +2.5736e+00 -4.2128e+00 +5.2042e+00 -2.2683e+00
7923 +3.663479354e-01 +3.663479354e-01 -3.123652065e+00 -3.123652065e+00 -1.4974e-01 -1.5807e-01 -2.7976e+00 +2.5671e+00 +2.8832e+00
19152 +2.468075504e-01 +2.468075504e-01 -3.243192450e+00 -3.243192450e+00 -2.5770e+00 -5.3376e-01 -5.0170e-01 +5.2219e-01 +9.5081e-01
25531 +1.019551807e-01 +1.019551807e-01 -3.388044819e+00 -3.388044819e+00 -8.4623e-01 +1.0874e+00 +2.7123e+00 +1.7952e+00 +3.9600e-01
29706 +9.641152371e-02 +9.641152371e-02 -3.393588476e+00 -3.393588476e+00 -7.4501e-01 +1.6358e+00 +1.4072e+00 +2.1265e+00 -1.6073e+00
% function evaluation | noise-free fitness - Fopt (-1.283000000000e+01) | best noise-free fitness - Fopt | measured fitness | best measured fitness | x1 | x2...
1 +9.438051955e+00 +9.438051955e+00 -3.391948045e+00 -3.391948045e+00 -4.7518e+00 +3.4190e+00 +4.9726e+00 +7.8123e-02 +4.9552e+00
16 +4.177468196e+00 +4.177468196e+00 -8.652531804e+00 -8.652531804e+00 +2.1166e+00 -3.0815e+00 +2.4587e-01 +4.3025e+00 -2.3845e-01
49 +3.340221856e+00 +3.340221856e+00 -9.489778144e+00 -9.489778144e+00 -4.8780e+00 +1.5553e-01 -7.4034e-01 -1.7351e+00 +3.0626e+00
287 +1.824266630e+00 +1.824266630e+00 -1.100573337e+01 -1.100573337e+01 -6.6489e-01 +8.3270e-01 -1.5687e+00 +1.0884e+00 -1.2132e+00
803 +1.552315323e+00 +1.552315323e+00 -1.127768468e+01 -1.127768468e+01 -4.3267e-01 +1.3122e+00 -2.1002e+00 +2.0978e+00 -5.4512e+00
6523 +7.944265999e-01 +7.944265999e-01 -1.203557340e+01 -1.203557340e+01 +7.4019e-01 -1.0572e+00 -2.3202e+00 +7.3235e-01 -2.6615e-01
17436 +4.555452266e-01 +4.555452266e-01 -1.237445477e+01 -1.237445477e+01 +3.7574e+00 -1.1982e+00 -3.7735e+00 +9.7575e-03 +4.7475e+00
26150 +2.835798276e-01 +2.835798276e-01 -1.254642017e+01 -1.254642017e+01 -1.5312e+00 +2.5883e-02 +3.1083e+00 +3.8036e-01 -2.1282e+00
60512 +2.466972436e-01 +2.466972436e-01 -1.258330276e+01 -1.258330276e+01 -3.7336e-01 +4.2916e+00 +1.7109e+00 -9.7529e-01 -8.3437e-01
77522 +1.569042807e-01 +1.569042807e-01 -1.267309572e+01 -1.267309572e+01 -1.0862e+00 +7.1877e-01 -3.2180e+00 -2.1325e+00 +2.9271e+00
89055 +9.850666852e-02 +9.850666852e-02 -1.273149333e+01 -1.273149333e+01 -7.1851e-01 +1.4974e+00 -1.6232e+00 -3.5252e+00 -2.1838e+00
142555 +5.557245828e-02 +5.557245828e-02 -1.277442754e+01 -1.277442754e+01 +3.6126e-01 +2.0114e+00 -2.1929e+00 -1.8901e+00 +1.2922e+00
146052 +3.747091693e-02 +3.747091693e-02 -1.279252908e+01 -1.279252908e+01 -1.5261e+00 +3.7507e+00 -2.3163e+00 -3.3097e+00 -4.4759e+00
183365 +2.338706094e-02 +2.338706094e-02 -1.280661294e+01 -1.280661294e+01 -9.8135e-01 -3.7960e-01 +1.4533e+00 -3.4801e+00 +5.3888e-01
203101 +1.410817194e-02 +1.410817194e-02 -1.281589183e+01 -1.281589183e+01 -3.9057e+00 +5.9507e-01 -2.3878e+00 +4.2346e-01 +3.0128e+00
231732 +9.323615459e-03 +9.323615459e-03 -1.282067638e+01 -1.282067638e+01 -5.7724e-01 +4.3093e-01 +3.4978e+00 -2.8184e+00 -1.1159e+00
236241 +5.744309083e-03 +5.744309083e-03 -1.282425569e+01 -1.282425569e+01 -4.9187e-01 -4.1985e+00 +3.1742e+00 -4.6743e+00 -1.5784e+00
243914 +3.794838553e-03 +3.794838553e-03 -1.282620516e+01 -1.282620516e+01 +2.9934e-01 +2.5551e-02 +3.0699e+00 -2.9828e+00 -2.6169e+00
289967 +1.604248308e-03 +1.604248308e-03 -1.282839575e+01 -1.282839575e+01 +1.5372e+00 +2.4694e+00 +1.6997e+00 -1.2859e-01 +1.3950e+00
304827 +1.301859037e-03 +1.301859037e-03 -1.282869814e+01 -1.282869814e+01 +1.1387e-01 -2.9558e-01 +8.6573e-01 -1.2615e+00 -3.6846e+00
339270 +9.101411673e-04 +9.101411673e-04 -1.282908986e+01 -1.282908986e+01 -1.4380e+00 +4.9285e+00 -4.6270e+00 +4.0970e+00 +2.3011e+00
365414 +5.008270890e-04 +5.008270890e-04 -1.282949917e+01 -1.282949917e+01 +2.2093e+00 -2.0695e+00 -4.8857e+00 +1.4527e+00 +2.7668e+00
379930 +3.049168711e-04 +3.049168711e-04 -1.282969508e+01 -1.282969508e+01 -1.9116e+00 +1.6321e+00 -3.4338e-01 +2.2567e+00 -4.1996e+00
422378 +2.109344791e-04 +2.109344791e-04 -1.282978907e+01 -1.282978907e+01 +4.5593e+00 -1.1228e+00 +9.0859e-01 +1.8888e+00 -1.0477e+00
425462 +1.492898294e-04 +1.492898294e-04 -1.282985071e+01 -1.282985071e+01 +3.2323e+00 -1.8425e+00 +1.8817e+00 -1.6177e+00 -2.3111e+00
461237 +9.704605938e-05 +9.704605938e-05 -1.282990295e+01 -1.282990295e+01 -2.0133e+00 -1.3807e+00 +4.3668e+00 +4.1190e+00 +3.4420e+00
473551 +5.631327895e-05 +5.631327895e-05 -1.282994369e+01 -1.282994369e+01 -1.2889e+00 -1.9652e+00 +6.6070e-01 -4.0185e-01 +4.9266e+00
