% function evaluation | noise-free fitness - Fopt (1.000000000000e+03) | best noise-free fitness - Fopt | measured fitness | best measured fitness | x1 | x2...
1 +7.521082447e+01 +7.521082447e+01 +1.075210824e+03 +1.075210824e+03 -4.7518e+00 +3.4190e+00 +4.9726e+00
31 +4.397469873e+01 +4.397469873e+01 +1.043974699e+03 +1.043974699e+03 -3.7853e+00 +7.4794e-01 +3.8886e+00
54 +2.712175798e+01 +2.712175798e+01 +1.027121758e+03 +1.027121758e+03 -1.9746e+00 +2.4967e+00 +3.2395e+00
136 +2.064613281e+01 +2.064613281e+01 +1.020646133e+03 +1.020646133e+03 -1.3166e-01 +1.5831e+00 +5.5560e+00
160 +4.143049739e+00 +4.143049739e+00 +1.004143050e+03 +1.004143050e+03 -3.9821e+00 +3.2852e+00 +2.7725e+00
787 +2.964735074e+00 +2.964735074e+00 +1.002964735e+03 +1.002964735e+03 -2.8116e+00 +3.0671e+00 +4.1244e+00
818 +9.708136363e-01 +9.708136363e-01 +1.000970814e+03 +1.000970814e+03 -3.0143e+00 +3.0161e+00 +3.6797e+00
1429 +4.396678148e-01 +4.396678148e-01 +1.000439668e+03 +1.000439668e+03 -3.0330e+00 +3.0050e+00 +3.6684e+00
2119 +1.405993765e-01 +1.405993765e-01 +1.000140599e+03 +1.000140599e+03 -3.0489e+00 +3.0165e+00 +3.6422e+00
2327 +5.144200642e-02 +5.144200642e-02 +1.000051442e+03 +1.000051442e+03 -3.0582e+00 +3.0065e+00 +3.6434e+00
2498 +1.888179453e-02 +1.888179453e-02 +1.000018882e+03 +1.000018882e+03 -3.0511e+00 +2.9985e+00 +3.6458e+00
2604 +1.292689319e-02 +1.292689319e-02 +1.000012927e+03 +1.000012927e+03 -3.0543e+00 +2.9995e+00 +3.6382e+00
2652 +9.414775994e-03 +9.414775994e-03 +1.000009415e+03 +1.000009415e+03 -3.0542e+00 +2.9979e+00 +3.6420e+00
2698 +4.129999890e-03 +4.129999890e-03 +1.000004130e+03 +1.000004130e+03 -3.0552e+00 +2.9990e+00 +3.6401e+00
2743 +3.980556362e-03 +3.980556362e-03 +1.000003981e+03 +1.000003981e+03 -3.0592e+00 +3.0034e+00 +3.6366e+00
2761 +1.441561642e-03 +1.441561642e-03 +1.000001442e+03 +1.000001442e+03 -3.0554e+00 +3.0027e+00 +3.6400e+00
2919 +8.618329935e-04 +8.618329935e-04 +1.000000862e+03 +1.000000862e+03 -3.0576e+00 +3.0016e+00 +3.6380e+00
2935 +6.301678411e-05 +6.301678411e-05 +1.000000063e+03 +1.000000063e+03 -3.0569e+00 +3.0018e+00 +3.6393e+00
3006 +3.463267819e-05 +3.463267819e-05 +1.000000035e+03 +1.000000035e+03 -3.0571e+00 +3.0017e+00 +3.6389e+00
3225 +2.500093115e-05 +2.500093115e-05 +1.000000025e+03 +1.000000025e+03 -3.0567e+00 +3.0014e+00 +3.6393e+00
3227 +5.980340120e-06 +5.980340120e-06 +1.000000006e+03 +1.000000006e+03 -3.0567e+00 +3.0015e+00 +3.6393e+00
3310 +7.201069820e-07 +7.201069820e-07 +1.000000001e+03 +1.000000001e+03 -3.0568e+00 +3.0016e+00 +3.6392e+00
3471 +3.413566674e-07 +3.413566674e-07 +1.000000000e+03 +1.000000000e+03 -3.0568e+00 +3.0016e+00 +3.6392e+00
3540 +1.664367346e-07 +1.664367346e-07 +1.000000000e+03 +1.000000000e+03 -3.0568e+00 +3.0016e+00 +3.6392e+00
3607 +1.494702246e-07 +1.494702246e-07 +1.000000000e+03 +1.000000000e+03 -3.0568e+00 +3.0016e+00 +3.6392e+00
3676 +2.504850727e-08 +2.504850727e-08 +1.000000000e+03 +1.000000000e+03 -3.0568e+00 +3.0016e+00 +3.6392e+00
3799 +1.253795290e-08 +1.253795290e-08 +1.000000000e+03 +1.000000000e+03 -3.0568e+00 +3.0016e+00 +3.6392e+00
3800 +6.405116437e-09 +6.405116437e-09 +1.000000000e+03 +1.000000000e+03 -3.0568e+00 +3.0016e+00 +3.6392e+00
% function evaluation | noise-free fitness - Fopt (7.003000000000e+01) | best noise-free fitness - Fopt | measured fitness | best measured fitness | x1 | x2...
1 +2.632134439e+03 +2.632134439e+03 +2.702164439e+03 +2.702164439e+03 -4.7518e+00 +3.4190e+00 +4.9726e+00
2 +3.839054008e+02 +3.839054008e+02 +4.539354008e+02 +4.539354008e+02 +7.8123e-02 +4.9552e+00 -3.2494e+00
3 +1.267181855e+02 +1.267181855e+02 +1.967481855e+02 +1.967481855e+02 +1.4763e+00 +3.9039e+00 -4.0982e+00
9 +1.906433425e+01 +1.906433425e+01 +8.909433425e+01 +8.909433425e+01 -2.2359e+00 -2.6484e+00 -3.3639e+00
253 +1.511836306e+01 +1.511836306e+01 +8.514836306e+01 +8.514836306e+01 -8.2324e-01 -2.7792e+00 -2.9194e+00
271 +9.537733373e+00 +9.537733373e+00 +7.956773337e+01 +7.956773337e+01 -1.4080e+00 -3.2254e+00 -3.8234e+00
823 +2.705862365e+00 +2.705862365e+00 +7.273586236e+01 +7.273586236e+01 -9.0417e-01 -2.5185e+00 -4.0432e+00
942 +2.283916360e+00 +2.283916360e+00 +7.231391636e+01 +7.231391636e+01 -2.7693e-01 -1.8222e+00 -4.0842e+00
1371 +4.860983512e-01 +4.860983512e-01 +7.051609835e+01 +7.051609835e+01 -8.4369e-01 -2.4623e+00 -3.9633e+00
2469 +2.486438281e-01 +2.486438281e-01 +7.027864383e+01 +7.027864383e+01 -8.6016e-01 -2.4999e+00 -4.0050e+00
2994 +8.303215442e-02 +8.303215442e-02 +7.011303215e+01 +7.011303215e+01 -8.4715e-01 -2.4833e+00 -3.9748e+00
3152 +3.782432314e-02 +3.782432314e-02 +7.006782432e+01 +7.006782432e+01 -8.5538e-01 -2.4982e+00 -3.9909e+00
3238 +7.118647022e-03 +7.118647022e-03 +7.003711865e+01 +7.003711865e+01 -8.5181e-01 -2.4943e+00 -3.9819e+00
3848 +6.261285533e-03 +6.261285533e-03 +7.003626129e+01 +7.003626129e+01 -8.5180e-01 -2.4950e+00 -3.9814e+00
3904 +1.228085429e-03 +1.228085429e-03 +7.003122809e+01 +7.003122809e+01 -8.5070e-01 -2.4950e+00 -3.9822e+00
4237 +7.806702393e-04 +7.806702393e-04 +7.003078067e+01 +7.003078067e+01 -8.5025e-01 -2.4954e+00 -3.9813e+00
4284 +6.134269917e-04 +6.134269917e-04 +7.003061343e+01 +7.003061343e+01 -8.5072e-01 -2.4955e+00 -3.9828e+00
4324 +2.664813345e-04 +2.664813345e-04 +7.003026648e+01 +7.003026648e+01 -8.5021e-01 -2.4962e+00 -3.9827e+00
4358 +1.197931587e-04 +1.197931587e-04 +7.003011979e+01 +7.003011979e+01 -8.5042e-01 -2.4958e+00 -3.9820e+00
4530 +7.106826642e-05 +7.106826642e-05 +7.003007107e+01 +7.003007107e+01 -8.5072e-01 -2.4962e+00 -3.9825e+00
4559 +5.116137039e-05 +5.116137039e-05 +7.003005116e+01 +7.003005116e+01 -8.5036e-01 -2.4960e+00 -3.9821e+00
4564 +1.783355590e-05 +1.783355590e-05 +7.003001783e+01 +7.003001783e+01 -8.5045e-01 -2.4961e+00 -3.9823e+00
4838 +8.890742876e-06 +8.890742876e-06 +7.003000889e+01 +7.003000889e+01 -8.5042e-01 -2.4959e+00 -3.9823e+00
4874 +4.305578898e-06 +4.305578898e-06 +7.003000431e+01 +7.003000431e+01 -8.5042e-01 -2.4960e+00 -3.9823e+00
4957 +1.252801511e-06 +1.252801511e-06 +7.003000125e+01 +7.003000125e+01 -8.5036e-01 -2.4960e+00 -3.9824e+00
5114 +6.930688556e-07 +6.930688556e-07 +7.003000069e+01 +7.003000069e+01 -8.5040e-01 -2.4960e+00 -3.9824e+00
5193 +1.023463199e-07 +1.023463199e-07 +7.003000010e+01 +7.003000010e+01 -8.5041e-01 -2.4960e+00 -3.9824e+00
5435 +5.197378528e-08 +5.197378528e-08 +7.003000005e+01 +7.003000005e+01 -8.5040e-01 -2.4960e+00 -3.9824e+00
5461 +3.821185146e-08 +3.821185146e-08 +7.003000004e+01 +7.003000004e+01 -8.5040e-01 -2.4960e+00 -3.9824e+00
5690 +5.231370892e-09 +5.231370892e-09 +7.003000001e+01 +7.003000001e+01 -8.5040e-01 -2.4960e+00 -3.9824e+00
% function evaluation | noise-free fitness - Fopt (-4.822000000000e+01) | best noise-free fitness - Fopt | measured fitness | best measured fitness | x1 | x2...
1 +1.469078168e+03 +1.469078168e+03 +1.420858168e+03 +1.420858168e+03 -4.7518e+00 +3.4190e+00 +4.9726e+00
2 +3.701096052e+02 +3.701096052e+02 +3.218896052e+02 +3.218896052e+02 +7.8123e-02 +4.9552e+00 -3.2494e+00
4 +3.112008816e+01 +3.112008816e+01 -1.709991184e+01 -1.709991184e+01 -1.9670e+00 +1.6766e-01 -2.2473e+00
24 +2.426775254e+01 +2.426775254e+01 -2.395224746e+01 -2.395224746e+01 -4.7088e+00 -1.0543e+00 +1.0264e+00
228 +1.050496328e+01 +1.050496328e+01 -3.771503672e+01 -3.771503672e+01 -1.1136e+00 -2.1154e+00 -2.7945e+00
254 +4.289626520e+00 +4.289626520e+00 -4.393037348e+01 -4.393037348e+01 -1.4810e+00 -5.5795e-01 -3.2131e+00
437 +3.089877317e+00 +3.089877317e+00 -4.513012268e+01 -4.513012268e+01 -2.3710e+00 -5.4153e-01 -1.7258e+00
1032 +4.861011927e-01 +4.861011927e-01 -4.773389881e+01 -4.773389881e+01 -1.8097e+00 -1.0166e+00 -2.2553e+00
2281 +3.644500595e-01 +3.644500595e-01 -4.785554994e+01 -4.785554994e+01 -1.8173e+00 -1.0250e+00 -2.2633e+00
2791 +7.640505209e-02 +7.640505209e-02 -4.814359495e+01 -4.814359495e+01 -1.8313e+00 -1.0059e+00 -2.2513e+00
2837 +4.224884467e-02 +4.224884467e-02 -4.817775116e+01 -4.817775116e+01 -1.8338e+00 -1.0048e+00 -2.2455e+00
2849 +1.593986471e-02 +1.593986471e-02 -4.820406014e+01 -4.820406014e+01 -1.8434e+00 -1.0094e+00 -2.2299e+00
2852 +9.885832689e-03 +9.885832689e-03 -4.821011417e+01 -4.821011417e+01 -1.8461e+00 -1.0082e+00 -2.2319e+00
2949 +4.283773848e-03 +4.283773848e-03 -4.821571623e+01 -4.821571623e+01 -1.8394e+00 -1.0071e+00 -2.2392e+00
3022 +3.348010085e-03 +3.348010085e-03 -4.821665199e+01 -4.821665199e+01 -1.8444e+00 -1.0056e+00 -2.2343e+00
3117 +2.479271465e-03 +2.479271465e-03 -4.821752073e+01 -4.821752073e+01 -1.8412e+00 -1.0060e+00 -2.2366e+00
3158 +1.854672243e-04 +1.854672243e-04 -4.821981453e+01 -4.821981453e+01 -1.8423e+00 -1.0072e+00 -2.2349e+00
3245 +5.099502372e-05 +5.099502372e-05 -4.821994900e+01 -4.821994900e+01 -1.8425e+00 -1.0073e+00 -2.2349e+00
3406 +8.178094312e-06 +8.178094312e-06 -4.821999182e+01 -4.821999182e+01 -1.8424e+00 -1.0071e+00 -2.2352e+00
3516 +2.214456146e-06 +2.214456146e-06 -4.821999779e+01 -4.821999779e+01 -1.8424e+00 -1.0072e+00 -2.2352e+00
3654 +1.581064929e-06 +1.581064929e-06 -4.821999842e+01 -4.821999842e+01 -1.8423e+00 -1.0072e+00 -2.2352e+00
3696 +8.385017338e-07 +8.385017338e-07 -4.821999916e+01 -4.821999916e+01 -1.8424e+00 -1.0072e+00 -2.2352e+00
3733 +3.988972779e-07 +3.988972779e-07 -4.821999960e+01 -4.821999960e+01 -1.8424e+00 -1.0072e+00 -2.2352e+00
3815 +2.878156167e-07 +2.878156167e-07 -4.821999971e+01 -4.821999971e+01 -1.8424e+00 -1.0072e+00 -2.2352e+00
3853 +9.483145647e-08 +9.483145647e-08 -4.821999991e+01 -4.821999991e+01 -1.8424e+00 -1.0072e+00 -2.2352e+00
3991 +4.323790392e-08 +4.323790392e-08 -4.821999996e+01 -4.821999996e+01 -1.8424e+00 -1.0072e+00 -2.2352e+00
4021 +2.994336512e-08 +2.994336512e-08 -4.821999997e+01 -4.821999997e+01 -1.8424e+00 -1.0072e+00 -2.2352e+00
4061 +2.184872727e-08 +2.184872727e-08 -4.821999998e+01 -4.821999998e+01 -1.8424e+00 -1.0072e+00 -2.2352e+00
4079 +8.235382154e-09 +8.235382154e-09 -4.821999999e+01 -4.821999999e+01 -1.8424e+00 -1.0072e+00 -2.2352e+00
% function evaluation | noise-free fitness - Fopt (2.547000000000e+01) | best noise-free fitness - Fopt | measured fitness | best measured fitness | x1 | x2...
1 +3.159841142e+03 +3.159841142e+03 +3.185311142e+03 +3.185311142e+03 -4.7518e+00 +3.4190e+00 +4.9726e+00
3 +1.980991780e+03 +1.980991780e+03 +2.006461780e+03 +2.006461780e+03 +1.4763e+00 +3.9039e+00 -4.0982e+00
4 +1.122723485e+02 +1.122723485e+02 +1.377423485e+02 +1.377423485e+02 -1.9670e+00 +1.6766e-01 -2.2473e+00
8 +6.310590469e+01 +6.310590469e+01 +8.857590469e+01 +8.857590469e+01 -2.1019e+00 -3.4714e+00 +3.3948e+00
9 +4.328514990e+01 +4.328514990e+01 +6.875514990e+01 +6.875514990e+01 -2.2359e+00 -2.6484e+00 -3.3639e+00
22 +3.211454468e+01 +3.211454468e+01 +5.758454468e+01 +5.758454468e+01 -4.7071e+00 -2.7482e+00 +1.4017e+00
187 +2.456483099e+01 +2.456483099e+01 +5.003483099e+01 +5.003483099e+01 -3.4523e+00 -1.5633e+00 -1.1352e+00
195 +1.000585516e+01 +1.000585516e+01 +3.547585516e+01 +3.547585516e+01 -3.5643e+00 -2.6389e+00 -6.4053e-02
200 +8.205217517e+00 +8.205217517e+00 +3.367521752e+01 +3.367521752e+01 -4.3951e+00 -1.2490e+00 -4.4298e-01
327 +5.109431997e+00 +5.109431997e+00 +3.057943200e+01 +3.057943200e+01 -3.9502e+00 -2.4065e+00 -4.3022e-01
784 +1.629896269e+00 +1.629896269e+00 +2.709989627e+01 +2.709989627e+01 -3.4879e+00 -2.1641e+00 -1.5792e+00
1811 +8.313624211e-01 +8.313624211e-01 +2.630136242e+01 +2.630136242e+01 -3.7577e+00 -1.9344e+00 -1.1447e+00
2232 +5.092369892e-01 +5.092369892e-01 +2.597923699e+01 +2.597923699e+01 -3.8071e+00 -1.8935e+00 -1.1583e+00
3133 +5.164081638e-02 +5.164081638e-02 +2.552164082e+01 +2.552164082e+01 -3.7816e+00 -1.9203e+00 -1.1621e+00
3504 +2.754185010e-02 +2.754185010e-02 +2.549754185e+01 +2.549754185e+01 -3.7881e+00 -1.9121e+00 -1.1684e+00
3609 +2.343084615e-02 +2.343084615e-02 +2.549343085e+01 +2.549343085e+01 -3.7861e+00 -1.9166e+00 -1.1547e+00
3634 +1.351655934e-02 +1.351655934e-02 +2.548351656e+01 +2.548351656e+01 -3.7886e+00 -1.9092e+00 -1.1633e+00
3636 +7.445336548e-03 +7.445336548e-03 +2.547744534e+01 +2.547744534e+01 -3.7821e+00 -1.9125e+00 -1.1635e+00
3678 +5.467738053e-03 +5.467738053e-03 +2.547546774e+01 +2.547546774e+01 -3.7822e+00 -1.9129e+00 -1.1659e+00
3700 +2.207132186e-03 +2.207132186e-03 +2.547220713e+01 +2.547220713e+01 -3.7859e+00 -1.9104e+00 -1.1653e+00
3837 +7.263806451e-04 +7.263806451e-04 +2.547072638e+01 +2.547072638e+01 -3.7856e+00 -1.9110e+00 -1.1647e+00
3854 +3.613696876e-04 +3.613696876e-04 +2.547036137e+01 +2.547036137e+01 -3.7843e+00 -1.9119e+00 -1.1644e+00
3936 +7.783631313e-05 +7.783631313e-05 +2.547007784e+01 +2.547007784e+01 -3.7850e+00 -1.9117e+00 -1.1643e+00
4074 +4.753137878e-05 +4.753137878e-05 +2.547004753e+01 +2.547004753e+01 -3.7849e+00 -1.9120e+00 -1.1636e+00
4112 +3.621651940e-05 +3.621651940e-05 +2.547003622e+01 +2.547003622e+01 -3.7850e+00 -1.9119e+00 -1.1642e+00
4145 +2.199070521e-05 +2.199070521e-05 +2.547002199e+01 +2.547002199e+01 -3.7847e+00 -1.9119e+00 -1.1643e+00
4178 +7.599430319e-06 +7.599430319e-06 +2.547000760e+01 +2.547000760e+01 -3.7848e+00 -1.9121e+00 -1.1639e+00
4265 +6.193136187e-06 +6.193136187e-06 +2.547000619e+01 +2.547000619e+01 -3.7848e+00 -1.9120e+00 -1.1641e+00
4276 +1.296615011e-07 +1.296615011e-07 +2.547000013e+01 +2.547000013e+01 -3.7848e+00 -1.9120e+00 -1.1640e+00
4562 +6.685720066e-08 +6.685720066e-08 +2.547000007e+01 +2.547000007e+01 -3.7848e+00 -1.9120e+00 -1.1640e+00
4655 +4.875608894e-08 +4.875608894e-08 +2.547000005e+01 +2.547000005e+01 -3.7848e+00 -1.9120e+00 -1.1640e+00
4670 +3.324028697e-08 +3.324028697e-08 +2.547000003e+01 +2.547000003e+01 -3.7848e+00 -1.9120e+00 -1.1640e+00
4712 +1.982406772e-08 +1.982406772e-08 +2.547000002e+01 +2.547000002e+01 -3.7848e+00 -1.9120e+00 -1.1640e+00
4735 +1.384377413e-08 +1.384377413e-08 +2.547000001e+01 +2.547000001e+01 -3.7848e+00 -1.9120e+00 -1.1640e+00
4741 +5.876287901e-09 +5.876287901e-09 +2.547000001e+01 +2.547000001e+01 -3.7848e+00 -1.9120e+00 -1.1640e+00
4761 +1.316781351e-09 +1.316781351e-09 +2.547000000e+01 +2.547000000e+01 -3.7848e+00 -1.9120e+00 -1.1640e+00
% function evaluation | noise-free fitness - Fopt (-1.008100000000e+02) | best noise-free fitness - Fopt | measured fitness | best measured fitness | x1 | x2...
1 +4.491379324e+02 +4.491379324e+02 +3.483279324e+02 +3.483279324e+02 -4.7518e+00 +3.4190e+00 +4.9726e+00
2 +2.752841751e+02 +2.752841751e+02 +1.744741751e+02 +1.744741751e+02 +7.8123e-02 +4.9552e+00 -3.2494e+00
4 +1.296185361e+02 +1.296185361e+02 +2.880853607e+01 +2.880853607e+01 -1.9670e+00 +1.6766e-01 -2.2473e+00
5 +4.181086070e+01 +4.181086070e+01 -5.899913930e+01 -5.899913930e+01 +3.4143e+00 -1.9282e+00 +2.0343e+00
34 +2.906430415e+01 +2.906430415e+01 -7.174569585e+01 -7.174569585e+01 +1.9150e+00 -5.4306e-01 +7.5136e-01
137 +1.835617930e+01 +1.835617930e+01 -8.245382070e+01 -8.245382070e+01 +1.1398e+00 -6.5108e-01 +1.2878e+00
168 +1.106242533e+01 +1.106242533e+01 -8.974757467e+01 -8.974757467e+01 +1.0947e+00 +6.1592e-02 -3.0380e-02
240 +5.809647196e+00 +5.809647196e+00 -9.500035280e+01 -9.500035280e+01 -2.6494e-02 +8.5236e-01 +6.5567e-01
1149 +3.059131305e+00 +3.059131305e+00 -9.775086869e+01 -9.775086869e+01 +1.3568e+00 +3.6577e-01 +9.7669e-01
2007 +2.232311957e+00 +2.232311957e+00 -9.857768804e+01 -9.857768804e+01 +1.4716e+00 -4.2121e-01 +1.1504e+00
2080 +1.287284541e+00 +1.287284541e+00 -9.952271546e+01 -9.952271546e+01 +7.5212e-01 +2.0266e-01 +9.1610e-01
3247 +9.050199378e-01 +9.050199378e-01 -9.990498006e+01 -9.990498006e+01 +1.0005e+00 +4.9331e-01 +1.3077e+00
3379 +4.333294496e-01 +4.333294496e-01 -1.003766706e+02 -1.003766706e+02 +9.8227e-01 +4.8030e-01 +1.3444e+00
3388 +1.899793873e-01 +1.899793873e-01 -1.006200206e+02 -1.006200206e+02 +1.0056e+00 +4.7591e-01 +1.3220e+00
3484 +8.487379881e-02 +8.487379881e-02 -1.007251262e+02 -1.007251262e+02 +9.8759e-01 +4.8171e-01 +1.3295e+00
3569 +5.746115218e-02 +5.746115218e-02 -1.007525388e+02 -1.007525388e+02 +1.0009e+00 +4.8476e-01 +1.3426e+00
3594 +2.497005552e-02 +2.497005552e-02 -1.007850299e+02 -1.007850299e+02 +9.8430e-01 +4.9331e-01 +1.3294e+00
3674 +1.283341725e-02 +1.283341725e-02 -1.007971666e+02 -1.007971666e+02 +9.8857e-01 +4.8976e-01 +1.3362e+00
3800 +5.361101815e-03 +5.361101815e-03 -1.008046389e+02 -1.008046389e+02 +9.9340e-01 +4.8751e-01 +1.3315e+00
3870 +2.162277730e-03 +2.162277730e-03 -1.008078377e+02 -1.008078377e+02 +9.8977e-01 +4.8863e-01 +1.3326e+00
3901 +1.029824587e-03 +1.029824587e-03 -1.008089702e+02 -1.008089702e+02 +9.9241e-01 +4.8683e-01 +1.3333e+00
3975 +9.138076377e-04 +9.138076377e-04 -1.008090862e+02 -1.008090862e+02 +9.9146e-01 +4.8741e-01 +1.3332e+00
4018 +4.106441136e-04 +4.106441136e-04 -1.008095894e+02 -1.008095894e+02 +9.9194e-01 +4.8743e-01 +1.3331e+00
4089 +2.742976453e-04 +2.742976453e-04 -1.008097257e+02 -1.008097257e+02 +9.9250e-01 +4.8742e-01 +1.3332e+00
4128 +6.059544339e-05 +6.059544339e-05 -1.008099394e+02 -1.008099394e+02 +9.9218e-01 +4.8807e-01 +1.3335e+00
4262 +3.041162999e-05 +3.041162999e-05 -1.008099696e+02 -1.008099696e+02 +9.9230e-01 +4.8789e-01 +1.3336e+00
4393 +1.370943460e-05 +1.370943460e-05 -1.008099863e+02 -1.008099863e+02 +9.9183e-01 +4.8805e-01 +1.3335e+00
4470 +9.464598079e-06 +9.464598079e-06 -1.008099905e+02 -1.008099905e+02 +9.9213e-01 +4.8794e-01 +1.3337e+00
4510 +2.657079563e-06 +2.657079563e-06 -1.008099973e+02 -1.008099973e+02 +9.9195e-01 +4.8806e-01 +1.3336e+00
4583 +1.575516265e-06 +1.575516265e-06 -1.008099984e+02 -1.008099984e+02 +9.9198e-01 +4.8799e-01 +1.3336e+00
4639 +5.587871783e-07 +5.587871783e-07 -1.008099994e+02 -1.008099994e+02 +9.9199e-01 +4.8799e-01 +1.3336e+00
4665 +1.265953813e-07 +1.265953813e-07 -1.008099999e+02 -1.008099999e+02 +9.9202e-01 +4.8799e-01 +1.3336e+00
4885 +3.977004326e-08 +3.977004326e-08 -1.008100000e+02 -1.008100000e+02 +9.9199e-01 +4.8801e-01 +1.3336e+00
4893 +2.178849456e-08 +2.178849456e-08 -1.008100000e+02 -1.008100000e+02 +9.9201e-01 +4.8800e-01 +1.3336e+00
5013 +1.160357499e-08 +1.160357499e-08 -1.008100000e+02 -1.008100000e+02 +9.9200e-01 +4.8800e-01 +1.3336e+00
5094 +9.820638525e-09 +9.820638525e-09 -1.008100000e+02 -1.008100000e+02 +9.9199e-01 +4.8800e-01 +1.3336e+00
% function evaluation | noise-free fitness - Fopt (8.333000000000e+01) | best noise-free fitness - Fopt | measured fitness | best measured fitness | x1 | x2...
1 +2.662297121e+02 +2.662297121e+02 +3.495597121e+02 +3.495597121e+02 -4.7518e+00 +3.4190e+00 +4.9726e+00
5 +9.149199368e+01 +9.149199368e+01 +1.748219937e+02 +1.748219937e+02 +3.4143e+00 -1.9282e+00 +2.0343e+00
8 +4.527165893e+01 +4.527165893e+01 +1.286016589e+02 +1.286016589e+02 -2.1019e+00 -3.4714e+00 +3.3948e+00
68 +3.825275981e+01 +3.825275981e+01 +1.215827598e+02 +1.215827598e+02 +9.1513e-01 -4.8022e+00 +4.5462e+00
137 +1.951159809e+01 +1.951159809e+01 +1.028415981e+02 +1.028415981e+02 +8.4072e-01 +4.9531e-01 +2.2285e+00
198 +9.704124966e+00 +9.704124966e+00 +9.303412497e+01 +9.303412497e+01 +7.6138e-01 -4.3842e-01 +3.2811e+00
529 +4.653061722e+00 +4.653061722e+00 +8.798306172e+01 +8.798306172e+01 -1.7710e-01 -1.9909e+00 +3.6617e+00
921 +5.906249162e-01 +5.906249162e-01 +8.392062492e+01 +8.392062492e+01 -3.2161e-02 -2.8637e+00 +3.8334e+00
2508 +9.632717297e-03 +9.632717297e-03 +8.333963272e+01 +8.333963272e+01 +6.2026e-04 -2.8361e+00 +3.8175e+00
3773 +8.805740598e-04 +8.805740598e-04 +8.333088057e+01 +8.333088057e+01 +4.5427e-04 -2.8284e+00 +3.8155e+00
4231 +5.509337536e-04 +5.509337536e-04 +8.333055093e+01 +8.333055093e+01 +8.6068e-04 -2.8306e+00 +3.8161e+00
4320 +1.665872812e-04 +1.665872812e-04 +8.333016659e+01 +8.333016659e+01 -1.5341e-04 -2.8306e+00 +3.8158e+00
4421 +1.352922181e-04 +1.352922181e-04 +8.333013529e+01 +8.333013529e+01 -4.5730e-04 -2.8307e+00 +3.8162e+00
4422 +6.631027382e-05 +6.631027382e-05 +8.333006631e+01 +8.333006631e+01 +2.5003e-05 -2.8300e+00 +3.8160e+00
4463 +3.122270844e-05 +3.122270844e-05 +8.333003122e+01 +8.333003122e+01 -1.3071e-04 -2.8305e+00 +3.8161e+00
4654 +5.368844782e-06 +5.368844782e-06 +8.333000537e+01 +8.333000537e+01 +3.1008e-05 -2.8305e+00 +3.8160e+00
4655 +2.379501638e-06 +2.379501638e-06 +8.333000238e+01 +8.333000238e+01 -2.4531e-05 -2.8303e+00 +3.8160e+00
4924 +1.530701851e-06 +1.530701851e-06 +8.333000153e+01 +8.333000153e+01 -2.0672e-06 -2.8305e+00 +3.8160e+00
4926 +9.663127969e-07 +9.663127969e-07 +8.333000097e+01 +8.333000097e+01 -6.6200e-06 -2.8304e+00 +3.8160e+00
5030 +6.298653403e-07 +6.298653403e-07 +8.333000063e+01 +8.333000063e+01 -3.0665e-05 -2.8304e+00 +3.8160e+00
5117 +2.645343216e-07 +2.645343216e-07 +8.333000026e+01 +8.333000026e+01 +1.2238e-06 -2.8304e+00 +3.8160e+00
5122 +2.058288118e-07 +2.058288118e-07 +8.333000021e+01 +8.333000021e+01 -1.7641e-05 -2.8304e+00 +3.8160e+00
5142 +1.478201170e-07 +1.478201170e-07 +8.333000015e+01 +8.333000015e+01 -1.8916e-06 -2.8304e+00 +3.8160e+00
5172 +7.246065081e-08 +7.246065081e-08 +8.333000007e+01 +8.333000007e+01 -1.1594e-05 -2.8304e+00 +3.8160e+00
5308 +1.684190920e-08 +1.684190920e-08 +8.333000002e+01 +8.333000002e+01 -1.3837e-05 -2.8304e+00 +3.8160e+00
5376 +1.440226072e-08 +1.440226072e-08 +8.333000001e+01 +8.333000001e+01 -1.2058e-05 -2.8304e+00 +3.8160e+00
5436 +5.464158903e-09 +5.464158903e-09 +8.333000001e+01 +8.333000001e+01 -7.7572e-06 -2.8304e+00 +3.8160e+00
% function evaluation | noise-free fitness - Fopt (2.085600000000e+02) | best noise-free fitness - Fopt | measured fitness | best measured fitness | x1 | x2...
1 +3.758164216e+02 +3.758164216e+02 +5.843764216e+02 +5.843764216e+02 -4.7518e+00 +3.4190e+00 +4.9726e+00
4 +2.421848897e+02 +2.421848897e+02 +4.507448897e+02 +4.507448897e+02 -1.9670e+00 +1.6766e-01 -2.2473e+00
7 +6.395911200e+01 +6.395911200e+01 +2.725191120e+02 +2.725191120e+02 +2.0232e+00 +1.7815e+00 +2.1706e-01
25 +4.677737048e+01 +4.677737048e+01 +2.553373705e+02 +2.553373705e+02 +3.1087e+00 +3.5881e+00 -1.3424e+00
36 +3.109835110e+01 +3.109835110e+01 +2.396583511e+02 +2.396583511e+02 +1.0497e+00 +2.2303e+00 -1.2033e+00
54 +1.262316107e+01 +1.262316107e+01 +2.211831611e+02 +2.211831611e+02 +1.9556e+00 +2.5812e+00 +8.2053e-02
447 +9.699389288e+00 +9.699389288e+00 +2.182593893e+02 +2.182593893e+02 +1.7322e+00 +3.1367e+00 -2.6028e-01
573 +5.468677313e+00 +5.468677313e+00 +2.140286773e+02 +2.140286773e+02 +1.3876e+00 +3.6314e+00 +8.7484e-01
1328 +3.005751907e+00 +3.005751907e+00 +2.115657519e+02 +2.115657519e+02 +2.1696e+00 +3.6929e+00 +2.7795e-01
1401 +6.039397729e-01 +6.039397729e-01 +2.091639398e+02 +2.091639398e+02 +2.1650e+00 +3.6552e+00 +1.6614e-01
2879 +1.549293781e-01 +1.549293781e-01 +2.087149294e+02 +2.087149294e+02 +2.1764e+00 +3.6712e+00 +1.7296e-01
3109 +7.484949192e-02 +7.484949192e-02 +2.086348495e+02 +2.086348495e+02 +2.1894e+00 +3.6631e+00 +1.7022e-01
3183 +5.593352184e-02 +5.593352184e-02 +2.086159335e+02 +2.086159335e+02 +2.1868e+00 +3.6788e+00 +1.8661e-01
3314 +9.070873138e-03 +9.070873138e-03 +2.085690709e+02 +2.085690709e+02 +2.1830e+00 +3.6756e+00 +1.8983e-01
3497 +4.896832323e-03 +4.896832323e-03 +2.085648968e+02 +2.085648968e+02 +2.1872e+00 +3.6732e+00 +1.8454e-01
3689 +3.790698042e-03 +3.790698042e-03 +2.085637907e+02 +2.085637907e+02 +2.1868e+00 +3.6728e+00 +1.8351e-01
3735 +2.066694919e-03 +2.066694919e-03 +2.085620667e+02 +2.085620667e+02 +2.1857e+00 +3.6707e+00 +1.8209e-01
3898 +6.873879274e-04 +6.873879274e-04 +2.085606874e+02 +2.085606874e+02 +2.1856e+00 +3.6722e+00 +1.8537e-01
3924 +9.006935656e-05 +9.006935656e-05 +2.085600901e+02 +2.085600901e+02 +2.1844e+00 +3.6722e+00 +1.8527e-01
4355 +1.783585154e-05 +1.783585154e-05 +2.085600178e+02 +2.085600178e+02 +2.1850e+00 +3.6720e+00 +1.8467e-01
4579 +3.897287087e-06 +3.897287087e-06 +2.085600039e+02 +2.085600039e+02 +2.1847e+00 +3.6721e+00 +1.8487e-01
4829 +2.381302693e-06 +2.381302693e-06 +2.085600024e+02 +2.085600024e+02 +2.1847e+00 +3.6720e+00 +1.8487e-01
4983 +1.116460510e-06 +1.116460510e-06 +2.085600011e+02 +2.085600011e+02 +2.1848e+00 +3.6720e+00 +1.8483e-01
5001 +1.906179534e-07 +1.906179534e-07 +2.085600002e+02 +2.085600002e+02 +2.1848e+00 +3.6720e+00 +1.8482e-01
5207 +1.331231942e-07 +1.331231942e-07 +2.085600001e+02 +2.085600001e+02 +2.1848e+00 +3.6720e+00 +1.8478e-01
5348 +7.772493404e-08 +7.772493404e-08 +2.085600001e+02 +2.085600001e+02 +2.1848e+00 +3.6720e+00 +1.8479e-01
5361 +5.462413810e-08 +5.462413810e-08 +2.085600001e+02 +2.085600001e+02 +2.1848e+00 +3.6720e+00 +1.8480e-01
5541 +3.718594144e-08 +3.718594144e-08 +2.085600000e+02 +2.085600000e+02 +2.1848e+00 +3.6720e+00 +1.8480e-01
5579 +2.282922651e-08 +2.282922651e-08 +2.085600000e+02 +2.085600000e+02 +2.1848e+00 +3.6720e+00 +1.8481e-01
5639 +4.051912583e-09 +4.051912583e-09 +2.085600000e+02 +2.085600000e+02 +2.1848e+00 +3.6720e+00 +1.8480e-01
% function evaluation | noise-free fitness - Fopt (-1.345800000000e+02) | best noise-free fitness - Fopt | measured fitness | best measured fitness | x1 | x2...
1 +3.247448946e+02 +3.247448946e+02 +1.901648946e+02 +1.901648946e+02 -4.7518e+00 +3.4190e+00 +4.9726e+00
4 +1.018667051e+02 +1.018667051e+02 -3.271329492e+01 -3.271329492e+01 -1.9670e+00 +1.6766e-01 -2.2473e+00
7 +5.217778770e+01 +5.217778770e+01 -8.240221230e+01 -8.240221230e+01 +2.0232e+00 +1.7815e+00 +2.1706e-01
31 +1.348538583e+01 +1.348538583e+01 -1.210946142e+02 -1.210946142e+02 -3.7853e+00 +7.4794e-01 +3.8886e+00
212 +7.106477730e+00 +7.106477730e+00 -1.274735223e+02 -1.274735223e+02 -3.3467e+00 +1.0069e+00 +2.1859e+00
528 +5.425660221e+00 +5.425660221e+00 -1.291543398e+02 -1.291543398e+02 -3.4428e+00 +7.1076e-02 +1.6163e+00
732 +3.453992422e+00 +3.453992422e+00 -1.311260076e+02 -1.311260076e+02 -2.3461e+00 +4.6467e-01 +2.4940e+00
1481 +2.454007883e+00 +2.454007883e+00 -1.321259921e+02 -1.321259921e+02 -3.0768e+00 +7.6927e-01 +3.0439e+00
1832 +9.863796050e-01 +9.863796050e-01 -1.335936204e+02 -1.335936204e+02 -3.1066e+00 +5.8844e-01 +2.5299e+00
2226 +5.251186903e-01 +5.251186903e-01 -1.340548813e+02 -1.340548813e+02 -3.1017e+00 +5.9857e-01 +2.5392e+00
2398 +1.624248108e-01 +1.624248108e-01 -1.344175752e+02 -1.344175752e+02 -3.0254e+00 +5.9903e-01 +2.5293e+00
2638 +4.562935158e-02 +4.562935158e-02 -1.345343706e+02 -1.345343706e+02 -3.0469e+00 +5.9612e-01 +2.5310e+00
3294 +1.272816068e-02 +1.272816068e-02 -1.345672718e+02 -1.345672718e+02 -3.0556e+00 +5.9779e-01 +2.5319e+00
3645 +8.283298754e-03 +8.283298754e-03 -1.345717167e+02 -1.345717167e+02 -3.0521e+00 +6.0064e-01 +2.5348e+00
3663 +1.382993756e-03 +1.382993756e-03 -1.345786170e+02 -1.345786170e+02 -3.0497e+00 +6.0046e-01 +2.5303e+00
3873 +2.986262082e-04 +2.986262082e-04 -1.345797014e+02 -1.345797014e+02 -3.0518e+00 +5.9980e-01 +2.5306e+00
4152 +1.063938050e-04 +1.063938050e-04 -1.345798936e+02 -1.345798936e+02 -3.0523e+00 +5.9980e-01 +2.5314e+00
4284 +5.110714153e-05 +5.110714153e-05 -1.345799489e+02 -1.345799489e+02 -3.0517e+00 +6.0009e-01 +2.5313e+00
4344 +2.897224289e-05 +2.897224289e-05 -1.345799710e+02 -1.345799710e+02 -3.0522e+00 +5.9999e-01 +2.5311e+00
4455 +1.979154013e-05 +1.979154013e-05 -1.345799802e+02 -1.345799802e+02 -3.0523e+00 +5.9998e-01 +2.5313e+00
4461 +1.114748238e-05 +1.114748238e-05 -1.345799889e+02 -1.345799889e+02 -3.0519e+00 +5.9995e-01 +2.5311e+00
4574 +6.372949713e-06 +6.372949713e-06 -1.345799936e+02 -1.345799936e+02 -3.0519e+00 +6.0004e-01 +2.5312e+00
4581 +4.609079696e-06 +4.609079696e-06 -1.345799954e+02 -1.345799954e+02 -3.0519e+00 +5.9996e-01 +2.5312e+00
4587 +9.111101633e-07 +9.111101633e-07 -1.345799991e+02 -1.345799991e+02 -3.0519e+00 +6.0001e-01 +2.5312e+00
4741 +5.029018837e-07 +5.029018837e-07 -1.345799995e+02 -1.345799995e+02 -3.0520e+00 +6.0001e-01 +2.5312e+00
4747 +1.668808807e-07 +1.668808807e-07 -1.345799998e+02 -1.345799998e+02 -3.0520e+00 +6.0000e-01 +2.5312e+00
4894 +8.593508483e-08 +8.593508483e-08 -1.345799999e+02 -1.345799999e+02 -3.0520e+00 +6.0000e-01 +2.5312e+00
5018 +5.719010687e-08 +5.719010687e-08 -1.345799999e+02 -1.345799999e+02 -3.0520e+00 +6.0000e-01 +2.5312e+00
5101 +2.815440325e-08 +2.815440325e-08 -1.345800000e+02 -1.345800000e+02 -3.0520e+00 +6.0000e-01 +2.5312e+00
5138 +1.576970021e-08 +1.576970021e-08 -1.345800000e+02 -1.345800000e+02 -3.0520e+00 +6.0000e-01 +2.5312e+00
5274 +7.610850616e-09 +7.610850616e-09 -1.345800000e+02 -1.345800000e+02 -3.0520e+00 +6.0000e-01 +2.5312e+00
% function evaluation | noise-free fitness - Fopt (1.205900000000e+02) | best noise-free fitness - Fopt | measured fitness | best measured fitness | x1 | x2...
1 +5.381258048e+02 +5.381258048e+02 +6.587158048e+02 +6.587158048e+02 -4.7518e+00 +3.4190e+00 +4.9726e+00
2 +3.280971344e+02 +3.280971344e+02 +4.486871344e+02 +4.486871344e+02 +7.8123e-02 +4.9552e+00 -3.2494e+00
3 +2.451913197e+02 +2.451913197e+02 +3.657813197e+02 +3.657813197e+02 +1.4763e+00 +3.9039e+00 -4.0982e+00
4 +1.532499935e+01 +1.532499935e+01 +1.359149994e+02 +1.359149994e+02 -1.9670e+00 +1.6766e-01 -2.2473e+00
313 +7.871830016e+00 +7.871830016e+00 +1.284618300e+02 +1.284618300e+02 -1.2636e+00 -3.0759e-02 -9.8747e-01
483 +3.028616506e+00 +3.028616506e+00 +1.236186165e+02 +1.236186165e+02 -8.4310e-01 +3.6971e-01 -1.7620e+00
963 +2.146671982e+00 +2.146671982e+00 +1.227366720e+02 +1.227366720e+02 -9.8557e-01 +1.0522e-01 -2.1078e+00
2014 +1.060822661e+00 +1.060822661e+00 +1.216508227e+02 +1.216508227e+02 -8.1008e-01 +4.0189e-01 -1.7597e+00
2189 +3.952552752e-01 +3.952552752e-01 +1.209852553e+02 +1.209852553e+02 -9.7352e-01 +1.1812e-01 -2.0629e+00
2521 +2.166080872e-01 +2.166080872e-01 +1.208066081e+02 +1.208066081e+02 -9.2740e-01 +1.0668e-01 -2.0777e+00
2546 +4.205797224e-02 +4.205797224e-02 +1.206320580e+02 +1.206320580e+02 -9.5309e-01 +1.1827e-01 -2.0678e+00
2657 +1.860517731e-02 +1.860517731e-02 +1.206086052e+02 +1.206086052e+02 -9.5496e-01 +1.2689e-01 -2.0685e+00
2670 +6.713940256e-03 +6.713940256e-03 +1.205967139e+02 +1.205967139e+02 -9.4930e-01 +1.2143e-01 -2.0694e+00
2823 +4.951527649e-03 +4.951527649e-03 +1.205949515e+02 +1.205949515e+02 -9.5360e-01 +1.2454e-01 -2.0716e+00
2837 +3.674303187e-03 +3.674303187e-03 +1.205936743e+02 +1.205936743e+02 -9.5279e-01 +1.2309e-01 -2.0741e+00
2860 +2.276028332e-03 +2.276028332e-03 +1.205922760e+02 +1.205922760e+02 -9.5039e-01 +1.2112e-01 -2.0710e+00
2922 +6.725137447e-04 +6.725137447e-04 +1.205906725e+02 +1.205906725e+02 -9.5153e-01 +1.2251e-01 -2.0729e+00
2990 +1.711404604e-04 +1.711404604e-04 +1.205901711e+02 +1.205901711e+02 -9.5157e-01 +1.2233e-01 -2.0725e+00
3110 +1.086725832e-04 +1.086725832e-04 +1.205901087e+02 +1.205901087e+02 -9.5234e-01 +1.2273e-01 -2.0721e+00
3206 +7.438850803e-05 +7.438850803e-05 +1.205900744e+02 +1.205900744e+02 -9.5217e-01 +1.2254e-01 -2.0716e+00
3251 +4.605611825e-05 +4.605611825e-05 +1.205900461e+02 +1.205900461e+02 -9.5204e-01 +1.2231e-01 -2.0718e+00
3255 +1.116872319e-05 +1.116872319e-05 +1.205900112e+02 +1.205900112e+02 -9.5189e-01 +1.2242e-01 -2.0721e+00
3284 +1.389790143e-06 +1.389790143e-06 +1.205900014e+02 +1.205900014e+02 -9.5194e-01 +1.2238e-01 -2.0720e+00
3520 +3.566283624e-07 +3.566283624e-07 +1.205900004e+02 +1.205900004e+02 -9.5203e-01 +1.2240e-01 -2.0720e+00
3626 +1.143304615e-07 +1.143304615e-07 +1.205900001e+02 +1.205900001e+02 -9.5198e-01 +1.2239e-01 -2.0720e+00
3741 +1.817444684e-08 +1.817444684e-08 +1.205900000e+02 +1.205900000e+02 -9.5200e-01 +1.2240e-01 -2.0720e+00
3861 +2.078252237e-09 +2.078252237e-09 +1.205900000e+02 +1.205900000e+02 -9.5200e-01 +1.2240e-01 -2.0720e+00
% function evaluation | noise-free fitness - Fopt (1.000000000000e+03) | best noise-free fitness - Fopt | measured fitness | best measured fitness | x1 | x2...
1 +1.554601299e+03 +1.554601299e+03 +2.554601299e+03 +2.554601299e+03 -4.7518e+00 +3.4190e+00 +4.9726e+00
2 +7.977084276e+02 +7.977084276e+02 +1.797708428e+03 +1.797708428e+03 +7.8123e-02 +4.9552e+00 -3.2494e+00
4 +6.651800947e+01 +6.651800947e+01 +1.066518009e+03 +1.066518009e+03 -1.9670e+00 +1.6766e-01 -2.2473e+00
9 +3.683364554e+01 +3.683364554e+01 +1.036833646e+03 +1.036833646e+03 -2.2359e+00 -2.6484e+00 -3.3639e+00
89 +2.117002947e+01 +2.117002947e+01 +1.021170029e+03 +1.021170029e+03 -3.3371e+00 -1.2974e+00 -2.8939e+00
171 +1.501690403e+01 +1.501690403e+01 +1.015016904e+03 +1.015016904e+03 -3.6758e+00 -1.8494e+00 -3.2215e+00
545 +3.626096774e+00 +3.626096774e+00 +1.003626097e+03 +1.003626097e+03 -2.9350e+00 -1.9141e+00 -2.6125e+00
697 +2.036460178e+00 +2.036460178e+00 +1.002036460e+03 +1.002036460e+03 -2.3428e+00 -2.1881e+00 -2.7174e+00
1664 +7.068029291e-01 +7.068029291e-01 +1.000706803e+03 +1.000706803e+03 -2.5744e+00 -2.1420e+00 -2.1327e+00
2070 +6.253992980e-01 +6.253992980e-01 +1.000625399e+03 +1.000625399e+03 -2.5914e+00 -2.1899e+00 -2.1054e+00
2340 +2.633585213e-01 +2.633585213e-01 +1.000263359e+03 +1.000263359e+03 -2.6027e+00 -2.1659e+00 -2.0938e+00
2738 +1.574406085e-01 +1.574406085e-01 +1.000157441e+03 +1.000157441e+03 -2.5895e+00 -2.1539e+00 -2.1262e+00
2798 +6.399097432e-02 +6.399097432e-02 +1.000063991e+03 +1.000063991e+03 -2.5898e+00 -2.1679e+00 -2.1003e+00
2995 +2.644696751e-02 +2.644696751e-02 +1.000026447e+03 +1.000026447e+03 -2.5928e+00 -2.1696e+00 -2.1073e+00
3184 +5.972321391e-03 +5.972321391e-03 +1.000005972e+03 +1.000005972e+03 -2.5912e+00 -2.1652e+00 -2.1107e+00
3316 +3.273306467e-03 +3.273306467e-03 +1.000003273e+03 +1.000003273e+03 -2.5945e+00 -2.1625e+00 -2.1101e+00
3487 +1.405759155e-03 +1.405759155e-03 +1.000001406e+03 +1.000001406e+03 -2.5958e+00 -2.1630e+00 -2.1124e+00
3572 +9.406162712e-04 +9.406162712e-04 +1.000000941e+03 +1.000000941e+03 -2.5942e+00 -2.1628e+00 -2.1115e+00
3681 +5.589463232e-04 +5.589463232e-04 +1.000000559e+03 +1.000000559e+03 -2.5961e+00 -2.1630e+00 -2.1108e+00
3726 +3.636269993e-04 +3.636269993e-04 +1.000000364e+03 +1.000000364e+03 -2.5956e+00 -2.1634e+00 -2.1106e+00
3740 +1.680692088e-04 +1.680692088e-04 +1.000000168e+03 +1.000000168e+03 -2.5951e+00 -2.1628e+00 -2.1114e+00
3756 +1.047397211e-05 +1.047397211e-05 +1.000000010e+03 +1.000000010e+03 -2.5950e+00 -2.1633e+00 -2.1111e+00
3894 +3.288898029e-06 +3.288898029e-06 +1.000000003e+03 +1.000000003e+03 -2.5953e+00 -2.1631e+00 -2.1113e+00
3965 +6.172787153e-07 +6.172787153e-07 +1.000000001e+03 +1.000000001e+03 -2.5952e+00 -2.1632e+00 -2.1112e+00
4114 +3.594215059e-07 +3.594215059e-07 +1.000000000e+03 +1.000000000e+03 -2.5952e+00 -2.1632e+00 -2.1112e+00
4145 +2.280139597e-07 +2.280139597e-07 +1.000000000e+03 +1.000000000e+03 -2.5952e+00 -2.1632e+00 -2.1112e+00
4200 +1.482025027e-07 +1.482025027e-07 +1.000000000e+03 +1.000000000e+03 -2.5952e+00 -2.1632e+00 -2.1112e+00
4203 +9.017321645e-08 +9.017321645e-08 +1.000000000e+03 +1.000000000e+03 -2.5952e+00 -2.1632e+00 -2.1112e+00
4238 +4.461230674e-08 +4.461230674e-08 +1.000000000e+03 +1.000000000e+03 -2.5952e+00 -2.1632e+00 -2.1112e+00
4280 +2.244848929e-08 +2.244848929e-08 +1.000000000e+03 +1.000000000e+03 -2.5952e+00 -2.1632e+00 -2.1112e+00
4298 +2.345586836e-09 +2.345586836e-09 +1.000000000e+03 +1.000000000e+03 -2.5952e+00 -2.1632e+00 -2.1112e+00
% function evaluation | noise-free fitness - Fopt (-9.166000000000e+01) | best noise-free fitness - Fopt | measured fitness | best measured fitness | x1 | x2...
1 +3.382021000e+02 +3.382021000e+02 +2.465421000e+02 +2.465421000e+02 -4.7518e+00 +3.4190e+00 +4.9726e+00
5 +1.342498684e+02 +1.342498684e+02 +4.258986837e+01 +4.258986837e+01 +3.4143e+00 -1.9282e+00 +2.0343e+00
8 +3.640234291e+01 +3.640234291e+01 -5.525765709e+01 -5.525765709e+01 -2.1019e+00 -3.4714e+00 +3.3948e+00
135 +2.277284604e+01 +2.277284604e+01 -6.888715396e+01 -6.888715396e+01 +2.6867e-02 -3.9388e+00 +2.3409e+00
194 +1.001938564e+01 +1.001938564e+01 -8.164061436e+01 -8.164061436e+01 +1.8879e+00 -3.1708e+00 +5.3697e+00
240 +6.213150141e+00 +6.213150141e+00 -8.544684986e+01 -8.544684986e+01 +8.6162e-01 -3.8941e+00 +3.9184e+00
862 +1.388455820e+00 +1.388455820e+00 -9.027154418e+01 -9.027154418e+01 -4.0498e-01 -3.5248e+00 +4.1115e+00
2549 +1.925714573e-01 +1.925714573e-01 -9.146742854e+01 -9.146742854e+01 +6.6870e-03 -3.5844e+00 +3.8367e+00
3199 +1.575802705e-01 +1.575802705e-01 -9.150241973e+01 -9.150241973e+01 -1.4115e-02 -3.5901e+00 +3.8337e+00
3254 +8.909696292e-02 +8.909696292e-02 -9.157090304e+01 -9.157090304e+01 -2.2724e-03 -3.5901e+00 +3.8379e+00
3327 +4.699201254e-02 +4.699201254e-02 -9.161300799e+01 -9.161300799e+01 +3.3077e-03 -3.5910e+00 +3.8334e+00
3520 +1.803656122e-02 +1.803656122e-02 -9.164196344e+01 -9.164196344e+01 -3.2977e-03 -3.5959e+00 +3.8295e+00
3848 +9.871410960e-03 +9.871410960e-03 -9.165012859e+01 -9.165012859e+01 -3.1868e-03 -3.5957e+00 +3.8282e+00
4089 +1.511146284e-03 +1.511146284e-03 -9.165848885e+01 -9.165848885e+01 -3.8001e-03 -3.5961e+00 +3.8254e+00
4258 +1.137894826e-04 +1.137894826e-04 -9.165988621e+01 -9.165988621e+01 -4.5987e-03 -3.5969e+00 +3.8236e+00
4477 +8.742478600e-05 +8.742478600e-05 -9.165991258e+01 -9.165991258e+01 -5.1581e-03 -3.5966e+00 +3.8231e+00
4738 +2.177124904e-05 +2.177124904e-05 -9.165997823e+01 -9.165997823e+01 -4.8794e-03 -3.5967e+00 +3.8234e+00
4960 +1.300273888e-05 +1.300273888e-05 -9.165998700e+01 -9.165998700e+01 -5.0042e-03 -3.5968e+00 +3.8231e+00
4988 +6.564487606e-06 +6.564487606e-06 -9.165999344e+01 -9.165999344e+01 -4.8633e-03 -3.5968e+00 +3.8231e+00
5079 +3.786901033e-06 +3.786901033e-06 -9.165999621e+01 -9.165999621e+01 -4.8630e-03 -3.5968e+00 +3.8232e+00
5159 +1.720824656e-06 +1.720824656e-06 -9.165999828e+01 -9.165999828e+01 -4.7406e-03 -3.5968e+00 +3.8232e+00
5201 +9.134655272e-07 +9.134655272e-07 -9.165999909e+01 -9.165999909e+01 -4.8490e-03 -3.5968e+00 +3.8232e+00
5270 +2.706138247e-07 +2.706138247e-07 -9.165999973e+01 -9.165999973e+01 -4.7708e-03 -3.5968e+00 +3.8232e+00
5475 +3.057800768e-08 +3.057800768e-08 -9.165999997e+01 -9.165999997e+01 -4.7946e-03 -3.5968e+00 +3.8232e+00
5755 +1.741578615e-08 +1.741578615e-08 -9.165999998e+01 -9.165999998e+01 -4.8046e-03 -3.5968e+00 +3.8232e+00
5764 +4.379259622e-09 +4.379259622e-09 -9.166000000e+01 -9.166000000e+01 -4.8013e-03 -3.5968e+00 +3.8232e+00
% function evaluation | noise-free fitness - Fopt (5.961500000000e+02) | best noise-free fitness - Fopt | measured fitness | best measured fitness | x1 | x2...
1 +7.156355850e+02 +7.156355850e+02 +1.311785585e+03 +1.311785585e+03 -4.7518e+00 +3.4190e+00 +4.9726e+00
2 +1.008812031e+02 +1.008812031e+02 +6.970312031e+02 +6.970312031e+02 +7.8123e-02 +4.9552e+00 -3.2494e+00
3 +9.664850394e+01 +9.664850394e+01 +6.927985039e+02 +6.927985039e+02 +1.4763e+00 +3.9039e+00 -4.0982e+00
4 +1.594223337e+01 +1.594223337e+01 +6.120922334e+02 +6.120922334e+02 -1.9670e+00 +1.6766e-01 -2.2473e+00
60 +8.395473185e+00 +8.395473185e+00 +6.045454732e+02 +6.045454732e+02 -1.8496e+00 -8.3507e-01 -1.7928e+00
335 +6.115442829e+00 +6.115442829e+00 +6.022654428e+02 +6.022654428e+02 -4.1089e+00 -1.6122e+00 -2.6421e+00
1191 +2.092841805e+00 +2.092841805e+00 +5.982428418e+02 +5.982428418e+02 -3.4141e+00 -9.7294e-01 -2.5367e+00
1406 +1.439943615e+00 +1.439943615e+00 +5.975899436e+02 +5.975899436e+02 -3.2570e+00 -7.3415e-01 -3.1694e+00
1806 +9.912993590e-01 +9.912993590e-01 +5.971412994e+02 +5.971412994e+02 -3.0807e+00 -1.0037e+00 -2.7190e+00
2267 +4.000319502e-01 +4.000319502e-01 +5.965500320e+02 +5.965500320e+02 -3.0704e+00 -1.0544e+00 -2.7018e+00
2418 +2.327032421e-01 +2.327032421e-01 +5.963827032e+02 +5.963827032e+02 -3.0688e+00 -1.0481e+00 -2.6867e+00
2675 +1.220022744e-01 +1.220022744e-01 +5.962720023e+02 +5.962720023e+02 -3.0418e+00 -1.0202e+00 -2.6887e+00
2722 +6.230810318e-02 +6.230810318e-02 +5.962123081e+02 +5.962123081e+02 -3.0563e+00 -1.0181e+00 -2.6941e+00
2913 +4.796480756e-03 +4.796480756e-03 +5.961547965e+02 +5.961547965e+02 -3.0594e+00 -1.0290e+00 -2.6973e+00
3089 +1.384950914e-03 +1.384950914e-03 +5.961513850e+02 +5.961513850e+02 -3.0583e+00 -1.0258e+00 -2.6964e+00
3213 +9.459560545e-04 +9.459560545e-04 +5.961509460e+02 +5.961509460e+02 -3.0572e+00 -1.0254e+00 -2.6976e+00
3228 +2.657358295e-04 +2.657358295e-04 +5.961502657e+02 +5.961502657e+02 -3.0584e+00 -1.0261e+00 -2.6972e+00
3265 +2.452696893e-04 +2.452696893e-04 +5.961502453e+02 +5.961502453e+02 -3.0592e+00 -1.0263e+00 -2.6975e+00
3311 +6.381568392e-05 +6.381568392e-05 +5.961500638e+02 +5.961500638e+02 -3.0581e+00 -1.0257e+00 -2.6975e+00
3412 +3.884076636e-05 +3.884076636e-05 +5.961500388e+02 +5.961500388e+02 -3.0582e+00 -1.0256e+00 -2.6976e+00
3454 +8.252729572e-06 +8.252729572e-06 +5.961500083e+02 +5.961500083e+02 -3.0583e+00 -1.0255e+00 -2.6977e+00
3493 +2.563109092e-06 +2.563109092e-06 +5.961500026e+02 +5.961500026e+02 -3.0583e+00 -1.0256e+00 -2.6976e+00
3619 +1.822864760e-06 +1.822864760e-06 +5.961500018e+02 +5.961500018e+02 -3.0583e+00 -1.0255e+00 -2.6976e+00
3643 +1.243873044e-06 +1.243873044e-06 +5.961500012e+02 +5.961500012e+02 -3.0584e+00 -1.0256e+00 -2.6976e+00
3706 +8.019349025e-07 +8.019349025e-07 +5.961500008e+02 +5.961500008e+02 -3.0584e+00 -1.0256e+00 -2.6976e+00
3708 +3.523089163e-07 +3.523089163e-07 +5.961500004e+02 +5.961500004e+02 -3.0584e+00 -1.0256e+00 -2.6976e+00
3730 +2.374937367e-07 +2.374937367e-07 +5.961500002e+02 +5.961500002e+02 -3.0584e+00 -1.0256e+00 -2.6976e+00
3843 +6.459583801e-08 +6.459583801e-08 +5.961500001e+02 +5.961500001e+02 -3.0584e+00 -1.0256e+00 -2.6976e+00
3954 +4.386447472e-08 +4.386447472e-08 +5.961500000e+02 +5.961500000e+02 -3.0584e+00 -1.0256e+00 -2.6976e+00
3979 +2.474871508e-08 +2.474871508e-08 +5.961500000e+02 +5.961500000e+02 -3.0584e+00 -1.0256e+00 -2.6976e+00
3984 +1.355101631e-08 +1.355101631e-08 +5.961500000e+02 +5.961500000e+02 -3.0584e+00 -1.0256e+00 -2.6976e+00
3992 +2.845240488e-09 +2.845240488e-09 +5.961500000e+02 +5.961500000e+02 -3.0584e+00 -1.0256e+00 -2.6976e+00
% function evaluation | noise-free fitness - Fopt (1.325100000000e+02) | best noise-free fitness - Fopt | measured fitness | best measured fitness | x1 | x2...
1 +3.835233436e+02 +3.835233436e+02 +5.160333436e+02 +5.160333436e+02 -4.7518e+00 +3.4190e+00 +4.9726e+00
2 +1.095409757e+02 +1.095409757e+02 +2.420509757e+02 +2.420509757e+02 +7.8123e-02 +4.9552e+00 -3.2494e+00
4 +9.357794978e+01 +9.357794978e+01 +2.260879498e+02 +2.260879498e+02 -1.9670e+00 +1.6766e-01 -2.2473e+00
7 +5.423382722e+01 +5.423382722e+01 +1.867438272e+02 +1.867438272e+02 +2.0232e+00 +1.7815e+00 +2.1706e-01
54 +3.142352548e+01 +3.142352548e+01 +1.639335255e+02 +1.639335255e+02 +1.4128e+00 +1.6779e+00 +8.6176e-01
104 +2.025757602e+01 +2.025757602e+01 +1.527675760e+02 +1.527675760e+02 +6.6760e-01 +1.7561e+00 +1.8912e+00
236 +1.533699423e+01 +1.533699423e+01 +1.478469942e+02 +1.478469942e+02 +8.7602e-01 +2.2650e+00 +3.6933e-01
340 +6.988468459e+00 +6.988468459e+00 +1.394984685e+02 +1.394984685e+02 +1.0782e+00 +2.9682e+00 +2.2066e+00
1134 +5.762776170e+00 +5.762776170e+00 +1.382727762e+02 +1.382727762e+02 +1.6934e+00 +4.1758e+00 +3.7255e+00
1343 +3.203533563e+00 +3.203533563e+00 +1.357135336e+02 +1.357135336e+02 +1.4658e+00 +3.8670e+00 +3.8005e+00
1794 +1.740827462e+00 +1.740827462e+00 +1.342508275e+02 +1.342508275e+02 +1.2494e+00 +3.4143e+00 +2.9840e+00
2045 +1.494741157e+00 +1.494741157e+00 +1.340047412e+02 +1.340047412e+02 +1.2508e+00 +3.3935e+00 +2.9789e+00
2493 +9.982041955e-01 +9.982041955e-01 +1.335082042e+02 +1.335082042e+02 +1.2317e+00 +3.3966e+00 +2.9757e+00
% function evaluation | noise-free fitness - Fopt (-2.401800000000e+02) | best noise-free fitness - Fopt | measured fitness | best measured fitness | x1 | x2...
1 +2.025083780e+02 +2.025083780e+02 -3.767162202e+01 -3.767162202e+01 -4.7518e+00 +3.4190e+00 +4.9726e+00
5 +1.528226467e+02 +1.528226467e+02 -8.735735329e+01 -8.735735329e+01 +3.4143e+00 -1.9282e+00 +2.0343e+00
11 +9.930227632e+01 +9.930227632e+01 -1.408777237e+02 -1.408777237e+02 -1.1039e+00 -2.1638e+00 +6.6075e-02
12 +4.710217905e+01 +4.710217905e+01 -1.930778209e+02 -1.930778209e+02 -3.5801e+00 +2.7993e+00 -1.4197e-01
28 +2.126740606e+01 +2.126740606e+01 -2.189125939e+02 -2.189125939e+02 -8.2328e-01 +2.1835e-01 +1.3382e+00
333 +1.109698818e+01 +1.109698818e+01 -2.290830118e+02 -2.290830118e+02 -1.9820e+00 +2.0201e+00 +1.4962e+00
357 +9.442878821e+00 +9.442878821e+00 -2.307371212e+02 -2.307371212e+02 -2.6641e+00 +2.1153e+00 +2.7769e-01
413 +4.279624170e+00 +4.279624170e+00 -2.359003758e+02 -2.359003758e+02 -2.6226e+00 +2.2489e+00 +1.2253e+00
869 +1.889651695e+00 +1.889651695e+00 -2.382903483e+02 -2.382903483e+02 -3.9129e+00 +2.7472e+00 +5.9551e-01
1072 +1.235086399e+00 +1.235086399e+00 -2.389449136e+02 -2.389449136e+02 -3.9211e+00 +2.7295e+00 +5.7967e-01
2492 +2.634870024e-01 +2.634870024e-01 -2.399165130e+02 -2.399165130e+02 -3.3110e+00 +2.5180e+00 +9.0649e-01
2728 +5.639367682e-02 +5.639367682e-02 -2.401236063e+02 -2.401236063e+02 -3.3460e+00 +2.5158e+00 +9.0785e-01
2874 +2.745315142e-02 +2.745315142e-02 -2.401525468e+02 -2.401525468e+02 -3.3354e+00 +2.5217e+00 +9.0938e-01
3046 +2.125316886e-02 +2.125316886e-02 -2.401587468e+02 -2.401587468e+02 -3.3389e+00 +2.5123e+00 +9.1333e-01
3159 +8.906919610e-03 +8.906919610e-03 -2.401710931e+02 -2.401710931e+02 -3.3390e+00 +2.5144e+00 +9.1081e-01
3214 +4.595840293e-03 +4.595840293e-03 -2.401754042e+02 -2.401754042e+02 -3.3361e+00 +2.5124e+00 +9.1100e-01
3236 +3.632186782e-03 +3.632186782e-03 -2.401763678e+02 -2.401763678e+02 -3.3345e+00 +2.5155e+00 +9.1053e-01
3252 +2.397991144e-03 +2.397991144e-03 -2.401776020e+02 -2.401776020e+02 -3.3319e+00 +2.5138e+00 +9.1244e-01
3255 +1.239532704e-03 +1.239532704e-03 -2.401787605e+02 -2.401787605e+02 -3.3348e+00 +2.5123e+00 +9.1246e-01
3280 +3.055461078e-04 +3.055461078e-04 -2.401796945e+02 -2.401796945e+02 -3.3344e+00 +2.5129e+00 +9.1207e-01
3381 +4.991130268e-05 +4.991130268e-05 -2.401799501e+02 -2.401799501e+02 -3.3332e+00 +2.5126e+00 +9.1203e-01
3531 +3.401103407e-05 +3.401103407e-05 -2.401799660e+02 -2.401799660e+02 -3.3336e+00 +2.5127e+00 +9.1188e-01
3550 +1.167321381e-05 +1.167321381e-05 -2.401799883e+02 -2.401799883e+02 -3.3334e+00 +2.5127e+00 +9.1208e-01
3606 +3.270713933e-06 +3.270713933e-06 -2.401799967e+02 -2.401799967e+02 -3.3335e+00 +2.5128e+00 +9.1204e-01
3690 +1.121684107e-06 +1.121684107e-06 -2.401799989e+02 -2.401799989e+02 -3.3336e+00 +2.5128e+00 +9.1201e-01
3801 +2.401896211e-07 +2.401896211e-07 -2.401799998e+02 -2.401799998e+02 -3.3336e+00 +2.5128e+00 +9.1201e-01
3921 +1.171838733e-07 +1.171838733e-07 -2.401799999e+02 -2.401799999e+02 -3.3336e+00 +2.5128e+00 +9.1201e-01
3940 +5.430831607e-08 +5.430831607e-08 -2.401799999e+02 -2.401799999e+02 -3.3336e+00 +2.5128e+00 +9.1200e-01
4005 +3.311740215e-08 +3.311740215e-08 -2.401800000e+02 -2.401800000e+02 -3.3336e+00 +2.5128e+00 +9.1200e-01
4062 +1.460813337e-08 +1.460813337e-08 -2.401800000e+02 -2.401800000e+02 -3.3336e+00 +2.5128e+00 +9.1200e-01
4116 +9.718974070e-09 +9.718974070e-09 -2.401800000e+02 -2.401800000e+02 -3.3336e+00 +2.5128e+00 +9.1200e-01
% function evaluation | noise-free fitness - Fopt (-3.941600000000e+02) | best noise-free fitness - Fopt | measured fitness | best measured fitness | x1 | x2...
1 +3.855217555e+02 +3.855217555e+02 -8.638244511e+00 -8.638244511e+00 -4.7518e+00 +3.4190e+00 +4.9726e+00
4 +1.523785894e+02 +1.523785894e+02 -2.417814106e+02 -2.417814106e+02 -1.9670e+00 +1.6766e-01 -2.2473e+00
11 +6.231461642e+01 +6.231461642e+01 -3.318453836e+02 -3.318453836e+02 -1.1039e+00 -2.1638e+00 +6.6075e-02
59 +1.504227272e+01 +1.504227272e+01 -3.791177273e+02 -3.791177273e+02 -2.6832e+00 -3.5151e+00 +9.5579e-01
351 +5.687066059e+00 +5.687066059e+00 -3.884729339e+02 -3.884729339e+02 -1.7719e+00 -3.7150e+00 +6.5990e-02
726 +3.408935238e+00 +3.408935238e+00 -3.907510648e+02 -3.907510648e+02 -3.6454e+00 -3.2495e+00 +2.7770e-02
1444 +1.015425856e+00 +1.015425856e+00 -3.931445741e+02 -3.931445741e+02 -2.8214e+00 -3.5399e+00 -2.0493e-01
4860 +8.782818203e-01 +8.782818203e-01 -3.932817182e+02 -3.932817182e+02 -2.8985e+00 -3.5498e+00 -2.3821e-01
6273 +2.567469942e-01 +2.567469942e-01 -3.939032530e+02 -3.939032530e+02 -2.8717e+00 -3.5218e+00 -2.0246e-01
6454 +1.413516442e-01 +1.413516442e-01 -3.940186484e+02 -3.940186484e+02 -2.8723e+00 -3.5298e+00 -2.1419e-01
6589 +4.493452274e-02 +4.493452274e-02 -3.941150655e+02 -3.941150655e+02 -2.8786e+00 -3.5326e+00 -2.1056e-01
6612 +3.954668561e-02 +3.954668561e-02 -3.941204533e+02 -3.941204533e+02 -2.8745e+00 -3.5367e+00 -2.1089e-01
6669 +1.169652409e-02 +1.169652409e-02 -3.941483035e+02 -3.941483035e+02 -2.8820e+00 -3.5411e+00 -2.1396e-01
6740 +9.252804779e-03 +9.252804779e-03 -3.941507472e+02 -3.941507472e+02 -2.8897e+00 -3.5374e+00 -2.1421e-01
6814 +5.998713729e-03 +5.998713729e-03 -3.941540013e+02 -3.941540013e+02 -2.8876e+00 -3.5419e+00 -2.1192e-01
6903 +2.128908802e-03 +2.128908802e-03 -3.941578711e+02 -3.941578711e+02 -2.8890e+00 -3.5391e+00 -2.1281e-01
6985 +1.157753700e-03 +1.157753700e-03 -3.941588422e+02 -3.941588422e+02 -2.8895e+00 -3.5422e+00 -2.1368e-01
7017 +8.970665430e-04 +8.970665430e-04 -3.941591029e+02 -3.941591029e+02 -2.8892e+00 -3.5401e+00 -2.1301e-01
7046 +1.687022360e-04 +1.687022360e-04 -3.941598313e+02 -3.941598313e+02 -2.8893e+00 -3.5405e+00 -2.1364e-01
7293 +8.665956460e-05 +8.665956460e-05 -3.941599133e+02 -3.941599133e+02 -2.8889e+00 -3.5405e+00 -2.1363e-01
7357 +4.406277952e-05 +4.406277952e-05 -3.941599559e+02 -3.941599559e+02 -2.8886e+00 -3.5410e+00 -2.1357e-01
7417 +2.626391637e-05 +2.626391637e-05 -3.941599737e+02 -3.941599737e+02 -2.8891e+00 -3.5409e+00 -2.1373e-01
7477 +2.111091322e-05 +2.111091322e-05 -3.941599789e+02 -3.941599789e+02 -2.8885e+00 -3.5407e+00 -2.1357e-01
7482 +7.123876173e-06 +7.123876173e-06 -3.941599929e+02 -3.941599929e+02 -2.8888e+00 -3.5408e+00 -2.1364e-01
7589 +1.471664916e-06 +1.471664916e-06 -3.941599985e+02 -3.941599985e+02 -2.8888e+00 -3.5408e+00 -2.1359e-01
7812 +6.405460908e-07 +6.405460908e-07 -3.941599994e+02 -3.941599994e+02 -2.8888e+00 -3.5408e+00 -2.1362e-01
7849 +1.955264679e-07 +1.955264679e-07 -3.941599998e+02 -3.941599998e+02 -2.8888e+00 -3.5408e+00 -2.1361e-01
7945 +4.743668569e-08 +4.743668569e-08 -3.941600000e+02 -3.941600000e+02 -2.8888e+00 -3.5408e+00 -2.1360e-01
8108 +1.806711225e-08 +1.806711225e-08 -3.941600000e+02 -3.941600000e+02 -2.8888e+00 -3.5408e+00 -2.1360e-01
8230 +9.018776836e-09 +9.018776836e-09 -3.941600000e+02 -3.941600000e+02 -2.8888e+00 -3.5408e+00 -2.1360e-01
