% function evaluation | noise-free fitness - Fopt (-5.235000000000e+01) | best noise-free fitness - Fopt | measured fitness | best measured fitness | x1 | x2...
1 +2.810918466e+00 +2.810918466e+00 -4.953908153e+01 -4.953908153e+01 -3.5126e+00 -7.9824e-01
2 +1.884795071e+00 +1.884795071e+00 -5.046520493e+01 -5.046520493e+01 -2.7008e-01 -2.3564e+00
22 +6.029055713e-01 +6.029055713e-01 -5.174709443e+01 -5.174709443e+01 -3.0001e-01 -1.0505e+00
48 +7.540737173e-02 +7.540737173e-02 -5.227459263e+01 -5.227459263e+01 -8.0717e-01 -1.1957e+00
57 +3.249947307e-02 +3.249947307e-02 -5.231750053e+01 -5.231750053e+01 -9.6620e-01 -9.5113e-01
114 +8.977114833e-03 +8.977114833e-03 -5.234102289e+01 -5.234102289e+01 -8.8899e-01 -1.1479e+00
302 +2.820362907e-03 +2.820362907e-03 -5.234717964e+01 -5.234717964e+01 -8.5245e-01 -1.3275e+00
335 +2.452953176e-03 +2.452953176e-03 -5.234754705e+01 -5.234754705e+01 -8.8163e-01 -1.1998e+00
348 +1.171058947e-03 +1.171058947e-03 -5.234882894e+01 -5.234882894e+01 -8.6295e-01 -1.2737e+00
365 +4.129614799e-04 +4.129614799e-04 -5.234958704e+01 -5.234958704e+01 -8.6056e-01 -1.2855e+00
388 +3.571169617e-04 +3.571169617e-04 -5.234964288e+01 -5.234964288e+01 -8.8804e-01 -1.1866e+00
403 +1.673043113e-04 +1.673043113e-04 -5.234983270e+01 -5.234983270e+01 -8.7504e-01 -1.2342e+00
439 +4.563744200e-05 +4.563744200e-05 -5.234995436e+01 -5.234995436e+01 -8.8091e-01 -1.2120e+00
524 +2.600804221e-05 +2.600804221e-05 -5.234997399e+01 -5.234997399e+01 -8.7702e-01 -1.2262e+00
544 +1.387670140e-05 +1.387670140e-05 -5.234998612e+01 -5.234998612e+01 -8.7773e-01 -1.2237e+00
545 +9.663629896e-07 +9.663629896e-07 -5.234999903e+01 -5.234999903e+01 -8.6984e-01 -1.2528e+00
635 +4.961043700e-07 +4.961043700e-07 -5.234999950e+01 -5.234999950e+01 -8.7354e-01 -1.2391e+00
722 +2.605226612e-07 +2.605226612e-07 -5.234999974e+01 -5.234999974e+01 -8.7269e-01 -1.2423e+00
756 +1.023095635e-07 +1.023095635e-07 -5.234999990e+01 -5.234999990e+01 -8.7156e-01 -1.2464e+00
819 +7.553311576e-08 +7.553311576e-08 -5.234999992e+01 -5.234999992e+01 -8.7288e-01 -1.2415e+00
830 +3.773796919e-08 +3.773796919e-08 -5.234999996e+01 -5.234999996e+01 -8.7183e-01 -1.2454e+00
850 +1.504627534e-08 +1.504627534e-08 -5.234999998e+01 -5.234999998e+01 -8.7241e-01 -1.2433e+00
869 +9.717602723e-09 +9.717602723e-09 -5.234999999e+01 -5.234999999e+01 -8.7179e-01 -1.2456e+00
% function evaluation | noise-free fitness - Fopt (-1.795400000000e+02) | best noise-free fitness - Fopt | measured fitness | best measured fitness | x1 | x2...
1 +2.127818718e+00 +2.127818718e+00 -1.774121813e+02 -1.774121813e+02 -1.0457e+00 +1.5890e+00
16 +1.188834879e+00 +1.188834879e+00 -1.783511651e+02 -1.783511651e+02 +5.9944e-01 -5.6356e-01
21 +1.620016173e-02 +1.620016173e-02 -1.795237998e+02 -1.795237998e+02 +7.0810e-01 +3.1969e-01
162 +1.062768030e-02 +1.062768030e-02 -1.795293723e+02 -1.795293723e+02 +7.9345e-01 +5.3645e-01
276 +2.233416315e-03 +2.233416315e-03 -1.795377666e+02 -1.795377666e+02 +7.3381e-01 +3.9938e-01
313 +5.051001664e-04 +5.051001664e-04 -1.795394949e+02 -1.795394949e+02 +7.5872e-01 +4.4676e-01
401 +1.965616053e-04 +1.965616053e-04 -1.795398034e+02 -1.795398034e+02 +8.1505e-01 +5.5542e-01
416 +3.388918003e-06 +3.388918003e-06 -1.795399966e+02 -1.795399966e+02 +7.8885e-01 +5.0442e-01
564 +2.037958694e-06 +2.037958694e-06 -1.795399980e+02 -1.795399980e+02 +7.9385e-01 +5.1408e-01
589 +9.051610732e-07 +9.051610732e-07 -1.795399991e+02 -1.795399991e+02 +7.9144e-01 +5.0943e-01
644 +6.262842760e-07 +6.262842760e-07 -1.795399994e+02 -1.795399994e+02 +7.9682e-01 +5.1982e-01
736 +2.549278975e-07 +2.549278975e-07 -1.795399997e+02 -1.795399997e+02 +7.9130e-01 +5.0916e-01
752 +6.820673093e-08 +6.820673093e-08 -1.795399999e+02 -1.795399999e+02 +7.9439e-01 +5.1513e-01
804 +2.162107648e-08 +2.162107648e-08 -1.795400000e+02 -1.795400000e+02 +7.9416e-01 +5.1469e-01
909 +1.060286081e-08 +1.060286081e-08 -1.795400000e+02 -1.795400000e+02 +7.9336e-01 +5.1313e-01
918 +4.918973673e-09 +4.918973673e-09 -1.795400000e+02 -1.795400000e+02 +7.9401e-01 +5.1438e-01
% function evaluation | noise-free fitness - Fopt (7.731000000000e+01) | best noise-free fitness - Fopt | measured fitness | best measured fitness | x1 | x2...
1 +6.220912839e+00 +6.220912839e+00 +8.353091284e+01 +8.353091284e+01 -3.3120e+00 +1.2763e+00
3 +3.731085566e+00 +3.731085566e+00 +8.104108557e+01 +8.104108557e+01 +2.0352e+00 -2.1949e+00
5 +5.360540131e-02 +5.360540131e-02 +7.736360540e+01 +7.736360540e+01 +8.6112e-01 -3.2996e-01
171 +2.919797001e-02 +2.919797001e-02 +7.733919797e+01 +7.733919797e+01 +9.3030e-01 -5.0119e-01
185 +1.794356495e-02 +1.794356495e-02 +7.732794356e+01 +7.732794356e+01 +9.0746e-01 -7.1111e-01
190 +1.190416488e-02 +1.190416488e-02 +7.732190416e+01 +7.732190416e+01 +8.7649e-01 -7.3440e-01
290 +6.721979406e-03 +6.721979406e-03 +7.731672198e+01 +7.731672198e+01 +9.0913e-01 -4.6491e-01
297 +2.248756585e-03 +2.248756585e-03 +7.731224876e+01 +7.731224876e+01 +8.8879e-01 -7.3674e-01
429 +1.280341420e-03 +1.280341420e-03 +7.731128034e+01 +7.731128034e+01 +8.9974e-01 -5.0994e-01
451 +6.666582902e-04 +6.666582902e-04 +7.731066666e+01 +7.731066666e+01 +8.9195e-01 -6.7737e-01
478 +5.663960249e-04 +5.663960249e-04 +7.731056640e+01 +7.731056640e+01 +8.9838e-01 -5.4146e-01
508 +3.466325673e-04 +3.466325673e-04 +7.731034663e+01 +7.731034663e+01 +8.9742e-01 -5.7401e-01
511 +1.834513753e-04 +1.834513753e-04 +7.731018345e+01 +7.731018345e+01 +8.9716e-01 -5.6921e-01
517 +1.554527361e-04 +1.554527361e-04 +7.731015545e+01 +7.731015545e+01 +8.9675e-01 -5.7716e-01
525 +6.173860142e-05 +6.173860142e-05 +7.731006174e+01 +7.731006174e+01 +8.9723e-01 -5.7066e-01
614 +3.612806441e-05 +3.612806441e-05 +7.731003613e+01 +7.731003613e+01 +8.9702e-01 -5.7500e-01
642 +4.883534103e-06 +4.883534103e-06 +7.731000488e+01 +7.731000488e+01 +8.9518e-01 -6.0819e-01
707 +1.417999741e-06 +1.417999741e-06 +7.731000142e+01 +7.731000142e+01 +8.9499e-01 -6.1183e-01
768 +7.554919534e-07 +7.554919534e-07 +7.731000076e+01 +7.731000076e+01 +8.9562e-01 -6.0038e-01
783 +1.092877966e-07 +1.092877966e-07 +7.731000011e+01 +7.731000011e+01 +8.9515e-01 -6.0885e-01
863 +3.290466566e-09 +3.290466566e-09 +7.731000000e+01 +7.731000000e+01 +8.9513e-01 -6.0921e-01
% function evaluation | noise-free fitness - Fopt (3.992000000000e+01) | best noise-free fitness - Fopt | measured fitness | best measured fitness | x1 | x2...
1 +7.217317654e+00 +7.217317654e+00 +4.713731765e+01 +4.713731765e+01 -1.1557e+00 -6.7386e-01
4 +2.138314936e+00 +2.138314936e+00 +4.205831494e+01 +4.205831494e+01 +1.7479e+00 -1.1056e+00
17 +9.555386789e-01 +9.555386789e-01 +4.087553868e+01 +4.087553868e+01 +4.7943e+00 -1.7657e+00
36 +6.040287729e-01 +6.040287729e-01 +4.052402877e+01 +4.052402877e+01 +3.6770e+00 -1.8864e+00
74 +3.030839682e-01 +3.030839682e-01 +4.022308397e+01 +4.022308397e+01 +3.6452e+00 -1.1033e+00
113 +3.050537885e-02 +3.050537885e-02 +3.995050538e+01 +3.995050538e+01 +4.0063e+00 -1.3471e+00
223 +1.679550497e-02 +1.679550497e-02 +3.993679550e+01 +3.993679550e+01 +3.9398e+00 -9.6924e-01
226 +1.267227794e-02 +1.267227794e-02 +3.993267228e+01 +3.993267228e+01 +4.0056e+00 -1.2234e+00
255 +7.840700204e-03 +7.840700204e-03 +3.992784070e+01 +3.992784070e+01 +3.9589e+00 -1.0708e+00
268 +2.607577506e-03 +2.607577506e-03 +3.992260758e+01 +3.992260758e+01 +3.9700e+00 -1.1495e+00
357 +1.714623876e-03 +1.714623876e-03 +3.992171462e+01 +3.992171462e+01 +3.9287e+00 -9.8578e-01
375 +1.288526429e-03 +1.288526429e-03 +3.992128853e+01 +3.992128853e+01 +3.9745e+00 -1.1518e+00
387 +2.995887527e-04 +2.995887527e-04 +3.992029959e+01 +3.992029959e+01 +3.9447e+00 -1.0481e+00
402 +1.701264129e-04 +1.701264129e-04 +3.992017013e+01 +3.992017013e+01 +3.9402e+00 -1.0324e+00
477 +5.142846553e-05 +5.142846553e-05 +3.992005143e+01 +3.992005143e+01 +3.9431e+00 -1.0434e+00
491 +2.230863092e-05 +2.230863092e-05 +3.992002231e+01 +3.992002231e+01 +3.9496e+00 -1.0670e+00
586 +1.563106082e-06 +1.563106082e-06 +3.992000156e+01 +3.992000156e+01 +3.9506e+00 -1.0704e+00
765 +6.582751126e-07 +6.582751126e-07 +3.992000066e+01 +3.992000066e+01 +3.9484e+00 -1.0626e+00
807 +1.918595132e-07 +1.918595132e-07 +3.992000019e+01 +3.992000019e+01 +3.9492e+00 -1.0653e+00
849 +6.278888520e-09 +6.278888520e-09 +3.992000001e+01 +3.992000001e+01 +3.9501e+00 -1.0685e+00
% function evaluation | noise-free fitness - Fopt (-5.661000000000e+01) | best noise-free fitness - Fopt | measured fitness | best measured fitness | x1 | x2...
1 +2.204858992e+00 +2.204858992e+00 -5.440514101e+01 -5.440514101e+01 +3.5378e+00 +1.5594e+00
5 +5.451675254e-01 +5.451675254e-01 -5.606483247e+01 -5.606483247e+01 +2.0639e+00 +3.5309e+00
56 +1.079468705e-01 +1.079468705e-01 -5.650205313e+01 -5.650205313e+01 +2.1552e+00 +3.1003e+00
62 +7.595357145e-02 +7.595357145e-02 -5.653404643e+01 -5.653404643e+01 +2.3119e+00 +2.9761e+00
152 +4.712052047e-02 +4.712052047e-02 -5.656287948e+01 -5.656287948e+01 +1.8124e+00 +2.9263e+00
178 +2.675000936e-02 +2.675000936e-02 -5.658324999e+01 -5.658324999e+01 +2.0918e+00 +2.9395e+00
219 +1.144938319e-02 +1.144938319e-02 -5.659855062e+01 -5.659855062e+01 +1.7557e+00 +2.8508e+00
284 +7.922697675e-03 +7.922697675e-03 -5.660207730e+01 -5.660207730e+01 +1.7682e+00 +2.8589e+00
301 +4.739683486e-03 +4.739683486e-03 -5.660526032e+01 -5.660526032e+01 +1.8005e+00 +2.8702e+00
305 +1.911698009e-03 +1.911698009e-03 -5.660808830e+01 -5.660808830e+01 +2.0224e+00 +2.9430e+00
311 +8.556704898e-04 +8.556704898e-04 -5.660914433e+01 -5.660914433e+01 +2.0200e+00 +2.9450e+00
381 +3.011965396e-04 +3.011965396e-04 -5.660969880e+01 -5.660969880e+01 +1.9615e+00 +2.9249e+00
430 +1.217935486e-04 +1.217935486e-04 -5.660987821e+01 -5.660987821e+01 +1.9975e+00 +2.9369e+00
433 +9.081778588e-05 +9.081778588e-05 -5.660990918e+01 -5.660990918e+01 +1.9081e+00 +2.9078e+00
474 +2.658672793e-05 +2.658672793e-05 -5.660997341e+01 -5.660997341e+01 +1.9273e+00 +2.9141e+00
522 +1.989833053e-05 +1.989833053e-05 -5.660998010e+01 -5.660998010e+01 +1.9759e+00 +2.9299e+00
538 +1.539725289e-05 +1.539725289e-05 -5.660998460e+01 -5.660998460e+01 +1.9571e+00 +2.9238e+00
581 +5.562658586e-06 +5.562658586e-06 -5.660999444e+01 -5.660999444e+01 +1.9492e+00 +2.9212e+00
601 +1.198611706e-06 +1.198611706e-06 -5.660999880e+01 -5.660999880e+01 +1.9513e+00 +2.9219e+00
635 +9.252554705e-07 +9.252554705e-07 -5.660999907e+01 -5.660999907e+01 +1.9414e+00 +2.9187e+00
680 +3.287135328e-07 +3.287135328e-07 -5.660999967e+01 -5.660999967e+01 +1.9490e+00 +2.9211e+00
734 +8.876371993e-08 +8.876371993e-08 -5.660999991e+01 -5.660999991e+01 +1.9533e+00 +2.9225e+00
830 +5.112759993e-08 +5.112759993e-08 -5.660999995e+01 -5.660999995e+01 +1.9503e+00 +2.9216e+00
877 +3.208059240e-08 +3.208059240e-08 -5.660999997e+01 -5.660999997e+01 +1.9499e+00 +2.9214e+00
944 +1.502825597e-08 +1.502825597e-08 -5.660999998e+01 -5.660999998e+01 +1.9513e+00 +2.9219e+00
951 +8.572534682e-09 +8.572534682e-09 -5.660999999e+01 -5.660999999e+01 +1.9517e+00 +2.9220e+00
% function evaluation | noise-free fitness - Fopt (5.134000000000e+01) | best noise-free fitness - Fopt | measured fitness | best measured fitness | x1 | x2...
1 +5.111257269e+02 +5.111257269e+02 +5.624657269e+02 +5.624657269e+02 +4.5031e+00 +1.5424e+00
2 +3.471442331e+00 +3.471442331e+00 +5.481144233e+01 +5.481144233e+01 -2.5949e+00 -4.8200e+00
10 +1.266750682e+00 +1.266750682e+00 +5.260675068e+01 +5.260675068e+01 -2.4299e+00 -3.6419e+00
51 +1.809413019e-02 +1.809413019e-02 +5.135809413e+01 +5.135809413e+01 -2.3434e+00 -2.1135e+00
253 +2.746421993e-03 +2.746421993e-03 +5.134274642e+01 +5.134274642e+01 -2.5204e+00 -2.2309e+00
362 +1.414472420e-03 +1.414472420e-03 +5.134141447e+01 +5.134141447e+01 -2.5005e+00 -2.2201e+00
421 +6.403828634e-04 +6.403828634e-04 +5.134064038e+01 +5.134064038e+01 -2.5262e+00 -2.2370e+00
441 +3.760198365e-04 +3.760198365e-04 +5.134037602e+01 +5.134037602e+01 -2.5637e+00 -2.2608e+00
494 +1.722184501e-04 +1.722184501e-04 +5.134017222e+01 +5.134017222e+01 -2.5753e+00 -2.2687e+00
510 +1.311937524e-04 +1.311937524e-04 +5.134013119e+01 +5.134013119e+01 -2.5101e+00 -2.2277e+00
515 +7.726612341e-05 +7.726612341e-05 +5.134007727e+01 +5.134007727e+01 -2.5500e+00 -2.2528e+00
539 +4.002574589e-05 +4.002574589e-05 +5.134004003e+01 +5.134004003e+01 -2.5609e+00 -2.2594e+00
577 +2.320693691e-05 +2.320693691e-05 +5.134002321e+01 +5.134002321e+01 -2.5739e+00 -2.2676e+00
623 +1.072756464e-05 +1.072756464e-05 +5.134001073e+01 +5.134001073e+01 -2.5520e+00 -2.2539e+00
632 +3.593105752e-06 +3.593105752e-06 +5.134000359e+01 +5.134000359e+01 -2.5461e+00 -2.2502e+00
640 +1.636694549e-07 +1.636694549e-07 +5.134000016e+01 +5.134000016e+01 -2.5498e+00 -2.2525e+00
830 +8.216924385e-08 +8.216924385e-08 +5.134000008e+01 +5.134000008e+01 -2.5513e+00 -2.2535e+00
859 +4.108294149e-08 +4.108294149e-08 +5.134000004e+01 +5.134000004e+01 -2.5511e+00 -2.2533e+00
936 +2.975047408e-08 +2.975047408e-08 +5.134000003e+01 +5.134000003e+01 -2.5522e+00 -2.2541e+00
965 +8.949399444e-09 +8.949399444e-09 +5.134000001e+01 +5.134000001e+01 -2.5533e+00 -2.2547e+00
% function evaluation | noise-free fitness - Fopt (-1.244000000000e+02) | best noise-free fitness - Fopt | measured fitness | best measured fitness | x1 | x2...
1 +2.556169716e+01 +2.556169716e+01 -9.883830284e+01 -9.883830284e+01 +2.5626e+00 +4.7018e+00
3 +9.600204151e+00 +9.600204151e+00 -1.147997958e+02 -1.147997958e+02 -4.3729e+00 +1.5654e+00
4 +4.104173168e+00 +4.104173168e+00 -1.202958268e+02 -1.202958268e+02 +4.2710e+00 +9.9099e-01
12 +3.833574456e+00 +3.833574456e+00 -1.205664255e+02 -1.205664255e+02 -3.3803e+00 -3.3789e-01
14 +1.853083248e+00 +1.853083248e+00 -1.225469168e+02 -1.225469168e+02 -1.6396e+00 +1.2316e+00
24 +1.364342142e+00 +1.364342142e+00 -1.230356579e+02 -1.230356579e+02 -1.0471e+00 +1.4671e+00
34 +9.457434287e-01 +9.457434287e-01 -1.234542566e+02 -1.234542566e+02 +1.1616e+00 +1.1501e+00
51 +1.984940091e-01 +1.984940091e-01 -1.242015060e+02 -1.242015060e+02 +2.0627e-01 +4.2733e-01
96 +8.792468111e-02 +8.792468111e-02 -1.243120753e+02 -1.243120753e+02 +2.8598e-01 +1.0726e+00
172 +3.373152638e-02 +3.373152638e-02 -1.243662685e+02 -1.243662685e+02 +1.8209e-01 +1.1766e+00
179 +1.699476566e-02 +1.699476566e-02 -1.243830052e+02 -1.243830052e+02 +3.2547e-01 +6.4208e-01
248 +1.182638026e-02 +1.182638026e-02 -1.243881736e+02 -1.243881736e+02 +2.1042e-01 +9.8170e-01
268 +5.234472463e-03 +5.234472463e-03 -1.243947655e+02 -1.243947655e+02 +2.4342e-01 +8.9952e-01
310 +2.340570661e-03 +2.340570661e-03 -1.243976594e+02 -1.243976594e+02 +2.1992e-01 +9.9634e-01
377 +1.314650104e-03 +1.314650104e-03 -1.243986853e+02 -1.243986853e+02 +2.2064e-01 +9.8691e-01
379 +4.300710303e-04 +4.300710303e-04 -1.243995699e+02 -1.243995699e+02 +2.3093e-01 +9.5631e-01
407 +3.007007911e-04 +3.007007911e-04 -1.243996993e+02 -1.243996993e+02 +2.3328e-01 +9.4860e-01
445 +1.436703778e-04 +1.436703778e-04 -1.243998563e+02 -1.243998563e+02 +2.3849e-01 +9.3253e-01
477 +5.690126713e-06 +5.690126713e-06 -1.243999943e+02 -1.243999943e+02 +2.4836e-01 +9.0125e-01
586 +2.618548521e-06 +2.618548521e-06 -1.243999974e+02 -1.243999974e+02 +2.5765e-01 +8.7208e-01
625 +1.948117301e-06 +1.948117301e-06 -1.243999981e+02 -1.243999981e+02 +2.5730e-01 +8.7316e-01
630 +1.214779886e-06 +1.214779886e-06 -1.243999988e+02 -1.243999988e+02 +2.5386e-01 +8.8399e-01
713 +6.887777602e-07 +6.887777602e-07 -1.243999993e+02 -1.243999993e+02 +2.5558e-01 +8.7859e-01
753 +4.160122273e-07 +4.160122273e-07 -1.243999996e+02 -1.243999996e+02 +2.5439e-01 +8.8233e-01
782 +2.994707131e-07 +2.994707131e-07 -1.243999997e+02 -1.243999997e+02 +2.5273e-01 +8.8752e-01
794 +2.814806521e-08 +2.814806521e-08 -1.244000000e+02 -1.244000000e+02 +2.5268e-01 +8.8769e-01
916 +2.431299606e-08 +2.431299606e-08 -1.244000000e+02 -1.244000000e+02 +2.5395e-01 +8.8371e-01
924 +2.027832124e-09 +2.027832124e-09 -1.244000000e+02 -1.244000000e+02 +2.5371e-01 +8.8445e-01
% function evaluation | noise-free fitness - Fopt (6.000000000000e-01) | best noise-free fitness - Fopt | measured fitness | best measured fitness | x1 | x2...
1 +6.516744387e+00 +6.516744387e+00 +7.116744387e+00 +7.116744387e+00 +1.1018e+00 +4.3648e+00
13 +4.317940466e+00 +4.317940466e+00 +4.917940466e+00 +4.917940466e+00 +1.4012e+00 +2.1796e+00
23 +2.398426127e+00 +2.398426127e+00 +2.998426127e+00 +2.998426127e+00 +1.4443e+00 -2.8706e+00
43 +1.009230156e+00 +1.009230156e+00 +1.609230156e+00 +1.609230156e+00 +3.1918e+00 -9.5127e-01
73 +7.288908266e-01 +7.288908266e-01 +1.328890827e+00 +1.328890827e+00 +3.2875e+00 -1.3155e+00
93 +2.230543338e-01 +2.230543338e-01 +8.230543338e-01 +8.230543338e-01 +2.0207e+00 -1.9769e+00
163 +4.225672253e-02 +4.225672253e-02 +6.422567225e-01 +6.422567225e-01 +2.9152e+00 -1.9400e+00
200 +3.661860853e-02 +3.661860853e-02 +6.366186085e-01 +6.366186085e-01 +2.3182e+00 -2.0110e+00
216 +1.725053748e-02 +1.725053748e-02 +6.172505375e-01 +6.172505375e-01 +2.8554e+00 -1.9208e+00
268 +4.524991168e-03 +4.524991168e-03 +6.045249912e-01 +6.045249912e-01 +2.7645e+00 -1.9437e+00
333 +2.787138143e-03 +2.787138143e-03 +6.027871381e-01 +6.027871381e-01 +2.6875e+00 -1.9622e+00
379 +3.469419529e-04 +3.469419529e-04 +6.003469420e-01 +6.003469420e-01 +2.6468e+00 -1.9686e+00
482 +7.848317408e-05 +7.848317408e-05 +6.000784832e-01 +6.000784832e-01 +2.5783e+00 -1.9831e+00
483 +4.810477290e-05 +4.810477290e-05 +6.000481048e-01 +6.000481048e-01 +2.5685e+00 -1.9853e+00
490 +2.140135842e-05 +2.140135842e-05 +6.000214014e-01 +6.000214014e-01 +2.6013e+00 -1.9782e+00
581 +1.506868113e-05 +1.506868113e-05 +6.000150687e-01 +6.000150687e-01 +2.6020e+00 -1.9781e+00
662 +7.613176508e-06 +7.613176508e-06 +6.000076132e-01 +6.000076132e-01 +2.5961e+00 -1.9793e+00
683 +5.183632944e-06 +5.183632944e-06 +6.000051836e-01 +6.000051836e-01 +2.5943e+00 -1.9797e+00
691 +1.365514259e-06 +1.365514259e-06 +6.000013655e-01 +6.000013655e-01 +2.6110e+00 -1.9761e+00
732 +2.427237403e-07 +2.427237403e-07 +6.000002427e-01 +6.000002427e-01 +2.6062e+00 -1.9771e+00
825 +1.148685475e-07 +1.148685475e-07 +6.000001149e-01 +6.000001149e-01 +2.6087e+00 -1.9766e+00
857 +7.281080572e-08 +7.281080572e-08 +6.000000728e-01 +6.000000728e-01 +2.6059e+00 -1.9772e+00
899 +3.913659197e-08 +3.913659197e-08 +6.000000391e-01 +6.000000391e-01 +2.6036e+00 -1.9777e+00
901 +9.721339733e-09 +9.721339733e-09 +6.000000097e-01 +6.000000097e-01 +2.6039e+00 -1.9776e+00
% function evaluation | noise-free fitness - Fopt (-4.071000000000e+01) | best noise-free fitness - Fopt | measured fitness | best measured fitness | x1 | x2...
1 +3.803696604e+01 +3.803696604e+01 -2.673033956e+00 -2.673033956e+00 -4.9043e+00 -1.8563e+00
2 +2.481585921e+00 +2.481585921e+00 -3.822841408e+01 -3.822841408e+01 +2.6979e+00 -1.2719e+00
25 +6.677384677e-01 +6.677384677e-01 -4.004226153e+01 -4.004226153e+01 -1.8055e-01 -2.4641e+00
27 +4.319166043e-01 +4.319166043e-01 -4.027808340e+01 -4.027808340e+01 +1.2068e+00 -3.2415e+00
76 +1.398131036e-01 +1.398131036e-01 -4.057018690e+01 -4.057018690e+01 +3.9084e-01 -2.5078e+00
162 +1.251388402e-02 +1.251388402e-02 -4.069748612e+01 -4.069748612e+01 +6.8393e-01 -2.8014e+00
329 +8.127868798e-03 +8.127868798e-03 -4.070187213e+01 -4.070187213e+01 +6.0849e-01 -2.6479e+00
375 +4.774016658e-03 +4.774016658e-03 -4.070522598e+01 -4.070522598e+01 +5.8247e-01 -2.5797e+00
376 +9.316868657e-04 +9.316868657e-04 -4.070906831e+01 -4.070906831e+01 +6.4211e-01 -2.6967e+00
470 +3.284403779e-04 +3.284403779e-04 -4.070967156e+01 -4.070967156e+01 +6.8688e-01 -2.7807e+00
482 +1.434999893e-04 +1.434999893e-04 -4.070985650e+01 -4.070985650e+01 +6.4168e-01 -2.6935e+00
501 +8.779102784e-05 +8.779102784e-05 -4.070991221e+01 -4.070991221e+01 +6.7360e-01 -2.7546e+00
556 +3.059447442e-05 +3.059447442e-05 -4.070996941e+01 -4.070996941e+01 +6.6050e-01 -2.7297e+00
645 +1.535610474e-05 +1.535610474e-05 -4.070998464e+01 -4.070998464e+01 +6.5170e-01 -2.7130e+00
668 +4.330983792e-06 +4.330983792e-06 -4.070999567e+01 -4.070999567e+01 +6.5779e-01 -2.7246e+00
671 +1.645407231e-06 +1.645407231e-06 -4.070999835e+01 -4.070999835e+01 +6.5994e-01 -2.7287e+00
676 +8.286507835e-07 +8.286507835e-07 -4.070999917e+01 -4.070999917e+01 +6.5910e-01 -2.7271e+00
745 +5.317940008e-07 +5.317940008e-07 -4.070999947e+01 -4.070999947e+01 +6.6371e-01 -2.7359e+00
795 +2.274425839e-07 +2.274425839e-07 -4.070999977e+01 -4.070999977e+01 +6.5781e-01 -2.7246e+00
808 +3.730986720e-08 +3.730986720e-08 -4.070999996e+01 -4.070999996e+01 +6.6068e-01 -2.7301e+00
900 +1.553782170e-08 +1.553782170e-08 -4.070999998e+01 -4.070999998e+01 +6.5902e-01 -2.7269e+00
940 +5.151022719e-09 +5.151022719e-09 -4.070999999e+01 -4.070999999e+01 +6.5980e-01 -2.7284e+00
% function evaluation | noise-free fitness - Fopt (8.143200000000e+02) | best noise-free fitness - Fopt | measured fitness | best measured fitness | x1 | x2...
1 +5.507692628e+00 +5.507692628e+00 +8.198276926e+02 +8.198276926e+02 +2.3352e+00 -1.7863e+00
7 +6.393069360e-01 +6.393069360e-01 +8.149593069e+02 +8.149593069e+02 -2.2501e+00 -3.4426e+00
18 +1.402619416e-01 +1.402619416e-01 +8.144602619e+02 +8.144602619e+02 -2.9110e+00 -3.9582e+00
188 +2.843440932e-02 +2.843440932e-02 +8.143484344e+02 +8.143484344e+02 -2.8173e+00 -3.6806e+00
273 +2.218143192e-02 +2.218143192e-02 +8.143421814e+02 +8.143421814e+02 -2.8722e+00 -3.6650e+00
286 +7.689011841e-03 +7.689011841e-03 +8.143276890e+02 +8.143276890e+02 -2.7920e+00 -3.8932e+00
315 +4.362685690e-03 +4.362685690e-03 +8.143243627e+02 +8.143243627e+02 -2.8344e+00 -3.7118e+00
320 +1.808236643e-03 +1.808236643e-03 +8.143218082e+02 +8.143218082e+02 -2.8030e+00 -3.8220e+00
341 +4.807367850e-04 +4.807367850e-04 +8.143204807e+02 +8.143204807e+02 -2.7808e+00 -3.9022e+00
389 +3.680612399e-04 +3.680612399e-04 +8.143203681e+02 +8.143203681e+02 -2.7998e+00 -3.8406e+00
457 +1.425835454e-04 +1.425835454e-04 +8.143201426e+02 +8.143201426e+02 -2.8089e+00 -3.8081e+00
483 +8.790587594e-05 +8.790587594e-05 +8.143200879e+02 +8.143200879e+02 -2.8007e+00 -3.8357e+00
488 +2.870048945e-05 +2.870048945e-05 +8.143200287e+02 +8.143200287e+02 -2.8020e+00 -3.8316e+00
538 +1.654003256e-05 +1.654003256e-05 +8.143200165e+02 +8.143200165e+02 -2.7961e+00 -3.8519e+00
640 +9.227527698e-06 +9.227527698e-06 +8.143200092e+02 +8.143200092e+02 -2.7966e+00 -3.8501e+00
693 +1.571131975e-06 +1.571131975e-06 +8.143200016e+02 +8.143200016e+02 -2.7934e+00 -3.8610e+00
780 +9.519851574e-08 +9.519851574e-08 +8.143200001e+02 +8.143200001e+02 -2.7940e+00 -3.8590e+00
896 +4.944581633e-08 +4.944581633e-08 +8.143200000e+02 +8.143200000e+02 -2.7934e+00 -3.8609e+00
918 +1.417981821e-08 +1.417981821e-08 +8.143200000e+02 +8.143200000e+02 -2.7947e+00 -3.8566e+00
948 +9.746713658e-09 +9.746713658e-09 +8.143200000e+02 +8.143200000e+02 -2.7944e+00 -3.8575e+00
% function evaluation | noise-free fitness - Fopt (-6.205000000000e+01) | best noise-free fitness - Fopt | measured fitness | best measured fitness | x1 | x2...
1 +3.467748468e+01 +3.467748468e+01 -2.737251532e+01 -2.737251532e+01 -3.6794e-01 -2.7233e+00
4 +3.834662634e+00 +3.834662634e+00 -5.821533737e+01 -5.821533737e+01 +4.2978e+00 -3.6475e+00
18 +2.032851515e+00 +2.032851515e+00 -6.001714848e+01 -6.001714848e+01 +4.9650e-02 +9.5612e-02
22 +8.410523716e-02 +8.410523716e-02 -6.196589476e+01 -6.196589476e+01 +1.8696e+00 -7.7483e-01
159 +4.104561574e-02 +4.104561574e-02 -6.200895438e+01 -6.200895438e+01 +1.9130e+00 -6.7513e-01
160 +3.311621288e-02 +3.311621288e-02 -6.201688379e+01 -6.201688379e+01 +2.2548e+00 -2.8405e-01
219 +2.908791022e-04 +2.908791022e-04 -6.204970912e+01 -6.204970912e+01 +2.0050e+00 -5.2525e-01
444 +2.041327226e-04 +2.041327226e-04 -6.204979587e+01 -6.204979587e+01 +2.0258e+00 -5.0410e-01
492 +1.323132972e-04 +1.323132972e-04 -6.204986769e+01 -6.204986769e+01 +2.0376e+00 -4.9201e-01
532 +5.292451722e-05 +5.292451722e-05 -6.204994708e+01 -6.204994708e+01 +2.0484e+00 -4.8099e-01
584 +9.154571813e-06 +9.154571813e-06 -6.204999085e+01 -6.204999085e+01 +2.0250e+00 -5.0463e-01
656 +4.044356714e-06 +4.044356714e-06 -6.204999596e+01 -6.204999596e+01 +2.0295e+00 -5.0001e-01
686 +1.795456392e-06 +1.795456392e-06 -6.204999820e+01 -6.204999820e+01 +2.0249e+00 -5.0474e-01
696 +7.726125233e-07 +7.726125233e-07 -6.204999923e+01 -6.204999923e+01 +2.0270e+00 -5.0259e-01
827 +5.797726033e-07 +5.797726033e-07 -6.204999942e+01 -6.204999942e+01 +2.0240e+00 -5.0566e-01
873 +2.585436931e-08 +2.585436931e-08 -6.204999997e+01 -6.204999997e+01 +2.0247e+00 -5.0490e-01
968 +3.832717255e-09 +3.832717255e-09 -6.205000000e+01 -6.205000000e+01 +2.0265e+00 -5.0310e-01
% function evaluation | noise-free fitness - Fopt (-4.328000000000e+01) | best noise-free fitness - Fopt | measured fitness | best measured fitness | x1 | x2...
1 +3.690380833e+00 +3.690380833e+00 -3.958961917e+01 -3.958961917e+01 -5.0156e-01 -1.0966e+00
18 +2.270234183e+00 +2.270234183e+00 -4.100976582e+01 -4.100976582e+01 +1.0036e+00 +4.1479e+00
22 +1.563119280e+00 +1.563119280e+00 -4.171688072e+01 -4.171688072e+01 -1.0753e+00 +1.1741e+00
46 +6.370227460e-01 +6.370227460e-01 -4.264297725e+01 -4.264297725e+01 -1.9496e-02 +1.9264e+00
78 +5.059329005e-01 +5.059329005e-01 -4.277406710e+01 -4.277406710e+01 -1.5711e-01 +3.0849e+00
113 +8.880901031e-02 +8.880901031e-02 -4.319119099e+01 -4.319119099e+01 -7.0953e-01 +2.7836e+00
131 +5.835070695e-02 +5.835070695e-02 -4.322164929e+01 -4.322164929e+01 -5.6479e-01 +2.7201e+00
170 +2.491301014e-02 +2.491301014e-02 -4.325508699e+01 -4.325508699e+01 -5.4827e-01 +2.6819e+00
186 +1.126974124e-02 +1.126974124e-02 -4.326873026e+01 -4.326873026e+01 -3.7747e-01 +2.6053e+00
242 +3.443235984e-03 +3.443235984e-03 -4.327655676e+01 -4.327655676e+01 -4.9984e-01 +2.6416e+00
247 +2.212411776e-03 +2.212411776e-03 -4.327778759e+01 -4.327778759e+01 -4.2085e-01 +2.6246e+00
308 +1.459631778e-03 +1.459631778e-03 -4.327854037e+01 -4.327854037e+01 -5.4485e-01 +2.6571e+00
349 +8.526420189e-04 +8.526420189e-04 -4.327914736e+01 -4.327914736e+01 -4.7466e-01 +2.6402e+00
355 +5.554379344e-04 +5.554379344e-04 -4.327944456e+01 -4.327944456e+01 -4.2512e-01 +2.6273e+00
361 +7.110012766e-05 +7.110012766e-05 -4.327992890e+01 -4.327992890e+01 -4.4858e-01 +2.6332e+00
514 +3.910137401e-05 +3.910137401e-05 -4.327996090e+01 -4.327996090e+01 -4.8362e-01 +2.6413e+00
527 +2.087521218e-05 +2.087521218e-05 -4.327997912e+01 -4.327997912e+01 -5.0861e-01 +2.6472e+00
566 +7.166439460e-07 +7.166439460e-07 -4.327999928e+01 -4.327999928e+01 -4.8028e-01 +2.6406e+00
675 +5.873638571e-07 +5.873638571e-07 -4.327999941e+01 -4.327999941e+01 -4.8964e-01 +2.6428e+00
699 +2.440170661e-07 +2.440170661e-07 -4.327999976e+01 -4.327999976e+01 -4.8653e-01 +2.6421e+00
703 +1.383388408e-07 +1.383388408e-07 -4.327999986e+01 -4.327999986e+01 -4.9219e-01 +2.6434e+00
787 +1.590886001e-08 +1.590886001e-08 -4.327999998e+01 -4.327999998e+01 -4.8913e-01 +2.6427e+00
814 +6.255866936e-09 +6.255866936e-09 -4.327999999e+01 -4.327999999e+01 -4.8752e-01 +2.6423e+00
% function evaluation | noise-free fitness - Fopt (-3.916000000000e+01) | best noise-free fitness - Fopt | measured fitness | best measured fitness | x1 | x2...
1 +4.941416558e+02 +4.941416558e+02 +4.549816558e+02 +4.549816558e+02 +4.1648e+00 +3.2575e+00
2 +1.581344823e+00 +1.581344823e+00 -3.757865518e+01 -3.757865518e+01 -2.4011e+00 +1.6232e+00
24 +8.477597114e-01 +8.477597114e-01 -3.831224029e+01 -3.831224029e+01 -4.5299e+00 +2.4350e+00
43 +4.960311713e-01 +4.960311713e-01 -3.866396883e+01 -3.866396883e+01 -4.0394e+00 +2.2866e+00
80 +1.998144817e-01 +1.998144817e-01 -3.896018552e+01 -3.896018552e+01 -3.3058e+00 +2.1594e+00
143 +8.477917672e-02 +8.477917672e-02 -3.907522082e+01 -3.907522082e+01 -3.7477e+00 +1.7624e+00
176 +7.756210297e-03 +7.756210297e-03 -3.915224379e+01 -3.915224379e+01 -3.8334e+00 +1.8298e+00
313 +4.808626520e-03 +4.808626520e-03 -3.915519137e+01 -3.915519137e+01 -3.7439e+00 +1.8558e+00
401 +2.379479078e-03 +2.379479078e-03 -3.915762052e+01 -3.915762052e+01 -3.7399e+00 +1.8497e+00
420 +1.547575481e-03 +1.547575481e-03 -3.915845242e+01 -3.915845242e+01 -3.6605e+00 +1.8708e+00
464 +9.880909559e-04 +9.880909559e-04 -3.915901191e+01 -3.915901191e+01 -3.7290e+00 +1.8555e+00
470 +3.532699011e-04 +3.532699011e-04 -3.915964673e+01 -3.915964673e+01 -3.6287e+00 +1.8802e+00
544 +1.675638134e-04 +1.675638134e-04 -3.915983244e+01 -3.915983244e+01 -3.6433e+00 +1.8766e+00
613 +4.516872498e-05 +4.516872498e-05 -3.915995483e+01 -3.915995483e+01 -3.6088e+00 +1.8857e+00
660 +6.482102641e-06 +6.482102641e-06 -3.915999352e+01 -3.915999352e+01 -3.6493e+00 +1.8752e+00
714 +1.153852317e-06 +1.153852317e-06 -3.915999885e+01 -3.915999885e+01 -3.6476e+00 +1.8757e+00
827 +6.982084173e-07 +6.982084173e-07 -3.915999930e+01 -3.915999930e+01 -3.6518e+00 +1.8746e+00
864 +5.881407361e-08 +5.881407361e-08 -3.915999994e+01 -3.915999994e+01 -3.6470e+00 +1.8758e+00
901 +3.439644303e-08 +3.439644303e-08 -3.915999997e+01 -3.915999997e+01 -3.6431e+00 +1.8768e+00
960 +1.403206085e-08 +1.403206085e-08 -3.915999999e+01 -3.915999999e+01 -3.6441e+00 +1.8766e+00
1066 +3.071477295e-09 +3.071477295e-09 -3.916000000e+01 -3.916000000e+01 -3.6444e+00 +1.8765e+00
% function evaluation | noise-free fitness - Fopt (-1.732800000000e+02) | best noise-free fitness - Fopt | measured fitness | best measured fitness | x1 | x2...
1 +8.783885065e+00 +8.783885065e+00 -1.644961149e+02 -1.644961149e+02 +4.8644e+00 +3.2143e+00
8 +5.440491292e+00 +5.440491292e+00 -1.678395087e+02 -1.678395087e+02 +2.3555e+00 +5.7030e-01
9 +7.189204638e-01 +7.189204638e-01 -1.725610795e+02 -1.725610795e+02 -3.4177e+00 -1.5530e+00
58 +5.759720415e-01 +5.759720415e-01 -1.727040280e+02 -1.727040280e+02 -3.1326e+00 -9.8309e-02
125 +3.073126886e-01 +3.073126886e-01 -1.729726873e+02 -1.729726873e+02 -2.5613e+00 -9.5485e-01
133 +1.238783505e-01 +1.238783505e-01 -1.731561216e+02 -1.731561216e+02 -2.7318e+00 -1.0230e+00
146 +2.097387563e-02 +2.097387563e-02 -1.732590261e+02 -1.732590261e+02 -2.8037e+00 -1.1485e+00
191 +5.279526968e-03 +5.279526968e-03 -1.732747205e+02 -1.732747205e+02 -2.9609e+00 -7.9203e-01
280 +2.956718483e-03 +2.956718483e-03 -1.732770433e+02 -1.732770433e+02 -2.9583e+00 -8.1774e-01
320 +2.345601001e-03 +2.345601001e-03 -1.732776544e+02 -1.732776544e+02 -2.9416e+00 -8.4335e-01
349 +1.504013259e-03 +1.504013259e-03 -1.732784960e+02 -1.732784960e+02 -2.9514e+00 -8.2319e-01
386 +5.911169795e-04 +5.911169795e-04 -1.732794089e+02 -1.732794089e+02 -2.9086e+00 -9.2415e-01
413 +1.344706778e-04 +1.344706778e-04 -1.732798655e+02 -1.732798655e+02 -2.9107e+00 -9.2112e-01
459 +9.611891835e-05 +9.611891835e-05 -1.732799039e+02 -1.732799039e+02 -2.9354e+00 -8.6358e-01
460 +4.430207977e-05 +4.430207977e-05 -1.732799557e+02 -1.732799557e+02 -2.9306e+00 -8.7481e-01
573 +3.796029043e-05 +3.796029043e-05 -1.732799620e+02 -1.732799620e+02 -2.9269e+00 -8.8321e-01
627 +2.215119414e-05 +2.215119414e-05 -1.732799778e+02 -1.732799778e+02 -2.9276e+00 -8.8168e-01
641 +9.184451443e-06 +9.184451443e-06 -1.732799908e+02 -1.732799908e+02 -2.9207e+00 -8.9764e-01
690 +1.097534977e-06 +1.097534977e-06 -1.732799989e+02 -1.732799989e+02 -2.9217e+00 -8.9536e-01
764 +5.997610515e-07 +5.997610515e-07 -1.732799994e+02 -1.732799994e+02 -2.9161e+00 -9.0837e-01
800 +3.914673243e-07 +3.914673243e-07 -1.732799996e+02 -1.732799996e+02 -2.9198e+00 -8.9963e-01
821 +1.185379404e-07 +1.185379404e-07 -1.732799999e+02 -1.732799999e+02 -2.9184e+00 -9.0306e-01
877 +2.662696375e-08 +2.662696375e-08 -1.732800000e+02 -1.732800000e+02 -2.9164e+00 -9.0754e-01
881 +1.356312396e-09 +1.356312396e-09 -1.732800000e+02 -1.732800000e+02 -2.9180e+00 -9.0396e-01
% function evaluation | noise-free fitness - Fopt (-1.017000000000e+01) | best noise-free fitness - Fopt | measured fitness | best measured fitness | x1 | x2...
1 +5.594231887e+00 +5.594231887e+00 -4.575768113e+00 -4.575768113e+00 -4.0970e+00 +2.2693e+00
8 +1.121556865e+00 +1.121556865e+00 -9.048443135e+00 -9.048443135e+00 +2.1940e-01 +1.3740e+00
37 +5.368729841e-02 +5.368729841e-02 -1.011631270e+01 -1.011631270e+01 +1.4749e+00 +1.6363e+00
70 +1.492728116e-02 +1.492728116e-02 -1.015507272e+01 -1.015507272e+01 +1.4841e+00 +1.8030e+00
248 +8.019179619e-03 +8.019179619e-03 -1.016198082e+01 -1.016198082e+01 +1.4885e+00 +1.8428e+00
267 +4.075262859e-03 +4.075262859e-03 -1.016592474e+01 -1.016592474e+01 +1.4110e+00 +1.5978e+00
327 +3.982068669e-05 +3.982068669e-05 -1.016996018e+01 -1.016996018e+01 +1.4427e+00 +1.7163e+00
511 +3.248789476e-05 +3.248789476e-05 -1.016996751e+01 -1.016996751e+01 +1.4455e+00 +1.7258e+00
526 +2.074162406e-05 +2.074162406e-05 -1.016997926e+01 -1.016997926e+01 +1.4496e+00 +1.7393e+00
545 +3.997536647e-06 +3.997536647e-06 -1.016999600e+01 -1.016999600e+01 +1.4420e+00 +1.7139e+00
566 +3.440515524e-06 +3.440515524e-06 -1.016999656e+01 -1.016999656e+01 +1.4405e+00 +1.7089e+00
637 +1.296449538e-06 +1.296449538e-06 -1.016999870e+01 -1.016999870e+01 +1.4456e+00 +1.7259e+00
655 +5.100033995e-08 +5.100033995e-08 -1.016999995e+01 -1.016999995e+01 +1.4459e+00 +1.7268e+00
798 +1.053704501e-08 +1.053704501e-08 -1.016999999e+01 -1.016999999e+01 +1.4445e+00 +1.7221e+00
807 +4.681716348e-09 +4.681716348e-09 -1.017000000e+01 -1.017000000e+01 +1.4448e+00 +1.7233e+00
