% function evaluation | noise-free fitness - Fopt (-1.000000000000e+03) | best noise-free fitness - Fopt | measured fitness | best measured fitness | x1 | x2...
1 +8.469664371e+01 +8.469664371e+01 -9.153033563e+02 -9.153033563e+02 +4.1057e+00 +2.3962e+00 -6.5386e-01 +2.3883e-01 +3.9431e+00 +1.0312e+00 +7.5214e-01 -1.3077e+00 -2.6753e+00 -7.6571e-01
16 +6.296879103e+01 +6.296879103e+01 -9.370312090e+02 -9.370312090e+02 -1.2285e+00 -1.4040e+00 +3.0933e+00 -4.0017e-01 -4.3211e+00 -4.4666e+00 +2.9941e+00 +3.9141e+00 -4.6086e-01 -2.9739e+00
273 +3.431385896e+01 +3.431385896e+01 -9.656861410e+02 -9.656861410e+02 -4.7160e-01 +6.9958e-01 -1.5453e+00 +3.1645e+00 +8.6653e-01 -1.4193e+00 +1.0196e+00 +2.5849e+00 +3.1916e+00 -1.6162e-01
365 +2.322219223e+01 +2.322219223e+01 -9.767778078e+02 -9.767778078e+02 -4.0064e-01 -3.5603e-01 -1.9476e-01 +3.4578e+00 +1.8899e+00 -1.4808e-01 +1.4683e+00 +3.7020e+00 +3.2195e+00 +2.2462e+00
551 +1.221036191e+01 +1.221036191e+01 -9.877896381e+02 -9.877896381e+02 +2.6442e+00 +3.1634e-01 -2.0885e-01 +3.4578e+00 +2.6590e+00 -1.4808e-01 +1.4683e+00 +3.7020e+00 +2.8310e+00 +1.1304e+00
751 +8.666951685e+00 +8.666951685e+00 -9.913330483e+02 -9.913330483e+02 +2.3941e+00 +3.1093e-01 -3.9206e-02 +3.3531e+00 +2.6514e+00 -1.7244e+00 +1.4715e+00 +3.5948e+00 +4.4436e+00 +1.0805e+00
1252 +5.608344402e+00 +5.608344402e+00 -9.943916556e+02 -9.943916556e+02 +2.0622e+00 +3.1093e-01 -3.9206e-02 +3.7278e+00 +2.8036e+00 -1.1764e+00 +1.6152e+00 +2.8818e+00 +3.3780e+00 +1.3179e+00
1403 +3.939998572e+00 +3.939998572e+00 -9.960600014e+02 -9.960600014e+02 +1.3773e+00 +2.0629e-01 -5.5322e-01 +3.6698e+00 +4.1390e+00 -7.6384e-01 +9.0416e-01 +1.9227e+00 +4.0346e+00 +7.0837e-01
1419 +2.332844726e+00 +2.332844726e+00 -9.976671553e+02 -9.976671553e+02 +1.3893e+00 +1.8454e-01 +4.6455e-01 +3.6276e+00 +3.8584e+00 -6.6772e-01 +1.3579e+00 +2.3168e+00 +3.5292e+00 +1.3994e+00
48301 +1.253423222e+00 +1.253423222e+00 -9.987465768e+02 -9.987465768e+02 +2.4970e+00 -1.6261e+00 +7.8624e-01 +1.1761e+00 -1.6484e+00 -5.2890e-01 -3.1106e-01 +6.3500e-01 +8.3762e-01 +1.7550e+00
53589 +6.541658290e-01 +6.541658290e-01 -9.993458342e+02 -9.993458342e+02 +3.1537e+00 -1.4304e+00 +1.1272e+00 +5.5055e-01 -2.0518e+00 -6.5538e-01 +2.2937e-03 +3.0532e-01 +4.9314e-01 +1.6080e+00
53851 +6.231455491e-01 +6.231455491e-01 -9.993768545e+02 -9.993768545e+02 +3.1537e+00 -1.4259e+00 +1.1109e+00 +5.6282e-01 -2.0738e+00 -6.6126e-01 -8.5244e-03 +2.8794e-01 +4.9475e-01 +1.6080e+00
74152 +3.969607622e-01 +3.969607622e-01 -9.996030392e+02 -9.996030392e+02 +2.9574e+00 -1.5127e+00 +1.2174e+00 +8.7020e-01 -2.0309e+00 -6.5128e-01 -3.6984e-01 +2.5315e-01 +8.6052e-01 +1.6369e+00
135504 +2.499156578e-01 +2.499156578e-01 -9.997500843e+02 -9.997500843e+02 +2.8698e+00 -1.4618e+00 +1.2807e+00 +9.2424e-01 -2.0528e+00 -7.0507e-01 -4.5261e-01 +1.9687e-01 +1.0349e+00 +1.5709e+00
237301 +1.574178180e-01 +1.574178180e-01 -9.998425822e+02 -9.998425822e+02 +2.7617e+00 -1.3947e+00 +1.2788e+00 +1.0012e+00 -2.0824e+00 -8.2385e-01 -5.7147e-01 +1.7185e-01 +1.1870e+00 +1.5202e+00
244527 +9.942230237e-02 +9.942230237e-02 -9.999005777e+02 -9.999005777e+02 +2.7607e+00 -1.3704e+00 +1.2809e+00 +1.0749e+00 -1.9974e+00 -1.0484e+00 -1.2275e+00 +1.6931e-01 +1.4683e+00 +1.4466e+00
248055 +6.228414075e-02 +6.228414075e-02 -9.999377159e+02 -9.999377159e+02 +2.7504e+00 -1.2103e+00 +1.2782e+00 +1.1867e+00 -2.1824e+00 -1.1275e+00 -1.2711e+00 -2.9558e-02 +1.5629e+00 +1.2462e+00
250710 +3.972980311e-02 +3.972980311e-02 -9.999602702e+02 -9.999602702e+02 +2.7083e+00 -8.8709e-01 +1.2755e+00 +9.9688e-01 -2.3391e+00 -1.4044e+00 -1.3774e+00 -3.2297e-01 +1.7261e+00 +1.0740e+00
252333 +2.392251317e-02 +2.392251317e-02 -9.999760775e+02 -9.999760775e+02 +2.5008e+00 -5.9996e-01 +1.2883e+00 +7.4921e-01 -2.4192e+00 -1.4776e+00 -1.3750e+00 -4.4678e-01 +1.8657e+00 +1.0158e+00
252976 +1.572974527e-02 +1.572974527e-02 -9.999842703e+02 -9.999842703e+02 +2.0106e+00 -3.0413e-01 +1.3178e+00 +6.0603e-01 -2.3672e+00 -1.4125e+00 -1.3419e+00 -5.4146e-01 +2.2344e+00 +1.0987e+00
253912 +9.975921704e-03 +9.975921704e-03 -9.999900241e+02 -9.999900241e+02 +1.8156e+00 -1.8592e-01 +1.4172e+00 +4.0088e-01 -2.2114e+00 -1.6191e+00 -1.5213e+00 -4.0587e-01 +2.4648e+00 +1.1597e+00
254080 +6.126567886e-03 +6.126567886e-03 -9.999938734e+02 -9.999938734e+02 +1.9593e+00 -2.0690e-01 +1.4266e+00 +4.8363e-01 -2.2559e+00 -1.6478e+00 -1.4996e+00 -4.3229e-01 +2.3281e+00 +1.0772e+00
254734 +3.691709554e-03 +3.691709554e-03 -9.999963083e+02 -9.999963083e+02 +1.7190e+00 -1.4255e-01 +1.6072e+00 +4.6239e-01 -2.0002e+00 -1.6024e+00 -1.5516e+00 -2.2873e-01 +2.4983e+00 +1.0824e+00
254962 +2.131724452e-03 +2.131724452e-03 -9.999978683e+02 -9.999978683e+02 +1.6710e+00 +7.8650e-02 +1.7600e+00 +3.0469e-01 -1.9732e+00 -1.8216e+00 -1.6517e+00 -2.7626e-01 +2.5997e+00 +1.0082e+00
255009 +1.466211819e-03 +1.466211819e-03 -9.999985338e+02 -9.999985338e+02 +1.7380e+00 +2.0566e-01 +1.8587e+00 +2.7674e-01 -2.0610e+00 -1.8804e+00 -1.6577e+00 -4.3622e-01 +2.6356e+00 +8.9574e-01
255056 +9.828714536e-04 +9.828714536e-04 -9.999990171e+02 -9.999990171e+02 +1.6858e+00 +2.0237e-01 +1.8573e+00 +2.6182e-01 -2.0384e+00 -1.8609e+00 -1.6206e+00 -4.4739e-01 +2.6404e+00 +8.9627e-01
255233 +3.441750306e-04 +3.441750306e-04 -9.999996558e+02 -9.999996558e+02 +1.5833e+00 +3.3476e-01 +2.0577e+00 +1.6660e-01 -1.9229e+00 -1.9370e+00 -1.7091e+00 -4.0471e-01 +2.7829e+00 +8.2922e-01
255344 +2.103883559e-04 +2.103883559e-04 -9.999997896e+02 -9.999997896e+02 +1.4415e+00 +5.0425e-01 +2.2877e+00 +8.2372e-02 -1.8244e+00 -1.9618e+00 -1.6994e+00 -4.1595e-01 +2.9250e+00 +7.9487e-01
255457 +9.107804237e-05 +9.107804237e-05 -9.999999089e+02 -9.999999089e+02 +1.3733e+00 +6.8271e-01 +2.4097e+00 -5.6512e-02 -1.7632e+00 -2.0746e+00 -1.7165e+00 -4.2476e-01 +3.0059e+00 +7.2113e-01
255614 +5.648867773e-05 +5.648867773e-05 -9.999999435e+02 -9.999999435e+02 +1.3639e+00 +5.9619e-01 +2.4227e+00 +1.6634e-02 -1.7420e+00 -1.9844e+00 -1.6393e+00 -3.8216e-01 +2.9777e+00 +7.2357e-01
255653 +3.973454920e-05 +3.973454920e-05 -9.999999603e+02 -9.999999603e+02 +1.4596e+00 +4.8289e-01 +2.3567e+00 +6.5397e-02 -1.7269e+00 -1.9593e+00 -1.6948e+00 -3.1135e-01 +2.8975e+00 +7.9260e-01
255911 +1.923658101e-05 +1.923658101e-05 -9.999999808e+02 -9.999999808e+02 +1.3739e+00 +5.6702e-01 +2.4671e+00 +3.1905e-02 -1.6947e+00 -1.9743e+00 -1.6578e+00 -3.1522e-01 +2.9758e+00 +7.5234e-01
255966 +1.405681803e-05 +1.405681803e-05 -9.999999859e+02 -9.999999859e+02 +1.3442e+00 +5.8678e-01 +2.4452e+00 +1.3323e-02 -1.6946e+00 -1.9906e+00 -1.6635e+00 -3.1296e-01 +2.9954e+00 +7.6124e-01
256451 +7.769985018e-06 +7.769985018e-06 -9.999999922e+02 -9.999999922e+02 +1.3261e+00 +6.1581e-01 +2.5053e+00 -1.8951e-02 -1.6689e+00 -2.0343e+00 -1.6598e+00 -2.8366e-01 +3.0230e+00 +7.6529e-01
256612 +5.254594384e-06 +5.254594384e-06 -9.999999947e+02 -9.999999947e+02 +1.3269e+00 +6.4581e-01 +2.5331e+00 -4.0715e-02 -1.6717e+00 -2.0453e+00 -1.6664e+00 -3.1580e-01 +3.0359e+00 +7.3733e-01
256702 +3.253492878e-06 +3.253492878e-06 -9.999999967e+02 -9.999999967e+02 +1.3360e+00 +6.0466e-01 +2.4977e+00 -3.6319e-02 -1.6706e+00 -2.0135e+00 -1.6528e+00 -2.8401e-01 +3.0079e+00 +7.6948e-01
256851 +2.214383358e-06 +2.214383358e-06 -9.999999978e+02 -9.999999978e+02 +1.3523e+00 +6.4392e-01 +2.5483e+00 -5.9077e-02 -1.6914e+00 -2.0342e+00 -1.6162e+00 -3.1011e-01 +3.0023e+00 +7.4015e-01
256906 +6.700904578e-07 +6.700904578e-07 -9.999999993e+02 -9.999999993e+02 +1.3274e+00 +6.7670e-01 +2.5808e+00 -8.0164e-02 -1.6790e+00 -2.0570e+00 -1.6130e+00 -3.1219e-01 +3.0201e+00 +7.2588e-01
257074 +5.175173783e-07 +5.175173783e-07 -9.999999995e+02 -9.999999995e+02 +1.3122e+00 +7.5044e-01 +2.6726e+00 -1.3827e-01 -1.6604e+00 -2.0990e+00 -1.5772e+00 -3.2726e-01 +3.0388e+00 +6.9401e-01
257221 +1.776878662e-07 +1.776878662e-07 -9.999999998e+02 -9.999999998e+02 +1.3343e+00 +7.3149e-01 +2.6327e+00 -1.3705e-01 -1.6828e+00 -2.0881e+00 -1.5747e+00 -3.3164e-01 +3.0127e+00 +7.0486e-01
257321 +7.148219083e-08 +7.148219083e-08 -9.999999999e+02 -9.999999999e+02 +1.3441e+00 +7.0016e-01 +2.6258e+00 -1.2095e-01 -1.6788e+00 -2.0676e+00 -1.5667e+00 -3.2515e-01 +3.0009e+00 +7.1977e-01
257412 +5.052004326e-08 +5.052004326e-08 -9.999999999e+02 -9.999999999e+02 +1.3211e+00 +7.4980e-01 +2.6300e+00 -1.5698e-01 -1.6931e+00 -2.0912e+00 -1.5585e+00 -3.4524e-01 +3.0133e+00 +7.0723e-01
257453 +3.890727385e-08 +3.890727385e-08 -1.000000000e+03 -1.000000000e+03 +1.3319e+00 +7.4152e-01 +2.6548e+00 -1.5672e-01 -1.6809e+00 -2.0886e+00 -1.5450e+00 -3.2894e-01 +3.0030e+00 +7.1025e-01
257672 +2.125580068e-08 +2.125580068e-08 -1.000000000e+03 -1.000000000e+03 +1.3223e+00 +7.4607e-01 +2.6447e+00 -1.5831e-01 -1.6806e+00 -2.0837e+00 -1.5524e+00 -3.3736e-01 +3.0103e+00 +7.0371e-01
257673 +1.216051260e-08 +1.216051260e-08 -1.000000000e+03 -1.000000000e+03 +1.3318e+00 +7.3552e-01 +2.6226e+00 -1.5736e-01 -1.6908e+00 -2.0843e+00 -1.5529e+00 -3.3706e-01 +2.9975e+00 +7.1314e-01
257812 +9.923837752e-09 +9.923837752e-09 -1.000000000e+03 -1.000000000e+03 +1.3477e+00 +7.0164e-01 +2.6060e+00 -1.2718e-01 -1.6884e+00 -2.0668e+00 -1.5622e+00 -3.2713e-01 +2.9848e+00 +7.2343e-01
% function evaluation | noise-free fitness - Fopt (1.000000000000e+03) | best noise-free fitness - Fopt | measured fitness | best measured fitness | x1 | x2...
1 +8.547941789e+01 +8.547941789e+01 +1.085479418e+03 +1.085479418e+03 +2.1662e+00 +4.7258e-01 -1.4632e+00 +2.4411e+00 -1.3993e+00 -2.6446e+00 +4.4371e+00 +2.3266e+00 +9.6171e-01 +3.6311e+00
155 +6.046580502e+01 +6.046580502e+01 +1.060465805e+03 +1.060465805e+03 -1.5902e+00 +2.0040e+00 +2.1729e+00 -1.7142e+00 -2.9532e+00 +2.1362e+00 -2.6260e+00 +1.4904e+00 +2.0124e-01 +2.5071e+00
468 +3.929326426e+01 +3.929326426e+01 +1.039293264e+03 +1.039293264e+03 -2.4705e+00 +1.9187e+00 +2.4747e+00 -1.3839e+00 -4.0091e+00 -1.6838e+00 -3.1752e+00 -4.3037e-01 -1.2277e+00 +3.6299e+00
903 +2.402215708e+01 +2.402215708e+01 +1.024022157e+03 +1.024022157e+03 -1.2798e+00 +1.8246e+00 +3.6467e+00 -2.0015e+00 -3.5934e+00 +6.9782e-01 -2.6055e+00 -9.9688e-01 +5.6057e-01 +3.5363e+00
1911 +1.523480627e+01 +1.523480627e+01 +1.015234806e+03 +1.015234806e+03 -2.0087e+00 +1.7690e+00 +3.1080e+00 -1.5041e+00 -4.7234e+00 +6.0589e-01 -2.2339e+00 -4.7007e-01 +5.5529e-01 +2.8116e+00
16003 +7.911052245e+00 +7.911052245e+00 +1.007911052e+03 +1.007911052e+03 -3.3286e+00 +2.3518e+00 -4.9796e+00 -1.4991e+00 -1.0236e-01 +6.2886e-01 +1.4691e+00 -2.3407e-01 -2.0699e+00 -3.4870e+00
16551 +6.001555742e+00 +6.001555742e+00 +1.006001556e+03 +1.006001556e+03 -3.2709e+00 +2.5418e+00 -4.9796e+00 -2.1618e+00 -6.9983e-03 +7.0282e-01 +1.3225e+00 +5.2481e-02 -2.6799e+00 -3.4870e+00
16860 +3.638738442e+00 +3.638738442e+00 +1.003638738e+03 +1.003638738e+03 -1.8361e+00 +3.0918e+00 -5.4378e+00 -2.5359e+00 -4.6384e-01 +1.2332e+00 +1.5793e+00 +2.1937e-01 -2.9844e+00 -2.5017e+00
17104 +2.113240733e+00 +2.113240733e+00 +1.002113241e+03 +1.002113241e+03 -2.4988e+00 +3.4177e+00 -4.8798e+00 -2.1618e+00 +2.3901e-01 +7.0282e-01 +1.3225e+00 +4.4014e-01 -2.3539e+00 -2.8148e+00
% function evaluation | noise-free fitness - Fopt (-4.913000000000e+01) | best noise-free fitness - Fopt | measured fitness | best measured fitness | x1 | x2...
1 +8.126065531e+01 +8.126065531e+01 +3.213065531e+01 +3.213065531e+01 -2.1057e+00 +2.6125e+00 +2.8381e+00 -4.1047e+00 -1.8343e+00 -4.7893e-01 +7.2342e-01 +1.6971e+00 +1.1033e+00 +4.7848e-01
18 +5.529412441e+01 +5.529412441e+01 +6.164124415e+00 +6.164124415e+00 +2.3107e+00 +2.2979e+00 -8.5903e-01 +1.4220e+00 -8.8740e-01 -2.8335e+00 -3.8725e+00 -5.8911e-01 +3.3976e+00 +4.2985e+00
306 +2.075224702e+01 +2.075224702e+01 -2.837775298e+01 -2.837775298e+01 +2.4670e+00 -1.8987e-01 -2.1536e+00 +7.4089e-01 -3.2109e+00 -2.3809e+00 -5.2237e+00 -3.0795e-02 +1.4884e+00 +4.2266e+00
601 +1.478319220e+01 +1.478319220e+01 -3.434680780e+01 -3.434680780e+01 +2.4670e+00 -2.8650e-01 -2.4247e+00 +6.6294e-01 -2.9980e+00 -3.0681e+00 -5.0915e+00 -4.2916e-01 +1.5380e+00 +4.2266e+00
801 +9.111146051e+00 +9.111146051e+00 -4.001885395e+01 -4.001885395e+01 +3.1116e+00 -2.8650e-01 -2.5194e+00 +9.9326e-01 -2.5327e+00 -3.3262e+00 -5.0915e+00 -4.2916e-01 +1.4377e+00 +4.2266e+00
1118 +5.655078233e+00 +5.655078233e+00 -4.347492177e+01 -4.347492177e+01 +4.5931e+00 +4.2790e-01 -1.3674e+00 -9.5122e-01 -1.7314e+00 -4.4225e+00 -4.2753e+00 +1.3995e-01 +2.0853e+00 +2.6842e+00
1203 +2.338924435e+00 +2.338924435e+00 -4.679107556e+01 -4.679107556e+01 +4.4800e+00 +6.6897e-01 -2.3194e+00 +7.4505e-01 -2.3715e+00 -5.1309e+00 -4.3497e+00 -4.2852e-02 +1.8746e+00 +3.3639e+00
1807 +1.258716683e+00 +1.258716683e+00 -4.787128332e+01 -4.787128332e+01 +4.6080e+00 +1.9306e-01 -1.7802e+00 +5.8190e-01 -2.6581e+00 -4.0897e+00 -4.7360e+00 -8.9044e-02 +1.4464e+00 +3.0320e+00
2106 +9.120693536e-01 +9.120693536e-01 -4.821793065e+01 -4.821793065e+01 +4.4757e+00 +2.2906e-01 -1.7825e+00 +2.4947e-01 -2.5897e+00 -4.1792e+00 -4.6385e+00 -4.0933e-01 +1.5570e+00 +2.9877e+00
78251 +5.715410363e-01 +5.715410363e-01 -4.855845896e+01 -4.855845896e+01 +4.2889e+00 +1.5346e+00 +2.5514e+00 -1.4552e-01 -6.5193e-01 +1.2598e+00 +7.5508e-01 +2.4374e+00 +2.5970e+00 -8.9758e-01
80752 +3.794821253e-01 +3.794821253e-01 -4.875051787e+01 -4.875051787e+01 +4.2889e+00 +1.5346e+00 +2.5514e+00 -1.4552e-01 -6.5193e-01 +1.2598e+00 +7.5508e-01 +2.4374e+00 +2.5970e+00 -1.3254e+00
99452 +2.171314892e-01 +2.171314892e-01 -4.891286851e+01 -4.891286851e+01 +4.0560e+00 +1.4272e+00 +2.8663e+00 +1.6752e-01 +4.3903e-02 +1.3148e+00 +1.4096e+00 +2.3606e+00 +2.6657e+00 -1.1791e+00
106553 +1.515766617e-01 +1.515766617e-01 -4.897842334e+01 -4.897842334e+01 +4.3458e+00 +1.6001e+00 +2.5983e+00 -1.2802e-01 -3.7498e-01 +1.4987e+00 +8.2904e-01 +2.2938e+00 +2.5946e+00 -1.2734e+00
109902 +7.884263415e-02 +7.884263415e-02 -4.905115737e+01 -4.905115737e+01 +4.4831e+00 +1.3367e+00 +2.5685e+00 -8.9497e-01 +1.2047e-01 +1.5710e+00 +1.9281e+00 +1.9640e+00 +3.3547e+00 -2.2613e+00
115301 +6.234705538e-02 +6.234705538e-02 -4.906765294e+01 -4.906765294e+01 +4.4831e+00 +1.3466e+00 +2.5685e+00 -8.9497e-01 +1.2047e-01 +1.5948e+00 +1.8384e+00 +2.0722e+00 +3.3547e+00 -2.2008e+00
147151 +3.844497952e-02 +3.844497952e-02 -4.909155502e+01 -4.909155502e+01 +4.6056e+00 +1.5391e+00 +2.6476e+00 -8.7315e-01 +1.3019e-01 +1.6128e+00 +1.8384e+00 +2.0794e+00 +3.2927e+00 -2.2008e+00
186151 +2.451436171e-02 +2.451436171e-02 -4.910548564e+01 -4.910548564e+01 +4.5970e+00 +1.5925e+00 +2.7116e+00 -8.5473e-01 +1.3019e-01 +1.6270e+00 +1.6920e+00 +2.1593e+00 +3.2931e+00 -2.2013e+00
221901 +1.559035927e-02 +1.559035927e-02 -4.911440964e+01 -4.911440964e+01 +3.7466e+00 +1.8998e+00 +2.7858e+00 -4.9523e-02 +9.0454e-01 +2.2126e+00 +1.0523e+00 +2.3265e+00 +2.9186e+00 -2.0373e+00
260951 +9.701887459e-03 +9.701887459e-03 -4.912029811e+01 -4.912029811e+01 +3.7751e+00 +1.9283e+00 +2.8704e+00 -1.1299e-01 +8.4630e-01 +2.1450e+00 +1.0491e+00 +2.3645e+00 +2.9553e+00 -1.9863e+00
268751 +5.962509729e-03 +5.962509729e-03 -4.912403749e+01 -4.912403749e+01 +3.7856e+00 +1.9933e+00 +2.8783e+00 -1.1299e-01 +8.4579e-01 +2.1562e+00 +1.0375e+00 +2.4375e+00 +2.9774e+00 -1.9863e+00
278801 +3.932938606e-03 +3.932938606e-03 -4.912606706e+01 -4.912606706e+01 +3.7856e+00 +2.0506e+00 +2.8928e+00 -1.0678e-01 +8.1368e-01 +2.1452e+00 +1.0375e+00 +2.4476e+00 +2.9774e+00 -1.9863e+00
324801 +2.406826361e-03 +2.406826361e-03 -4.912759317e+01 -4.912759317e+01 +3.8569e+00 +2.1437e+00 +2.9179e+00 -1.0678e-01 +6.7740e-01 +2.1056e+00 +9.4389e-01 +2.5225e+00 +2.9597e+00 -1.9615e+00
339901 +1.503270095e-03 +1.503270095e-03 -4.912849673e+01 -4.912849673e+01 +3.8658e+00 +2.1493e+00 +2.9459e+00 -1.0678e-01 +6.5505e-01 +2.0781e+00 +9.1411e-01 +2.5552e+00 +2.9779e+00 -1.9293e+00
352401 +9.952869770e-04 +9.952869770e-04 -4.912900471e+01 -4.912900471e+01 +3.8735e+00 +2.2017e+00 +2.9732e+00 -1.0371e-01 +6.6456e-01 +2.0781e+00 +9.1870e-01 +2.5902e+00 +2.9924e+00 -1.9293e+00
434451 +6.101327630e-04 +6.101327630e-04 -4.912938987e+01 -4.912938987e+01 +3.9583e+00 +2.3050e+00 +3.0159e+00 -1.1809e-01 +6.2168e-01 +2.0555e+00 +9.5612e-01 +2.6912e+00 +3.0279e+00 -1.9335e+00
473451 +3.777003539e-04 +3.777003539e-04 -4.912962230e+01 -4.912962230e+01 +3.9195e+00 +2.3245e+00 +3.0380e+00 -1.1775e-01 +6.2168e-01 +2.0553e+00 +9.5168e-01 +2.7227e+00 +3.0515e+00 -1.9335e+00
% function evaluation | noise-free fitness - Fopt (2.977300000000e+02) | best noise-free fitness - Fopt | measured fitness | best measured fitness | x1 | x2...
1 +8.636372558e+01 +8.636372558e+01 +3.840937256e+02 +3.840937256e+02 +4.5177e+00 -2.6577e+00 -2.5911e+00 +2.4767e+00 +3.6447e-01 +3.6332e+00 -3.9553e+00 -2.6346e+00 +1.0480e+00 -3.3931e+00
40 +5.989719726e+01 +5.989719726e+01 +3.576271973e+02 +3.576271973e+02 +4.4003e+00 -2.1972e+00 -2.1835e+00 +3.3833e+00 -8.3746e-01 -4.7635e+00 +7.8854e-01 +3.6759e+00 +2.5526e+00 +1.7059e-01
610 +3.717423493e+01 +3.717423493e+01 +3.349042349e+02 +3.349042349e+02 +2.3693e+00 +7.7792e-01 -2.2435e+00 +3.4321e+00 -3.4401e+00 -5.0101e+00 +5.4591e-01 +4.4184e+00 +8.2799e-01 +4.8105e-01
832 +2.380963971e+01 +2.380963971e+01 +3.215396397e+02 +3.215396397e+02 +2.5483e+00 -2.8861e-02 -1.3043e+00 +5.0754e+00 +2.8427e-01 -3.8935e+00 +1.2334e+00 +1.9452e+00 -4.7234e-01 +1.8452e+00
1251 +1.268296223e+01 +1.268296223e+01 +3.104129622e+02 +3.104129622e+02 +1.3636e+00 -7.4875e-01 -1.6420e+00 +3.7502e+00 -1.2483e+00 -4.1146e+00 +1.7811e+00 +2.1703e+00 -8.1125e-01 +2.3917e+00
1510 +9.901301110e+00 +9.901301110e+00 +3.076313011e+02 +3.076313011e+02 +2.2525e+00 -7.4872e-01 -9.3495e-01 +3.8557e+00 -1.4190e+00 -3.6303e+00 +6.1121e-01 +2.7098e+00 -6.5550e-01 +1.4389e+00
2352 +6.101911984e+00 +6.101911984e+00 +3.038319120e+02 +3.038319120e+02 +2.1151e+00 +5.9215e-02 -1.6624e+00 +3.4662e+00 -9.0084e-01 -4.7931e+00 +9.9602e-01 +3.9894e+00 -6.2240e-01 +1.9882e+00
17852 +3.316685415e+00 +3.316685415e+00 +3.010466854e+02 +3.010466854e+02 +5.4543e+00 -1.3950e+00 +2.9014e+00 -1.0143e+00 -4.5696e+00 -5.9293e-01 -3.2219e+00 +1.2332e+00 +3.2826e+00 +2.3829e+00
18151 +2.064277138e+00 +2.064277138e+00 +2.997942771e+02 +2.997942771e+02 +4.5594e+00 -1.3950e+00 +4.1501e+00 -1.2836e+00 -4.5696e+00 -5.9293e-01 -3.2219e+00 +1.2332e+00 +3.7611e+00 +2.3829e+00
19951 +1.477890587e+00 +1.477890587e+00 +2.992078906e+02 +2.992078906e+02 +4.4900e+00 -1.1686e+00 +3.8938e+00 -1.7769e+00 -4.6090e+00 -5.3986e-01 -3.8617e+00 +1.0040e+00 +3.4200e+00 +2.0965e+00
20301 +9.466707769e-01 +9.466707769e-01 +2.986766708e+02 +2.986766708e+02 +4.4937e+00 -1.2531e+00 +3.4081e+00 -1.8440e+00 -4.4199e+00 -9.4148e-01 -3.6865e+00 +9.0304e-01 +3.3362e+00 +2.2828e+00
239255 +5.515890940e-01 +5.515890940e-01 +2.982815891e+02 +2.982815891e+02 -4.2549e+00 +9.8913e-01 +2.9967e+00 +1.6832e+00 +3.6448e-01 -2.1511e+00 -4.9422e-01 -1.9969e+00 +2.3794e+00 +2.5247e+00
239553 +3.333247729e-01 +3.333247729e-01 +2.980633248e+02 +2.980633248e+02 -4.0005e+00 +9.8787e-01 +3.1119e+00 +1.6862e+00 +3.6448e-01 -2.2430e+00 -4.8531e-01 -1.9821e+00 +2.4480e+00 +2.5255e+00
239564 +2.338880805e-01 +2.338880805e-01 +2.979638881e+02 +2.979638881e+02 -4.1900e+00 +1.0001e+00 +3.1471e+00 +1.6835e+00 +3.6448e-01 -2.3188e+00 -4.4272e-01 -1.9026e+00 +2.4356e+00 +2.5274e+00
239660 +1.528050238e-01 +1.528050238e-01 +2.978828050e+02 +2.978828050e+02 -4.1481e+00 +9.8852e-01 +3.1628e+00 +1.6853e+00 +3.6449e-01 -2.3483e+00 -4.5293e-01 -2.0259e+00 +2.4680e+00 +2.5375e+00
239803 +8.318384296e-02 +8.318384296e-02 +2.978131838e+02 +2.978131838e+02 -4.2263e+00 +9.4385e-01 +3.3872e+00 +1.6833e+00 +3.6448e-01 -2.5271e+00 -3.2913e-01 -1.8811e+00 +2.5296e+00 +2.5677e+00
239958 +5.792902055e-02 +5.792902055e-02 +2.977879290e+02 +2.977879290e+02 -4.2760e+00 +9.8295e-01 +3.4519e+00 +1.6863e+00 +3.6448e-01 -2.6534e+00 -2.2472e-01 -1.8819e+00 +2.5647e+00 +2.5977e+00
240015 +2.496693546e-02 +2.496693546e-02 +2.977549669e+02 +2.977549669e+02 -4.6996e+00 +8.9983e-01 +3.3512e+00 +2.0361e+00 +3.6447e-01 -2.8270e+00 -5.1722e-02 -2.0082e+00 +2.5568e+00 +2.6300e+00
240222 +1.244425412e-02 +1.244425412e-02 +2.977424443e+02 +2.977424443e+02 -4.5117e+00 +8.7083e-01 +3.2743e+00 +2.3390e+00 +3.6446e-01 -3.0734e+00 -1.7957e-01 -2.0475e+00 +2.5249e+00 +2.5383e+00
240352 +9.898094598e-03 +9.898094598e-03 +2.977398981e+02 +2.977398981e+02 -4.4716e+00 +8.6834e-01 +3.3283e+00 +2.3193e+00 +3.6446e-01 -3.0168e+00 -1.8462e-01 -2.0157e+00 +2.5268e+00 +2.5668e+00
240617 +3.816115941e-03 +3.816115941e-03 +2.977338161e+02 +2.977338161e+02 -4.5588e+00 +8.7895e-01 +3.4760e+00 +2.4371e+00 +3.6447e-01 -2.8439e+00 -2.1960e-01 -1.8050e+00 +2.4067e+00 +2.5724e+00
241252 +2.032854556e-03 +2.032854556e-03 +2.977320329e+02 +2.977320329e+02 -4.4842e+00 +8.5945e-01 +3.5583e+00 +2.3766e+00 +3.6446e-01 -2.6530e+00 -3.7268e-01 -1.8836e+00 +2.4031e+00 +2.6784e+00
242159 +1.283807120e-03 +1.283807120e-03 +2.977312838e+02 +2.977312838e+02 -4.5752e+00 +7.7661e-01 +3.6392e+00 +2.4446e+00 +3.6448e-01 -2.7116e+00 -2.0832e-01 -1.7927e+00 +2.4313e+00 +2.6513e+00
242438 +9.715158350e-04 +9.715158350e-04 +2.977309715e+02 +2.977309715e+02 -4.5260e+00 +6.6841e-01 +3.7053e+00 +2.5169e+00 +3.6448e-01 -2.6611e+00 -2.0346e-01 -1.7260e+00 +2.4660e+00 +2.6612e+00
248418 +6.223524717e-04 +6.223524717e-04 +2.977306224e+02 +2.977306224e+02 -4.5005e+00 +4.5367e-01 +3.9043e+00 +2.6018e+00 +4.4129e-01 -2.5883e+00 -6.9507e-02 -1.5604e+00 +2.5440e+00 +2.7363e+00
248823 +3.620823695e-04 +3.620823695e-04 +2.977303621e+02 +2.977303621e+02 -4.4360e+00 +4.5245e-01 +3.9070e+00 +2.6020e+00 +5.2826e-01 -2.5998e+00 -7.8720e-02 -1.5578e+00 +2.5808e+00 +2.7784e+00
249009 +2.446032568e-04 +2.446032568e-04 +2.977302446e+02 +2.977302446e+02 -4.3654e+00 +5.0124e-01 +3.8815e+00 +2.5919e+00 +6.4398e-01 -2.6151e+00 -9.5799e-02 -1.5781e+00 +2.6237e+00 +2.8714e+00
249211 +1.382925306e-04 +1.382925306e-04 +2.977301383e+02 +2.977301383e+02 -4.2683e+00 +5.2969e-01 +3.8582e+00 +2.5514e+00 +6.9873e-01 -2.6317e+00 -1.2542e-01 -1.5944e+00 +2.6434e+00 +2.8891e+00
249318 +9.523845347e-05 +9.523845347e-05 +2.977300952e+02 +2.977300952e+02 -4.1547e+00 +5.9046e-01 +3.8179e+00 +2.4909e+00 +8.4271e-01 -2.6513e+00 -1.7479e-01 -1.6339e+00 +2.6924e+00 +2.9614e+00
249417 +3.901414232e-05 +3.901414232e-05 +2.977300390e+02 +2.977300390e+02 -4.1281e+00 +5.7494e-01 +3.8424e+00 +2.5011e+00 +8.5586e-01 -2.6964e+00 -1.3839e-01 -1.6275e+00 +2.7145e+00 +2.9672e+00
249577 +2.440779070e-05 +2.440779070e-05 +2.977300244e+02 +2.977300244e+02 -4.0245e+00 +5.6906e-01 +3.8791e+00 +2.5105e+00 +9.5724e-01 -2.7251e+00 -1.3065e-01 -1.6030e+00 +2.7629e+00 +2.9986e+00
249656 +1.358749586e-05 +1.358749586e-05 +2.977300136e+02 +2.977300136e+02 -3.9195e+00 +6.3352e-01 +3.8162e+00 +2.4676e+00 +9.9631e-01 -2.7792e+00 -1.8415e-01 -1.6187e+00 +2.7754e+00 +3.0080e+00
249702 +7.127112326e-06 +7.127112326e-06 +2.977300071e+02 +2.977300071e+02 -3.9242e+00 +5.7710e-01 +3.8586e+00 +2.4891e+00 +9.9291e-01 -2.7398e+00 -1.4430e-01 -1.5801e+00 +2.7890e+00 +3.0032e+00
249813 +6.291489115e-06 +6.291489115e-06 +2.977300063e+02 +2.977300063e+02 -3.9127e+00 +6.1248e-01 +3.8500e+00 +2.4319e+00 +1.0231e+00 -2.7318e+00 -1.3775e-01 -1.5991e+00 +2.8045e+00 +3.0109e+00
250072 +2.063958505e-06 +2.063958505e-06 +2.977300021e+02 +2.977300021e+02 -3.8604e+00 +6.1210e-01 +3.8743e+00 +2.4011e+00 +1.0855e+00 -2.7293e+00 -1.4929e-01 -1.5998e+00 +2.8304e+00 +3.0609e+00
250297 +1.554462131e-06 +1.554462131e-06 +2.977300016e+02 +2.977300016e+02 -3.8441e+00 +6.3459e-01 +3.8346e+00 +2.3950e+00 +1.0907e+00 -2.7287e+00 -1.6495e-01 -1.6198e+00 +2.8315e+00 +3.0598e+00
250445 +7.133979238e-07 +7.133979238e-07 +2.977300007e+02 +2.977300007e+02 -3.8644e+00 +6.5490e-01 +3.8371e+00 +2.3667e+00 +1.0750e+00 -2.6825e+00 -1.8850e-01 -1.6305e+00 +2.8127e+00 +3.0663e+00
250490 +5.129105602e-07 +5.129105602e-07 +2.977300005e+02 +2.977300005e+02 -3.8585e+00 +6.5627e-01 +3.8370e+00 +2.3711e+00 +1.0711e+00 -2.6944e+00 -1.9853e-01 -1.6310e+00 +2.8088e+00 +3.0594e+00
250612 +3.181004899e-07 +3.181004899e-07 +2.977300003e+02 +2.977300003e+02 -3.8255e+00 +6.7048e-01 +3.8388e+00 +2.3523e+00 +1.1093e+00 -2.6961e+00 -2.0482e-01 -1.6424e+00 +2.8251e+00 +3.0864e+00
250669 +1.559409952e-07 +1.559409952e-07 +2.977300002e+02 +2.977300002e+02 -3.8106e+00 +6.8056e-01 +3.8346e+00 +2.3460e+00 +1.0947e+00 -2.6853e+00 -2.2666e-01 -1.6482e+00 +2.8149e+00 +3.0740e+00
250803 +9.062438266e-08 +9.062438266e-08 +2.977300001e+02 +2.977300001e+02 -3.7911e+00 +6.9204e-01 +3.8232e+00 +2.3426e+00 +1.1167e+00 -2.6927e+00 -2.3955e-01 -1.6584e+00 +2.8201e+00 +3.0889e+00
250820 +6.059468660e-08 +6.059468660e-08 +2.977300001e+02 +2.977300001e+02 -3.7985e+00 +6.7868e-01 +3.8252e+00 +2.3476e+00 +1.1155e+00 -2.6839e+00 -2.2672e-01 -1.6534e+00 +2.8266e+00 +3.0918e+00
250822 +3.759174660e-08 +3.759174660e-08 +2.977300000e+02 +2.977300000e+02 -3.8004e+00 +6.6904e-01 +3.8362e+00 +2.3581e+00 +1.1044e+00 -2.6914e+00 -2.2645e-01 -1.6452e+00 +2.8227e+00 +3.0824e+00
250961 +1.497039648e-08 +1.497039648e-08 +2.977300000e+02 +2.977300000e+02 -3.7983e+00 +6.8090e-01 +3.8256e+00 +2.3490e+00 +1.1118e+00 -2.6780e+00 -2.4320e-01 -1.6577e+00 +2.8212e+00 +3.0992e+00
251255 +3.717389063e-09 +3.717389063e-09 +2.977300000e+02 +2.977300000e+02 -3.7956e+00 +6.6785e-01 +3.8364e+00 +2.3521e+00 +1.1083e+00 -2.6759e+00 -2.3185e-01 -1.6432e+00 +2.8248e+00 +3.0954e+00
% function evaluation | noise-free fitness - Fopt (5.157000000000e+01) | best noise-free fitness - Fopt | measured fitness | best measured fitness | x1 | x2...
1 +8.591357774e+01 +8.591357774e+01 +1.374835777e+02 +1.374835777e+02 -3.7448e+00 +3.2418e+00 +4.9607e+00 +2.7148e+00 -3.8009e+00 +2.0136e+00 +3.8937e+00 -2.7100e+00 +1.0581e+00 -2.0402e+00
46 +4.359782717e+01 +4.359782717e+01 +9.516782717e+01 +9.516782717e+01 +8.7308e-01 -2.1068e-01 +2.2897e+00 +8.2552e-01 -1.1366e+00 +1.8811e+00 -1.9830e-01 +3.7459e+00 -1.6977e+00 -2.2159e+00
101 +2.488280104e+01 +2.488280104e+01 +7.645280104e+01 +7.645280104e+01 +8.7308e-01 -2.1068e-01 +2.2897e+00 +8.2552e-01 -1.1366e+00 +3.0010e+00 -1.9830e-01 +3.7459e+00 -1.6977e+00 -2.2159e+00
1002 +1.179115658e+01 +1.179115658e+01 +6.336115658e+01 +6.336115658e+01 +2.8892e+00 -1.5839e-01 -5.7902e-02 +8.2552e-01 -1.5197e+00 +2.4025e+00 -7.5272e-02 +3.7459e+00 -2.7194e+00 -9.4925e-01
1454 +6.158650035e+00 +6.158650035e+00 +5.772865004e+01 +5.772865004e+01 +3.7674e+00 +2.8846e-01 -1.2377e-01 +1.1880e+00 -1.4126e+00 +1.9008e+00 -5.5736e-01 +4.3190e+00 -2.2354e+00 -4.4269e-01
1603 +2.074250643e+00 +2.074250643e+00 +5.364425064e+01 +5.364425064e+01 +2.8892e+00 -2.7540e-02 -5.7902e-02 +1.1748e+00 -1.2687e+00 +2.4025e+00 -7.5272e-02 +3.7459e+00 -2.7194e+00 -9.4925e-01
3301 +1.497183917e+00 +1.497183917e+00 +5.306718392e+01 +5.306718392e+01 +2.9437e+00 +7.5216e-01 -2.2081e+00 -1.1204e+00 +1.3510e+00 +3.0396e+00 +2.5897e-01 +2.6575e+00 -1.5361e+00 -1.8365e+00
3851 +7.241708440e-01 +7.241708440e-01 +5.229417084e+01 +5.229417084e+01 +2.9237e+00 +5.0671e-01 -1.6877e+00 +6.5966e-01 -4.7611e-01 +1.9004e+00 +1.0266e+00 +4.0207e+00 -2.0616e+00 -2.1257e+00
4410 +5.021603996e-01 +5.021603996e-01 +5.207216040e+01 +5.207216040e+01 +2.9834e+00 +1.5115e+00 -1.8518e+00 -7.4278e-02 -3.7469e-01 +1.7645e+00 -6.2540e-01 +3.0815e+00 -2.7050e+00 -1.2951e+00
6554 +1.706014115e-01 +1.706014115e-01 +5.174060141e+01 +5.174060141e+01 +2.4337e+00 +7.2569e-01 -1.6417e+00 -3.5238e-01 +2.1864e-01 +3.5891e+00 -5.1740e-01 +2.8648e+00 -2.6650e+00 -1.3362e+00
7901 +1.208969169e-01 +1.208969169e-01 +5.169089692e+01 +5.169089692e+01 +2.4337e+00 +1.0703e+00 -1.6417e+00 -9.1272e-02 -9.7228e-02 +3.3512e+00 -5.1740e-01 +2.8648e+00 -2.6650e+00 -1.1915e+00
8753 +5.626388914e-02 +5.626388914e-02 +5.162626389e+01 +5.162626389e+01 +2.4351e+00 +7.5290e-01 -1.4651e+00 -2.0879e-01 +3.0671e-01 +2.7495e+00 +4.0151e-01 +2.9107e+00 -2.3666e+00 -1.5659e+00
9802 +3.820488250e-02 +3.820488250e-02 +5.160820488e+01 +5.160820488e+01 +2.4387e+00 +1.4779e+00 -1.8313e+00 -4.3021e-01 -1.3328e-01 +2.1796e+00 -1.4788e-01 +2.7137e+00 -2.4553e+00 -1.4330e+00
10058 +2.444434024e-02 +2.444434024e-02 +5.159444434e+01 +5.159444434e+01 +2.4328e+00 +1.2871e+00 -1.6373e+00 -2.7413e-01 -1.4882e-02 +2.7353e+00 -2.4969e-01 +2.8117e+00 -2.4433e+00 -1.3729e+00
11751 +1.536089543e-02 +1.536089543e-02 +5.158536090e+01 +5.158536090e+01 +2.4334e+00 +1.0796e+00 -1.9782e+00 -3.7037e-01 +2.8347e-01 +2.7235e+00 +9.7550e-02 +2.8324e+00 -2.3426e+00 -1.6921e+00
11804 +9.850957510e-03 +9.850957510e-03 +5.157985096e+01 +5.157985096e+01 +2.5086e+00 +1.2220e+00 -2.1807e+00 -8.1247e-01 +5.4575e-01 +2.7940e+00 +1.3754e-01 +2.7931e+00 -2.3208e+00 -1.5764e+00
12157 +5.604979654e-03 +5.604979654e-03 +5.157560498e+01 +5.157560498e+01 +2.5197e+00 +1.3278e+00 -2.0278e+00 -5.3902e-01 +1.7553e-01 +2.4653e+00 -4.6259e-02 +2.7893e+00 -2.3629e+00 -1.5516e+00
12806 +3.969470344e-03 +3.969470344e-03 +5.157396947e+01 +5.157396947e+01 +2.4053e+00 +1.2423e+00 -2.1998e+00 -8.6365e-01 +5.4599e-01 +2.7940e+00 +2.5511e-01 +2.7836e+00 -2.2768e+00 -1.7589e+00
13852 +2.382072835e-03 +2.382072835e-03 +5.157238207e+01 +5.157238207e+01 +2.4790e+00 +1.3266e+00 -2.4457e+00 -1.0428e+00 +7.4980e-01 +2.5870e+00 +2.8985e-01 +2.6147e+00 -2.2018e+00 -1.7869e+00
14111 +1.162433065e-03 +1.162433065e-03 +5.157116243e+01 +5.157116243e+01 +2.3806e+00 +1.3803e+00 -2.3848e+00 -1.0966e+00 +6.9497e-01 +2.5928e+00 +2.3659e-01 +2.6023e+00 -2.1617e+00 -1.8169e+00
14619 +8.850769620e-04 +8.850769620e-04 +5.157088508e+01 +5.157088508e+01 +2.3416e+00 +1.4339e+00 -2.5010e+00 -1.3051e+00 +9.1107e-01 +2.7319e+00 +2.1045e-01 +2.4415e+00 -2.1666e+00 -1.8194e+00
15003 +5.966421462e-04 +5.966421462e-04 +5.157059664e+01 +5.157059664e+01 +2.3380e+00 +1.3928e+00 -2.3147e+00 -1.2716e+00 +8.2772e-01 +2.8475e+00 +9.5272e-02 +2.4800e+00 -2.1621e+00 -1.7167e+00
15354 +3.359133073e-04 +3.359133073e-04 +5.157033591e+01 +5.157033591e+01 +2.2625e+00 +1.3942e+00 -2.3597e+00 -1.3362e+00 +9.0777e-01 +2.7821e+00 +2.4539e-01 +2.4336e+00 -2.0874e+00 -1.8092e+00
15666 +2.443077513e-04 +2.443077513e-04 +5.157024431e+01 +5.157024431e+01 +2.2779e+00 +1.3082e+00 -2.3231e+00 -1.3186e+00 +9.4903e-01 +2.9278e+00 +1.9735e-01 +2.4382e+00 -2.1156e+00 -1.8077e+00
15851 +1.141338136e-04 +1.141338136e-04 +5.157011413e+01 +5.157011413e+01 +2.2430e+00 +1.3928e+00 -2.3098e+00 -1.4478e+00 +1.0013e+00 +2.9430e+00 +2.0277e-01 +2.3774e+00 -2.0605e+00 -1.7835e+00
15901 +9.512078088e-05 +9.512078088e-05 +5.157009512e+01 +5.157009512e+01 +2.2279e+00 +1.3172e+00 -2.2999e+00 -1.4334e+00 +1.0337e+00 +3.0260e+00 +2.0833e-01 +2.3851e+00 -2.0628e+00 -1.8125e+00
16053 +5.912783585e-05 +5.912783585e-05 +5.157005913e+01 +5.157005913e+01 +2.2296e+00 +1.2603e+00 -2.2365e+00 -1.4033e+00 +1.0437e+00 +3.0045e+00 +2.5506e-01 +2.3796e+00 -2.0192e+00 -1.8106e+00
16107 +2.615886677e-05 +2.615886677e-05 +5.157002616e+01 +5.157002616e+01 +2.1772e+00 +1.2769e+00 -2.2502e+00 -1.5695e+00 +1.1800e+00 +3.1399e+00 +2.3338e-01 +2.2881e+00 -1.9690e+00 -1.8178e+00
16255 +2.338384162e-05 +2.338384162e-05 +5.157002338e+01 +5.157002338e+01 +2.1662e+00 +1.2579e+00 -2.2572e+00 -1.5430e+00 +1.1599e+00 +3.0737e+00 +2.8888e-01 +2.3109e+00 -1.9787e+00 -1.8485e+00
16455 +9.845580792e-06 +9.845580792e-06 +5.157000985e+01 +5.157000985e+01 +2.1295e+00 +1.2292e+00 -2.2268e+00 -1.6159e+00 +1.2246e+00 +3.1678e+00 +2.9247e-01 +2.2911e+00 -1.9604e+00 -1.8568e+00
16658 +1.435061471e-06 +1.435061471e-06 +5.157000144e+01 +5.157000144e+01 +2.0831e+00 +1.3094e+00 -2.1959e+00 -1.7595e+00 +1.2732e+00 +3.2424e+00 +2.9877e-01 +2.2866e+00 -1.9064e+00 -1.8503e+00
16809 +8.627113530e-07 +8.627113530e-07 +5.157000086e+01 +5.157000086e+01 +2.0835e+00 +1.3182e+00 -2.2135e+00 -1.7731e+00 +1.2731e+00 +3.2299e+00 +2.7547e-01 +2.2616e+00 -1.9152e+00 -1.8400e+00
17116 +2.076066963e-07 +2.076066963e-07 +5.157000021e+01 +5.157000021e+01 +2.0944e+00 +1.2902e+00 -2.2459e+00 -1.7555e+00 +1.2941e+00 +3.2270e+00 +2.9906e-01 +2.2726e+00 -1.9209e+00 -1.8672e+00
17352 +9.622387154e-08 +9.622387154e-08 +5.157000010e+01 +5.157000010e+01 +2.0903e+00 +1.2960e+00 -2.1891e+00 -1.7546e+00 +1.2679e+00 +3.2519e+00 +2.8914e-01 +2.3037e+00 -1.9173e+00 -1.8403e+00
17482 +5.989483753e-08 +5.989483753e-08 +5.157000006e+01 +5.157000006e+01 +2.0756e+00 +1.2980e+00 -2.2023e+00 -1.7864e+00 +1.2999e+00 +3.2560e+00 +3.0530e-01 +2.2859e+00 -1.9086e+00 -1.8576e+00
17541 +3.324629461e-08 +3.324629461e-08 +5.157000003e+01 +5.157000003e+01 +2.0861e+00 +1.2794e+00 -2.2067e+00 -1.7695e+00 +1.2993e+00 +3.2608e+00 +3.0154e-01 +2.2834e+00 -1.9114e+00 -1.8590e+00
17590 +1.195233068e-08 +1.195233068e-08 +5.157000001e+01 +5.157000001e+01 +2.0756e+00 +1.2741e+00 -2.2078e+00 -1.7973e+00 +1.3303e+00 +3.2767e+00 +3.1766e-01 +2.2679e+00 -1.8957e+00 -1.8685e+00
17630 +3.349384770e-09 +3.349384770e-09 +5.157000000e+01 +5.157000000e+01 +2.0851e+00 +1.2726e+00 -2.2191e+00 -1.7754e+00 +1.3197e+00 +3.2588e+00 +3.2110e-01 +2.2755e+00 -1.9055e+00 -1.8677e+00
% function evaluation | noise-free fitness - Fopt (4.886000000000e+01) | best noise-free fitness - Fopt | measured fitness | best measured fitness | x1 | x2...
1 +8.494081816e+01 +8.494081816e+01 +1.338008182e+02 +1.338008182e+02 +4.2975e+00 +3.8116e+00 -1.4189e+00 +1.1563e+00 +1.5035e+00 -3.9841e+00 +1.9786e+00 +1.3254e+00 -3.0101e+00 -4.0344e+00
101 +4.136359307e+01 +4.136359307e+01 +9.022359307e+01 +9.022359307e+01 +2.1290e-01 +3.0485e+00 -1.3441e+00 -2.8693e+00 +1.5904e+00 -4.0982e+00 -3.5411e+00 +4.4802e+00 -2.6282e+00 -2.3602e+00
201 +3.459430774e+01 +3.459430774e+01 +8.345430774e+01 +8.345430774e+01 +3.5135e-01 +3.9287e+00 -1.3441e+00 -3.9534e+00 -1.0881e-01 -4.0982e+00 -3.5411e+00 +4.4802e+00 -2.6282e+00 -2.6242e+00
606 +2.439977020e+01 +2.439977020e+01 +7.325977020e+01 +7.325977020e+01 -4.2371e+00 +1.5116e+00 +8.4729e-01 -4.1324e+00 +4.0758e+00 +6.8762e-01 -1.6109e+00 -4.5353e+00 -8.6563e-01 -1.1537e-01
1029 +1.449085473e+01 +1.449085473e+01 +6.335085473e+01 +6.335085473e+01 -5.1567e+00 -2.8667e-01 +2.9077e-01 -2.4494e+00 +1.9461e+00 +3.2268e-01 -1.1584e+00 -3.3811e+00 +4.4144e-01 +1.6487e+00
1251 +9.577271195e+00 +9.577271195e+00 +5.843727119e+01 +5.843727119e+01 -4.4761e+00 +1.4267e-01 +3.2313e-01 -3.3618e+00 +2.0478e+00 +1.5415e+00 -1.8445e+00 -3.1716e+00 +9.4160e-01 +2.5863e+00
1952 +3.986994750e+00 +3.986994750e+00 +5.284699475e+01 +5.284699475e+01 -3.9263e+00 +8.9494e-01 -4.0804e-01 -3.5406e+00 +2.6738e+00 +1.4019e+00 -1.4404e+00 -3.4231e+00 -3.9572e-01 +1.6828e+00
2101 +3.161901850e+00 +3.161901850e+00 +5.202190185e+01 +5.202190185e+01 -4.8615e+00 +8.9494e-01 -2.3676e-01 -3.5406e+00 +2.6738e+00 +1.4019e+00 -1.4404e+00 -2.8905e+00 +8.4415e-02 +1.5281e+00
% function evaluation | noise-free fitness - Fopt (-3.442000000000e+01) | best noise-free fitness - Fopt | measured fitness | best measured fitness | x1 | x2...
1 +8.530856324e+01 +8.530856324e+01 +5.088856324e+01 +5.088856324e+01 -4.9261e+00 +3.5983e+00 +3.5767e+00 +2.3197e+00 -3.5162e-01 -1.4128e-01 +2.4308e+00 +2.6280e+00 +1.7317e+00 +4.2384e+00
235 +5.866805859e+01 +5.866805859e+01 +2.424805859e+01 +2.424805859e+01 +6.4334e-01 +4.4350e+00 -1.7457e+00 -2.9686e+00 -4.0666e+00 +1.9996e+00 -1.1750e+00 -8.8225e-01 -6.2588e-01 +1.5624e+00
554 +2.559562152e+01 +2.559562152e+01 -8.824378484e+00 -8.824378484e+00 -7.3241e-01 +7.3539e-02 -1.6533e+00 -1.3925e+00 +4.7068e+00 +6.1512e-02 -2.3397e+00 +9.2448e-01 +1.7481e+00 +2.6042e-01
555 +2.345798332e+01 +2.345798332e+01 -1.096201668e+01 -1.096201668e+01 -3.3978e-01 +2.2529e+00 -1.5330e+00 -5.0433e+00 -4.1181e+00 +7.9082e-01 -4.9239e-01 -2.5465e+00 +1.2634e+00 +1.7293e+00
958 +1.406490325e+01 +1.406490325e+01 -2.035509675e+01 -2.035509675e+01 -1.7751e+00 -1.9655e-01 -1.5116e+00 -2.4994e-01 +5.0242e+00 +3.2155e-01 -6.0326e-01 +1.6577e+00 +1.8501e+00 -1.2758e-01
1351 +9.003796642e+00 +9.003796642e+00 -2.541620336e+01 -2.541620336e+01 -2.1857e+00 -4.9580e-01 -1.1538e+00 -2.0824e+00 +5.2508e+00 +1.2795e+00 -7.1617e-01 +1.6876e+00 +1.3263e-01 +1.9123e+00
1605 +6.171452647e+00 +6.171452647e+00 -2.824854735e+01 -2.824854735e+01 -2.6390e+00 -1.7576e+00 -1.7214e-01 -1.4257e+00 +5.0616e+00 +1.8561e+00 -1.7969e+00 +2.7135e+00 +1.9974e+00 +1.6813e+00
1801 +3.337925613e+00 +3.337925613e+00 -3.108207439e+01 -3.108207439e+01 -2.6867e+00 -2.3830e-01 -4.8273e-01 -2.6974e-01 +4.3554e+00 +1.4740e+00 -6.4697e-01 +1.8622e+00 +1.1458e+00 +8.3510e-02
2403 +2.451129035e+00 +2.451129035e+00 -3.196887096e+01 -3.196887096e+01 -2.1066e+00 -1.1554e+00 -4.2577e-01 -1.2182e+00 +4.7831e+00 +1.9892e+00 -8.2899e-01 +3.1191e+00 +1.8242e+00 +5.4107e-01
2961 +1.425167272e+00 +1.425167272e+00 -3.299483273e+01 -3.299483273e+01 -2.9389e+00 -7.8824e-01 -7.1383e-01 -1.1729e+00 +4.3736e+00 +1.8028e+00 -3.9318e-01 +2.0194e+00 +9.7228e-01 +6.3381e-01
3917 +9.617500675e-01 +9.617500675e-01 -3.345824993e+01 -3.345824993e+01 -2.7131e+00 -8.4851e-01 -6.1127e-01 -1.2097e+00 +4.4819e+00 +2.0245e+00 -6.8603e-01 +2.3110e+00 +1.1451e+00 +5.7540e-01
% function evaluation | noise-free fitness - Fopt (-1.379300000000e+02) | best noise-free fitness - Fopt | measured fitness | best measured fitness | x1 | x2...
1 +8.506050488e+01 +8.506050488e+01 -5.286949512e+01 -5.286949512e+01 -3.0996e+00 -2.6667e-01 -4.0359e+00 +4.3033e+00 +5.2417e-01 -3.0962e+00 +1.2918e+00 +3.7256e-02 -2.1823e+00 +4.3082e+00
53 +4.566648164e+01 +4.566648164e+01 -9.226351836e+01 -9.226351836e+01 +2.5659e+00 +3.6501e+00 +1.9701e+00 -2.6275e+00 +1.7569e+00 -3.5959e+00 -3.3926e+00 +1.8819e+00 +3.5580e+00 +2.6418e-01
251 +2.655810897e+01 +2.655810897e+01 -1.113718910e+02 -1.113718910e+02 +6.8430e-01 +3.6501e+00 +2.3864e+00 -2.6275e+00 +1.7569e+00 -3.5959e+00 -3.3926e+00 +1.8819e+00 +3.0060e+00 +2.6418e-01
507 +2.455905131e+01 +2.455905131e+01 -1.133709487e+02 -1.133709487e+02 +5.2248e-02 +4.5816e+00 +3.4615e+00 -2.3353e+00 -4.9428e-01 -1.0804e+00 -1.8807e+00 +1.8188e+00 +2.0873e+00 -6.5737e-01
757 +9.720442577e+00 +9.720442577e+00 -1.282095574e+02 -1.282095574e+02 +1.9392e+00 +2.9304e+00 +2.3009e+00 -1.3226e+00 -8.3365e-01 -1.7037e+00 -2.0825e+00 +1.3115e+00 +2.3255e+00 -8.9581e-01
902 +6.141939570e+00 +6.141939570e+00 -1.317880604e+02 -1.317880604e+02 +2.0061e+00 +2.6927e+00 +1.5089e+00 -2.2116e+00 +8.9753e-02 -1.4259e+00 -2.2181e+00 +2.0651e-01 +2.4287e+00 +6.3615e-01
1051 +3.966300684e+00 +3.966300684e+00 -1.339636993e+02 -1.339636993e+02 +1.7539e+00 +2.6927e+00 +2.0639e+00 -2.5937e+00 -1.1622e-01 -1.0394e+00 -2.2181e+00 +3.8399e-01 +2.4287e+00 +6.3615e-01
1392 +2.471689483e+00 +2.471689483e+00 -1.354583105e+02 -1.354583105e+02 +9.9231e-01 +2.7646e+00 +2.0684e+00 -1.6619e+00 -1.0698e+00 -1.6403e+00 -2.8914e+00 +1.4739e+00 +3.0174e+00 -1.6556e-01
% function evaluation | noise-free fitness - Fopt (1.000000000000e+03) | best noise-free fitness - Fopt | measured fitness | best measured fitness | x1 | x2...
1 +8.640521409e+01 +8.640521409e+01 +1.086405214e+03 +1.086405214e+03 +1.4896e+00 -4.9580e+00 +3.2671e+00 +4.7694e+00 -6.8884e-01 -3.9141e+00 -3.9226e+00 -3.3718e-01 +4.6398e+00 +5.8182e-01
53 +5.699532416e+01 +5.699532416e+01 +1.056995324e+03 +1.056995324e+03 -1.6305e+00 -1.0114e+00 +6.2414e-01 -1.8849e+00 -1.8700e+00 +5.1853e-01 +4.8444e+00 +4.0887e+00 +4.1251e+00 -3.9608e-01
105 +3.795353272e+01 +3.795353272e+01 +1.037953533e+03 +1.037953533e+03 +3.6299e+00 +4.8733e+00 +4.4311e+00 -4.3293e+00 -1.7938e+00 -1.2770e+00 +1.2575e+00 -1.4129e-01 +4.8701e+00 +3.3932e+00
455 +2.345595161e+01 +2.345595161e+01 +1.023455952e+03 +1.023455952e+03 -4.2912e+00 +1.8747e-01 +6.2414e-01 -2.8072e+00 -1.0703e+00 +1.1073e+00 +4.8698e+00 -5.5180e-03 +2.3775e+00 +5.7737e-01
1032 +1.378746867e+01 +1.378746867e+01 +1.013787469e+03 +1.013787469e+03 +3.0221e+00 +4.0134e+00 +1.7758e+00 -1.9200e+00 -1.8952e+00 -3.2234e-01 -1.4092e-01 +1.1717e+00 +2.5114e+00 +5.3474e+00
1201 +9.387244432e+00 +9.387244432e+00 +1.009387244e+03 +1.009387244e+03 +3.9880e+00 +4.8189e+00 +3.1599e+00 -2.7797e+00 -2.2691e+00 -9.3231e-01 -5.1195e-01 +6.0975e-01 +2.3404e+00 +6.1420e+00
1407 +5.184883276e+00 +5.184883276e+00 +1.005184883e+03 +1.005184883e+03 +4.8125e+00 +4.5342e+00 +2.8044e+00 -3.0901e+00 -3.9414e+00 -1.6635e+00 +4.6425e-01 +3.9931e-01 +2.2874e+00 +5.5391e+00
1902 +2.659081818e+00 +2.659081818e+00 +1.002659082e+03 +1.002659082e+03 +3.3787e+00 +4.4511e+00 +2.9408e+00 -2.4955e+00 -3.3644e+00 -4.7116e-01 -6.1368e-01 +8.9426e-01 +2.1735e+00 +4.0301e+00
1925 +2.001271642e+00 +2.001271642e+00 +1.002001272e+03 +1.002001272e+03 +3.7609e+00 +4.6876e+00 +2.9047e+00 -3.0394e+00 -3.9794e+00 -9.2163e-01 +9.3929e-01 +5.4540e-01 +2.5990e+00 +5.0049e+00
2506 +1.419162209e+00 +1.419162209e+00 +1.001419162e+03 +1.001419162e+03 +4.0876e+00 +4.7408e+00 +2.9047e+00 -3.0394e+00 -3.9794e+00 -9.2163e-01 +3.1541e-01 +5.4540e-01 +2.5414e+00 +4.9851e+00
2951 +9.242605473e-01 +9.242605473e-01 +1.000924261e+03 +1.000924261e+03 +3.9775e+00 +4.6380e+00 +2.7683e+00 -3.1972e+00 -3.8658e+00 -8.5239e-01 -1.4185e-01 +9.2855e-01 +2.3513e+00 +4.9007e+00
% function evaluation | noise-free fitness - Fopt (1.785000000000e+01) | best noise-free fitness - Fopt | measured fitness | best measured fitness | x1 | x2...
1 +8.385861325e+01 +8.385861325e+01 +1.017086133e+02 +1.017086133e+02 +1.1568e+00 -2.7288e+00 +2.4485e+00 +5.9914e-01 +2.6117e+00 +3.7245e-01 +3.3824e+00 +3.4209e+00 +3.2656e+00 -8.0586e-01
53 +6.006802603e+01 +6.006802603e+01 +7.791802603e+01 +7.791802603e+01 +3.8101e+00 -4.4644e+00 +3.5942e+00 +2.2828e+00 -2.3491e-01 +3.9144e-01 -2.3951e+00 +2.2647e-01 +4.3140e-01 -7.2495e-02
351 +3.739861543e+01 +3.739861543e+01 +5.524861543e+01 +5.524861543e+01 +3.5727e+00 +4.2379e+00 +3.9646e+00 +2.1075e+00 -2.8395e+00 +3.6799e-01 -2.9492e+00 +3.7058e+00 -8.1659e-01 +5.0449e+00
403 +2.055242454e+01 +2.055242454e+01 +3.840242454e+01 +3.840242454e+01 +3.8101e+00 -3.5985e+00 +3.9019e+00 +2.6235e+00 +5.0964e-01 +3.9144e-01 -1.4712e+00 -1.6921e-01 -2.9677e+00 -7.2495e-02
652 +1.423177130e+01 +1.423177130e+01 +3.208177130e+01 +3.208177130e+01 +3.0444e+00 -3.5846e+00 +3.0648e+00 +1.3261e+00 -3.0651e-01 +3.2659e-01 -1.7338e+00 +2.6594e+00 -2.1150e+00 +5.2217e-02
1102 +6.601865487e+00 +6.601865487e+00 +2.445186549e+01 +2.445186549e+01 +2.6618e+00 -3.2019e+00 +3.7446e+00 +2.3323e+00 +5.4137e-01 -9.8239e-01 -1.4449e+00 +1.7078e+00 -2.3761e+00 +1.0062e+00
1351 +5.614961472e+00 +5.614961472e+00 +2.346496147e+01 +2.346496147e+01 +2.6523e+00 -3.2019e+00 +3.5633e+00 +2.3323e+00 +1.9896e-03 -3.0474e-01 -1.6511e+00 +1.3385e+00 -2.1738e+00 +7.8127e-01
1906 +3.752822290e+00 +3.752822290e+00 +2.160282229e+01 +2.160282229e+01 +2.5544e+00 -3.0779e+00 +3.9303e+00 +2.3121e+00 +8.8410e-01 +4.7973e-01 -1.9183e+00 +2.2047e+00 -1.8115e+00 +1.1736e+00
19369 +2.392074839e+00 +2.392074839e+00 +2.024207484e+01 +2.024207484e+01 -9.5022e-01 -2.0104e+00 +9.6573e-01 +1.0178e+00 -4.2799e-01 -2.4599e+00 -2.8341e+00 +3.7118e+00 +4.0145e+00 -4.2584e+00
450213 +1.391145234e+00 +1.391145234e+00 +1.924114523e+01 +1.924114523e+01 +1.8809e+00 -3.4063e+00 +1.9118e+00 +1.4876e-01 +3.5036e+00 -1.7226e+00 -3.1082e+00 +3.2711e+00 +3.6157e+00 -8.9236e-01
452451 +9.601711060e-01 +9.601711060e-01 +1.881017111e+01 +1.881017111e+01 +1.8896e+00 -3.4063e+00 +1.9173e+00 +1.2170e-01 +3.5036e+00 -1.0495e+00 -3.0923e+00 +3.2669e+00 +3.6142e+00 -8.9236e-01
% function evaluation | noise-free fitness - Fopt (1.453500000000e+02) | best noise-free fitness - Fopt | measured fitness | best measured fitness | x1 | x2...
1 +8.536322824e+01 +8.536322824e+01 +2.307132282e+02 +2.307132282e+02 +1.7887e+00 -2.6515e+00 -9.2255e-01 -4.6374e+00 +2.8974e+00 -5.0394e-02 +3.5135e+00 -1.7968e+00 -3.8232e+00 +3.4243e+00
248 +6.009788044e+01 +6.009788044e+01 +2.054478804e+02 +2.054478804e+02 +2.5991e-01 -1.1870e+00 +2.2805e+00 +3.9655e+00 -1.3771e+00 +1.8198e-01 -2.1433e-01 +7.2559e-01 +2.5997e+00 -5.6081e+00
451 +3.430295462e+01 +3.430295462e+01 +1.796529546e+02 +1.796529546e+02 +1.7887e+00 -4.7494e-01 +2.6641e+00 +5.4514e+00 +2.7991e+00 -5.0394e-02 +2.6705e+00 +9.6510e-01 +2.2665e+00 +2.2558e+00
659 +1.539218126e+01 +1.539218126e+01 +1.607421813e+02 +1.607421813e+02 +2.7663e+00 +3.7608e-01 +1.7363e+00 +3.2796e+00 +3.8008e+00 -9.2818e-01 +3.7662e-01 -1.6595e+00 +3.3781e+00 +3.2457e-01
1151 +6.927746565e+00 +6.927746565e+00 +1.522777466e+02 +1.522777466e+02 +2.0017e+00 +3.7608e-01 +1.7363e+00 +3.2156e+00 +3.8008e+00 -9.2818e-01 +3.7662e-01 -3.6831e-01 +3.3781e+00 +5.4296e-01
1451 +5.706877841e+00 +5.706877841e+00 +1.510568778e+02 +1.510568778e+02 +1.9573e+00 +3.7608e-01 +1.4790e+00 +3.2156e+00 +3.8008e+00 +3.0344e-01 +3.7662e-01 -3.6831e-01 +3.7954e+00 +5.4296e-01
1951 +2.647232900e+00 +2.647232900e+00 +1.479972329e+02 +1.479972329e+02 +2.5612e+00 +3.7608e-01 +1.4790e+00 +3.3021e+00 +4.0088e+00 -6.7768e-02 -1.2641e-01 +1.5133e-01 +4.2894e+00 +7.3719e-01
3001 +2.449184795e+00 +2.449184795e+00 +1.477991848e+02 +1.477991848e+02 +2.7999e+00 +4.2372e-01 +1.4330e+00 +3.4971e+00 +4.2086e+00 +1.7599e-01 -1.7051e-01 -1.3527e-01 +4.1211e+00 +7.6228e-01
41278 +1.460371181e+00 +1.460371181e+00 +1.468103712e+02 +1.468103712e+02 +3.2310e-01 -1.0011e-01 +4.6236e+00 -4.3366e+00 +4.7043e+00 +1.8357e+00 -4.0449e-01 +2.8629e-01 -1.7357e+00 -2.3946e+00
41459 +9.747709865e-01 +9.747709865e-01 +1.463247710e+02 +1.463247710e+02 +3.4074e-01 -2.4632e-01 +4.4722e+00 -4.9659e+00 +4.6074e+00 +2.2604e+00 -5.3128e-01 +7.6031e-01 -1.8282e+00 -2.1815e+00
% function evaluation | noise-free fitness - Fopt (-6.811100000000e+02) | best noise-free fitness - Fopt | measured fitness | best measured fitness | x1 | x2...
1 +8.612480875e+01 +8.612480875e+01 -5.949851913e+02 -5.949851913e+02 -2.2194e+00 +4.8489e+00 -4.5370e+00 -4.7085e+00 +7.4925e-01 -1.3860e+00 -3.2921e+00 -3.3873e+00 +1.9800e+00 +1.2237e-01
225 +6.174211834e+01 +6.174211834e+01 -6.193678817e+02 -6.193678817e+02 +2.3639e-01 +3.2378e+00 +4.2374e-01 -4.2006e+00 +3.0554e+00 -3.2135e+00 +1.3647e+00 -1.3846e+00 +1.3747e+00 -1.8502e+00
508 +2.625973488e+01 +2.625973488e+01 -6.548502651e+02 -6.548502651e+02 +9.5807e-01 -4.6716e+00 -2.8386e+00 -1.5003e+00 -2.0256e-01 -6.0280e-01 -2.6949e+00 -4.4715e-01 -7.7303e-01 -2.0757e+00
641 +2.130210402e+01 +2.130210402e+01 -6.598078960e+02 -6.598078960e+02 -1.3733e-01 -3.7096e+00 -1.1046e+00 +1.0217e+00 -6.9429e-01 -8.1900e-01 -4.6611e+00 -1.1620e+00 +6.3867e-01 -1.5691e+00
959 +1.214073230e+01 +1.214073230e+01 -6.689692677e+02 -6.689692677e+02 +1.5850e+00 -5.8858e+00 -2.5626e+00 -1.2878e+00 -2.2928e+00 -1.1589e-01 -3.2350e+00 -1.9946e+00 +9.4118e-01 -9.7715e-01
972 +2.335730286e+00 +2.335730286e+00 -6.787742697e+02 -6.787742697e+02 +1.6547e+00 -4.6928e+00 -1.0266e+00 -4.5624e-01 -2.1560e+00 -1.3028e+00 -4.0317e+00 -1.9831e+00 +6.6813e-01 -8.4680e-01
19501 +1.486310177e+00 +1.486310177e+00 -6.796236898e+02 -6.796236898e+02 -3.6032e-01 -1.8926e+00 +1.6894e+00 -1.2732e+00 -5.2419e-01 +1.5464e-01 -3.3423e+00 +4.1824e+00 -3.3941e+00 -2.3988e+00
21451 +9.980881977e-01 +9.980881977e-01 -6.801119118e+02 -6.801119118e+02 -5.6773e-01 -1.8919e+00 +1.6229e+00 -1.1000e+00 -3.0666e-01 +7.4364e-02 -3.3398e+00 +3.8089e+00 -3.3688e+00 -2.5860e+00
% function evaluation | noise-free fitness - Fopt (2.357000000000e+02) | best noise-free fitness - Fopt | measured fitness | best measured fitness | x1 | x2...
1 +8.613101807e+01 +8.613101807e+01 +3.218310181e+02 +3.218310181e+02 +4.2626e+00 +3.0706e+00 -2.1519e+00 -4.1358e+00 +4.8200e+00 -3.5433e+00 -2.1730e+00 +1.1378e-01 -1.1619e+00 +4.7194e+00
202 +5.706563913e+01 +5.706563913e+01 +2.927656391e+02 +2.927656391e+02 -2.6891e+00 -5.4816e+00 -6.0979e-01 -1.8479e+00 +8.6781e-01 +2.2750e+00 +1.7254e+00 -5.1832e+00 -1.1146e+00 -3.6757e+00
602 +3.915241465e+01 +3.915241465e+01 +2.748524146e+02 +2.748524146e+02 +4.5671e-01 +3.8378e-01 -6.6039e-01 -1.0577e+00 +3.2958e+00 -1.3047e+00 -3.4134e+00 +2.2783e+00 -1.2635e+00 -3.3794e+00
1111 +2.308216655e+01 +2.308216655e+01 +2.587821666e+02 +2.587821666e+02 +8.2569e-01 +6.3104e-01 -1.8506e-01 +4.3548e-01 +1.6638e+00 -2.9489e+00 -1.9179e+00 +3.4468e+00 -1.4190e+00 -3.8001e+00
1162 +1.317391769e+01 +1.317391769e+01 +2.488739177e+02 +2.488739177e+02 +1.1098e+00 +4.7872e-01 -1.0457e+00 -6.6787e-01 +1.6561e-01 -2.3732e+00 -2.5758e+00 +3.4166e+00 +2.0651e+00 -2.9038e+00
1262 +8.064461195e+00 +8.064461195e+00 +2.437644612e+02 +2.437644612e+02 +3.8173e-01 +1.4269e+00 +2.0089e-01 +7.8868e-01 +1.6479e+00 -3.7923e+00 -4.1624e+00 +2.4925e+00 +6.3907e-01 -4.2540e+00
2157 +5.475117236e+00 +5.475117236e+00 +2.411751172e+02 +2.411751172e+02 +2.1849e+00 +1.7046e+00 -1.6108e+00 +1.0237e+00 +2.1175e+00 -3.6787e+00 -4.1139e+00 +3.9151e+00 -5.3427e-01 -3.3794e+00
2451 +3.856154686e+00 +3.856154686e+00 +2.395561547e+02 +2.395561547e+02 +2.1849e+00 +1.7046e+00 -1.6108e+00 +1.0237e+00 +2.1175e+00 -3.0801e+00 -4.1139e+00 +3.4539e+00 -5.3427e-01 -3.4370e+00
3151 +2.344347465e+00 +2.344347465e+00 +2.380443475e+02 +2.380443475e+02 +1.8858e+00 +1.7046e+00 -1.5865e+00 +8.2482e-01 +2.1175e+00 -3.0801e+00 -4.1139e+00 +3.5341e+00 -5.2375e-01 -3.0627e+00
4857 +1.552745472e+00 +1.552745472e+00 +2.372527455e+02 +2.372527455e+02 +1.1584e+00 +4.1630e-01 -1.0380e+00 +1.1343e+00 +2.5329e+00 -3.2831e+00 -4.2153e+00 +3.0783e+00 -1.7772e-01 -3.7606e+00
6959 +9.102318256e-01 +9.102318256e-01 +2.366102318e+02 +2.366102318e+02 +1.4575e+00 +8.2643e-01 -1.2748e+00 -4.3028e-01 +2.1159e+00 -3.3537e+00 -3.8212e+00 +3.0249e+00 +1.6474e-01 -3.1224e+00
10729 +4.886553712e-01 +4.886553712e-01 +2.361886554e+02 +2.361886554e+02 +1.6115e+00 -1.2888e+00 +2.3075e-01 -1.6563e+00 +2.8556e+00 -3.7099e-01 +1.7512e+00 -1.1184e+00 -1.0784e+00 -1.6378e+00
11151 +3.045919410e-01 +3.045919410e-01 +2.360045919e+02 +2.360045919e+02 +1.6115e+00 -1.3714e+00 +2.1441e-01 -1.6563e+00 +3.0747e+00 -4.1620e-01 +1.7512e+00 -1.1184e+00 -1.0784e+00 -1.6378e+00
11401 +1.995051267e-01 +1.995051267e-01 +2.358995051e+02 +2.358995051e+02 +1.6187e+00 -1.3714e+00 +2.8221e-01 -1.6563e+00 +3.0747e+00 -4.1620e-01 +1.7058e+00 -1.1184e+00 -1.0784e+00 -1.6729e+00
14102 +1.469920803e-01 +1.469920803e-01 +2.358469921e+02 +2.358469921e+02 +1.6187e+00 -1.2865e+00 +3.2381e-01 -1.6563e+00 +3.1627e+00 -4.5379e-01 +1.5604e+00 -9.6544e-01 -1.1039e+00 -1.6717e+00
22001 +9.640955066e-02 +9.640955066e-02 +2.357964096e+02 +2.357964096e+02 +1.6277e+00 -1.2465e+00 +3.4781e-01 -1.5984e+00 +3.2734e+00 -6.2480e-01 +1.4937e+00 -9.7690e-01 -1.0971e+00 -1.8882e+00
25801 +6.209104095e-02 +6.209104095e-02 +2.357620910e+02 +2.357620910e+02 +1.6062e+00 -1.1983e+00 +4.1596e-01 -1.6034e+00 +3.1733e+00 -7.0219e-01 +1.5990e+00 -9.1152e-01 -1.2020e+00 -1.9973e+00
30851 +3.801802570e-02 +3.801802570e-02 +2.357380180e+02 +2.357380180e+02 +1.5242e+00 -9.7565e-01 +5.0187e-01 -1.6788e+00 +3.1717e+00 -8.0066e-01 +1.5786e+00 -8.4692e-01 -1.3692e+00 -2.0516e+00
34603 +2.456291982e-02 +2.456291982e-02 +2.357245629e+02 +2.357245629e+02 +1.4637e+00 -9.2555e-01 +5.2598e-01 -1.7219e+00 +3.2037e+00 -8.9187e-01 +1.6375e+00 -8.5896e-01 -1.5193e+00 -2.1529e+00
37007 +1.578004278e-02 +1.578004278e-02 +2.357157800e+02 +2.357157800e+02 +1.4208e+00 -8.9757e-01 +6.4029e-01 -1.6852e+00 +3.1034e+00 -9.5213e-01 +1.6607e+00 -8.8329e-01 -1.5569e+00 -2.2469e+00
40307 +9.499985672e-03 +9.499985672e-03 +2.357095000e+02 +2.357095000e+02 +1.3143e+00 -7.5605e-01 +7.1762e-01 -1.6721e+00 +3.1150e+00 -1.0515e+00 +1.6959e+00 -7.8307e-01 -1.7010e+00 -2.3769e+00
41011 +5.899015054e-03 +5.899015054e-03 +2.357058990e+02 +2.357058990e+02 +1.2818e+00 -6.9382e-01 +7.0935e-01 -1.7006e+00 +3.1313e+00 -1.0752e+00 +1.7554e+00 -7.6550e-01 -1.7068e+00 -2.4409e+00
42709 +3.976003673e-03 +3.976003673e-03 +2.357039760e+02 +2.357039760e+02 +1.2776e+00 -6.5600e-01 +7.4567e-01 -1.6983e+00 +3.0679e+00 -1.1524e+00 +1.7996e+00 -7.7179e-01 -1.8057e+00 -2.5163e+00
45051 +2.438409562e-03 +2.438409562e-03 +2.357024384e+02 +2.357024384e+02 +1.1312e+00 -6.0753e-01 +8.5516e-01 -1.6575e+00 +3.0185e+00 -1.1480e+00 +1.8715e+00 -7.4788e-01 -1.9094e+00 -2.5821e+00
45422 +1.472269235e-03 +1.472269235e-03 +2.357014723e+02 +2.357014723e+02 +1.0698e+00 -5.4435e-01 +9.2467e-01 -1.6576e+00 +2.9758e+00 -1.1634e+00 +1.8872e+00 -7.6761e-01 -1.9839e+00 -2.5975e+00
47220 +9.939029179e-04 +9.939029179e-04 +2.357009939e+02 +2.357009939e+02 +1.0540e+00 -5.3874e-01 +9.4678e-01 -1.6544e+00 +2.9304e+00 -1.1721e+00 +1.9128e+00 -7.5163e-01 -2.0424e+00 -2.6268e+00
49263 +6.205927199e-04 +6.205927199e-04 +2.357006206e+02 +2.357006206e+02 +8.9446e-01 -4.6460e-01 +1.0828e+00 -1.6377e+00 +2.8075e+00 -1.2087e+00 +2.0414e+00 -7.6444e-01 -2.2618e+00 -2.7086e+00
49476 +3.918199419e-04 +3.918199419e-04 +2.357003918e+02 +2.357003918e+02 +8.8651e-01 -4.7501e-01 +1.0217e+00 -1.6366e+00 +2.9190e+00 -1.2174e+00 +2.0692e+00 -7.4634e-01 -2.2491e+00 -2.7482e+00
50201 +2.457257851e-04 +2.457257851e-04 +2.357002457e+02 +2.357002457e+02 +8.5988e-01 -4.6428e-01 +1.0207e+00 -1.6194e+00 +2.8985e+00 -1.2333e+00 +2.1200e+00 -7.1354e-01 -2.2672e+00 -2.7881e+00
50461 +1.540469404e-04 +1.540469404e-04 +2.357001540e+02 +2.357001540e+02 +7.7554e-01 -4.3350e-01 +1.0958e+00 -1.5940e+00 +2.7905e+00 -1.2828e+00 +2.2550e+00 -7.0634e-01 -2.3411e+00 -2.9207e+00
50652 +3.177958283e-05 +3.177958283e-05 +2.357000318e+02 +2.357000318e+02 +7.7985e-01 -4.2057e-01 +1.0961e+00 -1.5662e+00 +2.7730e+00 -1.3132e+00 +2.2712e+00 -6.6679e-01 -2.3800e+00 -2.9633e+00
50852 +2.374237476e-05 +2.374237476e-05 +2.357000237e+02 +2.357000237e+02 +7.6057e-01 -3.8623e-01 +1.1072e+00 -1.5297e+00 +2.7218e+00 -1.3593e+00 +2.3214e+00 -6.3183e-01 -2.4109e+00 -3.0574e+00
51151 +1.539660803e-05 +1.539660803e-05 +2.357000154e+02 +2.357000154e+02 +7.5031e-01 -4.0195e-01 +1.0873e+00 -1.5618e+00 +2.7471e+00 -1.3518e+00 +2.3525e+00 -6.3234e-01 -2.4227e+00 -3.0421e+00
51310 +8.819066267e-06 +8.819066267e-06 +2.357000088e+02 +2.357000088e+02 +7.5090e-01 -3.9549e-01 +1.1043e+00 -1.5253e+00 +2.6907e+00 -1.3650e+00 +2.3839e+00 -6.0411e-01 -2.4315e+00 -3.0805e+00
51810 +6.225617540e-06 +6.225617540e-06 +2.357000062e+02 +2.357000062e+02 +7.1118e-01 -3.5580e-01 +1.1017e+00 -1.5416e+00 +2.7371e+00 -1.3837e+00 +2.4025e+00 -5.7766e-01 -2.4456e+00 -3.1163e+00
51917 +3.969018934e-06 +3.969018934e-06 +2.357000040e+02 +2.357000040e+02 +6.8742e-01 -3.5292e-01 +1.1081e+00 -1.5245e+00 +2.7435e+00 -1.3853e+00 +2.4117e+00 -5.6138e-01 -2.4492e+00 -3.1382e+00
52016 +1.463797560e-06 +1.463797560e-06 +2.357000015e+02 +2.357000015e+02 +6.5157e-01 -3.3506e-01 +1.1010e+00 -1.5319e+00 +2.7575e+00 -1.3846e+00 +2.4376e+00 -5.3189e-01 -2.4462e+00 -3.1433e+00
52065 +7.592032603e-07 +7.592032603e-07 +2.357000008e+02 +2.357000008e+02 +6.4209e-01 -3.3877e-01 +1.1006e+00 -1.5354e+00 +2.7619e+00 -1.3748e+00 +2.4313e+00 -5.2025e-01 -2.4266e+00 -3.1327e+00
52553 +6.289173484e-07 +6.289173484e-07 +2.357000006e+02 +2.357000006e+02 +6.2652e-01 -3.3423e-01 +1.1140e+00 -1.5279e+00 +2.7657e+00 -1.3737e+00 +2.4187e+00 -5.0924e-01 -2.4115e+00 -3.1281e+00
52779 +3.713512058e-07 +3.713512058e-07 +2.357000004e+02 +2.357000004e+02 +6.4016e-01 -3.2813e-01 +1.1187e+00 -1.5342e+00 +2.7530e+00 -1.3790e+00 +2.4117e+00 -5.1616e-01 -2.4116e+00 -3.1273e+00
52981 +2.142445226e-07 +2.142445226e-07 +2.357000002e+02 +2.357000002e+02 +6.3608e-01 -3.1070e-01 +1.1431e+00 -1.5445e+00 +2.7484e+00 -1.3832e+00 +2.3882e+00 -5.2040e-01 -2.4189e+00 -3.1174e+00
53110 +1.501215081e-07 +1.501215081e-07 +2.357000002e+02 +2.357000002e+02 +6.3168e-01 -2.9907e-01 +1.1443e+00 -1.5532e+00 +2.7719e+00 -1.3833e+00 +2.3587e+00 -5.1858e-01 -2.4026e+00 -3.1020e+00
53268 +8.594201972e-08 +8.594201972e-08 +2.357000001e+02 +2.357000001e+02 +6.2548e-01 -2.9667e-01 +1.1424e+00 -1.5570e+00 +2.7847e+00 -1.3806e+00 +2.3555e+00 -5.0776e-01 -2.3912e+00 -3.1010e+00
53310 +5.598579378e-08 +5.598579378e-08 +2.357000001e+02 +2.357000001e+02 +6.2648e-01 -2.8878e-01 +1.1526e+00 -1.5597e+00 +2.7778e+00 -1.3857e+00 +2.3484e+00 -5.1273e-01 -2.4002e+00 -3.0993e+00
53476 +3.882553301e-08 +3.882553301e-08 +2.357000000e+02 +2.357000000e+02 +6.1632e-01 -2.8246e-01 +1.1552e+00 -1.5626e+00 +2.7835e+00 -1.3832e+00 +2.3531e+00 -5.0789e-01 -2.4039e+00 -3.1017e+00
53552 +1.300006147e-08 +1.300006147e-08 +2.357000000e+02 +2.357000000e+02 +6.0415e-01 -2.5431e-01 +1.1791e+00 -1.5766e+00 +2.7931e+00 -1.3947e+00 +2.3261e+00 -5.0789e-01 -2.4115e+00 -3.0975e+00
53858 +6.572889788e-09 +6.572889788e-09 +2.357000000e+02 +2.357000000e+02 +6.1157e-01 -2.5936e-01 +1.1748e+00 -1.5763e+00 +2.7997e+00 -1.3860e+00 +2.3144e+00 -5.1182e-01 -2.4019e+00 -3.0837e+00
% function evaluation | noise-free fitness - Fopt (2.246000000000e+01) | best noise-free fitness - Fopt | measured fitness | best measured fitness | x1 | x2...
1 +8.590972134e+01 +8.590972134e+01 +1.083697213e+02 +1.083697213e+02 -1.7393e+00 +3.0972e+00 -2.7265e+00 -4.2126e+00 -9.3068e-01 -8.9715e-01 -4.2792e+00 -3.3457e+00 -1.9927e+00 -4.7029e+00
141 +5.849851500e+01 +5.849851500e+01 +8.095851500e+01 +8.095851500e+01 -5.2710e+00 +3.7930e-02 +4.8055e-01 +1.3155e+00 +3.0740e-02 -1.1571e+00 +3.9396e+00 +4.2829e-01 +4.0643e-01 -4.5760e+00
424 +2.542325858e+01 +2.542325858e+01 +4.788325858e+01 +4.788325858e+01 -1.9211e+00 -2.0659e+00 -4.1009e+00 +1.4400e+00 +4.1929e+00 -3.0602e+00 +1.1178e+00 +1.6281e+00 +1.3041e+00 -2.0977e+00
651 +2.509479476e+01 +2.509479476e+01 +4.755479476e+01 +4.755479476e+01 -1.9211e+00 -2.9602e+00 -4.1009e+00 +8.7708e-01 +2.6644e+00 -3.0602e+00 +9.2024e-01 +1.6281e+00 +6.8483e-01 -2.0977e+00
1009 +9.663087920e+00 +9.663087920e+00 +3.212308792e+01 +3.212308792e+01 -4.9513e+00 -9.7847e-01 +2.9485e-01 +7.4319e-01 +2.3393e+00 -2.7185e+00 +1.1078e+00 +5.5710e-01 +5.5312e-01 -3.1923e+00
2502 +2.064059868e+00 +2.064059868e+00 +2.452405987e+01 +2.452405987e+01 -4.5138e+00 -2.1097e+00 +2.5334e-02 -2.5301e-01 +1.9460e+00 -1.9527e+00 +1.6264e+00 +1.3536e+00 +5.6509e-02 -3.9068e+00
5001 +1.415058628e+00 +1.415058628e+00 +2.387505863e+01 +2.387505863e+01 -4.5575e+00 -1.2891e+00 +1.0794e+00 +6.1767e-01 +1.9460e+00 -2.6215e+00 +1.6455e+00 +1.3536e+00 +9.9372e-01 -3.7625e+00
6001 +7.172140724e-01 +7.172140724e-01 +2.317721407e+01 +2.317721407e+01 -4.5629e+00 -1.6664e+00 +1.0712e+00 +3.2430e-01 +2.5059e+00 -2.9809e+00 +1.6396e+00 +1.0153e+00 +1.8011e+00 -4.0902e+00
7452 +5.257131669e-01 +5.257131669e-01 +2.298571317e+01 +2.298571317e+01 -3.9506e+00 -1.3040e+00 +9.0161e-01 +2.3106e-01 +2.3497e+00 -2.8729e+00 +1.6596e+00 +1.3822e+00 +1.2803e+00 -3.6556e+00
14053 +3.873398138e-01 +3.873398138e-01 +2.284733981e+01 +2.284733981e+01 -4.0317e+00 -1.1272e+00 +1.5788e+00 +3.1690e-01 +2.1575e+00 -2.9282e+00 +1.8360e+00 +1.6818e+00 +2.0998e+00 -3.5047e+00
15651 +2.152595920e-01 +2.152595920e-01 +2.267525959e+01 +2.267525959e+01 -3.9372e+00 -1.1272e+00 +1.5452e+00 +3.1690e-01 +2.1999e+00 -3.0387e+00 +1.6075e+00 +1.6818e+00 +2.2091e+00 -3.5600e+00
22501 +1.576118062e-01 +1.576118062e-01 +2.261761181e+01 +2.261761181e+01 -3.8790e+00 -1.1272e+00 +1.4298e+00 +2.2276e-01 +2.2686e+00 -3.0387e+00 +1.5086e+00 +1.6818e+00 +2.2091e+00 -3.6919e+00
48401 +9.901455618e-02 +9.901455618e-02 +2.255901456e+01 +2.255901456e+01 -3.7137e+00 -7.5726e-01 +1.4550e+00 +2.3821e-01 +2.2748e+00 -3.1463e+00 +1.4737e+00 +1.9080e+00 +2.3543e+00 -3.7254e+00
73056 +6.185870648e-02 +6.185870648e-02 +2.252185871e+01 +2.252185871e+01 -3.5558e+00 -4.7927e-01 +1.4381e+00 +1.5455e-01 +2.3427e+00 -3.2650e+00 +1.4972e+00 +2.1338e+00 +2.5512e+00 -3.9568e+00
93151 +3.954820986e-02 +3.954820986e-02 +2.249954821e+01 +2.249954821e+01 -3.4843e+00 -3.2484e-01 +1.5438e+00 +2.0803e-01 +2.2818e+00 -3.2965e+00 +1.4850e+00 +2.3086e+00 +2.5689e+00 -3.9423e+00
108152 +2.436527201e-02 +2.436527201e-02 +2.248436527e+01 +2.248436527e+01 -3.3261e+00 -9.8650e-02 +1.5842e+00 +2.9520e-01 +2.2849e+00 -3.3438e+00 +1.4764e+00 +2.3963e+00 +2.7002e+00 -3.7852e+00
118201 +1.577263518e-02 +1.577263518e-02 +2.247577264e+01 +2.247577264e+01 -3.2041e+00 +1.7586e-01 +1.5783e+00 +3.7757e-01 +2.2802e+00 -3.3585e+00 +1.4831e+00 +2.5610e+00 +2.7796e+00 -3.7870e+00
151860 +8.193140439e-03 +8.193140439e-03 +2.246819314e+01 +2.246819314e+01 -3.0650e+00 +5.5241e-01 +1.6009e+00 +5.4601e-01 +2.2060e+00 -3.3551e+00 +1.4902e+00 +2.7638e+00 +2.8616e+00 -3.6214e+00
159101 +6.226242591e-03 +6.226242591e-03 +2.246622624e+01 +2.246622624e+01 -3.0220e+00 +5.8511e-01 +1.6169e+00 +5.7170e-01 +2.1754e+00 -3.3477e+00 +1.4899e+00 +2.7801e+00 +2.8794e+00 -3.5616e+00
179602 +3.980717978e-03 +3.980717978e-03 +2.246398072e+01 +2.246398072e+01 -3.0011e+00 +6.8838e-01 +1.6167e+00 +6.1311e-01 +2.1324e+00 -3.3355e+00 +1.4913e+00 +2.8761e+00 +2.8912e+00 -3.5331e+00
211353 +2.472934522e-03 +2.472934522e-03 +2.246247293e+01 +2.246247293e+01 -2.9058e+00 +9.7876e-01 +1.6266e+00 +7.6119e-01 +2.0584e+00 -3.3319e+00 +1.4737e+00 +3.0361e+00 +2.9274e+00 -3.3706e+00
218461 +9.075920468e-04 +9.075920468e-04 +2.246090759e+01 +2.246090759e+01 -2.7373e+00 +1.2750e+00 +1.6257e+00 +8.5372e-01 +1.9925e+00 -3.3251e+00 +1.4899e+00 +3.2066e+00 +2.9370e+00 -3.1610e+00
227701 +5.957786123e-04 +5.957786123e-04 +2.246059578e+01 +2.246059578e+01 -2.7372e+00 +1.3876e+00 +1.6179e+00 +9.1696e-01 +1.9600e+00 -3.3117e+00 +1.5279e+00 +3.2842e+00 +2.9555e+00 -3.1475e+00
251501 +3.893983265e-04 +3.893983265e-04 +2.246038940e+01 +2.246038940e+01 -2.7150e+00 +1.3910e+00 +1.6279e+00 +9.1497e-01 +1.9606e+00 -3.3131e+00 +1.4970e+00 +3.2849e+00 +3.0155e+00 -3.1097e+00
281251 +2.269333559e-04 +2.269333559e-04 +2.246022693e+01 +2.246022693e+01 -2.6275e+00 +1.5120e+00 +1.6327e+00 +9.1892e-01 +1.9136e+00 -3.3091e+00 +1.4941e+00 +3.3791e+00 +3.0266e+00 -3.0036e+00
292051 +1.571960083e-04 +1.571960083e-04 +2.246015720e+01 +2.246015720e+01 -2.6267e+00 +1.5121e+00 +1.6401e+00 +9.5273e-01 +1.9159e+00 -3.3050e+00 +1.4866e+00 +3.3791e+00 +3.0500e+00 -2.9930e+00
319001 +9.295191045e-05 +9.295191045e-05 +2.246009295e+01 +2.246009295e+01 -2.5897e+00 +1.5668e+00 +1.6411e+00 +9.6697e-01 +1.8668e+00 -3.2888e+00 +1.4807e+00 +3.4314e+00 +3.0272e+00 -2.8998e+00
344501 +6.077427875e-05 +6.077427875e-05 +2.246006077e+01 +2.246006077e+01 -2.5706e+00 +1.5670e+00 +1.6474e+00 +9.6688e-01 +1.8669e+00 -3.2870e+00 +1.4652e+00 +3.4317e+00 +3.0818e+00 -2.8791e+00
389278 +2.854274758e-05 +2.854274758e-05 +2.246002854e+01 +2.246002854e+01 -2.4859e+00 +1.7731e+00 +1.6554e+00 +1.0639e+00 +1.7951e+00 -3.2608e+00 +1.4496e+00 +3.5572e+00 +3.0634e+00 -2.7103e+00
389801 +2.438539823e-05 +2.438539823e-05 +2.246002439e+01 +2.246002439e+01 -2.4727e+00 +1.7731e+00 +1.6516e+00 +1.0639e+00 +1.7951e+00 -3.2608e+00 +1.4496e+00 +3.5572e+00 +3.0686e+00 -2.7103e+00
392401 +1.331051779e-05 +1.331051779e-05 +2.246001331e+01 +2.246001331e+01 -2.4820e+00 +1.7731e+00 +1.6516e+00 +1.0639e+00 +1.7951e+00 -3.2608e+00 +1.4690e+00 +3.5572e+00 +3.0686e+00 -2.7103e+00
393051 +7.948380251e-06 +7.948380251e-06 +2.246000795e+01 +2.246000795e+01 -2.4820e+00 +1.7731e+00 +1.6516e+00 +1.0639e+00 +1.7951e+00 -3.2608e+00 +1.4699e+00 +3.5572e+00 +3.0780e+00 -2.7103e+00
407901 +6.295868406e-06 +6.295868406e-06 +2.246000630e+01 +2.246000630e+01 -2.4795e+00 +1.7731e+00 +1.6484e+00 +1.0639e+00 +1.7951e+00 -3.2608e+00 +1.4591e+00 +3.5572e+00 +3.1038e+00 -2.7115e+00
447652 +1.989640495e-06 +1.989640495e-06 +2.246000199e+01 +2.246000199e+01 -2.3801e+00 +2.0380e+00 +1.6457e+00 +1.1733e+00 +1.7402e+00 -3.2612e+00 +1.4562e+00 +3.7209e+00 +3.1414e+00 -2.6160e+00
467951 +1.583225000e-06 +1.583225000e-06 +2.246000158e+01 +2.246000158e+01 -2.3801e+00 +2.0380e+00 +1.6420e+00 +1.1688e+00 +1.7402e+00 -3.2542e+00 +1.4589e+00 +3.7209e+00 +3.1477e+00 -2.6212e+00
487651 +8.598761063e-07 +8.598761063e-07 +2.246000086e+01 +2.246000086e+01 -2.3673e+00 +2.0314e+00 +1.6420e+00 +1.1688e+00 +1.7400e+00 -3.2522e+00 +1.4513e+00 +3.7182e+00 +3.1512e+00 -2.6067e+00
495001 +4.309875372e-07 +4.309875372e-07 +2.246000043e+01 +2.246000043e+01 -2.3712e+00 +2.0182e+00 +1.6435e+00 +1.1516e+00 +1.7400e+00 -3.2520e+00 +1.4522e+00 +3.7153e+00 +3.1523e+00 -2.6067e+00
495601 +3.657224710e-07 +3.657224710e-07 +2.246000037e+01 +2.246000037e+01 -2.3712e+00 +2.0141e+00 +1.6435e+00 +1.1516e+00 +1.7400e+00 -3.2520e+00 +1.4522e+00 +3.7153e+00 +3.1523e+00 -2.6067e+00
% function evaluation | noise-free fitness - Fopt (1.031400000000e+02) | best noise-free fitness - Fopt | measured fitness | best measured fitness | x1 | x2...
1 +7.756128212e+01 +7.756128212e+01 +1.807012821e+02 +1.807012821e+02 +1.5269e-01 -1.7123e+00 +1.2836e+00 -1.8235e-01 +4.9241e+00 +1.6161e+00 -4.3497e+00 -9.8485e-01 +7.1872e-01 -1.8141e+00
202 +5.761329558e+01 +5.761329558e+01 +1.607532956e+02 +1.607532956e+02 +2.6212e+00 +1.0622e+00 -3.1685e-01 +9.9622e-02 -2.6421e+00 -5.2249e-01 -1.8238e+00 +7.9296e-01 -2.0666e+00 +9.5787e-01
323 +3.858523267e+01 +3.858523267e+01 +1.417252327e+02 +1.417252327e+02 +3.7995e+00 +8.4504e-01 +4.0724e-01 +7.9819e-01 -2.1897e+00 +2.8391e+00 -4.3200e+00 +5.9645e+00 -2.4468e+00 +3.3382e-01
635 +2.389179048e+01 +2.389179048e+01 +1.270317905e+02 +1.270317905e+02 -2.1146e+00 +3.9092e-01 +2.7945e+00 +2.5221e+00 -3.0315e+00 +2.8133e+00 -8.0400e-01 +2.2965e+00 -3.1365e+00 -5.6120e-01
954 +1.407132314e+01 +1.407132314e+01 +1.172113231e+02 +1.172113231e+02 -2.6049e+00 +1.2970e+00 +8.0156e-01 +2.5942e+00 -3.5203e+00 +1.9667e+00 -1.5884e-01 +1.6395e+00 -2.7240e+00 -1.9652e-02
1351 +7.626220359e+00 +7.626220359e+00 +1.107662204e+02 +1.107662204e+02 -1.1593e+00 +1.9393e+00 +2.0681e+00 +2.3708e+00 -2.4114e+00 +1.4634e+00 -8.9681e-01 +1.9746e+00 -1.7624e+00 -2.8693e-02
1952 +6.094651787e+00 +6.094651787e+00 +1.092346518e+02 +1.092346518e+02 -2.6049e+00 +1.8652e+00 +1.5077e+00 +2.7378e+00 -3.4533e+00 +2.1886e+00 -1.4918e+00 +1.8560e+00 -2.7917e+00 +2.5982e-01
3653 +3.845212979e+00 +3.845212979e+00 +1.069852130e+02 +1.069852130e+02 -2.7733e+00 +1.5871e+00 +1.2247e+00 +2.7758e+00 -2.7757e+00 +2.3617e+00 -1.2711e+00 +2.1994e+00 -1.8310e+00 -2.0776e-01
214970 +2.286292592e+00 +2.286292592e+00 +1.054262926e+02 +1.054262926e+02 +5.3785e-01 +1.8301e+00 +3.5140e+00 -4.5873e+00 +2.4884e+00 +5.2968e-01 -2.4303e+00 +5.2848e-01 -3.5977e+00 +8.2229e-01
217153 +1.137429388e+00 +1.137429388e+00 +1.042774294e+02 +1.042774294e+02 -2.2009e+00 +1.0064e+00 +6.0556e-01 -3.9102e+00 +6.9233e-01 +9.8850e-01 -3.4652e+00 +1.0194e-01 -3.6035e+00 -2.2580e+00
218101 +8.555289248e-01 +8.555289248e-01 +1.039955289e+02 +1.039955289e+02 -7.9092e-01 +1.8327e+00 +1.8928e+00 -4.1239e+00 +1.6353e+00 +7.6736e-01 -2.9609e+00 +5.7850e-01 -4.0622e+00 -3.7206e-02
219102 +5.466425452e-01 +5.466425452e-01 +1.036866425e+02 +1.036866425e+02 -2.1418e+00 +1.0064e+00 +6.0556e-01 -3.9038e+00 +6.9233e-01 +1.1730e+00 -3.3194e+00 +1.0194e-01 -3.6035e+00 -2.2580e+00
225701 +2.697935728e-01 +2.697935728e-01 +1.034097936e+02 +1.034097936e+02 -1.5679e+00 +2.6535e-01 +1.7197e+00 -4.0784e+00 +9.6896e-01 +1.3179e+00 -2.4046e+00 -1.3709e-01 -4.2479e+00 -1.1289e+00
226151 +2.085969795e-01 +2.085969795e-01 +1.033485970e+02 +1.033485970e+02 -1.7375e+00 +2.6535e-01 +1.6513e+00 -4.0784e+00 +9.6896e-01 +1.3179e+00 -2.4046e+00 -1.3709e-01 -4.2479e+00 -1.1289e+00
233451 +1.571951930e-01 +1.571951930e-01 +1.032971952e+02 +1.032971952e+02 -1.7375e+00 +2.8427e-01 +1.6513e+00 -4.0784e+00 +9.6896e-01 +1.3179e+00 -2.3037e+00 -1.3709e-01 -4.1024e+00 -1.0580e+00
252451 +9.999409446e-02 +9.999409446e-02 +1.032399941e+02 +1.032399941e+02 -2.6696e+00 +3.0909e-01 +6.9896e-01 -3.5297e+00 +1.0846e+00 +1.2066e+00 -3.1422e+00 -3.4959e-01 -3.6280e+00 -1.6820e+00
265301 +5.976799160e-02 +5.976799160e-02 +1.031997680e+02 +1.031997680e+02 -2.6696e+00 +3.1540e-01 +8.4603e-01 -3.5297e+00 +1.0856e+00 +1.2195e+00 -3.1584e+00 -3.4959e-01 -3.6877e+00 -1.2596e+00
274401 +3.835778997e-02 +3.835778997e-02 +1.031783578e+02 +1.031783578e+02 -2.1470e+00 +3.4340e-01 +1.2246e+00 -3.6387e+00 +1.1453e+00 +1.2853e+00 -2.4656e+00 +1.0893e-01 -3.9727e+00 -6.4476e-01
302451 +2.409967667e-02 +2.409967667e-02 +1.031640997e+02 +1.031640997e+02 -2.1470e+00 +4.7442e-01 +1.1922e+00 -3.6035e+00 +1.1279e+00 +1.2853e+00 -2.5360e+00 +1.6446e-01 -4.0917e+00 -4.5955e-01
312851 +1.577725914e-02 +1.577725914e-02 +1.031557773e+02 +1.031557773e+02 -2.9691e+00 +1.9374e-01 +8.5828e-01 -3.2588e+00 +1.1480e+00 +1.1630e+00 -3.3321e+00 -4.0840e-01 -3.7769e+00 -6.7083e-01
353551 +9.578499958e-03 +9.578499958e-03 +1.031495785e+02 +1.031495785e+02 -2.6619e+00 +1.9569e-01 +1.1878e+00 -3.3789e+00 +1.1869e+00 +1.1865e+00 -3.0217e+00 -1.0806e-01 -3.8487e+00 -1.1444e-01
371801 +4.543917745e-03 +4.543917745e-03 +1.031445439e+02 +1.031445439e+02 -2.9618e+00 +1.2297e-01 +9.5691e-01 -3.1661e+00 +1.2036e+00 +1.1484e+00 -3.2780e+00 -2.6274e-01 -3.7856e+00 -2.5017e-01
378751 +3.694384422e-03 +3.694384422e-03 +1.031436944e+02 +1.031436944e+02 -2.3439e+00 +1.8249e-01 +1.4662e+00 -3.3799e+00 +1.3423e+00 +1.0985e+00 -2.8363e+00 -4.5547e-02 -3.9421e+00 +2.1412e-01
395651 +2.303065362e-03 +2.303065362e-03 +1.031423031e+02 +1.031423031e+02 -2.5884e+00 +3.3566e-01 +1.1915e+00 -3.1382e+00 +1.3375e+00 +1.2833e+00 -2.6955e+00 +4.0204e-01 -4.0744e+00 +8.9844e-01
402451 +1.465950184e-03 +1.465950184e-03 +1.031414660e+02 +1.031414660e+02 -2.5884e+00 +3.3566e-01 +1.1927e+00 -3.1444e+00 +1.3375e+00 +1.2630e+00 -2.7296e+00 +3.8489e-01 -4.0340e+00 +8.6451e-01
430951 +9.948366334e-04 +9.948366334e-04 +1.031409948e+02 +1.031409948e+02 -2.5743e+00 +3.0872e-01 +1.2206e+00 -3.1669e+00 +1.3200e+00 +1.2312e+00 -2.7673e+00 +3.1727e-01 -4.0256e+00 +7.9213e-01
