% function evaluation | noise-free fitness - Fopt (4.078000000000e+01) | best noise-free fitness - Fopt | measured fitness | best measured fitness | x1 | x2...
1 +8.463373393e+01 +8.463373393e+01 +1.254137339e+02 +1.254137339e+02
396 +6.010611689e+01 +6.010611689e+01 +1.008861169e+02 +1.008861169e+02
499 +3.951015290e+01 +3.951015290e+01 +8.029015290e+01 +8.029015290e+01
681 +2.511422613e+01 +2.511422613e+01 +6.589422613e+01 +6.589422613e+01
903 +1.578297754e+01 +1.578297754e+01 +5.656297754e+01 +5.656297754e+01
9867 +8.091660698e+00 +8.091660698e+00 +4.887166070e+01 +4.887166070e+01
9878 +6.210193844e+00 +6.210193844e+00 +4.699019384e+01 +4.699019384e+01
9941 +3.502023755e+00 +3.502023755e+00 +4.428202376e+01 +4.428202376e+01
10039 +2.156378536e+00 +2.156378536e+00 +4.293637854e+01 +4.293637854e+01
10057 +1.418832406e+00 +1.418832406e+00 +4.219883241e+01 +4.219883241e+01
10321 +6.127570732e-01 +6.127570732e-01 +4.139275707e+01 +4.139275707e+01
10392 +2.569967793e-01 +2.569967793e-01 +4.103699678e+01 +4.103699678e+01
10442 +1.568836846e-01 +1.568836846e-01 +4.093688368e+01 +4.093688368e+01
10547 +7.943591000e-02 +7.943591000e-02 +4.085943591e+01 +4.085943591e+01
10570 +5.890002209e-02 +5.890002209e-02 +4.083890002e+01 +4.083890002e+01
10738 +3.223413323e-02 +3.223413323e-02 +4.081223413e+01 +4.081223413e+01
10866 +2.488281288e-02 +2.488281288e-02 +4.080488281e+01 +4.080488281e+01
10896 +1.444871189e-02 +1.444871189e-02 +4.079444871e+01 +4.079444871e+01
11002 +9.745094069e-03 +9.745094069e-03 +4.078974509e+01 +4.078974509e+01
11014 +5.130221421e-03 +5.130221421e-03 +4.078513022e+01 +4.078513022e+01
11043 +3.570820951e-03 +3.570820951e-03 +4.078357082e+01 +4.078357082e+01
11258 +2.005399815e-03 +2.005399815e-03 +4.078200540e+01 +4.078200540e+01
11286 +1.296620180e-03 +1.296620180e-03 +4.078129662e+01 +4.078129662e+01
11308 +9.519599796e-04 +9.519599796e-04 +4.078095196e+01 +4.078095196e+01
11378 +5.238354030e-04 +5.238354030e-04 +4.078052384e+01 +4.078052384e+01
11479 +2.775615099e-04 +2.775615099e-04 +4.078027756e+01 +4.078027756e+01
11519 +2.488039511e-04 +2.488039511e-04 +4.078024880e+01 +4.078024880e+01
11739 +1.565877322e-04 +1.565877322e-04 +4.078015659e+01 +4.078015659e+01
11839 +8.944768957e-05 +8.944768957e-05 +4.078008945e+01 +4.078008945e+01
11920 +5.222373587e-05 +5.222373587e-05 +4.078005222e+01 +4.078005222e+01
11959 +3.023347645e-05 +3.023347645e-05 +4.078003023e+01 +4.078003023e+01
12170 +2.219875238e-05 +2.219875238e-05 +4.078002220e+01 +4.078002220e+01
12218 +1.034973980e-05 +1.034973980e-05 +4.078001035e+01 +4.078001035e+01
12320 +7.507327076e-06 +7.507327076e-06 +4.078000751e+01 +4.078000751e+01
12392 +6.279864131e-06 +6.279864131e-06 +4.078000628e+01 +4.078000628e+01
12404 +2.537604644e-06 +2.537604644e-06 +4.078000254e+01 +4.078000254e+01
12562 +2.286197123e-06 +2.286197123e-06 +4.078000229e+01 +4.078000229e+01
12680 +1.454826176e-06 +1.454826176e-06 +4.078000145e+01 +4.078000145e+01
12709 +8.788053805e-07 +8.788053805e-07 +4.078000088e+01 +4.078000088e+01
12787 +4.218760665e-07 +4.218760665e-07 +4.078000042e+01 +4.078000042e+01
12841 +3.666149695e-07 +3.666149695e-07 +4.078000037e+01 +4.078000037e+01
12847 +2.174489211e-07 +2.174489211e-07 +4.078000022e+01 +4.078000022e+01
12882 +9.648744737e-08 +9.648744737e-08 +4.078000010e+01 +4.078000010e+01
13192 +5.580196927e-08 +5.580196927e-08 +4.078000006e+01 +4.078000006e+01
13258 +2.494762441e-08 +2.494762441e-08 +4.078000002e+01 +4.078000002e+01
13354 +1.340399081e-08 +1.340399081e-08 +4.078000001e+01 +4.078000001e+01
13487 +7.655458489e-09 +7.655458489e-09 +4.078000001e+01 +4.078000001e+01
13489 +3.356788625e-09 +3.356788625e-09 +4.078000000e+01 +4.078000000e+01
% function evaluation | noise-free fitness - Fopt (-1.600000000000e+00) | best noise-free fitness - Fopt | measured fitness | best measured fitness | x1 | x2...
1 +8.534750022e+01 +8.534750022e+01 +8.374750022e+01 +8.374750022e+01
405 +6.121884818e+01 +6.121884818e+01 +5.961884818e+01 +5.961884818e+01
853 +3.958156860e+01 +3.958156860e+01 +3.798156860e+01 +3.798156860e+01
9763 +2.450414536e+01 +2.450414536e+01 +2.290414536e+01 +2.290414536e+01
10049 +1.539855001e+01 +1.539855001e+01 +1.379855001e+01 +1.379855001e+01
19063 +9.861648899e+00 +9.861648899e+00 +8.261648899e+00 +8.261648899e+00
19612 +6.244842485e+00 +6.244842485e+00 +4.644842485e+00 +4.644842485e+00
20136 +3.949567510e+00 +3.949567510e+00 +2.349567510e+00 +2.349567510e+00
61204 +2.511656052e+00 +2.511656052e+00 +9.116560516e-01 +9.116560516e-01
194596 +1.516678272e+00 +1.516678272e+00 -8.332172841e-02 -8.332172841e-02
195140 +9.899884109e-01 +9.899884109e-01 -6.100115891e-01 -6.100115891e-01
% function evaluation | noise-free fitness - Fopt (-3.708400000000e+02) | best noise-free fitness - Fopt | measured fitness | best measured fitness | x1 | x2...
1 +8.583681696e+01 +8.583681696e+01 -2.850031830e+02 -2.850031830e+02
542 +5.435166716e+01 +5.435166716e+01 -3.164883328e+02 -3.164883328e+02
613 +3.883055386e+01 +3.883055386e+01 -3.320094461e+02 -3.320094461e+02
703 +2.507860638e+01 +2.507860638e+01 -3.457613936e+02 -3.457613936e+02
827 +1.334909970e+01 +1.334909970e+01 -3.574909003e+02 -3.574909003e+02
1013 +8.946610773e+00 +8.946610773e+00 -3.618933892e+02 -3.618933892e+02
1237 +6.165209596e+00 +6.165209596e+00 -3.646747904e+02 -3.646747904e+02
1812 +3.916837960e+00 +3.916837960e+00 -3.669231620e+02 -3.669231620e+02
10172 +2.483310173e+00 +2.483310173e+00 -3.683566898e+02 -3.683566898e+02
96983 +1.564420395e+00 +1.564420395e+00 -3.692755796e+02 -3.692755796e+02
140438 +9.012224492e-01 +9.012224492e-01 -3.699387776e+02 -3.699387776e+02
140509 +5.755456967e-01 +5.755456967e-01 -3.702644543e+02 -3.702644543e+02
140659 +3.854169892e-01 +3.854169892e-01 -3.704545830e+02 -3.704545830e+02
140710 +1.983939172e-01 +1.983939172e-01 -3.706416061e+02 -3.706416061e+02
140833 +1.454228672e-01 +1.454228672e-01 -3.706945771e+02 -3.706945771e+02
141023 +9.300407894e-02 +9.300407894e-02 -3.707469959e+02 -3.707469959e+02
141066 +5.618564914e-02 +5.618564914e-02 -3.707838144e+02 -3.707838144e+02
141081 +3.639151633e-02 +3.639151633e-02 -3.708036085e+02 -3.708036085e+02
141247 +2.201452629e-02 +2.201452629e-02 -3.708179855e+02 -3.708179855e+02
141325 +1.423882647e-02 +1.423882647e-02 -3.708257612e+02 -3.708257612e+02
141390 +7.798295009e-03 +7.798295009e-03 -3.708322017e+02 -3.708322017e+02
141451 +4.135919161e-03 +4.135919161e-03 -3.708358641e+02 -3.708358641e+02
141487 +3.938046531e-03 +3.938046531e-03 -3.708360620e+02 -3.708360620e+02
141682 +1.763335165e-03 +1.763335165e-03 -3.708382367e+02 -3.708382367e+02
141723 +1.202014369e-03 +1.202014369e-03 -3.708387980e+02 -3.708387980e+02
141775 +9.101734053e-04 +9.101734053e-04 -3.708390898e+02 -3.708390898e+02
141890 +5.695212151e-04 +5.695212151e-04 -3.708394305e+02 -3.708394305e+02
141915 +3.663887611e-04 +3.663887611e-04 -3.708396336e+02 -3.708396336e+02
142122 +2.382762950e-04 +2.382762950e-04 -3.708397617e+02 -3.708397617e+02
142195 +1.358729793e-04 +1.358729793e-04 -3.708398641e+02 -3.708398641e+02
142293 +7.673469690e-05 +7.673469690e-05 -3.708399233e+02 -3.708399233e+02
142315 +5.924696131e-05 +5.924696131e-05 -3.708399408e+02 -3.708399408e+02
142444 +3.278296623e-05 +3.278296623e-05 -3.708399672e+02 -3.708399672e+02
142503 +2.375048865e-05 +2.375048865e-05 -3.708399762e+02 -3.708399762e+02
142770 +8.599919170e-06 +8.599919170e-06 -3.708399914e+02 -3.708399914e+02
142900 +5.822325306e-06 +5.822325306e-06 -3.708399942e+02 -3.708399942e+02
142958 +3.627420483e-06 +3.627420483e-06 -3.708399964e+02 -3.708399964e+02
143012 +2.091039448e-06 +2.091039448e-06 -3.708399979e+02 -3.708399979e+02
143166 +1.556577104e-06 +1.556577104e-06 -3.708399984e+02 -3.708399984e+02
143219 +7.123347245e-07 +7.123347245e-07 -3.708399993e+02 -3.708399993e+02
143292 +6.289213843e-07 +6.289213843e-07 -3.708399994e+02 -3.708399994e+02
143479 +3.943688967e-07 +3.943688967e-07 -3.708399996e+02 -3.708399996e+02
143524 +2.495842750e-07 +2.495842750e-07 -3.708399998e+02 -3.708399998e+02
143636 +1.492380761e-07 +1.492380761e-07 -3.708399999e+02 -3.708399999e+02
143658 +9.537728829e-08 +9.537728829e-08 -3.708399999e+02 -3.708399999e+02
143673 +5.927165603e-08 +5.927165603e-08 -3.708399999e+02 -3.708399999e+02
143784 +3.877727295e-08 +3.877727295e-08 -3.708400000e+02 -3.708400000e+02
143824 +2.487718120e-08 +2.487718120e-08 -3.708400000e+02 -3.708400000e+02
143931 +1.311434517e-08 +1.311434517e-08 -3.708400000e+02 -3.708400000e+02
144075 +8.644235550e-09 +8.644235550e-09 -3.708400000e+02 -3.708400000e+02
144077 +3.401396498e-09 +3.401396498e-09 -3.708400000e+02 -3.708400000e+02
% function evaluation | noise-free fitness - Fopt (-3.256000000000e+01) | best noise-free fitness - Fopt | measured fitness | best measured fitness | x1 | x2...
1 +8.602337442e+01 +8.602337442e+01 +5.346337442e+01 +5.346337442e+01
419 +6.132000453e+01 +6.132000453e+01 +2.876000453e+01 +2.876000453e+01
613 +3.558509173e+01 +3.558509173e+01 +3.025091730e+00 +3.025091730e+00
679 +2.121671611e+01 +2.121671611e+01 -1.134328389e+01 -1.134328389e+01
742 +1.562899709e+01 +1.562899709e+01 -1.693100291e+01 -1.693100291e+01
789 +9.536168453e+00 +9.536168453e+00 -2.302383155e+01 -2.302383155e+01
1009 +5.756839949e+00 +5.756839949e+00 -2.680316005e+01 -2.680316005e+01
1148 +3.318446502e+00 +3.318446502e+00 -2.924155350e+01 -2.924155350e+01
1375 +2.509254965e+00 +2.509254965e+00 -3.005074503e+01 -3.005074503e+01
19761 +1.583933684e+00 +1.583933684e+00 -3.097606632e+01 -3.097606632e+01
37081 +9.806519374e-01 +9.806519374e-01 -3.157934806e+01 -3.157934806e+01
176940 +6.300369919e-01 +6.300369919e-01 -3.192996301e+01 -3.192996301e+01
177013 +3.872612431e-01 +3.872612431e-01 -3.217273876e+01 -3.217273876e+01
177184 +2.017818807e-01 +2.017818807e-01 -3.235821812e+01 -3.235821812e+01
177252 +1.363140803e-01 +1.363140803e-01 -3.242368592e+01 -3.242368592e+01
177385 +8.940596094e-02 +8.940596094e-02 -3.247059404e+01 -3.247059404e+01
177433 +5.369007988e-02 +5.369007988e-02 -3.250630992e+01 -3.250630992e+01
177571 +3.782524147e-02 +3.782524147e-02 -3.252217476e+01 -3.252217476e+01
177681 +2.016802990e-02 +2.016802990e-02 -3.253983197e+01 -3.253983197e+01
177732 +1.258485065e-02 +1.258485065e-02 -3.254741515e+01 -3.254741515e+01
177793 +8.426247854e-03 +8.426247854e-03 -3.255157375e+01 -3.255157375e+01
177816 +3.764998855e-03 +3.764998855e-03 -3.255623500e+01 -3.255623500e+01
178038 +1.577047607e-03 +1.577047607e-03 -3.255842295e+01 -3.255842295e+01
178077 +9.313262738e-04 +9.313262738e-04 -3.255906867e+01 -3.255906867e+01
178278 +3.467059460e-04 +3.467059460e-04 -3.255965329e+01 -3.255965329e+01
178364 +2.419601324e-04 +2.419601324e-04 -3.255975804e+01 -3.255975804e+01
178460 +1.429859915e-04 +1.429859915e-04 -3.255985701e+01 -3.255985701e+01
178538 +9.041737064e-05 +9.041737064e-05 -3.255990958e+01 -3.255990958e+01
178703 +3.532362673e-05 +3.532362673e-05 -3.255996468e+01 -3.255996468e+01
178775 +2.426943152e-05 +2.426943152e-05 -3.255997573e+01 -3.255997573e+01
178812 +1.506541576e-05 +1.506541576e-05 -3.255998493e+01 -3.255998493e+01
178971 +6.628540802e-06 +6.628540802e-06 -3.255999337e+01 -3.255999337e+01
179130 +6.148027417e-06 +6.148027417e-06 -3.255999385e+01 -3.255999385e+01
179195 +3.747821701e-06 +3.747821701e-06 -3.255999625e+01 -3.255999625e+01
179314 +1.855642758e-06 +1.855642758e-06 -3.255999814e+01 -3.255999814e+01
179429 +1.241734196e-06 +1.241734196e-06 -3.255999876e+01 -3.255999876e+01
179441 +9.926416169e-07 +9.926416169e-07 -3.255999901e+01 -3.255999901e+01
179485 +6.269787249e-07 +6.269787249e-07 -3.255999937e+01 -3.255999937e+01
179635 +3.894534686e-07 +3.894534686e-07 -3.255999961e+01 -3.255999961e+01
179828 +2.184550780e-07 +2.184550780e-07 -3.255999978e+01 -3.255999978e+01
179889 +8.748141767e-08 +8.748141767e-08 -3.255999991e+01 -3.255999991e+01
179965 +6.306979117e-08 +6.306979117e-08 -3.255999994e+01 -3.255999994e+01
180120 +3.533190807e-08 +3.533190807e-08 -3.255999996e+01 -3.255999996e+01
180160 +1.935965344e-08 +1.935965344e-08 -3.255999998e+01 -3.255999998e+01
180223 +1.252278281e-08 +1.252278281e-08 -3.255999999e+01 -3.255999999e+01
180377 +7.610196917e-09 +7.610196917e-09 -3.255999999e+01 -3.255999999e+01
180385 +2.746993744e-09 +2.746993744e-09 -3.256000000e+01 -3.256000000e+01
% function evaluation | noise-free fitness - Fopt (5.154000000000e+02) | best noise-free fitness - Fopt | measured fitness | best measured fitness | x1 | x2...
1 +8.447452095e+01 +8.447452095e+01 +5.998745209e+02 +5.998745209e+02
285 +5.918925787e+01 +5.918925787e+01 +5.745892579e+02 +5.745892579e+02
378 +2.908160140e+01 +2.908160140e+01 +5.444816014e+02 +5.444816014e+02
482 +2.427844772e+01 +2.427844772e+01 +5.396784477e+02 +5.396784477e+02
649 +1.576899566e+01 +1.576899566e+01 +5.311689957e+02 +5.311689957e+02
757 +6.970881911e+00 +6.970881911e+00 +5.223708819e+02 +5.223708819e+02
830 +5.806007982e+00 +5.806007982e+00 +5.212060080e+02 +5.212060080e+02
857 +2.861925233e+00 +2.861925233e+00 +5.182619252e+02 +5.182619252e+02
934 +2.182330665e+00 +2.182330665e+00 +5.175823307e+02 +5.175823307e+02
1068 +1.539166877e+00 +1.539166877e+00 +5.169391669e+02 +5.169391669e+02
1115 +7.329731881e-01 +7.329731881e-01 +5.161329732e+02 +5.161329732e+02
1164 +5.818422296e-01 +5.818422296e-01 +5.159818422e+02 +5.159818422e+02
1322 +2.777999838e-01 +2.777999838e-01 +5.156778000e+02 +5.156778000e+02
1374 +1.972321926e-01 +1.972321926e-01 +5.155972322e+02 +5.155972322e+02
1467 +1.377799469e-01 +1.377799469e-01 +5.155377799e+02 +5.155377799e+02
1548 +9.418900646e-02 +9.418900646e-02 +5.154941890e+02 +5.154941890e+02
1615 +5.621319367e-02 +5.621319367e-02 +5.154562132e+02 +5.154562132e+02
1787 +3.733292687e-02 +3.733292687e-02 +5.154373329e+02 +5.154373329e+02
1842 +2.112834350e-02 +2.112834350e-02 +5.154211283e+02 +5.154211283e+02
1883 +1.510693577e-02 +1.510693577e-02 +5.154151069e+02 +5.154151069e+02
2000 +9.266672802e-03 +9.266672802e-03 +5.154092667e+02 +5.154092667e+02
2024 +5.424955724e-03 +5.424955724e-03 +5.154054250e+02 +5.154054250e+02
2136 +3.903194608e-03 +3.903194608e-03 +5.154039032e+02 +5.154039032e+02
2306 +2.186726275e-03 +2.186726275e-03 +5.154021867e+02 +5.154021867e+02
2330 +1.146105420e-03 +1.146105420e-03 +5.154011461e+02 +5.154011461e+02
2387 +9.401513073e-04 +9.401513073e-04 +5.154009402e+02 +5.154009402e+02
2425 +4.547499224e-04 +4.547499224e-04 +5.154004547e+02 +5.154004547e+02
2465 +3.648565888e-04 +3.648565888e-04 +5.154003649e+02 +5.154003649e+02
2643 +2.376713520e-04 +2.376713520e-04 +5.154002377e+02 +5.154002377e+02
2702 +1.471859756e-04 +1.471859756e-04 +5.154001472e+02 +5.154001472e+02
2748 +7.776224277e-05 +7.776224277e-05 +5.154000778e+02 +5.154000778e+02
2852 +4.446767082e-05 +4.446767082e-05 +5.154000445e+02 +5.154000445e+02
2883 +3.369138585e-05 +3.369138585e-05 +5.154000337e+02 +5.154000337e+02
2986 +2.302362009e-05 +2.302362009e-05 +5.154000230e+02 +5.154000230e+02
3137 +1.202054420e-05 +1.202054420e-05 +5.154000120e+02 +5.154000120e+02
3143 +7.062329814e-06 +7.062329814e-06 +5.154000071e+02 +5.154000071e+02
3221 +5.891454862e-06 +5.891454862e-06 +5.154000059e+02 +5.154000059e+02
3269 +3.227401521e-06 +3.227401521e-06 +5.154000032e+02 +5.154000032e+02
3334 +2.052350737e-06 +2.052350737e-06 +5.154000021e+02 +5.154000021e+02
3447 +1.513831421e-06 +1.513831421e-06 +5.154000015e+02 +5.154000015e+02
3500 +5.823796982e-07 +5.823796982e-07 +5.154000006e+02 +5.154000006e+02
3617 +3.812351679e-07 +3.812351679e-07 +5.154000004e+02 +5.154000004e+02
3622 +2.261681402e-07 +2.261681402e-07 +5.154000002e+02 +5.154000002e+02
3711 +9.812083590e-08 +9.812083590e-08 +5.154000001e+02 +5.154000001e+02
3860 +5.958236216e-08 +5.958236216e-08 +5.154000001e+02 +5.154000001e+02
3922 +3.487411959e-08 +3.487411959e-08 +5.154000000e+02 +5.154000000e+02
4080 +1.889623036e-08 +1.889623036e-08 +5.154000000e+02 +5.154000000e+02
4091 +1.551256901e-08 +1.551256901e-08 +5.154000000e+02 +5.154000000e+02
4213 +5.339984455e-09 +5.339984455e-09 +5.154000000e+02 +5.154000000e+02
4217 +3.053287401e-09 +3.053287401e-09 +5.154000000e+02 +5.154000000e+02
% function evaluation | noise-free fitness - Fopt (-2.145900000000e+02) | best noise-free fitness - Fopt | measured fitness | best measured fitness | x1 | x2...
1 +8.284637283e+01 +8.284637283e+01 -1.317436272e+02 -1.317436272e+02
275 +5.886981192e+01 +5.886981192e+01 -1.557201881e+02 -1.557201881e+02
339 +3.545023894e+01 +3.545023894e+01 -1.791397611e+02 -1.791397611e+02
392 +2.356428150e+01 +2.356428150e+01 -1.910257185e+02 -1.910257185e+02
446 +1.386428980e+01 +1.386428980e+01 -2.007257102e+02 -2.007257102e+02
660 +9.833723100e+00 +9.833723100e+00 -2.047562769e+02 -2.047562769e+02
791 +5.967974023e+00 +5.967974023e+00 -2.086220260e+02 -2.086220260e+02
817 +3.120589718e+00 +3.120589718e+00 -2.114694103e+02 -2.114694103e+02
919 +2.104057166e+00 +2.104057166e+00 -2.124859428e+02 -2.124859428e+02
1108 +1.492862672e+00 +1.492862672e+00 -2.130971373e+02 -2.130971373e+02
1353 +9.794954249e-01 +9.794954249e-01 -2.136105046e+02 -2.136105046e+02
199582 +5.825956208e-01 +5.825956208e-01 -2.140074044e+02 -2.140074044e+02
199692 +2.531821912e-01 +2.531821912e-01 -2.143368178e+02 -2.143368178e+02
199696 +2.315655320e-01 +2.315655320e-01 -2.143584345e+02 -2.143584345e+02
199751 +1.542925623e-01 +1.542925623e-01 -2.144357074e+02 -2.144357074e+02
199871 +9.584167539e-02 +9.584167539e-02 -2.144941583e+02 -2.144941583e+02
199999 +5.219831527e-02 +5.219831527e-02 -2.145378017e+02 -2.145378017e+02
200070 +3.945633119e-02 +3.945633119e-02 -2.145505437e+02 -2.145505437e+02
200172 +2.351950895e-02 +2.351950895e-02 -2.145664805e+02 -2.145664805e+02
200271 +1.431561932e-02 +1.431561932e-02 -2.145756844e+02 -2.145756844e+02
200361 +9.997471415e-03 +9.997471415e-03 -2.145800025e+02 -2.145800025e+02
200420 +5.236424066e-03 +5.236424066e-03 -2.145847636e+02 -2.145847636e+02
200528 +3.700471654e-03 +3.700471654e-03 -2.145862995e+02 -2.145862995e+02
200602 +2.285357492e-03 +2.285357492e-03 -2.145877146e+02 -2.145877146e+02
200650 +1.482037902e-03 +1.482037902e-03 -2.145885180e+02 -2.145885180e+02
200724 +9.709631297e-04 +9.709631297e-04 -2.145890290e+02 -2.145890290e+02
200802 +6.306090521e-04 +6.306090521e-04 -2.145893694e+02 -2.145893694e+02
200888 +3.147648539e-04 +3.147648539e-04 -2.145896852e+02 -2.145896852e+02
200958 +2.096751439e-04 +2.096751439e-04 -2.145897903e+02 -2.145897903e+02
201033 +1.312158447e-04 +1.312158447e-04 -2.145898688e+02 -2.145898688e+02
201173 +4.287363254e-05 +4.287363254e-05 -2.145899571e+02 -2.145899571e+02
201264 +2.919174406e-05 +2.919174406e-05 -2.145899708e+02 -2.145899708e+02
201295 +2.369683580e-05 +2.369683580e-05 -2.145899763e+02 -2.145899763e+02
201345 +1.085520950e-05 +1.085520950e-05 -2.145899891e+02 -2.145899891e+02
201436 +8.928512443e-06 +8.928512443e-06 -2.145899911e+02 -2.145899911e+02
201589 +5.757164928e-06 +5.757164928e-06 -2.145899942e+02 -2.145899942e+02
201644 +2.527911960e-06 +2.527911960e-06 -2.145899975e+02 -2.145899975e+02
201696 +2.056606405e-06 +2.056606405e-06 -2.145899979e+02 -2.145899979e+02
201847 +1.553346067e-06 +1.553346067e-06 -2.145899984e+02 -2.145899984e+02
201908 +6.112233280e-07 +6.112233280e-07 -2.145899994e+02 -2.145899994e+02
201967 +2.424886816e-07 +2.424886816e-07 -2.145899998e+02 -2.145899998e+02
202179 +1.528206610e-07 +1.528206610e-07 -2.145899998e+02 -2.145899998e+02
202241 +9.266204870e-08 +9.266204870e-08 -2.145899999e+02 -2.145899999e+02
202272 +5.559761007e-08 +5.559761007e-08 -2.145899999e+02 -2.145899999e+02
202323 +2.762237727e-08 +2.762237727e-08 -2.145900000e+02 -2.145900000e+02
202383 +1.386976578e-08 +1.386976578e-08 -2.145900000e+02 -2.145900000e+02
202675 +9.614325336e-09 +9.614325336e-09 -2.145900000e+02 -2.145900000e+02
202681 +3.333781251e-09 +3.333781251e-09 -2.145900000e+02 -2.145900000e+02
% function evaluation | noise-free fitness - Fopt (2.727100000000e+02) | best noise-free fitness - Fopt | measured fitness | best measured fitness | x1 | x2...
1 +8.574971235e+01 +8.574971235e+01 +3.584597124e+02 +3.584597124e+02
248 +6.183906742e+01 +6.183906742e+01 +3.345490674e+02 +3.345490674e+02
327 +3.164267066e+01 +3.164267066e+01 +3.043526707e+02 +3.043526707e+02
452 +2.258504550e+01 +2.258504550e+01 +2.952950455e+02 +2.952950455e+02
632 +1.566592245e+01 +1.566592245e+01 +2.883759224e+02 +2.883759224e+02
692 +9.744257360e+00 +9.744257360e+00 +2.824542574e+02 +2.824542574e+02
827 +6.163414774e+00 +6.163414774e+00 +2.788734148e+02 +2.788734148e+02
888 +3.506974347e+00 +3.506974347e+00 +2.762169743e+02 +2.762169743e+02
1001 +2.508642387e+00 +2.508642387e+00 +2.752186424e+02 +2.752186424e+02
1954 +1.583040773e+00 +1.583040773e+00 +2.742930408e+02 +2.742930408e+02
44579 +7.753281761e-01 +7.753281761e-01 +2.734853282e+02 +2.734853282e+02
44601 +5.466031153e-01 +5.466031153e-01 +2.732566031e+02 +2.732566031e+02
44711 +3.917675249e-01 +3.917675249e-01 +2.731017675e+02 +2.731017675e+02
44818 +2.056057536e-01 +2.056057536e-01 +2.729156058e+02 +2.729156058e+02
44939 +1.455821779e-01 +1.455821779e-01 +2.728555822e+02 +2.728555822e+02
45029 +8.728763802e-02 +8.728763802e-02 +2.727972876e+02 +2.727972876e+02
45109 +4.556534852e-02 +4.556534852e-02 +2.727555653e+02 +2.727555653e+02
45179 +3.401784067e-02 +3.401784067e-02 +2.727440178e+02 +2.727440178e+02
45248 +2.284163372e-02 +2.284163372e-02 +2.727328416e+02 +2.727328416e+02
45405 +1.477101463e-02 +1.477101463e-02 +2.727247710e+02 +2.727247710e+02
45429 +7.226307991e-03 +7.226307991e-03 +2.727172263e+02 +2.727172263e+02
45457 +4.727741604e-03 +4.727741604e-03 +2.727147277e+02 +2.727147277e+02
45536 +3.925027983e-03 +3.925027983e-03 +2.727139250e+02 +2.727139250e+02
45712 +2.340402534e-03 +2.340402534e-03 +2.727123404e+02 +2.727123404e+02
45734 +8.929690367e-04 +8.929690367e-04 +2.727108930e+02 +2.727108930e+02
45904 +3.902771563e-04 +3.902771563e-04 +2.727103903e+02 +2.727103903e+02
45964 +2.311077941e-04 +2.311077941e-04 +2.727102311e+02 +2.727102311e+02
46096 +1.332429694e-04 +1.332429694e-04 +2.727101332e+02 +2.727101332e+02
46186 +9.494038591e-05 +9.494038591e-05 +2.727100949e+02 +2.727100949e+02
46266 +5.662714744e-05 +5.662714744e-05 +2.727100566e+02 +2.727100566e+02
46386 +3.522952107e-05 +3.522952107e-05 +2.727100352e+02 +2.727100352e+02
46453 +2.395706673e-05 +2.395706673e-05 +2.727100240e+02 +2.727100240e+02
46475 +1.574187769e-05 +1.574187769e-05 +2.727100157e+02 +2.727100157e+02
46534 +7.599200160e-06 +7.599200160e-06 +2.727100076e+02 +2.727100076e+02
46703 +6.077127694e-06 +6.077127694e-06 +2.727100061e+02 +2.727100061e+02
46738 +3.306186670e-06 +3.306186670e-06 +2.727100033e+02 +2.727100033e+02
46768 +1.988217150e-06 +1.988217150e-06 +2.727100020e+02 +2.727100020e+02
46856 +1.570431834e-06 +1.570431834e-06 +2.727100016e+02 +2.727100016e+02
46957 +9.059170907e-07 +9.059170907e-07 +2.727100009e+02 +2.727100009e+02
47050 +5.797434142e-07 +5.797434142e-07 +2.727100006e+02 +2.727100006e+02
47077 +3.552122507e-07 +3.552122507e-07 +2.727100004e+02 +2.727100004e+02
47242 +2.256128937e-07 +2.256128937e-07 +2.727100002e+02 +2.727100002e+02
47279 +1.476448119e-07 +1.476448119e-07 +2.727100001e+02 +2.727100001e+02
47379 +8.980020993e-08 +8.980020993e-08 +2.727100001e+02 +2.727100001e+02
47427 +6.017347687e-08 +6.017347687e-08 +2.727100001e+02 +2.727100001e+02
47616 +3.736403187e-08 +3.736403187e-08 +2.727100000e+02 +2.727100000e+02
47673 +2.017827683e-08 +2.017827683e-08 +2.727100000e+02 +2.727100000e+02
47693 +1.263788363e-08 +1.263788363e-08 +2.727100000e+02 +2.727100000e+02
47775 +9.510017662e-09 +9.510017662e-09 +2.727100000e+02 +2.727100000e+02
% function evaluation | noise-free fitness - Fopt (-6.026000000000e+01) | best noise-free fitness - Fopt | measured fitness | best measured fitness | x1 | x2...
1 +8.561111505e+01 +8.561111505e+01 +2.535111505e+01 +2.535111505e+01
384 +6.283781902e+01 +6.283781902e+01 +2.577819022e+00 +2.577819022e+00
509 +3.777601181e+01 +3.777601181e+01 -2.248398819e+01 -2.248398819e+01
730 +2.234073730e+01 +2.234073730e+01 -3.791926270e+01 -3.791926270e+01
998 +1.495902279e+01 +1.495902279e+01 -4.530097721e+01 -4.530097721e+01
2041 +9.998818428e+00 +9.998818428e+00 -5.026118157e+01 -5.026118157e+01
36032 +5.356229927e+00 +5.356229927e+00 -5.490377007e+01 -5.490377007e+01
36278 +3.927734402e+00 +3.927734402e+00 -5.633226560e+01 -5.633226560e+01
36554 +2.492760881e+00 +2.492760881e+00 -5.776723912e+01 -5.776723912e+01
52870 +1.544007364e+00 +1.544007364e+00 -5.871599264e+01 -5.871599264e+01
53362 +9.971106544e-01 +9.971106544e-01 -5.926288935e+01 -5.926288935e+01
105786 +6.017568400e-01 +6.017568400e-01 -5.965824316e+01 -5.965824316e+01
105900 +3.590800547e-01 +3.590800547e-01 -5.990091995e+01 -5.990091995e+01
105942 +1.661149522e-01 +1.661149522e-01 -6.009388505e+01 -6.009388505e+01
106017 +1.549224480e-01 +1.549224480e-01 -6.010507755e+01 -6.010507755e+01
106246 +9.775843469e-02 +9.775843469e-02 -6.016224157e+01 -6.016224157e+01
106273 +5.352092441e-02 +5.352092441e-02 -6.020647908e+01 -6.020647908e+01
106405 +3.949172248e-02 +3.949172248e-02 -6.022050828e+01 -6.022050828e+01
106413 +1.779788182e-02 +1.779788182e-02 -6.024220212e+01 -6.024220212e+01
106429 +1.535305071e-02 +1.535305071e-02 -6.024464695e+01 -6.024464695e+01
106623 +9.254936566e-03 +9.254936566e-03 -6.025074506e+01 -6.025074506e+01
106808 +5.610628848e-03 +5.610628848e-03 -6.025438937e+01 -6.025438937e+01
106813 +3.906236001e-03 +3.906236001e-03 -6.025609376e+01 -6.025609376e+01
106991 +1.514809951e-03 +1.514809951e-03 -6.025848519e+01 -6.025848519e+01
107163 +8.714441685e-04 +8.714441685e-04 -6.025912856e+01 -6.025912856e+01
107359 +4.904223761e-04 +4.904223761e-04 -6.025950958e+01 -6.025950958e+01
107378 +3.355381121e-04 +3.355381121e-04 -6.025966446e+01 -6.025966446e+01
107483 +2.477719787e-04 +2.477719787e-04 -6.025975223e+01 -6.025975223e+01
107574 +1.148068209e-04 +1.148068209e-04 -6.025988519e+01 -6.025988519e+01
107580 +9.864890099e-05 +9.864890099e-05 -6.025990135e+01 -6.025990135e+01
107734 +6.147375338e-05 +6.147375338e-05 -6.025993853e+01 -6.025993853e+01
107810 +3.240724065e-05 +3.240724065e-05 -6.025996759e+01 -6.025996759e+01
107944 +2.230896629e-05 +2.230896629e-05 -6.025997769e+01 -6.025997769e+01
107984 +1.495804457e-05 +1.495804457e-05 -6.025998504e+01 -6.025998504e+01
108012 +9.705677826e-06 +9.705677826e-06 -6.025999029e+01 -6.025999029e+01
108160 +6.194223793e-06 +6.194223793e-06 -6.025999381e+01 -6.025999381e+01
108196 +2.080895996e-06 +2.080895996e-06 -6.025999792e+01 -6.025999792e+01
108361 +1.565732759e-06 +1.565732759e-06 -6.025999843e+01 -6.025999843e+01
108418 +8.969455578e-07 +8.969455578e-07 -6.025999910e+01 -6.025999910e+01
108513 +5.235409688e-07 +5.235409688e-07 -6.025999948e+01 -6.025999948e+01
108591 +3.777775035e-07 +3.777775035e-07 -6.025999962e+01 -6.025999962e+01
108631 +2.247275077e-07 +2.247275077e-07 -6.025999978e+01 -6.025999978e+01
108645 +1.540970231e-07 +1.540970231e-07 -6.025999985e+01 -6.025999985e+01
108795 +9.639082066e-08 +9.639082066e-08 -6.025999990e+01 -6.025999990e+01
108830 +6.128549757e-08 +6.128549757e-08 -6.025999994e+01 -6.025999994e+01
108992 +2.655492892e-08 +2.655492892e-08 -6.025999997e+01 -6.025999997e+01
109015 +1.881021916e-08 +1.881021916e-08 -6.025999998e+01 -6.025999998e+01
109055 +1.546500528e-08 +1.546500528e-08 -6.025999998e+01 -6.025999998e+01
109216 +8.373746141e-09 +8.373746141e-09 -6.025999999e+01 -6.025999999e+01
109226 +3.167095031e-09 +3.167095031e-09 -6.026000000e+01 -6.026000000e+01
% function evaluation | noise-free fitness - Fopt (-3.525000000000e+01) | best noise-free fitness - Fopt | measured fitness | best measured fitness | x1 | x2...
1 +8.614270831e+01 +8.614270831e+01 +5.089270831e+01 +5.089270831e+01
371 +6.129643975e+01 +6.129643975e+01 +2.604643975e+01 +2.604643975e+01
436 +3.164942280e+01 +3.164942280e+01 -3.600577203e+00 -3.600577203e+00
510 +2.172708445e+01 +2.172708445e+01 -1.352291555e+01 -1.352291555e+01
624 +1.503243262e+01 +1.503243262e+01 -2.021756738e+01 -2.021756738e+01
699 +9.644805458e+00 +9.644805458e+00 -2.560519454e+01 -2.560519454e+01
911 +5.240334868e+00 +5.240334868e+00 -3.000966513e+01 -3.000966513e+01
970 +3.848566124e+00 +3.848566124e+00 -3.140143388e+01 -3.140143388e+01
1071 +2.227448013e+00 +2.227448013e+00 -3.302255199e+01 -3.302255199e+01
88407 +1.516569038e+00 +1.516569038e+00 -3.373343096e+01 -3.373343096e+01
88507 +9.383987700e-01 +9.383987700e-01 -3.431160123e+01 -3.431160123e+01
88535 +6.285421476e-01 +6.285421476e-01 -3.462145785e+01 -3.462145785e+01
88717 +3.581000236e-01 +3.581000236e-01 -3.489189998e+01 -3.489189998e+01
88794 +1.461563075e-01 +1.461563075e-01 -3.510384369e+01 -3.510384369e+01
88898 +9.133047870e-02 +9.133047870e-02 -3.515866952e+01 -3.515866952e+01
89004 +3.444844858e-02 +3.444844858e-02 -3.521555155e+01 -3.521555155e+01
89146 +2.099811534e-02 +2.099811534e-02 -3.522900188e+01 -3.522900188e+01
89234 +1.504572563e-02 +1.504572563e-02 -3.523495427e+01 -3.523495427e+01
89354 +7.065463621e-03 +7.065463621e-03 -3.524293454e+01 -3.524293454e+01
89373 +5.569102965e-03 +5.569102965e-03 -3.524443090e+01 -3.524443090e+01
89526 +3.747183555e-03 +3.747183555e-03 -3.524625282e+01 -3.524625282e+01
89606 +2.243751221e-03 +2.243751221e-03 -3.524775625e+01 -3.524775625e+01
89645 +1.538140293e-03 +1.538140293e-03 -3.524846186e+01 -3.524846186e+01
89717 +9.150523268e-04 +9.150523268e-04 -3.524908495e+01 -3.524908495e+01
89793 +5.663203593e-04 +5.663203593e-04 -3.524943368e+01 -3.524943368e+01
89872 +3.803921838e-04 +3.803921838e-04 -3.524961961e+01 -3.524961961e+01
89941 +2.357410818e-04 +2.357410818e-04 -3.524976426e+01 -3.524976426e+01
90038 +1.011278700e-04 +1.011278700e-04 -3.524989887e+01 -3.524989887e+01
90084 +8.778455259e-05 +8.778455259e-05 -3.524991222e+01 -3.524991222e+01
90226 +4.267220067e-05 +4.267220067e-05 -3.524995733e+01 -3.524995733e+01
90264 +2.874696747e-05 +2.874696747e-05 -3.524997125e+01 -3.524997125e+01
90418 +2.487532515e-05 +2.487532515e-05 -3.524997512e+01 -3.524997512e+01
90520 +6.775255699e-06 +6.775255699e-06 -3.524999322e+01 -3.524999322e+01
90672 +5.816845146e-06 +5.816845146e-06 -3.524999418e+01 -3.524999418e+01
90712 +3.866092776e-06 +3.866092776e-06 -3.524999613e+01 -3.524999613e+01
90759 +2.353902154e-06 +2.353902154e-06 -3.524999765e+01 -3.524999765e+01
90883 +1.272918738e-06 +1.272918738e-06 -3.524999873e+01 -3.524999873e+01
90955 +6.365440939e-07 +6.365440939e-07 -3.524999936e+01 -3.524999936e+01
90984 +5.980417725e-07 +5.980417725e-07 -3.524999940e+01 -3.524999940e+01
91122 +3.514483211e-07 +3.514483211e-07 -3.524999965e+01 -3.524999965e+01
91193 +1.900105318e-07 +1.900105318e-07 -3.524999981e+01 -3.524999981e+01
91247 +1.525697968e-07 +1.525697968e-07 -3.524999985e+01 -3.524999985e+01
91264 +9.710518611e-08 +9.710518611e-08 -3.524999990e+01 -3.524999990e+01
91440 +5.628238142e-08 +5.628238142e-08 -3.524999994e+01 -3.524999994e+01
91561 +3.642610835e-08 +3.642610835e-08 -3.524999996e+01 -3.524999996e+01
91590 +2.358883933e-08 +2.358883933e-08 -3.524999998e+01 -3.524999998e+01
91642 +1.555217466e-08 +1.555217466e-08 -3.524999998e+01 -3.524999998e+01
91864 +9.768172049e-09 +9.768172049e-09 -3.524999999e+01 -3.524999999e+01
91867 +4.858485170e-09 +4.858485170e-09 -3.525000000e+01 -3.525000000e+01
% function evaluation | noise-free fitness - Fopt (-2.751100000000e+02) | best noise-free fitness - Fopt | measured fitness | best measured fitness | x1 | x2...
1 +8.384375945e+01 +8.384375945e+01 -1.912662406e+02 -1.912662406e+02
431 +6.105532436e+01 +6.105532436e+01 -2.140546756e+02 -2.140546756e+02
776 +3.838441476e+01 +3.838441476e+01 -2.367255852e+02 -2.367255852e+02
9984 +2.430484382e+01 +2.430484382e+01 -2.508051562e+02 -2.508051562e+02
10161 +1.465409255e+01 +1.465409255e+01 -2.604559075e+02 -2.604559075e+02
10430 +9.788159253e+00 +9.788159253e+00 -2.653218407e+02 -2.653218407e+02
28948 +5.943834264e+00 +5.943834264e+00 -2.691661657e+02 -2.691661657e+02
29030 +3.666303048e+00 +3.666303048e+00 -2.714436970e+02 -2.714436970e+02
29066 +2.481817679e+00 +2.481817679e+00 -2.726281823e+02 -2.726281823e+02
29205 +9.192741454e-01 +9.192741454e-01 -2.741907259e+02 -2.741907259e+02
29316 +6.087680740e-01 +6.087680740e-01 -2.745012319e+02 -2.745012319e+02
29514 +3.260029398e-01 +3.260029398e-01 -2.747839971e+02 -2.747839971e+02
29538 +2.203205252e-01 +2.203205252e-01 -2.748896795e+02 -2.748896795e+02
29677 +1.451891720e-01 +1.451891720e-01 -2.749648108e+02 -2.749648108e+02
29763 +9.781916898e-02 +9.781916898e-02 -2.750121808e+02 -2.750121808e+02
29828 +5.024061392e-02 +5.024061392e-02 -2.750597594e+02 -2.750597594e+02
29895 +3.392315606e-02 +3.392315606e-02 -2.750760768e+02 -2.750760768e+02
29960 +2.157193519e-02 +2.157193519e-02 -2.750884281e+02 -2.750884281e+02
30042 +1.470277762e-02 +1.470277762e-02 -2.750952972e+02 -2.750952972e+02
30290 +9.577050660e-03 +9.577050660e-03 -2.751004229e+02 -2.751004229e+02
30365 +4.061901247e-03 +4.061901247e-03 -2.751059381e+02 -2.751059381e+02
30369 +3.716793414e-03 +3.716793414e-03 -2.751062832e+02 -2.751062832e+02
30483 +2.132183539e-03 +2.132183539e-03 -2.751078678e+02 -2.751078678e+02
30554 +1.262582377e-03 +1.262582377e-03 -2.751087374e+02 -2.751087374e+02
30722 +8.887857580e-04 +8.887857580e-04 -2.751091112e+02 -2.751091112e+02
30844 +6.038712095e-04 +6.038712095e-04 -2.751093961e+02 -2.751093961e+02
30903 +3.078690162e-04 +3.078690162e-04 -2.751096921e+02 -2.751096921e+02
31020 +2.445768211e-04 +2.445768211e-04 -2.751097554e+02 -2.751097554e+02
31103 +1.546160059e-04 +1.546160059e-04 -2.751098454e+02 -2.751098454e+02
31156 +9.116602808e-05 +9.116602808e-05 -2.751099088e+02 -2.751099088e+02
31181 +5.844067113e-05 +5.844067113e-05 -2.751099416e+02 -2.751099416e+02
31302 +3.259487391e-05 +3.259487391e-05 -2.751099674e+02 -2.751099674e+02
31434 +2.479099459e-05 +2.479099459e-05 -2.751099752e+02 -2.751099752e+02
31499 +1.441905056e-05 +1.441905056e-05 -2.751099856e+02 -2.751099856e+02
31524 +9.479732569e-06 +9.479732569e-06 -2.751099905e+02 -2.751099905e+02
31602 +6.262716283e-06 +6.262716283e-06 -2.751099937e+02 -2.751099937e+02
31724 +3.752312580e-06 +3.752312580e-06 -2.751099962e+02 -2.751099962e+02
31831 +1.983402228e-06 +1.983402228e-06 -2.751099980e+02 -2.751099980e+02
31913 +1.381296386e-06 +1.381296386e-06 -2.751099986e+02 -2.751099986e+02
31963 +8.357702654e-07 +8.357702654e-07 -2.751099992e+02 -2.751099992e+02
32045 +5.859510566e-07 +5.859510566e-07 -2.751099994e+02 -2.751099994e+02
32109 +3.813016178e-07 +3.813016178e-07 -2.751099996e+02 -2.751099996e+02
32213 +2.019468184e-07 +2.019468184e-07 -2.751099998e+02 -2.751099998e+02
32283 +1.419825821e-07 +1.419825821e-07 -2.751099999e+02 -2.751099999e+02
32430 +7.753754971e-08 +7.753754971e-08 -2.751099999e+02 -2.751099999e+02
32501 +5.230378974e-08 +5.230378974e-08 -2.751099999e+02 -2.751099999e+02
32592 +3.853057251e-08 +3.853057251e-08 -2.751100000e+02 -2.751100000e+02
32613 +2.492447493e-08 +2.492447493e-08 -2.751100000e+02 -2.751100000e+02
32673 +1.505515002e-08 +1.505515002e-08 -2.751100000e+02 -2.751100000e+02
32868 +8.818744845e-09 +8.818744845e-09 -2.751100000e+02 -2.751100000e+02
32873 +2.825174761e-09 +2.825174761e-09 -2.751100000e+02 -2.751100000e+02
% function evaluation | noise-free fitness - Fopt (-2.182000000000e+01) | best noise-free fitness - Fopt | measured fitness | best measured fitness | x1 | x2...
1 +8.448293703e+01 +8.448293703e+01 +6.266293703e+01 +6.266293703e+01
438 +6.303416338e+01 +6.303416338e+01 +4.121416338e+01 +4.121416338e+01
783 +3.947386039e+01 +3.947386039e+01 +1.765386039e+01 +1.765386039e+01
9912 +2.400988185e+01 +2.400988185e+01 +2.189881854e+00 +2.189881854e+00
10162 +1.459911325e+01 +1.459911325e+01 -7.220886753e+00 -7.220886753e+00
10835 +9.988039146e+00 +9.988039146e+00 -1.183196085e+01 -1.183196085e+01
20135 +5.990332997e+00 +5.990332997e+00 -1.582966700e+01 -1.582966700e+01
20182 +3.386009247e+00 +3.386009247e+00 -1.843399075e+01 -1.843399075e+01
20306 +2.450677830e+00 +2.450677830e+00 -1.936932217e+01 -1.936932217e+01
20520 +1.082062160e+00 +1.082062160e+00 -2.073793784e+01 -2.073793784e+01
20547 +9.511187513e-01 +9.511187513e-01 -2.086888125e+01 -2.086888125e+01
20567 +5.476434863e-01 +5.476434863e-01 -2.127235651e+01 -2.127235651e+01
20740 +3.199488046e-01 +3.199488046e-01 -2.150005120e+01 -2.150005120e+01
20745 +2.472250104e-01 +2.472250104e-01 -2.157277499e+01 -2.157277499e+01
20883 +1.546176332e-01 +1.546176332e-01 -2.166538237e+01 -2.166538237e+01
20997 +8.499807869e-02 +8.499807869e-02 -2.173500192e+01 -2.173500192e+01
21052 +5.633995413e-02 +5.633995413e-02 -2.176366005e+01 -2.176366005e+01
21156 +3.040223013e-02 +3.040223013e-02 -2.178959777e+01 -2.178959777e+01
21244 +2.387255951e-02 +2.387255951e-02 -2.179612744e+01 -2.179612744e+01
21292 +1.565849594e-02 +1.565849594e-02 -2.180434150e+01 -2.180434150e+01
21430 +8.734421833e-03 +8.734421833e-03 -2.181126558e+01 -2.181126558e+01
21446 +5.124714993e-03 +5.124714993e-03 -2.181487529e+01 -2.181487529e+01
21537 +3.919826122e-03 +3.919826122e-03 -2.181608017e+01 -2.181608017e+01
21709 +1.292878966e-03 +1.292878966e-03 -2.181870712e+01 -2.181870712e+01
21711 +8.989789781e-04 +8.989789781e-04 -2.181910102e+01 -2.181910102e+01
21841 +4.561911178e-04 +4.561911178e-04 -2.181954381e+01 -2.181954381e+01
21918 +3.790104740e-04 +3.790104740e-04 -2.181962099e+01 -2.181962099e+01
22119 +1.128834278e-04 +1.128834278e-04 -2.181988712e+01 -2.181988712e+01
22169 +8.696845939e-05 +8.696845939e-05 -2.181991303e+01 -2.181991303e+01
22238 +6.101647100e-05 +6.101647100e-05 -2.181993898e+01 -2.181993898e+01
22289 +3.257299331e-05 +3.257299331e-05 -2.181996743e+01 -2.181996743e+01
22348 +2.110713705e-05 +2.110713705e-05 -2.181997889e+01 -2.181997889e+01
22447 +9.712961184e-06 +9.712961184e-06 -2.181999029e+01 -2.181999029e+01
22693 +6.023071318e-06 +6.023071318e-06 -2.181999398e+01 -2.181999398e+01
22756 +3.870275997e-06 +3.870275997e-06 -2.181999613e+01 -2.181999613e+01
22798 +1.855863758e-06 +1.855863758e-06 -2.181999814e+01 -2.181999814e+01
22868 +1.523261457e-06 +1.523261457e-06 -2.181999848e+01 -2.181999848e+01
23072 +9.678646826e-07 +9.678646826e-07 -2.181999903e+01 -2.181999903e+01
23147 +5.930494602e-07 +5.930494602e-07 -2.181999941e+01 -2.181999941e+01
23183 +3.572244971e-07 +3.572244971e-07 -2.181999964e+01 -2.181999964e+01
23292 +1.997594197e-07 +1.997594197e-07 -2.181999980e+01 -2.181999980e+01
23367 +1.302980159e-07 +1.302980159e-07 -2.181999987e+01 -2.181999987e+01
23504 +8.513515226e-08 +8.513515226e-08 -2.181999991e+01 -2.181999991e+01
23538 +5.629616240e-08 +5.629616240e-08 -2.181999994e+01 -2.181999994e+01
23708 +2.844370073e-08 +2.844370073e-08 -2.181999997e+01 -2.181999997e+01
23762 +2.499322349e-08 +2.499322349e-08 -2.181999998e+01 -2.181999998e+01
23772 +1.334205635e-08 +1.334205635e-08 -2.181999999e+01 -2.181999999e+01
23995 +7.412172209e-09 +7.412172209e-09 -2.181999999e+01 -2.181999999e+01
24006 +3.497682144e-09 +3.497682144e-09 -2.182000000e+01 -2.182000000e+01
% function evaluation | noise-free fitness - Fopt (8.484000000000e+01) | best noise-free fitness - Fopt | measured fitness | best measured fitness | x1 | x2...
1 +8.607143381e+01 +8.607143381e+01 +1.709114338e+02 +1.709114338e+02
442 +6.285010503e+01 +6.285010503e+01 +1.476901050e+02 +1.476901050e+02
562 +3.533736768e+01 +3.533736768e+01 +1.201773677e+02 +1.201773677e+02
723 +2.447023165e+01 +2.447023165e+01 +1.093102316e+02 +1.093102316e+02
1084 +1.584133036e+01 +1.584133036e+01 +1.006813304e+02 +1.006813304e+02
19132 +9.965742563e+00 +9.965742563e+00 +9.480574256e+01 +9.480574256e+01
19442 +6.141203069e+00 +6.141203069e+00 +9.098120307e+01 +9.098120307e+01
19796 +3.837094951e+00 +3.837094951e+00 +8.867709495e+01 +8.867709495e+01
36985 +2.422133200e+00 +2.422133200e+00 +8.726213320e+01 +8.726213320e+01
37386 +1.562254231e+00 +1.562254231e+00 +8.640225423e+01 +8.640225423e+01
37576 +9.941079149e-01 +9.941079149e-01 +8.583410791e+01 +8.583410791e+01
186314 +5.446938070e-01 +5.446938070e-01 +8.538469381e+01 +8.538469381e+01
186451 +3.101229311e-01 +3.101229311e-01 +8.515012293e+01 +8.515012293e+01
186523 +2.124172751e-01 +2.124172751e-01 +8.505241728e+01 +8.505241728e+01
186546 +1.398741308e-01 +1.398741308e-01 +8.497987413e+01 +8.497987413e+01
186572 +7.424115833e-02 +7.424115833e-02 +8.491424116e+01 +8.491424116e+01
186650 +6.263527727e-02 +6.263527727e-02 +8.490263528e+01 +8.490263528e+01
186743 +3.360535379e-02 +3.360535379e-02 +8.487360535e+01 +8.487360535e+01
186794 +2.015724909e-02 +2.015724909e-02 +8.486015725e+01 +8.486015725e+01
186795 +1.195728803e-02 +1.195728803e-02 +8.485195729e+01 +8.485195729e+01
186938 +9.654404025e-03 +9.654404025e-03 +8.484965440e+01 +8.484965440e+01
186987 +4.324271462e-03 +4.324271462e-03 +8.484432427e+01 +8.484432427e+01
187077 +3.888066319e-03 +3.888066319e-03 +8.484388807e+01 +8.484388807e+01
187252 +1.807406545e-03 +1.807406545e-03 +8.484180741e+01 +8.484180741e+01
187262 +1.511066234e-03 +1.511066234e-03 +8.484151107e+01 +8.484151107e+01
187291 +9.225236768e-04 +9.225236768e-04 +8.484092252e+01 +8.484092252e+01
187372 +5.270293723e-04 +5.270293723e-04 +8.484052703e+01 +8.484052703e+01
187509 +2.428637821e-04 +2.428637821e-04 +8.484024286e+01 +8.484024286e+01
187693 +1.283491283e-04 +1.283491283e-04 +8.484012835e+01 +8.484012835e+01
187762 +4.998400530e-05 +4.998400530e-05 +8.484004998e+01 +8.484004998e+01
187970 +3.181570391e-05 +3.181570391e-05 +8.484003182e+01 +8.484003182e+01
188110 +2.356648106e-05 +2.356648106e-05 +8.484002357e+01 +8.484002357e+01
188174 +1.542628533e-05 +1.542628533e-05 +8.484001543e+01 +8.484001543e+01
188232 +8.229906939e-06 +8.229906939e-06 +8.484000823e+01 +8.484000823e+01
188329 +6.295367371e-06 +6.295367371e-06 +8.484000630e+01 +8.484000630e+01
188511 +3.146977264e-06 +3.146977264e-06 +8.484000315e+01 +8.484000315e+01
188583 +2.091515427e-06 +2.091515427e-06 +8.484000209e+01 +8.484000209e+01
188676 +1.492321502e-06 +1.492321502e-06 +8.484000149e+01 +8.484000149e+01
188756 +8.940744181e-07 +8.940744181e-07 +8.484000089e+01 +8.484000089e+01
188777 +6.048249617e-07 +6.048249617e-07 +8.484000060e+01 +8.484000060e+01
188899 +3.965152047e-07 +3.965152047e-07 +8.484000040e+01 +8.484000040e+01
189010 +2.490532012e-07 +2.490532012e-07 +8.484000025e+01 +8.484000025e+01
189121 +1.583031803e-07 +1.583031803e-07 +8.484000016e+01 +8.484000016e+01
189264 +9.645988541e-08 +9.645988541e-08 +8.484000010e+01 +8.484000010e+01
189297 +6.089027238e-08 +6.089027238e-08 +8.484000006e+01 +8.484000006e+01
189515 +3.266063686e-08 +3.266063686e-08 +8.484000003e+01 +8.484000003e+01
189623 +1.836936292e-08 +1.836936292e-08 +8.484000002e+01 +8.484000002e+01
189643 +1.423751428e-08 +1.423751428e-08 +8.484000001e+01 +8.484000001e+01
189742 +7.275502867e-09 +7.275502867e-09 +8.484000001e+01 +8.484000001e+01
189747 +2.960717893e-09 +2.960717893e-09 +8.484000000e+01 +8.484000000e+01
% function evaluation | noise-free fitness - Fopt (-1.021300000000e+02) | best noise-free fitness - Fopt | measured fitness | best measured fitness | x1 | x2...
1 +8.549649741e+01 +8.549649741e+01 -1.663350259e+01 -1.663350259e+01
440 +6.276872570e+01 +6.276872570e+01 -3.936127430e+01 -3.936127430e+01
713 +3.890945523e+01 +3.890945523e+01 -6.322054477e+01 -6.322054477e+01
9085 +2.230665035e+01 +2.230665035e+01 -7.982334965e+01 -7.982334965e+01
9211 +1.514232703e+01 +1.514232703e+01 -8.698767297e+01 -8.698767297e+01
9267 +8.166311966e+00 +8.166311966e+00 -9.396368803e+01 -9.396368803e+01
9393 +4.256536952e+00 +4.256536952e+00 -9.787346305e+01 -9.787346305e+01
9525 +3.139278174e+00 +3.139278174e+00 -9.899072183e+01 -9.899072183e+01
9539 +2.222210694e+00 +2.222210694e+00 -9.990778931e+01 -9.990778931e+01
9698 +1.446765381e+00 +1.446765381e+00 -1.006832346e+02 -1.006832346e+02
9727 +8.094978590e-01 +8.094978590e-01 -1.013205021e+02 -1.013205021e+02
9806 +4.945234441e-01 +4.945234441e-01 -1.016354766e+02 -1.016354766e+02
9896 +3.296230305e-01 +3.296230305e-01 -1.018003770e+02 -1.018003770e+02
9927 +1.681206110e-01 +1.681206110e-01 -1.019618794e+02 -1.019618794e+02
9959 +9.227656528e-02 +9.227656528e-02 -1.020377234e+02 -1.020377234e+02
10080 +4.490349144e-02 +4.490349144e-02 -1.020850965e+02 -1.020850965e+02
10153 +3.826675096e-02 +3.826675096e-02 -1.020917332e+02 -1.020917332e+02
10266 +1.933078157e-02 +1.933078157e-02 -1.021106692e+02 -1.021106692e+02
10307 +1.477496212e-02 +1.477496212e-02 -1.021152250e+02 -1.021152250e+02
10389 +9.726210685e-03 +9.726210685e-03 -1.021202738e+02 -1.021202738e+02
10425 +4.404107250e-03 +4.404107250e-03 -1.021255959e+02 -1.021255959e+02
10432 +3.821978841e-03 +3.821978841e-03 -1.021261780e+02 -1.021261780e+02
10597 +2.463863738e-03 +2.463863738e-03 -1.021275361e+02 -1.021275361e+02
10822 +1.404110664e-03 +1.404110664e-03 -1.021285959e+02 -1.021285959e+02
10854 +9.951769009e-04 +9.951769009e-04 -1.021290048e+02 -1.021290048e+02
10934 +5.540628420e-04 +5.540628420e-04 -1.021294459e+02 -1.021294459e+02
10948 +3.112866758e-04 +3.112866758e-04 -1.021296887e+02 -1.021296887e+02
10986 +2.333379719e-04 +2.333379719e-04 -1.021297667e+02 -1.021297667e+02
11091 +1.287528936e-04 +1.287528936e-04 -1.021298712e+02 -1.021298712e+02
11192 +7.711978515e-05 +7.711978515e-05 -1.021299229e+02 -1.021299229e+02
11340 +3.157499407e-05 +3.157499407e-05 -1.021299684e+02 -1.021299684e+02
11525 +2.257168232e-05 +2.257168232e-05 -1.021299774e+02 -1.021299774e+02
11583 +9.442957563e-06 +9.442957563e-06 -1.021299906e+02 -1.021299906e+02
11719 +5.198486917e-06 +5.198486917e-06 -1.021299948e+02 -1.021299948e+02
11837 +1.965021752e-06 +1.965021752e-06 -1.021299980e+02 -1.021299980e+02
12045 +1.557233077e-06 +1.557233077e-06 -1.021299984e+02 -1.021299984e+02
12100 +8.229591089e-07 +8.229591089e-07 -1.021299992e+02 -1.021299992e+02
12202 +6.136540378e-07 +6.136540378e-07 -1.021299994e+02 -1.021299994e+02
12282 +3.527212726e-07 +3.527212726e-07 -1.021299996e+02 -1.021299996e+02
12445 +2.408352486e-07 +2.408352486e-07 -1.021299998e+02 -1.021299998e+02
12526 +1.215679504e-07 +1.215679504e-07 -1.021299999e+02 -1.021299999e+02
12582 +9.972546877e-08 +9.972546877e-08 -1.021299999e+02 -1.021299999e+02
12589 +4.911024121e-08 +4.911024121e-08 -1.021300000e+02 -1.021300000e+02
12769 +3.592001008e-08 +3.592001008e-08 -1.021300000e+02 -1.021300000e+02
12793 +2.411537992e-08 +2.411537992e-08 -1.021300000e+02 -1.021300000e+02
12816 +1.533594229e-08 +1.533594229e-08 -1.021300000e+02 -1.021300000e+02
12886 +8.490445680e-09 +8.490445680e-09 -1.021300000e+02 -1.021300000e+02
% function evaluation | noise-free fitness - Fopt (-1.000000000000e+03) | best noise-free fitness - Fopt | measured fitness | best measured fitness | x1 | x2...
1 +8.382121312e+01 +8.382121312e+01 -9.161787869e+02 -9.161787869e+02
363 +5.983061018e+01 +5.983061018e+01 -9.401693898e+02 -9.401693898e+02
417 +3.404607406e+01 +3.404607406e+01 -9.659539259e+02 -9.659539259e+02
605 +2.299620422e+01 +2.299620422e+01 -9.770037958e+02 -9.770037958e+02
726 +1.554510696e+01 +1.554510696e+01 -9.844548930e+02 -9.844548930e+02
794 +9.691230370e+00 +9.691230370e+00 -9.903087696e+02 -9.903087696e+02
827 +3.693895470e+00 +3.693895470e+00 -9.963061045e+02 -9.963061045e+02
924 +1.999137410e+00 +1.999137410e+00 -9.980008626e+02 -9.980008626e+02
1039 +1.504181427e+00 +1.504181427e+00 -9.984958186e+02 -9.984958186e+02
1154 +8.481567533e-01 +8.481567533e-01 -9.991518432e+02 -9.991518432e+02
1208 +5.854886064e-01 +5.854886064e-01 -9.994145114e+02 -9.994145114e+02
1496 +3.530325049e-01 +3.530325049e-01 -9.996469675e+02 -9.996469675e+02
1517 +2.186278636e-01 +2.186278636e-01 -9.997813721e+02 -9.997813721e+02
1532 +1.494415380e-01 +1.494415380e-01 -9.998505585e+02 -9.998505585e+02
1630 +6.030862169e-02 +6.030862169e-02 -9.999396914e+02 -9.999396914e+02
1829 +1.463524862e-02 +1.463524862e-02 -9.999853648e+02 -9.999853648e+02
2055 +9.516432531e-03 +9.516432531e-03 -9.999904836e+02 -9.999904836e+02
2238 +5.207576521e-03 +5.207576521e-03 -9.999947924e+02 -9.999947924e+02
2273 +3.793477808e-03 +3.793477808e-03 -9.999962065e+02 -9.999962065e+02
2431 +1.905902494e-03 +1.905902494e-03 -9.999980941e+02 -9.999980941e+02
2552 +1.459037085e-03 +1.459037085e-03 -9.999985410e+02 -9.999985410e+02
2577 +9.306831255e-04 +9.306831255e-04 -9.999990693e+02 -9.999990693e+02
2665 +5.616814165e-04 +5.616814165e-04 -9.999994383e+02 -9.999994383e+02
2720 +3.806468928e-04 +3.806468928e-04 -9.999996194e+02 -9.999996194e+02
2827 +2.158749259e-04 +2.158749259e-04 -9.999997841e+02 -9.999997841e+02
2937 +1.470197242e-04 +1.470197242e-04 -9.999998530e+02 -9.999998530e+02
3064 +8.554301030e-05 +8.554301030e-05 -9.999999145e+02 -9.999999145e+02
3100 +5.028778708e-05 +5.028778708e-05 -9.999999497e+02 -9.999999497e+02
3112 +3.872860691e-05 +3.872860691e-05 -9.999999613e+02 -9.999999613e+02
3257 +2.503460121e-05 +2.503460121e-05 -9.999999750e+02 -9.999999750e+02
3296 +1.098905739e-05 +1.098905739e-05 -9.999999890e+02 -9.999999890e+02
3390 +6.980648436e-06 +6.980648436e-06 -9.999999930e+02 -9.999999930e+02
3487 +5.243785154e-06 +5.243785154e-06 -9.999999948e+02 -9.999999948e+02
3565 +3.720743621e-06 +3.720743621e-06 -9.999999963e+02 -9.999999963e+02
3595 +2.497056357e-06 +2.497056357e-06 -9.999999975e+02 -9.999999975e+02
3623 +1.536952709e-06 +1.536952709e-06 -9.999999985e+02 -9.999999985e+02
3726 +8.483228839e-07 +8.483228839e-07 -9.999999992e+02 -9.999999992e+02
3745 +5.435626917e-07 +5.435626917e-07 -9.999999995e+02 -9.999999995e+02
4006 +3.310973398e-07 +3.310973398e-07 -9.999999997e+02 -9.999999997e+02
4083 +2.369698677e-07 +2.369698677e-07 -9.999999998e+02 -9.999999998e+02
4136 +1.572725523e-07 +1.572725523e-07 -9.999999998e+02 -9.999999998e+02
4229 +5.753634014e-08 +5.753634014e-08 -9.999999999e+02 -9.999999999e+02
4454 +3.456034392e-08 +3.456034392e-08 -1.000000000e+03 -1.000000000e+03
4538 +1.549688022e-08 +1.549688022e-08 -1.000000000e+03 -1.000000000e+03
4678 +7.828248272e-09 +7.828248272e-09 -1.000000000e+03 -1.000000000e+03
% function evaluation | noise-free fitness - Fopt (5.381000000000e+01) | best noise-free fitness - Fopt | measured fitness | best measured fitness | x1 | x2...
1 +8.499262700e+01 +8.499262700e+01 +1.388026270e+02 +1.388026270e+02
405 +6.044648314e+01 +6.044648314e+01 +1.142564831e+02 +1.142564831e+02
537 +3.383476202e+01 +3.383476202e+01 +8.764476202e+01 +8.764476202e+01
550 +2.245303428e+01 +2.245303428e+01 +7.626303428e+01 +7.626303428e+01
758 +1.575354374e+01 +1.575354374e+01 +6.956354374e+01 +6.956354374e+01
876 +9.722857790e+00 +9.722857790e+00 +6.353285779e+01 +6.353285779e+01
1013 +6.203223903e+00 +6.203223903e+00 +6.001322390e+01 +6.001322390e+01
1103 +3.592422423e+00 +3.592422423e+00 +5.740242242e+01 +5.740242242e+01
1297 +2.387840738e+00 +2.387840738e+00 +5.619784074e+01 +5.619784074e+01
23032 +1.282741466e+00 +1.282741466e+00 +5.509274147e+01 +5.509274147e+01
23101 +9.520733862e-01 +9.520733862e-01 +5.476207339e+01 +5.476207339e+01
23254 +6.064353313e-01 +6.064353313e-01 +5.441643533e+01 +5.441643533e+01
23363 +2.257928101e-01 +2.257928101e-01 +5.403579281e+01 +5.403579281e+01
23507 +1.428144712e-01 +1.428144712e-01 +5.395281447e+01 +5.395281447e+01
23727 +9.755190622e-02 +9.755190622e-02 +5.390755191e+01 +5.390755191e+01
23772 +4.959248673e-02 +4.959248673e-02 +5.385959249e+01 +5.385959249e+01
23800 +3.870676047e-02 +3.870676047e-02 +5.384870676e+01 +5.384870676e+01
23984 +2.487529693e-02 +2.487529693e-02 +5.383487530e+01 +5.383487530e+01
24007 +1.541328881e-02 +1.541328881e-02 +5.382541329e+01 +5.382541329e+01
24082 +9.915794708e-03 +9.915794708e-03 +5.381991579e+01 +5.381991579e+01
24255 +5.126750884e-03 +5.126750884e-03 +5.381512675e+01 +5.381512675e+01
24350 +3.800765477e-03 +3.800765477e-03 +5.381380077e+01 +5.381380077e+01
24425 +2.478393176e-03 +2.478393176e-03 +5.381247839e+01 +5.381247839e+01
24495 +1.563766847e-03 +1.563766847e-03 +5.381156377e+01 +5.381156377e+01
24551 +9.675332434e-04 +9.675332434e-04 +5.381096753e+01 +5.381096753e+01
24727 +5.202522991e-04 +5.202522991e-04 +5.381052025e+01 +5.381052025e+01
24807 +3.254074229e-04 +3.254074229e-04 +5.381032541e+01 +5.381032541e+01
24917 +2.308458836e-04 +2.308458836e-04 +5.381023085e+01 +5.381023085e+01
25041 +1.094753377e-04 +1.094753377e-04 +5.381010948e+01 +5.381010948e+01
25091 +8.510156115e-05 +8.510156115e-05 +5.381008510e+01 +5.381008510e+01
25204 +4.738295007e-05 +4.738295007e-05 +5.381004738e+01 +5.381004738e+01
25232 +2.868993833e-05 +2.868993833e-05 +5.381002869e+01 +5.381002869e+01
25285 +2.243770174e-05 +2.243770174e-05 +5.381002244e+01 +5.381002244e+01
25291 +1.097751677e-05 +1.097751677e-05 +5.381001098e+01 +5.381001098e+01
25371 +8.071532726e-06 +8.071532726e-06 +5.381000807e+01 +5.381000807e+01
25589 +6.101149353e-06 +6.101149353e-06 +5.381000610e+01 +5.381000610e+01
25602 +3.045058939e-06 +3.045058939e-06 +5.381000305e+01 +5.381000305e+01
25616 +2.091667000e-06 +2.091667000e-06 +5.381000209e+01 +5.381000209e+01
25716 +1.379456364e-06 +1.379456364e-06 +5.381000138e+01 +5.381000138e+01
25855 +8.625501735e-07 +8.625501735e-07 +5.381000086e+01 +5.381000086e+01
25897 +6.271082498e-07 +6.271082498e-07 +5.381000063e+01 +5.381000063e+01
26005 +3.676481555e-07 +3.676481555e-07 +5.381000037e+01 +5.381000037e+01
26092 +2.412119144e-07 +2.412119144e-07 +5.381000024e+01 +5.381000024e+01
26126 +1.337687650e-07 +1.337687650e-07 +5.381000013e+01 +5.381000013e+01
26247 +7.530503865e-08 +7.530503865e-08 +5.381000008e+01 +5.381000008e+01
26252 +5.766080591e-08 +5.766080591e-08 +5.381000006e+01 +5.381000006e+01
26450 +3.416102601e-08 +3.416102601e-08 +5.381000003e+01 +5.381000003e+01
26508 +1.503903491e-08 +1.503903491e-08 +5.381000002e+01 +5.381000002e+01
26623 +6.244199824e-09 +6.244199824e-09 +5.381000001e+01 +5.381000001e+01
26631 +3.178641350e-09 +3.178641350e-09 +5.381000000e+01 +5.381000000e+01
