% function evaluation | noise-free fitness - Fopt (1.238300000000e+02) | best noise-free fitness - Fopt | measured fitness | best measured fitness | x1 | x2...
1 +1.919447548e+05 +1.919447548e+05 +1.920685848e+05 +1.920685848e+05 +2.3530e-01 +3.8081e+00 +4.4002e+00 -4.1470e+00 +8.6730e-01
2 +4.364654012e+04 +4.364654012e+04 +4.377037012e+04 +4.377037012e+04 -1.9470e+00 +1.2282e-01 +4.2801e+00 -1.7316e+00 +1.6936e-01
7 +1.602949048e+04 +1.602949048e+04 +1.615332048e+04 +1.615332048e+04 +4.0486e-01 +7.5635e-01 -3.9100e+00 +2.7060e+00 +2.7194e+00
11 +1.254892850e+04 +1.254892850e+04 +1.267275850e+04 +1.267275850e+04 -1.1857e-01 +6.8116e-01 +3.7721e+00 +2.5180e+00 -2.0810e+00
16 +4.847451419e+03 +4.847451419e+03 +4.971281419e+03 +4.971281419e+03 +3.9688e+00 -4.0631e+00 -7.0760e-01 -2.3438e+00 +4.9303e+00
65 +2.431907952e+03 +2.431907952e+03 +2.555737952e+03 +2.555737952e+03 +2.7849e+00 -2.3085e+00 -1.4389e+00 -1.0284e+00 +2.3791e+00
110 +9.424852323e+02 +9.424852323e+02 +1.066315232e+03 +1.066315232e+03 -2.8835e-01 -1.8821e-01 -2.5572e+00 -6.1617e-01 -1.8091e-01
167 +3.965106128e+02 +3.965106128e+02 +5.203406128e+02 +5.203406128e+02 -5.1222e-01 -4.1253e-01 -1.6789e+00 -5.8067e-01 -9.2311e-01
210 +1.774889832e+02 +1.774889832e+02 +3.013189832e+02 +3.013189832e+02 -3.3784e-01 +1.0620e+00 -1.2235e+00 +5.8732e-01 -8.2926e-01
252 +1.050303531e+02 +1.050303531e+02 +2.288603531e+02 +2.288603531e+02 +3.2300e-01 +7.5128e-01 -7.7738e-01 +3.8020e-01 -2.0316e-01
302 +8.803971350e+01 +8.803971350e+01 +2.118697135e+02 +2.118697135e+02 -5.2527e-01 -1.5177e-02 -1.1563e+00 -4.8849e-01 +1.9085e-01
370 +3.205879193e+01 +3.205879193e+01 +1.558887919e+02 +1.558887919e+02 -3.7791e-01 +6.0679e-01 -1.0958e+00 +4.7971e-01 -3.6157e-01
401 +2.205684850e+01 +2.205684850e+01 +1.458868485e+02 +1.458868485e+02 -3.7791e-01 +1.1720e-01 -1.0958e+00 +4.7971e-01 -2.9739e-01
490 +1.040880745e+01 +1.040880745e+01 +1.342388074e+02 +1.342388074e+02 -1.6891e-01 +5.1317e-01 -4.6488e-01 +3.8910e-03 -1.1031e-01
501 +7.363352755e+00 +7.363352755e+00 +1.311933528e+02 +1.311933528e+02 -3.2126e-01 +5.1317e-01 -4.2938e-01 +3.8910e-03 -3.4533e-01
651 +6.249222683e+00 +6.249222683e+00 +1.300792227e+02 +1.300792227e+02 -2.1425e-01 +7.8304e-01 -5.2289e-01 +1.7323e-02 -3.4533e-01
787 +3.677615739e+00 +3.677615739e+00 +1.275076157e+02 +1.275076157e+02 -1.3810e-01 +6.8225e-01 -4.0350e-01 +8.4669e-02 -3.0443e-01
1633 +2.441957592e+00 +2.441957592e+00 +1.262719576e+02 +1.262719576e+02 -1.5362e-01 +6.7793e-01 -2.3304e-01 +2.1598e-01 -2.7824e-01
2487 +1.499536424e+00 +1.499536424e+00 +1.253295364e+02 +1.253295364e+02 -6.7643e-02 +5.8228e-01 +9.3758e-02 +3.4586e-01 -1.9119e-01
2976 +9.660136857e-01 +9.660136857e-01 +1.247960137e+02 +1.247960137e+02 -1.8914e-02 +4.1268e-01 +3.0392e-01 +3.7546e-01 -1.4525e-01
3451 +6.193239198e-01 +6.193239198e-01 +1.244493239e+02 +1.244493239e+02 +2.4258e-02 +2.0263e-01 +4.9100e-01 +3.4200e-01 -9.5297e-02
3642 +3.618282786e-01 +3.618282786e-01 +1.241918283e+02 +1.241918283e+02 +8.6342e-02 +7.5325e-02 +5.5080e-01 +2.9405e-01 -6.8152e-02
4071 +2.334718006e-01 +2.334718006e-01 +1.240634718e+02 +1.240634718e+02 +1.3412e-01 -3.9111e-02 +6.1545e-01 +2.4020e-01 -1.8909e-02
4558 +1.522993256e-01 +1.522993256e-01 +1.239822993e+02 +1.239822993e+02 +1.9053e-01 -1.3878e-01 +6.6632e-01 +1.9615e-01 +2.7221e-02
4771 +9.185818783e-02 +9.185818783e-02 +1.239218582e+02 +1.239218582e+02 +2.4446e-01 -2.3093e-01 +6.9879e-01 +1.3299e-01 +6.8691e-02
4908 +5.872191596e-02 +5.872191596e-02 +1.238887219e+02 +1.238887219e+02 +2.8663e-01 -3.0313e-01 +7.2479e-01 +9.6951e-02 +1.0163e-01
5224 +3.716026448e-02 +3.716026448e-02 +1.238671603e+02 +1.238671603e+02 +3.3185e-01 -3.7142e-01 +7.4526e-01 +5.0325e-02 +1.3890e-01
5308 +2.143672497e-02 +2.143672497e-02 +1.238514367e+02 +1.238514367e+02 +3.5378e-01 -4.0052e-01 +7.5628e-01 +3.3954e-02 +1.5954e-01
5366 +1.277709029e-02 +1.277709029e-02 +1.238427771e+02 +1.238427771e+02 +3.8655e-01 -4.5439e-01 +7.7297e-01 -1.3741e-03 +1.8852e-01
5407 +6.431723068e-03 +6.431723068e-03 +1.238364317e+02 +1.238364317e+02 +4.0913e-01 -4.8560e-01 +7.8245e-01 -2.3318e-02 +2.0876e-01
5434 +5.366842512e-03 +5.366842512e-03 +1.238353668e+02 +1.238353668e+02 +4.0168e-01 -4.7167e-01 +7.8004e-01 -1.5894e-02 +2.0087e-01
5486 +2.888592643e-03 +2.888592643e-03 +1.238328886e+02 +1.238328886e+02 +4.7091e-01 -5.7402e-01 +8.0848e-01 -8.4288e-02 +2.6326e-01
5526 +1.242983267e-03 +1.242983267e-03 +1.238312430e+02 +1.238312430e+02 +4.6720e-01 -5.6618e-01 +8.0798e-01 -8.0400e-02 +2.5975e-01
5580 +6.558509445e-04 +6.558509445e-04 +1.238306559e+02 +1.238306559e+02 +4.6768e-01 -5.6732e-01 +8.0754e-01 -8.0623e-02 +2.5896e-01
5632 +5.830847427e-04 +5.830847427e-04 +1.238305831e+02 +1.238305831e+02 +4.7135e-01 -5.7213e-01 +8.0992e-01 -8.4182e-02 +2.6208e-01
5837 +3.932076375e-04 +3.932076375e-04 +1.238303932e+02 +1.238303932e+02 +4.6532e-01 -5.6285e-01 +8.0599e-01 -7.8445e-02 +2.5629e-01
5838 +1.755254516e-04 +1.755254516e-04 +1.238301755e+02 +1.238301755e+02 +4.5999e-01 -5.5671e-01 +8.0532e-01 -7.3762e-02 +2.5253e-01
5869 +1.152391267e-04 +1.152391267e-04 +1.238301152e+02 +1.238301152e+02 +4.5999e-01 -5.5574e-01 +8.0491e-01 -7.3921e-02 +2.5224e-01
5967 +8.234576141e-05 +8.234576141e-05 +1.238300823e+02 +1.238300823e+02 +4.6621e-01 -5.6445e-01 +8.0676e-01 -7.9728e-02 +2.5750e-01
6142 +4.595167029e-05 +4.595167029e-05 +1.238300460e+02 +1.238300460e+02 +4.5950e-01 -5.5565e-01 +8.0472e-01 -7.3507e-02 +2.5178e-01
6175 +3.426078972e-05 +3.426078972e-05 +1.238300343e+02 +1.238300343e+02 +4.6467e-01 -5.6285e-01 +8.0641e-01 -7.8685e-02 +2.5660e-01
6180 +2.164233297e-05 +2.164233297e-05 +1.238300216e+02 +1.238300216e+02 +4.6388e-01 -5.6135e-01 +8.0608e-01 -7.7565e-02 +2.5548e-01
6269 +1.392600612e-05 +1.392600612e-05 +1.238300139e+02 +1.238300139e+02 +4.6580e-01 -5.6444e-01 +8.0677e-01 -7.9836e-02 +2.5728e-01
6313 +9.526678809e-06 +9.526678809e-06 +1.238300095e+02 +1.238300095e+02 +4.6325e-01 -5.6054e-01 +8.0592e-01 -7.7071e-02 +2.5496e-01
6483 +5.205512906e-06 +5.205512906e-06 +1.238300052e+02 +1.238300052e+02 +4.6352e-01 -5.6098e-01 +8.0589e-01 -7.7379e-02 +2.5528e-01
6488 +3.416917096e-06 +3.416917096e-06 +1.238300034e+02 +1.238300034e+02 +4.6459e-01 -5.6263e-01 +8.0635e-01 -7.8520e-02 +2.5629e-01
6526 +2.148243169e-06 +2.148243169e-06 +1.238300021e+02 +1.238300021e+02 +4.6297e-01 -5.6038e-01 +8.0579e-01 -7.6896e-02 +2.5486e-01
6532 +1.021405666e-06 +1.021405666e-06 +1.238300010e+02 +1.238300010e+02 +4.6299e-01 -5.6044e-01 +8.0573e-01 -7.6980e-02 +2.5487e-01
6618 +4.714379855e-07 +4.714379855e-07 +1.238300005e+02 +1.238300005e+02 +4.6368e-01 -5.6135e-01 +8.0602e-01 -7.7638e-02 +2.5545e-01
6626 +2.839364441e-07 +2.839364441e-07 +1.238300003e+02 +1.238300003e+02 +4.6340e-01 -5.6097e-01 +8.0592e-01 -7.7374e-02 +2.5521e-01
6702 +1.596371391e-07 +1.596371391e-07 +1.238300002e+02 +1.238300002e+02 +4.6337e-01 -5.6094e-01 +8.0588e-01 -7.7364e-02 +2.5519e-01
6810 +1.327213965e-07 +1.327213965e-07 +1.238300001e+02 +1.238300001e+02 +4.6343e-01 -5.6100e-01 +8.0588e-01 -7.7425e-02 +2.5526e-01
6906 +1.196393384e-08 +1.196393384e-08 +1.238300000e+02 +1.238300000e+02 +4.6339e-01 -5.6096e-01 +8.0588e-01 -7.7383e-02 +2.5522e-01
6926 +3.321503073e-09 +3.321503073e-09 +1.238300000e+02 +1.238300000e+02 +4.6339e-01 -5.6094e-01 +8.0588e-01 -7.7370e-02 +2.5521e-01
% function evaluation | noise-free fitness - Fopt (4.751000000000e+01) | best noise-free fitness - Fopt | measured fitness | best measured fitness | x1 | x2...
1 +6.184667000e+02 +6.184667000e+02 +6.659767000e+02 +6.659767000e+02 +1.7759e+00 +5.6694e-01 +1.2802e+00 +5.3244e-01 -2.4559e-01
101 +1.925190573e+02 +1.925190573e+02 +2.400290573e+02 +2.400290573e+02 +1.7759e+00 +3.7965e-01 -4.0903e-01 -2.6446e-02 -2.4559e-01
152 +5.223383139e+01 +5.223383139e+01 +9.974383139e+01 +9.974383139e+01 -3.3325e-01 -4.0927e-01 +1.0500e+00 +1.8065e-01 +3.8732e-01
204 +1.016470544e+01 +1.016470544e+01 +5.767470544e+01 +5.767470544e+01 -4.1913e-01 -8.2370e-01 +2.9294e-01 +7.7493e-01 -4.2150e-01
484 +6.372380995e+00 +6.372380995e+00 +5.388238100e+01 +5.388238100e+01 -4.3894e-01 -4.4774e-01 +7.8504e-01 +5.7669e-01 -8.5887e-02
576 +5.809682154e+00 +5.809682154e+00 +5.331968215e+01 +5.331968215e+01 -4.3894e-01 -6.3988e-01 +7.8504e-01 +5.7669e-01 -2.9252e-01
1056 +3.971511884e+00 +3.971511884e+00 +5.148151188e+01 +5.148151188e+01 -3.8508e-01 -3.8334e-01 +7.5364e-01 +4.4435e-01 -1.5805e-01
2256 +2.449527787e+00 +2.449527787e+00 +4.995952779e+01 +4.995952779e+01 -6.0960e-01 +3.5730e-02 +4.1029e-01 +2.8648e-01 -1.9836e-02
2951 +1.366331011e+00 +1.366331011e+00 +4.887633101e+01 +4.887633101e+01 -6.4620e-01 +1.5318e-01 -3.5302e-03 +1.1634e-01 +1.2453e-01
3451 +9.691844302e-01 +9.691844302e-01 +4.847918443e+01 +4.847918443e+01 -5.8191e-01 +1.5599e-01 -8.6437e-02 +1.9564e-02 +1.3531e-01
3744 +5.588806929e-01 +5.588806929e-01 +4.806888069e+01 +4.806888069e+01 -4.6464e-01 +2.0614e-01 -2.9229e-01 -1.2877e-01 +1.8761e-01
4259 +3.931897634e-01 +3.931897634e-01 +4.790318976e+01 +4.790318976e+01 -3.6192e-01 +2.2958e-01 -4.1030e-01 -1.9562e-01 +2.0663e-01
4769 +2.505409931e-01 +2.505409931e-01 +4.776054099e+01 +4.776054099e+01 -2.4425e-01 +2.6434e-01 -4.8712e-01 -2.6624e-01 +2.0530e-01
5004 +1.564848194e-01 +1.564848194e-01 +4.766648482e+01 +4.766648482e+01 -1.5165e-01 +3.0065e-01 -5.3295e-01 -3.0652e-01 +2.0591e-01
5228 +9.753622857e-02 +9.753622857e-02 +4.760753623e+01 +4.760753623e+01 -5.8803e-02 +3.2237e-01 -5.7440e-01 -3.3602e-01 +2.0391e-01
5484 +5.802498934e-02 +5.802498934e-02 +4.756802499e+01 +4.756802499e+01 +3.3970e-02 +3.5903e-01 -6.2165e-01 -3.7710e-01 +2.0625e-01
5605 +3.916471292e-02 +3.916471292e-02 +4.754916471e+01 +4.754916471e+01 +1.0849e-01 +3.8387e-01 -6.5591e-01 -4.0352e-01 +2.0554e-01
5878 +2.404620446e-02 +2.404620446e-02 +4.753404620e+01 +4.753404620e+01 +2.0413e-01 +4.1255e-01 -6.8919e-01 -4.3474e-01 +2.0020e-01
5952 +1.524316876e-02 +1.524316876e-02 +4.752524317e+01 +4.752524317e+01 +2.1661e-01 +4.1877e-01 -6.9983e-01 -4.3699e-01 +2.0037e-01
6178 +9.383320580e-03 +9.383320580e-03 +4.751938332e+01 +4.751938332e+01 +2.6575e-01 +4.3498e-01 -7.1576e-01 -4.5080e-01 +1.9577e-01
6214 +5.642427872e-03 +5.642427872e-03 +4.751564243e+01 +4.751564243e+01 +3.4639e-01 +4.6844e-01 -7.4409e-01 -4.7422e-01 +1.9413e-01
6261 +3.811876676e-03 +3.811876676e-03 +4.751381188e+01 +4.751381188e+01 +3.7190e-01 +4.7410e-01 -7.5739e-01 -4.8315e-01 +1.9253e-01
6264 +1.988083453e-03 +1.988083453e-03 +4.751198808e+01 +4.751198808e+01 +3.7937e-01 +4.7810e-01 -7.6072e-01 -4.8521e-01 +1.9295e-01
6279 +1.203481186e-03 +1.203481186e-03 +4.751120348e+01 +4.751120348e+01 +3.4690e-01 +4.6719e-01 -7.4716e-01 -4.7520e-01 +1.9294e-01
6450 +7.364953422e-04 +7.364953422e-04 +4.751073650e+01 +4.751073650e+01 +3.7257e-01 +4.7618e-01 -7.5769e-01 -4.8278e-01 +1.9273e-01
6602 +3.875189427e-04 +3.875189427e-04 +4.751038752e+01 +4.751038752e+01 +3.7187e-01 +4.7750e-01 -7.5723e-01 -4.8290e-01 +1.9253e-01
6807 +6.512219214e-05 +6.512219214e-05 +4.751006512e+01 +4.751006512e+01 +3.9556e-01 +4.8553e-01 -7.6567e-01 -4.8884e-01 +1.9145e-01
6826 +5.194606602e-05 +5.194606602e-05 +4.751005195e+01 +4.751005195e+01 +3.9556e-01 +4.8553e-01 -7.6567e-01 -4.8877e-01 +1.9145e-01
6940 +2.980882098e-05 +2.980882098e-05 +4.751002981e+01 +4.751002981e+01 +3.9883e-01 +4.8706e-01 -7.6715e-01 -4.8972e-01 +1.9138e-01
7059 +1.140048968e-05 +1.140048968e-05 +4.751001140e+01 +4.751001140e+01 +3.9471e-01 +4.8559e-01 -7.6549e-01 -4.8858e-01 +1.9151e-01
7184 +8.077079102e-06 +8.077079102e-06 +4.751000808e+01 +4.751000808e+01 +3.9552e-01 +4.8577e-01 -7.6557e-01 -4.8865e-01 +1.9154e-01
7230 +4.708734565e-06 +4.708734565e-06 +4.751000471e+01 +4.751000471e+01 +3.9264e-01 +4.8472e-01 -7.6465e-01 -4.8796e-01 +1.9170e-01
7302 +2.129367914e-06 +2.129367914e-06 +4.751000213e+01 +4.751000213e+01 +3.9382e-01 +4.8530e-01 -7.6513e-01 -4.8821e-01 +1.9161e-01
7377 +9.559952616e-07 +9.559952616e-07 +4.751000096e+01 +4.751000096e+01 +3.9471e-01 +4.8558e-01 -7.6544e-01 -4.8848e-01 +1.9157e-01
7591 +2.365642118e-07 +2.365642118e-07 +4.751000024e+01 +4.751000024e+01 +3.9342e-01 +4.8511e-01 -7.6500e-01 -4.8813e-01 +1.9163e-01
7688 +1.577805548e-07 +1.577805548e-07 +4.751000016e+01 +4.751000016e+01 +3.9357e-01 +4.8516e-01 -7.6505e-01 -4.8817e-01 +1.9163e-01
7776 +4.229933381e-08 +4.229933381e-08 +4.751000004e+01 +4.751000004e+01 +3.9314e-01 +4.8499e-01 -7.6488e-01 -4.8805e-01 +1.9166e-01
7839 +3.891204869e-08 +3.891204869e-08 +4.751000004e+01 +4.751000004e+01 +3.9347e-01 +4.8511e-01 -7.6500e-01 -4.8815e-01 +1.9164e-01
7926 +2.430019919e-08 +2.430019919e-08 +4.751000002e+01 +4.751000002e+01 +3.9348e-01 +4.8511e-01 -7.6501e-01 -4.8815e-01 +1.9164e-01
8023 +1.105183856e-08 +1.105183856e-08 +4.751000001e+01 +4.751000001e+01 +3.9318e-01 +4.8500e-01 -7.6490e-01 -4.8807e-01 +1.9165e-01
8029 +7.233062149e-09 +7.233062149e-09 +4.751000001e+01 +4.751000001e+01 +3.9331e-01 +4.8505e-01 -7.6495e-01 -4.8810e-01 +1.9165e-01
% function evaluation | noise-free fitness - Fopt (5.534000000000e+01) | best noise-free fitness - Fopt | measured fitness | best measured fitness | x1 | x2...
1 +8.628422070e+04 +8.628422070e+04 +8.633956070e+04 +8.633956070e+04 +1.1503e+00 -1.6608e+00 -2.3187e+00 +4.0839e+00 -4.5858e+00
4 +3.335604362e+04 +3.335604362e+04 +3.341138362e+04 +3.341138362e+04 -3.2098e+00 +2.8221e+00 +1.8172e+00 -6.9573e-01 -1.9818e+00
13 +1.945017427e+04 +1.945017427e+04 +1.950551427e+04 +1.950551427e+04 +1.6123e+00 +7.2424e-01 +2.1889e-01 +2.5813e+00 +2.4938e+00
14 +1.094019549e+04 +1.094019549e+04 +1.099553549e+04 +1.099553549e+04 -4.0232e+00 +2.2092e+00 +1.9135e+00 +4.2844e+00 -4.4200e+00
15 +8.605543168e+03 +8.605543168e+03 +8.660883168e+03 +8.660883168e+03 +2.7885e+00 +1.7244e+00 -2.3902e+00 +4.8645e-01 +2.6680e-04
16 +2.124356813e+03 +2.124356813e+03 +2.179696813e+03 +2.179696813e+03 +2.2968e+00 -1.6989e+00 +1.5342e+00 -2.1264e+00 +2.6365e+00
22 +1.322389564e+03 +1.322389564e+03 +1.377729564e+03 +1.377729564e+03 +4.8111e-02 -2.8535e-01 +5.3145e-01 +2.4087e+00 +4.6258e-01
79 +1.953865027e+02 +1.953865027e+02 +2.507265027e+02 +2.507265027e+02 +1.7557e+00 -1.6445e+00 -2.0289e+00 -1.2648e-01 +1.6263e+00
136 +7.012912423e+01 +7.012912423e+01 +1.254691242e+02 +1.254691242e+02 +1.5866e-01 -1.2476e+00 +3.7813e-01 -1.8829e-02 +2.9287e-01
177 +6.270993198e+01 +6.270993198e+01 +1.180499320e+02 +1.180499320e+02 -3.2398e-01 -6.4715e-01 +1.2019e+00 -4.2375e-02 -1.0271e-02
230 +2.772278551e+01 +2.772278551e+01 +8.306278551e+01 +8.306278551e+01 +4.9510e-01 -7.3650e-01 +3.8990e-01 +3.5738e-01 -3.5031e-01
326 +2.425648334e+01 +2.425648334e+01 +7.959648334e+01 +7.959648334e+01 -2.2877e-01 -7.3650e-01 +3.8990e-01 +2.4597e-01 -4.0809e-01
351 +1.515671904e+01 +1.515671904e+01 +7.049671904e+01 +7.049671904e+01 -2.2877e-01 -7.3650e-01 +3.8990e-01 +2.4597e-01 -1.5155e-01
421 +9.649201961e+00 +9.649201961e+00 +6.498920196e+01 +6.498920196e+01 -6.8834e-01 -2.7625e-01 +1.0937e-01 +5.8752e-01 +1.1274e+00
828 +5.995855125e+00 +5.995855125e+00 +6.133585513e+01 +6.133585513e+01 -2.5325e-02 -6.5449e-01 +5.6341e-01 +2.3270e-01 -1.8591e-01
931 +3.110375496e+00 +3.110375496e+00 +5.845037550e+01 +5.845037550e+01 +6.2914e-02 -4.0203e-01 +7.0047e-01 +1.7166e-01 -3.4975e-01
1103 +2.499483714e+00 +2.499483714e+00 +5.783948371e+01 +5.783948371e+01 +9.3587e-02 -1.7054e-01 +6.7946e-01 +1.3869e-01 -3.6230e-01
2265 +1.506604039e+00 +1.506604039e+00 +5.684660404e+01 +5.684660404e+01 +8.1745e-02 +1.9543e-01 +5.5456e-01 +1.0476e-01 -3.6850e-01
2626 +9.699239674e-01 +9.699239674e-01 +5.630992397e+01 +5.630992397e+01 +2.8790e-02 +4.2927e-01 +3.2792e-01 +8.5181e-02 -3.7133e-01
3201 +5.502864887e-01 +5.502864887e-01 +5.589028649e+01 +5.589028649e+01 -7.3835e-03 +5.1132e-01 +1.8289e-01 +6.0547e-02 -3.1834e-01
3851 +3.822838770e-01 +3.822838770e-01 +5.572228388e+01 +5.572228388e+01 -1.0654e-02 +5.5908e-01 +5.8372e-02 +3.8646e-02 -2.7712e-01
4404 +2.445446826e-01 +2.445446826e-01 +5.558454468e+01 +5.558454468e+01 -1.5777e-02 +6.3113e-01 -1.1195e-01 -7.9115e-03 -2.1078e-01
5009 +1.492152187e-01 +1.492152187e-01 +5.548921522e+01 +5.548921522e+01 +1.2024e-04 +6.7284e-01 -2.2623e-01 -3.9310e-02 -1.6219e-01
5477 +9.631753125e-02 +9.631753125e-02 +5.543631753e+01 +5.543631753e+01 +1.0820e-02 +6.9178e-01 -3.1189e-01 -7.0473e-02 -1.2268e-01
6002 +5.883155631e-02 +5.883155631e-02 +5.539883156e+01 +5.539883156e+01 +2.2523e-02 +7.1450e-01 -4.0282e-01 -1.0563e-01 -7.5793e-02
6287 +3.669397685e-02 +3.669397685e-02 +5.537669398e+01 +5.537669398e+01 +5.9920e-02 +7.4770e-01 -6.0695e-01 -1.8997e-01 +4.1071e-02
6426 +2.162572813e-02 +2.162572813e-02 +5.536162573e+01 +5.536162573e+01 +5.6540e-02 +7.4606e-01 -5.8494e-01 -1.7721e-01 +2.4382e-02
6535 +1.571693717e-02 +1.571693717e-02 +5.535571694e+01 +5.535571694e+01 +6.4423e-02 +7.5403e-01 -6.2077e-01 -1.9597e-01 +4.5918e-02
6584 +7.540924548e-03 +7.540924548e-03 +5.534754092e+01 +5.534754092e+01 +7.4875e-02 +7.6529e-01 -6.7202e-01 -2.1635e-01 +7.2778e-02
6660 +5.747090539e-03 +5.747090539e-03 +5.534574709e+01 +5.534574709e+01 +7.4412e-02 +7.6542e-01 -6.6847e-01 -2.1722e-01 +6.8399e-02
6822 +2.814578930e-03 +2.814578930e-03 +5.534281458e+01 +5.534281458e+01 +8.3462e-02 +7.6832e-01 -7.0434e-01 -2.3136e-01 +8.8451e-02
6844 +2.349942959e-03 +2.349942959e-03 +5.534234994e+01 +5.534234994e+01 +8.1446e-02 +7.7111e-01 -6.9792e-01 -2.2891e-01 +8.4527e-02
6908 +9.086740880e-04 +9.086740880e-04 +5.534090867e+01 +5.534090867e+01 +8.5799e-02 +7.7285e-01 -7.1455e-01 -2.3672e-01 +9.4750e-02
7079 +2.780155109e-04 +2.780155109e-04 +5.534027802e+01 +5.534027802e+01 +9.0670e-02 +7.7523e-01 -7.3102e-01 -2.4407e-01 +1.0415e-01
7157 +2.255839537e-04 +2.255839537e-04 +5.534022558e+01 +5.534022558e+01 +9.2223e-02 +7.7548e-01 -7.3513e-01 -2.4659e-01 +1.0711e-01
7231 +9.923703202e-05 +9.923703202e-05 +5.534009924e+01 +5.534009924e+01 +9.5482e-02 +7.7737e-01 -7.5071e-01 -2.5363e-01 +1.1617e-01
7262 +4.074567223e-05 +4.074567223e-05 +5.534004075e+01 +5.534004075e+01 +9.5205e-02 +7.7816e-01 -7.5055e-01 -2.5338e-01 +1.1591e-01
7317 +2.197935240e-05 +2.197935240e-05 +5.534002198e+01 +5.534002198e+01 +9.5500e-02 +7.7802e-01 -7.5072e-01 -2.5358e-01 +1.1620e-01
7453 +1.172897687e-05 +1.172897687e-05 +5.534001173e+01 +5.534001173e+01 +9.5520e-02 +7.7802e-01 -7.5117e-01 -2.5366e-01 +1.1640e-01
7485 +5.528364525e-06 +5.528364525e-06 +5.534000553e+01 +5.534000553e+01 +9.5065e-02 +7.7766e-01 -7.4941e-01 -2.5279e-01 +1.1540e-01
7492 +2.496344891e-06 +2.496344891e-06 +5.534000250e+01 +5.534000250e+01 +9.4624e-02 +7.7749e-01 -7.4753e-01 -2.5198e-01 +1.1440e-01
7553 +1.547780599e-06 +1.547780599e-06 +5.534000155e+01 +5.534000155e+01 +9.4862e-02 +7.7752e-01 -7.4842e-01 -2.5239e-01 +1.1490e-01
7555 +4.066565822e-07 +4.066565822e-07 +5.534000041e+01 +5.534000041e+01 +9.4757e-02 +7.7748e-01 -7.4819e-01 -2.5227e-01 +1.1479e-01
7874 +9.548539026e-08 +9.548539026e-08 +5.534000010e+01 +5.534000010e+01 +9.4680e-02 +7.7748e-01 -7.4790e-01 -2.5213e-01 +1.1458e-01
7955 +6.142700215e-08 +6.142700215e-08 +5.534000006e+01 +5.534000006e+01 +9.4779e-02 +7.7753e-01 -7.4834e-01 -2.5234e-01 +1.1485e-01
8046 +1.780373537e-08 +1.780373537e-08 +5.534000002e+01 +5.534000002e+01 +9.4715e-02 +7.7750e-01 -7.4806e-01 -2.5221e-01 +1.1469e-01
8201 +1.348411871e-08 +1.348411871e-08 +5.534000001e+01 +5.534000001e+01 +9.4763e-02 +7.7752e-01 -7.4824e-01 -2.5229e-01 +1.1479e-01
8242 +9.079208496e-09 +9.079208496e-09 +5.534000001e+01 +5.534000001e+01 +9.4748e-02 +7.7752e-01 -7.4820e-01 -2.5227e-01 +1.1477e-01
% function evaluation | noise-free fitness - Fopt (-9.033000000000e+01) | best noise-free fitness - Fopt | measured fitness | best measured fitness | x1 | x2...
1 +6.242662939e+04 +6.242662939e+04 +6.233629939e+04 +6.233629939e+04 +2.7811e+00 -2.9228e+00 -1.6837e+00 -1.2865e+00 -4.9926e+00
2 +8.904626976e+03 +8.904626976e+03 +8.814296976e+03 +8.814296976e+03 +2.5037e+00 +2.1390e+00 +1.8395e+00 +1.8677e-01 +4.9961e-01
29 +5.189956249e+03 +5.189956249e+03 +5.099626249e+03 +5.099626249e+03 -2.5452e-01 -2.0103e+00 -4.0072e+00 +2.9902e+00 +2.3178e+00
30 +3.765245969e+03 +3.765245969e+03 +3.674915969e+03 +3.674915969e+03 +1.7997e-01 -1.7550e+00 -1.1715e+00 -2.7729e-01 -2.5272e+00
70 +5.624482872e+02 +5.624482872e+02 +4.721182872e+02 +4.721182872e+02 +9.2496e-01 -1.5510e+00 -1.4929e+00 +4.2034e-01 +4.6785e-01
115 +2.731815626e+02 +2.731815626e+02 +1.828515626e+02 +1.828515626e+02 -9.1224e-01 -1.3538e+00 -7.7131e-02 -7.1791e-01 -3.4649e-01
156 +1.103360063e+02 +1.103360063e+02 +2.000600634e+01 +2.000600634e+01 +5.2454e-02 -8.2822e-01 -5.0841e-01 -6.1095e-02 -7.5753e-01
327 +9.480237777e+01 +9.480237777e+01 +4.472377775e+00 +4.472377775e+00 -4.1113e-01 -5.5475e-01 -3.6669e-01 -6.1095e-02 -8.9806e-01
413 +4.180727705e+01 +4.180727705e+01 -4.852272295e+01 -4.852272295e+01 +2.5550e-01 -6.2784e-01 -1.9998e-01 +5.7829e-01 +8.5944e-02
451 +2.490159193e+01 +2.490159193e+01 -6.542840807e+01 -6.542840807e+01 +2.5550e-01 -6.2784e-01 -1.9998e-01 -1.4747e-01 +8.5944e-02
478 +1.177578331e+01 +1.177578331e+01 -7.855421669e+01 -7.855421669e+01 -1.3453e-01 -4.4839e-01 -7.1566e-01 +2.8360e-01 +4.1290e-02
582 +6.736360267e+00 +6.736360267e+00 -8.359363973e+01 -8.359363973e+01 +1.0177e-01 -5.7257e-01 -5.5574e-01 +1.5982e-01 +1.2370e-01
627 +3.559574602e+00 +3.559574602e+00 -8.677042540e+01 -8.677042540e+01 +6.6666e-02 -5.7257e-01 -4.2755e-01 +1.4275e-01 +1.1516e-01
730 +2.402148594e+00 +2.402148594e+00 -8.792785141e+01 -8.792785141e+01 +6.6125e-02 -6.1587e-01 -3.7245e-01 +1.6216e-01 +6.8144e-02
948 +1.460530585e+00 +1.460530585e+00 -8.886946942e+01 -8.886946942e+01 +2.9429e-01 -5.6774e-01 -1.1251e-01 +1.2662e-01 +9.4935e-02
1264 +7.935567065e-01 +7.935567065e-01 -8.953644329e+01 -8.953644329e+01 +4.4463e-01 -3.7530e-01 +1.7800e-01 +1.2688e-01 +1.5986e-01
1560 +6.238605330e-01 +6.238605330e-01 -8.970613947e+01 -8.970613947e+01 +4.6790e-01 -3.2862e-01 +1.9587e-01 +1.3626e-01 +1.7245e-01
2276 +3.756824679e-01 +3.756824679e-01 -8.995431753e+01 -8.995431753e+01 +4.8811e-01 -1.9100e-01 +2.8961e-01 +9.2979e-02 +1.8074e-01
2606 +2.468191254e-01 +2.468191254e-01 -9.008318087e+01 -9.008318087e+01 +5.2911e-01 -3.7231e-02 +3.9923e-01 +2.8060e-02 +1.7700e-01
2881 +1.402974737e-01 +1.402974737e-01 -9.018970253e+01 -9.018970253e+01 +5.4208e-01 +7.6126e-02 +4.6263e-01 -2.4224e-02 +1.5479e-01
3006 +9.624952807e-02 +9.624952807e-02 -9.023375047e+01 -9.023375047e+01 +5.5605e-01 +2.2095e-01 +5.4735e-01 -1.0732e-01 +1.2841e-01
3334 +5.414712326e-02 +5.414712326e-02 -9.027585288e+01 -9.027585288e+01 +5.6045e-01 +2.4936e-01 +5.5883e-01 -1.2365e-01 +1.1833e-01
3428 +3.002113115e-02 +3.002113115e-02 -9.029997887e+01 -9.029997887e+01 +5.6850e-01 +4.1960e-01 +6.4057e-01 -2.2951e-01 +7.4127e-02
3488 +2.489803178e-02 +2.489803178e-02 -9.030510197e+01 -9.030510197e+01 +5.7543e-01 +3.8890e-01 +6.2844e-01 -2.0689e-01 +8.6934e-02
3492 +1.530698000e-02 +1.530698000e-02 -9.031469302e+01 -9.031469302e+01 +5.7224e-01 +3.9141e-01 +6.3010e-01 -2.0943e-01 +8.1033e-02
3623 +4.527350343e-03 +4.527350343e-03 -9.032547265e+01 -9.032547265e+01 +5.7997e-01 +4.8895e-01 +6.7882e-01 -2.7129e-01 +5.4256e-02
3801 +3.750656985e-03 +3.750656985e-03 -9.032624934e+01 -9.032624934e+01 +5.8200e-01 +5.1381e-01 +6.9410e-01 -2.8672e-01 +4.5877e-02
3805 +1.732985095e-03 +1.732985095e-03 -9.032826701e+01 -9.032826701e+01 +5.8482e-01 +5.5594e-01 +7.1326e-01 -3.1836e-01 +3.0494e-02
3854 +1.032146544e-03 +1.032146544e-03 -9.032896785e+01 -9.032896785e+01 +5.8318e-01 +5.3963e-01 +7.0493e-01 -3.0587e-01 +3.6733e-02
3951 +7.007275540e-04 +7.007275540e-04 -9.032929927e+01 -9.032929927e+01 +5.8318e-01 +5.4439e-01 +7.0836e-01 -3.0910e-01 +3.5191e-02
3979 +4.019834317e-04 +4.019834317e-04 -9.032959802e+01 -9.032959802e+01 +5.8321e-01 +5.4521e-01 +7.0779e-01 -3.0994e-01 +3.5406e-02
4056 +2.600829604e-04 +2.600829604e-04 -9.032973992e+01 -9.032973992e+01 +5.8297e-01 +5.4194e-01 +7.0662e-01 -3.0837e-01 +3.6117e-02
4102 +1.296846738e-04 +1.296846738e-04 -9.032987032e+01 -9.032987032e+01 +5.8348e-01 +5.4425e-01 +7.0828e-01 -3.0975e-01 +3.6165e-02
4213 +3.034557088e-05 +3.034557088e-05 -9.032996965e+01 -9.032996965e+01 +5.8401e-01 +5.5253e-01 +7.1248e-01 -3.1547e-01 +3.3133e-02
4278 +1.158989393e-05 +1.158989393e-05 -9.032998841e+01 -9.032998841e+01 +5.8402e-01 +5.5202e-01 +7.1214e-01 -3.1510e-01 +3.3305e-02
4393 +8.321282692e-06 +8.321282692e-06 -9.032999168e+01 -9.032999168e+01 +5.8393e-01 +5.4933e-01 +7.1084e-01 -3.1315e-01 +3.4226e-02
4422 +3.289809385e-06 +3.289809385e-06 -9.032999671e+01 -9.032999671e+01 +5.8408e-01 +5.5034e-01 +7.1130e-01 -3.1395e-01 +3.3799e-02
4526 +1.590262215e-06 +1.590262215e-06 -9.032999841e+01 -9.032999841e+01 +5.8407e-01 +5.5040e-01 +7.1133e-01 -3.1388e-01 +3.3904e-02
4635 +1.158589939e-06 +1.158589939e-06 -9.032999884e+01 -9.032999884e+01 +5.8407e-01 +5.5068e-01 +7.1141e-01 -3.1417e-01 +3.3759e-02
4639 +5.195404214e-07 +5.195404214e-07 -9.032999948e+01 -9.032999948e+01 +5.8410e-01 +5.5009e-01 +7.1117e-01 -3.1371e-01 +3.3968e-02
4672 +4.653909969e-08 +4.653909969e-08 -9.032999995e+01 -9.032999995e+01 +5.8410e-01 +5.5076e-01 +7.1150e-01 -3.1418e-01 +3.3741e-02
4875 +2.144153655e-08 +2.144153655e-08 -9.032999998e+01 -9.032999998e+01 +5.8409e-01 +5.5042e-01 +7.1134e-01 -3.1396e-01 +3.3852e-02
5068 +1.259553528e-08 +1.259553528e-08 -9.032999999e+01 -9.032999999e+01 +5.8408e-01 +5.5049e-01 +7.1137e-01 -3.1400e-01 +3.3831e-02
5089 +8.312767363e-09 +8.312767363e-09 -9.032999999e+01 -9.032999999e+01 +5.8409e-01 +5.5041e-01 +7.1133e-01 -3.1395e-01 +3.3857e-02
% function evaluation | noise-free fitness - Fopt (6.561000000000e+01) | best noise-free fitness - Fopt | measured fitness | best measured fitness | x1 | x2...
1 +2.521483584e+04 +2.521483584e+04 +2.528044584e+04 +2.528044584e+04 -4.0350e+00 +4.0321e+00 +3.8746e+00 +8.3736e-01 -1.3824e+00
2 +7.305719471e+03 +7.305719471e+03 +7.371329471e+03 +7.371329471e+03 -1.4176e-01 -4.2899e-01 -2.4099e+00 +3.2267e+00 -1.0117e+00
3 +1.399362295e+03 +1.399362295e+03 +1.464972295e+03 +1.464972295e+03 +2.0742e+00 -1.6002e+00 -4.0978e+00 +1.6268e+00 +2.3133e+00
109 +9.637589171e+02 +9.637589171e+02 +1.029368917e+03 +1.029368917e+03 +3.3556e-01 -1.6112e+00 -7.9355e-01 +1.9851e+00 +6.5837e-01
134 +4.413415121e+02 +4.413415121e+02 +5.069515121e+02 +5.069515121e+02 +4.4149e-01 +1.4796e+00 -9.0478e-01 +1.9939e-01 +5.0344e-01
201 +2.504766202e+01 +2.504766202e+01 +9.065766202e+01 +9.065766202e+01 +7.4292e-01 +5.5440e-01 +9.9784e-01 +4.5638e-01 -2.1448e-01
554 +1.336642448e+01 +1.336642448e+01 +7.897642448e+01 +7.897642448e+01 -1.5631e-01 -1.3990e-01 +1.0206e+00 +2.8556e-01 -2.5176e-01
572 +7.653582636e+00 +7.653582636e+00 +7.326358264e+01 +7.326358264e+01 +2.0505e-01 +2.2775e-01 +9.1172e-01 +5.7327e-01 -1.6746e-01
576 +5.868406917e+00 +5.868406917e+00 +7.147840692e+01 +7.147840692e+01 +2.0505e-01 +2.2775e-01 +8.4439e-01 +5.0765e-01 +1.7458e-02
967 +3.661149280e+00 +3.661149280e+00 +6.927114928e+01 +6.927114928e+01 +6.5063e-02 +8.1712e-02 +8.2482e-01 +4.3398e-01 -7.5513e-02
1878 +2.366699463e+00 +2.366699463e+00 +6.797669946e+01 +6.797669946e+01 -1.2929e-01 -8.4739e-02 +7.6122e-01 +1.3196e-01 -1.0278e-01
2426 +1.582506646e+00 +1.582506646e+00 +6.719250665e+01 +6.719250665e+01 -2.3979e-01 -1.2951e-01 +5.8106e-01 -1.6317e-01 -1.4657e-01
2653 +9.392362219e-01 +9.392362219e-01 +6.654923622e+01 +6.654923622e+01 -3.5573e-01 -8.1243e-02 +3.8936e-01 -3.3855e-01 -2.0023e-01
2915 +5.949334859e-01 +5.949334859e-01 +6.620493349e+01 +6.620493349e+01 -4.0378e-01 -4.5262e-02 +6.1629e-02 -4.7937e-01 -2.0153e-01
3153 +2.852574083e-01 +2.852574083e-01 +6.589525741e+01 +6.589525741e+01 -4.0869e-01 -6.2916e-02 -6.1733e-02 -4.8261e-01 -1.6109e-01
3354 +2.506263543e-01 +2.506263543e-01 +6.586062635e+01 +6.586062635e+01 -4.3063e-01 -5.6892e-02 -1.6790e-01 -5.0943e-01 -1.3522e-01
3544 +1.450192428e-01 +1.450192428e-01 +6.575501924e+01 +6.575501924e+01 -4.2586e-01 -7.3182e-02 -2.2428e-01 -5.1163e-01 -1.1825e-01
3731 +8.727192955e-02 +8.727192955e-02 +6.569727193e+01 +6.569727193e+01 -4.3039e-01 -9.0610e-02 -3.9181e-01 -5.3587e-01 -7.6933e-02
3951 +5.862066309e-02 +5.862066309e-02 +6.566862066e+01 +6.566862066e+01 -4.4075e-01 -1.0294e-01 -5.0463e-01 -5.5350e-01 -4.3523e-02
4058 +3.635081130e-02 +3.635081130e-02 +6.564635081e+01 +6.564635081e+01 -4.4011e-01 -1.2274e-01 -5.6539e-01 -5.5013e-01 -1.9285e-02
4082 +1.884553170e-02 +1.884553170e-02 +6.562884553e+01 +6.562884553e+01 -4.4314e-01 -1.3645e-01 -6.6797e-01 -5.5833e-01 +1.1284e-02
4132 +1.559522392e-02 +1.559522392e-02 +6.562559522e+01 +6.562559522e+01 -4.3983e-01 -1.3701e-01 -6.6452e-01 -5.5384e-01 +1.2862e-02
4306 +8.363624134e-03 +8.363624134e-03 +6.561836362e+01 +6.561836362e+01 -4.3983e-01 -1.3898e-01 -6.9460e-01 -5.5828e-01 +2.4874e-02
4435 +5.472230077e-03 +5.472230077e-03 +6.561547223e+01 +6.561547223e+01 -4.4096e-01 -1.5103e-01 -7.5831e-01 -5.6147e-01 +4.4597e-02
4521 +3.891843123e-03 +3.891843123e-03 +6.561389184e+01 +6.561389184e+01 -4.4183e-01 -1.4994e-01 -7.4907e-01 -5.6048e-01 +4.2502e-02
4540 +2.028017072e-03 +2.028017072e-03 +6.561202802e+01 +6.561202802e+01 -4.4156e-01 -1.6451e-01 -8.1927e-01 -5.6339e-01 +6.7604e-02
4576 +9.552748745e-04 +9.552748745e-04 +6.561095527e+01 +6.561095527e+01 -4.3968e-01 -1.5908e-01 -7.9012e-01 -5.6003e-01 +5.8717e-02
4676 +4.631378955e-04 +4.631378955e-04 +6.561046314e+01 +6.561046314e+01 -4.3968e-01 -1.6559e-01 -8.1870e-01 -5.6052e-01 +6.9486e-02
4689 +3.736359001e-04 +3.736359001e-04 +6.561037364e+01 +6.561037364e+01 -4.4008e-01 -1.6454e-01 -8.1495e-01 -5.6055e-01 +6.7982e-02
4876 +2.460213031e-04 +2.460213031e-04 +6.561024602e+01 +6.561024602e+01 -4.3998e-01 -1.6606e-01 -8.2062e-01 -5.6126e-01 +6.9920e-02
4928 +1.286995662e-04 +1.286995662e-04 +6.561012870e+01 +6.561012870e+01 -4.3995e-01 -1.6573e-01 -8.2202e-01 -5.6126e-01 +7.0280e-02
4929 +9.580460093e-05 +9.580460093e-05 +6.561009580e+01 +6.561009580e+01 -4.3996e-01 -1.6925e-01 -8.3756e-01 -5.6160e-01 +7.6433e-02
4936 +3.603857218e-05 +3.603857218e-05 +6.561003604e+01 +6.561003604e+01 -4.4004e-01 -1.6917e-01 -8.3749e-01 -5.6164e-01 +7.5944e-02
5051 +9.816219801e-06 +9.816219801e-06 +6.561000982e+01 +6.561000982e+01 -4.3996e-01 -1.7010e-01 -8.4138e-01 -5.6189e-01 +7.7470e-02
5165 +4.399439533e-06 +4.399439533e-06 +6.561000440e+01 +6.561000440e+01 -4.3998e-01 -1.7018e-01 -8.4206e-01 -5.6199e-01 +7.7652e-02
5276 +3.942378981e-06 +3.942378981e-06 +6.561000394e+01 +6.561000394e+01 -4.3997e-01 -1.7006e-01 -8.4170e-01 -5.6211e-01 +7.7532e-02
5409 +1.431742348e-06 +1.431742348e-06 +6.561000143e+01 +6.561000143e+01 -4.3999e-01 -1.6968e-01 -8.3977e-01 -5.6194e-01 +7.6865e-02
5504 +7.508271267e-07 +7.508271267e-07 +6.561000075e+01 +6.561000075e+01 -4.3998e-01 -1.6943e-01 -8.3888e-01 -5.6193e-01 +7.6505e-02
5546 +2.129182093e-07 +2.129182093e-07 +6.561000021e+01 +6.561000021e+01 -4.4000e-01 -1.6966e-01 -8.4000e-01 -5.6196e-01 +7.6924e-02
5565 +1.098576092e-07 +1.098576092e-07 +6.561000011e+01 +6.561000011e+01 -4.4000e-01 -1.6966e-01 -8.3986e-01 -5.6197e-01 +7.6872e-02
5731 +6.389191753e-08 +6.389191753e-08 +6.561000006e+01 +6.561000006e+01 -4.4000e-01 -1.6973e-01 -8.4023e-01 -5.6197e-01 +7.6999e-02
5803 +3.158235984e-08 +3.158235984e-08 +6.561000003e+01 +6.561000003e+01 -4.4000e-01 -1.6974e-01 -8.4025e-01 -5.6198e-01 +7.7011e-02
5826 +2.257172582e-08 +2.257172582e-08 +6.561000002e+01 +6.561000002e+01 -4.3998e-01 -1.6974e-01 -8.4027e-01 -5.6198e-01 +7.7019e-02
5835 +9.692129765e-09 +9.692129765e-09 +6.561000001e+01 +6.561000001e+01 -4.3999e-01 -1.6968e-01 -8.4001e-01 -5.6197e-01 +7.6918e-02
% function evaluation | noise-free fitness - Fopt (1.944000000000e+01) | best noise-free fitness - Fopt | measured fitness | best measured fitness | x1 | x2...
1 +6.995590172e+04 +6.995590172e+04 +6.997534172e+04 +6.997534172e+04 +1.7211e+00 +2.9368e+00 +4.8149e+00 +1.4469e+00 -2.0016e+00
2 +6.264099985e+04 +6.264099985e+04 +6.266043985e+04 +6.266043985e+04 +3.5537e+00 +1.4439e+00 -3.0028e+00 +1.3964e+00 -4.0934e+00
4 +3.090627115e+04 +3.090627115e+04 +3.092571115e+04 +3.092571115e+04 +4.5537e+00 +4.4352e+00 -2.3949e+00 -1.5646e+00 +7.0205e-01
15 +1.994044164e+04 +1.994044164e+04 +1.995988164e+04 +1.995988164e+04 +1.0304e-01 +7.1361e-01 +2.0727e+00 +2.2179e+00 +3.5652e+00
22 +7.720384092e+03 +7.720384092e+03 +7.739824092e+03 +7.739824092e+03 -2.7307e+00 -8.4305e-01 +9.2910e-01 -2.5475e+00 +3.9056e+00
54 +1.035874854e+03 +1.035874854e+03 +1.055314854e+03 +1.055314854e+03 +1.9334e+00 +2.7163e-01 -6.6370e-01 -5.5379e-01 +3.8767e+00
156 +7.906173948e+02 +7.906173948e+02 +8.100573948e+02 +8.100573948e+02 +1.1013e+00 +1.4355e-01 +1.0671e+00 -1.0286e+00 -9.6051e-02
160 +5.803276293e+02 +5.803276293e+02 +5.997676293e+02 +5.997676293e+02 +1.6226e+00 -6.4729e-01 -1.2451e-01 +8.0467e-01 -8.8654e-01
210 +3.842028090e+02 +3.842028090e+02 +4.036428090e+02 +4.036428090e+02 +4.8979e-01 -1.6881e-01 +7.9546e-01 +7.5452e-01 -6.5955e-01
230 +1.283494884e+02 +1.283494884e+02 +1.477894884e+02 +1.477894884e+02 +2.4459e-01 +7.6045e-01 -4.3094e-01 +1.2357e+00 +8.2849e-01
250 +8.426643652e+01 +8.426643652e+01 +1.037064365e+02 +1.037064365e+02 -3.1150e-01 +1.2245e+00 +3.7461e-01 +3.9885e-01 +6.6907e-01
328 +4.412363147e+01 +4.412363147e+01 +6.356363147e+01 +6.356363147e+01 -2.4087e-02 +4.1437e-01 -1.9917e-02 +7.9915e-02 +2.3905e-01
379 +2.692534106e+01 +2.692534106e+01 +4.636534106e+01 +4.636534106e+01 +5.3821e-01 +2.7501e-01 -3.6640e-01 +9.3744e-01 -1.6686e-01
389 +1.986070048e+01 +1.986070048e+01 +3.930070048e+01 +3.930070048e+01 -9.6856e-02 +4.4605e-01 -3.8070e-01 +1.1523e+00 +8.1535e-02
465 +1.351376166e+01 +1.351376166e+01 +3.295376166e+01 +3.295376166e+01 -7.4464e-02 +5.0230e-01 -3.5500e-01 +1.0416e+00 -5.5901e-02
531 +9.843534628e+00 +9.843534628e+00 +2.928353463e+01 +2.928353463e+01 -9.6106e-02 +7.4155e-01 -4.2789e-01 +8.7413e-01 +1.4523e-01
536 +4.537345278e+00 +4.537345278e+00 +2.397734528e+01 +2.397734528e+01 +5.0422e-02 +5.5468e-01 -4.3338e-01 +7.9130e-01 +1.9879e-01
860 +3.855062575e+00 +3.855062575e+00 +2.329506257e+01 +2.329506257e+01 +1.3439e-01 +4.0058e-01 -3.5056e-01 +7.6267e-01 +2.6040e-02
1308 +2.499618297e+00 +2.499618297e+00 +2.193961830e+01 +2.193961830e+01 +2.2086e-01 +1.8793e-01 -1.6150e-01 +7.2066e-01 -1.2471e-01
2092 +1.499344039e+00 +1.499344039e+00 +2.093934404e+01 +2.093934404e+01 +2.7447e-01 -1.5228e-01 -8.0405e-02 +4.9082e-01 -4.0675e-01
2701 +9.746425570e-01 +9.746425570e-01 +2.041464256e+01 +2.041464256e+01 +2.1317e-01 -2.4131e-01 -2.3434e-02 +3.6823e-01 -4.4387e-01
3226 +6.062043847e-01 +6.062043847e-01 +2.004620438e+01 +2.004620438e+01 +1.5743e-01 -3.3645e-01 +5.0911e-02 +1.8702e-01 -4.5362e-01
3448 +3.635314169e-01 +3.635314169e-01 +1.980353142e+01 +1.980353142e+01 +8.4724e-02 -4.3443e-01 +1.5856e-01 -4.3820e-02 -4.4677e-01
3753 +2.219314559e-01 +2.219314559e-01 +1.966193146e+01 +1.966193146e+01 +5.4374e-02 -4.8196e-01 +2.4195e-01 -2.2291e-01 -4.0229e-01
4015 +1.388409107e-01 +1.388409107e-01 +1.957884091e+01 +1.957884091e+01 +3.8887e-02 -5.2489e-01 +3.0223e-01 -3.5052e-01 -3.5926e-01
4126 +7.532295480e-02 +7.532295480e-02 +1.951532295e+01 +1.951532295e+01 +3.3189e-02 -5.3166e-01 +3.5885e-01 -4.4308e-01 -3.1065e-01
4133 +5.090699452e-02 +5.090699452e-02 +1.949090699e+01 +1.949090699e+01 +1.0345e-02 -5.4594e-01 +4.4532e-01 -5.9819e-01 -2.3997e-01
4152 +2.171944729e-02 +2.171944729e-02 +1.946171945e+01 +1.946171945e+01 +1.3927e-04 -5.7152e-01 +5.2232e-01 -7.5744e-01 -1.7720e-01
4354 +1.250663638e-02 +1.250663638e-02 +1.945250664e+01 +1.945250664e+01 +7.9172e-03 -5.6122e-01 +4.8524e-01 -6.8503e-01 -2.1128e-01
4510 +6.208765545e-03 +6.208765545e-03 +1.944620877e+01 +1.944620877e+01 +6.5376e-03 -5.6450e-01 +4.8844e-01 -6.8795e-01 -2.0899e-01
4660 +2.894470333e-03 +2.894470333e-03 +1.944289447e+01 +1.944289447e+01 +7.0981e-03 -5.6670e-01 +5.0157e-01 -7.1134e-01 -1.9818e-01
4735 +1.749338576e-03 +1.749338576e-03 +1.944174934e+01 +1.944174934e+01 +6.5864e-03 -5.7105e-01 +5.1283e-01 -7.2825e-01 -1.9166e-01
4984 +1.494793155e-03 +1.494793155e-03 +1.944149479e+01 +1.944149479e+01 +6.7294e-03 -5.7572e-01 +5.4214e-01 -7.8299e-01 -1.6519e-01
5124 +4.143737258e-04 +4.143737258e-04 +1.944041437e+01 +1.944041437e+01 +5.9794e-03 -5.7408e-01 +5.3823e-01 -7.7490e-01 -1.6838e-01
5283 +3.178355630e-04 +3.178355630e-04 +1.944031784e+01 +1.944031784e+01 +4.9097e-03 -5.7369e-01 +5.3562e-01 -7.7200e-01 -1.6923e-01
5438 +2.371757249e-04 +2.371757249e-04 +1.944023718e+01 +1.944023718e+01 +4.8179e-03 -5.7542e-01 +5.4603e-01 -7.9070e-01 -1.6033e-01
5465 +7.164023199e-05 +7.164023199e-05 +1.944007164e+01 +1.944007164e+01 +5.7232e-03 -5.7410e-01 +5.3554e-01 -7.7090e-01 -1.7069e-01
5609 +6.124975306e-05 +6.124975306e-05 +1.944006125e+01 +1.944006125e+01 +5.4462e-03 -5.7375e-01 +5.3451e-01 -7.6874e-01 -1.7156e-01
5651 +3.726243517e-05 +3.726243517e-05 +1.944003726e+01 +1.944003726e+01 +5.3655e-03 -5.7391e-01 +5.3451e-01 -7.6900e-01 -1.7148e-01
5776 +2.445716933e-05 +2.445716933e-05 +1.944002446e+01 +1.944002446e+01 +5.2332e-03 -5.7416e-01 +5.3617e-01 -7.7230e-01 -1.6976e-01
5862 +1.540789663e-05 +1.540789663e-05 +1.944001541e+01 +1.944001541e+01 +5.3881e-03 -5.7402e-01 +5.3555e-01 -7.7104e-01 -1.7051e-01
5990 +9.985106203e-06 +9.985106203e-06 +1.944000999e+01 +1.944000999e+01 +5.1750e-03 -5.7456e-01 +5.3900e-01 -7.7754e-01 -1.6734e-01
6026 +5.980972823e-06 +5.980972823e-06 +1.944000598e+01 +1.944000598e+01 +5.3266e-03 -5.7417e-01 +5.3624e-01 -7.7247e-01 -1.6987e-01
6080 +3.079889321e-06 +3.079889321e-06 +1.944000308e+01 +1.944000308e+01 +5.2925e-03 -5.7438e-01 +5.3718e-01 -7.7422e-01 -1.6913e-01
6107 +7.309652013e-07 +7.309652013e-07 +1.944000073e+01 +1.944000073e+01 +5.2302e-03 -5.7444e-01 +5.3751e-01 -7.7483e-01 -1.6875e-01
6276 +5.095302988e-07 +5.095302988e-07 +1.944000051e+01 +1.944000051e+01 +5.2043e-03 -5.7452e-01 +5.3782e-01 -7.7543e-01 -1.6848e-01
6385 +1.706335198e-07 +1.706335198e-07 +1.944000017e+01 +1.944000017e+01 +5.1929e-03 -5.7459e-01 +5.3815e-01 -7.7598e-01 -1.6821e-01
6415 +1.063203037e-07 +1.063203037e-07 +1.944000011e+01 +1.944000011e+01 +5.2069e-03 -5.7456e-01 +5.3810e-01 -7.7589e-01 -1.6824e-01
6476 +8.668670048e-08 +8.668670048e-08 +1.944000009e+01 +1.944000009e+01 +5.1999e-03 -5.7460e-01 +5.3827e-01 -7.7620e-01 -1.6812e-01
6605 +5.942241543e-08 +5.942241543e-08 +1.944000006e+01 +1.944000006e+01 +5.1960e-03 -5.7460e-01 +5.3822e-01 -7.7612e-01 -1.6815e-01
6639 +2.697873569e-08 +2.697873569e-08 +1.944000003e+01 +1.944000003e+01 +5.2061e-03 -5.7457e-01 +5.3814e-01 -7.7596e-01 -1.6823e-01
6723 +2.292597756e-08 +2.292597756e-08 +1.944000002e+01 +1.944000002e+01 +5.1999e-03 -5.7458e-01 +5.3821e-01 -7.7608e-01 -1.6817e-01
6787 +1.139128258e-08 +1.139128258e-08 +1.944000001e+01 +1.944000001e+01 +5.2026e-03 -5.7457e-01 +5.3814e-01 -7.7598e-01 -1.6822e-01
6879 +6.804778963e-09 +6.804778963e-09 +1.944000001e+01 +1.944000001e+01 +5.2014e-03 -5.7457e-01 +5.3812e-01 -7.7593e-01 -1.6824e-01
% function evaluation | noise-free fitness - Fopt (-4.583400000000e+02) | best noise-free fitness - Fopt | measured fitness | best measured fitness | x1 | x2...
1 +1.709917540e+04 +1.709917540e+04 +1.664083540e+04 +1.664083540e+04 -3.1400e+00 -1.9981e+00 -1.1479e+00 +1.2860e+00 -2.9960e+00
2 +9.405722773e+03 +9.405722773e+03 +8.947382773e+03 +8.947382773e+03 -3.0214e+00 +1.9596e+00 -1.5773e+00 -1.0169e+00 +2.2269e+00
18 +2.498636285e+03 +2.498636285e+03 +2.040296285e+03 +2.040296285e+03 +8.9123e-01 +1.9178e+00 +3.1195e+00 -6.4423e-01 -2.4533e+00
118 +1.491607086e+03 +1.491607086e+03 +1.033267086e+03 +1.033267086e+03 +2.0007e-01 +1.1545e+00 +3.4767e-01 -6.2385e-01 +1.1565e+00
152 +6.886046693e+02 +6.886046693e+02 +2.302646693e+02 +2.302646693e+02 -4.3061e-02 -1.0014e+00 -6.7713e-01 -7.8166e-01 +1.3646e-01
197 +2.121605645e+02 +2.121605645e+02 -2.461794355e+02 -2.461794355e+02 +3.7511e-01 +1.0834e-01 +1.5965e+00 -2.3413e-01 -2.2183e-01
226 +6.445657568e+01 +6.445657568e+01 -3.938834243e+02 -3.938834243e+02 -5.8958e-02 +2.8907e-01 +4.3478e-01 -1.2656e-01 -1.0673e+00
240 +4.724186248e+01 +4.724186248e+01 -4.110981375e+02 -4.110981375e+02 -3.6671e-01 +1.0851e-01 +7.2437e-01 -1.1959e-01 -4.7165e-01
301 +3.629319949e+01 +3.629319949e+01 -4.220468005e+02 -4.220468005e+02 -3.6671e-01 +7.4317e-02 +6.0595e-01 -1.1959e-01 -4.7165e-01
377 +2.303035797e+01 +2.303035797e+01 -4.353096420e+02 -4.353096420e+02 +2.8719e-01 +7.9454e-01 +1.3490e-01 +2.9479e-01 -4.7165e-01
420 +1.189387440e+01 +1.189387440e+01 -4.464461256e+02 -4.464461256e+02 +1.5975e-01 +6.1754e-02 +4.8468e-01 -2.8246e-01 -3.3163e-01
472 +9.691160055e+00 +9.691160055e+00 -4.486488399e+02 -4.486488399e+02 -4.6502e-01 +1.0388e+00 -5.3662e-02 +5.4555e-01 -4.7008e-01
504 +3.588179871e+00 +3.588179871e+00 -4.547518201e+02 -4.547518201e+02 +7.0362e-02 +1.9321e-01 +5.5276e-01 +4.2887e-02 -5.8733e-01
738 +2.235158804e+00 +2.235158804e+00 -4.561048412e+02 -4.561048412e+02 +1.7802e-02 +1.2728e-02 +5.9578e-01 -1.8268e-01 -4.0891e-01
1076 +1.562127777e+00 +1.562127777e+00 -4.567778722e+02 -4.567778722e+02 +4.8862e-03 -3.3561e-02 +5.8937e-01 -2.0010e-01 -2.9857e-01
1757 +9.750370802e-01 +9.750370802e-01 -4.573649629e+02 -4.573649629e+02 -5.5267e-02 -8.8354e-02 +5.3701e-01 -3.0262e-01 -1.9549e-01
2776 +6.254389141e-01 +6.254389141e-01 -4.577145611e+02 -4.577145611e+02 -5.5047e-02 -1.5618e-01 +4.4390e-01 -3.9129e-01 +4.9611e-03
3252 +3.424619499e-01 +3.424619499e-01 -4.579975381e+02 -4.579975381e+02 -7.4445e-02 -2.4455e-01 +3.2274e-01 -4.7348e-01 +1.9767e-01
3510 +2.506195119e-01 +2.506195119e-01 -4.580893805e+02 -4.580893805e+02 -8.2731e-02 -2.6899e-01 +2.8018e-01 -4.7153e-01 +2.4644e-01
3683 +1.543003434e-01 +1.543003434e-01 -4.581856997e+02 -4.581856997e+02 -9.7910e-02 -3.5383e-01 +1.6658e-01 -4.8789e-01 +3.9618e-01
3929 +9.086741201e-02 +9.086741201e-02 -4.582491326e+02 -4.582491326e+02 -1.0227e-01 -3.9593e-01 +9.6768e-02 -4.8254e-01 +4.6290e-01
4031 +4.886970950e-02 +4.886970950e-02 -4.582911303e+02 -4.582911303e+02 -1.1743e-01 -4.5238e-01 +1.7351e-02 -4.7537e-01 +5.5101e-01
4297 +3.972211104e-02 +3.972211104e-02 -4.583002779e+02 -4.583002779e+02 -1.1723e-01 -4.5379e-01 +1.0467e-02 -4.7686e-01 +5.5294e-01
4462 +2.055727727e-02 +2.055727727e-02 -4.583194427e+02 -4.583194427e+02 -1.2725e-01 -4.9612e-01 -5.2525e-02 -4.6693e-01 +6.1712e-01
4607 +1.447129147e-02 +1.447129147e-02 -4.583255287e+02 -4.583255287e+02 -1.3903e-01 -5.6804e-01 -1.5924e-01 -4.4537e-01 +7.2262e-01
4620 +8.404448707e-03 +8.404448707e-03 -4.583315956e+02 -4.583315956e+02 -1.3572e-01 -5.4472e-01 -1.2329e-01 -4.5392e-01 +6.8698e-01
4684 +5.489966569e-03 +5.489966569e-03 -4.583345100e+02 -4.583345100e+02 -1.3933e-01 -5.6078e-01 -1.4775e-01 -4.5003e-01 +7.1097e-01
4690 +3.907969595e-03 +3.907969595e-03 -4.583360920e+02 -4.583360920e+02 -1.4108e-01 -5.7151e-01 -1.6313e-01 -4.4762e-01 +7.2596e-01
4884 +2.505701166e-03 +2.505701166e-03 -4.583374943e+02 -4.583374943e+02 -1.4329e-01 -5.7967e-01 -1.7379e-01 -4.4831e-01 +7.3711e-01
4913 +1.171948548e-03 +1.171948548e-03 -4.583388281e+02 -4.583388281e+02 -1.4637e-01 -5.9426e-01 -1.9264e-01 -4.4264e-01 +7.5493e-01
5004 +9.763424163e-04 +9.763424163e-04 -4.583390237e+02 -4.583390237e+02 -1.5172e-01 -6.1462e-01 -2.2392e-01 -4.3502e-01 +7.8327e-01
5050 +4.268071469e-04 +4.268071469e-04 -4.583395732e+02 -4.583395732e+02 -1.4769e-01 -6.0028e-01 -2.0444e-01 -4.4015e-01 +7.6405e-01
5085 +3.361029404e-04 +3.361029404e-04 -4.583396639e+02 -4.583396639e+02 -1.4828e-01 -6.0029e-01 -2.0326e-01 -4.4047e-01 +7.6395e-01
5099 +2.357824987e-04 +2.357824987e-04 -4.583397642e+02 -4.583397642e+02 -1.4949e-01 -6.0489e-01 -2.0967e-01 -4.3941e-01 +7.6990e-01
5178 +1.279147550e-04 +1.279147550e-04 -4.583398721e+02 -4.583398721e+02 -1.5056e-01 -6.1111e-01 -2.1943e-01 -4.3683e-01 +7.7860e-01
5192 +8.454307749e-05 +8.454307749e-05 -4.583399155e+02 -4.583399155e+02 -1.5202e-01 -6.1725e-01 -2.2741e-01 -4.3570e-01 +7.8673e-01
5344 +4.584613669e-05 +4.584613669e-05 -4.583399542e+02 -4.583399542e+02 -1.5031e-01 -6.1055e-01 -2.1754e-01 -4.3796e-01 +7.7741e-01
5407 +3.639336433e-05 +3.639336433e-05 -4.583399636e+02 -4.583399636e+02 -1.5041e-01 -6.1066e-01 -2.1814e-01 -4.3784e-01 +7.7777e-01
5432 +1.347906783e-05 +1.347906783e-05 -4.583399865e+02 -4.583399865e+02 -1.5053e-01 -6.1162e-01 -2.1960e-01 -4.3744e-01 +7.7912e-01
5530 +7.279613328e-06 +7.279613328e-06 -4.583399927e+02 -4.583399927e+02 -1.5113e-01 -6.1455e-01 -2.2386e-01 -4.3631e-01 +7.8314e-01
5620 +5.190632635e-06 +5.190632635e-06 -4.583399948e+02 -4.583399948e+02 -1.5087e-01 -6.1367e-01 -2.2259e-01 -4.3658e-01 +7.8191e-01
5678 +3.230904383e-06 +3.230904383e-06 -4.583399968e+02 -4.583399968e+02 -1.5074e-01 -6.1266e-01 -2.2113e-01 -4.3698e-01 +7.8057e-01
5709 +2.197582944e-06 +2.197582944e-06 -4.583399978e+02 -4.583399978e+02 -1.5101e-01 -6.1405e-01 -2.2311e-01 -4.3654e-01 +7.8241e-01
5726 +1.508199887e-06 +1.508199887e-06 -4.583399985e+02 -4.583399985e+02 -1.5091e-01 -6.1365e-01 -2.2256e-01 -4.3666e-01 +7.8185e-01
5757 +7.165539273e-07 +7.165539273e-07 -4.583399993e+02 -4.583399993e+02 -1.5091e-01 -6.1355e-01 -2.2225e-01 -4.3669e-01 +7.8161e-01
5782 +7.382118383e-08 +7.382118383e-08 -4.583399999e+02 -4.583399999e+02 -1.5087e-01 -6.1345e-01 -2.2220e-01 -4.3671e-01 +7.8153e-01
6075 +3.394978876e-08 +3.394978876e-08 -4.583400000e+02 -4.583400000e+02 -1.5090e-01 -6.1353e-01 -2.2229e-01 -4.3668e-01 +7.8162e-01
6101 +1.105263436e-08 +1.105263436e-08 -4.583400000e+02 -4.583400000e+02 -1.5087e-01 -6.1342e-01 -2.2213e-01 -4.3672e-01 +7.8147e-01
6235 +7.330982044e-09 +7.330982044e-09 -4.583400000e+02 -4.583400000e+02 -1.5088e-01 -6.1344e-01 -2.2217e-01 -4.3671e-01 +7.8151e-01
% function evaluation | noise-free fitness - Fopt (2.188100000000e+02) | best noise-free fitness - Fopt | measured fitness | best measured fitness | x1 | x2...
1 +4.839641323e+04 +4.839641323e+04 +4.861522323e+04 +4.861522323e+04 +1.5108e+00 -3.2429e-01 -4.0087e+00 -1.8760e+00 -4.8948e+00
7 +1.813198623e+04 +1.813198623e+04 +1.835079623e+04 +1.835079623e+04 -5.2899e-01 -3.3698e+00 +4.0881e+00 +2.4603e+00 +3.7258e-01
17 +1.358849390e+04 +1.358849390e+04 +1.380730390e+04 +1.380730390e+04 -1.2663e+00 +4.1182e+00 -2.7970e+00 -4.5178e+00 +4.3529e+00
51 +6.361571456e+03 +6.361571456e+03 +6.580381456e+03 +6.580381456e+03 -1.7447e+00 +1.4218e+00 +2.1161e+00 -3.5586e-01 +2.7205e+00
89 +4.003248001e+03 +4.003248001e+03 +4.222058001e+03 +4.222058001e+03 -2.2559e-01 -9.2934e+00 +4.4668e-01 +2.8671e+00 -4.3171e+00
128 +1.611775674e+03 +1.611775674e+03 +1.830585674e+03 +1.830585674e+03 -1.8940e-01 -2.1910e+00 +2.1161e+00 +1.3696e+00 -1.3313e-02
133 +6.766816792e+02 +6.766816792e+02 +8.954916792e+02 +8.954916792e+02 +7.1728e-01 -8.4710e+00 +2.3761e+00 +1.4924e+00 -3.9722e+00
159 +3.121517470e+02 +3.121517470e+02 +5.309617470e+02 +5.309617470e+02 -1.0943e+00 -1.4303e-01 +5.1279e-01 -4.9077e-01 +5.9307e-01
252 +9.527778723e+01 +9.527778723e+01 +3.140877872e+02 +3.140877872e+02 -7.2099e-01 -1.4303e-01 +1.2636e-01 -1.1234e+00 -2.1257e-01
401 +4.453019517e+01 +4.453019517e+01 +2.633401952e+02 +2.633401952e+02 -3.4972e-01 +3.6121e-01 -3.2876e-01 -1.2107e+00 +7.3729e-01
427 +3.542985667e+01 +3.542985667e+01 +2.542398567e+02 +2.542398567e+02 +9.0557e-02 -2.4139e-01 -5.1747e-01 -1.1357e+00 +4.9565e-01
541 +2.376491746e+01 +2.376491746e+01 +2.425749175e+02 +2.425749175e+02 -8.7578e-03 -3.3368e-01 -5.7510e-01 -1.0314e+00 +3.3650e-01
576 +1.235034818e+01 +1.235034818e+01 +2.311603482e+02 +2.311603482e+02 -1.8425e-01 -7.9491e-02 -5.3441e-01 -1.1582e+00 +1.2873e-01
602 +7.266036861e+00 +7.266036861e+00 +2.260760369e+02 +2.260760369e+02 -2.2600e-01 -1.5287e-01 -5.8328e-01 -8.5732e-01 +3.5629e-01
881 +5.930914880e+00 +5.930914880e+00 +2.247409149e+02 +2.247409149e+02 -2.4703e-01 +6.2240e-02 -1.8893e-01 -9.8237e-01 +2.4703e-01
976 +3.702827115e+00 +3.702827115e+00 +2.225128271e+02 +2.225128271e+02 -1.8612e-01 +1.0069e-01 -2.2406e-01 -8.4305e-01 +2.8334e-01
1176 +2.220474627e+00 +2.220474627e+00 +2.210304746e+02 +2.210304746e+02 -2.6479e-01 +3.7654e-01 +1.1672e-01 -5.3803e-01 +2.3841e-01
1761 +1.536094869e+00 +1.536094869e+00 +2.203460949e+02 +2.203460949e+02 -2.3442e-01 +4.7304e-01 +1.8662e-01 -3.5435e-01 +2.2704e-01
2218 +9.829575037e-01 +9.829575037e-01 +2.197929575e+02 +2.197929575e+02 -1.9077e-01 +5.1845e-01 +2.4427e-01 -8.6224e-02 +1.7318e-01
2716 +6.280843009e-01 +6.280843009e-01 +2.194380843e+02 +2.194380843e+02 -1.2386e-01 +5.2526e-01 +2.6897e-01 +1.1703e-01 +1.4471e-01
3152 +3.899409043e-01 +3.899409043e-01 +2.191999409e+02 +2.191999409e+02 -5.1588e-02 +4.6029e-01 +3.0574e-01 +3.0768e-01 +7.9147e-02
3704 +2.354662877e-01 +2.354662877e-01 +2.190454663e+02 +2.190454663e+02 -1.3079e-02 +4.0402e-01 +3.2696e-01 +4.3784e-01 +1.8337e-02
4077 +1.576830381e-01 +1.576830381e-01 +2.189676830e+02 +2.189676830e+02 +5.2279e-02 +3.1240e-01 +3.5971e-01 +5.8561e-01 -5.2081e-02
4432 +9.619491920e-02 +9.619491920e-02 +2.189061949e+02 +2.189061949e+02 +7.0019e-02 +2.7017e-01 +3.7105e-01 +6.3749e-01 -8.5513e-02
4645 +6.153085221e-02 +6.153085221e-02 +2.188715309e+02 +2.188715309e+02 +9.6431e-02 +2.0981e-01 +3.9091e-01 +7.0067e-01 -1.2280e-01
4801 +3.824386777e-02 +3.824386777e-02 +2.188482439e+02 +2.188482439e+02 +1.1362e-01 +1.7967e-01 +3.9845e-01 +7.3947e-01 -1.5058e-01
4926 +2.496188160e-02 +2.496188160e-02 +2.188349619e+02 +2.188349619e+02 +1.3180e-01 +1.3647e-01 +4.0887e-01 +7.8802e-01 -1.8370e-01
5224 +1.409553054e-02 +1.409553054e-02 +2.188240955e+02 +2.188240955e+02 +1.5825e-01 +8.5462e-02 +4.2693e-01 +8.4248e-01 -2.2167e-01
5330 +8.428752044e-03 +8.428752044e-03 +2.188184288e+02 +2.188184288e+02 +1.6673e-01 +6.4951e-02 +4.3387e-01 +8.6374e-01 -2.3838e-01
5456 +4.731440753e-03 +4.731440753e-03 +2.188147314e+02 +2.188147314e+02 +1.8448e-01 +2.4286e-02 +4.4356e-01 +9.0279e-01 -2.6864e-01
5501 +3.841696879e-03 +3.841696879e-03 +2.188138417e+02 +2.188138417e+02 +1.7892e-01 +3.2579e-02 +4.4215e-01 +8.9007e-01 -2.6211e-01
5540 +2.336473462e-03 +2.336473462e-03 +2.188123365e+02 +2.188123365e+02 +1.8420e-01 +2.3487e-02 +4.4517e-01 +9.0153e-01 -2.7028e-01
5603 +1.427975340e-03 +1.427975340e-03 +2.188114280e+02 +2.188114280e+02 +1.9077e-01 +8.5451e-03 +4.5036e-01 +9.1841e-01 -2.8190e-01
5704 +7.394795868e-04 +7.394795868e-04 +2.188107395e+02 +2.188107395e+02 +1.9988e-01 -1.2109e-02 +4.5566e-01 +9.3762e-01 -2.9853e-01
5715 +6.177336225e-04 +6.177336225e-04 +2.188106177e+02 +2.188106177e+02 +1.9629e-01 -5.6625e-03 +4.5400e-01 +9.3067e-01 -2.9240e-01
5752 +1.700670444e-04 +1.700670444e-04 +2.188101701e+02 +2.188101701e+02 +2.0236e-01 -1.9720e-02 +4.5819e-01 +9.4397e-01 -3.0385e-01
5904 +8.187258609e-05 +8.187258609e-05 +2.188100819e+02 +2.188100819e+02 +2.0474e-01 -2.5559e-02 +4.6047e-01 +9.5011e-01 -3.0909e-01
5989 +4.238118197e-05 +4.238118197e-05 +2.188100424e+02 +2.188100424e+02 +2.0380e-01 -2.3568e-02 +4.5999e-01 +9.4847e-01 -3.0757e-01
6070 +3.428453115e-05 +3.428453115e-05 +2.188100343e+02 +2.188100343e+02 +2.0537e-01 -2.7000e-02 +4.6087e-01 +9.5168e-01 -3.1015e-01
6167 +2.278054211e-05 +2.278054211e-05 +2.188100228e+02 +2.188100228e+02 +2.0380e-01 -2.3081e-02 +4.5978e-01 +9.4846e-01 -3.0712e-01
6187 +4.369217436e-06 +4.369217436e-06 +2.188100044e+02 +2.188100044e+02 +2.0473e-01 -2.5629e-02 +4.6051e-01 +9.5062e-01 -3.0902e-01
6299 +1.787381308e-06 +1.787381308e-06 +2.188100018e+02 +2.188100018e+02 +2.0393e-01 -2.3750e-02 +4.5991e-01 +9.4880e-01 -3.0749e-01
6494 +1.017617990e-07 +1.017617990e-07 +2.188100001e+02 +2.188100001e+02 +2.0411e-01 -2.4181e-02 +4.6002e-01 +9.4911e-01 -3.0780e-01
6725 +9.106040011e-08 +9.106040011e-08 +2.188100001e+02 +2.188100001e+02 +2.0434e-01 -2.4708e-02 +4.6020e-01 +9.4961e-01 -3.0820e-01
6824 +5.365936318e-08 +5.365936318e-08 +2.188100001e+02 +2.188100001e+02 +2.0422e-01 -2.4423e-02 +4.6012e-01 +9.4934e-01 -3.0799e-01
6833 +3.161451900e-08 +3.161451900e-08 +2.188100000e+02 +2.188100000e+02 +2.0423e-01 -2.4456e-02 +4.6012e-01 +9.4938e-01 -3.0801e-01
6891 +1.291886065e-08 +1.291886065e-08 +2.188100000e+02 +2.188100000e+02 +2.0420e-01 -2.4415e-02 +4.6010e-01 +9.4932e-01 -3.0797e-01
7026 +5.238177891e-09 +5.238177891e-09 +2.188100000e+02 +2.188100000e+02 +2.0420e-01 -2.4409e-02 +4.6010e-01 +9.4932e-01 -3.0797e-01
% function evaluation | noise-free fitness - Fopt (-1.613100000000e+02) | best noise-free fitness - Fopt | measured fitness | best measured fitness | x1 | x2...
1 +5.804749790e+03 +5.804749790e+03 +5.643439790e+03 +5.643439790e+03 +1.3446e+00 -3.8809e-01 -2.5750e+00 -3.8901e-01 -6.7729e-01
2 +3.019697652e+03 +3.019697652e+03 +2.858387652e+03 +2.858387652e+03 +2.7077e-01 -1.4755e+00 +3.3512e+00 +2.3649e+00 +2.9399e-01
32 +1.758346272e+03 +1.758346272e+03 +1.597036272e+03 +1.597036272e+03 +1.8437e-02 -3.3243e-01 -9.7704e-01 -5.1288e-01 +1.8627e+00
51 +2.576136261e+02 +2.576136261e+02 +9.630362615e+01 +9.630362615e+01 -1.1581e+00 -3.3243e-01 -9.7704e-01 -5.1288e-01 +3.5180e-01
101 +3.796570034e+01 +3.796570034e+01 -1.233442997e+02 -1.233442997e+02 -1.1581e+00 -3.3243e-01 -2.6282e-02 -1.6695e-01 +3.5180e-01
311 +2.087016515e+01 +2.087016515e+01 -1.404398349e+02 -1.404398349e+02 -8.0707e-01 -4.3100e-01 -9.7440e-02 -3.1528e-01 +1.7251e-01
341 +1.358578399e+01 +1.358578399e+01 -1.477242160e+02 -1.477242160e+02 -6.8266e-01 +1.1797e-01 +8.9447e-01 -1.2381e-01 +4.4292e-01
449 +9.510723676e+00 +9.510723676e+00 -1.517992763e+02 -1.517992763e+02 -5.6908e-01 -3.3220e-01 +6.7182e-01 -2.1254e-01 +2.2240e-01
502 +5.539338667e+00 +5.539338667e+00 -1.557706613e+02 -1.557706613e+02 -6.3081e-01 -5.0100e-01 +3.3205e-01 -2.9730e-02 +1.3684e-01
651 +3.216083094e+00 +3.216083094e+00 -1.580939169e+02 -1.580939169e+02 -6.8759e-01 -4.8543e-01 +1.0309e-01 -3.4543e-02 +2.2807e-01
991 +2.453919980e+00 +2.453919980e+00 -1.588560800e+02 -1.588560800e+02 -6.4684e-01 -4.5438e-01 +1.1556e-01 -6.3905e-02 +1.6740e-01
1521 +1.519521297e+00 +1.519521297e+00 -1.597904787e+02 -1.597904787e+02 -5.2017e-01 -4.1187e-01 -2.1889e-01 +3.9439e-02 -1.6424e-02
1856 +9.996756446e-01 +9.996756446e-01 -1.603103244e+02 -1.603103244e+02 -4.0250e-01 -2.8106e-01 -4.0793e-01 +3.8667e-02 -1.2908e-01
2195 +6.294913082e-01 +6.294913082e-01 -1.606805087e+02 -1.606805087e+02 -2.5207e-01 -1.9337e-01 -5.0929e-01 +6.4435e-02 -1.6814e-01
2559 +3.938215636e-01 +3.938215636e-01 -1.609161784e+02 -1.609161784e+02 -9.1433e-02 -1.0214e-01 -5.7557e-01 +6.5354e-02 -2.0128e-01
2701 +2.010123025e-01 +2.010123025e-01 -1.611089877e+02 -1.611089877e+02 +1.0796e-01 -1.4483e-02 -6.3068e-01 +9.3621e-02 -2.2155e-01
2890 +1.526934376e-01 +1.526934376e-01 -1.611573066e+02 -1.611573066e+02 +3.5381e-01 +7.5482e-02 -6.3912e-01 +1.2058e-01 -2.3907e-01
3180 +9.783738287e-02 +9.783738287e-02 -1.612121626e+02 -1.612121626e+02 +4.1159e-01 +9.5591e-02 -6.5285e-01 +1.2960e-01 -2.5041e-01
3378 +5.596593958e-02 +5.596593958e-02 -1.612540341e+02 -1.612540341e+02 +4.8630e-01 +1.2013e-01 -6.5942e-01 +1.4421e-01 -2.5107e-01
3426 +3.505681274e-02 +3.505681274e-02 -1.612749432e+02 -1.612749432e+02 +5.2607e-01 +1.3415e-01 -6.6364e-01 +1.5579e-01 -2.6077e-01
3529 +2.182464988e-02 +2.182464988e-02 -1.612881754e+02 -1.612881754e+02 +5.8301e-01 +1.5024e-01 -6.6579e-01 +1.6303e-01 -2.6245e-01
3580 +1.577715938e-02 +1.577715938e-02 -1.612942228e+02 -1.612942228e+02 +6.8408e-01 +1.7451e-01 -6.6746e-01 +1.7982e-01 -2.6855e-01
3603 +8.951107322e-03 +8.951107322e-03 -1.613010489e+02 -1.613010489e+02 +6.5566e-01 +1.6607e-01 -6.6626e-01 +1.7820e-01 -2.6721e-01
3726 +3.319586453e-03 +3.319586453e-03 -1.613066804e+02 -1.613066804e+02 +7.4487e-01 +1.9212e-01 -6.6573e-01 +1.9321e-01 -2.7224e-01
3836 +1.678942793e-03 +1.678942793e-03 -1.613083211e+02 -1.613083211e+02 +7.8108e-01 +2.0145e-01 -6.6108e-01 +1.9964e-01 -2.7190e-01
3876 +1.508056639e-03 +1.508056639e-03 -1.613084919e+02 -1.613084919e+02 +8.0939e-01 +2.1000e-01 -6.6108e-01 +2.0463e-01 -2.7462e-01
3918 +3.080606259e-04 +3.080606259e-04 -1.613096919e+02 -1.613096919e+02 +7.8605e-01 +2.0337e-01 -6.6191e-01 +2.0163e-01 -2.7364e-01
3992 +2.420799245e-04 +2.420799245e-04 -1.613097579e+02 -1.613097579e+02 +7.8864e-01 +2.0412e-01 -6.6277e-01 +2.0216e-01 -2.7364e-01
4051 +1.569018297e-04 +1.569018297e-04 -1.613098431e+02 -1.613098431e+02 +8.1278e-01 +2.0979e-01 -6.6078e-01 +2.0699e-01 -2.7483e-01
4256 +6.042143315e-05 +6.042143315e-05 -1.613099396e+02 -1.613099396e+02 +8.0295e-01 +2.0737e-01 -6.6161e-01 +2.0488e-01 -2.7420e-01
4299 +2.383672458e-05 +2.383672458e-05 -1.613099762e+02 -1.613099762e+02 +8.0890e-01 +2.0919e-01 -6.6116e-01 +2.0589e-01 -2.7444e-01
4429 +1.194402992e-05 +1.194402992e-05 -1.613099881e+02 -1.613099881e+02 +8.0601e-01 +2.0854e-01 -6.6138e-01 +2.0553e-01 -2.7438e-01
4505 +5.653635810e-06 +5.653635810e-06 -1.613099943e+02 -1.613099943e+02 +8.0567e-01 +2.0840e-01 -6.6122e-01 +2.0544e-01 -2.7426e-01
4602 +3.755619701e-06 +3.755619701e-06 -1.613099962e+02 -1.613099962e+02 +8.0757e-01 +2.0874e-01 -6.6123e-01 +2.0582e-01 -2.7429e-01
4618 +7.744952200e-07 +7.744952200e-07 -1.613099992e+02 -1.613099992e+02 +8.0780e-01 +2.0888e-01 -6.6115e-01 +2.0587e-01 -2.7433e-01
4706 +4.881096061e-07 +4.881096061e-07 -1.613099995e+02 -1.613099995e+02 +8.0670e-01 +2.0859e-01 -6.6122e-01 +2.0567e-01 -2.7427e-01
4809 +1.944082726e-07 +1.944082726e-07 -1.613099998e+02 -1.613099998e+02 +8.0678e-01 +2.0860e-01 -6.6124e-01 +2.0569e-01 -2.7429e-01
4835 +6.771571748e-08 +6.771571748e-08 -1.613099999e+02 -1.613099999e+02 +8.0707e-01 +2.0870e-01 -6.6123e-01 +2.0574e-01 -2.7432e-01
4901 +6.084388815e-08 +6.084388815e-08 -1.613099999e+02 -1.613099999e+02 +8.0745e-01 +2.0878e-01 -6.6123e-01 +2.0581e-01 -2.7433e-01
4927 +2.654493869e-08 +2.654493869e-08 -1.613100000e+02 -1.613100000e+02 +8.0740e-01 +2.0877e-01 -6.6123e-01 +2.0581e-01 -2.7433e-01
4991 +1.257635063e-08 +1.257635063e-08 -1.613100000e+02 -1.613100000e+02 +8.0738e-01 +2.0877e-01 -6.6123e-01 +2.0580e-01 -2.7433e-01
5155 +4.770242867e-09 +4.770242867e-09 -1.613100000e+02 -1.613100000e+02 +8.0723e-01 +2.0873e-01 -6.6123e-01 +2.0578e-01 -2.7432e-01
% function evaluation | noise-free fitness - Fopt (-1.000000000000e+03) | best noise-free fitness - Fopt | measured fitness | best measured fitness | x1 | x2...
1 +4.217018013e+04 +4.217018013e+04 +4.117018013e+04 +4.117018013e+04 -3.4492e+00 -3.7553e-01 -4.8547e+00 -4.5008e+00 +3.1129e+00
2 +4.648081772e+03 +4.648081772e+03 +3.648081772e+03 +3.648081772e+03 -9.7705e-01 -2.4734e+00 -2.3470e+00 -2.0842e+00 +2.4044e-01
24 +2.129470171e+03 +2.129470171e+03 +1.129470171e+03 +1.129470171e+03 -1.9600e+00 -9.4853e-02 +1.4331e+00 +1.9019e+00 +8.7399e-01
26 +8.496679199e+02 +8.496679199e+02 -1.503320801e+02 -1.503320801e+02 -7.4753e-01 -9.4853e-02 +1.4331e+00 -2.0510e+00 +8.0403e-01
104 +5.698577707e+02 +5.698577707e+02 -4.301422293e+02 -4.301422293e+02 +6.0212e-01 +8.8413e-01 -1.0454e+00 -1.5131e+00 -2.8641e-01
126 +3.673548402e+02 +3.673548402e+02 -6.326451598e+02 -6.326451598e+02 -3.3219e-01 +8.8413e-01 +7.6998e-03 -2.4240e+00 -8.6429e-01
179 +1.812187440e+02 +1.812187440e+02 -8.187812560e+02 -8.187812560e+02 +8.6648e-02 +6.8094e-01 -2.1933e-03 -1.2027e-01 -8.2877e-01
232 +1.173222765e+02 +1.173222765e+02 -8.826777235e+02 -8.826777235e+02 +2.1044e-01 +2.9450e-01 -4.9629e-01 -7.9802e-01 -6.5492e-01
319 +5.611555575e+01 +5.611555575e+01 -9.438844442e+02 -9.438844442e+02 +2.1183e-01 +2.1545e-01 +1.8759e-02 -2.9049e-01 +6.8414e-01
326 +3.813867336e+01 +3.813867336e+01 -9.618613266e+02 -9.618613266e+02 +2.3891e-01 +2.1545e-01 +1.6646e-01 -2.3390e-01 +7.5354e-01
376 +1.789333131e+01 +1.789333131e+01 -9.821066687e+02 -9.821066687e+02 +8.4558e-01 -1.4257e-01 +1.2748e+00 -3.7411e-01 +2.0516e-01
452 +8.150578777e+00 +8.150578777e+00 -9.918494212e+02 -9.918494212e+02 +2.0539e-01 -3.4244e-03 +8.4560e-01 -5.5892e-02 +7.0863e-01
736 +4.542574448e+00 +4.542574448e+00 -9.954574256e+02 -9.954574256e+02 -1.3941e-02 +1.8488e-02 +6.0419e-01 -6.8431e-02 +8.4004e-01
980 +3.881312474e+00 +3.881312474e+00 -9.961186875e+02 -9.961186875e+02 -3.0363e-03 +5.8497e-03 +5.6461e-01 +3.7550e-02 +8.5781e-01
1757 +2.451759582e+00 +2.451759582e+00 -9.975482404e+02 -9.975482404e+02 -9.1106e-02 -3.1875e-01 +2.8787e-01 +2.5039e-01 +6.5771e-01
2131 +1.497123249e+00 +1.497123249e+00 -9.985028768e+02 -9.985028768e+02 -5.0600e-02 -3.9786e-01 +8.2618e-02 +4.2775e-01 +2.9604e-01
2431 +9.433369257e-01 +9.433369257e-01 -9.990566631e+02 -9.990566631e+02 -1.1634e-02 -4.0518e-01 -1.3550e-02 +5.2426e-01 +4.3809e-02
2703 +5.004995069e-01 +5.004995069e-01 -9.994995005e+02 -9.994995005e+02 -2.3533e-02 -3.0462e-01 -1.3696e-01 +5.0658e-01 -2.2501e-01
2816 +3.701664565e-01 +3.701664565e-01 -9.996298335e+02 -9.996298335e+02 -2.4702e-02 -2.9642e-01 -1.6314e-01 +4.7247e-01 -2.6348e-01
3051 +2.402442117e-01 +2.402442117e-01 -9.997597558e+02 -9.997597558e+02 -4.4298e-02 -2.3477e-01 -2.4318e-01 +4.2799e-01 -4.0508e-01
3212 +1.242658112e-01 +1.242658112e-01 -9.998757342e+02 -9.998757342e+02 -4.8351e-02 -1.6954e-01 -3.6259e-01 +3.3338e-01 -5.6628e-01
3303 +9.836426271e-02 +9.836426271e-02 -9.999016357e+02 -9.999016357e+02 -5.5208e-02 -1.6671e-01 -3.6750e-01 +3.2406e-01 -5.6628e-01
3430 +4.686610001e-02 +4.686610001e-02 -9.999531339e+02 -9.999531339e+02 -6.6657e-02 -1.2945e-01 -4.5078e-01 +2.6312e-01 -6.7336e-01
3561 +3.507938488e-02 +3.507938488e-02 -9.999649206e+02 -9.999649206e+02 -7.2080e-02 -9.6874e-02 -5.0411e-01 +2.1418e-01 -7.3520e-01
3626 +1.824655047e-02 +1.824655047e-02 -9.999817534e+02 -9.999817534e+02 -7.7838e-02 -8.1952e-02 -5.3928e-01 +1.8101e-01 -7.7660e-01
3865 +8.981513677e-03 +8.981513677e-03 -9.999910185e+02 -9.999910185e+02 -8.2768e-02 -5.5877e-02 -5.9626e-01 +1.2848e-01 -8.3729e-01
3922 +5.143633650e-03 +5.143633650e-03 -9.999948564e+02 -9.999948564e+02 -8.2445e-02 -5.2952e-02 -5.9772e-01 +1.2311e-01 -8.3712e-01
4101 +2.901500894e-03 +2.901500894e-03 -9.999970985e+02 -9.999970985e+02 -8.5134e-02 -4.3585e-02 -6.1639e-01 +1.0379e-01 -8.5472e-01
4137 +1.255141152e-03 +1.255141152e-03 -9.999987449e+02 -9.999987449e+02 -8.6713e-02 -4.1268e-02 -6.2389e-01 +9.8729e-02 -8.6358e-01
4201 +7.437554724e-04 +7.437554724e-04 -9.999992562e+02 -9.999992562e+02 -9.0005e-02 -2.5425e-02 -6.5396e-01 +6.9183e-02 -8.9467e-01
4339 +2.652471160e-04 +2.652471160e-04 -9.999997348e+02 -9.999997348e+02 -9.0752e-02 -2.7564e-02 -6.5088e-01 +7.2195e-02 -8.9009e-01
4461 +2.444558763e-04 +2.444558763e-04 -9.999997555e+02 -9.999997555e+02 -9.1238e-02 -2.3639e-02 -6.6144e-01 +6.3153e-02 -9.0097e-01
4473 +1.540786691e-04 +1.540786691e-04 -9.999998459e+02 -9.999998459e+02 -9.1687e-02 -2.0908e-02 -6.6528e-01 +5.8278e-02 -9.0560e-01
4588 +9.368817700e-05 +9.368817700e-05 -9.999999063e+02 -9.999999063e+02 -9.0143e-02 -2.8831e-02 -6.4884e-01 +7.4123e-02 -8.8807e-01
4604 +6.287358508e-05 +6.287358508e-05 -9.999999371e+02 -9.999999371e+02 -9.1910e-02 -2.1351e-02 -6.6445e-01 +5.8839e-02 -9.0410e-01
4701 +2.392692829e-05 +2.392692829e-05 -9.999999761e+02 -9.999999761e+02 -9.1111e-02 -2.3760e-02 -6.5957e-01 +6.3941e-02 -8.9938e-01
4824 +1.411569906e-05 +1.411569906e-05 -9.999999859e+02 -9.999999859e+02 -9.1184e-02 -2.4558e-02 -6.5782e-01 +6.5428e-02 -8.9761e-01
4937 +7.456418075e-06 +7.456418075e-06 -9.999999925e+02 -9.999999925e+02 -9.0889e-02 -2.5301e-02 -6.5662e-01 +6.6854e-02 -8.9638e-01
4988 +1.048970717e-06 +1.048970717e-06 -9.999999990e+02 -9.999999990e+02 -9.0975e-02 -2.5037e-02 -6.5699e-01 +6.6306e-02 -8.9669e-01
5046 +6.590970543e-07 +6.590970543e-07 -9.999999993e+02 -9.999999993e+02 -9.0967e-02 -2.5098e-02 -6.5690e-01 +6.6424e-02 -8.9659e-01
5156 +5.307920219e-07 +5.307920219e-07 -9.999999995e+02 -9.999999995e+02 -9.1056e-02 -2.4655e-02 -6.5780e-01 +6.5583e-02 -8.9746e-01
5264 +1.984278697e-08 +1.984278697e-08 -1.000000000e+03 -1.000000000e+03 -9.1028e-02 -2.4870e-02 -6.5740e-01 +6.5984e-02 -8.9706e-01
5451 +1.314083420e-08 +1.314083420e-08 -1.000000000e+03 -1.000000000e+03 -9.1026e-02 -2.4870e-02 -6.5739e-01 +6.5986e-02 -8.9705e-01
5533 +9.069481166e-09 +9.069481166e-09 -1.000000000e+03 -1.000000000e+03 -9.1020e-02 -2.4902e-02 -6.5732e-01 +6.6047e-02 -8.9699e-01
% function evaluation | noise-free fitness - Fopt (5.350000000000e+01) | best noise-free fitness - Fopt | measured fitness | best measured fitness | x1 | x2...
1 +2.348120191e+04 +2.348120191e+04 +2.353470191e+04 +2.353470191e+04 +5.5670e-02 +1.8709e+00 +1.4576e+00 -3.4600e+00 +1.4160e+00
7 +1.338515313e+04 +1.338515313e+04 +1.343865313e+04 +1.343865313e+04 +5.5668e-01 +1.4048e+00 +3.7974e+00 -1.3371e+00 -2.4515e+00
10 +7.212706390e+03 +7.212706390e+03 +7.266206390e+03 +7.266206390e+03 -2.3911e+00 +2.8873e-01 +8.7391e-01 -1.1856e+00 +1.8653e+00
54 +5.840231638e+03 +5.840231638e+03 +5.893731638e+03 +5.893731638e+03 +1.1824e+00 +1.1832e+00 +3.2813e+00 +8.5410e-01 -7.4776e-01
68 +2.012475486e+02 +2.012475486e+02 +2.547475486e+02 +2.547475486e+02 +5.9642e-01 +9.6584e-01 -1.4490e-01 +1.0041e-02 -1.3745e+00
153 +1.220373881e+02 +1.220373881e+02 +1.755373881e+02 +1.755373881e+02 +5.5557e-01 -1.5518e-01 +1.0580e+00 -1.3056e-01 -3.1391e-01
190 +7.022696698e+01 +7.022696698e+01 +1.237269670e+02 +1.237269670e+02 -1.5185e-01 +3.2566e-01 +7.0889e-01 +5.5379e-01 -1.0439e+00
201 +3.375424107e+01 +3.375424107e+01 +8.725424107e+01 +8.725424107e+01 +1.9209e-01 +9.1877e-02 +8.7860e-01 +5.5379e-01 -6.8900e-01
328 +1.082706528e+01 +1.082706528e+01 +6.432706528e+01 +6.432706528e+01 +6.6640e-01 -2.8088e-02 +3.5661e-01 +2.0945e-01 -4.2554e-01
403 +8.290713459e+00 +8.290713459e+00 +6.179071346e+01 +6.179071346e+01 +7.7410e-01 +2.6968e-01 +2.2371e-01 +8.3481e-01 -5.3968e-01
577 +6.283757447e+00 +6.283757447e+00 +5.978375745e+01 +5.978375745e+01 +4.8272e-01 +1.5936e-01 +3.0840e-01 +7.6996e-01 -6.1836e-01
731 +3.740192168e+00 +3.740192168e+00 +5.724019217e+01 +5.724019217e+01 +5.8969e-01 -1.7233e-02 +4.7956e-01 +4.6764e-02 -5.4078e-01
763 +2.335427112e+00 +2.335427112e+00 +5.583542711e+01 +5.583542711e+01 +4.9915e-01 +8.8291e-02 +3.6188e-01 -1.1588e-01 -4.5345e-01
1812 +1.476277439e+00 +1.476277439e+00 +5.497627744e+01 +5.497627744e+01 +3.5650e-01 +1.9771e-01 +2.1870e-01 -3.7905e-01 -3.7700e-01
2306 +9.387061376e-01 +9.387061376e-01 +5.443870614e+01 +5.443870614e+01 +1.8607e-01 +2.4972e-01 +8.1804e-02 -4.6857e-01 -2.9863e-01
2527 +6.299648068e-01 +6.299648068e-01 +5.412996481e+01 +5.412996481e+01 +1.1839e-02 +2.4563e-01 -6.1417e-02 -5.5769e-01 -1.8939e-01
3275 +3.939820085e-01 +3.939820085e-01 +5.389398201e+01 +5.389398201e+01 -5.1362e-02 +2.2232e-01 -1.0731e-01 -5.7968e-01 -1.1051e-01
3820 +2.474574187e-01 +2.474574187e-01 +5.374745742e+01 +5.374745742e+01 -1.5111e-01 +1.8734e-01 -1.7361e-01 -5.9228e-01 -3.5560e-03
4010 +1.567929779e-01 +1.567929779e-01 +5.365679298e+01 +5.365679298e+01 -2.5009e-01 +1.4156e-01 -2.4106e-01 -6.0640e-01 +1.0515e-01
4177 +9.422171830e-02 +9.422171830e-02 +5.359422172e+01 +5.359422172e+01 -3.3405e-01 +9.4962e-02 -2.9492e-01 -6.0878e-01 +2.2288e-01
4253 +4.638740939e-02 +4.638740939e-02 +5.354638741e+01 +5.354638741e+01 -4.8151e-01 +1.5412e-02 -4.0030e-01 -6.1725e-01 +4.5021e-01
4276 +3.238759112e-02 +3.238759112e-02 +5.353238759e+01 +5.353238759e+01 -4.3921e-01 +3.9452e-02 -3.6839e-01 -6.1162e-01 +3.8975e-01
4331 +2.246281719e-02 +2.246281719e-02 +5.352246282e+01 +5.352246282e+01 -4.5095e-01 +3.6669e-02 -3.7271e-01 -6.1599e-01 +4.0093e-01
4595 +1.579469214e-02 +1.579469214e-02 +5.351579469e+01 +5.351579469e+01 -5.2394e-01 -1.3656e-02 -4.1407e-01 -6.1562e-01 +5.1857e-01
4681 +5.610303271e-03 +5.610303271e-03 +5.350561030e+01 +5.350561030e+01 -5.1550e-01 -6.8374e-03 -4.1456e-01 -6.1540e-01 +5.0754e-01
4782 +1.434651861e-03 +1.434651861e-03 +5.350143465e+01 +5.350143465e+01 -5.7082e-01 -4.5662e-02 -4.4647e-01 -6.1100e-01 +6.0398e-01
4945 +8.637020088e-04 +8.637020088e-04 +5.350086370e+01 +5.350086370e+01 -5.6237e-01 -4.1244e-02 -4.4240e-01 -6.1089e-01 +5.9330e-01
5054 +5.407650839e-04 +5.407650839e-04 +5.350054077e+01 +5.350054077e+01 -5.7133e-01 -4.8858e-02 -4.4792e-01 -6.1024e-01 +6.0922e-01
5141 +2.207217998e-04 +2.207217998e-04 +5.350022072e+01 +5.350022072e+01 -5.6563e-01 -4.3751e-02 -4.4345e-01 -6.1018e-01 +5.9691e-01
5305 +7.844843499e-05 +7.844843499e-05 +5.350007845e+01 +5.350007845e+01 -5.6755e-01 -4.5068e-02 -4.4532e-01 -6.1034e-01 +6.0011e-01
5427 +2.266859480e-05 +2.266859480e-05 +5.350002267e+01 +5.350002267e+01 -5.6630e-01 -4.4049e-02 -4.4459e-01 -6.1022e-01 +5.9840e-01
5637 +1.249208620e-05 +1.249208620e-05 +5.350001249e+01 +5.350001249e+01 -5.6470e-01 -4.3008e-02 -4.4353e-01 -6.1045e-01 +5.9559e-01
5700 +7.531210223e-06 +7.531210223e-06 +5.350000753e+01 +5.350000753e+01 -5.6548e-01 -4.3758e-02 -4.4393e-01 -6.1023e-01 +5.9714e-01
5776 +5.966961432e-06 +5.966961432e-06 +5.350000597e+01 +5.350000597e+01 -5.6643e-01 -4.4442e-02 -4.4468e-01 -6.1027e-01 +5.9890e-01
5855 +3.798931189e-06 +3.798931189e-06 +5.350000380e+01 +5.350000380e+01 -5.6700e-01 -4.4729e-02 -4.4492e-01 -6.1019e-01 +5.9960e-01
5996 +1.702737116e-06 +1.702737116e-06 +5.350000170e+01 +5.350000170e+01 -5.6567e-01 -4.3885e-02 -4.4411e-01 -6.1028e-01 +5.9742e-01
6026 +7.879805182e-07 +7.879805182e-07 +5.350000079e+01 +5.350000079e+01 -5.6637e-01 -4.4342e-02 -4.4459e-01 -6.1021e-01 +5.9868e-01
6043 +3.016415278e-07 +3.016415278e-07 +5.350000030e+01 +5.350000030e+01 -5.6650e-01 -4.4442e-02 -4.4465e-01 -6.1020e-01 +5.9889e-01
6151 +1.788001214e-07 +1.788001214e-07 +5.350000018e+01 +5.350000018e+01 -5.6595e-01 -4.4064e-02 -4.4432e-01 -6.1024e-01 +5.9791e-01
6225 +1.201098598e-07 +1.201098598e-07 +5.350000012e+01 +5.350000012e+01 -5.6624e-01 -4.4254e-02 -4.4448e-01 -6.1020e-01 +5.9841e-01
6289 +6.811146136e-08 +6.811146136e-08 +5.350000007e+01 +5.350000007e+01 -5.6607e-01 -4.4137e-02 -4.4439e-01 -6.1023e-01 +5.9812e-01
6303 +3.695870987e-08 +3.695870987e-08 +5.350000004e+01 +5.350000004e+01 -5.6613e-01 -4.4170e-02 -4.4442e-01 -6.1021e-01 +5.9820e-01
6409 +2.069042182e-08 +2.069042182e-08 +5.350000002e+01 +5.350000002e+01 -5.6607e-01 -4.4128e-02 -4.4439e-01 -6.1022e-01 +5.9810e-01
6457 +1.479916989e-08 +1.479916989e-08 +5.350000001e+01 +5.350000001e+01 -5.6600e-01 -4.4089e-02 -4.4434e-01 -6.1022e-01 +5.9798e-01
6488 +5.678764126e-09 +5.678764126e-09 +5.350000001e+01 +5.350000001e+01 -5.6611e-01 -4.4163e-02 -4.4441e-01 -6.1022e-01 +5.9817e-01
% function evaluation | noise-free fitness - Fopt (-1.700600000000e+02) | best noise-free fitness - Fopt | measured fitness | best measured fitness | x1 | x2...
1 +1.675729168e+05 +1.675729168e+05 +1.674028568e+05 +1.674028568e+05 -3.9847e+00 -1.4271e+00 -3.9487e+00 +4.9195e+00 +1.6949e+00
2 +2.984618708e+03 +2.984618708e+03 +2.814558708e+03 +2.814558708e+03 +1.6353e+00 +4.8880e-01 -1.9679e-01 -1.7099e+00 +3.6214e+00
26 +1.278951953e+03 +1.278951953e+03 +1.108891953e+03 +1.108891953e+03 -9.1015e-01 +5.2126e-01 +2.5307e+00 -4.5246e-01 +1.3557e+00
70 +4.454323966e+02 +4.454323966e+02 +2.753723966e+02 +2.753723966e+02 +2.7144e+00 -2.7792e-01 +8.5921e-01 -1.0296e+00 +1.8694e+00
111 +2.890776875e+02 +2.890776875e+02 +1.190176875e+02 +1.190176875e+02 -1.0016e+00 +7.7511e-01 +7.4612e-01 +2.1068e-01 +4.1700e-01
129 +9.863867871e+01 +9.863867871e+01 -7.142132129e+01 -7.142132129e+01 -5.0523e-01 -2.6765e-01 -4.9034e-01 +1.2815e-01 -3.3990e-01
207 +6.013955976e+01 +6.013955976e+01 -1.099204402e+02 -1.099204402e+02 -5.6048e-01 -3.8398e-01 +3.3096e-01 -1.2979e+00 -7.8626e-01
303 +1.733697670e+01 +1.733697670e+01 -1.527230233e+02 -1.527230233e+02 -7.5371e-01 +3.5034e-03 +1.4093e-01 +1.4740e-01 -2.4309e-01
353 +1.351379794e+01 +1.351379794e+01 -1.565462021e+02 -1.565462021e+02 -5.6048e-01 -3.5035e-02 +8.5096e-02 -9.3347e-01 -6.7222e-01
451 +5.732570258e+00 +5.732570258e+00 -1.643274297e+02 -1.643274297e+02 -4.4347e-01 -8.3599e-02 +8.5096e-02 -9.3347e-01 -5.7389e-01
821 +3.774308843e+00 +3.774308843e+00 -1.662856912e+02 -1.662856912e+02 -3.6183e-01 -2.6707e-01 +2.2862e-01 -7.1177e-01 -4.2879e-01
1255 +2.240881414e+00 +2.240881414e+00 -1.678191186e+02 -1.678191186e+02 -5.5352e-01 -2.2266e-01 +3.3788e-01 -2.0107e-01 -2.3918e-01
1494 +1.505049368e+00 +1.505049368e+00 -1.685549506e+02 -1.685549506e+02 -5.6459e-01 -1.9933e-01 +2.7468e-01 +3.1168e-02 -1.8914e-01
2029 +9.631077025e-01 +9.631077025e-01 -1.690968923e+02 -1.690968923e+02 -5.4689e-01 -1.3995e-01 +1.5127e-01 +2.9265e-01 -1.2308e-01
2489 +6.308444211e-01 +6.308444211e-01 -1.694291556e+02 -1.694291556e+02 -4.4476e-01 -1.0882e-01 +9.6053e-02 +3.9558e-01 -6.1204e-02
3105 +3.929825904e-01 +3.929825904e-01 -1.696670174e+02 -1.696670174e+02 -3.3019e-01 -6.9342e-02 +1.1290e-02 +5.3828e-01 +2.1445e-02
3358 +2.412210736e-01 +2.412210736e-01 -1.698187789e+02 -1.698187789e+02 -1.0814e-01 -3.4679e-03 -5.7386e-02 +7.0126e-01 +1.6140e-01
3569 +1.302193175e-01 +1.302193175e-01 -1.699297807e+02 -1.699297807e+02 -5.2306e-02 +2.2363e-02 -7.2895e-02 +7.1903e-01 +1.9760e-01
3664 +8.587530645e-02 +8.587530645e-02 -1.699741247e+02 -1.699741247e+02 +6.0951e-02 +6.3752e-02 -8.9823e-02 +7.8647e-01 +2.8464e-01
3755 +5.741831037e-02 +5.741831037e-02 -1.700025817e+02 -1.700025817e+02 +5.1375e-02 +5.8206e-02 -9.3135e-02 +7.7177e-01 +2.7504e-01
4215 +3.767731979e-02 +3.767731979e-02 -1.700223227e+02 -1.700223227e+02 +1.3520e-01 +8.8887e-02 -1.1110e-01 +8.1295e-01 +3.3279e-01
4371 +2.399539880e-02 +2.399539880e-02 -1.700360046e+02 -1.700360046e+02 +1.7397e-01 +1.0117e-01 -1.1413e-01 +8.3048e-01 +3.6104e-01
4515 +1.434140634e-02 +1.434140634e-02 -1.700456586e+02 -1.700456586e+02 +2.6258e-01 +1.2769e-01 -1.2546e-01 +8.5862e-01 +4.2257e-01
4563 +4.477238781e-03 +4.477238781e-03 -1.700555228e+02 -1.700555228e+02 +2.8035e-01 +1.3424e-01 -1.2597e-01 +8.7135e-01 +4.3770e-01
4602 +1.975610994e-03 +1.975610994e-03 -1.700580244e+02 -1.700580244e+02 +3.1901e-01 +1.4676e-01 -1.3129e-01 +8.8546e-01 +4.6369e-01
4674 +1.384972385e-03 +1.384972385e-03 -1.700586150e+02 -1.700586150e+02 +3.5263e-01 +1.5815e-01 -1.3372e-01 +8.9825e-01 +4.8877e-01
4752 +4.865585839e-04 +4.865585839e-04 -1.700595134e+02 -1.700595134e+02 +3.7975e-01 +1.6736e-01 -1.3633e-01 +9.0820e-01 +5.0572e-01
4917 +3.395431262e-04 +3.395431262e-04 -1.700596605e+02 -1.700596605e+02 +3.8798e-01 +1.7046e-01 -1.3673e-01 +9.1077e-01 +5.1234e-01
4936 +1.440976808e-04 +1.440976808e-04 -1.700598559e+02 -1.700598559e+02 +3.7453e-01 +1.6591e-01 -1.3571e-01 +9.0653e-01 +5.0256e-01
5049 +4.174458039e-05 +4.174458039e-05 -1.700599583e+02 -1.700599583e+02 +3.6621e-01 +1.6295e-01 -1.3464e-01 +9.0437e-01 +4.9741e-01
5126 +1.096440957e-05 +1.096440957e-05 -1.700599890e+02 -1.700599890e+02 +3.6852e-01 +1.6376e-01 -1.3483e-01 +9.0495e-01 +4.9886e-01
5232 +7.150533236e-06 +7.150533236e-06 -1.700599928e+02 -1.700599928e+02 +3.6829e-01 +1.6364e-01 -1.3492e-01 +9.0478e-01 +4.9873e-01
5429 +2.563830236e-06 +2.563830236e-06 -1.700599974e+02 -1.700599974e+02 +3.6834e-01 +1.6375e-01 -1.3495e-01 +9.0482e-01 +4.9872e-01
5478 +2.383153287e-06 +2.383153287e-06 -1.700599976e+02 -1.700599976e+02 +3.7096e-01 +1.6459e-01 -1.3510e-01 +9.0562e-01 +5.0058e-01
5520 +3.444413323e-07 +3.444413323e-07 -1.700599997e+02 -1.700599997e+02 +3.6963e-01 +1.6418e-01 -1.3501e-01 +9.0522e-01 +4.9963e-01
5826 +2.492436977e-07 +2.492436977e-07 -1.700599998e+02 -1.700599998e+02 +3.6906e-01 +1.6397e-01 -1.3497e-01 +9.0498e-01 +4.9923e-01
5841 +1.545648729e-07 +1.545648729e-07 -1.700599998e+02 -1.700599998e+02 +3.6889e-01 +1.6392e-01 -1.3495e-01 +9.0493e-01 +4.9911e-01
5924 +8.550262010e-08 +8.550262010e-08 -1.700599999e+02 -1.700599999e+02 +3.6924e-01 +1.6405e-01 -1.3497e-01 +9.0507e-01 +4.9938e-01
5930 +5.328263342e-08 +5.328263342e-08 -1.700599999e+02 -1.700599999e+02 +3.6914e-01 +1.6401e-01 -1.3497e-01 +9.0503e-01 +4.9930e-01
5946 +1.846245823e-08 +1.846245823e-08 -1.700600000e+02 -1.700600000e+02 +3.6926e-01 +1.6406e-01 -1.3498e-01 +9.0507e-01 +4.9938e-01
5954 +1.470871780e-08 +1.470871780e-08 -1.700600000e+02 -1.700600000e+02 +3.6910e-01 +1.6400e-01 -1.3497e-01 +9.0501e-01 +4.9926e-01
6085 +8.932175888e-09 +8.932175888e-09 -1.700600000e+02 -1.700600000e+02 +3.6926e-01 +1.6405e-01 -1.3497e-01 +9.0507e-01 +4.9938e-01
% function evaluation | noise-free fitness - Fopt (3.780000000000e+01) | best noise-free fitness - Fopt | measured fitness | best measured fitness | x1 | x2...
1 +2.569066519e+04 +2.569066519e+04 +2.572846519e+04 +2.572846519e+04 +1.6645e+00 +2.4081e+00 -4.6351e+00 -2.8700e+00 -1.1282e-01
2 +2.385712807e+04 +2.385712807e+04 +2.389492807e+04 +2.389492807e+04 +1.0737e+00 +2.2397e+00 -4.6372e+00 -1.5272e-02 -2.0235e+00
5 +1.306637206e+04 +1.306637206e+04 +1.310417206e+04 +1.310417206e+04 -1.0686e+00 +5.4172e-01 +2.2434e+00 +1.6966e+00 +3.2218e+00
8 +1.117559689e+03 +1.117559689e+03 +1.155359689e+03 +1.155359689e+03 +1.5827e+00 -3.3650e-01 +7.7635e-01 -2.0897e+00 -8.0826e-01
65 +6.896063117e+02 +6.896063117e+02 +7.274063117e+02 +7.274063117e+02 +1.6645e+00 -1.1272e+00 -1.1929e+00 -2.8700e+00 +4.4219e+00
79 +4.033836533e+02 +4.033836533e+02 +4.411836533e+02 +4.411836533e+02 +2.8954e+00 +1.0919e+00 -1.1265e-01 -9.3870e-01 +9.9939e-01
85 +3.441345203e+02 +3.441345203e+02 +3.819345203e+02 +3.819345203e+02 +1.2594e+00 +1.4542e+00 +2.5801e-01 -1.7526e+00 +2.6395e-01
157 +1.938409955e+02 +1.938409955e+02 +2.316409955e+02 +2.316409955e+02 +1.2725e+00 -9.9641e-01 +6.9947e-01 -4.6375e-01 +5.9935e-01
227 +8.255800858e+01 +8.255800858e+01 +1.203580086e+02 +1.203580086e+02 +7.7585e-01 +5.4684e-01 +2.6018e-01 +6.6418e-01 +4.1593e-02
330 +2.677143021e+01 +2.677143021e+01 +6.457143021e+01 +6.457143021e+01 +5.0972e-01 -5.2140e-02 +1.5039e-01 -7.6947e-01 -1.0057e+00
351 +2.467411497e+01 +2.467411497e+01 +6.247411497e+01 +6.247411497e+01 +4.3950e-01 -5.2140e-02 +1.5039e-01 -7.6947e-01 -1.0057e+00
501 +4.566808639e+00 +4.566808639e+00 +4.236680864e+01 +4.236680864e+01 +4.4326e-01 -4.9116e-02 -1.8106e-01 +7.6444e-02 -6.8027e-01
812 +2.893601509e+00 +2.893601509e+00 +4.069360151e+01 +4.069360151e+01 +3.5127e-01 +5.1563e-02 -1.1371e-02 +2.4713e-01 -6.6707e-01
1028 +2.118603736e+00 +2.118603736e+00 +3.991860374e+01 +3.991860374e+01 +2.2078e-01 +1.2401e-01 +1.6117e-02 +3.8069e-01 -6.1011e-01
1736 +1.577251108e+00 +1.577251108e+00 +3.937725111e+01 +3.937725111e+01 +1.4144e-01 +1.4286e-01 +5.9542e-02 +4.5164e-01 -4.9598e-01
2329 +9.339147792e-01 +9.339147792e-01 +3.873391478e+01 +3.873391478e+01 -1.6150e-01 +1.6640e-01 +1.5122e-01 +5.5341e-01 -2.2972e-01
2926 +6.176336823e-01 +6.176336823e-01 +3.841763368e+01 +3.841763368e+01 -2.7239e-01 +1.3202e-01 +1.6539e-01 +5.3660e-01 -4.2731e-02
3314 +3.936666802e-01 +3.936666802e-01 +3.819366668e+01 +3.819366668e+01 -2.8921e-01 +1.0152e-01 +1.9503e-01 +5.2342e-01 +4.6439e-02
3755 +2.298604670e-01 +2.298604670e-01 +3.802986047e+01 +3.802986047e+01 -3.4652e-01 +7.5960e-02 +2.0912e-01 +4.9307e-01 +2.0035e-01
3826 +1.561295931e-01 +1.561295931e-01 +3.795612959e+01 +3.795612959e+01 -3.9433e-01 +5.5134e-02 +2.2699e-01 +4.6656e-01 +3.2987e-01
4227 +9.914005178e-02 +9.914005178e-02 +3.789914005e+01 +3.789914005e+01 -4.3203e-01 +1.8939e-02 +2.4446e-01 +4.1101e-01 +5.2775e-01
4251 +4.465333826e-02 +4.465333826e-02 +3.784465334e+01 +3.784465334e+01 -4.3203e-01 +5.6508e-03 +2.5903e-01 +3.8931e-01 +6.2641e-01
4352 +3.680281113e-02 +3.680281113e-02 +3.783680281e+01 +3.783680281e+01 -4.3203e-01 +7.9797e-03 +2.5643e-01 +3.8931e-01 +6.1118e-01
4666 +2.375673455e-02 +2.375673455e-02 +3.782375673e+01 +3.782375673e+01 -4.3803e-01 +5.5864e-04 +2.6324e-01 +3.7156e-01 +6.6950e-01
4826 +1.186993669e-02 +1.186993669e-02 +3.781186994e+01 +3.781186994e+01 -4.4543e-01 -1.3659e-02 +2.7091e-01 +3.4492e-01 +7.5750e-01
4952 +7.658528618e-03 +7.658528618e-03 +3.780765853e+01 +3.780765853e+01 -4.4316e-01 -2.3737e-02 +2.7742e-01 +3.2808e-01 +8.2014e-01
4980 +3.670998115e-03 +3.670998115e-03 +3.780367100e+01 +3.780367100e+01 -4.4962e-01 -3.0633e-02 +2.8271e-01 +3.1470e-01 +8.6639e-01
5129 +1.421988234e-03 +1.421988234e-03 +3.780142199e+01 +3.780142199e+01 -4.4871e-01 -3.3184e-02 +2.8389e-01 +3.0778e-01 +8.8859e-01
5270 +5.474046425e-04 +5.474046425e-04 +3.780054740e+01 +3.780054740e+01 -4.4959e-01 -3.6424e-02 +2.8713e-01 +2.9981e-01 +9.1321e-01
5334 +3.482461903e-04 +3.482461903e-04 +3.780034825e+01 +3.780034825e+01 -4.4909e-01 -3.6499e-02 +2.8586e-01 +2.9965e-01 +9.1128e-01
5404 +2.436438556e-04 +2.436438556e-04 +3.780024364e+01 +3.780024364e+01 -4.4962e-01 -3.7298e-02 +2.8700e-01 +2.9713e-01 +9.1888e-01
5580 +1.241314970e-04 +1.241314970e-04 +3.780012413e+01 +3.780012413e+01 -4.4954e-01 -3.8732e-02 +2.8795e-01 +2.9455e-01 +9.2884e-01
5608 +9.187226397e-05 +9.187226397e-05 +3.780009187e+01 +3.780009187e+01 -4.4918e-01 -3.8733e-02 +2.8796e-01 +2.9447e-01 +9.2868e-01
5661 +5.561768849e-05 +5.561768849e-05 +3.780005562e+01 +3.780005562e+01 -4.4922e-01 -3.9863e-02 +2.8840e-01 +2.9243e-01 +9.3509e-01
5708 +2.825515523e-05 +2.825515523e-05 +3.780002826e+01 +3.780002826e+01 -4.4954e-01 -3.9706e-02 +2.8852e-01 +2.9261e-01 +9.3396e-01
5821 +1.871960266e-05 +1.871960266e-05 +3.780001872e+01 +3.780001872e+01 -4.4930e-01 -4.0403e-02 +2.8871e-01 +2.9170e-01 +9.3696e-01
5841 +1.180820436e-05 +1.180820436e-05 +3.780001181e+01 +3.780001181e+01 -4.4939e-01 -4.0098e-02 +2.8880e-01 +2.9181e-01 +9.3641e-01
5901 +9.630617747e-06 +9.630617747e-06 +3.780000963e+01 +3.780000963e+01 -4.4926e-01 -4.0217e-02 +2.8868e-01 +2.9178e-01 +9.3615e-01
5979 +4.972139777e-06 +4.972139777e-06 +3.780000497e+01 +3.780000497e+01 -4.4927e-01 -4.0650e-02 +2.8897e-01 +2.9086e-01 +9.3960e-01
6076 +3.720667706e-06 +3.720667706e-06 +3.780000372e+01 +3.780000372e+01 -4.4932e-01 -4.0581e-02 +2.8897e-01 +2.9105e-01 +9.3916e-01
6129 +2.299189852e-06 +2.299189852e-06 +3.780000230e+01 +3.780000230e+01 -4.4924e-01 -4.0339e-02 +2.8880e-01 +2.9149e-01 +9.3745e-01
6221 +3.018412187e-07 +3.018412187e-07 +3.780000030e+01 +3.780000030e+01 -4.4930e-01 -4.0156e-02 +2.8869e-01 +2.9182e-01 +9.3645e-01
6301 +9.823502722e-08 +9.823502722e-08 +3.780000010e+01 +3.780000010e+01 -4.4931e-01 -4.0251e-02 +2.8873e-01 +2.9161e-01 +9.3703e-01
6521 +6.000271213e-08 +6.000271213e-08 +3.780000006e+01 +3.780000006e+01 -4.4930e-01 -4.0211e-02 +2.8872e-01 +2.9170e-01 +9.3675e-01
6654 +7.023913895e-09 +7.023913895e-09 +3.780000001e+01 +3.780000001e+01 -4.4931e-01 -4.0244e-02 +2.8875e-01 +2.9163e-01 +9.3702e-01
% function evaluation | noise-free fitness - Fopt (-1.139000000000e+01) | best noise-free fitness - Fopt | measured fitness | best measured fitness | x1 | x2...
1 +5.889476423e+04 +5.889476423e+04 +5.888337423e+04 +5.888337423e+04 -3.7639e+00 -2.3914e+00 -3.4889e-01 +7.7030e-01 -2.2057e+00
3 +9.108946459e+03 +9.108946459e+03 +9.097556459e+03 +9.097556459e+03 -4.3522e+00 +3.6855e+00 +2.3339e+00 +2.9125e+00 -1.2021e+00
29 +9.559508166e+02 +9.559508166e+02 +9.445608166e+02 +9.445608166e+02 -3.7396e-01 -5.5969e-01 -2.2139e+00 -1.1559e+00 +2.0448e+00
87 +4.542345575e+02 +4.542345575e+02 +4.428445575e+02 +4.428445575e+02 +8.1063e-01 +1.7373e+00 +1.4940e+00 +1.0495e+00 -3.7816e-01
126 +3.383976732e+02 +3.383976732e+02 +3.270076732e+02 +3.270076732e+02 +8.1063e-01 -4.3815e-01 -1.2148e+00 +8.5385e-01 -3.7816e-01
166 +2.052094623e+02 +2.052094623e+02 +1.938194623e+02 +1.938194623e+02 +5.8882e-01 -1.6416e+00 -1.4220e+00 +9.3688e-01 +6.0061e-01
276 +9.937364701e+01 +9.937364701e+01 +8.798364701e+01 +8.798364701e+01 -4.0396e-01 +4.0637e-01 +6.3378e-01 +1.1041e+00 -5.1047e-01
310 +5.251982733e+01 +5.251982733e+01 +4.112982733e+01 +4.112982733e+01 -2.2566e-01 +4.2022e-01 +1.2285e-01 +6.8009e-01 -4.5764e-01
328 +3.003928008e+01 +3.003928008e+01 +1.864928008e+01 +1.864928008e+01 -5.8380e-02 +4.3073e-01 +4.8580e-01 +7.7017e-01 -9.4691e-01
376 +1.778720640e+01 +1.778720640e+01 +6.397206396e+00 +6.397206396e+00 -5.8380e-02 +2.2711e-01 +4.8580e-01 +7.6361e-01 -9.4691e-01
507 +1.517394782e+01 +1.517394782e+01 +3.783947822e+00 +3.783947822e+00 +1.1606e-01 -6.7065e-03 -9.2896e-02 +8.2559e-01 -9.9015e-01
556 +6.929040160e+00 +6.929040160e+00 -4.460959840e+00 -4.460959840e+00 +1.5015e-01 +8.8864e-02 +4.0375e-01 +8.2496e-01 -9.1467e-01
681 +5.814290682e+00 +5.814290682e+00 -5.575709318e+00 -5.575709318e+00 +4.2618e-01 +2.0159e-01 +5.3872e-01 +3.7384e-01 -8.8617e-01
866 +3.883175390e+00 +3.883175390e+00 -7.506824610e+00 -7.506824610e+00 +3.4027e-01 +1.5802e-01 +5.1745e-01 +2.4084e-01 -8.4031e-01
1688 +2.446555335e+00 +2.446555335e+00 -8.943444665e+00 -8.943444665e+00 -2.5119e-02 +2.1261e-01 +4.4847e-01 -1.7614e-01 -5.8902e-01
2284 +1.531887159e+00 +1.531887159e+00 -9.858112841e+00 -9.858112841e+00 -3.2889e-01 +2.7688e-01 +3.1638e-01 -3.0352e-01 -3.5976e-01
2452 +9.669874595e-01 +9.669874595e-01 -1.042301254e+01 -1.042301254e+01 -4.3581e-01 +2.8161e-01 +2.1712e-01 -3.1629e-01 -7.9801e-02
2699 +6.081319252e-01 +6.081319252e-01 -1.078186807e+01 -1.078186807e+01 -4.6144e-01 +2.7594e-01 +1.5494e-01 -2.8974e-01 +5.5884e-02
2903 +3.715418612e-01 +3.715418612e-01 -1.101845814e+01 -1.101845814e+01 -4.7247e-01 +2.3639e-01 +4.0414e-02 -2.9877e-01 +2.2324e-01
3044 +2.464899923e-01 +2.464899923e-01 -1.114351001e+01 -1.114351001e+01 -4.6751e-01 +1.7280e-01 -3.4923e-02 -2.9591e-01 +3.6278e-01
3187 +1.540159883e-01 +1.540159883e-01 -1.123598401e+01 -1.123598401e+01 -4.4340e-01 +1.2528e-01 -1.1883e-01 -3.0203e-01 +4.7308e-01
3451 +7.662503636e-02 +7.662503636e-02 -1.131337496e+01 -1.131337496e+01 -4.3687e-01 +8.0573e-02 -1.8580e-01 -3.0575e-01 +5.5169e-01
3599 +5.851067181e-02 +5.851067181e-02 -1.133148933e+01 -1.133148933e+01 -4.2045e-01 +3.6522e-02 -2.4794e-01 -3.0889e-01 +6.3328e-01
3803 +3.499474531e-02 +3.499474531e-02 -1.135500525e+01 -1.135500525e+01 -4.1292e-01 +2.0787e-02 -2.7363e-01 -3.1226e-01 +6.5535e-01
4004 +2.202096622e-02 +2.202096622e-02 -1.136797903e+01 -1.136797903e+01 -3.9566e-01 -1.6079e-02 -3.2195e-01 -3.1640e-01 +7.1056e-01
4069 +1.530905302e-02 +1.530905302e-02 -1.137469095e+01 -1.137469095e+01 -3.8109e-01 -5.9756e-02 -3.8244e-01 -3.2159e-01 +7.7359e-01
4144 +9.836159111e-03 +9.836159111e-03 -1.138016384e+01 -1.138016384e+01 -3.6389e-01 -8.6052e-02 -4.1693e-01 -3.2742e-01 +8.0949e-01
4254 +4.937129737e-03 +4.937129737e-03 -1.138506287e+01 -1.138506287e+01 -3.5109e-01 -1.1726e-01 -4.6007e-01 -3.3080e-01 +8.5639e-01
4264 +3.102423134e-03 +3.102423134e-03 -1.138689758e+01 -1.138689758e+01 -3.5123e-01 -1.1755e-01 -4.6551e-01 -3.3148e-01 +8.5751e-01
4408 +6.636666642e-04 +6.636666642e-04 -1.138933633e+01 -1.138933633e+01 -3.3861e-01 -1.4405e-01 -5.0113e-01 -3.3564e-01 +8.9751e-01
4448 +5.971884370e-04 +5.971884370e-04 -1.138940281e+01 -1.138940281e+01 -3.5086e-01 -1.1857e-01 -4.6573e-01 -3.3182e-01 +8.6017e-01
4530 +3.380461058e-04 +3.380461058e-04 -1.138966195e+01 -1.138966195e+01 -3.5113e-01 -1.1754e-01 -4.6510e-01 -3.3198e-01 +8.5976e-01
4633 +1.062031068e-04 +1.062031068e-04 -1.138989380e+01 -1.138989380e+01 -3.4568e-01 -1.2920e-01 -4.8091e-01 -3.3381e-01 +8.7579e-01
4872 +8.295274275e-05 +8.295274275e-05 -1.138991705e+01 -1.138991705e+01 -3.4554e-01 -1.3085e-01 -4.8328e-01 -3.3440e-01 +8.7865e-01
4937 +6.280826035e-05 +6.280826035e-05 -1.138993719e+01 -1.138993719e+01 -3.4596e-01 -1.2955e-01 -4.8119e-01 -3.3387e-01 +8.7675e-01
4974 +3.708123558e-05 +3.708123558e-05 -1.138996292e+01 -1.138996292e+01 -3.4371e-01 -1.3360e-01 -4.8699e-01 -3.3461e-01 +8.8226e-01
5003 +1.983490395e-05 +1.983490395e-05 -1.138998017e+01 -1.138998017e+01 -3.4735e-01 -1.2631e-01 -4.7728e-01 -3.3341e-01 +8.7260e-01
5090 +4.448187800e-06 +4.448187800e-06 -1.138999555e+01 -1.138999555e+01 -3.4554e-01 -1.3006e-01 -4.8239e-01 -3.3399e-01 +8.7772e-01
5252 +1.634096357e-06 +1.634096357e-06 -1.138999837e+01 -1.138999837e+01 -3.4569e-01 -1.2955e-01 -4.8163e-01 -3.3393e-01 +8.7706e-01
5407 +3.053309889e-07 +3.053309889e-07 -1.138999969e+01 -1.138999969e+01 -3.4546e-01 -1.3013e-01 -4.8239e-01 -3.3401e-01 +8.7784e-01
5628 +1.182640048e-07 +1.182640048e-07 -1.138999988e+01 -1.138999988e+01 -3.4564e-01 -1.2978e-01 -4.8194e-01 -3.3394e-01 +8.7739e-01
5629 +8.250017558e-08 +8.250017558e-08 -1.138999992e+01 -1.138999992e+01 -3.4557e-01 -1.2990e-01 -4.8210e-01 -3.3397e-01 +8.7756e-01
5753 +2.482290995e-08 +2.482290995e-08 -1.138999998e+01 -1.138999998e+01 -3.4566e-01 -1.2974e-01 -4.8189e-01 -3.3394e-01 +8.7733e-01
5905 +1.458825416e-08 +1.458825416e-08 -1.138999999e+01 -1.138999999e+01 -3.4562e-01 -1.2984e-01 -4.8203e-01 -3.3396e-01 +8.7747e-01
5912 +3.449690311e-09 +3.449690311e-09 -1.139000000e+01 -1.139000000e+01 -3.4561e-01 -1.2983e-01 -4.8201e-01 -3.3396e-01 +8.7746e-01
% function evaluation | noise-free fitness - Fopt (5.650000000000e+01) | best noise-free fitness - Fopt | measured fitness | best measured fitness | x1 | x2...
1 +7.362224705e+04 +7.362224705e+04 +7.367874705e+04 +7.367874705e+04 +1.4122e+00 +3.0258e+00 +2.2016e-01 -3.4714e+00 +4.2180e+00
2 +1.112742152e+04 +1.112742152e+04 +1.118392152e+04 +1.118392152e+04 -4.3899e+00 +2.7686e+00 +4.2550e+00 -7.0465e-01 +2.4727e-01
8 +3.619441343e+03 +3.619441343e+03 +3.675941343e+03 +3.675941343e+03 -2.3363e+00 -2.2374e-01 +1.3010e+00 -7.2456e-01 -1.5772e+00
26 +1.235001609e+03 +1.235001609e+03 +1.291501609e+03 +1.291501609e+03 -2.3363e+00 -1.0069e-01 +1.3010e+00 -7.2598e-01 +1.5955e-01
63 +8.159847949e+02 +8.159847949e+02 +8.724847949e+02 +8.724847949e+02 -1.7579e+00 +2.0020e+00 +1.7836e+00 +2.5572e+00 +4.8407e-01
68 +6.158815857e+02 +6.158815857e+02 +6.723815857e+02 +6.723815857e+02 +1.4177e+00 -1.1861e+00 +1.4636e+00 -7.7446e-01 -2.1335e+00
103 +2.464525039e+02 +2.464525039e+02 +3.029525039e+02 +3.029525039e+02 -8.6844e-01 -5.6129e-02 +1.3010e+00 -7.2598e-01 -1.7390e-01
180 +1.471369848e+02 +1.471369848e+02 +2.036369848e+02 +2.036369848e+02 +1.4177e+00 -1.6835e-01 +1.1100e+00 -7.7446e-01 -7.1866e-01
182 +8.722472126e+01 +8.722472126e+01 +1.437247213e+02 +1.437247213e+02 -3.2659e-01 +5.4995e-02 +7.4158e-01 +6.2579e-01 +1.2479e+00
203 +6.255972198e+01 +6.255972198e+01 +1.190597220e+02 +1.190597220e+02 -8.7678e-02 +2.7096e-01 +1.1100e+00 -1.4924e-01 -7.1866e-01
205 +3.732089327e+01 +3.732089327e+01 +9.382089327e+01 +9.382089327e+01 +4.5965e-02 -5.6129e-02 +9.2788e-01 -7.2598e-01 +2.4290e-01
353 +1.003310980e+01 +1.003310980e+01 +6.653310980e+01 +6.653310980e+01 +3.5480e-01 +2.7096e-01 +1.2492e+00 -1.9042e-01 -5.7768e-01
528 +8.436825659e+00 +8.436825659e+00 +6.493682566e+01 +6.493682566e+01 +4.3099e-01 +1.8353e-01 +1.3084e+00 +2.1862e-02 -8.3860e-01
814 +5.091810344e+00 +5.091810344e+00 +6.159181034e+01 +6.159181034e+01 +4.5401e-01 -8.5467e-02 +9.2966e-01 -7.8346e-01 -2.1229e-01
5226 +3.979226799e+00 +3.979226799e+00 +6.047922680e+01 +6.047922680e+01 +3.0035e-01 +2.6805e-01 +1.2718e+00 +1.2106e-01 -6.8735e-01
11606 +2.291278093e+00 +2.291278093e+00 +5.879127809e+01 +5.879127809e+01 +2.4942e-01 -3.3717e-01 -1.5399e-01 -6.4206e-01 -5.3262e-02
12097 +1.421487243e+00 +1.421487243e+00 +5.792148724e+01 +5.792148724e+01 +1.4543e-01 -3.4338e-01 -3.7120e-01 -3.8061e-01 -2.9144e-01
12413 +9.812573949e-01 +9.812573949e-01 +5.748125739e+01 +5.748125739e+01 +1.0958e-01 -3.1199e-01 -3.9069e-01 -2.2741e-01 -3.2877e-01
12727 +5.425272758e-01 +5.425272758e-01 +5.704252728e+01 +5.704252728e+01 +6.3478e-03 -2.0269e-01 -4.4471e-01 +7.0081e-02 -3.7314e-01
12952 +3.588967915e-01 +3.588967915e-01 +5.685889679e+01 +5.685889679e+01 -2.6233e-02 -1.4998e-01 -4.7410e-01 +1.8069e-01 -3.6549e-01
13164 +2.420931453e-01 +2.420931453e-01 +5.674209315e+01 +5.674209315e+01 -8.1134e-02 -7.9364e-02 -4.8054e-01 +3.0190e-01 -3.4904e-01
13315 +1.422627889e-01 +1.422627889e-01 +5.664226279e+01 +5.664226279e+01 -1.3782e-01 -1.0203e-02 -4.8259e-01 +4.0372e-01 -3.1559e-01
13422 +8.629364453e-02 +8.629364453e-02 +5.658629364e+01 +5.658629364e+01 -2.1110e-01 +7.9682e-02 -4.8366e-01 +5.1705e-01 -2.7807e-01
13502 +5.928540906e-02 +5.928540906e-02 +5.655928541e+01 +5.655928541e+01 -2.6486e-01 +1.4895e-01 -4.9723e-01 +6.0473e-01 -2.5329e-01
13605 +3.272731089e-02 +3.272731089e-02 +5.653272731e+01 +5.653272731e+01 -3.1029e-01 +1.9824e-01 -4.8679e-01 +6.6308e-01 -2.2722e-01
13629 +2.216544862e-02 +2.216544862e-02 +5.652216545e+01 +5.652216545e+01 -4.1142e-01 +3.1670e-01 -4.8716e-01 +7.9629e-01 -1.7329e-01
13730 +1.314918104e-02 +1.314918104e-02 +5.651314918e+01 +5.651314918e+01 -4.5786e-01 +3.7486e-01 -4.8946e-01 +8.5382e-01 -1.4475e-01
13751 +9.910289578e-03 +9.910289578e-03 +5.650991029e+01 +5.650991029e+01 -4.1810e-01 +3.2816e-01 -4.9026e-01 +8.0675e-01 -1.6753e-01
13759 +1.685587756e-03 +1.685587756e-03 +5.650168559e+01 +5.650168559e+01 -4.2405e-01 +3.3794e-01 -4.8685e-01 +8.1516e-01 -1.6517e-01
13814 +9.074585210e-04 +9.074585210e-04 +5.650090746e+01 +5.650090746e+01 -4.4827e-01 +3.6766e-01 -4.8712e-01 +8.4554e-01 -1.5054e-01
13995 +5.162206573e-04 +5.162206573e-04 +5.650051622e+01 +5.650051622e+01 -4.3313e-01 +3.4940e-01 -4.8843e-01 +8.2690e-01 -1.6009e-01
14250 +1.555899456e-04 +1.555899456e-04 +5.650015559e+01 +5.650015559e+01 -4.2240e-01 +3.3726e-01 -4.8824e-01 +8.1359e-01 -1.6544e-01
14335 +7.196794138e-05 +7.196794138e-05 +5.650007197e+01 +5.650007197e+01 -4.2804e-01 +3.4470e-01 -4.8805e-01 +8.2109e-01 -1.6227e-01
14428 +5.022163985e-05 +5.022163985e-05 +5.650005022e+01 +5.650005022e+01 -4.2948e-01 +3.4608e-01 -4.8822e-01 +8.2261e-01 -1.6144e-01
14528 +3.822686296e-05 +3.822686296e-05 +5.650003823e+01 +5.650003823e+01 -4.2878e-01 +3.4528e-01 -4.8801e-01 +8.2174e-01 -1.6201e-01
14677 +2.410826674e-05 +2.410826674e-05 +5.650002411e+01 +5.650002411e+01 -4.3322e-01 +3.5041e-01 -4.8763e-01 +8.2690e-01 -1.5910e-01
14738 +1.166018251e-05 +1.166018251e-05 +5.650001166e+01 +5.650001166e+01 -4.3219e-01 +3.4921e-01 -4.8771e-01 +8.2568e-01 -1.5973e-01
14753 +7.978852850e-06 +7.978852850e-06 +5.650000798e+01 +5.650000798e+01 -4.3127e-01 +3.4819e-01 -4.8769e-01 +8.2451e-01 -1.6027e-01
14861 +4.302669360e-06 +4.302669360e-06 +5.650000430e+01 +5.650000430e+01 -4.3093e-01 +3.4795e-01 -4.8770e-01 +8.2431e-01 -1.6028e-01
14906 +2.809990271e-06 +2.809990271e-06 +5.650000281e+01 +5.650000281e+01 -4.3043e-01 +3.4725e-01 -4.8772e-01 +8.2359e-01 -1.6074e-01
14934 +1.843415092e-06 +1.843415092e-06 +5.650000184e+01 +5.650000184e+01 -4.3003e-01 +3.4686e-01 -4.8778e-01 +8.2320e-01 -1.6092e-01
14958 +4.991195084e-07 +4.991195084e-07 +5.650000050e+01 +5.650000050e+01 -4.3085e-01 +3.4782e-01 -4.8776e-01 +8.2416e-01 -1.6045e-01
15092 +3.809315956e-07 +3.809315956e-07 +5.650000038e+01 +5.650000038e+01 -4.3058e-01 +3.4747e-01 -4.8777e-01 +8.2384e-01 -1.6064e-01
15119 +1.516411814e-07 +1.516411814e-07 +5.650000015e+01 +5.650000015e+01 -4.3098e-01 +3.4796e-01 -4.8775e-01 +8.2430e-01 -1.6035e-01
15330 +2.460489412e-08 +2.460489412e-08 +5.650000002e+01 +5.650000002e+01 -4.3099e-01 +3.4797e-01 -4.8775e-01 +8.2433e-01 -1.6036e-01
15378 +4.013827493e-09 +4.013827493e-09 +5.650000000e+01 +5.650000000e+01 -4.3104e-01 +3.4802e-01 -4.8775e-01 +8.2438e-01 -1.6034e-01
