% function evaluation | noise-free fitness - Fopt (1.238300000000e+02) | best noise-free fitness - Fopt | measured fitness | best measured fitness | x1 | x2...
1 +7.932081080e+05 +7.932081080e+05 +7.933319380e+05 +7.933319380e+05
10 +3.964513531e+05 +3.964513531e+05 +3.965751831e+05 +3.965751831e+05
136 +2.298317749e+05 +2.298317749e+05 +2.299556049e+05 +2.299556049e+05
202 +1.527367764e+05 +1.527367764e+05 +1.528606064e+05 +1.528606064e+05
801 +7.308267236e+04 +7.308267236e+04 +7.320650236e+04 +7.320650236e+04
1504 +5.857233287e+04 +5.857233287e+04 +5.869616287e+04 +5.869616287e+04
2213 +3.370431802e+04 +3.370431802e+04 +3.382814802e+04 +3.382814802e+04
3017 +2.102609467e+04 +2.102609467e+04 +2.114992467e+04 +2.114992467e+04
3215 +1.135235410e+04 +1.135235410e+04 +1.147618410e+04 +1.147618410e+04
3801 +8.660531960e+03 +8.660531960e+03 +8.784361960e+03 +8.784361960e+03
4414 +5.196803535e+03 +5.196803535e+03 +5.320633535e+03 +5.320633535e+03
5622 +3.746916833e+03 +3.746916833e+03 +3.870746833e+03 +3.870746833e+03
5802 +1.338344782e+03 +1.338344782e+03 +1.462174782e+03 +1.462174782e+03
8206 +8.294152699e+02 +8.294152699e+02 +9.532452699e+02 +9.532452699e+02
8604 +5.959464184e+02 +5.959464184e+02 +7.197764184e+02 +7.197764184e+02
10201 +3.841145368e+02 +3.841145368e+02 +5.079445368e+02 +5.079445368e+02
11205 +2.343229800e+02 +2.343229800e+02 +3.581529800e+02 +3.581529800e+02
12208 +1.575366903e+02 +1.575366903e+02 +2.813666903e+02 +2.813666903e+02
14201 +9.750380700e+01 +9.750380700e+01 +2.213338070e+02 +2.213338070e+02
16607 +6.296034036e+01 +6.296034036e+01 +1.867903404e+02 +1.867903404e+02
22804 +3.978359247e+01 +3.978359247e+01 +1.636135925e+02 +1.636135925e+02
370411 +2.511725522e+01 +2.511725522e+01 +1.489472552e+02 +1.489472552e+02
494401 +1.583938789e+01 +1.583938789e+01 +1.396693879e+02 +1.396693879e+02
576610 +9.999143134e+00 +9.999143134e+00 +1.338291431e+02 +1.338291431e+02
637228 +6.309292466e+00 +6.309292466e+00 +1.301392925e+02 +1.301392925e+02
679907 +3.980732326e+00 +3.980732326e+00 +1.278107323e+02 +1.278107323e+02
703833 +2.502429926e+00 +2.502429926e+00 +1.263324299e+02 +1.263324299e+02
719520 +1.577086293e+00 +1.577086293e+00 +1.254070863e+02 +1.254070863e+02
730601 +9.967365144e-01 +9.967365144e-01 +1.248267365e+02 +1.248267365e+02
748004 +6.309045593e-01 +6.309045593e-01 +1.244609046e+02 +1.244609046e+02
780607 +3.976783295e-01 +3.976783295e-01 +1.242276783e+02 +1.242276783e+02
793261 +2.510828934e-01 +2.510828934e-01 +1.240810829e+02 +1.240810829e+02
802616 +1.573186554e-01 +1.573186554e-01 +1.239873187e+02 +1.239873187e+02
807201 +9.798518529e-02 +9.798518529e-02 +1.239279852e+02 +1.239279852e+02
810837 +6.228780710e-02 +6.228780710e-02 +1.238922878e+02 +1.238922878e+02
814608 +3.967111743e-02 +3.967111743e-02 +1.238696711e+02 +1.238696711e+02
818609 +2.455356635e-02 +2.455356635e-02 +1.238545536e+02 +1.238545536e+02
822427 +1.501487322e-02 +1.501487322e-02 +1.238450149e+02 +1.238450149e+02
825481 +9.711109477e-03 +9.711109477e-03 +1.238397111e+02 +1.238397111e+02
828534 +6.288060622e-03 +6.288060622e-03 +1.238362881e+02 +1.238362881e+02
831603 +3.893457871e-03 +3.893457871e-03 +1.238338935e+02 +1.238338935e+02
834014 +2.471152463e-03 +2.471152463e-03 +1.238324712e+02 +1.238324712e+02
836203 +1.437438799e-03 +1.437438799e-03 +1.238314374e+02 +1.238314374e+02
838011 +9.914037146e-04 +9.914037146e-04 +1.238309914e+02 +1.238309914e+02
840603 +6.132652278e-04 +6.132652278e-04 +1.238306133e+02 +1.238306133e+02
842685 +3.923352207e-04 +3.923352207e-04 +1.238303923e+02 +1.238303923e+02
845201 +2.449898412e-04 +2.449898412e-04 +1.238302450e+02 +1.238302450e+02
847866 +1.584514907e-04 +1.584514907e-04 +1.238301585e+02 +1.238301585e+02
849441 +9.708848600e-05 +9.708848600e-05 +1.238300971e+02 +1.238300971e+02
852001 +6.052535926e-05 +6.052535926e-05 +1.238300605e+02 +1.238300605e+02
854283 +3.971513891e-05 +3.971513891e-05 +1.238300397e+02 +1.238300397e+02
856861 +2.399644094e-05 +2.399644094e-05 +1.238300240e+02 +1.238300240e+02
858508 +1.561244214e-05 +1.561244214e-05 +1.238300156e+02 +1.238300156e+02
859804 +8.923731045e-06 +8.923731045e-06 +1.238300089e+02 +1.238300089e+02
861403 +5.504996750e-06 +5.504996750e-06 +1.238300055e+02 +1.238300055e+02
862401 +3.596063564e-06 +3.596063564e-06 +1.238300036e+02 +1.238300036e+02
864217 +2.116439347e-06 +2.116439347e-06 +1.238300021e+02 +1.238300021e+02
865820 +1.524954612e-06 +1.524954612e-06 +1.238300015e+02 +1.238300015e+02
867401 +9.855821475e-07 +9.855821475e-07 +1.238300010e+02 +1.238300010e+02
870050 +5.696462893e-07 +5.696462893e-07 +1.238300006e+02 +1.238300006e+02
871801 +3.790722900e-07 +3.790722900e-07 +1.238300004e+02 +1.238300004e+02
873743 +2.431149255e-07 +2.431149255e-07 +1.238300002e+02 +1.238300002e+02
875524 +1.532461624e-07 +1.532461624e-07 +1.238300002e+02 +1.238300002e+02
877627 +9.652123367e-08 +9.652123367e-08 +1.238300001e+02 +1.238300001e+02
879805 +5.714791484e-08 +5.714791484e-08 +1.238300001e+02 +1.238300001e+02
881601 +3.912084878e-08 +3.912084878e-08 +1.238300000e+02 +1.238300000e+02
884243 +2.383058018e-08 +2.383058018e-08 +1.238300000e+02 +1.238300000e+02
885917 +1.558183271e-08 +1.558183271e-08 +1.238300000e+02 +1.238300000e+02
887733 +9.417362890e-09 +9.417362890e-09 +1.238300000e+02 +1.238300000e+02
% function evaluation | noise-free fitness - Fopt (4.751000000000e+01) | best noise-free fitness - Fopt | measured fitness | best measured fitness | x1 | x2...
1 +1.089828553e+06 +1.089828553e+06 +1.089876063e+06 +1.089876063e+06
3 +4.176846590e+05 +4.176846590e+05 +4.177321690e+05 +4.177321690e+05
16 +3.627697002e+05 +3.627697002e+05 +3.628172102e+05 +3.628172102e+05
121 +2.449933114e+05 +2.449933114e+05 +2.450408214e+05 +2.450408214e+05
607 +1.500670028e+05 +1.500670028e+05 +1.501145128e+05 +1.501145128e+05
873 +8.105186324e+04 +8.105186324e+04 +8.109937324e+04 +8.109937324e+04
1621 +4.681999845e+04 +4.681999845e+04 +4.686750845e+04 +4.686750845e+04
2231 +3.272329551e+04 +3.272329551e+04 +3.277080551e+04 +3.277080551e+04
2657 +2.401694280e+04 +2.401694280e+04 +2.406445280e+04 +2.406445280e+04
2835 +1.348112711e+04 +1.348112711e+04 +1.352863711e+04 +1.352863711e+04
3602 +4.848843249e+03 +4.848843249e+03 +4.896353249e+03 +4.896353249e+03
5229 +3.060777273e+03 +3.060777273e+03 +3.108287273e+03 +3.108287273e+03
5806 +2.347829439e+03 +2.347829439e+03 +2.395339439e+03 +2.395339439e+03
6812 +1.267499437e+03 +1.267499437e+03 +1.315009437e+03 +1.315009437e+03
7632 +8.633999177e+02 +8.633999177e+02 +9.109099177e+02 +9.109099177e+02
8801 +4.710794672e+02 +4.710794672e+02 +5.185894672e+02 +5.185894672e+02
10055 +3.231692552e+02 +3.231692552e+02 +3.706792552e+02 +3.706792552e+02
11003 +1.875278281e+02 +1.875278281e+02 +2.350378281e+02 +2.350378281e+02
11601 +1.448384629e+02 +1.448384629e+02 +1.923484629e+02 +1.923484629e+02
14002 +9.745861603e+01 +9.745861603e+01 +1.449686160e+02 +1.449686160e+02
16801 +6.282202008e+01 +6.282202008e+01 +1.103320201e+02 +1.103320201e+02
23202 +3.968513084e+01 +3.968513084e+01 +8.719513084e+01 +8.719513084e+01
367224 +2.511840784e+01 +2.511840784e+01 +7.262840784e+01 +7.262840784e+01
495404 +1.583184879e+01 +1.583184879e+01 +6.334184879e+01 +6.334184879e+01
592684 +9.997683786e+00 +9.997683786e+00 +5.750768379e+01 +5.750768379e+01
649624 +6.306989686e+00 +6.306989686e+00 +5.381698969e+01 +5.381698969e+01
696217 +3.963669903e+00 +3.963669903e+00 +5.147366990e+01 +5.147366990e+01
726404 +2.510755261e+00 +2.510755261e+00 +5.002075526e+01 +5.002075526e+01
749845 +1.578629871e+00 +1.578629871e+00 +4.908862987e+01 +4.908862987e+01
770223 +9.983702803e-01 +9.983702803e-01 +4.850837028e+01 +4.850837028e+01
789825 +6.242811460e-01 +6.242811460e-01 +4.813428115e+01 +4.813428115e+01
799829 +3.967548527e-01 +3.967548527e-01 +4.790675485e+01 +4.790675485e+01
809402 +2.481528579e-01 +2.481528579e-01 +4.775815286e+01 +4.775815286e+01
817401 +1.551193863e-01 +1.551193863e-01 +4.766511939e+01 +4.766511939e+01
823020 +9.829854340e-02 +9.829854340e-02 +4.760829854e+01 +4.760829854e+01
829003 +6.257417193e-02 +6.257417193e-02 +4.757257417e+01 +4.757257417e+01
835009 +3.894034538e-02 +3.894034538e-02 +4.754894035e+01 +4.754894035e+01
839863 +2.469414310e-02 +2.469414310e-02 +4.753469414e+01 +4.753469414e+01
843615 +1.570486502e-02 +1.570486502e-02 +4.752570487e+01 +4.752570487e+01
847069 +9.836142265e-03 +9.836142265e-03 +4.751983614e+01 +4.751983614e+01
851088 +6.293817771e-03 +6.293817771e-03 +4.751629382e+01 +4.751629382e+01
854336 +3.949343000e-03 +3.949343000e-03 +4.751394934e+01 +4.751394934e+01
857803 +2.489215182e-03 +2.489215182e-03 +4.751248922e+01 +4.751248922e+01
861402 +1.552202541e-03 +1.552202541e-03 +4.751155220e+01 +4.751155220e+01
865006 +9.935343448e-04 +9.935343448e-04 +4.751099353e+01 +4.751099353e+01
866806 +6.122140229e-04 +6.122140229e-04 +4.751061221e+01 +4.751061221e+01
869698 +3.967000253e-04 +3.967000253e-04 +4.751039670e+01 +4.751039670e+01
871805 +2.482513452e-04 +2.482513452e-04 +4.751024825e+01 +4.751024825e+01
873413 +1.535919961e-04 +1.535919961e-04 +4.751015359e+01 +4.751015359e+01
876430 +9.878238278e-05 +9.878238278e-05 +4.751009878e+01 +4.751009878e+01
878409 +6.215565629e-05 +6.215565629e-05 +4.751006216e+01 +4.751006216e+01
880459 +3.927559290e-05 +3.927559290e-05 +4.751003928e+01 +4.751003928e+01
883222 +2.476094508e-05 +2.476094508e-05 +4.751002476e+01 +4.751002476e+01
885601 +1.482047682e-05 +1.482047682e-05 +4.751001482e+01 +4.751001482e+01
886802 +9.849951525e-06 +9.849951525e-06 +4.751000985e+01 +4.751000985e+01
888855 +6.288261652e-06 +6.288261652e-06 +4.751000629e+01 +4.751000629e+01
890437 +3.902204597e-06 +3.902204597e-06 +4.751000390e+01 +4.751000390e+01
892216 +2.507538042e-06 +2.507538042e-06 +4.751000251e+01 +4.751000251e+01
893601 +1.440214000e-06 +1.440214000e-06 +4.751000144e+01 +4.751000144e+01
894801 +9.608725975e-07 +9.608725975e-07 +4.751000096e+01 +4.751000096e+01
897205 +6.240030501e-07 +6.240030501e-07 +4.751000062e+01 +4.751000062e+01
898833 +3.897890934e-07 +3.897890934e-07 +4.751000039e+01 +4.751000039e+01
901006 +2.511177968e-07 +2.511177968e-07 +4.751000025e+01 +4.751000025e+01
903070 +1.566778280e-07 +1.566778280e-07 +4.751000016e+01 +4.751000016e+01
905208 +9.433171755e-08 +9.433171755e-08 +4.751000009e+01 +4.751000009e+01
907281 +6.294901311e-08 +6.294901311e-08 +4.751000006e+01 +4.751000006e+01
909435 +3.838423623e-08 +3.838423623e-08 +4.751000004e+01 +4.751000004e+01
911402 +2.412186717e-08 +2.412186717e-08 +4.751000002e+01 +4.751000002e+01
913836 +1.549609863e-08 +1.549609863e-08 +4.751000002e+01 +4.751000002e+01
916258 +9.880174900e-09 +9.880174900e-09 +4.751000001e+01 +4.751000001e+01
% function evaluation | noise-free fitness - Fopt (5.534000000000e+01) | best noise-free fitness - Fopt | measured fitness | best measured fitness | x1 | x2...
1 +7.620504682e+05 +7.620504682e+05 +7.621058082e+05 +7.621058082e+05
4 +5.201666886e+05 +5.201666886e+05 +5.202220286e+05 +5.202220286e+05
25 +3.923468017e+05 +3.923468017e+05 +3.924021417e+05 +3.924021417e+05
406 +2.030261022e+05 +2.030261022e+05 +2.030814422e+05 +2.030814422e+05
602 +1.072297185e+05 +1.072297185e+05 +1.072850585e+05 +1.072850585e+05
1001 +7.955408127e+04 +7.955408127e+04 +7.960942127e+04 +7.960942127e+04
1601 +3.035706795e+04 +3.035706795e+04 +3.041240795e+04 +3.041240795e+04
2810 +2.471579555e+04 +2.471579555e+04 +2.477113555e+04 +2.477113555e+04
3689 +1.286414824e+04 +1.286414824e+04 +1.291948824e+04 +1.291948824e+04
4210 +9.464362744e+03 +9.464362744e+03 +9.519702744e+03 +9.519702744e+03
4610 +5.675465316e+03 +5.675465316e+03 +5.730805316e+03 +5.730805316e+03
5063 +3.696517584e+03 +3.696517584e+03 +3.751857584e+03 +3.751857584e+03
6401 +2.459442667e+03 +2.459442667e+03 +2.514782667e+03 +2.514782667e+03
6807 +1.435900775e+03 +1.435900775e+03 +1.491240775e+03 +1.491240775e+03
7607 +9.856977333e+02 +9.856977333e+02 +1.041037733e+03 +1.041037733e+03
9001 +5.723102704e+02 +5.723102704e+02 +6.276502704e+02 +6.276502704e+02
10002 +2.910565736e+02 +2.910565736e+02 +3.463965736e+02 +3.463965736e+02
11223 +2.506843517e+02 +2.506843517e+02 +3.060243517e+02 +3.060243517e+02
12402 +1.580506662e+02 +1.580506662e+02 +2.133906662e+02 +2.133906662e+02
14656 +9.706803713e+01 +9.706803713e+01 +1.524080371e+02 +1.524080371e+02
16635 +6.297265323e+01 +6.297265323e+01 +1.183126532e+02 +1.183126532e+02
23653 +3.962212338e+01 +3.962212338e+01 +9.496212338e+01 +9.496212338e+01
375602 +2.511503069e+01 +2.511503069e+01 +8.045503069e+01 +8.045503069e+01
517603 +1.579194496e+01 +1.579194496e+01 +7.113194496e+01 +7.113194496e+01
610416 +9.984417489e+00 +9.984417489e+00 +6.532441749e+01 +6.532441749e+01
664051 +6.304568299e+00 +6.304568299e+00 +6.164456830e+01 +6.164456830e+01
697002 +3.979164822e+00 +3.979164822e+00 +5.931916482e+01 +5.931916482e+01
725168 +2.509799244e+00 +2.509799244e+00 +5.784979924e+01 +5.784979924e+01
741624 +1.573046210e+00 +1.573046210e+00 +5.691304621e+01 +5.691304621e+01
753601 +9.881734397e-01 +9.881734397e-01 +5.632817344e+01 +5.632817344e+01
764895 +6.300009430e-01 +6.300009430e-01 +5.597000094e+01 +5.597000094e+01
774210 +3.975617492e-01 +3.975617492e-01 +5.573756175e+01 +5.573756175e+01
782202 +2.480922813e-01 +2.480922813e-01 +5.558809228e+01 +5.558809228e+01
788816 +1.584300668e-01 +1.584300668e-01 +5.549843007e+01 +5.549843007e+01
795805 +9.972448781e-02 +9.972448781e-02 +5.543972449e+01 +5.543972449e+01
802809 +6.298370970e-02 +6.298370970e-02 +5.540298371e+01 +5.540298371e+01
806803 +3.947971749e-02 +3.947971749e-02 +5.537947972e+01 +5.537947972e+01
810067 +2.498716841e-02 +2.498716841e-02 +5.536498717e+01 +5.536498717e+01
813089 +1.582219291e-02 +1.582219291e-02 +5.535582219e+01 +5.535582219e+01
815803 +9.878051580e-03 +9.878051580e-03 +5.534987805e+01 +5.534987805e+01
819327 +6.141553489e-03 +6.141553489e-03 +5.534614155e+01 +5.534614155e+01
823013 +3.931152109e-03 +3.931152109e-03 +5.534393115e+01 +5.534393115e+01
826029 +2.477187270e-03 +2.477187270e-03 +5.534247719e+01 +5.534247719e+01
829201 +1.546360082e-03 +1.546360082e-03 +5.534154636e+01 +5.534154636e+01
831086 +9.830053028e-04 +9.830053028e-04 +5.534098301e+01 +5.534098301e+01
833658 +6.201895970e-04 +6.201895970e-04 +5.534062019e+01 +5.534062019e+01
835402 +3.950057164e-04 +3.950057164e-04 +5.534039501e+01 +5.534039501e+01
836822 +2.387429521e-04 +2.387429521e-04 +5.534023874e+01 +5.534023874e+01
838401 +1.518776549e-04 +1.518776549e-04 +5.534015188e+01 +5.534015188e+01
839603 +9.304387670e-05 +9.304387670e-05 +5.534009304e+01 +5.534009304e+01
841202 +6.248832290e-05 +6.248832290e-05 +5.534006249e+01 +5.534006249e+01
842605 +3.960123997e-05 +3.960123997e-05 +5.534003960e+01 +5.534003960e+01
844081 +2.481747831e-05 +2.481747831e-05 +5.534002482e+01 +5.534002482e+01
845666 +1.569116039e-05 +1.569116039e-05 +5.534001569e+01 +5.534001569e+01
846802 +9.499424301e-06 +9.499424301e-06 +5.534000950e+01 +5.534000950e+01
848469 +5.694345084e-06 +5.694345084e-06 +5.534000569e+01 +5.534000569e+01
849201 +3.533129302e-06 +3.533129302e-06 +5.534000353e+01 +5.534000353e+01
850603 +2.467265752e-06 +2.467265752e-06 +5.534000247e+01 +5.534000247e+01
851642 +1.421754078e-06 +1.421754078e-06 +5.534000142e+01 +5.534000142e+01
853028 +8.326885705e-07 +8.326885705e-07 +5.534000083e+01 +5.534000083e+01
854603 +5.805739107e-07 +5.805739107e-07 +5.534000058e+01 +5.534000058e+01
856014 +3.777072735e-07 +3.777072735e-07 +5.534000038e+01 +5.534000038e+01
857906 +2.479425021e-07 +2.479425021e-07 +5.534000025e+01 +5.534000025e+01
860327 +1.571636048e-07 +1.571636048e-07 +5.534000016e+01 +5.534000016e+01
862401 +9.647277466e-08 +9.647277466e-08 +5.534000010e+01 +5.534000010e+01
863973 +5.621598120e-08 +5.621598120e-08 +5.534000006e+01 +5.534000006e+01
865011 +3.947562988e-08 +3.947562988e-08 +5.534000004e+01 +5.534000004e+01
866605 +2.374074626e-08 +2.374074626e-08 +5.534000002e+01 +5.534000002e+01
868203 +1.513819825e-08 +1.513819825e-08 +5.534000002e+01 +5.534000002e+01
870227 +9.436845971e-09 +9.436845971e-09 +5.534000001e+01 +5.534000001e+01
% function evaluation | noise-free fitness - Fopt (-9.033000000000e+01) | best noise-free fitness - Fopt | measured fitness | best measured fitness | x1 | x2...
1 +5.698435766e+05 +5.698435766e+05 +5.697532466e+05 +5.697532466e+05
19 +2.934139811e+05 +2.934139811e+05 +2.933236511e+05 +2.933236511e+05
72 +2.477709758e+05 +2.477709758e+05 +2.476806458e+05 +2.476806458e+05
201 +1.582613096e+05 +1.582613096e+05 +1.581709796e+05 +1.581709796e+05
1201 +8.760444224e+04 +8.760444224e+04 +8.751411224e+04 +8.751411224e+04
2007 +4.823174278e+04 +4.823174278e+04 +4.814141278e+04 +4.814141278e+04
2405 +3.083129933e+04 +3.083129933e+04 +3.074096933e+04 +3.074096933e+04
2601 +1.897747837e+04 +1.897747837e+04 +1.888714837e+04 +1.888714837e+04
3005 +1.392973339e+04 +1.392973339e+04 +1.383940339e+04 +1.383940339e+04
3801 +9.857186499e+03 +9.857186499e+03 +9.766856499e+03 +9.766856499e+03
4471 +5.852166633e+03 +5.852166633e+03 +5.761836633e+03 +5.761836633e+03
5401 +3.957978108e+03 +3.957978108e+03 +3.867648108e+03 +3.867648108e+03
6009 +2.209135382e+03 +2.209135382e+03 +2.118805382e+03 +2.118805382e+03
6601 +1.232850894e+03 +1.232850894e+03 +1.142520894e+03 +1.142520894e+03
7404 +8.246872839e+02 +8.246872839e+02 +7.343572839e+02 +7.343572839e+02
8601 +6.169100747e+02 +6.169100747e+02 +5.265800747e+02 +5.265800747e+02
9201 +2.917523959e+02 +2.917523959e+02 +2.014223959e+02 +2.014223959e+02
10403 +2.510478508e+02 +2.510478508e+02 +1.607178508e+02 +1.607178508e+02
12203 +1.457571741e+02 +1.457571741e+02 +5.542717412e+01 +5.542717412e+01
13605 +9.836209490e+01 +9.836209490e+01 +8.032094904e+00 +8.032094904e+00
16005 +6.251632970e+01 +6.251632970e+01 -2.781367030e+01 -2.781367030e+01
22601 +3.975776307e+01 +3.975776307e+01 -5.057223693e+01 -5.057223693e+01
355022 +2.511573969e+01 +2.511573969e+01 -6.521426031e+01 -6.521426031e+01
486610 +1.583824277e+01 +1.583824277e+01 -7.449175723e+01 -7.449175723e+01
571276 +9.996226172e+00 +9.996226172e+00 -8.033377383e+01 -8.033377383e+01
634806 +6.309237632e+00 +6.309237632e+00 -8.402076237e+01 -8.402076237e+01
685605 +3.974033302e+00 +3.974033302e+00 -8.635596670e+01 -8.635596670e+01
714212 +2.507317114e+00 +2.507317114e+00 -8.782268289e+01 -8.782268289e+01
732444 +1.582918240e+00 +1.582918240e+00 -8.874708176e+01 -8.874708176e+01
750855 +9.970700968e-01 +9.970700968e-01 -8.933292990e+01 -8.933292990e+01
759401 +6.221379310e-01 +6.221379310e-01 -8.970786207e+01 -8.970786207e+01
767401 +3.979964171e-01 +3.979964171e-01 -8.993200358e+01 -8.993200358e+01
777806 +2.491374359e-01 +2.491374359e-01 -9.008086256e+01 -9.008086256e+01
787434 +1.574362166e-01 +1.574362166e-01 -9.017256378e+01 -9.017256378e+01
793258 +9.980715145e-02 +9.980715145e-02 -9.023019285e+01 -9.023019285e+01
798430 +6.265620014e-02 +6.265620014e-02 -9.026734380e+01 -9.026734380e+01
802801 +3.947784264e-02 +3.947784264e-02 -9.029052216e+01 -9.029052216e+01
807205 +2.413204652e-02 +2.413204652e-02 -9.030586795e+01 -9.030586795e+01
813601 +1.566626760e-02 +1.566626760e-02 -9.031433373e+01 -9.031433373e+01
821901 +9.974516458e-03 +9.974516458e-03 -9.032002548e+01 -9.032002548e+01
825603 +6.228893188e-03 +6.228893188e-03 -9.032377111e+01 -9.032377111e+01
828605 +3.892009856e-03 +3.892009856e-03 -9.032610799e+01 -9.032610799e+01
831601 +2.509733682e-03 +2.509733682e-03 -9.032749027e+01 -9.032749027e+01
833898 +1.566476283e-03 +1.566476283e-03 -9.032843352e+01 -9.032843352e+01
836203 +9.955006684e-04 +9.955006684e-04 -9.032900450e+01 -9.032900450e+01
838805 +5.576941813e-04 +5.576941813e-04 -9.032944231e+01 -9.032944231e+01
840604 +3.676838594e-04 +3.676838594e-04 -9.032963232e+01 -9.032963232e+01
841849 +2.484582628e-04 +2.484582628e-04 -9.032975154e+01 -9.032975154e+01
842853 +1.473263614e-04 +1.473263614e-04 -9.032985267e+01 -9.032985267e+01
844202 +9.397271819e-05 +9.397271819e-05 -9.032990603e+01 -9.032990603e+01
845823 +6.093211564e-05 +6.093211564e-05 -9.032993907e+01 -9.032993907e+01
847018 +3.670719094e-05 +3.670719094e-05 -9.032996329e+01 -9.032996329e+01
848812 +2.489968273e-05 +2.489968273e-05 -9.032997510e+01 -9.032997510e+01
849419 +1.442409328e-05 +1.442409328e-05 -9.032998558e+01 -9.032998558e+01
851003 +9.091036659e-06 +9.091036659e-06 -9.032999091e+01 -9.032999091e+01
852811 +5.889626181e-06 +5.889626181e-06 -9.032999411e+01 -9.032999411e+01
854664 +3.907904798e-06 +3.907904798e-06 -9.032999609e+01 -9.032999609e+01
856246 +2.427997345e-06 +2.427997345e-06 -9.032999757e+01 -9.032999757e+01
858005 +1.542259682e-06 +1.542259682e-06 -9.032999846e+01 -9.032999846e+01
859412 +9.789454225e-07 +9.789454225e-07 -9.032999902e+01 -9.032999902e+01
861001 +5.811244108e-07 +5.811244108e-07 -9.032999942e+01 -9.032999942e+01
862628 +3.951573717e-07 +3.951573717e-07 -9.032999960e+01 -9.032999960e+01
864206 +2.445090388e-07 +2.445090388e-07 -9.032999976e+01 -9.032999976e+01
865803 +1.466690520e-07 +1.466690520e-07 -9.032999985e+01 -9.032999985e+01
866624 +9.283239422e-08 +9.283239422e-08 -9.032999991e+01 -9.032999991e+01
868427 +6.097262428e-08 +6.097262428e-08 -9.032999994e+01 -9.032999994e+01
870009 +3.860908748e-08 +3.860908748e-08 -9.032999996e+01 -9.032999996e+01
871652 +2.418411782e-08 +2.418411782e-08 -9.032999998e+01 -9.032999998e+01
873202 +1.564964691e-08 +1.564964691e-08 -9.032999998e+01 -9.032999998e+01
874802 +9.581924587e-09 +9.581924587e-09 -9.032999999e+01 -9.032999999e+01
% function evaluation | noise-free fitness - Fopt (6.561000000000e+01) | best noise-free fitness - Fopt | measured fitness | best measured fitness | x1 | x2...
1 +7.263735837e+05 +7.263735837e+05 +7.264391937e+05 +7.264391937e+05
4 +3.357376782e+05 +3.357376782e+05 +3.358032882e+05 +3.358032882e+05
203 +1.609900087e+05 +1.609900087e+05 +1.610556187e+05 +1.610556187e+05
773 +1.137299154e+05 +1.137299154e+05 +1.137955254e+05 +1.137955254e+05
1298 +8.597841932e+04 +8.597841932e+04 +8.604402932e+04 +8.604402932e+04
1806 +5.376833488e+04 +5.376833488e+04 +5.383394488e+04 +5.383394488e+04
2401 +3.831007624e+04 +3.831007624e+04 +3.837568624e+04 +3.837568624e+04
2601 +2.427256980e+04 +2.427256980e+04 +2.433817980e+04 +2.433817980e+04
3602 +9.772838946e+03 +9.772838946e+03 +9.838448946e+03 +9.838448946e+03
4839 +6.304620632e+03 +6.304620632e+03 +6.370230632e+03 +6.370230632e+03
5603 +3.602318028e+03 +3.602318028e+03 +3.667928028e+03 +3.667928028e+03
6423 +2.235154304e+03 +2.235154304e+03 +2.300764304e+03 +2.300764304e+03
7009 +1.254078531e+03 +1.254078531e+03 +1.319688531e+03 +1.319688531e+03
7837 +9.566249058e+02 +9.566249058e+02 +1.022234906e+03 +1.022234906e+03
8408 +6.174531630e+02 +6.174531630e+02 +6.830631630e+02 +6.830631630e+02
9601 +3.325283201e+02 +3.325283201e+02 +3.981383201e+02 +3.981383201e+02
11218 +2.248598004e+02 +2.248598004e+02 +2.904698004e+02 +2.904698004e+02
12803 +1.520354306e+02 +1.520354306e+02 +2.176454306e+02 +2.176454306e+02
14009 +9.068892035e+01 +9.068892035e+01 +1.562989203e+02 +1.562989203e+02
15602 +6.245539361e+01 +6.245539361e+01 +1.280653936e+02 +1.280653936e+02
23404 +3.974807492e+01 +3.974807492e+01 +1.053580749e+02 +1.053580749e+02
409404 +2.510905290e+01 +2.510905290e+01 +9.071905290e+01 +9.071905290e+01
524202 +1.584206468e+01 +1.584206468e+01 +8.145206468e+01 +8.145206468e+01
617002 +9.995989911e+00 +9.995989911e+00 +7.560598991e+01 +7.560598991e+01
685040 +6.307933647e+00 +6.307933647e+00 +7.191793365e+01 +7.191793365e+01
730627 +3.972613394e+00 +3.972613394e+00 +6.958261339e+01 +6.958261339e+01
757928 +2.509993168e+00 +2.509993168e+00 +6.811999317e+01 +6.811999317e+01
787001 +1.575382733e+00 +1.575382733e+00 +6.718538273e+01 +6.718538273e+01
801832 +9.939516283e-01 +9.939516283e-01 +6.660395163e+01 +6.660395163e+01
824636 +6.300847096e-01 +6.300847096e-01 +6.624008471e+01 +6.624008471e+01
839428 +3.957841547e-01 +3.957841547e-01 +6.600578415e+01 +6.600578415e+01
845221 +2.484880572e-01 +2.484880572e-01 +6.585848806e+01 +6.585848806e+01
851001 +1.529473712e-01 +1.529473712e-01 +6.576294737e+01 +6.576294737e+01
856316 +9.944159030e-02 +9.944159030e-02 +6.570944159e+01 +6.570944159e+01
863924 +6.284370557e-02 +6.284370557e-02 +6.567284371e+01 +6.567284371e+01
871085 +3.920006341e-02 +3.920006341e-02 +6.564920006e+01 +6.564920006e+01
875802 +2.503835058e-02 +2.503835058e-02 +6.563503835e+01 +6.563503835e+01
881521 +1.561891114e-02 +1.561891114e-02 +6.562561891e+01 +6.562561891e+01
885402 +9.859277756e-03 +9.859277756e-03 +6.561985928e+01 +6.561985928e+01
888868 +6.252457753e-03 +6.252457753e-03 +6.561625246e+01 +6.561625246e+01
891819 +3.755848947e-03 +3.755848947e-03 +6.561375585e+01 +6.561375585e+01
894894 +2.457293024e-03 +2.457293024e-03 +6.561245729e+01 +6.561245729e+01
898758 +1.554973597e-03 +1.554973597e-03 +6.561155497e+01 +6.561155497e+01
901925 +9.839067015e-04 +9.839067015e-04 +6.561098391e+01 +6.561098391e+01
904617 +6.275970744e-04 +6.275970744e-04 +6.561062760e+01 +6.561062760e+01
908426 +3.953399786e-04 +3.953399786e-04 +6.561039534e+01 +6.561039534e+01
910801 +2.489847406e-04 +2.489847406e-04 +6.561024898e+01 +6.561024898e+01
913308 +1.533945504e-04 +1.533945504e-04 +6.561015339e+01 +6.561015339e+01
915881 +9.938551777e-05 +9.938551777e-05 +6.561009939e+01 +6.561009939e+01
917529 +6.297208240e-05 +6.297208240e-05 +6.561006297e+01 +6.561006297e+01
920603 +3.696400712e-05 +3.696400712e-05 +6.561003696e+01 +6.561003696e+01
922857 +2.430368558e-05 +2.430368558e-05 +6.561002430e+01 +6.561002430e+01
925236 +1.583840516e-05 +1.583840516e-05 +6.561001584e+01 +6.561001584e+01
928221 +9.943544796e-06 +9.943544796e-06 +6.561000994e+01 +6.561000994e+01
931236 +5.842729593e-06 +5.842729593e-06 +6.561000584e+01 +6.561000584e+01
933417 +3.839413452e-06 +3.839413452e-06 +6.561000384e+01 +6.561000384e+01
936404 +2.488648718e-06 +2.488648718e-06 +6.561000249e+01 +6.561000249e+01
938202 +1.571912037e-06 +1.571912037e-06 +6.561000157e+01 +6.561000157e+01
940070 +9.339698579e-07 +9.339698579e-07 +6.561000093e+01 +6.561000093e+01
942070 +6.087205691e-07 +6.087205691e-07 +6.561000061e+01 +6.561000061e+01
943606 +3.864705604e-07 +3.864705604e-07 +6.561000039e+01 +6.561000039e+01
945007 +2.454247863e-07 +2.454247863e-07 +6.561000025e+01 +6.561000025e+01
946802 +1.573204997e-07 +1.573204997e-07 +6.561000016e+01 +6.561000016e+01
948451 +9.956988833e-08 +9.956988833e-08 +6.561000010e+01 +6.561000010e+01
950202 +6.208748005e-08 +6.208748005e-08 +6.561000006e+01 +6.561000006e+01
952202 +3.750625410e-08 +3.750625410e-08 +6.561000004e+01 +6.561000004e+01
953605 +2.335521287e-08 +2.335521287e-08 +6.561000002e+01 +6.561000002e+01
955206 +1.444561804e-08 +1.444561804e-08 +6.561000001e+01 +6.561000001e+01
956807 +9.671396128e-09 +9.671396128e-09 +6.561000001e+01 +6.561000001e+01
% function evaluation | noise-free fitness - Fopt (1.944000000000e+01) | best noise-free fitness - Fopt | measured fitness | best measured fitness | x1 | x2...
1 +7.299812896e+05 +7.299812896e+05 +7.300007296e+05 +7.300007296e+05
5 +5.537731328e+05 +5.537731328e+05 +5.537925728e+05 +5.537925728e+05
30 +3.786928110e+05 +3.786928110e+05 +3.787122510e+05 +3.787122510e+05
201 +2.251158598e+05 +2.251158598e+05 +2.251352998e+05 +2.251352998e+05
827 +8.059549126e+04 +8.059549126e+04 +8.061493126e+04 +8.061493126e+04
1804 +6.228638455e+04 +6.228638455e+04 +6.230582455e+04 +6.230582455e+04
2006 +3.187996761e+04 +3.187996761e+04 +3.189940761e+04 +3.189940761e+04
2602 +2.255137674e+04 +2.255137674e+04 +2.257081674e+04 +2.257081674e+04
3401 +1.160265751e+04 +1.160265751e+04 +1.162209751e+04 +1.162209751e+04
3801 +9.815718355e+03 +9.815718355e+03 +9.835158355e+03 +9.835158355e+03
4808 +5.991013107e+03 +5.991013107e+03 +6.010453107e+03 +6.010453107e+03
5409 +3.920118187e+03 +3.920118187e+03 +3.939558187e+03 +3.939558187e+03
6203 +1.910770369e+03 +1.910770369e+03 +1.930210369e+03 +1.930210369e+03
7003 +1.570356248e+03 +1.570356248e+03 +1.589796248e+03 +1.589796248e+03
8001 +9.558904743e+02 +9.558904743e+02 +9.753304743e+02 +9.753304743e+02
8916 +6.246015212e+02 +6.246015212e+02 +6.440415212e+02 +6.440415212e+02
10004 +3.825070347e+02 +3.825070347e+02 +4.019470347e+02 +4.019470347e+02
11205 +2.468148934e+02 +2.468148934e+02 +2.662548934e+02 +2.662548934e+02
13204 +1.465905968e+02 +1.465905968e+02 +1.660305968e+02 +1.660305968e+02
14602 +9.664164528e+01 +9.664164528e+01 +1.160816453e+02 +1.160816453e+02
16621 +6.018003780e+01 +6.018003780e+01 +7.962003780e+01 +7.962003780e+01
23603 +3.979178854e+01 +3.979178854e+01 +5.923178854e+01 +5.923178854e+01
421217 +2.511615361e+01 +2.511615361e+01 +4.455615361e+01 +4.455615361e+01
546052 +1.583789002e+01 +1.583789002e+01 +3.527789002e+01 +3.527789002e+01
646401 +9.999751873e+00 +9.999751873e+00 +2.943975187e+01 +2.943975187e+01
709909 +6.308546571e+00 +6.308546571e+00 +2.574854657e+01 +2.574854657e+01
750231 +3.974278967e+00 +3.974278967e+00 +2.341427897e+01 +2.341427897e+01
774222 +2.506738957e+00 +2.506738957e+00 +2.194673896e+01 +2.194673896e+01
790811 +1.582518802e+00 +1.582518802e+00 +2.102251880e+01 +2.102251880e+01
806436 +9.958328043e-01 +9.958328043e-01 +2.043583280e+01 +2.043583280e+01
821207 +6.305844908e-01 +6.305844908e-01 +2.007058449e+01 +2.007058449e+01
835081 +3.975100110e-01 +3.975100110e-01 +1.983751001e+01 +1.983751001e+01
845745 +2.487550514e-01 +2.487550514e-01 +1.968875505e+01 +1.968875505e+01
851826 +1.584053421e-01 +1.584053421e-01 +1.959840534e+01 +1.959840534e+01
857203 +9.976133764e-02 +9.976133764e-02 +1.953976134e+01 +1.953976134e+01
861821 +6.298068156e-02 +6.298068156e-02 +1.950298068e+01 +1.950298068e+01
866266 +3.951088456e-02 +3.951088456e-02 +1.947951088e+01 +1.947951088e+01
873237 +2.505429997e-02 +2.505429997e-02 +1.946505430e+01 +1.946505430e+01
877797 +1.566454990e-02 +1.566454990e-02 +1.945566455e+01 +1.945566455e+01
882001 +9.969789235e-03 +9.969789235e-03 +1.944996979e+01 +1.944996979e+01
887008 +5.996401068e-03 +5.996401068e-03 +1.944599640e+01 +1.944599640e+01
890221 +3.874844627e-03 +3.874844627e-03 +1.944387484e+01 +1.944387484e+01
893519 +2.482836481e-03 +2.482836481e-03 +1.944248284e+01 +1.944248284e+01
895861 +1.533797599e-03 +1.533797599e-03 +1.944153380e+01 +1.944153380e+01
897814 +9.989335794e-04 +9.989335794e-04 +1.944099893e+01 +1.944099893e+01
900009 +6.300294891e-04 +6.300294891e-04 +1.944063003e+01 +1.944063003e+01
902001 +3.743525079e-04 +3.743525079e-04 +1.944037435e+01 +1.944037435e+01
904416 +2.328591658e-04 +2.328591658e-04 +1.944023286e+01 +1.944023286e+01
906616 +1.570025027e-04 +1.570025027e-04 +1.944015700e+01 +1.944015700e+01
908441 +9.354016122e-05 +9.354016122e-05 +1.944009354e+01 +1.944009354e+01
910804 +5.500742339e-05 +5.500742339e-05 +1.944005501e+01 +1.944005501e+01
911803 +3.980743702e-05 +3.980743702e-05 +1.944003981e+01 +1.944003981e+01
913694 +2.490412431e-05 +2.490412431e-05 +1.944002490e+01 +1.944002490e+01
915067 +1.409532726e-05 +1.409532726e-05 +1.944001410e+01 +1.944001410e+01
917516 +9.903733428e-06 +9.903733428e-06 +1.944000990e+01 +1.944000990e+01
920014 +5.968461956e-06 +5.968461956e-06 +1.944000597e+01 +1.944000597e+01
922222 +3.951625775e-06 +3.951625775e-06 +1.944000395e+01 +1.944000395e+01
923206 +2.454799301e-06 +2.454799301e-06 +1.944000245e+01 +1.944000245e+01
926203 +1.543624531e-06 +1.543624531e-06 +1.944000154e+01 +1.944000154e+01
929809 +9.984231895e-07 +9.984231895e-07 +1.944000100e+01 +1.944000100e+01
932225 +6.266702002e-07 +6.266702002e-07 +1.944000063e+01 +1.944000063e+01
934608 +3.941827202e-07 +3.941827202e-07 +1.944000039e+01 +1.944000039e+01
937034 +2.445188727e-07 +2.445188727e-07 +1.944000024e+01 +1.944000024e+01
939913 +1.573300210e-07 +1.573300210e-07 +1.944000016e+01 +1.944000016e+01
942417 +9.830192127e-08 +9.830192127e-08 +1.944000010e+01 +1.944000010e+01
944424 +6.143731213e-08 +6.143731213e-08 +1.944000006e+01 +1.944000006e+01
946498 +3.798658454e-08 +3.798658454e-08 +1.944000004e+01 +1.944000004e+01
948429 +2.479302808e-08 +2.479302808e-08 +1.944000002e+01 +1.944000002e+01
950027 +1.552270135e-08 +1.552270135e-08 +1.944000002e+01 +1.944000002e+01
952201 +8.832532927e-09 +8.832532927e-09 +1.944000001e+01 +1.944000001e+01
% function evaluation | noise-free fitness - Fopt (-4.583400000000e+02) | best noise-free fitness - Fopt | measured fitness | best measured fitness | x1 | x2...
1 +1.473813311e+06 +1.473813311e+06 +1.473354971e+06 +1.473354971e+06
2 +6.650206824e+05 +6.650206824e+05 +6.645623424e+05 +6.645623424e+05
4 +5.396336499e+05 +5.396336499e+05 +5.391753099e+05 +5.391753099e+05
28 +3.852593031e+05 +3.852593031e+05 +3.848009631e+05 +3.848009631e+05
405 +2.508777487e+05 +2.508777487e+05 +2.504194087e+05 +2.504194087e+05
816 +1.575752586e+05 +1.575752586e+05 +1.571169186e+05 +1.571169186e+05
819 +9.569857871e+04 +9.569857871e+04 +9.524023871e+04 +9.524023871e+04
1803 +4.811737201e+04 +4.811737201e+04 +4.765903201e+04 +4.765903201e+04
2026 +3.713328809e+04 +3.713328809e+04 +3.667494809e+04 +3.667494809e+04
2601 +2.420412015e+04 +2.420412015e+04 +2.374578015e+04 +2.374578015e+04
3405 +1.235625818e+04 +1.235625818e+04 +1.189791818e+04 +1.189791818e+04
4014 +9.267746594e+03 +9.267746594e+03 +8.809406594e+03 +8.809406594e+03
4254 +5.619939251e+03 +5.619939251e+03 +5.161599251e+03 +5.161599251e+03
4401 +3.924738460e+03 +3.924738460e+03 +3.466398460e+03 +3.466398460e+03
6011 +2.317309618e+03 +2.317309618e+03 +1.858969618e+03 +1.858969618e+03
6803 +1.419428692e+03 +1.419428692e+03 +9.610886917e+02 +9.610886917e+02
7401 +7.108089460e+02 +7.108089460e+02 +2.524689460e+02 +2.524689460e+02
8202 +5.134811555e+02 +5.134811555e+02 +5.514115553e+01 +5.514115553e+01
9401 +3.804566622e+02 +3.804566622e+02 -7.788333782e+01 -7.788333782e+01
10602 +2.484131855e+02 +2.484131855e+02 -2.099268145e+02 -2.099268145e+02
12403 +1.532421868e+02 +1.532421868e+02 -3.050978132e+02 -3.050978132e+02
14204 +8.851317847e+01 +8.851317847e+01 -3.698268215e+02 -3.698268215e+02
16201 +6.229570156e+01 +6.229570156e+01 -3.960442984e+02 -3.960442984e+02
22605 +3.980811966e+01 +3.980811966e+01 -4.185318803e+02 -4.185318803e+02
374526 +2.510280337e+01 +2.510280337e+01 -4.332371966e+02 -4.332371966e+02
509815 +1.584163155e+01 +1.584163155e+01 -4.424983685e+02 -4.424983685e+02
613419 +9.995973363e+00 +9.995973363e+00 -4.483440266e+02 -4.483440266e+02
683403 +6.309503328e+00 +6.309503328e+00 -4.520304967e+02 -4.520304967e+02
725801 +3.979417696e+00 +3.979417696e+00 -4.543605823e+02 -4.543605823e+02
751931 +2.510843923e+00 +2.510843923e+00 -4.558291561e+02 -4.558291561e+02
768601 +1.581328407e+00 +1.581328407e+00 -4.567586716e+02 -4.567586716e+02
786896 +9.993945316e-01 +9.993945316e-01 -4.573406055e+02 -4.573406055e+02
799434 +6.296177813e-01 +6.296177813e-01 -4.577103822e+02 -4.577103822e+02
818048 +3.976427309e-01 +3.976427309e-01 -4.579423573e+02 -4.579423573e+02
827628 +2.494914345e-01 +2.494914345e-01 -4.580905086e+02 -4.580905086e+02
839627 +1.579319291e-01 +1.579319291e-01 -4.581820681e+02 -4.581820681e+02
845824 +9.819350365e-02 +9.819350365e-02 -4.582418065e+02 -4.582418065e+02
849234 +6.167159245e-02 +6.167159245e-02 -4.582783284e+02 -4.582783284e+02
852222 +3.937319418e-02 +3.937319418e-02 -4.583006268e+02 -4.583006268e+02
855618 +2.447524599e-02 +2.447524599e-02 -4.583155248e+02 -4.583155248e+02
858801 +1.582789838e-02 +1.582789838e-02 -4.583241721e+02 -4.583241721e+02
864414 +9.983107451e-03 +9.983107451e-03 -4.583300169e+02 -4.583300169e+02
868813 +6.268976379e-03 +6.268976379e-03 -4.583337310e+02 -4.583337310e+02
871202 +3.896454871e-03 +3.896454871e-03 -4.583361035e+02 -4.583361035e+02
874801 +2.380424383e-03 +2.380424383e-03 -4.583376196e+02 -4.583376196e+02
877206 +1.494505524e-03 +1.494505524e-03 -4.583385055e+02 -4.583385055e+02
879265 +9.409791516e-04 +9.409791516e-04 -4.583390590e+02 -4.583390590e+02
881603 +6.146715488e-04 +6.146715488e-04 -4.583393853e+02 -4.583393853e+02
883605 +3.825471102e-04 +3.825471102e-04 -4.583396175e+02 -4.583396175e+02
885201 +2.481653327e-04 +2.481653327e-04 -4.583397518e+02 -4.583397518e+02
887486 +1.573165273e-04 +1.573165273e-04 -4.583398427e+02 -4.583398427e+02
889410 +9.291880679e-05 +9.291880679e-05 -4.583399071e+02 -4.583399071e+02
891458 +6.093432910e-05 +6.093432910e-05 -4.583399391e+02 -4.583399391e+02
893202 +3.828657816e-05 +3.828657816e-05 -4.583399617e+02 -4.583399617e+02
895601 +2.460983745e-05 +2.460983745e-05 -4.583399754e+02 -4.583399754e+02
897610 +1.455151261e-05 +1.455151261e-05 -4.583399854e+02 -4.583399854e+02
899426 +9.429020565e-06 +9.429020565e-06 -4.583399906e+02 -4.583399906e+02
900811 +5.828007716e-06 +5.828007716e-06 -4.583399942e+02 -4.583399942e+02
902601 +3.539436591e-06 +3.539436591e-06 -4.583399965e+02 -4.583399965e+02
904406 +2.394773958e-06 +2.394773958e-06 -4.583399976e+02 -4.583399976e+02
906042 +1.572693691e-06 +1.572693691e-06 -4.583399984e+02 -4.583399984e+02
907802 +9.578263303e-07 +9.578263303e-07 -4.583399990e+02 -4.583399990e+02
909701 +6.298173503e-07 +6.298173503e-07 -4.583399994e+02 -4.583399994e+02
911210 +3.819995413e-07 +3.819995413e-07 -4.583399996e+02 -4.583399996e+02
913001 +2.493038096e-07 +2.493038096e-07 -4.583399998e+02 -4.583399998e+02
914247 +1.567349273e-07 +1.567349273e-07 -4.583399998e+02 -4.583399998e+02
916401 +9.356728015e-08 +9.356728015e-08 -4.583399999e+02 -4.583399999e+02
918725 +6.253696938e-08 +6.253696938e-08 -4.583399999e+02 -4.583399999e+02
920246 +3.900112233e-08 +3.900112233e-08 -4.583400000e+02 -4.583400000e+02
922603 +2.451093906e-08 +2.451093906e-08 -4.583400000e+02 -4.583400000e+02
924206 +1.559419616e-08 +1.559419616e-08 -4.583400000e+02 -4.583400000e+02
926801 +9.571238024e-09 +9.571238024e-09 -4.583400000e+02 -4.583400000e+02
% function evaluation | noise-free fitness - Fopt (2.188100000000e+02) | best noise-free fitness - Fopt | measured fitness | best measured fitness | x1 | x2...
1 +1.054536337e+06 +1.054536337e+06 +1.054755147e+06 +1.054755147e+06
4 +4.242106779e+05 +4.242106779e+05 +4.244294879e+05 +4.244294879e+05
59 +3.628547374e+05 +3.628547374e+05 +3.630735474e+05 +3.630735474e+05
206 +2.022585380e+05 +2.022585380e+05 +2.024773480e+05 +2.024773480e+05
805 +1.200391559e+05 +1.200391559e+05 +1.202579659e+05 +1.202579659e+05
1046 +5.778556410e+04 +5.778556410e+04 +5.800437410e+04 +5.800437410e+04
2406 +3.809041788e+04 +3.809041788e+04 +3.830922788e+04 +3.830922788e+04
3006 +2.379993529e+04 +2.379993529e+04 +2.401874529e+04 +2.401874529e+04
3414 +1.242631667e+04 +1.242631667e+04 +1.264512667e+04 +1.264512667e+04
4005 +8.310264265e+03 +8.310264265e+03 +8.529074265e+03 +8.529074265e+03
4820 +5.760574690e+03 +5.760574690e+03 +5.979384690e+03 +5.979384690e+03
6014 +3.643523993e+03 +3.643523993e+03 +3.862333993e+03 +3.862333993e+03
6601 +2.024359617e+03 +2.024359617e+03 +2.243169617e+03 +2.243169617e+03
7661 +1.515180300e+03 +1.515180300e+03 +1.733990300e+03 +1.733990300e+03
8201 +8.975993861e+02 +8.975993861e+02 +1.116409386e+03 +1.116409386e+03
9203 +5.987530590e+02 +5.987530590e+02 +8.175630590e+02 +8.175630590e+02
10001 +3.730958180e+02 +3.730958180e+02 +5.919058180e+02 +5.919058180e+02
12001 +2.202754445e+02 +2.202754445e+02 +4.390854445e+02 +4.390854445e+02
13401 +1.492087236e+02 +1.492087236e+02 +3.680187236e+02 +3.680187236e+02
15510 +9.695274148e+01 +9.695274148e+01 +3.157627415e+02 +3.157627415e+02
17204 +6.104510639e+01 +6.104510639e+01 +2.798551064e+02 +2.798551064e+02
25008 +3.976273289e+01 +3.976273289e+01 +2.585727329e+02 +2.585727329e+02
348407 +2.511462996e+01 +2.511462996e+01 +2.439246300e+02 +2.439246300e+02
497203 +1.584504208e+01 +1.584504208e+01 +2.346550421e+02 +2.346550421e+02
586803 +9.998650133e+00 +9.998650133e+00 +2.288086501e+02 +2.288086501e+02
641222 +6.308221504e+00 +6.308221504e+00 +2.251182215e+02 +2.251182215e+02
679201 +3.972511151e+00 +3.972511151e+00 +2.227825112e+02 +2.227825112e+02
703419 +2.511873876e+00 +2.511873876e+00 +2.213218739e+02 +2.213218739e+02
718411 +1.582634653e+00 +1.582634653e+00 +2.203926347e+02 +2.203926347e+02
731012 +9.922348518e-01 +9.922348518e-01 +2.198022349e+02 +2.198022349e+02
745206 +6.288852427e-01 +6.288852427e-01 +2.194388852e+02 +2.194388852e+02
753202 +3.911387134e-01 +3.911387134e-01 +2.192011387e+02 +2.192011387e+02
761002 +2.491948718e-01 +2.491948718e-01 +2.190591949e+02 +2.190591949e+02
774228 +1.580365069e-01 +1.580365069e-01 +2.189680365e+02 +2.189680365e+02
782611 +9.992292507e-02 +9.992292507e-02 +2.189099229e+02 +2.189099229e+02
787818 +6.222429758e-02 +6.222429758e-02 +2.188722243e+02 +2.188722243e+02
791441 +3.908440256e-02 +3.908440256e-02 +2.188490844e+02 +2.188490844e+02
794805 +2.452352000e-02 +2.452352000e-02 +2.188345235e+02 +2.188345235e+02
798826 +1.561396584e-02 +1.561396584e-02 +2.188256140e+02 +2.188256140e+02
803210 +9.842103150e-03 +9.842103150e-03 +2.188198421e+02 +2.188198421e+02
806175 +6.188550119e-03 +6.188550119e-03 +2.188161886e+02 +2.188161886e+02
808411 +3.926315565e-03 +3.926315565e-03 +2.188139263e+02 +2.188139263e+02
810361 +2.378225627e-03 +2.378225627e-03 +2.188123782e+02 +2.188123782e+02
811064 +1.545234651e-03 +1.545234651e-03 +2.188115452e+02 +2.188115452e+02
813606 +9.781933623e-04 +9.781933623e-04 +2.188109782e+02 +2.188109782e+02
815802 +6.214901221e-04 +6.214901221e-04 +2.188106215e+02 +2.188106215e+02
817401 +3.838487152e-04 +3.838487152e-04 +2.188103838e+02 +2.188103838e+02
818601 +2.511570743e-04 +2.511570743e-04 +2.188102512e+02 +2.188102512e+02
821616 +1.574378213e-04 +1.574378213e-04 +2.188101574e+02 +2.188101574e+02
824203 +9.906941790e-05 +9.906941790e-05 +2.188100991e+02 +2.188100991e+02
826229 +6.291866950e-05 +6.291866950e-05 +2.188100629e+02 +2.188100629e+02
829034 +3.928412471e-05 +3.928412471e-05 +2.188100393e+02 +2.188100393e+02
831272 +2.377231382e-05 +2.377231382e-05 +2.188100238e+02 +2.188100238e+02
832813 +1.519790544e-05 +1.519790544e-05 +2.188100152e+02 +2.188100152e+02
834404 +9.817545561e-06 +9.817545561e-06 +2.188100098e+02 +2.188100098e+02
835973 +6.286780319e-06 +6.286780319e-06 +2.188100063e+02 +2.188100063e+02
837204 +3.917468433e-06 +3.917468433e-06 +2.188100039e+02 +2.188100039e+02
838604 +2.381544675e-06 +2.381544675e-06 +2.188100024e+02 +2.188100024e+02
840215 +1.551776791e-06 +1.551776791e-06 +2.188100016e+02 +2.188100016e+02
842006 +9.989881562e-07 +9.989881562e-07 +2.188100010e+02 +2.188100010e+02
844599 +6.283000005e-07 +6.283000005e-07 +2.188100006e+02 +2.188100006e+02
847861 +3.852833856e-07 +3.852833856e-07 +2.188100004e+02 +2.188100004e+02
851401 +2.506218664e-07 +2.506218664e-07 +2.188100003e+02 +2.188100003e+02
856496 +1.574607893e-07 +1.574607893e-07 +2.188100002e+02 +2.188100002e+02
865842 +9.995940786e-08 +9.995940786e-08 +2.188100001e+02 +2.188100001e+02
876801 +6.200298230e-08 +6.200298230e-08 +2.188100001e+02 +2.188100001e+02
886026 +3.930037451e-08 +3.930037451e-08 +2.188100000e+02 +2.188100000e+02
891209 +2.482056516e-08 +2.482056516e-08 +2.188100000e+02 +2.188100000e+02
895601 +1.573863528e-08 +1.573863528e-08 +2.188100000e+02 +2.188100000e+02
898628 +9.872707096e-09 +9.872707096e-09 +2.188100000e+02 +2.188100000e+02
% function evaluation | noise-free fitness - Fopt (-1.613100000000e+02) | best noise-free fitness - Fopt | measured fitness | best measured fitness | x1 | x2...
1 +7.117610675e+05 +7.117610675e+05 +7.115997575e+05 +7.115997575e+05
7 +5.690738996e+05 +5.690738996e+05 +5.689125896e+05 +5.689125896e+05
14 +1.819961107e+05 +1.819961107e+05 +1.818348007e+05 +1.818348007e+05
401 +1.214792971e+05 +1.214792971e+05 +1.213179871e+05 +1.213179871e+05
1203 +9.558882304e+04 +9.558882304e+04 +9.542751304e+04 +9.542751304e+04
1416 +3.839398184e+04 +3.839398184e+04 +3.823267184e+04 +3.823267184e+04
2408 +2.384736071e+04 +2.384736071e+04 +2.368605071e+04 +2.368605071e+04
3469 +1.294045191e+04 +1.294045191e+04 +1.277914191e+04 +1.277914191e+04
4001 +9.705994481e+03 +9.705994481e+03 +9.544684481e+03 +9.544684481e+03
5223 +5.995463832e+03 +5.995463832e+03 +5.834153832e+03 +5.834153832e+03
5620 +3.857985948e+03 +3.857985948e+03 +3.696675948e+03 +3.696675948e+03
6406 +2.009860060e+03 +2.009860060e+03 +1.848550060e+03 +1.848550060e+03
6802 +1.421761272e+03 +1.421761272e+03 +1.260451272e+03 +1.260451272e+03
7614 +9.181348041e+02 +9.181348041e+02 +7.568248041e+02 +7.568248041e+02
8405 +6.220721941e+02 +6.220721941e+02 +4.607621941e+02 +4.607621941e+02
9801 +3.697485241e+02 +3.697485241e+02 +2.084385241e+02 +2.084385241e+02
11405 +2.250066132e+02 +2.250066132e+02 +6.369661316e+01 +6.369661316e+01
12803 +1.552273950e+02 +1.552273950e+02 -6.082604986e+00 -6.082604986e+00
14402 +9.987356544e+01 +9.987356544e+01 -6.143643456e+01 -6.143643456e+01
16401 +6.270568758e+01 +6.270568758e+01 -9.860431242e+01 -9.860431242e+01
23602 +3.962609247e+01 +3.962609247e+01 -1.216839075e+02 -1.216839075e+02
408789 +2.511800688e+01 +2.511800688e+01 -1.361919931e+02 -1.361919931e+02
545022 +1.584509871e+01 +1.584509871e+01 -1.454649013e+02 -1.454649013e+02
651602 +9.981973517e+00 +9.981973517e+00 -1.513280265e+02 -1.513280265e+02
718803 +6.304077430e+00 +6.304077430e+00 -1.550059226e+02 -1.550059226e+02
763811 +3.972144138e+00 +3.972144138e+00 -1.573378559e+02 -1.573378559e+02
784002 +2.502387291e+00 +2.502387291e+00 -1.588076127e+02 -1.588076127e+02
800801 +1.582762868e+00 +1.582762868e+00 -1.597272371e+02 -1.597272371e+02
815602 +9.881278689e-01 +9.881278689e-01 -1.603218721e+02 -1.603218721e+02
831449 +6.293951628e-01 +6.293951628e-01 -1.606806048e+02 -1.606806048e+02
841602 +3.963874805e-01 +3.963874805e-01 -1.609136125e+02 -1.609136125e+02
852006 +2.491658116e-01 +2.491658116e-01 -1.610608342e+02 -1.610608342e+02
861009 +1.584558591e-01 +1.584558591e-01 -1.611515441e+02 -1.611515441e+02
869401 +9.916980413e-02 +9.916980413e-02 -1.612108302e+02 -1.612108302e+02
876458 +6.291818924e-02 +6.291818924e-02 -1.612470818e+02 -1.612470818e+02
880698 +3.947638242e-02 +3.947638242e-02 -1.612705236e+02 -1.612705236e+02
885203 +2.482982023e-02 +2.482982023e-02 -1.612851702e+02 -1.612851702e+02
888701 +1.524179125e-02 +1.524179125e-02 -1.612947582e+02 -1.612947582e+02
894013 +9.991993583e-03 +9.991993583e-03 -1.613000080e+02 -1.613000080e+02
898804 +6.246140500e-03 +6.246140500e-03 -1.613037539e+02 -1.613037539e+02
901636 +3.974394501e-03 +3.974394501e-03 -1.613060256e+02 -1.613060256e+02
905025 +2.487030628e-03 +2.487030628e-03 -1.613075130e+02 -1.613075130e+02
908171 +1.556602205e-03 +1.556602205e-03 -1.613084434e+02 -1.613084434e+02
910229 +9.889861021e-04 +9.889861021e-04 -1.613090110e+02 -1.613090110e+02
914007 +5.729736725e-04 +5.729736725e-04 -1.613094270e+02 -1.613094270e+02
916660 +3.920035711e-04 +3.920035711e-04 -1.613096080e+02 -1.613096080e+02
918611 +2.382549929e-04 +2.382549929e-04 -1.613097617e+02 -1.613097617e+02
920127 +1.565473226e-04 +1.565473226e-04 -1.613098435e+02 -1.613098435e+02
921608 +9.836851748e-05 +9.836851748e-05 -1.613099016e+02 -1.613099016e+02
923006 +6.096720884e-05 +6.096720884e-05 -1.613099390e+02 -1.613099390e+02
924407 +3.819316296e-05 +3.819316296e-05 -1.613099618e+02 -1.613099618e+02
925493 +2.224170782e-05 +2.224170782e-05 -1.613099778e+02 -1.613099778e+02
926481 +1.379324124e-05 +1.379324124e-05 -1.613099862e+02 -1.613099862e+02
927801 +9.193231620e-06 +9.193231620e-06 -1.613099908e+02 -1.613099908e+02
928815 +6.084561079e-06 +6.084561079e-06 -1.613099939e+02 -1.613099939e+02
930232 +3.928290369e-06 +3.928290369e-06 -1.613099961e+02 -1.613099961e+02
931692 +2.507820653e-06 +2.507820653e-06 -1.613099975e+02 -1.613099975e+02
933410 +1.428954334e-06 +1.428954334e-06 -1.613099986e+02 -1.613099986e+02
934695 +9.854246912e-07 +9.854246912e-07 -1.613099990e+02 -1.613099990e+02
936234 +6.128991572e-07 +6.128991572e-07 -1.613099994e+02 -1.613099994e+02
938494 +3.961906430e-07 +3.961906430e-07 -1.613099996e+02 -1.613099996e+02
940410 +2.491358373e-07 +2.491358373e-07 -1.613099998e+02 -1.613099998e+02
941803 +1.570878112e-07 +1.570878112e-07 -1.613099998e+02 -1.613099998e+02
943630 +9.997080497e-08 +9.997080497e-08 -1.613099999e+02 -1.613099999e+02
945525 +5.866192510e-08 +5.866192510e-08 -1.613099999e+02 -1.613099999e+02
947442 +3.885844535e-08 +3.885844535e-08 -1.613100000e+02 -1.613100000e+02
949517 +2.442419600e-08 +2.442419600e-08 -1.613100000e+02 -1.613100000e+02
951675 +1.503289582e-08 +1.503289582e-08 -1.613100000e+02 -1.613100000e+02
953705 +9.879443041e-09 +9.879443041e-09 -1.613100000e+02 -1.613100000e+02
% function evaluation | noise-free fitness - Fopt (-1.000000000000e+03) | best noise-free fitness - Fopt | measured fitness | best measured fitness | x1 | x2...
1 +8.834356164e+05 +8.834356164e+05 +8.824356164e+05 +8.824356164e+05
2 +4.803900933e+05 +4.803900933e+05 +4.793900933e+05 +4.793900933e+05
40 +3.854838006e+05 +3.854838006e+05 +3.844838006e+05 +3.844838006e+05
201 +2.101155812e+05 +2.101155812e+05 +2.091155812e+05 +2.091155812e+05
463 +1.511655947e+05 +1.511655947e+05 +1.501655947e+05 +1.501655947e+05
838 +8.025359815e+04 +8.025359815e+04 +7.925359815e+04 +7.925359815e+04
1602 +5.888633218e+04 +5.888633218e+04 +5.788633218e+04 +5.788633218e+04
1818 +3.522664965e+04 +3.522664965e+04 +3.422664965e+04 +3.422664965e+04
3025 +1.999150716e+04 +1.999150716e+04 +1.899150716e+04 +1.899150716e+04
3605 +9.482527008e+03 +9.482527008e+03 +8.482527008e+03 +8.482527008e+03
4808 +5.058975576e+03 +5.058975576e+03 +4.058975576e+03 +4.058975576e+03
5421 +3.959109865e+03 +3.959109865e+03 +2.959109865e+03 +2.959109865e+03
6002 +2.424848648e+03 +2.424848648e+03 +1.424848648e+03 +1.424848648e+03
7205 +1.152806499e+03 +1.152806499e+03 +1.528064985e+02 +1.528064985e+02
7601 +7.274733909e+02 +7.274733909e+02 -2.725266091e+02 -2.725266091e+02
8605 +5.633037262e+02 +5.633037262e+02 -4.366962738e+02 -4.366962738e+02
9801 +3.799164921e+02 +3.799164921e+02 -6.200835079e+02 -6.200835079e+02
10604 +2.309554958e+02 +2.309554958e+02 -7.690445042e+02 -7.690445042e+02
12803 +1.247505689e+02 +1.247505689e+02 -8.752494311e+02 -8.752494311e+02
13801 +9.812290836e+01 +9.812290836e+01 -9.018770916e+02 -9.018770916e+02
15631 +6.264102208e+01 +6.264102208e+01 -9.373589779e+02 -9.373589779e+02
21409 +3.973625663e+01 +3.973625663e+01 -9.602637434e+02 -9.602637434e+02
364401 +2.508846595e+01 +2.508846595e+01 -9.749115341e+02 -9.749115341e+02
504810 +1.583424014e+01 +1.583424014e+01 -9.841657599e+02 -9.841657599e+02
608804 +9.999465801e+00 +9.999465801e+00 -9.900005342e+02 -9.900005342e+02
686816 +6.303059800e+00 +6.303059800e+00 -9.936969402e+02 -9.936969402e+02
738309 +3.978633543e+00 +3.978633543e+00 -9.960213665e+02 -9.960213665e+02
767679 +2.496186589e+00 +2.496186589e+00 -9.975038134e+02 -9.975038134e+02
785438 +1.569228972e+00 +1.569228972e+00 -9.984307710e+02 -9.984307710e+02
795632 +9.952174459e-01 +9.952174459e-01 -9.990047826e+02 -9.990047826e+02
807204 +6.304712915e-01 +6.304712915e-01 -9.993695287e+02 -9.993695287e+02
820423 +3.977173913e-01 +3.977173913e-01 -9.996022826e+02 -9.996022826e+02
828477 +2.511405119e-01 +2.511405119e-01 -9.997488595e+02 -9.997488595e+02
835874 +1.573786400e-01 +1.573786400e-01 -9.998426214e+02 -9.998426214e+02
841213 +9.949135621e-02 +9.949135621e-02 -9.999005086e+02 -9.999005086e+02
849001 +6.220273317e-02 +6.220273317e-02 -9.999377973e+02 -9.999377973e+02
854814 +3.951225724e-02 +3.951225724e-02 -9.999604877e+02 -9.999604877e+02
858813 +2.502706751e-02 +2.502706751e-02 -9.999749729e+02 -9.999749729e+02
862636 +1.555088016e-02 +1.555088016e-02 -9.999844491e+02 -9.999844491e+02
866125 +9.937683906e-03 +9.937683906e-03 -9.999900623e+02 -9.999900623e+02
870607 +6.288846595e-03 +6.288846595e-03 -9.999937112e+02 -9.999937112e+02
876062 +3.925766352e-03 +3.925766352e-03 -9.999960742e+02 -9.999960742e+02
878401 +2.152640497e-03 +2.152640497e-03 -9.999978474e+02 -9.999978474e+02
880617 +1.526533549e-03 +1.526533549e-03 -9.999984735e+02 -9.999984735e+02
882632 +9.744198278e-04 +9.744198278e-04 -9.999990256e+02 -9.999990256e+02
884634 +6.161744096e-04 +6.161744096e-04 -9.999993838e+02 -9.999993838e+02
887213 +3.973323373e-04 +3.973323373e-04 -9.999996027e+02 -9.999996027e+02
891515 +2.483393341e-04 +2.483393341e-04 -9.999997517e+02 -9.999997517e+02
895607 +1.576016130e-04 +1.576016130e-04 -9.999998424e+02 -9.999998424e+02
898799 +9.802597901e-05 +9.802597901e-05 -9.999999020e+02 -9.999999020e+02
901606 +6.296902518e-05 +6.296902518e-05 -9.999999370e+02 -9.999999370e+02
904217 +3.902798744e-05 +3.902798744e-05 -9.999999610e+02 -9.999999610e+02
907416 +2.444879408e-05 +2.444879408e-05 -9.999999756e+02 -9.999999756e+02
912002 +1.582561333e-05 +1.582561333e-05 -9.999999842e+02 -9.999999842e+02
917826 +9.978146409e-06 +9.978146409e-06 -9.999999900e+02 -9.999999900e+02
924611 +6.207891147e-06 +6.207891147e-06 -9.999999938e+02 -9.999999938e+02
927815 +3.950912969e-06 +3.950912969e-06 -9.999999960e+02 -9.999999960e+02
930403 +2.451776368e-06 +2.451776368e-06 -9.999999975e+02 -9.999999975e+02
932206 +1.538346169e-06 +1.538346169e-06 -9.999999985e+02 -9.999999985e+02
935550 +9.928761528e-07 +9.928761528e-07 -9.999999990e+02 -9.999999990e+02
937862 +6.298839708e-07 +6.298839708e-07 -9.999999994e+02 -9.999999994e+02
938827 +3.883163799e-07 +3.883163799e-07 -9.999999996e+02 -9.999999996e+02
940201 +2.499862148e-07 +2.499862148e-07 -9.999999998e+02 -9.999999998e+02
941760 +1.545060968e-07 +1.545060968e-07 -9.999999998e+02 -9.999999998e+02
943412 +9.661266631e-08 +9.661266631e-08 -9.999999999e+02 -9.999999999e+02
945801 +6.239793038e-08 +6.239793038e-08 -9.999999999e+02 -9.999999999e+02
949477 +3.862589892e-08 +3.862589892e-08 -1.000000000e+03 -1.000000000e+03
952670 +2.482511263e-08 +2.482511263e-08 -1.000000000e+03 -1.000000000e+03
956222 +1.532100669e-08 +1.532100669e-08 -1.000000000e+03 -1.000000000e+03
958467 +9.734662854e-09 +9.734662854e-09 -1.000000000e+03 -1.000000000e+03
% function evaluation | noise-free fitness - Fopt (5.350000000000e+01) | best noise-free fitness - Fopt | measured fitness | best measured fitness | x1 | x2...
1 +5.713147680e+05 +5.713147680e+05 +5.713682680e+05 +5.713682680e+05
50 +2.897771058e+05 +2.897771058e+05 +2.898306058e+05 +2.898306058e+05
201 +1.658419712e+05 +1.658419712e+05 +1.658954712e+05 +1.658954712e+05
637 +1.408013690e+05 +1.408013690e+05 +1.408548690e+05 +1.408548690e+05
1208 +5.399553918e+04 +5.399553918e+04 +5.404903918e+04 +5.404903918e+04
2613 +3.742342721e+04 +3.742342721e+04 +3.747692721e+04 +3.747692721e+04
3009 +2.189391932e+04 +2.189391932e+04 +2.194741932e+04 +2.194741932e+04
3811 +1.197287935e+04 +1.197287935e+04 +1.202637935e+04 +1.202637935e+04
4202 +8.954693125e+03 +8.954693125e+03 +9.008193125e+03 +9.008193125e+03
4833 +5.886366128e+03 +5.886366128e+03 +5.939866128e+03 +5.939866128e+03
5610 +3.972132577e+03 +3.972132577e+03 +4.025632577e+03 +4.025632577e+03
6243 +2.089842896e+03 +2.089842896e+03 +2.143342896e+03 +2.143342896e+03
7401 +1.310991810e+03 +1.310991810e+03 +1.364491810e+03 +1.364491810e+03
8003 +9.859772083e+02 +9.859772083e+02 +1.039477208e+03 +1.039477208e+03
8803 +5.066966618e+02 +5.066966618e+02 +5.601966618e+02 +5.601966618e+02
9413 +3.847158981e+02 +3.847158981e+02 +4.382158981e+02 +4.382158981e+02
11202 +2.184135017e+02 +2.184135017e+02 +2.719135017e+02 +2.719135017e+02
13401 +1.560786952e+02 +1.560786952e+02 +2.095786952e+02 +2.095786952e+02
14402 +9.628453356e+01 +9.628453356e+01 +1.497845336e+02 +1.497845336e+02
17024 +6.167189683e+01 +6.167189683e+01 +1.151718968e+02 +1.151718968e+02
23824 +3.973962201e+01 +3.973962201e+01 +9.323962201e+01 +9.323962201e+01
370872 +2.511430698e+01 +2.511430698e+01 +7.861430698e+01 +7.861430698e+01
504028 +1.583550088e+01 +1.583550088e+01 +6.933550088e+01 +6.933550088e+01
592826 +9.995631403e+00 +9.995631403e+00 +6.349563140e+01 +6.349563140e+01
653602 +6.287704736e+00 +6.287704736e+00 +5.978770474e+01 +5.978770474e+01
691880 +3.980501526e+00 +3.980501526e+00 +5.748050153e+01 +5.748050153e+01
716052 +2.501906397e+00 +2.501906397e+00 +5.600190640e+01 +5.600190640e+01
736201 +1.570900757e+00 +1.570900757e+00 +5.507090076e+01 +5.507090076e+01
752205 +9.999981020e-01 +9.999981020e-01 +5.449999810e+01 +5.449999810e+01
773627 +6.305508818e-01 +6.305508818e-01 +5.413055088e+01 +5.413055088e+01
782642 +3.978262813e-01 +3.978262813e-01 +5.389782628e+01 +5.389782628e+01
788809 +2.506253922e-01 +2.506253922e-01 +5.375062539e+01 +5.375062539e+01
795401 +1.580793629e-01 +1.580793629e-01 +5.365807936e+01 +5.365807936e+01
800401 +9.961795157e-02 +9.961795157e-02 +5.359961795e+01 +5.359961795e+01
803605 +6.307771468e-02 +6.307771468e-02 +5.356307771e+01 +5.356307771e+01
808412 +3.886632750e-02 +3.886632750e-02 +5.353886633e+01 +5.353886633e+01
812402 +2.506356112e-02 +2.506356112e-02 +5.352506356e+01 +5.352506356e+01
817262 +1.549244334e-02 +1.549244334e-02 +5.351549244e+01 +5.351549244e+01
823206 +9.871720889e-03 +9.871720889e-03 +5.350987172e+01 +5.350987172e+01
829867 +6.268500764e-03 +6.268500764e-03 +5.350626850e+01 +5.350626850e+01
834646 +3.911869193e-03 +3.911869193e-03 +5.350391187e+01 +5.350391187e+01
837619 +2.259307364e-03 +2.259307364e-03 +5.350225931e+01 +5.350225931e+01
838813 +1.419252254e-03 +1.419252254e-03 +5.350141925e+01 +5.350141925e+01
841201 +9.697129799e-04 +9.697129799e-04 +5.350096971e+01 +5.350096971e+01
843226 +6.288697132e-04 +6.288697132e-04 +5.350062887e+01 +5.350062887e+01
845280 +3.716267599e-04 +3.716267599e-04 +5.350037163e+01 +5.350037163e+01
847240 +2.386661969e-04 +2.386661969e-04 +5.350023867e+01 +5.350023867e+01
849644 +1.516862036e-04 +1.516862036e-04 +5.350015169e+01 +5.350015169e+01
852414 +9.706870841e-05 +9.706870841e-05 +5.350009707e+01 +5.350009707e+01
855453 +5.912501170e-05 +5.912501170e-05 +5.350005913e+01 +5.350005913e+01
857829 +3.876546722e-05 +3.876546722e-05 +5.350003877e+01 +5.350003877e+01
859815 +2.509633882e-05 +2.509633882e-05 +5.350002510e+01 +5.350002510e+01
862437 +1.497522861e-05 +1.497522861e-05 +5.350001498e+01 +5.350001498e+01
865202 +9.987481647e-06 +9.987481647e-06 +5.350000999e+01 +5.350000999e+01
867644 +6.277347104e-06 +6.277347104e-06 +5.350000628e+01 +5.350000628e+01
871604 +3.964422831e-06 +3.964422831e-06 +5.350000396e+01 +5.350000396e+01
876636 +2.497481951e-06 +2.497481951e-06 +5.350000250e+01 +5.350000250e+01
880278 +1.548037851e-06 +1.548037851e-06 +5.350000155e+01 +5.350000155e+01
883202 +9.867447517e-07 +9.867447517e-07 +5.350000099e+01 +5.350000099e+01
885420 +6.209040606e-07 +6.209040606e-07 +5.350000062e+01 +5.350000062e+01
887212 +3.753861577e-07 +3.753861577e-07 +5.350000038e+01 +5.350000038e+01
889640 +2.449730658e-07 +2.449730658e-07 +5.350000024e+01 +5.350000024e+01
893645 +1.556315397e-07 +1.556315397e-07 +5.350000016e+01 +5.350000016e+01
925003 +9.985735971e-08 +9.985735971e-08 +5.350000010e+01 +5.350000010e+01
934012 +6.241169359e-08 +6.241169359e-08 +5.350000006e+01 +5.350000006e+01
939435 +3.933229209e-08 +3.933229209e-08 +5.350000004e+01 +5.350000004e+01
943001 +2.490980933e-08 +2.490980933e-08 +5.350000002e+01 +5.350000002e+01
945973 +1.515557102e-08 +1.515557102e-08 +5.350000002e+01 +5.350000002e+01
948459 +9.864450590e-09 +9.864450590e-09 +5.350000001e+01 +5.350000001e+01
% function evaluation | noise-free fitness - Fopt (-1.700600000000e+02) | best noise-free fitness - Fopt | measured fitness | best measured fitness | x1 | x2...
1 +8.144109025e+05 +8.144109025e+05 +8.142408425e+05 +8.142408425e+05
4 +5.190129276e+05 +5.190129276e+05 +5.188428676e+05 +5.188428676e+05
31 +3.897150777e+05 +3.897150777e+05 +3.895450177e+05 +3.895450177e+05
276 +2.340319176e+05 +2.340319176e+05 +2.338618576e+05 +2.338618576e+05
802 +1.541476739e+05 +1.541476739e+05 +1.539776139e+05 +1.539776139e+05
1409 +7.255991254e+04 +7.255991254e+04 +7.238985254e+04 +7.238985254e+04
1801 +5.108332223e+04 +5.108332223e+04 +5.091326223e+04 +5.091326223e+04
2236 +3.970319052e+04 +3.970319052e+04 +3.953313052e+04 +3.953313052e+04
2831 +2.100599568e+04 +2.100599568e+04 +2.083593568e+04 +2.083593568e+04
3212 +1.297006501e+04 +1.297006501e+04 +1.280000501e+04 +1.280000501e+04
4014 +9.822979312e+03 +9.822979312e+03 +9.652919312e+03 +9.652919312e+03
4801 +5.928107999e+03 +5.928107999e+03 +5.758047999e+03 +5.758047999e+03
5447 +3.779693276e+03 +3.779693276e+03 +3.609633276e+03 +3.609633276e+03
6413 +2.147496577e+03 +2.147496577e+03 +1.977436577e+03 +1.977436577e+03
6829 +1.531100050e+03 +1.531100050e+03 +1.361040050e+03 +1.361040050e+03
8003 +9.871785829e+02 +9.871785829e+02 +8.171185829e+02 +8.171185829e+02
8612 +5.839166085e+02 +5.839166085e+02 +4.138566085e+02 +4.138566085e+02
9817 +2.831251692e+02 +2.831251692e+02 +1.130651692e+02 +1.130651692e+02
10601 +2.498003381e+02 +2.498003381e+02 +7.974033811e+01 +7.974033811e+01
12602 +1.578576928e+02 +1.578576928e+02 -1.220230724e+01 -1.220230724e+01
14402 +9.569252268e+01 +9.569252268e+01 -7.436747732e+01 -7.436747732e+01
16603 +6.235249770e+01 +6.235249770e+01 -1.077075023e+02 -1.077075023e+02
23607 +3.975513537e+01 +3.975513537e+01 -1.303048646e+02 -1.303048646e+02
421021 +2.510920272e+01 +2.510920272e+01 -1.449507973e+02 -1.449507973e+02
561031 +1.584567076e+01 +1.584567076e+01 -1.542143292e+02 -1.542143292e+02
651812 +9.999673965e+00 +9.999673965e+00 -1.600603260e+02 -1.600603260e+02
705096 +6.287130163e+00 +6.287130163e+00 -1.637728698e+02 -1.637728698e+02
750003 +3.980155395e+00 +3.980155395e+00 -1.660798446e+02 -1.660798446e+02
776266 +2.509961210e+00 +2.509961210e+00 -1.675500388e+02 -1.675500388e+02
792602 +1.580299241e+00 +1.580299241e+00 -1.684797008e+02 -1.684797008e+02
809002 +9.902751164e-01 +9.902751164e-01 -1.690697249e+02 -1.690697249e+02
826001 +6.305558326e-01 +6.305558326e-01 -1.694294442e+02 -1.694294442e+02
838411 +3.961602646e-01 +3.961602646e-01 -1.696638397e+02 -1.696638397e+02
843603 +2.494367531e-01 +2.494367531e-01 -1.698105632e+02 -1.698105632e+02
851006 +1.570951048e-01 +1.570951048e-01 -1.699029049e+02 -1.699029049e+02
857602 +9.871941038e-02 +9.871941038e-02 -1.699612806e+02 -1.699612806e+02
866066 +6.284398813e-02 +6.284398813e-02 -1.699971560e+02 -1.699971560e+02
871814 +3.960047819e-02 +3.960047819e-02 -1.700203995e+02 -1.700203995e+02
879330 +2.499138402e-02 +2.499138402e-02 -1.700350086e+02 -1.700350086e+02
886221 +1.558793142e-02 +1.558793142e-02 -1.700444121e+02 -1.700444121e+02
890405 +9.809646143e-03 +9.809646143e-03 -1.700501904e+02 -1.700501904e+02
892807 +6.245343963e-03 +6.245343963e-03 -1.700537547e+02 -1.700537547e+02
896037 +3.954220542e-03 +3.954220542e-03 -1.700560458e+02 -1.700560458e+02
898608 +2.469971995e-03 +2.469971995e-03 -1.700575300e+02 -1.700575300e+02
901201 +1.558108451e-03 +1.558108451e-03 -1.700584419e+02 -1.700584419e+02
903608 +9.947447727e-04 +9.947447727e-04 -1.700590053e+02 -1.700590053e+02
905034 +6.009651148e-04 +6.009651148e-04 -1.700593990e+02 -1.700593990e+02
907042 +3.750505079e-04 +3.750505079e-04 -1.700596249e+02 -1.700596249e+02
909240 +2.461591728e-04 +2.461591728e-04 -1.700597538e+02 -1.700597538e+02
910918 +1.529621833e-04 +1.529621833e-04 -1.700598470e+02 -1.700598470e+02
912401 +9.419286837e-05 +9.419286837e-05 -1.700599058e+02 -1.700599058e+02
914404 +6.220869579e-05 +6.220869579e-05 -1.700599378e+02 -1.700599378e+02
915824 +3.850166186e-05 +3.850166186e-05 -1.700599615e+02 -1.700599615e+02
917215 +2.202330933e-05 +2.202330933e-05 -1.700599780e+02 -1.700599780e+02
918810 +1.562325363e-05 +1.562325363e-05 -1.700599844e+02 -1.700599844e+02
920401 +9.457526374e-06 +9.457526374e-06 -1.700599905e+02 -1.700599905e+02
921882 +5.959987277e-06 +5.959987277e-06 -1.700599940e+02 -1.700599940e+02
923015 +3.778442903e-06 +3.778442903e-06 -1.700599962e+02 -1.700599962e+02
924240 +2.310843172e-06 +2.310843172e-06 -1.700599977e+02 -1.700599977e+02
925617 +1.542066968e-06 +1.542066968e-06 -1.700599985e+02 -1.700599985e+02
927005 +9.197395059e-07 +9.197395059e-07 -1.700599991e+02 -1.700599991e+02
928988 +6.258708822e-07 +6.258708822e-07 -1.700599994e+02 -1.700599994e+02
931090 +3.944089144e-07 +3.944089144e-07 -1.700599996e+02 -1.700599996e+02
933801 +2.482898651e-07 +2.482898651e-07 -1.700599998e+02 -1.700599998e+02
935801 +1.530963516e-07 +1.530963516e-07 -1.700599998e+02 -1.700599998e+02
937881 +9.843455473e-08 +9.843455473e-08 -1.700599999e+02 -1.700599999e+02
939869 +6.054392543e-08 +6.054392543e-08 -1.700599999e+02 -1.700599999e+02
942402 +3.739927479e-08 +3.739927479e-08 -1.700600000e+02 -1.700600000e+02
944808 +2.487374218e-08 +2.487374218e-08 -1.700600000e+02 -1.700600000e+02
950875 +1.581997822e-08 +1.581997822e-08 -1.700600000e+02 -1.700600000e+02
978804 +9.994721495e-09 +9.994721495e-09 -1.700600000e+02 -1.700600000e+02
% function evaluation | noise-free fitness - Fopt (3.780000000000e+01) | best noise-free fitness - Fopt | measured fitness | best measured fitness | x1 | x2...
1 +6.239369960e+05 +6.239369960e+05 +6.239747960e+05 +6.239747960e+05
6 +3.389689187e+05 +3.389689187e+05 +3.390067187e+05 +3.390067187e+05
73 +2.378293016e+05 +2.378293016e+05 +2.378671016e+05 +2.378671016e+05
603 +1.539772565e+05 +1.539772565e+05 +1.540150565e+05 +1.540150565e+05
1222 +9.034678740e+04 +9.034678740e+04 +9.038458740e+04 +9.038458740e+04
2003 +3.568164714e+04 +3.568164714e+04 +3.571944714e+04 +3.571944714e+04
3218 +2.070045817e+04 +2.070045817e+04 +2.073825817e+04 +2.073825817e+04
3804 +1.419470180e+04 +1.419470180e+04 +1.423250180e+04 +1.423250180e+04
4002 +7.404952729e+03 +7.404952729e+03 +7.442752729e+03 +7.442752729e+03
4803 +5.550308649e+03 +5.550308649e+03 +5.588108649e+03 +5.588108649e+03
5402 +2.913436953e+03 +2.913436953e+03 +2.951236953e+03 +2.951236953e+03
6018 +2.405883717e+03 +2.405883717e+03 +2.443683717e+03 +2.443683717e+03
6602 +1.541147467e+03 +1.541147467e+03 +1.578947467e+03 +1.578947467e+03
7805 +9.340923949e+02 +9.340923949e+02 +9.718923949e+02 +9.718923949e+02
8801 +6.191061504e+02 +6.191061504e+02 +6.569061504e+02 +6.569061504e+02
9801 +3.608841968e+02 +3.608841968e+02 +3.986841968e+02 +3.986841968e+02
10801 +1.873178688e+02 +1.873178688e+02 +2.251178688e+02 +2.251178688e+02
13201 +1.461621407e+02 +1.461621407e+02 +1.839621407e+02 +1.839621407e+02
14401 +9.773435073e+01 +9.773435073e+01 +1.355343507e+02 +1.355343507e+02
17205 +6.285860952e+01 +6.285860952e+01 +1.006586095e+02 +1.006586095e+02
23816 +3.980275661e+01 +3.980275661e+01 +7.760275661e+01 +7.760275661e+01
409603 +2.511721841e+01 +2.511721841e+01 +6.291721841e+01 +6.291721841e+01
540436 +1.584786788e+01 +1.584786788e+01 +5.364786788e+01 +5.364786788e+01
644217 +9.995646074e+00 +9.995646074e+00 +4.779564607e+01 +4.779564607e+01
705015 +6.308395774e+00 +6.308395774e+00 +4.410839577e+01 +4.410839577e+01
751006 +3.978636644e+00 +3.978636644e+00 +4.177863664e+01 +4.177863664e+01
775440 +2.510232833e+00 +2.510232833e+00 +4.031023283e+01 +4.031023283e+01
791001 +1.582758416e+00 +1.582758416e+00 +3.938275842e+01 +3.938275842e+01
802602 +9.872384684e-01 +9.872384684e-01 +3.878723847e+01 +3.878723847e+01
814482 +6.263139238e-01 +6.263139238e-01 +3.842631392e+01 +3.842631392e+01
825006 +3.958078374e-01 +3.958078374e-01 +3.819580784e+01 +3.819580784e+01
837601 +2.505771506e-01 +2.505771506e-01 +3.805057715e+01 +3.805057715e+01
847601 +1.582176072e-01 +1.582176072e-01 +3.795821761e+01 +3.795821761e+01
854479 +9.897231931e-02 +9.897231931e-02 +3.789897232e+01 +3.789897232e+01
862205 +6.265469215e-02 +6.265469215e-02 +3.786265469e+01 +3.786265469e+01
870048 +3.953782596e-02 +3.953782596e-02 +3.783953783e+01 +3.783953783e+01
876811 +2.460885337e-02 +2.460885337e-02 +3.782460885e+01 +3.782460885e+01
881676 +1.576320356e-02 +1.576320356e-02 +3.781576320e+01 +3.781576320e+01
885201 +9.801885789e-03 +9.801885789e-03 +3.780980189e+01 +3.780980189e+01
888418 +6.207394084e-03 +6.207394084e-03 +3.780620739e+01 +3.780620739e+01
890214 +3.979352957e-03 +3.979352957e-03 +3.780397935e+01 +3.780397935e+01
892411 +2.368717927e-03 +2.368717927e-03 +3.780236872e+01 +3.780236872e+01
894407 +1.579742119e-03 +1.579742119e-03 +3.780157974e+01 +3.780157974e+01
896413 +9.753297888e-04 +9.753297888e-04 +3.780097533e+01 +3.780097533e+01
899602 +6.279047803e-04 +6.279047803e-04 +3.780062790e+01 +3.780062790e+01
901632 +3.965782648e-04 +3.965782648e-04 +3.780039658e+01 +3.780039658e+01
903608 +2.484394617e-04 +2.484394617e-04 +3.780024844e+01 +3.780024844e+01
905750 +1.566327573e-04 +1.566327573e-04 +3.780015663e+01 +3.780015663e+01
907203 +9.855974306e-05 +9.855974306e-05 +3.780009856e+01 +3.780009856e+01
908807 +6.295188233e-05 +6.295188233e-05 +3.780006295e+01 +3.780006295e+01
911267 +3.849186913e-05 +3.849186913e-05 +3.780003849e+01 +3.780003849e+01
913457 +2.458712662e-05 +2.458712662e-05 +3.780002459e+01 +3.780002459e+01
915426 +1.580062885e-05 +1.580062885e-05 +3.780001580e+01 +3.780001580e+01
918417 +9.500233183e-06 +9.500233183e-06 +3.780000950e+01 +3.780000950e+01
921443 +6.283593322e-06 +6.283593322e-06 +3.780000628e+01 +3.780000628e+01
925204 +3.900773443e-06 +3.900773443e-06 +3.780000390e+01 +3.780000390e+01
927831 +2.508609725e-06 +2.508609725e-06 +3.780000251e+01 +3.780000251e+01
930403 +1.584403307e-06 +1.584403307e-06 +3.780000158e+01 +3.780000158e+01
933610 +9.877656311e-07 +9.877656311e-07 +3.780000099e+01 +3.780000099e+01
937178 +6.252823042e-07 +6.252823042e-07 +3.780000063e+01 +3.780000063e+01
943044 +3.974444098e-07 +3.974444098e-07 +3.780000040e+01 +3.780000040e+01
947839 +2.505608236e-07 +2.505608236e-07 +3.780000025e+01 +3.780000025e+01
951009 +1.556993254e-07 +1.556993254e-07 +3.780000016e+01 +3.780000016e+01
954202 +9.992005090e-08 +9.992005090e-08 +3.780000010e+01 +3.780000010e+01
956464 +6.176915690e-08 +6.176915690e-08 +3.780000006e+01 +3.780000006e+01
958433 +3.911278412e-08 +3.911278412e-08 +3.780000004e+01 +3.780000004e+01
960095 +2.455892911e-08 +2.455892911e-08 +3.780000002e+01 +3.780000002e+01
961604 +1.487362056e-08 +1.487362056e-08 +3.780000001e+01 +3.780000001e+01
963001 +9.505299658e-09 +9.505299658e-09 +3.780000001e+01 +3.780000001e+01
% function evaluation | noise-free fitness - Fopt (-1.139000000000e+01) | best noise-free fitness - Fopt | measured fitness | best measured fitness | x1 | x2...
1 +9.006565748e+05 +9.006565748e+05 +9.006451848e+05 +9.006451848e+05
10 +4.008487607e+05 +4.008487607e+05 +4.008373707e+05 +4.008373707e+05
13 +3.918434970e+05 +3.918434970e+05 +3.918321070e+05 +3.918321070e+05
210 +2.276788642e+05 +2.276788642e+05 +2.276674742e+05 +2.276674742e+05
657 +1.477000394e+05 +1.477000394e+05 +1.476886494e+05 +1.476886494e+05
1014 +9.856273519e+04 +9.856273519e+04 +9.855134519e+04 +9.855134519e+04
1803 +5.861151730e+04 +5.861151730e+04 +5.860012730e+04 +5.860012730e+04
2403 +2.991826496e+04 +2.991826496e+04 +2.990687496e+04 +2.990687496e+04
2621 +2.444403743e+04 +2.444403743e+04 +2.443264743e+04 +2.443264743e+04
3608 +9.760085028e+03 +9.760085028e+03 +9.748695028e+03 +9.748695028e+03
4602 +4.769359483e+03 +4.769359483e+03 +4.757969483e+03 +4.757969483e+03
5651 +3.777064802e+03 +3.777064802e+03 +3.765674802e+03 +3.765674802e+03
6601 +2.045478734e+03 +2.045478734e+03 +2.034088734e+03 +2.034088734e+03
6810 +1.565661311e+03 +1.565661311e+03 +1.554271311e+03 +1.554271311e+03
7602 +9.472010252e+02 +9.472010252e+02 +9.358110252e+02 +9.358110252e+02
9413 +4.684136860e+02 +4.684136860e+02 +4.570236860e+02 +4.570236860e+02
10029 +3.279186441e+02 +3.279186441e+02 +3.165286441e+02 +3.165286441e+02
11615 +2.285828192e+02 +2.285828192e+02 +2.171928192e+02 +2.171928192e+02
12807 +1.476495419e+02 +1.476495419e+02 +1.362595419e+02 +1.362595419e+02
14405 +9.766381558e+01 +9.766381558e+01 +8.627381558e+01 +8.627381558e+01
16408 +6.293429127e+01 +6.293429127e+01 +5.154429127e+01 +5.154429127e+01
24404 +3.979967256e+01 +3.979967256e+01 +2.840967256e+01 +2.840967256e+01
377610 +2.511603689e+01 +2.511603689e+01 +1.372603689e+01 +1.372603689e+01
498602 +1.584678362e+01 +1.584678362e+01 +4.456783619e+00 +4.456783619e+00
586748 +9.994523929e+00 +9.994523929e+00 -1.395476071e+00 -1.395476071e+00
642212 +6.300671206e+00 +6.300671206e+00 -5.089328794e+00 -5.089328794e+00
674001 +3.971875445e+00 +3.971875445e+00 -7.418124555e+00 -7.418124555e+00
703235 +2.511752882e+00 +2.511752882e+00 -8.878247118e+00 -8.878247118e+00
723401 +1.575256004e+00 +1.575256004e+00 -9.814743996e+00 -9.814743996e+00
736479 +9.983153577e-01 +9.983153577e-01 -1.039168464e+01 -1.039168464e+01
753693 +6.306308292e-01 +6.306308292e-01 -1.075936917e+01 -1.075936917e+01
763418 +3.928399489e-01 +3.928399489e-01 -1.099716005e+01 -1.099716005e+01
770207 +2.486985645e-01 +2.486985645e-01 -1.114130144e+01 -1.114130144e+01
781543 +1.580802652e-01 +1.580802652e-01 -1.123191973e+01 -1.123191973e+01
789623 +9.966014608e-02 +9.966014608e-02 -1.129033985e+01 -1.129033985e+01
796606 +6.284353343e-02 +6.284353343e-02 -1.132715647e+01 -1.132715647e+01
802606 +3.893899784e-02 +3.893899784e-02 -1.135106100e+01 -1.135106100e+01
808613 +2.507209290e-02 +2.507209290e-02 -1.136492791e+01 -1.136492791e+01
812412 +1.530865648e-02 +1.530865648e-02 -1.137469134e+01 -1.137469134e+01
815601 +9.964794659e-03 +9.964794659e-03 -1.138003521e+01 -1.138003521e+01
818007 +5.990589322e-03 +5.990589322e-03 -1.138400941e+01 -1.138400941e+01
821014 +3.941692259e-03 +3.941692259e-03 -1.138605831e+01 -1.138605831e+01
824633 +2.458679426e-03 +2.458679426e-03 -1.138754132e+01 -1.138754132e+01
827688 +1.569931194e-03 +1.569931194e-03 -1.138843007e+01 -1.138843007e+01
829656 +9.749338642e-04 +9.749338642e-04 -1.138902507e+01 -1.138902507e+01
831646 +6.298596789e-04 +6.298596789e-04 -1.138937014e+01 -1.138937014e+01
834074 +3.692070559e-04 +3.692070559e-04 -1.138963079e+01 -1.138963079e+01
836206 +2.468547253e-04 +2.468547253e-04 -1.138975315e+01 -1.138975315e+01
839363 +1.583715572e-04 +1.583715572e-04 -1.138984163e+01 -1.138984163e+01
841416 +9.951544057e-05 +9.951544057e-05 -1.138990048e+01 -1.138990048e+01
842402 +6.202295984e-05 +6.202295984e-05 -1.138993798e+01 -1.138993798e+01
844811 +3.735129397e-05 +3.735129397e-05 -1.138996265e+01 -1.138996265e+01
846622 +2.376001659e-05 +2.376001659e-05 -1.138997624e+01 -1.138997624e+01
848401 +1.441171174e-05 +1.441171174e-05 -1.138998559e+01 -1.138998559e+01
849611 +8.420222949e-06 +8.420222949e-06 -1.138999158e+01 -1.138999158e+01
850828 +5.551450252e-06 +5.551450252e-06 -1.138999445e+01 -1.138999445e+01
852430 +3.864719462e-06 +3.864719462e-06 -1.138999614e+01 -1.138999614e+01
853922 +2.501684884e-06 +2.501684884e-06 -1.138999750e+01 -1.138999750e+01
855258 +1.580640950e-06 +1.580640950e-06 -1.138999842e+01 -1.138999842e+01
856401 +9.819546136e-07 +9.819546136e-07 -1.138999902e+01 -1.138999902e+01
858014 +5.953939795e-07 +5.953939795e-07 -1.138999940e+01 -1.138999940e+01
859405 +3.892534881e-07 +3.892534881e-07 -1.138999961e+01 -1.138999961e+01
860601 +2.481608323e-07 +2.481608323e-07 -1.138999975e+01 -1.138999975e+01
861818 +1.529330582e-07 +1.529330582e-07 -1.138999985e+01 -1.138999985e+01
863556 +9.593002126e-08 +9.593002126e-08 -1.138999990e+01 -1.138999990e+01
864803 +6.116197149e-08 +6.116197149e-08 -1.138999994e+01 -1.138999994e+01
866361 +3.641599022e-08 +3.641599022e-08 -1.138999996e+01 -1.138999996e+01
868035 +2.369782948e-08 +2.369782948e-08 -1.138999998e+01 -1.138999998e+01
869610 +1.540852246e-08 +1.540852246e-08 -1.138999998e+01 -1.138999998e+01
871206 +9.895151365e-09 +9.895151365e-09 -1.138999999e+01 -1.138999999e+01
% function evaluation | noise-free fitness - Fopt (5.650000000000e+01) | best noise-free fitness - Fopt | measured fitness | best measured fitness | x1 | x2...
1 +1.555359197e+06 +1.555359197e+06 +1.555415697e+06 +1.555415697e+06
3 +7.696876149e+05 +7.696876149e+05 +7.697441149e+05 +7.697441149e+05
4 +4.703089329e+05 +4.703089329e+05 +4.703654329e+05 +4.703654329e+05
63 +3.296217343e+05 +3.296217343e+05 +3.296782343e+05 +3.296782343e+05
205 +2.263084164e+05 +2.263084164e+05 +2.263649164e+05 +2.263649164e+05
616 +8.445193953e+04 +8.445193953e+04 +8.450843953e+04 +8.450843953e+04
1401 +5.469135724e+04 +5.469135724e+04 +5.474785724e+04 +5.474785724e+04
2201 +2.806300608e+04 +2.806300608e+04 +2.811950608e+04 +2.811950608e+04
2621 +2.039223044e+04 +2.039223044e+04 +2.044873044e+04 +2.044873044e+04
3401 +1.212277573e+04 +1.212277573e+04 +1.217927573e+04 +1.217927573e+04
3809 +7.556777326e+03 +7.556777326e+03 +7.613277326e+03 +7.613277326e+03
4827 +5.846931122e+03 +5.846931122e+03 +5.903431122e+03 +5.903431122e+03
5057 +3.931462560e+03 +3.931462560e+03 +3.987962560e+03 +3.987962560e+03
6211 +2.380246290e+03 +2.380246290e+03 +2.436746290e+03 +2.436746290e+03
7213 +1.471946858e+03 +1.471946858e+03 +1.528446858e+03 +1.528446858e+03
8208 +9.678476308e+02 +9.678476308e+02 +1.024347631e+03 +1.024347631e+03
9214 +6.142690218e+02 +6.142690218e+02 +6.707690218e+02 +6.707690218e+02
10316 +3.729587493e+02 +3.729587493e+02 +4.294587493e+02 +4.294587493e+02
11203 +2.081309999e+02 +2.081309999e+02 +2.646309999e+02 +2.646309999e+02
13202 +1.574673057e+02 +1.574673057e+02 +2.139673057e+02 +2.139673057e+02
14801 +9.952545158e+01 +9.952545158e+01 +1.560254516e+02 +1.560254516e+02
16809 +5.837299641e+01 +5.837299641e+01 +1.148729964e+02 +1.148729964e+02
23014 +3.976707408e+01 +3.976707408e+01 +9.626707408e+01 +9.626707408e+01
392001 +2.509170315e+01 +2.509170315e+01 +8.159170315e+01 +8.159170315e+01
521806 +1.584256098e+01 +1.584256098e+01 +7.234256098e+01 +7.234256098e+01
614661 +9.997912481e+00 +9.997912481e+00 +6.649791248e+01 +6.649791248e+01
678604 +6.308994664e+00 +6.308994664e+00 +6.280899466e+01 +6.280899466e+01
712620 +3.979401537e+00 +3.979401537e+00 +6.047940154e+01 +6.047940154e+01
738012 +2.505718343e+00 +2.505718343e+00 +5.900571834e+01 +5.900571834e+01
757209 +1.584053624e+00 +1.584053624e+00 +5.808405362e+01 +5.808405362e+01
775823 +9.981426430e-01 +9.981426430e-01 +5.749814264e+01 +5.749814264e+01
786619 +6.309428959e-01 +6.309428959e-01 +5.713094290e+01 +5.713094290e+01
794440 +3.966998019e-01 +3.966998019e-01 +5.689669980e+01 +5.689669980e+01
804204 +2.511401019e-01 +2.511401019e-01 +5.675114010e+01 +5.675114010e+01
813206 +1.564772613e-01 +1.564772613e-01 +5.665647726e+01 +5.665647726e+01
820018 +9.977128390e-02 +9.977128390e-02 +5.659977128e+01 +5.659977128e+01
827320 +6.306508789e-02 +6.306508789e-02 +5.656306509e+01 +5.656306509e+01
832004 +3.911470344e-02 +3.911470344e-02 +5.653911470e+01 +5.653911470e+01
835892 +2.509215660e-02 +2.509215660e-02 +5.652509216e+01 +5.652509216e+01
841437 +1.581806580e-02 +1.581806580e-02 +5.651581807e+01 +5.651581807e+01
845063 +9.884205347e-03 +9.884205347e-03 +5.650988421e+01 +5.650988421e+01
847802 +6.037820365e-03 +6.037820365e-03 +5.650603782e+01 +5.650603782e+01
849221 +3.965416455e-03 +3.965416455e-03 +5.650396542e+01 +5.650396542e+01
851401 +2.142160818e-03 +2.142160818e-03 +5.650214216e+01 +5.650214216e+01
853125 +1.491482297e-03 +1.491482297e-03 +5.650149148e+01 +5.650149148e+01
855801 +9.777512665e-04 +9.777512665e-04 +5.650097775e+01 +5.650097775e+01
857855 +6.257354278e-04 +6.257354278e-04 +5.650062574e+01 +5.650062574e+01
859072 +3.943530089e-04 +3.943530089e-04 +5.650039435e+01 +5.650039435e+01
861025 +2.495507846e-04 +2.495507846e-04 +5.650024955e+01 +5.650024955e+01
863209 +1.478513649e-04 +1.478513649e-04 +5.650014785e+01 +5.650014785e+01
865206 +9.843437202e-05 +9.843437202e-05 +5.650009843e+01 +5.650009843e+01
868003 +6.246625765e-05 +6.246625765e-05 +5.650006247e+01 +5.650006247e+01
870403 +3.944779337e-05 +3.944779337e-05 +5.650003945e+01 +5.650003945e+01
872654 +2.492423280e-05 +2.492423280e-05 +5.650002492e+01 +5.650002492e+01
874625 +1.558740565e-05 +1.558740565e-05 +5.650001559e+01 +5.650001559e+01
876205 +9.865051659e-06 +9.865051659e-06 +5.650000987e+01 +5.650000987e+01
877810 +6.177888537e-06 +6.177888537e-06 +5.650000618e+01 +5.650000618e+01
879412 +3.620612219e-06 +3.620612219e-06 +5.650000362e+01 +5.650000362e+01
881013 +2.398579198e-06 +2.398579198e-06 +5.650000240e+01 +5.650000240e+01
882405 +1.560257807e-06 +1.560257807e-06 +5.650000156e+01 +5.650000156e+01
884004 +9.517328650e-07 +9.517328650e-07 +5.650000095e+01 +5.650000095e+01
885324 +6.301298470e-07 +6.301298470e-07 +5.650000063e+01 +5.650000063e+01
887206 +3.967417399e-07 +3.967417399e-07 +5.650000040e+01 +5.650000040e+01
889279 +2.498636320e-07 +2.498636320e-07 +5.650000025e+01 +5.650000025e+01
891441 +1.539212207e-07 +1.539212207e-07 +5.650000015e+01 +5.650000015e+01
895723 +9.699945025e-08 +9.699945025e-08 +5.650000010e+01 +5.650000010e+01
899434 +6.239342554e-08 +6.239342554e-08 +5.650000006e+01 +5.650000006e+01
903242 +3.977561391e-08 +3.977561391e-08 +5.650000004e+01 +5.650000004e+01
910178 +2.503802676e-08 +2.503802676e-08 +5.650000003e+01 +5.650000003e+01
918403 +1.574545649e-08 +1.574545649e-08 +5.650000002e+01 +5.650000002e+01
924222 +9.966811376e-09 +9.966811376e-09 +5.650000001e+01 +5.650000001e+01
