% function evaluation | noise-free fitness - Fopt (-5.235000000000e+01) | best noise-free fitness - Fopt | measured fitness | best measured fitness | x1 | x2...
1 +4.196420498e+01 +4.196420498e+01 -1.038579502e+01 -1.038579502e+01 -4.7518e+00 +3.4190e+00 +4.9726e+00 +7.8123e-02 +4.9552e+00
2 +5.221591276e+00 +5.221591276e+00 -4.712840872e+01 -4.712840872e+01 -3.2494e+00 +1.4763e+00 +3.9039e+00 -4.0982e+00 -1.9670e+00
26 +3.333758867e+00 +3.333758867e+00 -4.901624113e+01 -4.901624113e+01 +1.7370e-01 +2.8148e-01 +2.9588e+00 -3.7176e+00 -2.2162e+00
133 +2.214010340e+00 +2.214010340e+00 -5.013598966e+01 -5.013598966e+01 -1.9744e+00 +6.2154e-01 +2.9748e+00 -2.0524e+00 -1.7927e+00
352 +1.199999330e+00 +1.199999330e+00 -5.115000067e+01 -5.115000067e+01 +1.9343e-01 -1.5373e+00 +1.9453e+00 -1.6558e+00 -2.1046e+00
466 +7.610452376e-01 +7.610452376e-01 -5.158895476e+01 -5.158895476e+01 -1.7534e+00 -1.8149e+00 +2.5980e+00 -2.7349e+00 -9.7419e-01
589 +3.332329983e-01 +3.332329983e-01 -5.201676700e+01 -5.201676700e+01 -1.2165e+00 -1.2195e+00 +2.3170e+00 -2.0724e+00 -1.4937e+00
876 +2.402208553e-01 +2.402208553e-01 -5.210977914e+01 -5.210977914e+01 -9.3791e-01 -1.1818e+00 +1.8762e+00 -2.5577e+00 -1.5953e+00
987 +1.364368988e-01 +1.364368988e-01 -5.221356310e+01 -5.221356310e+01 -9.8886e-01 -1.2689e+00 +2.5739e+00 -2.3985e+00 -1.9473e+00
1069 +6.539937930e-02 +6.539937930e-02 -5.228460062e+01 -5.228460062e+01 -9.5607e-01 -1.3789e+00 +2.7138e+00 -2.5237e+00 -1.8257e+00
1136 +5.349558672e-02 +5.349558672e-02 -5.229650441e+01 -5.229650441e+01 -7.4655e-01 -1.2274e+00 +2.6783e+00 -2.3574e+00 -1.5587e+00
1347 +1.297314930e-02 +1.297314930e-02 -5.233702685e+01 -5.233702685e+01 -7.9867e-01 -1.1515e+00 +2.4171e+00 -2.2493e+00 -1.4405e+00
1524 +6.692896293e-03 +6.692896293e-03 -5.234330710e+01 -5.234330710e+01 -8.2828e-01 -1.2201e+00 +2.5204e+00 -2.3056e+00 -1.5470e+00
1756 +5.931331463e-03 +5.931331463e-03 -5.234406867e+01 -5.234406867e+01 -8.9910e-01 -1.2688e+00 +2.5603e+00 -2.4159e+00 -1.4580e+00
1770 +1.237936186e-03 +1.237936186e-03 -5.234876206e+01 -5.234876206e+01 -8.6982e-01 -1.2501e+00 +2.5567e+00 -2.3370e+00 -1.5388e+00
2017 +8.742171220e-04 +8.742171220e-04 -5.234912578e+01 -5.234912578e+01 -8.8787e-01 -1.2618e+00 +2.5662e+00 -2.3821e+00 -1.5552e+00
2240 +5.455095016e-04 +5.455095016e-04 -5.234945449e+01 -5.234945449e+01 -8.8393e-01 -1.2659e+00 +2.5809e+00 -2.3650e+00 -1.5373e+00
2293 +2.376253225e-04 +2.376253225e-04 -5.234976237e+01 -5.234976237e+01 -8.6329e-01 -1.2389e+00 +2.5375e+00 -2.3490e+00 -1.5278e+00
2625 +1.477477766e-04 +1.477477766e-04 -5.234985225e+01 -5.234985225e+01 -8.7144e-01 -1.2432e+00 +2.5368e+00 -2.3593e+00 -1.5131e+00
2637 +7.844887509e-05 +7.844887509e-05 -5.234992155e+01 -5.234992155e+01 -8.6039e-01 -1.2334e+00 +2.5243e+00 -2.3375e+00 -1.5121e+00
2663 +3.716237441e-05 +3.716237441e-05 -5.234996284e+01 -5.234996284e+01 -8.6709e-01 -1.2408e+00 +2.5356e+00 -2.3494e+00 -1.5151e+00
2906 +2.318966282e-05 +2.318966282e-05 -5.234997681e+01 -5.234997681e+01 -8.7635e-01 -1.2521e+00 +2.5539e+00 -2.3640e+00 -1.5283e+00
3113 +6.638424132e-06 +6.638424132e-06 -5.234999336e+01 -5.234999336e+01 -8.6900e-01 -1.2410e+00 +2.5342e+00 -2.3562e+00 -1.5212e+00
3187 +3.263364817e-06 +3.263364817e-06 -5.234999674e+01 -5.234999674e+01 -8.6840e-01 -1.2409e+00 +2.5346e+00 -2.3537e+00 -1.5196e+00
3482 +2.210529004e-06 +2.210529004e-06 -5.234999779e+01 -5.234999779e+01 -8.6751e-01 -1.2402e+00 +2.5340e+00 -2.3523e+00 -1.5195e+00
3614 +1.094807473e-06 +1.094807473e-06 -5.234999891e+01 -5.234999891e+01 -8.7238e-01 -1.2454e+00 +2.5410e+00 -2.3591e+00 -1.5229e+00
3617 +9.816463091e-07 +9.816463091e-07 -5.234999902e+01 -5.234999902e+01 -8.7292e-01 -1.2463e+00 +2.5427e+00 -2.3598e+00 -1.5237e+00
3864 +3.741382955e-07 +3.741382955e-07 -5.234999963e+01 -5.234999963e+01 -8.7292e-01 -1.2462e+00 +2.5423e+00 -2.3600e+00 -1.5240e+00
3884 +2.012274791e-07 +2.012274791e-07 -5.234999980e+01 -5.234999980e+01 -8.7248e-01 -1.2457e+00 +2.5418e+00 -2.3598e+00 -1.5244e+00
4173 +9.165183457e-08 +9.165183457e-08 -5.234999991e+01 -5.234999991e+01 -8.7105e-01 -1.2438e+00 +2.5386e+00 -2.3578e+00 -1.5224e+00
4338 +1.772020397e-08 +1.772020397e-08 -5.234999998e+01 -5.234999998e+01 -8.7148e-01 -1.2445e+00 +2.5399e+00 -2.3583e+00 -1.5232e+00
4502 +1.489090096e-08 +1.489090096e-08 -5.234999999e+01 -5.234999999e+01 -8.7156e-01 -1.2443e+00 +2.5392e+00 -2.3586e+00 -1.5227e+00
4661 +3.486803735e-09 +3.486803735e-09 -5.235000000e+01 -5.235000000e+01 -8.7193e-01 -1.2446e+00 +2.5394e+00 -2.3592e+00 -1.5228e+00
% function evaluation | noise-free fitness - Fopt (-1.795400000000e+02) | best noise-free fitness - Fopt | measured fitness | best measured fitness | x1 | x2...
1 +8.395964571e+01 +8.395964571e+01 -9.558035429e+01 -9.558035429e+01 -4.7518e+00 +3.4190e+00 +4.9726e+00 +7.8123e-02 +4.9552e+00
4 +5.423646001e+01 +5.423646001e+01 -1.253035400e+02 -1.253035400e+02 +3.4351e+00 -4.2410e+00 -2.1758e+00 +2.0232e+00 +1.7815e+00
5 +3.323666417e+01 +3.323666417e+01 -1.463033358e+02 -1.463033358e+02 +2.1706e-01 -2.1019e+00 -3.4714e+00 +3.3948e+00 -2.2359e+00
8 +9.642512536e+00 +9.642512536e+00 -1.698974875e+02 -1.698974875e+02 -1.4197e-01 +1.5159e+00 -1.6019e+00 -4.0518e-01 +2.8696e+00
65 +5.930503625e+00 +5.930503625e+00 -1.736094964e+02 -1.736094964e+02 -1.3165e+00 -1.4407e-01 -3.2893e+00 +2.3995e+00 +5.3554e+00
224 +3.328504552e+00 +3.328504552e+00 -1.762114954e+02 -1.762114954e+02 +1.3681e+00 +1.5509e+00 -4.3010e+00 +3.2677e+00 +1.1253e+00
306 +2.390205642e+00 +2.390205642e+00 -1.771497944e+02 -1.771497944e+02 +1.9111e+00 +2.4835e-01 -2.0814e+00 +1.6570e+00 +2.9603e+00
339 +1.570680457e+00 +1.570680457e+00 -1.779693195e+02 -1.779693195e+02 +1.0039e+00 -4.5639e-01 -2.2773e+00 +2.0089e+00 +3.1134e+00
523 +8.683259029e-01 +8.683259029e-01 -1.786716741e+02 -1.786716741e+02 +1.1920e+00 +7.3807e-01 -3.2206e+00 +2.4894e+00 +4.8691e+00
629 +5.449507740e-01 +5.449507740e-01 -1.789950492e+02 -1.789950492e+02 +1.0995e+00 -6.0662e-02 -3.8635e+00 +2.4725e+00 +3.9999e+00
708 +3.127638949e-01 +3.127638949e-01 -1.792272361e+02 -1.792272361e+02 +4.4047e-01 +5.4882e-01 -3.7905e+00 +2.1011e+00 +3.7312e+00
857 +1.983253952e-01 +1.983253952e-01 -1.793416746e+02 -1.793416746e+02 +1.0116e+00 +8.8877e-01 -3.6230e+00 +2.4474e+00 +3.9406e+00
910 +1.431720430e-01 +1.431720430e-01 -1.793968280e+02 -1.793968280e+02 +9.4703e-01 +8.0132e-01 -3.5958e+00 +2.3765e+00 +3.9247e+00
1102 +8.786789972e-02 +8.786789972e-02 -1.794521321e+02 -1.794521321e+02 +8.9850e-01 +4.0213e-01 -3.5288e+00 +2.0694e+00 +3.8618e+00
1158 +5.664427506e-02 +5.664427506e-02 -1.794833557e+02 -1.794833557e+02 +5.6069e-01 +6.2538e-01 -3.4001e+00 +2.5650e+00 +4.0154e+00
1305 +1.544852246e-02 +1.544852246e-02 -1.795245515e+02 -1.795245515e+02 +8.8770e-01 +6.4450e-01 -3.4747e+00 +2.5171e+00 +3.9361e+00
1552 +7.326634957e-03 +7.326634957e-03 -1.795326734e+02 -1.795326734e+02 +8.8316e-01 +4.8942e-01 -3.4239e+00 +2.3783e+00 +3.8025e+00
1655 +3.999430479e-03 +3.999430479e-03 -1.795360006e+02 -1.795360006e+02 +8.9244e-01 +5.5530e-01 -3.4262e+00 +2.4924e+00 +3.8569e+00
1739 +3.144793883e-03 +3.144793883e-03 -1.795368552e+02 -1.795368552e+02 +8.3401e-01 +5.2240e-01 -3.4389e+00 +2.4573e+00 +3.8505e+00
1852 +1.331069692e-03 +1.331069692e-03 -1.795386689e+02 -1.795386689e+02 +8.5402e-01 +5.1046e-01 -3.4371e+00 +2.4162e+00 +3.8327e+00
2017 +4.276109981e-04 +4.276109981e-04 -1.795395724e+02 -1.795395724e+02 +8.0020e-01 +4.7385e-01 -3.4520e+00 +2.3513e+00 +3.8207e+00
2355 +2.095990589e-04 +2.095990589e-04 -1.795397904e+02 -1.795397904e+02 +7.8528e-01 +5.3758e-01 -3.4520e+00 +2.4118e+00 +3.8699e+00
2412 +1.134660311e-04 +1.134660311e-04 -1.795398865e+02 -1.795398865e+02 +7.9427e-01 +5.3950e-01 -3.4489e+00 +2.4256e+00 +3.8702e+00
2458 +4.504502871e-05 +4.504502871e-05 -1.795399550e+02 -1.795399550e+02 +8.0385e-01 +5.3105e-01 -3.4470e+00 +2.4188e+00 +3.8608e+00
2903 +3.640863312e-05 +3.640863312e-05 -1.795399636e+02 -1.795399636e+02 +7.8617e-01 +5.0711e-01 -3.4497e+00 +2.3828e+00 +3.8452e+00
2920 +1.834081158e-05 +1.834081158e-05 -1.795399817e+02 -1.795399817e+02 +7.8820e-01 +5.2618e-01 -3.4477e+00 +2.4090e+00 +3.8592e+00
3156 +1.410302536e-05 +1.410302536e-05 -1.795399859e+02 -1.795399859e+02 +7.9401e-01 +5.0874e-01 -3.4493e+00 +2.3836e+00 +3.8444e+00
3262 +8.751794496e-06 +8.751794496e-06 -1.795399912e+02 -1.795399912e+02 +7.9502e-01 +5.2128e-01 -3.4469e+00 +2.4096e+00 +3.8552e+00
3439 +5.866960151e-06 +5.866960151e-06 -1.795399941e+02 -1.795399941e+02 +7.8942e-01 +5.1640e-01 -3.4488e+00 +2.3915e+00 +3.8505e+00
3455 +3.232462973e-06 +3.232462973e-06 -1.795399968e+02 -1.795399968e+02 +7.9243e-01 +5.0996e-01 -3.4484e+00 +2.3895e+00 +3.8460e+00
3615 +2.223503856e-06 +2.223503856e-06 -1.795399978e+02 -1.795399978e+02 +7.9134e-01 +5.1086e-01 -3.4484e+00 +2.3905e+00 +3.8469e+00
3628 +1.005685959e-06 +1.005685959e-06 -1.795399990e+02 -1.795399990e+02 +7.9448e-01 +5.0968e-01 -3.4483e+00 +2.3891e+00 +3.8453e+00
3826 +9.565430048e-07 +9.565430048e-07 -1.795399990e+02 -1.795399990e+02 +7.9407e-01 +5.1817e-01 -3.4480e+00 +2.4005e+00 +3.8523e+00
3900 +2.903306608e-07 +2.903306608e-07 -1.795399997e+02 -1.795399997e+02 +7.9442e-01 +5.1528e-01 -3.4478e+00 +2.3986e+00 +3.8502e+00
4012 +2.403805013e-07 +2.403805013e-07 -1.795399998e+02 -1.795399998e+02 +7.9371e-01 +5.1546e-01 -3.4479e+00 +2.3979e+00 +3.8503e+00
4099 +1.375888985e-07 +1.375888985e-07 -1.795399999e+02 -1.795399999e+02 +7.9238e-01 +5.1133e-01 -3.4482e+00 +2.3911e+00 +3.8470e+00
4164 +8.522175676e-08 +8.522175676e-08 -1.795399999e+02 -1.795399999e+02 +7.9234e-01 +5.1322e-01 -3.4482e+00 +2.3933e+00 +3.8485e+00
4334 +3.851323527e-08 +3.851323527e-08 -1.795400000e+02 -1.795400000e+02 +7.9386e-01 +5.1235e-01 -3.4480e+00 +2.3936e+00 +3.8477e+00
4389 +1.457277676e-08 +1.457277676e-08 -1.795400000e+02 -1.795400000e+02 +7.9348e-01 +5.1337e-01 -3.4480e+00 +2.3948e+00 +3.8486e+00
4846 +9.160572745e-09 +9.160572745e-09 -1.795400000e+02 -1.795400000e+02 +7.9384e-01 +5.1458e-01 -3.4479e+00 +2.3968e+00 +3.8496e+00
% function evaluation | noise-free fitness - Fopt (7.731000000000e+01) | best noise-free fitness - Fopt | measured fitness | best measured fitness | x1 | x2...
1 +1.024552474e+02 +1.024552474e+02 +1.797652474e+02 +1.797652474e+02 -4.7518e+00 +3.4190e+00 +4.9726e+00 +7.8123e-02 +4.9552e+00
4 +3.169867224e+01 +3.169867224e+01 +1.090086722e+02 +1.090086722e+02 +3.4351e+00 -4.2410e+00 -2.1758e+00 +2.0232e+00 +1.7815e+00
5 +2.277737429e+01 +2.277737429e+01 +1.000873743e+02 +1.000873743e+02 +2.1706e-01 -2.1019e+00 -3.4714e+00 +3.3948e+00 -2.2359e+00
8 +5.978122055e+00 +5.978122055e+00 +8.328812205e+01 +8.328812205e+01 -1.4197e-01 +1.5159e+00 -1.6019e+00 -4.0518e-01 +2.8696e+00
30 +3.682327077e+00 +3.682327077e+00 +8.099232708e+01 +8.099232708e+01 -1.8212e+00 -2.9991e-01 -2.9250e+00 -5.2240e-01 -8.4945e-01
89 +1.871056598e+00 +1.871056598e+00 +7.918105660e+01 +7.918105660e+01 -3.6840e-01 +3.4560e-01 -1.4797e+00 -1.6513e+00 +1.2060e+00
310 +1.267401761e+00 +1.267401761e+00 +7.857740176e+01 +7.857740176e+01 +8.0850e-01 -5.1364e-01 -1.9016e+00 -5.5538e-01 +1.4342e+00
452 +2.361956396e-01 +2.361956396e-01 +7.754619564e+01 +7.754619564e+01 +1.2196e+00 -5.7257e-01 -2.0565e+00 -2.1091e+00 +1.0305e+00
791 +1.497231484e-01 +1.497231484e-01 +7.745972315e+01 +7.745972315e+01 +6.7528e-01 -5.7369e-01 -2.0530e+00 -2.2251e+00 +1.0033e+00
838 +8.473274348e-02 +8.473274348e-02 +7.739473274e+01 +7.739473274e+01 +9.6964e-01 -2.2000e-01 -2.3051e+00 -1.9171e+00 +1.0624e+00
1001 +6.245090539e-02 +6.245090539e-02 +7.737245091e+01 +7.737245091e+01 +1.0849e+00 -4.3658e-01 -2.0117e+00 -1.8376e+00 +9.9861e-01
1175 +2.824616581e-02 +2.824616581e-02 +7.733824617e+01 +7.733824617e+01 +7.7595e-01 -6.7523e-01 -2.1610e+00 -1.8701e+00 +1.0245e+00
1322 +1.379975167e-02 +1.379975167e-02 +7.732379975e+01 +7.732379975e+01 +8.0718e-01 -6.5963e-01 -2.1656e+00 -1.8465e+00 +1.0366e+00
1438 +1.661361152e-03 +1.661361152e-03 +7.731166136e+01 +7.731166136e+01 +8.7863e-01 -6.6493e-01 -2.1507e+00 -1.8508e+00 +1.0144e+00
1817 +1.388933223e-03 +1.388933223e-03 +7.731138893e+01 +7.731138893e+01 +8.8525e-01 -5.8927e-01 -2.0979e+00 -1.9232e+00 +9.9732e-01
1952 +9.485052411e-04 +9.485052411e-04 +7.731094851e+01 +7.731094851e+01 +8.9853e-01 -6.0439e-01 -2.1254e+00 -1.8747e+00 +1.0029e+00
1964 +4.656748099e-04 +4.656748099e-04 +7.731046567e+01 +7.731046567e+01 +8.8976e-01 -6.1485e-01 -2.0656e+00 -1.9139e+00 +9.9302e-01
2256 +6.923716583e-05 +6.923716583e-05 +7.731006924e+01 +7.731006924e+01 +8.8634e-01 -6.1150e-01 -2.1455e+00 -1.8854e+00 +1.0056e+00
2672 +3.346755464e-05 +3.346755464e-05 +7.731003347e+01 +7.731003347e+01 +8.9877e-01 -5.9152e-01 -2.1448e+00 -1.8906e+00 +1.0004e+00
2811 +2.246771190e-05 +2.246771190e-05 +7.731002247e+01 +7.731002247e+01 +8.9070e-01 -6.1816e-01 -2.1209e+00 -1.8859e+00 +1.0020e+00
2907 +1.537339253e-05 +1.537339253e-05 +7.731001537e+01 +7.731001537e+01 +8.9209e-01 -6.1017e-01 -2.1249e+00 -1.8892e+00 +1.0014e+00
3008 +4.824684382e-06 +4.824684382e-06 +7.731000482e+01 +7.731000482e+01 +8.9530e-01 -6.0414e-01 -2.1409e+00 -1.8841e+00 +1.0024e+00
3234 +3.249484735e-06 +3.249484735e-06 +7.731000325e+01 +7.731000325e+01 +8.9266e-01 -6.1123e-01 -2.1258e+00 -1.8870e+00 +1.0017e+00
3470 +1.552133341e-06 +1.552133341e-06 +7.731000155e+01 +7.731000155e+01 +8.9618e-01 -6.0680e-01 -2.1259e+00 -1.8876e+00 +1.0003e+00
3752 +7.396536148e-07 +7.396536148e-07 +7.731000074e+01 +7.731000074e+01 +8.9464e-01 -6.0863e-01 -2.1302e+00 -1.8856e+00 +1.0016e+00
3893 +2.258368283e-07 +2.258368283e-07 +7.731000023e+01 +7.731000023e+01 +8.9546e-01 -6.0710e-01 -2.1270e+00 -1.8875e+00 +1.0007e+00
3956 +1.284991669e-07 +1.284991669e-07 +7.731000013e+01 +7.731000013e+01 +8.9480e-01 -6.0774e-01 -2.1285e+00 -1.8869e+00 +1.0012e+00
4269 +9.608314144e-08 +9.608314144e-08 +7.731000010e+01 +7.731000010e+01 +8.9543e-01 -6.0667e-01 -2.1290e+00 -1.8870e+00 +1.0010e+00
4435 +5.962125726e-08 +5.962125726e-08 +7.731000006e+01 +7.731000006e+01 +8.9510e-01 -6.0745e-01 -2.1281e+00 -1.8871e+00 +1.0010e+00
4456 +4.196550663e-09 +4.196550663e-09 +7.731000000e+01 +7.731000000e+01 +8.9515e-01 -6.0807e-01 -2.1267e+00 -1.8870e+00 +1.0009e+00
% function evaluation | noise-free fitness - Fopt (3.992000000000e+01) | best noise-free fitness - Fopt | measured fitness | best measured fitness | x1 | x2...
1 +1.054439364e+02 +1.054439364e+02 +1.453639364e+02 +1.453639364e+02 -4.7518e+00 +3.4190e+00 +4.9726e+00 +7.8123e-02 +4.9552e+00
2 +4.267126557e+01 +4.267126557e+01 +8.259126557e+01 +8.259126557e+01 -3.2494e+00 +1.4763e+00 +3.9039e+00 -4.0982e+00 -1.9670e+00
3 +2.382974379e+01 +2.382974379e+01 +6.374974379e+01 +6.374974379e+01 +1.6766e-01 -2.2473e+00 +3.4143e+00 -1.9282e+00 +2.0343e+00
10 +1.507056125e+01 +1.507056125e+01 +5.499056125e+01 +5.499056125e+01 +3.1732e-01 -3.4667e+00 +6.8246e-01 -6.9552e-01 -3.3823e+00
11 +7.929812022e+00 +7.929812022e+00 +4.784981202e+01 +4.784981202e+01 -2.5413e+00 +2.1374e-02 -5.8656e-01 +5.2793e-01 -3.3948e-01
71 +3.740363153e+00 +3.740363153e+00 +4.366036315e+01 +4.366036315e+01 +1.6655e+00 -1.1123e+00 +9.4019e-02 -2.8520e+00 -8.2187e-01
410 +2.355083124e+00 +2.355083124e+00 +4.227508312e+01 +4.227508312e+01 +3.0011e+00 -2.5814e+00 +3.1311e+00 -1.5802e+00 -1.5043e+00
460 +7.351073904e-01 +7.351073904e-01 +4.065510739e+01 +4.065510739e+01 +3.6154e+00 -1.2119e+00 +2.0352e+00 -1.8662e+00 -1.4057e+00
771 +6.093766266e-01 +6.093766266e-01 +4.052937663e+01 +4.052937663e+01 +4.0663e+00 -1.3111e+00 +2.6695e+00 -2.0081e+00 -1.1070e+00
816 +3.877552286e-01 +3.877552286e-01 +4.030775523e+01 +4.030775523e+01 +3.7716e+00 -1.0429e+00 +1.9113e+00 -1.9710e+00 -2.0947e+00
958 +1.380025203e-01 +1.380025203e-01 +4.005800252e+01 +4.005800252e+01 +3.8026e+00 -1.2735e+00 +2.3078e+00 -2.0993e+00 -2.5556e+00
1194 +8.492796103e-02 +8.492796103e-02 +4.000492796e+01 +4.000492796e+01 +3.8130e+00 -1.2522e+00 +2.2406e+00 -2.1495e+00 -2.4596e+00
1202 +4.926134082e-02 +4.926134082e-02 +3.996926134e+01 +3.996926134e+01 +3.9795e+00 -1.0451e+00 +2.2324e+00 -2.2990e+00 -2.2365e+00
1263 +1.575600410e-02 +1.575600410e-02 +3.993575600e+01 +3.993575600e+01 +4.0058e+00 -1.0228e+00 +2.2652e+00 -2.1972e+00 -2.1375e+00
1521 +8.942349361e-03 +8.942349361e-03 +3.992894235e+01 +3.992894235e+01 +3.9662e+00 -1.1010e+00 +2.3276e+00 -2.2846e+00 -2.0099e+00
1792 +6.136101580e-03 +6.136101580e-03 +3.992613610e+01 +3.992613610e+01 +3.9713e+00 -1.1305e+00 +2.2744e+00 -2.2748e+00 -2.0526e+00
1972 +3.721506560e-03 +3.721506560e-03 +3.992372151e+01 +3.992372151e+01 +3.9233e+00 -1.0913e+00 +2.3953e+00 -2.2656e+00 -2.0991e+00
2065 +1.566102129e-03 +1.566102129e-03 +3.992156610e+01 +3.992156610e+01 +3.9607e+00 -1.0569e+00 +2.3531e+00 -2.2797e+00 -2.0680e+00
2369 +9.776119696e-04 +9.776119696e-04 +3.992097761e+01 +3.992097761e+01 +3.9305e+00 -1.0624e+00 +2.4208e+00 -2.2912e+00 -2.0551e+00
2414 +5.143206775e-04 +5.143206775e-04 +3.992051432e+01 +3.992051432e+01 +3.9641e+00 -1.0811e+00 +2.3650e+00 -2.3042e+00 -2.0078e+00
2621 +2.416460574e-04 +2.416460574e-04 +3.992024165e+01 +3.992024165e+01 +3.9556e+00 -1.0623e+00 +2.4045e+00 -2.2947e+00 -2.0132e+00
2697 +1.487813773e-04 +1.487813773e-04 +3.992014878e+01 +3.992014878e+01 +3.9236e+00 -1.0694e+00 +2.4224e+00 -2.2860e+00 -2.0693e+00
2765 +5.734875561e-05 +5.734875561e-05 +3.992005735e+01 +3.992005735e+01 +3.9671e+00 -1.0674e+00 +2.3652e+00 -2.2934e+00 -2.0205e+00
2945 +3.005689952e-05 +3.005689952e-05 +3.992003006e+01 +3.992003006e+01 +3.9479e+00 -1.0694e+00 +2.3971e+00 -2.2934e+00 -2.0327e+00
3107 +2.320737452e-05 +2.320737452e-05 +3.992002321e+01 +3.992002321e+01 +3.9435e+00 -1.0691e+00 +2.3896e+00 -2.2853e+00 -2.0551e+00
3349 +1.101786532e-05 +1.101786532e-05 +3.992001102e+01 +3.992001102e+01 +3.9539e+00 -1.0714e+00 +2.3870e+00 -2.2958e+00 -2.0251e+00
3464 +9.209570649e-06 +9.209570649e-06 +3.992000921e+01 +3.992000921e+01 +3.9535e+00 -1.0693e+00 +2.3891e+00 -2.2943e+00 -2.0269e+00
3659 +3.327827002e-06 +3.327827002e-06 +3.992000333e+01 +3.992000333e+01 +3.9531e+00 -1.0703e+00 +2.3860e+00 -2.2928e+00 -2.0307e+00
3755 +1.539714233e-06 +1.539714233e-06 +3.992000154e+01 +3.992000154e+01 +3.9521e+00 -1.0700e+00 +2.3851e+00 -2.2915e+00 -2.0349e+00
3853 +8.459957357e-07 +8.459957357e-07 +3.992000085e+01 +3.992000085e+01 +3.9467e+00 -1.0688e+00 +2.3894e+00 -2.2874e+00 -2.0471e+00
4071 +5.786256523e-07 +5.786256523e-07 +3.992000058e+01 +3.992000058e+01 +3.9506e+00 -1.0692e+00 +2.3864e+00 -2.2900e+00 -2.0387e+00
4276 +3.726253226e-07 +3.726253226e-07 +3.992000037e+01 +3.992000037e+01 +3.9506e+00 -1.0697e+00 +2.3852e+00 -2.2898e+00 -2.0396e+00
4283 +1.674990102e-07 +1.674990102e-07 +3.992000017e+01 +3.992000017e+01 +3.9504e+00 -1.0696e+00 +2.3844e+00 -2.2889e+00 -2.0416e+00
4433 +1.185546736e-07 +1.185546736e-07 +3.992000012e+01 +3.992000012e+01 +3.9511e+00 -1.0699e+00 +2.3846e+00 -2.2900e+00 -2.0387e+00
4522 +9.889516406e-08 +9.889516406e-08 +3.992000010e+01 +3.992000010e+01 +3.9508e+00 -1.0700e+00 +2.3857e+00 -2.2904e+00 -2.0381e+00
4764 +5.280271864e-08 +5.280271864e-08 +3.992000005e+01 +3.992000005e+01 +3.9506e+00 -1.0695e+00 +2.3849e+00 -2.2893e+00 -2.0404e+00
4808 +3.847296171e-08 +3.847296171e-08 +3.992000004e+01 +3.992000004e+01 +3.9505e+00 -1.0698e+00 +2.3857e+00 -2.2900e+00 -2.0392e+00
4960 +1.921883808e-08 +1.921883808e-08 +3.992000002e+01 +3.992000002e+01 +3.9510e+00 -1.0697e+00 +2.3852e+00 -2.2901e+00 -2.0385e+00
5051 +7.196675256e-09 +7.196675256e-09 +3.992000001e+01 +3.992000001e+01 +3.9504e+00 -1.0696e+00 +2.3855e+00 -2.2895e+00 -2.0403e+00
% function evaluation | noise-free fitness - Fopt (-5.661000000000e+01) | best noise-free fitness - Fopt | measured fitness | best measured fitness | x1 | x2...
1 +8.333145641e+02 +8.333145641e+02 +7.767045641e+02 +7.767045641e+02 -4.7518e+00 +3.4190e+00 +4.9726e+00 +7.8123e-02 +4.9552e+00
2 +8.097729105e+01 +8.097729105e+01 +2.436729105e+01 +2.436729105e+01 -3.2494e+00 +1.4763e+00 +3.9039e+00 -4.0982e+00 -1.9670e+00
4 +6.009916479e+01 +6.009916479e+01 +3.489164788e+00 +3.489164788e+00 +3.4351e+00 -4.2410e+00 -2.1758e+00 +2.0232e+00 +1.7815e+00
10 +1.770261243e+01 +1.770261243e+01 -3.890738757e+01 -3.890738757e+01 +3.1732e-01 -3.4667e+00 +6.8246e-01 -6.9552e-01 -3.3823e+00
26 +6.324911498e+00 +6.324911498e+00 -5.028508850e+01 -5.028508850e+01 +1.7370e-01 +2.8148e-01 +2.9588e+00 -3.7176e+00 -2.2162e+00
43 +1.349309312e+00 +1.349309312e+00 -5.526069069e+01 -5.526069069e+01 +1.6367e+00 +2.6764e+00 +4.5291e+00 -3.2896e+00 -3.4750e+00
605 +7.496024721e-01 +7.496024721e-01 -5.586039753e+01 -5.586039753e+01 +1.4292e+00 +2.6041e+00 +3.5584e+00 -4.0844e+00 -2.7472e+00
703 +5.093527348e-01 +5.093527348e-01 -5.610064727e+01 -5.610064727e+01 +1.8707e+00 +2.7491e+00 +3.7901e+00 -3.8965e+00 -3.0323e+00
738 +3.385285580e-01 +3.385285580e-01 -5.627147144e+01 -5.627147144e+01 +1.9918e+00 +3.2252e+00 +2.9960e+00 -2.9553e+00 -3.0362e+00
802 +1.918115288e-01 +1.918115288e-01 -5.641818847e+01 -5.641818847e+01 +2.1635e+00 +2.9246e+00 +3.6059e+00 -3.3020e+00 -3.0342e+00
1066 +1.422777656e-01 +1.422777656e-01 -5.646772223e+01 -5.646772223e+01 +2.3122e+00 +2.7415e+00 +2.9029e+00 -3.3279e+00 -3.0355e+00
1108 +8.971604213e-02 +8.971604213e-02 -5.652028396e+01 -5.652028396e+01 +2.2007e+00 +2.8872e+00 +2.9419e+00 -3.4188e+00 -2.9614e+00
1190 +3.032139199e-02 +3.032139199e-02 -5.657967861e+01 -5.657967861e+01 +1.8460e+00 +2.8607e+00 +3.4157e+00 -3.2120e+00 -3.0006e+00
1444 +2.226971056e-02 +2.226971056e-02 -5.658773029e+01 -5.658773029e+01 +1.8319e+00 +2.8748e+00 +3.1475e+00 -3.1477e+00 -3.0370e+00
1566 +8.376614389e-03 +8.376614389e-03 -5.660162339e+01 -5.660162339e+01 +1.9117e+00 +2.8472e+00 +3.2598e+00 -3.2968e+00 -2.9873e+00
1658 +4.124704533e-03 +4.124704533e-03 -5.660587530e+01 -5.660587530e+01 +1.9804e+00 +2.8763e+00 +3.2562e+00 -3.3124e+00 -3.0470e+00
1763 +3.931977791e-03 +3.931977791e-03 -5.660606802e+01 -5.660606802e+01 +2.0243e+00 +2.8871e+00 +3.2112e+00 -3.3296e+00 -3.0708e+00
1933 +2.410263548e-03 +2.410263548e-03 -5.660758974e+01 -5.660758974e+01 +1.9064e+00 +2.9001e+00 +3.2041e+00 -3.2552e+00 -3.0518e+00
2055 +7.296036011e-04 +7.296036011e-04 -5.660927040e+01 -5.660927040e+01 +1.9324e+00 +2.8942e+00 +3.2525e+00 -3.2981e+00 -3.0342e+00
2333 +6.241780388e-04 +6.241780388e-04 -5.660937582e+01 -5.660937582e+01 +1.9539e+00 +2.9061e+00 +3.2173e+00 -3.2855e+00 -3.0705e+00
2505 +9.374321208e-05 +9.374321208e-05 -5.660990626e+01 -5.660990626e+01 +1.9737e+00 +2.9269e+00 +3.1875e+00 -3.2834e+00 -3.1041e+00
2801 +2.836139915e-05 +2.836139915e-05 -5.660997164e+01 -5.660997164e+01 +1.9735e+00 +2.9247e+00 +3.1964e+00 -3.2880e+00 -3.0989e+00
2957 +1.096428033e-05 +1.096428033e-05 -5.660998904e+01 -5.660998904e+01 +1.9499e+00 +2.9210e+00 +3.2052e+00 -3.2764e+00 -3.0871e+00
3091 +4.434061722e-06 +4.434061722e-06 -5.660999557e+01 -5.660999557e+01 +1.9528e+00 +2.9217e+00 +3.2030e+00 -3.2784e+00 -3.0880e+00
3461 +2.438535091e-06 +2.438535091e-06 -5.660999756e+01 -5.660999756e+01 +1.9578e+00 +2.9219e+00 +3.2038e+00 -3.2809e+00 -3.0904e+00
3573 +9.585609746e-07 +9.585609746e-07 -5.660999904e+01 -5.660999904e+01 +1.9469e+00 +2.9213e+00 +3.2083e+00 -3.2748e+00 -3.0870e+00
3998 +6.291631891e-07 +6.291631891e-07 -5.660999937e+01 -5.660999937e+01 +1.9569e+00 +2.9222e+00 +3.2029e+00 -3.2802e+00 -3.0905e+00
4048 +3.437461089e-07 +3.437461089e-07 -5.660999966e+01 -5.660999966e+01 +1.9551e+00 +2.9218e+00 +3.2044e+00 -3.2795e+00 -3.0894e+00
4120 +2.124112370e-07 +2.124112370e-07 -5.660999979e+01 -5.660999979e+01 +1.9460e+00 +2.9210e+00 +3.2089e+00 -3.2747e+00 -3.0860e+00
4253 +1.321822296e-07 +1.321822296e-07 -5.660999987e+01 -5.660999987e+01 +1.9526e+00 +2.9224e+00 +3.2038e+00 -3.2773e+00 -3.0897e+00
4403 +9.476064378e-08 +9.476064378e-08 -5.660999991e+01 -5.660999991e+01 +1.9514e+00 +2.9216e+00 +3.2058e+00 -3.2774e+00 -3.0882e+00
4592 +5.827401850e-08 +5.827401850e-08 -5.660999994e+01 -5.660999994e+01 +1.9525e+00 +2.9224e+00 +3.2043e+00 -3.2772e+00 -3.0898e+00
4708 +2.621183626e-08 +2.621183626e-08 -5.660999997e+01 -5.660999997e+01 +1.9509e+00 +2.9214e+00 +3.2065e+00 -3.2774e+00 -3.0877e+00
4761 +1.939944383e-08 +1.939944383e-08 -5.660999998e+01 -5.660999998e+01 +1.9514e+00 +2.9218e+00 +3.2057e+00 -3.2772e+00 -3.0886e+00
4874 +1.220904267e-08 +1.220904267e-08 -5.660999999e+01 -5.660999999e+01 +1.9508e+00 +2.9215e+00 +3.2064e+00 -3.2772e+00 -3.0879e+00
4952 +8.242956540e-09 +8.242956540e-09 -5.660999999e+01 -5.660999999e+01 +1.9507e+00 +2.9215e+00 +3.2063e+00 -3.2770e+00 -3.0880e+00
5000 +6.074351688e-09 +6.074351688e-09 -5.660999999e+01 -5.660999999e+01 +1.9514e+00 +2.9220e+00 +3.2053e+00 -3.2770e+00 -3.0888e+00
% function evaluation | noise-free fitness - Fopt (5.134000000000e+01) | best noise-free fitness - Fopt | measured fitness | best measured fitness | x1 | x2...
1 +6.244930669e+01 +6.244930669e+01 +1.137893067e+02 +1.137893067e+02 -4.7518e+00 +3.4190e+00 +4.9726e+00 +7.8123e-02 +4.9552e+00
3 +2.531486287e+01 +2.531486287e+01 +7.665486287e+01 +7.665486287e+01 +1.6766e-01 -2.2473e+00 +3.4143e+00 -1.9282e+00 +2.0343e+00
7 +1.866423145e+01 +1.866423145e+01 +7.000423145e+01 +7.000423145e+01 -1.1039e+00 -2.1638e+00 +6.6075e-02 -3.5801e+00 +2.7993e+00
11 +9.494188853e+00 +9.494188853e+00 +6.083418885e+01 +6.083418885e+01 -2.5413e+00 +2.1374e-02 -5.8656e-01 +5.2793e-01 -3.3948e-01
61 +5.771768526e+00 +5.771768526e+00 +5.711176853e+01 +5.711176853e+01 -4.2394e+00 -1.6297e+00 +1.6688e+00 +7.6906e-01 +1.0290e+00
174 +1.057867605e+00 +1.057867605e+00 +5.239786761e+01 +5.239786761e+01 -2.5486e+00 -2.5702e+00 +9.8961e-01 +3.9042e+00 +4.1200e-01
602 +7.411840262e-01 +7.411840262e-01 +5.208118403e+01 +5.208118403e+01 -2.7437e+00 -1.4260e+00 +6.0740e-02 +2.7183e+00 +7.8560e-01
745 +5.593989587e-01 +5.593989587e-01 +5.189939896e+01 +5.189939896e+01 -3.0002e+00 -2.6855e+00 +4.4395e-01 +2.7909e+00 +1.1097e-02
829 +2.064706578e-01 +2.064706578e-01 +5.154647066e+01 +5.154647066e+01 -2.3179e+00 -2.4677e+00 +7.1632e-01 +3.0790e+00 +7.5916e-01
911 +1.505892907e-01 +1.505892907e-01 +5.149058929e+01 +5.149058929e+01 -2.4296e+00 -2.5524e+00 +7.6485e-01 +2.5237e+00 +4.3788e-01
1190 +5.690603123e-02 +5.690603123e-02 +5.139690603e+01 +5.139690603e+01 -2.7440e+00 -2.1871e+00 +4.3855e-01 +2.5763e+00 +2.8080e-01
1257 +3.744030261e-02 +3.744030261e-02 +5.137744030e+01 +5.137744030e+01 -2.3264e+00 -2.2466e+00 +1.8506e-01 +2.7597e+00 +3.9323e-01
1296 +2.452100903e-02 +2.452100903e-02 +5.136452101e+01 +5.136452101e+01 -2.5043e+00 -2.3555e+00 +4.0042e-01 +2.6896e+00 +4.8842e-01
1450 +1.036037461e-02 +1.036037461e-02 +5.135036037e+01 +5.135036037e+01 -2.5634e+00 -2.3176e+00 +4.1800e-01 +2.7570e+00 +5.0384e-01
1778 +3.479596209e-03 +3.479596209e-03 +5.134347960e+01 +5.134347960e+01 -2.4869e+00 -2.2379e+00 +2.2847e-01 +2.8167e+00 +4.6568e-01
1949 +2.207858689e-03 +2.207858689e-03 +5.134220786e+01 +5.134220786e+01 -2.6135e+00 -2.2755e+00 +3.3003e-01 +2.7527e+00 +4.5112e-01
2034 +1.250053337e-03 +1.250053337e-03 +5.134125005e+01 +5.134125005e+01 -2.5724e+00 -2.2914e+00 +3.4375e-01 +2.7571e+00 +4.6792e-01
2284 +6.342353263e-04 +6.342353263e-04 +5.134063424e+01 +5.134063424e+01 -2.5774e+00 -2.2570e+00 +2.8228e-01 +2.7696e+00 +4.4865e-01
2294 +3.904777438e-04 +3.904777438e-04 +5.134039048e+01 +5.134039048e+01 -2.5641e+00 -2.2574e+00 +2.7718e-01 +2.7851e+00 +4.6092e-01
2597 +2.382294192e-04 +2.382294192e-04 +5.134023823e+01 +5.134023823e+01 -2.5567e+00 -2.2637e+00 +3.0406e-01 +2.7574e+00 +4.4427e-01
2666 +1.103370200e-04 +1.103370200e-04 +5.134011034e+01 +5.134011034e+01 -2.5506e+00 -2.2436e+00 +2.5648e-01 +2.7652e+00 +4.3342e-01
2721 +7.016997989e-05 +7.016997989e-05 +5.134007017e+01 +5.134007017e+01 -2.5574e+00 -2.2641e+00 +3.1080e-01 +2.7430e+00 +4.3408e-01
2905 +5.640986750e-05 +5.640986750e-05 +5.134005641e+01 +5.134005641e+01 -2.5482e+00 -2.2511e+00 +2.7305e-01 +2.7500e+00 +4.2781e-01
2978 +2.940950155e-05 +2.940950155e-05 +5.134002941e+01 +5.134002941e+01 -2.5517e+00 -2.2587e+00 +2.8820e-01 +2.7636e+00 +4.4484e-01
3114 +1.107632318e-05 +1.107632318e-05 +5.134001108e+01 +5.134001108e+01 -2.5447e+00 -2.2499e+00 +2.6903e-01 +2.7528e+00 +4.2873e-01
3205 +2.424180266e-06 +2.424180266e-06 +5.134000242e+01 +5.134000242e+01 -2.5556e+00 -2.2566e+00 +2.8778e-01 +2.7537e+00 +4.3565e-01
3752 +1.532166216e-06 +1.532166216e-06 +5.134000153e+01 +5.134000153e+01 -2.5533e+00 -2.2557e+00 +2.8415e-01 +2.7562e+00 +4.3668e-01
3871 +7.015603032e-07 +7.015603032e-07 +5.134000070e+01 +5.134000070e+01 -2.5554e+00 -2.2560e+00 +2.8746e-01 +2.7520e+00 +4.3384e-01
3908 +5.531788503e-07 +5.531788503e-07 +5.134000055e+01 +5.134000055e+01 -2.5516e+00 -2.2530e+00 +2.7852e-01 +2.7548e+00 +4.3323e-01
3988 +3.485441056e-07 +3.485441056e-07 +5.134000035e+01 +5.134000035e+01 -2.5532e+00 -2.2552e+00 +2.8481e-01 +2.7524e+00 +4.3337e-01
4154 +2.090502988e-07 +2.090502988e-07 +5.134000021e+01 +5.134000021e+01 -2.5546e+00 -2.2563e+00 +2.8704e-01 +2.7537e+00 +4.3535e-01
4380 +5.123117575e-08 +5.123117575e-08 +5.134000005e+01 +5.134000005e+01 -2.5535e+00 -2.2553e+00 +2.8447e-01 +2.7540e+00 +4.3475e-01
4530 +3.778431079e-08 +3.778431079e-08 +5.134000004e+01 +5.134000004e+01 -2.5533e+00 -2.2548e+00 +2.8325e-01 +2.7539e+00 +4.3417e-01
4821 +1.599965316e-08 +1.599965316e-08 +5.134000002e+01 +5.134000002e+01 -2.5529e+00 -2.2544e+00 +2.8256e-01 +2.7531e+00 +4.3316e-01
4911 +1.488062651e-08 +1.488062651e-08 +5.134000001e+01 +5.134000001e+01 -2.5534e+00 -2.2551e+00 +2.8421e-01 +2.7537e+00 +4.3433e-01
5038 +7.212456410e-09 +7.212456410e-09 +5.134000001e+01 +5.134000001e+01 -2.5523e+00 -2.2539e+00 +2.8119e-01 +2.7537e+00 +4.3327e-01
% function evaluation | noise-free fitness - Fopt (-1.244000000000e+02) | best noise-free fitness - Fopt | measured fitness | best measured fitness | x1 | x2...
1 +3.073477526e+01 +3.073477526e+01 -9.366522474e+01 -9.366522474e+01 -4.7518e+00 +3.4190e+00 +4.9726e+00 +7.8123e-02 +4.9552e+00
2 +1.804127148e+01 +1.804127148e+01 -1.063587285e+02 -1.063587285e+02 -3.2494e+00 +1.4763e+00 +3.9039e+00 -4.0982e+00 -1.9670e+00
3 +8.005132405e+00 +8.005132405e+00 -1.163948676e+02 -1.163948676e+02 +1.6766e-01 -2.2473e+00 +3.4143e+00 -1.9282e+00 +2.0343e+00
26 +2.090520354e+00 +2.090520354e+00 -1.223094796e+02 -1.223094796e+02 +1.7370e-01 +2.8148e-01 +2.9588e+00 -3.7176e+00 -2.2162e+00
283 +1.287219547e+00 +1.287219547e+00 -1.231127805e+02 -1.231127805e+02 +1.6776e+00 +1.0600e+00 +3.4332e+00 -2.6449e+00 -2.9697e+00
307 +9.085487326e-01 +9.085487326e-01 -1.234914513e+02 -1.234914513e+02 -3.3793e-01 +7.1992e-01 +3.6056e+00 -1.6804e+00 -3.1584e+00
535 +1.386985986e-01 +1.386985986e-01 -1.242613014e+02 -1.242613014e+02 +1.6676e-01 +8.3616e-01 +3.0066e+00 -1.8490e+00 -2.8386e+00
905 +7.917631011e-02 +7.917631011e-02 -1.243208237e+02 -1.243208237e+02 +2.8035e-01 +1.2255e+00 +2.9121e+00 -2.3339e+00 -2.3711e+00
951 +5.923238386e-02 +5.923238386e-02 -1.243407676e+02 -1.243407676e+02 +1.9549e-01 +7.7720e-01 +2.8698e+00 -2.1920e+00 -2.6472e+00
1144 +3.494051145e-02 +3.494051145e-02 -1.243650595e+02 -1.243650595e+02 +1.4709e-01 +8.8243e-01 +3.0231e+00 -2.1646e+00 -2.6930e+00
1150 +1.598570945e-02 +1.598570945e-02 -1.243840143e+02 -1.243840143e+02 +2.8930e-01 +8.5852e-01 +2.8363e+00 -2.3632e+00 -2.5425e+00
1185 +8.011903209e-03 +8.011903209e-03 -1.243919881e+02 -1.243919881e+02 +2.5253e-01 +8.6182e-01 +2.9097e+00 -2.3919e+00 -2.5488e+00
1532 +4.740455180e-03 +4.740455180e-03 -1.243952595e+02 -1.243952595e+02 +2.5527e-01 +8.6551e-01 +2.8409e+00 -2.4225e+00 -2.5059e+00
1586 +2.553837447e-03 +2.553837447e-03 -1.243974462e+02 -1.243974462e+02 +2.4051e-01 +9.0592e-01 +2.9410e+00 -2.2965e+00 -2.5803e+00
1628 +2.340155280e-03 +2.340155280e-03 -1.243976598e+02 -1.243976598e+02 +2.4852e-01 +8.8017e-01 +2.9277e+00 -2.3218e+00 -2.5768e+00
1812 +1.570721708e-03 +1.570721708e-03 -1.243984293e+02 -1.243984293e+02 +2.3652e-01 +8.4293e-01 +2.9023e+00 -2.3145e+00 -2.6017e+00
1821 +8.853118429e-04 +8.853118429e-04 -1.243991147e+02 -1.243991147e+02 +2.0565e-01 +8.6030e-01 +2.8772e+00 -2.3908e+00 -2.5659e+00
1931 +4.214054297e-04 +4.214054297e-04 -1.243995786e+02 -1.243995786e+02 +2.6300e-01 +8.6014e-01 +2.9246e+00 -2.2959e+00 -2.5896e+00
2049 +3.916114178e-04 +3.916114178e-04 -1.243996084e+02 -1.243996084e+02 +2.2534e-01 +8.6193e-01 +2.9010e+00 -2.3531e+00 -2.5763e+00
2195 +2.065937957e-04 +2.065937957e-04 -1.243997934e+02 -1.243997934e+02 +2.3306e-01 +8.6210e-01 +2.8970e+00 -2.3527e+00 -2.5716e+00
2226 +4.940692641e-05 +4.940692641e-05 -1.243999506e+02 -1.243999506e+02 +2.5558e-01 +8.8440e-01 +2.8965e+00 -2.3512e+00 -2.5477e+00
2456 +2.565923644e-05 +2.565923644e-05 -1.243999743e+02 -1.243999743e+02 +2.4449e-01 +8.8740e-01 +2.8985e+00 -2.3537e+00 -2.5519e+00
2705 +1.911906898e-05 +1.911906898e-05 -1.243999809e+02 -1.243999809e+02 +2.5371e-01 +8.8380e-01 +2.9078e+00 -2.3283e+00 -2.5633e+00
2883 +1.507778873e-05 +1.507778873e-05 -1.243999849e+02 -1.243999849e+02 +2.6157e-01 +8.8332e-01 +2.9079e+00 -2.3278e+00 -2.5591e+00
2901 +8.324833644e-06 +8.324833644e-06 -1.243999917e+02 -1.243999917e+02 +2.4720e-01 +8.8265e-01 +2.8980e+00 -2.3529e+00 -2.5529e+00
3097 +3.959678409e-06 +3.959678409e-06 -1.243999960e+02 -1.243999960e+02 +2.5492e-01 +8.8684e-01 +2.9016e+00 -2.3440e+00 -2.5516e+00
3284 +2.150279400e-06 +2.150279400e-06 -1.243999978e+02 -1.243999978e+02 +2.5385e-01 +8.8541e-01 +2.9060e+00 -2.3343e+00 -2.5589e+00
3326 +1.374506525e-06 +1.374506525e-06 -1.243999986e+02 -1.243999986e+02 +2.5765e-01 +8.8673e-01 +2.9061e+00 -2.3331e+00 -2.5566e+00
3461 +4.403697460e-07 +4.403697460e-07 -1.243999996e+02 -1.243999996e+02 +2.5275e-01 +8.8535e-01 +2.9017e+00 -2.3439e+00 -2.5537e+00
3614 +2.413478768e-07 +2.413478768e-07 -1.243999998e+02 -1.243999998e+02 +2.5329e-01 +8.8446e-01 +2.9039e+00 -2.3385e+00 -2.5571e+00
3945 +1.036434014e-07 +1.036434014e-07 -1.243999999e+02 -1.243999999e+02 +2.5557e-01 +8.8548e-01 +2.9054e+00 -2.3349e+00 -2.5574e+00
3967 +6.642160599e-08 +6.642160599e-08 -1.243999999e+02 -1.243999999e+02 +2.5398e-01 +8.8496e-01 +2.9042e+00 -2.3380e+00 -2.5567e+00
4190 +6.191274338e-08 +6.191274338e-08 -1.243999999e+02 -1.243999999e+02 +2.5290e-01 +8.8506e-01 +2.9028e+00 -2.3413e+00 -2.5553e+00
4200 +3.759667777e-08 +3.759667777e-08 -1.244000000e+02 -1.244000000e+02 +2.5230e-01 +8.8442e-01 +2.9031e+00 -2.3408e+00 -2.5563e+00
4270 +2.150417799e-08 +2.150417799e-08 -1.244000000e+02 -1.244000000e+02 +2.5315e-01 +8.8469e-01 +2.9035e+00 -2.3397e+00 -2.5564e+00
4442 +1.443028452e-08 +1.443028452e-08 -1.244000000e+02 -1.244000000e+02 +2.5366e-01 +8.8504e-01 +2.9037e+00 -2.3392e+00 -2.5562e+00
4490 +9.697586734e-09 +9.697586734e-09 -1.244000000e+02 -1.244000000e+02 +2.5361e-01 +8.8477e-01 +2.9040e+00 -2.3384e+00 -2.5568e+00
% function evaluation | noise-free fitness - Fopt (6.000000000000e-01) | best noise-free fitness - Fopt | measured fitness | best measured fitness | x1 | x2...
1 +7.410983536e+01 +7.410983536e+01 +7.470983536e+01 +7.470983536e+01 -4.7518e+00 +3.4190e+00 +4.9726e+00 +7.8123e-02 +4.9552e+00
3 +2.710854928e+01 +2.710854928e+01 +2.770854928e+01 +2.770854928e+01 +1.6766e-01 -2.2473e+00 +3.4143e+00 -1.9282e+00 +2.0343e+00
4 +7.969229073e+00 +7.969229073e+00 +8.569229073e+00 +8.569229073e+00 +3.4351e+00 -4.2410e+00 -2.1758e+00 +2.0232e+00 +1.7815e+00
16 +1.277438128e+00 +1.277438128e+00 +1.877438128e+00 +1.877438128e+00 +2.1166e+00 -3.0815e+00 +2.4587e-01 +4.3025e+00 -2.3845e-01
375 +7.667125322e-01 +7.667125322e-01 +1.366712532e+00 +1.366712532e+00 +2.0230e+00 -2.3311e+00 -7.4568e-02 +2.7158e+00 -1.4637e-01
619 +3.720393149e-01 +3.720393149e-01 +9.720393149e-01 +9.720393149e-01 +2.8386e+00 -2.2410e+00 -1.1103e-01 +3.7733e+00 -2.0051e-01
710 +1.138094143e-01 +1.138094143e-01 +7.138094143e-01 +7.138094143e-01 +2.3555e+00 -1.9347e+00 +2.1416e-03 +3.3675e+00 -2.6138e-01
919 +5.157456247e-02 +5.157456247e-02 +6.515745625e-01 +6.515745625e-01 +2.3395e+00 -2.0862e+00 +1.5501e-01 +3.6389e+00 +2.9707e-01
1179 +3.667435959e-02 +3.667435959e-02 +6.366743596e-01 +6.366743596e-01 +2.5601e+00 -2.0914e+00 +1.5196e-01 +3.7546e+00 +3.6632e-01
1302 +2.246780422e-02 +2.246780422e-02 +6.224678042e-01 +6.224678042e-01 +2.5666e+00 -1.9725e+00 +5.7457e-02 +3.5779e+00 +2.1210e-02
1356 +8.084842859e-03 +8.084842859e-03 +6.080848429e-01 +6.080848429e-01 +2.7158e+00 -2.0101e+00 +1.0599e-01 +3.6507e+00 +2.9120e-01
1714 +6.048719144e-03 +6.048719144e-03 +6.060487191e-01 +6.060487191e-01 +2.7152e+00 -1.9914e+00 +9.4163e-02 +3.6115e+00 +2.4226e-01
1829 +1.949579725e-03 +1.949579725e-03 +6.019495797e-01 +6.019495797e-01 +2.5485e+00 -2.0082e+00 +1.5841e-01 +3.6122e+00 +1.7418e-01
1956 +1.282735677e-03 +1.282735677e-03 +6.012827357e-01 +6.012827357e-01 +2.6107e+00 -1.9673e+00 +9.0086e-02 +3.5479e+00 +1.2204e-01
2148 +8.714728185e-04 +8.714728185e-04 +6.008714728e-01 +6.008714728e-01 +2.5907e+00 -1.9828e+00 +1.0731e-01 +3.5634e+00 +1.6943e-01
2353 +3.778189929e-04 +3.778189929e-04 +6.003778190e-01 +6.003778190e-01 +2.5877e+00 -1.9814e+00 +1.2713e-01 +3.5783e+00 +1.1261e-01
2451 +1.789833970e-04 +1.789833970e-04 +6.001789834e-01 +6.001789834e-01 +2.6114e+00 -1.9847e+00 +1.1189e-01 +3.5789e+00 +1.6738e-01
2612 +1.267719127e-04 +1.267719127e-04 +6.001267719e-01 +6.001267719e-01 +2.5908e+00 -1.9666e+00 +1.0718e-01 +3.5403e+00 +9.7488e-02
2801 +7.047668673e-05 +7.047668673e-05 +6.000704767e-01 +6.000704767e-01 +2.5921e+00 -1.9811e+00 +1.1558e-01 +3.5688e+00 +1.3980e-01
2829 +5.024498784e-05 +5.024498784e-05 +6.000502450e-01 +6.000502450e-01 +2.6088e+00 -1.9809e+00 +1.1070e-01 +3.5725e+00 +1.5296e-01
2838 +2.184276436e-05 +2.184276436e-05 +6.000218428e-01 +6.000218428e-01 +2.6049e+00 -1.9712e+00 +1.0538e-01 +3.5498e+00 +1.2648e-01
3064 +1.192251682e-05 +1.192251682e-05 +6.000119225e-01 +6.000119225e-01 +2.6050e+00 -1.9754e+00 +1.0855e-01 +3.5600e+00 +1.3495e-01
3198 +5.755943736e-06 +5.755943736e-06 +6.000057559e-01 +6.000057559e-01 +2.6022e+00 -1.9740e+00 +1.0962e-01 +3.5571e+00 +1.2710e-01
3237 +2.970037218e-06 +2.970037218e-06 +6.000029700e-01 +6.000029700e-01 +2.6017e+00 -1.9788e+00 +1.1250e-01 +3.5668e+00 +1.4000e-01
3498 +1.877978824e-06 +1.877978824e-06 +6.000018780e-01 +6.000018780e-01 +2.6054e+00 -1.9759e+00 +1.0909e-01 +3.5609e+00 +1.3682e-01
3698 +1.322702159e-06 +1.322702159e-06 +6.000013227e-01 +6.000013227e-01 +2.6048e+00 -1.9773e+00 +1.1083e-01 +3.5643e+00 +1.3856e-01
3709 +3.240943900e-07 +3.240943900e-07 +6.000003241e-01 +6.000003241e-01 +2.6048e+00 -1.9771e+00 +1.1064e-01 +3.5639e+00 +1.3756e-01
4047 +2.252352445e-07 +2.252352445e-07 +6.000002252e-01 +6.000002252e-01 +2.6040e+00 -1.9769e+00 +1.1077e-01 +3.5634e+00 +1.3657e-01
4141 +8.484333613e-08 +8.484333613e-08 +6.000000848e-01 +6.000000848e-01 +2.6043e+00 -1.9777e+00 +1.1111e-01 +3.5649e+00 +1.3899e-01
4388 +4.403544651e-08 +4.403544651e-08 +6.000000440e-01 +6.000000440e-01 +2.6041e+00 -1.9786e+00 +1.1193e-01 +3.5670e+00 +1.4054e-01
4519 +3.719036912e-08 +3.719036912e-08 +6.000000372e-01 +6.000000372e-01 +2.6043e+00 -1.9766e+00 +1.1032e-01 +3.5626e+00 +1.3672e-01
4579 +1.933202332e-08 +1.933202332e-08 +6.000000193e-01 +6.000000193e-01 +2.6046e+00 -1.9777e+00 +1.1108e-01 +3.5651e+00 +1.3899e-01
4732 +1.992031762e-09 +1.992031762e-09 +6.000000020e-01 +6.000000020e-01 +2.6038e+00 -1.9774e+00 +1.1108e-01 +3.5642e+00 +1.3765e-01
% function evaluation | noise-free fitness - Fopt (-4.071000000000e+01) | best noise-free fitness - Fopt | measured fitness | best measured fitness | x1 | x2...
1 +7.613451996e+01 +7.613451996e+01 +3.542451996e+01 +3.542451996e+01 -4.7518e+00 +3.4190e+00 +4.9726e+00 +7.8123e-02 +4.9552e+00
3 +3.865246251e+01 +3.865246251e+01 -2.057537492e+00 -2.057537492e+00 +1.6766e-01 -2.2473e+00 +3.4143e+00 -1.9282e+00 +2.0343e+00
5 +2.369586041e+01 +2.369586041e+01 -1.701413959e+01 -1.701413959e+01 +2.1706e-01 -2.1019e+00 -3.4714e+00 +3.3948e+00 -2.2359e+00
8 +1.068423701e+01 +1.068423701e+01 -3.002576299e+01 -3.002576299e+01 -1.4197e-01 +1.5159e+00 -1.6019e+00 -4.0518e-01 +2.8696e+00
17 +9.889957400e+00 +9.889957400e+00 -3.082004260e+01 -3.082004260e+01 +4.6832e+00 -8.2328e-01 +2.1835e-01 +1.3382e+00 +7.0815e-01
61 +7.385763856e-01 +7.385763856e-01 -3.997142361e+01 -3.997142361e+01 +5.4122e-01 -2.1191e+00 +2.1481e+00 +2.3057e+00 -1.4825e-01
473 +4.093615701e-01 +4.093615701e-01 -4.030063843e+01 -4.030063843e+01 +7.6171e-01 -2.0926e+00 +1.1045e+00 +2.5437e+00 -5.4279e-01
570 +3.888317431e-01 +3.888317431e-01 -4.032116826e+01 -4.032116826e+01 +2.9961e-01 -2.5530e+00 +1.5218e+00 +2.4184e+00 -2.5186e-01
813 +1.151070763e-01 +1.151070763e-01 -4.059489292e+01 -4.059489292e+01 +6.4919e-01 -2.7465e+00 +1.7108e+00 +2.4344e+00 -4.3615e-01
1009 +7.917229089e-02 +7.917229089e-02 -4.063082771e+01 -4.063082771e+01 +8.1875e-01 -2.8119e+00 +1.5222e+00 +1.8841e+00 -5.0686e-01
1194 +6.121350052e-02 +6.121350052e-02 -4.064878650e+01 -4.064878650e+01 +5.5704e-01 -2.7865e+00 +1.5206e+00 +1.8912e+00 -6.3074e-01
1243 +2.944620585e-02 +2.944620585e-02 -4.068055379e+01 -4.068055379e+01 +5.2546e-01 -2.5181e+00 +1.3808e+00 +2.1358e+00 -6.8091e-01
1344 +2.262481654e-02 +2.262481654e-02 -4.068737518e+01 -4.068737518e+01 +5.5320e-01 -2.7308e+00 +1.4108e+00 +2.1406e+00 -5.9457e-01
1472 +1.120582935e-02 +1.120582935e-02 -4.069879417e+01 -4.069879417e+01 +7.2904e-01 -2.8070e+00 +1.4053e+00 +2.0513e+00 -4.9269e-01
1609 +7.177492407e-03 +7.177492407e-03 -4.070282251e+01 -4.070282251e+01 +6.8651e-01 -2.8247e+00 +1.3865e+00 +2.1436e+00 -5.0183e-01
1743 +6.011320492e-03 +6.011320492e-03 -4.070398868e+01 -4.070398868e+01 +6.8000e-01 -2.7025e+00 +1.4024e+00 +2.1777e+00 -5.3034e-01
1806 +3.336620193e-03 +3.336620193e-03 -4.070666338e+01 -4.070666338e+01 +6.2539e-01 -2.6911e+00 +1.3863e+00 +2.0977e+00 -5.9203e-01
1951 +1.609500881e-03 +1.609500881e-03 -4.070839050e+01 -4.070839050e+01 +6.3251e-01 -2.6578e+00 +1.4344e+00 +2.1804e+00 -5.6448e-01
1961 +1.060190582e-03 +1.060190582e-03 -4.070893981e+01 -4.070893981e+01 +6.2066e-01 -2.6760e+00 +1.4263e+00 +2.1644e+00 -5.7229e-01
2110 +3.895661283e-04 +3.895661283e-04 -4.070961043e+01 -4.070961043e+01 +6.6048e-01 -2.7023e+00 +1.4039e+00 +2.2682e+00 -5.2835e-01
2315 +1.813353577e-04 +1.813353577e-04 -4.070981866e+01 -4.070981866e+01 +6.5815e-01 -2.7235e+00 +1.4068e+00 +2.2126e+00 -5.3340e-01
2489 +1.539441722e-04 +1.539441722e-04 -4.070984606e+01 -4.070984606e+01 +6.4724e-01 -2.7095e+00 +1.3971e+00 +2.2215e+00 -5.4572e-01
2617 +7.398862264e-05 +7.398862264e-05 -4.070992601e+01 -4.070992601e+01 +6.5821e-01 -2.7180e+00 +1.3966e+00 +2.2355e+00 -5.3413e-01
2670 +5.744290166e-05 +5.744290166e-05 -4.070994256e+01 -4.070994256e+01 +6.6941e-01 -2.7428e+00 +1.3965e+00 +2.2108e+00 -5.2499e-01
2706 +3.219809000e-05 +3.219809000e-05 -4.070996780e+01 -4.070996780e+01 +6.6344e-01 -2.7275e+00 +1.4008e+00 +2.2179e+00 -5.3002e-01
2817 +2.001072475e-05 +2.001072475e-05 -4.070997999e+01 -4.070997999e+01 +6.6352e-01 -2.7379e+00 +1.3938e+00 +2.2112e+00 -5.3085e-01
3049 +5.977703672e-06 +5.977703672e-06 -4.070999402e+01 -4.070999402e+01 +6.6085e-01 -2.7284e+00 +1.3991e+00 +2.2124e+00 -5.3307e-01
3366 +1.995170670e-06 +1.995170670e-06 -4.070999800e+01 -4.070999800e+01 +6.5933e-01 -2.7282e+00 +1.3986e+00 +2.2064e+00 -5.3539e-01
3560 +5.848477542e-07 +5.848477542e-07 -4.070999942e+01 -4.070999942e+01 +6.6117e-01 -2.7302e+00 +1.3967e+00 +2.2144e+00 -5.3285e-01
3819 +3.346819923e-07 +3.346819923e-07 -4.070999967e+01 -4.070999967e+01 +6.5951e-01 -2.7287e+00 +1.3981e+00 +2.2064e+00 -5.3530e-01
3903 +2.315346421e-07 +2.315346421e-07 -4.070999977e+01 -4.070999977e+01 +6.6084e-01 -2.7298e+00 +1.3974e+00 +2.2113e+00 -5.3349e-01
4192 +1.329142805e-07 +1.329142805e-07 -4.070999987e+01 -4.070999987e+01 +6.6039e-01 -2.7282e+00 +1.3976e+00 +2.2143e+00 -5.3357e-01
4324 +9.169387738e-08 +9.169387738e-08 -4.070999991e+01 -4.070999991e+01 +6.5920e-01 -2.7281e+00 +1.3983e+00 +2.2072e+00 -5.3549e-01
4359 +4.803501241e-08 +4.803501241e-08 -4.070999995e+01 -4.070999995e+01 +6.6054e-01 -2.7298e+00 +1.3971e+00 +2.2113e+00 -5.3380e-01
4478 +3.321003561e-08 +3.321003561e-08 -4.070999997e+01 -4.070999997e+01 +6.6009e-01 -2.7288e+00 +1.3974e+00 +2.2113e+00 -5.3423e-01
4603 +2.159658408e-08 +2.159658408e-08 -4.070999998e+01 -4.070999998e+01 +6.5968e-01 -2.7284e+00 +1.3978e+00 +2.2098e+00 -5.3477e-01
4686 +1.545193840e-08 +1.545193840e-08 -4.070999998e+01 -4.070999998e+01 +6.6014e-01 -2.7287e+00 +1.3975e+00 +2.2117e+00 -5.3412e-01
4748 +8.195698342e-09 +8.195698342e-09 -4.070999999e+01 -4.070999999e+01 +6.6001e-01 -2.7286e+00 +1.3976e+00 +2.2110e+00 -5.3432e-01
% function evaluation | noise-free fitness - Fopt (8.143200000000e+02) | best noise-free fitness - Fopt | measured fitness | best measured fitness | x1 | x2...
1 +5.479174105e+01 +5.479174105e+01 +8.691117411e+02 +8.691117411e+02 -4.7518e+00 +3.4190e+00 +4.9726e+00 +7.8123e-02 +4.9552e+00
3 +9.521957862e+00 +9.521957862e+00 +8.238419579e+02 +8.238419579e+02 +1.6766e-01 -2.2473e+00 +3.4143e+00 -1.9282e+00 +2.0343e+00
61 +5.537420591e+00 +5.537420591e+00 +8.198574206e+02 +8.198574206e+02 -5.3294e-01 -4.0384e+00 +1.4569e+00 +7.7608e-01 -9.4706e-02
173 +3.841606203e+00 +3.841606203e+00 +8.181616062e+02 +8.181616062e+02 -3.3541e+00 -5.0769e+00 +1.1004e+00 -1.2201e+00 +1.6429e+00
250 +2.233903650e+00 +2.233903650e+00 +8.165539037e+02 +8.165539037e+02 -2.7737e+00 -3.0912e+00 +1.8523e+00 -1.1716e+00 +9.5198e-01
260 +1.400885175e+00 +1.400885175e+00 +8.157208852e+02 +8.157208852e+02 -2.5401e+00 -3.5950e+00 +4.5227e+00 -2.5675e+00 +2.2516e+00
424 +5.763877206e-01 +5.763877206e-01 +8.148963877e+02 +8.148963877e+02 -2.8646e+00 -3.0378e+00 +3.4329e+00 -1.3091e+00 +1.9341e+00
774 +2.898409748e-01 +2.898409748e-01 +8.146098410e+02 +8.146098410e+02 -2.6592e+00 -3.2604e+00 +3.9758e+00 -1.3807e+00 +1.7403e+00
820 +2.289276762e-01 +2.289276762e-01 +8.145489277e+02 +8.145489277e+02 -3.1248e+00 -3.8464e+00 +3.6920e+00 -1.0120e+00 +1.6282e+00
920 +1.400437302e-01 +1.400437302e-01 +8.144600437e+02 +8.144600437e+02 -2.9936e+00 -3.9854e+00 +3.8220e+00 -8.0914e-01 +2.1540e+00
1000 +8.152705247e-02 +8.152705247e-02 +8.144015271e+02 +8.144015271e+02 -2.8399e+00 -3.6050e+00 +4.0003e+00 -1.3015e+00 +1.8248e+00
1003 +3.949127822e-02 +3.949127822e-02 +8.143594913e+02 +8.143594913e+02 -2.7847e+00 -3.7805e+00 +3.8912e+00 -1.4486e+00 +2.0311e+00
1413 +1.972591750e-02 +1.972591750e-02 +8.143397259e+02 +8.143397259e+02 -2.7772e+00 -3.8318e+00 +3.8118e+00 -1.1934e+00 +2.1751e+00
1416 +1.547944777e-02 +1.547944777e-02 +8.143354794e+02 +8.143354794e+02 -2.7286e+00 -3.9628e+00 +3.8123e+00 -1.2103e+00 +2.2603e+00
1604 +6.246828523e-03 +6.246828523e-03 +8.143262468e+02 +8.143262468e+02 -2.8561e+00 -3.8784e+00 +3.8544e+00 -1.1628e+00 +1.9824e+00
1708 +3.378958320e-03 +3.378958320e-03 +8.143233790e+02 +8.143233790e+02 -2.7484e+00 -3.7777e+00 +3.8702e+00 -1.2324e+00 +2.1114e+00
1757 +1.825064124e-03 +1.825064124e-03 +8.143218251e+02 +8.143218251e+02 -2.7692e+00 -3.8682e+00 +3.8333e+00 -1.2446e+00 +2.1900e+00
1880 +1.305811844e-03 +1.305811844e-03 +8.143213058e+02 +8.143213058e+02 -2.7857e+00 -3.8637e+00 +3.8322e+00 -1.2029e+00 +2.1640e+00
2043 +3.082798512e-04 +3.082798512e-04 +8.143203083e+02 +8.143203083e+02 -2.7981e+00 -3.8509e+00 +3.8575e+00 -1.2156e+00 +2.0616e+00
2359 +1.654013851e-04 +1.654013851e-04 +8.143201654e+02 +8.143201654e+02 -2.8018e+00 -3.8898e+00 +3.8413e+00 -1.2085e+00 +2.0982e+00
2419 +1.450346551e-04 +1.450346551e-04 +8.143201450e+02 +8.143201450e+02 -2.7896e+00 -3.8568e+00 +3.8472e+00 -1.2175e+00 +2.1074e+00
2676 +8.923965311e-05 +8.923965311e-05 +8.143200892e+02 +8.143200892e+02 -2.7902e+00 -3.8479e+00 +3.8551e+00 -1.2272e+00 +2.0840e+00
2737 +5.429677822e-05 +5.429677822e-05 +8.143200543e+02 +8.143200543e+02 -2.7890e+00 -3.8491e+00 +3.8579e+00 -1.2328e+00 +2.0774e+00
2826 +3.588544098e-05 +3.588544098e-05 +8.143200359e+02 +8.143200359e+02 -2.7896e+00 -3.8490e+00 +3.8576e+00 -1.2300e+00 +2.0768e+00
3053 +1.694073501e-05 +1.694073501e-05 +8.143200169e+02 +8.143200169e+02 -2.7952e+00 -3.8676e+00 +3.8481e+00 -1.2183e+00 +2.0935e+00
3106 +9.425452845e-06 +9.425452845e-06 +8.143200094e+02 +8.143200094e+02 -2.7952e+00 -3.8647e+00 +3.8489e+00 -1.2185e+00 +2.0918e+00
3189 +3.402009270e-06 +3.402009270e-06 +8.143200034e+02 +8.143200034e+02 -2.7954e+00 -3.8616e+00 +3.8514e+00 -1.2200e+00 +2.0838e+00
3595 +1.580166327e-06 +1.580166327e-06 +8.143200016e+02 +8.143200016e+02 -2.7939e+00 -3.8531e+00 +3.8562e+00 -1.2239e+00 +2.0728e+00
3852 +4.939120117e-07 +4.939120117e-07 +8.143200005e+02 +8.143200005e+02 -2.7953e+00 -3.8625e+00 +3.8520e+00 -1.2215e+00 +2.0821e+00
4052 +1.988559006e-07 +1.988559006e-07 +8.143200002e+02 +8.143200002e+02 -2.7941e+00 -3.8573e+00 +3.8541e+00 -1.2231e+00 +2.0784e+00
4207 +1.464244406e-07 +1.464244406e-07 +8.143200001e+02 +8.143200001e+02 -2.7951e+00 -3.8608e+00 +3.8529e+00 -1.2221e+00 +2.0799e+00
4272 +6.107302397e-08 +6.107302397e-08 +8.143200001e+02 +8.143200001e+02 -2.7950e+00 -3.8599e+00 +3.8532e+00 -1.2221e+00 +2.0794e+00
4524 +2.930232768e-08 +2.930232768e-08 +8.143200000e+02 +8.143200000e+02 -2.7942e+00 -3.8573e+00 +3.8544e+00 -1.2233e+00 +2.0773e+00
4619 +1.583134690e-08 +1.583134690e-08 +8.143200000e+02 +8.143200000e+02 -2.7944e+00 -3.8578e+00 +3.8542e+00 -1.2232e+00 +2.0773e+00
4829 +9.673385648e-09 +9.673385648e-09 +8.143200000e+02 +8.143200000e+02 -2.7943e+00 -3.8579e+00 +3.8542e+00 -1.2232e+00 +2.0774e+00
% function evaluation | noise-free fitness - Fopt (-6.205000000000e+01) | best noise-free fitness - Fopt | measured fitness | best measured fitness | x1 | x2...
1 +5.868589300e+02 +5.868589300e+02 +5.248089300e+02 +5.248089300e+02 -4.7518e+00 +3.4190e+00 +4.9726e+00 +7.8123e-02 +4.9552e+00
2 +1.915852905e+02 +1.915852905e+02 +1.295352905e+02 +1.295352905e+02 -3.2494e+00 +1.4763e+00 +3.9039e+00 -4.0982e+00 -1.9670e+00
3 +1.043266430e+02 +1.043266430e+02 +4.227664299e+01 +4.227664299e+01 +1.6766e-01 -2.2473e+00 +3.4143e+00 -1.9282e+00 +2.0343e+00
4 +2.861086565e+01 +2.861086565e+01 -3.343913435e+01 -3.343913435e+01 +3.4351e+00 -4.2410e+00 -2.1758e+00 +2.0232e+00 +1.7815e+00
5 +1.430566909e+01 +1.430566909e+01 -4.774433091e+01 -4.774433091e+01 +2.1706e-01 -2.1019e+00 -3.4714e+00 +3.3948e+00 -2.2359e+00
16 +6.313057266e+00 +6.313057266e+00 -5.573694273e+01 -5.573694273e+01 +2.1166e+00 -3.0815e+00 +2.4587e-01 +4.3025e+00 -2.3845e-01
25 +5.713665131e+00 +5.713665131e+00 -5.633633487e+01 -5.633633487e+01 +3.9297e+00 -9.6769e-01 +9.1088e-01 +4.7933e+00 -3.0401e+00
111 +2.893942100e+00 +2.893942100e+00 -5.915605790e+01 -5.915605790e+01 +2.0764e+00 -1.0148e+00 +7.1615e-01 +5.4635e-01 -3.3552e+00
116 +1.230437220e+00 +1.230437220e+00 -6.081956278e+01 -6.081956278e+01 +2.5317e+00 -7.0424e-01 -1.8760e-01 +3.1907e+00 -2.0330e+00
125 +6.030505475e-01 +6.030505475e-01 -6.144694945e+01 -6.144694945e+01 +1.9291e+00 -8.4421e-01 -5.3086e-01 +2.8633e+00 -1.9132e+00
677 +3.880502400e-01 +3.880502400e-01 -6.166194976e+01 -6.166194976e+01 +2.2478e+00 -3.4497e-02 -6.5761e-01 +2.3219e+00 -2.2760e+00
793 +2.381262416e-01 +2.381262416e-01 -6.181187376e+01 -6.181187376e+01 +1.6061e+00 -8.4570e-01 -6.5021e-01 +2.1584e+00 -1.4150e+00
908 +1.046648951e-01 +1.046648951e-01 -6.194533510e+01 -6.194533510e+01 +1.9323e+00 -2.8345e-01 -5.7454e-01 +1.9803e+00 -1.8715e+00
950 +1.164303000e-02 +1.164303000e-02 -6.203835697e+01 -6.203835697e+01 +2.0359e+00 -4.9537e-01 -5.8878e-01 +2.1156e+00 -1.6582e+00
1517 +5.433191262e-03 +5.433191262e-03 -6.204456681e+01 -6.204456681e+01 +2.1150e+00 -4.5681e-01 -6.0268e-01 +2.0864e+00 -1.6710e+00
1651 +1.112698226e-03 +1.112698226e-03 -6.204888730e+01 -6.204888730e+01 +1.9627e+00 -5.6412e-01 -5.8781e-01 +2.0813e+00 -1.6879e+00
2086 +9.277075160e-04 +9.277075160e-04 -6.204907229e+01 -6.204907229e+01 +2.0196e+00 -4.9142e-01 -5.8247e-01 +2.0953e+00 -1.6879e+00
2164 +5.072035124e-04 +5.072035124e-04 -6.204949280e+01 -6.204949280e+01 +2.0708e+00 -4.7688e-01 -6.0867e-01 +2.0930e+00 -1.7074e+00
2257 +3.740313387e-04 +3.740313387e-04 -6.204962597e+01 -6.204962597e+01 +2.0645e+00 -4.8457e-01 -6.0900e-01 +2.0852e+00 -1.7062e+00
2340 +2.217081459e-04 +2.217081459e-04 -6.204977829e+01 -6.204977829e+01 +2.0534e+00 -4.8153e-01 -5.9921e-01 +2.0902e+00 -1.6981e+00
2468 +1.009683149e-04 +1.009683149e-04 -6.204989903e+01 -6.204989903e+01 +2.0151e+00 -5.1749e-01 -5.9917e-01 +2.0939e+00 -1.7097e+00
2487 +8.131107774e-05 +8.131107774e-05 -6.204991869e+01 -6.204991869e+01 +2.0310e+00 -5.0953e-01 -6.0510e-01 +2.0924e+00 -1.7138e+00
2713 +5.030424919e-05 +5.030424919e-05 -6.204994970e+01 -6.204994970e+01 +2.0301e+00 -4.9573e-01 -5.9463e-01 +2.0890e+00 -1.7002e+00
2865 +2.453427556e-05 +2.453427556e-05 -6.204997547e+01 -6.204997547e+01 +2.0025e+00 -5.0575e-01 -5.8299e-01 +2.0868e+00 -1.6912e+00
3010 +1.296469201e-05 +1.296469201e-05 -6.204998704e+01 -6.204998704e+01 +2.0236e+00 -5.0428e-01 -5.9704e-01 +2.0923e+00 -1.7072e+00
3018 +8.360765307e-06 +8.360765307e-06 -6.204999164e+01 -6.204999164e+01 +2.0284e+00 -5.0255e-01 -5.9612e-01 +2.0883e+00 -1.6982e+00
3160 +4.774833947e-06 +4.774833947e-06 -6.204999523e+01 -6.204999523e+01 +2.0136e+00 -5.0879e-01 -5.9268e-01 +2.0907e+00 -1.7022e+00
3203 +8.629415191e-07 +8.629415191e-07 -6.204999914e+01 -6.204999914e+01 +2.0260e+00 -5.0249e-01 -5.9587e-01 +2.0899e+00 -1.7016e+00
3783 +5.111181594e-07 +5.111181594e-07 -6.204999949e+01 -6.204999949e+01 +2.0188e+00 -5.0683e-01 -5.9428e-01 +2.0901e+00 -1.7017e+00
3933 +2.275418893e-07 +2.275418893e-07 -6.204999977e+01 -6.204999977e+01 +2.0218e+00 -5.0649e-01 -5.9601e-01 +2.0905e+00 -1.7032e+00
4106 +7.155978210e-08 +7.155978210e-08 -6.204999993e+01 -6.204999993e+01 +2.0244e+00 -5.0388e-01 -5.9594e-01 +2.0901e+00 -1.7024e+00
4319 +2.509893449e-08 +2.509893449e-08 -6.204999997e+01 -6.204999997e+01 +2.0253e+00 -5.0363e-01 -5.9627e-01 +2.0902e+00 -1.7025e+00
4633 +1.532873029e-08 +1.532873029e-08 -6.204999998e+01 -6.204999998e+01 +2.0263e+00 -5.0370e-01 -5.9702e-01 +2.0904e+00 -1.7032e+00
4777 +5.491394006e-09 +5.491394006e-09 -6.204999999e+01 -6.204999999e+01 +2.0261e+00 -5.0356e-01 -5.9681e-01 +2.0903e+00 -1.7030e+00
% function evaluation | noise-free fitness - Fopt (-4.328000000000e+01) | best noise-free fitness - Fopt | measured fitness | best measured fitness | x1 | x2...
1 +2.618839724e+01 +2.618839724e+01 -1.709160276e+01 -1.709160276e+01 -4.7518e+00 +3.4190e+00 +4.9726e+00 +7.8123e-02 +4.9552e+00
3 +2.463865779e+01 +2.463865779e+01 -1.864134221e+01 -1.864134221e+01 +1.6766e-01 -2.2473e+00 +3.4143e+00 -1.9282e+00 +2.0343e+00
8 +4.599798444e+00 +4.599798444e+00 -3.868020156e+01 -3.868020156e+01 -1.4197e-01 +1.5159e+00 -1.6019e+00 -4.0518e-01 +2.8696e+00
163 +2.821239066e+00 +2.821239066e+00 -4.045876093e+01 -4.045876093e+01 +5.5770e-01 +1.5186e+00 -4.6087e+00 +1.1682e+00 +3.5524e+00
253 +8.960454959e-01 +8.960454959e-01 -4.238395450e+01 -4.238395450e+01 -6.6230e-01 +3.3857e+00 -2.4882e+00 +1.7166e+00 +3.9829e+00
421 +4.135486310e-01 +4.135486310e-01 -4.286645137e+01 -4.286645137e+01 -5.8083e-02 +2.3264e+00 -2.7535e+00 +1.2630e+00 +3.0053e+00
627 +1.477702328e-01 +1.477702328e-01 -4.313222977e+01 -4.313222977e+01 -3.6975e-01 +2.3967e+00 -2.9409e+00 +1.3147e+00 +3.0125e+00
801 +9.092605634e-02 +9.092605634e-02 -4.318907394e+01 -4.318907394e+01 -1.5478e-01 +2.4919e+00 -2.9066e+00 +1.5165e+00 +3.3614e+00
1026 +3.948028339e-02 +3.948028339e-02 -4.324051972e+01 -4.324051972e+01 -4.0490e-01 +2.5437e+00 -2.9313e+00 +1.4623e+00 +3.4052e+00
1385 +2.124625399e-02 +2.124625399e-02 -4.325875375e+01 -4.325875375e+01 -5.1010e-01 +2.6041e+00 -2.9073e+00 +1.5708e+00 +3.2341e+00
1417 +1.295974667e-02 +1.295974667e-02 -4.326704025e+01 -4.326704025e+01 -3.7943e-01 +2.6189e+00 -2.9151e+00 +1.5254e+00 +3.2131e+00
1559 +5.685544657e-03 +5.685544657e-03 -4.327431446e+01 -4.327431446e+01 -4.4935e-01 +2.6047e+00 -2.9090e+00 +1.6473e+00 +3.1941e+00
1645 +3.769007371e-03 +3.769007371e-03 -4.327623099e+01 -4.327623099e+01 -4.4816e-01 +2.6897e+00 -2.8708e+00 +1.6278e+00 +3.1951e+00
1841 +1.821091821e-03 +1.821091821e-03 -4.327817891e+01 -4.327817891e+01 -5.3764e-01 +2.5983e+00 -2.9261e+00 +1.6045e+00 +3.0776e+00
1928 +1.372071975e-04 +1.372071975e-04 -4.327986279e+01 -4.327986279e+01 -4.9236e-01 +2.6286e+00 -2.9091e+00 +1.5973e+00 +3.1230e+00
2263 +6.664649270e-05 +6.664649270e-05 -4.327993335e+01 -4.327993335e+01 -4.6936e-01 +2.6381e+00 -2.9017e+00 +1.6102e+00 +3.1454e+00
2452 +1.349801067e-05 +1.349801067e-05 -4.327998650e+01 -4.327998650e+01 -4.9585e-01 +2.6400e+00 -2.9046e+00 +1.6109e+00 +3.1146e+00
2891 +2.961333465e-06 +2.961333465e-06 -4.327999704e+01 -4.327999704e+01 -4.9059e-01 +2.6455e+00 -2.9014e+00 +1.6228e+00 +3.1165e+00
3056 +2.014317239e-06 +2.014317239e-06 -4.327999799e+01 -4.327999799e+01 -4.9430e-01 +2.6444e+00 -2.9024e+00 +1.6219e+00 +3.1124e+00
3253 +1.346123021e-06 +1.346123021e-06 -4.327999865e+01 -4.327999865e+01 -4.9456e-01 +2.6427e+00 -2.9032e+00 +1.6193e+00 +3.1132e+00
3560 +7.204341159e-07 +7.204341159e-07 -4.327999928e+01 -4.327999928e+01 -4.9239e-01 +2.6426e+00 -2.9029e+00 +1.6188e+00 +3.1160e+00
3678 +5.524752993e-07 +5.524752993e-07 -4.327999945e+01 -4.327999945e+01 -4.9338e-01 +2.6424e+00 -2.9032e+00 +1.6178e+00 +3.1152e+00
3710 +2.547645295e-07 +2.547645295e-07 -4.327999975e+01 -4.327999975e+01 -4.9175e-01 +2.6424e+00 -2.9029e+00 +1.6186e+00 +3.1167e+00
3870 +2.188756909e-07 +2.188756909e-07 -4.327999978e+01 -4.327999978e+01 -4.9157e-01 +2.6430e+00 -2.9026e+00 +1.6188e+00 +3.1169e+00
3876 +1.412997079e-07 +1.412997079e-07 -4.327999986e+01 -4.327999986e+01 -4.8534e-01 +2.6416e+00 -2.9024e+00 +1.6192e+00 +3.1238e+00
4003 +5.444089624e-08 +5.444089624e-08 -4.327999995e+01 -4.327999995e+01 -4.8895e-01 +2.6428e+00 -2.9024e+00 +1.6196e+00 +3.1196e+00
4179 +3.713913088e-08 +3.713913088e-08 -4.327999996e+01 -4.327999996e+01 -4.8818e-01 +2.6428e+00 -2.9023e+00 +1.6201e+00 +3.1203e+00
4256 +1.835418573e-08 +1.835418573e-08 -4.327999998e+01 -4.327999998e+01 -4.8932e-01 +2.6431e+00 -2.9023e+00 +1.6199e+00 +3.1191e+00
4454 +1.058389643e-08 +1.058389643e-08 -4.327999999e+01 -4.327999999e+01 -4.8894e-01 +2.6430e+00 -2.9023e+00 +1.6198e+00 +3.1195e+00
4517 +7.356703691e-09 +7.356703691e-09 -4.327999999e+01 -4.327999999e+01 -4.8834e-01 +2.6424e+00 -2.9024e+00 +1.6191e+00 +3.1205e+00
4518 +1.288420037e-09 +1.288420037e-09 -4.328000000e+01 -4.328000000e+01 -4.8793e-01 +2.6423e+00 -2.9024e+00 +1.6191e+00 +3.1209e+00
% function evaluation | noise-free fitness - Fopt (-3.916000000000e+01) | best noise-free fitness - Fopt | measured fitness | best measured fitness | x1 | x2...
1 +4.461849565e+01 +4.461849565e+01 +5.458495648e+00 +5.458495648e+00 -4.7518e+00 +3.4190e+00 +4.9726e+00 +7.8123e-02 +4.9552e+00
3 +1.859210993e+01 +1.859210993e+01 -2.056789007e+01 -2.056789007e+01 +1.6766e-01 -2.2473e+00 +3.4143e+00 -1.9282e+00 +2.0343e+00
11 +8.965660796e+00 +8.965660796e+00 -3.019433920e+01 -3.019433920e+01 -2.5413e+00 +2.1374e-02 -5.8656e-01 +5.2793e-01 -3.3948e-01
15 +5.761938956e+00 +5.761938956e+00 -3.339806104e+01 -3.339806104e+01 -1.0543e+00 +1.0264e+00 +3.1087e+00 +3.5881e+00 -1.3424e+00
168 +2.822148553e+00 +2.822148553e+00 -3.633785145e+01 -3.633785145e+01 -3.3246e+00 +3.2889e+00 +2.5030e+00 +1.6477e+00 -2.4105e+00
238 +9.666871949e-01 +9.666871949e-01 -3.819331281e+01 -3.819331281e+01 -2.8158e+00 +2.5586e+00 +2.8224e+00 +2.5625e+00 -2.7396e+00
632 +4.686563777e-01 +4.686563777e-01 -3.869134362e+01 -3.869134362e+01 -3.8253e+00 +2.2456e+00 +2.4090e+00 +2.7967e+00 -3.2706e+00
756 +8.084969276e-02 +8.084969276e-02 -3.907915031e+01 -3.907915031e+01 -3.9076e+00 +1.7300e+00 +2.2665e+00 +2.8795e+00 -3.0346e+00
1240 +4.506615746e-02 +4.506615746e-02 -3.911493384e+01 -3.911493384e+01 -3.6927e+00 +2.0549e+00 +2.3658e+00 +2.8950e+00 -2.7694e+00
1309 +2.552090575e-02 +2.552090575e-02 -3.913447909e+01 -3.913447909e+01 -3.6299e+00 +1.9727e+00 +2.5212e+00 +2.8718e+00 -2.9053e+00
1425 +2.481209518e-02 +2.481209518e-02 -3.913518790e+01 -3.913518790e+01 -3.7613e+00 +1.9321e+00 +2.3960e+00 +3.0347e+00 -2.8010e+00
1644 +1.481710233e-02 +1.481710233e-02 -3.914518290e+01 -3.914518290e+01 -3.7432e+00 +1.9804e+00 +2.4360e+00 +2.9150e+00 -2.8157e+00
1677 +7.010115867e-03 +7.010115867e-03 -3.915298988e+01 -3.915298988e+01 -3.5757e+00 +1.8607e+00 +2.6139e+00 +2.7482e+00 -3.0616e+00
1811 +5.952827042e-03 +5.952827042e-03 -3.915404717e+01 -3.915404717e+01 -3.6161e+00 +1.8645e+00 +2.6053e+00 +2.8560e+00 -3.0034e+00
1940 +3.012761880e-03 +3.012761880e-03 -3.915698724e+01 -3.915698724e+01 -3.6389e+00 +1.8379e+00 +2.5578e+00 +2.8581e+00 -3.0221e+00
1990 +2.154815780e-03 +2.154815780e-03 -3.915784518e+01 -3.915784518e+01 -3.5962e+00 +1.8584e+00 +2.5705e+00 +2.7864e+00 -3.0342e+00
2019 +1.213721911e-03 +1.213721911e-03 -3.915878628e+01 -3.915878628e+01 -3.6126e+00 +1.8871e+00 +2.5447e+00 +2.8696e+00 -2.9667e+00
2095 +2.314523346e-04 +2.314523346e-04 -3.915976855e+01 -3.915976855e+01 -3.6185e+00 +1.8675e+00 +2.5504e+00 +2.8730e+00 -2.9868e+00
2437 +9.253907266e-05 +9.253907266e-05 -3.915990746e+01 -3.915990746e+01 -3.6514e+00 +1.8721e+00 +2.5166e+00 +2.8802e+00 -2.9689e+00
2944 +2.345358868e-05 +2.345358868e-05 -3.915997655e+01 -3.915997655e+01 -3.6497e+00 +1.8757e+00 +2.5193e+00 +2.8794e+00 -2.9662e+00
3159 +8.587349797e-06 +8.587349797e-06 -3.915999141e+01 -3.915999141e+01 -3.6494e+00 +1.8790e+00 +2.5205e+00 +2.8762e+00 -2.9641e+00
3410 +5.631054883e-06 +5.631054883e-06 -3.915999437e+01 -3.915999437e+01 -3.6406e+00 +1.8759e+00 +2.5307e+00 +2.8696e+00 -2.9726e+00
3512 +3.200114648e-06 +3.200114648e-06 -3.915999680e+01 -3.915999680e+01 -3.6433e+00 +1.8759e+00 +2.5286e+00 +2.8638e+00 -2.9740e+00
3597 +1.264874477e-06 +1.264874477e-06 -3.915999874e+01 -3.915999874e+01 -3.6384e+00 +1.8758e+00 +2.5328e+00 +2.8673e+00 -2.9743e+00
3604 +9.493879816e-07 +9.493879816e-07 -3.915999905e+01 -3.915999905e+01 -3.6423e+00 +1.8765e+00 +2.5291e+00 +2.8656e+00 -2.9729e+00
3973 +5.941256020e-07 +5.941256020e-07 -3.915999941e+01 -3.915999941e+01 -3.6390e+00 +1.8752e+00 +2.5326e+00 +2.8651e+00 -2.9755e+00
4053 +2.683342615e-07 +2.683342615e-07 -3.915999973e+01 -3.915999973e+01 -3.6434e+00 +1.8769e+00 +2.5277e+00 +2.8662e+00 -2.9719e+00
4122 +1.744659244e-07 +1.744659244e-07 -3.915999983e+01 -3.915999983e+01 -3.6407e+00 +1.8763e+00 +2.5310e+00 +2.8636e+00 -2.9744e+00
4334 +1.195292256e-07 +1.195292256e-07 -3.915999988e+01 -3.915999988e+01 -3.6423e+00 +1.8768e+00 +2.5289e+00 +2.8670e+00 -2.9721e+00
4486 +7.249843748e-08 +7.249843748e-08 -3.915999993e+01 -3.915999993e+01 -3.6452e+00 +1.8774e+00 +2.5258e+00 +2.8672e+00 -2.9705e+00
4508 +3.063186682e-08 +3.063186682e-08 -3.915999997e+01 -3.915999997e+01 -3.6444e+00 +1.8771e+00 +2.5267e+00 +2.8666e+00 -2.9712e+00
4708 +1.898074942e-08 +1.898074942e-08 -3.915999998e+01 -3.915999998e+01 -3.6423e+00 +1.8765e+00 +2.5290e+00 +2.8661e+00 -2.9727e+00
4855 +1.311656206e-08 +1.311656206e-08 -3.915999999e+01 -3.915999999e+01 -3.6442e+00 +1.8771e+00 +2.5268e+00 +2.8669e+00 -2.9711e+00
4858 +3.738861665e-09 +3.738861665e-09 -3.916000000e+01 -3.916000000e+01 -3.6429e+00 +1.8767e+00 +2.5284e+00 +2.8658e+00 -2.9724e+00
% function evaluation | noise-free fitness - Fopt (-1.732800000000e+02) | best noise-free fitness - Fopt | measured fitness | best measured fitness | x1 | x2...
1 +3.584260252e+01 +3.584260252e+01 -1.374373975e+02 -1.374373975e+02 -4.7518e+00 +3.4190e+00 +4.9726e+00 +7.8123e-02 +4.9552e+00
3 +2.158994171e+01 +2.158994171e+01 -1.516900583e+02 -1.516900583e+02 +1.6766e-01 -2.2473e+00 +3.4143e+00 -1.9282e+00 +2.0343e+00
7 +1.069307335e+01 +1.069307335e+01 -1.625869267e+02 -1.625869267e+02 -1.1039e+00 -2.1638e+00 +6.6075e-02 -3.5801e+00 +2.7993e+00
11 +8.467892065e+00 +8.467892065e+00 -1.648121079e+02 -1.648121079e+02 -2.5413e+00 +2.1374e-02 -5.8656e-01 +5.2793e-01 -3.3948e-01
49 +5.115207390e+00 +5.115207390e+00 -1.681647926e+02 -1.681647926e+02 -4.8780e+00 +1.5553e-01 -7.4034e-01 -1.7351e+00 +3.0626e+00
164 +3.744403074e+00 +3.744403074e+00 -1.695355969e+02 -1.695355969e+02 -3.6890e+00 -9.0268e-01 +3.9715e+00 -1.6647e+00 +1.9106e+00
241 +1.858943439e+00 +1.858943439e+00 -1.714210566e+02 -1.714210566e+02 -1.8603e+00 -7.6933e-01 +2.2590e+00 -1.0564e+00 -8.0440e-01
421 +8.663892989e-01 +8.663892989e-01 -1.724136107e+02 -1.724136107e+02 -3.8140e+00 -2.7332e-01 +2.3843e+00 -1.1853e+00 +2.9404e-01
602 +5.523062930e-01 +5.523062930e-01 -1.727276937e+02 -1.727276937e+02 -3.4243e+00 -8.3078e-01 +2.3496e+00 -3.9701e-01 +9.9041e-02
660 +3.770069093e-01 +3.770069093e-01 -1.729029931e+02 -1.729029931e+02 -2.7653e+00 -1.0853e+00 +2.3342e+00 -1.2236e+00 -7.1616e-02
731 +2.501949473e-01 +2.501949473e-01 -1.730298051e+02 -1.730298051e+02 -2.7095e+00 -8.4071e-01 +2.2669e+00 -1.4626e+00 +6.3207e-01
754 +1.375681881e-01 +1.375681881e-01 -1.731424318e+02 -1.731424318e+02 -2.9550e+00 -7.2180e-01 +2.7285e+00 -1.1098e+00 +8.0062e-01
1158 +4.910439394e-02 +4.910439394e-02 -1.732308956e+02 -1.732308956e+02 -2.7303e+00 -7.2149e-01 +2.5498e+00 -9.8692e-01 +5.7763e-01
1272 +2.433690815e-02 +2.433690815e-02 -1.732556631e+02 -1.732556631e+02 -2.9739e+00 -1.0261e+00 +2.3254e+00 -1.0459e+00 +4.2718e-01
1277 +5.870607905e-03 +5.870607905e-03 -1.732741294e+02 -1.732741294e+02 -2.7610e+00 -8.4464e-01 +2.4778e+00 -1.0364e+00 +6.2122e-01
1755 +2.375745293e-03 +2.375745293e-03 -1.732776243e+02 -1.732776243e+02 -2.8160e+00 -8.6027e-01 +2.4691e+00 -1.0212e+00 +5.7936e-01
1817 +1.365612384e-03 +1.365612384e-03 -1.732786344e+02 -1.732786344e+02 -2.8915e+00 -9.0576e-01 +2.4555e+00 -1.0078e+00 +5.5491e-01
2211 +4.616101422e-04 +4.616101422e-04 -1.732795384e+02 -1.732795384e+02 -2.9032e+00 -8.9848e-01 +2.4744e+00 -1.0077e+00 +5.6415e-01
2288 +2.479272760e-04 +2.479272760e-04 -1.732797521e+02 -1.732797521e+02 -2.9295e+00 -9.1089e-01 +2.4717e+00 -9.9845e-01 +5.5788e-01
2635 +1.301938807e-04 +1.301938807e-04 -1.732798698e+02 -1.732798698e+02 -2.9386e+00 -9.1231e-01 +2.4758e+00 -9.8732e-01 +5.6760e-01
2754 +7.957762725e-05 +7.957762725e-05 -1.732799204e+02 -1.732799204e+02 -2.9117e+00 -9.0125e-01 +2.4769e+00 -9.7737e-01 +5.9184e-01
2809 +5.866617329e-05 +5.866617329e-05 -1.732799413e+02 -1.732799413e+02 -2.9161e+00 -9.0277e-01 +2.4777e+00 -9.8778e-01 +5.8208e-01
2816 +1.643189401e-05 +1.643189401e-05 -1.732799836e+02 -1.732799836e+02 -2.9245e+00 -9.0916e-01 +2.4733e+00 -9.8406e-01 +5.7862e-01
2966 +1.514913134e-05 +1.514913134e-05 -1.732799849e+02 -1.732799849e+02 -2.9276e+00 -9.0978e-01 +2.4744e+00 -9.8717e-01 +5.7514e-01
3061 +8.709374242e-06 +8.709374242e-06 -1.732799913e+02 -1.732799913e+02 -2.9132e+00 -9.0165e-01 +2.4785e+00 -9.7629e-01 +5.9548e-01
3204 +4.684441109e-06 +4.684441109e-06 -1.732799953e+02 -1.732799953e+02 -2.9143e+00 -9.0226e-01 +2.4780e+00 -9.8181e-01 +5.8949e-01
3351 +3.954897920e-06 +3.954897920e-06 -1.732799960e+02 -1.732799960e+02 -2.9154e+00 -9.0366e-01 +2.4762e+00 -9.8538e-01 +5.8400e-01
3427 +1.328280320e-06 +1.328280320e-06 -1.732799987e+02 -1.732799987e+02 -2.9254e+00 -9.0858e-01 +2.4749e+00 -9.8145e-01 +5.8153e-01
3501 +7.988731454e-07 +7.988731454e-07 -1.732799992e+02 -1.732799992e+02 -2.9189e+00 -9.0557e-01 +2.4757e+00 -9.8036e-01 +5.8675e-01
3790 +5.891740784e-07 +5.891740784e-07 -1.732799994e+02 -1.732799994e+02 -2.9200e+00 -9.0624e-01 +2.4752e+00 -9.8082e-01 +5.8524e-01
3801 +7.147340852e-08 +7.147340852e-08 -1.732799999e+02 -1.732799999e+02 -2.9193e+00 -9.0552e-01 +2.4760e+00 -9.8043e-01 +5.8656e-01
4393 +5.473006581e-08 +5.473006581e-08 -1.732799999e+02 -1.732799999e+02 -2.9178e+00 -9.0498e-01 +2.4759e+00 -9.8136e-01 +5.8641e-01
4532 +2.902640972e-08 +2.902640972e-08 -1.732800000e+02 -1.732800000e+02 -2.9163e+00 -9.0409e-01 +2.4763e+00 -9.8148e-01 +5.8747e-01
4577 +2.060968995e-08 +2.060968995e-08 -1.732800000e+02 -1.732800000e+02 -2.9172e+00 -9.0459e-01 +2.4761e+00 -9.8152e-01 +5.8674e-01
4728 +8.778329175e-09 +8.778329175e-09 -1.732800000e+02 -1.732800000e+02 -2.9164e+00 -9.0419e-01 +2.4762e+00 -9.8175e-01 +5.8707e-01
% function evaluation | noise-free fitness - Fopt (-1.017000000000e+01) | best noise-free fitness - Fopt | measured fitness | best measured fitness | x1 | x2...
1 +7.912411426e+01 +7.912411426e+01 +6.895411426e+01 +6.895411426e+01 -4.7518e+00 +3.4190e+00 +4.9726e+00 +7.8123e-02 +4.9552e+00
2 +3.583109251e+01 +3.583109251e+01 +2.566109251e+01 +2.566109251e+01 -3.2494e+00 +1.4763e+00 +3.9039e+00 -4.0982e+00 -1.9670e+00
3 +1.389455923e+01 +1.389455923e+01 +3.724559232e+00 +3.724559232e+00 +1.6766e-01 -2.2473e+00 +3.4143e+00 -1.9282e+00 +2.0343e+00
8 +8.257056033e+00 +8.257056033e+00 -1.912943967e+00 -1.912943967e+00 -1.4197e-01 +1.5159e+00 -1.6019e+00 -4.0518e-01 +2.8696e+00
22 +4.704777010e+00 +4.704777010e+00 -5.465222990e+00 -5.465222990e+00 +1.1921e+00 +4.5973e+00 +4.3383e+00 -1.7448e-01 +1.9443e+00
120 +3.431584776e+00 +3.431584776e+00 -6.738415224e+00 -6.738415224e+00 -5.8670e-02 +3.7934e+00 +2.5670e+00 +2.0409e-01 +3.3293e+00
214 +2.310659797e+00 +2.310659797e+00 -7.859340203e+00 -7.859340203e+00 +2.7812e+00 +1.4726e+00 +3.1766e+00 -3.3571e+00 +3.7292e+00
257 +1.210257791e+00 +1.210257791e+00 -8.959742209e+00 -8.959742209e+00 +2.0464e+00 +1.1838e+00 +3.5177e+00 -2.2170e+00 +2.6471e+00
445 +8.616761067e-01 +8.616761067e-01 -9.308323893e+00 -9.308323893e+00 +1.3740e+00 +1.4041e+00 +1.9825e+00 -9.7220e-01 +2.1902e+00
557 +5.547542718e-01 +5.547542718e-01 -9.615245728e+00 -9.615245728e+00 +1.4270e+00 +1.9928e+00 +1.7908e+00 -1.5189e+00 +2.7122e+00
744 +2.375977178e-01 +2.375977178e-01 -9.932402282e+00 -9.932402282e+00 +1.4353e+00 +1.1760e+00 +2.6131e+00 -1.3242e+00 +2.6192e+00
907 +1.232849219e-01 +1.232849219e-01 -1.004671508e+01 -1.004671508e+01 +1.3774e+00 +1.9237e+00 +2.4957e+00 -1.6295e+00 +3.0752e+00
963 +6.039318329e-02 +6.039318329e-02 -1.010960682e+01 -1.010960682e+01 +1.3963e+00 +1.5975e+00 +2.6582e+00 -1.4455e+00 +2.9719e+00
1168 +2.799159826e-02 +2.799159826e-02 -1.014200840e+01 -1.014200840e+01 +1.4162e+00 +1.6182e+00 +2.8241e+00 -1.3932e+00 +2.9703e+00
1366 +2.211213205e-02 +2.211213205e-02 -1.014788787e+01 -1.014788787e+01 +1.4726e+00 +1.8285e+00 +2.6485e+00 -1.5875e+00 +3.0641e+00
1453 +1.179276286e-02 +1.179276286e-02 -1.015820724e+01 -1.015820724e+01 +1.3637e+00 +1.6048e+00 +2.8242e+00 -1.5340e+00 +2.9246e+00
1552 +8.334596539e-03 +8.334596539e-03 -1.016166540e+01 -1.016166540e+01 +1.4855e+00 +1.7042e+00 +2.6137e+00 -1.5611e+00 +2.9338e+00
1775 +6.017918893e-03 +6.017918893e-03 -1.016398208e+01 -1.016398208e+01 +1.4337e+00 +1.6892e+00 +2.7217e+00 -1.5330e+00 +2.9773e+00
1812 +3.270182172e-03 +3.270182172e-03 -1.016672982e+01 -1.016672982e+01 +1.4691e+00 +1.7331e+00 +2.6392e+00 -1.6166e+00 +2.9200e+00
2036 +1.974558728e-03 +1.974558728e-03 -1.016802544e+01 -1.016802544e+01 +1.4608e+00 +1.7305e+00 +2.6567e+00 -1.6164e+00 +2.9330e+00
2156 +1.230828139e-03 +1.230828139e-03 -1.016876917e+01 -1.016876917e+01 +1.4318e+00 +1.7094e+00 +2.6724e+00 -1.6077e+00 +2.9411e+00
2184 +7.027944910e-04 +7.027944910e-04 -1.016929721e+01 -1.016929721e+01 +1.4739e+00 +1.7072e+00 +2.7131e+00 -1.5438e+00 +2.9415e+00
2354 +4.641887753e-04 +4.641887753e-04 -1.016953581e+01 -1.016953581e+01 +1.4663e+00 +1.7061e+00 +2.6798e+00 -1.5735e+00 +2.9272e+00
2449 +3.637793456e-04 +3.637793456e-04 -1.016963622e+01 -1.016963622e+01 +1.4626e+00 +1.7187e+00 +2.6843e+00 -1.5728e+00 +2.9490e+00
2609 +2.083182434e-04 +2.083182434e-04 -1.016979168e+01 -1.016979168e+01 +1.4585e+00 +1.7169e+00 +2.6784e+00 -1.5838e+00 +2.9408e+00
2681 +1.524813593e-04 +1.524813593e-04 -1.016984752e+01 -1.016984752e+01 +1.4578e+00 +1.7222e+00 +2.6711e+00 -1.5960e+00 +2.9386e+00
2867 +6.592629171e-05 +6.592629171e-05 -1.016993407e+01 -1.016993407e+01 +1.4462e+00 +1.7169e+00 +2.6936e+00 -1.5847e+00 +2.9508e+00
2958 +3.196765223e-05 +3.196765223e-05 -1.016996803e+01 -1.016996803e+01 +1.4406e+00 +1.7111e+00 +2.7069e+00 -1.5790e+00 +2.9512e+00
3127 +1.779333853e-05 +1.779333853e-05 -1.016998221e+01 -1.016998221e+01 +1.4381e+00 +1.7152e+00 +2.6981e+00 -1.5895e+00 +2.9516e+00
3215 +1.036121101e-05 +1.036121101e-05 -1.016998964e+01 -1.016998964e+01 +1.4435e+00 +1.7242e+00 +2.6845e+00 -1.5982e+00 +2.9531e+00
3425 +1.096345533e-06 +1.096345533e-06 -1.016999890e+01 -1.016999890e+01 +1.4459e+00 +1.7220e+00 +2.6862e+00 -1.5939e+00 +2.9510e+00
3802 +7.370926500e-07 +7.370926500e-07 -1.016999926e+01 -1.016999926e+01 +1.4444e+00 +1.7203e+00 +2.6892e+00 -1.5924e+00 +2.9510e+00
3817 +4.132147300e-07 +4.132147300e-07 -1.016999959e+01 -1.016999959e+01 +1.4452e+00 +1.7255e+00 +2.6826e+00 -1.5987e+00 +2.9528e+00
4236 +2.525229341e-07 +2.525229341e-07 -1.016999975e+01 -1.016999975e+01 +1.4466e+00 +1.7220e+00 +2.6861e+00 -1.5933e+00 +2.9507e+00
4277 +2.160884254e-07 +2.160884254e-07 -1.016999978e+01 -1.016999978e+01 +1.4438e+00 +1.7254e+00 +2.6836e+00 -1.5994e+00 +2.9534e+00
4386 +9.552955760e-08 +9.552955760e-08 -1.016999990e+01 -1.016999990e+01 +1.4457e+00 +1.7228e+00 +2.6855e+00 -1.5950e+00 +2.9515e+00
4457 +5.624158028e-08 +5.624158028e-08 -1.016999994e+01 -1.016999994e+01 +1.4447e+00 +1.7233e+00 +2.6858e+00 -1.5960e+00 +2.9522e+00
4511 +3.618825417e-08 +3.618825417e-08 -1.016999996e+01 -1.016999996e+01 +1.4445e+00 +1.7222e+00 +2.6871e+00 -1.5948e+00 +2.9518e+00
4651 +1.124534066e-08 +1.124534066e-08 -1.016999999e+01 -1.016999999e+01 +1.4445e+00 +1.7233e+00 +2.6857e+00 -1.5962e+00 +2.9521e+00
5057 +8.367708304e-09 +8.367708304e-09 -1.016999999e+01 -1.016999999e+01 +1.4450e+00 +1.7234e+00 +2.6852e+00 -1.5962e+00 +2.9520e+00
