% function evaluation | noise-free fitness - Fopt (-5.235000000000e+01) | best noise-free fitness - Fopt | measured fitness | best measured fitness | x1 | x2...
1 +1.263450435e+02 +1.263450435e+02 +7.399504353e+01 +7.399504353e+01 -4.7518e+00 +3.4190e+00 +4.9726e+00
2 +5.025641202e+01 +5.025641202e+01 -2.093587980e+00 -2.093587980e+00 +7.8123e-02 +4.9552e+00 -3.2494e+00
4 +3.790921853e+01 +3.790921853e+01 -1.444078147e+01 -1.444078147e+01 -1.9670e+00 +1.6766e-01 -2.2473e+00
5 +8.020495822e+00 +8.020495822e+00 -4.432950418e+01 -4.432950418e+01 +3.4143e+00 -1.9282e+00 +2.0343e+00
18 +5.625095518e+00 +5.625095518e+00 -4.672490448e+01 -4.672490448e+01 +2.1374e-02 -5.8656e-01 +5.2793e-01
28 +2.371184035e+00 +2.371184035e+00 -4.997881596e+01 -4.997881596e+01 -8.2328e-01 +2.1835e-01 +1.3382e+00
55 +1.161715120e+00 +1.161715120e+00 -5.118828488e+01 -5.118828488e+01 +2.9482e-01 -1.6478e+00 +2.6856e+00
71 +7.008141786e-01 +7.008141786e-01 -5.164918582e+01 -5.164918582e+01 -8.7209e-01 -7.1203e-01 +1.7178e+00
150 +4.966974106e-01 +4.966974106e-01 -5.185330259e+01 -5.185330259e+01 -7.8015e-01 -1.8597e+00 +2.7561e+00
204 +3.412014670e-01 +3.412014670e-01 -5.200879853e+01 -5.200879853e+01 -8.0548e-01 -6.0190e-01 +2.9964e+00
246 +1.811457211e-01 +1.811457211e-01 -5.216885428e+01 -5.216885428e+01 -5.8732e-01 -1.0376e+00 +2.5821e+00
265 +1.270951514e-01 +1.270951514e-01 -5.222290485e+01 -5.222290485e+01 -1.1348e+00 -1.2203e+00 +2.7594e+00
368 +2.661427809e-02 +2.661427809e-02 -5.232338572e+01 -5.232338572e+01 -8.6861e-01 -1.1853e+00 +2.5334e+00
462 +1.372732836e-02 +1.372732836e-02 -5.233627267e+01 -5.233627267e+01 -7.6785e-01 -1.2229e+00 +2.3900e+00
579 +9.918409946e-03 +9.918409946e-03 -5.234008159e+01 -5.234008159e+01 -8.6402e-01 -1.1492e+00 +2.6436e+00
589 +1.278472079e-03 +1.278472079e-03 -5.234872153e+01 -5.234872153e+01 -8.4905e-01 -1.2934e+00 +2.4480e+00
754 +9.157597393e-04 +9.157597393e-04 -5.234908424e+01 -5.234908424e+01 -8.6519e-01 -1.2169e+00 +2.5578e+00
816 +4.181646364e-04 +4.181646364e-04 -5.234958184e+01 -5.234958184e+01 -8.5258e-01 -1.2700e+00 +2.4798e+00
909 +2.235375130e-04 +2.235375130e-04 -5.234977646e+01 -5.234977646e+01 -8.6592e-01 -1.2604e+00 +2.5136e+00
1027 +1.241267217e-04 +1.241267217e-04 -5.234987587e+01 -5.234987587e+01 -8.6958e-01 -1.2339e+00 +2.5465e+00
1069 +6.598698116e-05 +6.598698116e-05 -5.234993401e+01 -5.234993401e+01 -8.6180e-01 -1.2551e+00 +2.5112e+00
1120 +5.033270298e-05 +5.033270298e-05 -5.234994967e+01 -5.234994967e+01 -8.6774e-01 -1.2605e+00 +2.5163e+00
1185 +3.430518350e-05 +3.430518350e-05 -5.234996569e+01 -5.234996569e+01 -8.6230e-01 -1.2514e+00 +2.5157e+00
1241 +1.963620136e-06 +1.963620136e-06 -5.234999804e+01 -5.234999804e+01 -8.6899e-01 -1.2487e+00 +2.5306e+00
1426 +1.430069467e-06 +1.430069467e-06 -5.234999857e+01 -5.234999857e+01 -8.7182e-01 -1.2471e+00 +2.5373e+00
1518 +3.598231118e-07 +3.598231118e-07 -5.234999964e+01 -5.234999964e+01 -8.7053e-01 -1.2473e+00 +2.5348e+00
1521 +2.083039377e-07 +2.083039377e-07 -5.234999979e+01 -5.234999979e+01 -8.7352e-01 -1.2431e+00 +2.5445e+00
1685 +1.149280209e-07 +1.149280209e-07 -5.234999989e+01 -5.234999989e+01 -8.7214e-01 -1.2450e+00 +2.5401e+00
1703 +4.292818545e-08 +4.292818545e-08 -5.234999996e+01 -5.234999996e+01 -8.7171e-01 -1.2456e+00 +2.5387e+00
1845 +1.053510346e-08 +1.053510346e-08 -5.234999999e+01 -5.234999999e+01 -8.7176e-01 -1.2453e+00 +2.5391e+00
2004 +9.872209716e-10 +9.872209716e-10 -5.235000000e+01 -5.235000000e+01 -8.7209e-01 -1.2447e+00 +2.5403e+00
% function evaluation | noise-free fitness - Fopt (-1.795400000000e+02) | best noise-free fitness - Fopt | measured fitness | best measured fitness | x1 | x2...
1 +1.621498927e+02 +1.621498927e+02 -1.739010726e+01 -1.739010726e+01 -4.7518e+00 +3.4190e+00 +4.9726e+00
2 +4.697644289e+00 +4.697644289e+00 -1.748423557e+02 -1.748423557e+02 +7.8123e-02 +4.9552e+00 -3.2494e+00
3 +3.490518102e+00 +3.490518102e+00 -1.760494819e+02 -1.760494819e+02 +1.4763e+00 +3.9039e+00 -4.0982e+00
20 +2.133604718e+00 +2.133604718e+00 -1.774063953e+02 -1.774063953e+02 +1.0595e+00 +4.9704e-01 -1.9615e+00
99 +1.538254090e+00 +1.538254090e+00 -1.780017459e+02 -1.780017459e+02 +6.1861e-01 -8.0454e-01 -4.3587e+00
123 +5.888676880e-01 +5.888676880e-01 -1.789511323e+02 -1.789511323e+02 +1.3244e+00 +2.6633e-01 -4.1495e+00
196 +5.542749008e-02 +5.542749008e-02 -1.794845725e+02 -1.794845725e+02 +1.0834e+00 +5.3175e-01 -3.6058e+00
399 +2.132440618e-02 +2.132440618e-02 -1.795186756e+02 -1.795186756e+02 +1.0376e+00 +4.9797e-01 -3.4042e+00
541 +1.581104098e-02 +1.581104098e-02 -1.795241890e+02 -1.795241890e+02 +7.8882e-01 +5.2680e-01 -3.4028e+00
602 +8.155456765e-03 +8.155456765e-03 -1.795318445e+02 -1.795318445e+02 +8.3066e-01 +5.0249e-01 -3.4671e+00
606 +5.447397933e-03 +5.447397933e-03 -1.795345526e+02 -1.795345526e+02 +8.6425e-01 +5.1276e-01 -3.5113e+00
631 +2.194165479e-03 +2.194165479e-03 -1.795378058e+02 -1.795378058e+02 +9.1537e-01 +5.0104e-01 -3.4745e+00
682 +6.647982424e-04 +6.647982424e-04 -1.795393352e+02 -1.795393352e+02 +8.7704e-01 +5.0415e-01 -3.4533e+00
811 +6.143132283e-04 +6.143132283e-04 -1.795393857e+02 -1.795393857e+02 +8.7290e-01 +5.0474e-01 -3.4457e+00
866 +3.759210895e-04 +3.759210895e-04 -1.795396241e+02 -1.795396241e+02 +8.4450e-01 +5.0789e-01 -3.4542e+00
941 +1.491940132e-04 +1.491940132e-04 -1.795398508e+02 -1.795398508e+02 +8.1842e-01 +5.1140e-01 -3.4579e+00
975 +7.329543647e-05 +7.329543647e-05 -1.795399267e+02 -1.795399267e+02 +8.1803e-01 +5.1111e-01 -3.4530e+00
1020 +1.967019264e-05 +1.967019264e-05 -1.795399803e+02 -1.795399803e+02 +7.9810e-01 +5.1328e-01 -3.4510e+00
1222 +1.025609811e-05 +1.025609811e-05 -1.795399897e+02 -1.795399897e+02 +7.8438e-01 +5.1487e-01 -3.4509e+00
1246 +7.464298136e-06 +7.464298136e-06 -1.795399925e+02 -1.795399925e+02 +7.9787e-01 +5.1302e-01 -3.4466e+00
1293 +1.204293852e-06 +1.204293852e-06 -1.795399988e+02 -1.795399988e+02 +7.9544e-01 +5.1342e-01 -3.4484e+00
1503 +4.273097431e-07 +4.273097431e-07 -1.795399996e+02 -1.795399996e+02 +7.9016e-01 +5.1399e-01 -3.4480e+00
1518 +2.600139055e-07 +2.600139055e-07 -1.795399997e+02 -1.795399997e+02 +7.9635e-01 +5.1327e-01 -3.4478e+00
1547 +1.823561604e-07 +1.823561604e-07 -1.795399998e+02 -1.795399998e+02 +7.9750e-01 +5.1315e-01 -3.4479e+00
1727 +9.880977814e-08 +9.880977814e-08 -1.795399999e+02 -1.795399999e+02 +7.9551e-01 +5.1339e-01 -3.4481e+00
1747 +4.275429433e-08 +4.275429433e-08 -1.795400000e+02 -1.795400000e+02 +7.9113e-01 +5.1388e-01 -3.4480e+00
1831 +2.820198119e-08 +2.820198119e-08 -1.795400000e+02 -1.795400000e+02 +7.9563e-01 +5.1336e-01 -3.4479e+00
1874 +2.039152491e-08 +2.039152491e-08 -1.795400000e+02 -1.795400000e+02 +7.9594e-01 +5.1333e-01 -3.4480e+00
1926 +5.493632216e-09 +5.493632216e-09 -1.795400000e+02 -1.795400000e+02 +7.9285e-01 +5.1368e-01 -3.4480e+00
% function evaluation | noise-free fitness - Fopt (7.731000000000e+01) | best noise-free fitness - Fopt | measured fitness | best measured fitness | x1 | x2...
1 +9.437609745e+01 +9.437609745e+01 +1.716860974e+02 +1.716860974e+02 -4.7518e+00 +3.4190e+00 +4.9726e+00
2 +1.259041176e+01 +1.259041176e+01 +8.990041176e+01 +8.990041176e+01 +7.8123e-02 +4.9552e+00 -3.2494e+00
4 +6.162571183e+00 +6.162571183e+00 +8.347257118e+01 +8.347257118e+01 -1.9670e+00 +1.6766e-01 -2.2473e+00
13 +1.991408592e+00 +1.991408592e+00 +7.930140859e+01 +7.930140859e+01 +1.5159e+00 -1.6019e+00 -4.0518e-01
20 +9.032364705e-01 +9.032364705e-01 +7.821323647e+01 +7.821323647e+01 +1.0595e+00 +4.9704e-01 -1.9615e+00
221 +3.534858549e-01 +3.534858549e-01 +7.766348585e+01 +7.766348585e+01 +7.4278e-01 -1.2473e-01 -1.8379e+00
297 +1.689544133e-01 +1.689544133e-01 +7.747895441e+01 +7.747895441e+01 +1.4004e+00 -5.3170e-01 -2.2995e+00
369 +1.094882544e-01 +1.094882544e-01 +7.741948825e+01 +7.741948825e+01 +7.8197e-01 -5.8049e-01 -2.2152e+00
427 +6.293211294e-02 +6.293211294e-02 +7.737293211e+01 +7.737293211e+01 +1.1422e+00 -3.5628e-01 -1.9198e+00
526 +3.009257662e-02 +3.009257662e-02 +7.734009258e+01 +7.734009258e+01 +1.0597e+00 -5.9329e-01 -2.2378e+00
533 +1.434504905e-02 +1.434504905e-02 +7.732434505e+01 +7.732434505e+01 +9.3831e-01 -6.3237e-01 -2.1740e+00
601 +4.305297453e-03 +4.305297453e-03 +7.731430530e+01 +7.731430530e+01 +8.5599e-01 -6.4854e-01 -2.1506e+00
620 +2.655120185e-03 +2.655120185e-03 +7.731265512e+01 +7.731265512e+01 +8.4195e-01 -6.7206e-01 -2.1814e+00
747 +8.613335320e-04 +8.613335320e-04 +7.731086133e+01 +7.731086133e+01 +8.2987e-01 -6.6396e-01 -2.1621e+00
879 +3.107193268e-05 +3.107193268e-05 +7.731003107e+01 +7.731003107e+01 +8.7371e-01 -6.2232e-01 -2.1317e+00
1170 +2.364375264e-05 +2.364375264e-05 +7.731002364e+01 +7.731002364e+01 +9.0574e-01 -6.0175e-01 -2.1251e+00
1233 +1.531458516e-05 +1.531458516e-05 +7.731001531e+01 +7.731001531e+01 +8.9176e-01 -6.1024e-01 -2.1271e+00
1353 +8.562070988e-06 +8.562070988e-06 +7.731000856e+01 +7.731000856e+01 +8.8243e-01 -6.1927e-01 -2.1340e+00
1362 +4.763140907e-06 +4.763140907e-06 +7.731000476e+01 +7.731000476e+01 +9.0502e-01 -6.0181e-01 -2.1246e+00
1428 +2.515511795e-06 +2.515511795e-06 +7.731000252e+01 +7.731000252e+01 +8.9232e-01 -6.1050e-01 -2.1281e+00
1449 +2.048001079e-06 +2.048001079e-06 +7.731000205e+01 +7.731000205e+01 +8.8874e-01 -6.1324e-01 -2.1295e+00
1472 +1.438774760e-06 +1.438774760e-06 +7.731000144e+01 +7.731000144e+01 +8.9454e-01 -6.0825e-01 -2.1262e+00
1484 +8.012036830e-07 +8.012036830e-07 +7.731000080e+01 +7.731000080e+01 +8.9612e-01 -6.0716e-01 -2.1258e+00
1496 +5.924471083e-07 +5.924471083e-07 +7.731000059e+01 +7.731000059e+01 +8.9036e-01 -6.1152e-01 -2.1281e+00
1563 +2.114384756e-07 +2.114384756e-07 +7.731000021e+01 +7.731000021e+01 +8.9075e-01 -6.1144e-01 -2.1283e+00
1612 +7.670720947e-08 +7.670720947e-08 +7.731000008e+01 +7.731000008e+01 +8.9820e-01 -6.0582e-01 -2.1254e+00
1704 +1.980539821e-08 +1.980539821e-08 +7.731000002e+01 +7.731000002e+01 +8.9637e-01 -6.0703e-01 -2.1258e+00
1972 +1.579864772e-08 +1.579864772e-08 +7.731000002e+01 +7.731000002e+01 +8.9512e-01 -6.0809e-01 -2.1265e+00
2041 +9.154632608e-11 +9.154632608e-11 +7.731000000e+01 +7.731000000e+01 +8.9495e-01 -6.0818e-01 -2.1265e+00
% function evaluation | noise-free fitness - Fopt (3.992000000000e+01) | best noise-free fitness - Fopt | measured fitness | best measured fitness | x1 | x2...
1 +4.579215780e+01 +4.579215780e+01 +8.571215780e+01 +8.571215780e+01 -4.7518e+00 +3.4190e+00 +4.9726e+00
2 +2.891750156e+01 +2.891750156e+01 +6.883750156e+01 +6.883750156e+01 +7.8123e-02 +4.9552e+00 -3.2494e+00
4 +1.229459767e+01 +1.229459767e+01 +5.221459767e+01 +5.221459767e+01 -1.9670e+00 +1.6766e-01 -2.2473e+00
5 +1.065141993e+00 +1.065141993e+00 +4.098514199e+01 +4.098514199e+01 +3.4143e+00 -1.9282e+00 +2.0343e+00
116 +4.249275636e-01 +4.249275636e-01 +4.034492756e+01 +4.034492756e+01 +4.0553e+00 -2.5989e-01 +2.2072e+00
262 +7.309480600e-02 +7.309480600e-02 +3.999309481e+01 +3.999309481e+01 +4.0285e+00 -7.1618e-01 +2.5937e+00
281 +5.229430528e-02 +5.229430528e-02 +3.997229431e+01 +3.997229431e+01 +3.8886e+00 -1.1716e+00 +2.5557e+00
340 +2.829737787e-02 +2.829737787e-02 +3.994829738e+01 +3.994829738e+01 +3.8834e+00 -1.2718e+00 +2.2694e+00
460 +1.800429395e-02 +1.800429395e-02 +3.993800429e+01 +3.993800429e+01 +3.8719e+00 -1.2325e+00 +2.3759e+00
566 +7.478461079e-03 +7.478461079e-03 +3.992747846e+01 +3.992747846e+01 +4.0026e+00 -9.7261e-01 +2.3557e+00
585 +5.245859913e-03 +5.245859913e-03 +3.992524586e+01 +3.992524586e+01 +3.9934e+00 -9.1148e-01 +2.4337e+00
680 +3.060223157e-03 +3.060223157e-03 +3.992306022e+01 +3.992306022e+01 +3.9452e+00 -1.0058e+00 +2.4693e+00
797 +1.289145170e-03 +1.289145170e-03 +3.992128915e+01 +3.992128915e+01 +3.9509e+00 -1.0532e+00 +2.3988e+00
810 +6.436527356e-04 +6.436527356e-04 +3.992064365e+01 +3.992064365e+01 +3.9516e+00 -1.0523e+00 +2.4040e+00
820 +2.452535254e-04 +2.452535254e-04 +3.992024525e+01 +3.992024525e+01 +3.9514e+00 -1.0894e+00 +2.3598e+00
939 +9.447145058e-05 +9.447145058e-05 +3.992009447e+01 +3.992009447e+01 +3.9587e+00 -1.0455e+00 +2.3889e+00
1046 +5.111429608e-05 +5.111429608e-05 +3.992005111e+01 +3.992005111e+01 +3.9494e+00 -1.0819e+00 +2.3744e+00
1087 +1.485457707e-05 +1.485457707e-05 +3.992001485e+01 +3.992001485e+01 +3.9525e+00 -1.0660e+00 +2.3837e+00
1288 +8.520084208e-06 +8.520084208e-06 +3.992000852e+01 +3.992000852e+01 +3.9490e+00 -1.0764e+00 +2.3821e+00
1344 +4.500012430e-06 +4.500012430e-06 +3.992000450e+01 +3.992000450e+01 +3.9504e+00 -1.0678e+00 +2.3877e+00
1396 +1.840350130e-06 +1.840350130e-06 +3.992000184e+01 +3.992000184e+01 +3.9493e+00 -1.0760e+00 +2.3814e+00
1478 +1.489369211e-06 +1.489369211e-06 +3.992000149e+01 +3.992000149e+01 +3.9504e+00 -1.0693e+00 +2.3860e+00
1492 +5.193702535e-07 +5.193702535e-07 +3.992000052e+01 +3.992000052e+01 +3.9499e+00 -1.0725e+00 +2.3836e+00
1561 +1.090218404e-07 +1.090218404e-07 +3.992000011e+01 +3.992000011e+01 +3.9497e+00 -1.0733e+00 +2.3834e+00
1750 +7.701245863e-08 +7.701245863e-08 +3.992000008e+01 +3.992000008e+01 +3.9504e+00 -1.0692e+00 +2.3860e+00
1757 +2.626004658e-08 +2.626004658e-08 +3.992000003e+01 +3.992000003e+01 +3.9501e+00 -1.0711e+00 +2.3848e+00
1853 +2.282803990e-08 +2.282803990e-08 +3.992000002e+01 +3.992000002e+01 +3.9500e+00 -1.0716e+00 +2.3845e+00
1889 +1.231884994e-08 +1.231884994e-08 +3.992000001e+01 +3.992000001e+01 +3.9503e+00 -1.0699e+00 +2.3854e+00
1985 +6.823640319e-09 +6.823640319e-09 +3.992000001e+01 +3.992000001e+01 +3.9504e+00 -1.0696e+00 +2.3856e+00
% function evaluation | noise-free fitness - Fopt (-5.661000000000e+01) | best noise-free fitness - Fopt | measured fitness | best measured fitness | x1 | x2...
1 +6.920176176e+00 +6.920176176e+00 -4.968982382e+01 -4.968982382e+01 -4.7518e+00 +3.4190e+00 +4.9726e+00
54 +3.945023575e+00 +3.945023575e+00 -5.266497642e+01 -5.266497642e+01 -1.9746e+00 +2.4967e+00 +3.2395e+00
82 +1.843027901e+00 +1.843027901e+00 -5.476697210e+01 -5.476697210e+01 +7.4478e-01 +1.6497e+00 +3.6643e+00
85 +1.217028534e+00 +1.217028534e+00 -5.539297147e+01 -5.539297147e+01 +8.4574e-01 +3.7191e+00 +3.2743e+00
215 +6.014696201e-01 +6.014696201e-01 -5.600853038e+01 -5.600853038e+01 +1.3192e+00 +3.1267e+00 +2.8191e+00
301 +1.535102343e-01 +1.535102343e-01 -5.645648977e+01 -5.645648977e+01 +1.8108e+00 +3.2128e+00 +2.8716e+00
406 +7.713032354e-02 +7.713032354e-02 -5.653286968e+01 -5.653286968e+01 +1.8597e+00 +2.7236e+00 +3.0964e+00
494 +3.511457379e-02 +3.511457379e-02 -5.657488543e+01 -5.657488543e+01 +1.9039e+00 +2.7464e+00 +3.1968e+00
498 +4.301619927e-03 +4.301619927e-03 -5.660569838e+01 -5.660569838e+01 +1.9657e+00 +2.9390e+00 +3.2905e+00
542 +3.715409849e-03 +3.715409849e-03 -5.660628459e+01 -5.660628459e+01 +1.9356e+00 +2.9136e+00 +3.1182e+00
649 +1.379289286e-03 +1.379289286e-03 -5.660862071e+01 -5.660862071e+01 +1.9403e+00 +2.9348e+00 +3.1262e+00
797 +6.873485241e-04 +6.873485241e-04 -5.660931265e+01 -5.660931265e+01 +1.9501e+00 +2.8642e+00 +3.2503e+00
890 +4.560860715e-04 +4.560860715e-04 -5.660954391e+01 -5.660954391e+01 +1.9447e+00 +2.9500e+00 +3.1436e+00
930 +3.733962815e-04 +3.733962815e-04 -5.660962660e+01 -5.660962660e+01 +1.9459e+00 +2.9292e+00 +3.1691e+00
976 +2.308926837e-04 +2.308926837e-04 -5.660976911e+01 -5.660976911e+01 +1.9477e+00 +2.9274e+00 +3.1836e+00
1072 +1.491874358e-04 +1.491874358e-04 -5.660985081e+01 -5.660985081e+01 +1.9526e+00 +2.9240e+00 +3.2213e+00
1074 +8.725505255e-05 +8.725505255e-05 -5.660991274e+01 -5.660991274e+01 +1.9487e+00 +2.9431e+00 +3.1767e+00
1124 +4.080169276e-05 +4.080169276e-05 -5.660995920e+01 -5.660995920e+01 +1.9502e+00 +2.9233e+00 +3.2032e+00
1126 +1.836963262e-05 +1.836963262e-05 -5.660998163e+01 -5.660998163e+01 +1.9499e+00 +2.9244e+00 +3.2001e+00
1255 +7.622261300e-06 +7.622261300e-06 -5.660999238e+01 -5.660999238e+01 +1.9500e+00 +2.9282e+00 +3.1977e+00
1267 +5.644680563e-06 +5.644680563e-06 -5.660999436e+01 -5.660999436e+01 +1.9496e+00 +2.9257e+00 +3.1972e+00
1354 +2.259928841e-06 +2.259928841e-06 -5.660999774e+01 -5.660999774e+01 +1.9503e+00 +2.9205e+00 +3.2064e+00
1416 +9.415758839e-07 +9.415758839e-07 -5.660999906e+01 -5.660999906e+01 +1.9508e+00 +2.9162e+00 +3.2138e+00
1538 +4.444712260e-07 +4.444712260e-07 -5.660999956e+01 -5.660999956e+01 +1.9507e+00 +2.9196e+00 +3.2104e+00
1631 +3.874276402e-07 +3.874276402e-07 -5.660999961e+01 -5.660999961e+01 +1.9501e+00 +2.9249e+00 +3.2011e+00
1681 +1.875482027e-07 +1.875482027e-07 -5.660999981e+01 -5.660999981e+01 +1.9502e+00 +2.9226e+00 +3.2043e+00
1711 +1.305498145e-07 +1.305498145e-07 -5.660999987e+01 -5.660999987e+01 +1.9503e+00 +2.9218e+00 +3.2058e+00
1803 +2.522251918e-08 +2.522251918e-08 -5.660999997e+01 -5.660999997e+01 +1.9503e+00 +2.9233e+00 +3.2040e+00
2031 +7.006356384e-09 +7.006356384e-09 -5.660999999e+01 -5.660999999e+01 +1.9504e+00 +2.9224e+00 +3.2054e+00
% function evaluation | noise-free fitness - Fopt (5.134000000000e+01) | best noise-free fitness - Fopt | measured fitness | best measured fitness | x1 | x2...
1 +2.991694947e+02 +2.991694947e+02 +3.505094947e+02 +3.505094947e+02 -4.7518e+00 +3.4190e+00 +4.9726e+00
2 +1.523356809e+01 +1.523356809e+01 +6.657356809e+01 +6.657356809e+01 +7.8123e-02 +4.9552e+00 -3.2494e+00
3 +9.805763621e+00 +9.805763621e+00 +6.114576362e+01 +6.114576362e+01 +1.4763e+00 +3.9039e+00 -4.0982e+00
4 +4.771555028e+00 +4.771555028e+00 +5.611155503e+01 +5.611155503e+01 -1.9670e+00 +1.6766e-01 -2.2473e+00
11 +1.417276246e+00 +1.417276246e+00 +5.275727625e+01 +5.275727625e+01 -1.1039e+00 -2.1638e+00 +6.6075e-02
66 +8.073573290e-01 +8.073573290e-01 +5.214735733e+01 +5.214735733e+01 -2.9449e+00 -3.1009e+00 +2.0982e-01
95 +1.735799571e-01 +1.735799571e-01 +5.151357996e+01 +5.151357996e+01 -2.7805e+00 -1.9316e+00 +1.9490e-01
301 +1.180830134e-01 +1.180830134e-01 +5.145808301e+01 +5.145808301e+01 -2.4792e+00 -2.4285e+00 +4.3371e-01
395 +6.301937841e-02 +6.301937841e-02 +5.140301938e+01 +5.140301938e+01 -2.5552e+00 -2.1604e+00 +2.7280e-01
402 +3.266377804e-02 +3.266377804e-02 +5.137266378e+01 +5.137266378e+01 -2.4964e+00 -2.2774e+00 +4.5764e-01
514 +2.451572170e-02 +2.451572170e-02 +5.136451572e+01 +5.136451572e+01 -2.5144e+00 -2.3039e+00 +3.4008e-01
553 +5.037176433e-03 +5.037176433e-03 +5.134503718e+01 +5.134503718e+01 -2.5863e+00 -2.2583e+00 +2.1489e-01
696 +3.465656713e-03 +3.465656713e-03 +5.134346566e+01 +5.134346566e+01 -2.5343e+00 -2.3166e+00 +1.8235e-01
702 +1.980194587e-03 +1.980194587e-03 +5.134198019e+01 +5.134198019e+01 -2.5421e+00 -2.2870e+00 +2.3098e-01
796 +1.114934338e-03 +1.114934338e-03 +5.134111493e+01 +5.134111493e+01 -2.5662e+00 -2.2248e+00 +3.1863e-01
834 +6.457718455e-04 +6.457718455e-04 +5.134064577e+01 +5.134064577e+01 -2.5468e+00 -2.2535e+00 +2.9969e-01
848 +5.401778938e-04 +5.401778938e-04 +5.134054018e+01 +5.134054018e+01 -2.5577e+00 -2.2422e+00 +2.9908e-01
860 +2.789535203e-05 +2.789535203e-05 +5.134002790e+01 +5.134002790e+01 -2.5520e+00 -2.2616e+00 +2.6891e-01
1169 +1.279805974e-05 +1.279805974e-05 +5.134001280e+01 +5.134001280e+01 -2.5520e+00 -2.2618e+00 +2.6871e-01
1185 +8.584109459e-06 +8.584109459e-06 +5.134000858e+01 +5.134000858e+01 -2.5520e+00 -2.2479e+00 +2.9795e-01
1238 +3.775312265e-06 +3.775312265e-06 +5.134000378e+01 +5.134000378e+01 -2.5517e+00 -2.2537e+00 +2.8640e-01
1364 +2.034235592e-06 +2.034235592e-06 +5.134000203e+01 +5.134000203e+01 -2.5523e+00 -2.2584e+00 +2.7514e-01
1412 +7.328380747e-07 +7.328380747e-07 +5.134000073e+01 +5.134000073e+01 -2.5523e+00 -2.2539e+00 +2.8442e-01
1475 +1.247581807e-07 +1.247581807e-07 +5.134000012e+01 +5.134000012e+01 -2.5529e+00 -2.2555e+00 +2.7974e-01
1531 +6.995134072e-08 +6.995134072e-08 +5.134000007e+01 +5.134000007e+01 -2.5530e+00 -2.2540e+00 +2.8287e-01
1573 +1.253979320e-08 +1.253979320e-08 +5.134000001e+01 +5.134000001e+01 -2.5527e+00 -2.2548e+00 +2.8181e-01
1805 +8.916231309e-09 +8.916231309e-09 +5.134000001e+01 +5.134000001e+01 -2.5528e+00 -2.2552e+00 +2.8073e-01
1825 +5.233175671e-09 +5.233175671e-09 +5.134000001e+01 +5.134000001e+01 -2.5528e+00 -2.2546e+00 +2.8197e-01
% function evaluation | noise-free fitness - Fopt (-1.244000000000e+02) | best noise-free fitness - Fopt | measured fitness | best measured fitness | x1 | x2...
1 +2.107469779e+02 +2.107469779e+02 +8.634697794e+01 +8.634697794e+01 -4.7518e+00 +3.4190e+00 +4.9726e+00
2 +5.416796879e+01 +5.416796879e+01 -7.023203121e+01 -7.023203121e+01 +7.8123e-02 +4.9552e+00 -3.2494e+00
4 +1.406974694e+01 +1.406974694e+01 -1.103302531e+02 -1.103302531e+02 -1.9670e+00 +1.6766e-01 -2.2473e+00
8 +9.978367933e+00 +9.978367933e+00 -1.144216321e+02 -1.144216321e+02 -2.1019e+00 -3.4714e+00 +3.3948e+00
11 +5.478477434e+00 +5.478477434e+00 -1.189215226e+02 -1.189215226e+02 -1.1039e+00 -2.1638e+00 +6.6075e-02
18 +3.939061753e+00 +3.939061753e+00 -1.204609382e+02 -1.204609382e+02 +2.1374e-02 -5.8656e-01 +5.2793e-01
28 +1.959739467e+00 +1.959739467e+00 -1.224402605e+02 -1.224402605e+02 -8.2328e-01 +2.1835e-01 +1.3382e+00
40 +1.507723071e+00 +1.507723071e+00 -1.228922769e+02 -1.228922769e+02 -1.7048e-01 +7.7775e-01 +4.3015e+00
80 +8.720176420e-01 +8.720176420e-01 -1.235279824e+02 -1.235279824e+02 +5.7794e-01 +1.8501e+00 +2.8552e+00
164 +3.859105897e-01 +3.859105897e-01 -1.240140894e+02 -1.240140894e+02 -3.5735e-01 +7.7133e-01 +3.0928e+00
306 +2.147018342e-01 +2.147018342e-01 -1.241852982e+02 -1.241852982e+02 -2.3995e-01 +8.9787e-01 +3.2835e+00
326 +3.417580298e-02 +3.417580298e-02 -1.243658242e+02 -1.243658242e+02 +1.4231e-01 +8.3409e-01 +3.0757e+00
421 +1.270523510e-02 +1.270523510e-02 -1.243872948e+02 -1.243872948e+02 +1.2866e-01 +1.0247e+00 +2.9052e+00
544 +8.303114786e-03 +8.303114786e-03 -1.243916969e+02 -1.243916969e+02 +3.3597e-01 +8.0060e-01 +2.8886e+00
664 +6.279571509e-03 +6.279571509e-03 -1.243937204e+02 -1.243937204e+02 +3.4389e-01 +8.3695e-01 +2.8345e+00
723 +2.335435795e-03 +2.335435795e-03 -1.243976646e+02 -1.243976646e+02 +2.6470e-01 +8.9367e-01 +2.8730e+00
869 +1.529147385e-03 +1.529147385e-03 -1.243984709e+02 -1.243984709e+02 +2.9618e-01 +8.6389e-01 +2.8718e+00
913 +7.289748356e-04 +7.289748356e-04 -1.243992710e+02 -1.243992710e+02 +2.8302e-01 +8.7226e-01 +2.8830e+00
1005 +5.649124336e-04 +5.649124336e-04 -1.243994351e+02 -1.243994351e+02 +2.8512e-01 +8.5246e-01 +2.9039e+00
1047 +3.754467369e-04 +3.754467369e-04 -1.243996246e+02 -1.243996246e+02 +2.4794e-01 +8.8685e-01 +2.9080e+00
1065 +1.583598762e-04 +1.583598762e-04 -1.243998416e+02 -1.243998416e+02 +2.5160e-01 +8.9288e-01 +2.8958e+00
1078 +7.963985063e-05 +7.963985063e-05 -1.243999204e+02 -1.243999204e+02 +2.7131e-01 +8.7158e-01 +2.8977e+00
1165 +5.073600117e-05 +5.073600117e-05 -1.243999493e+02 -1.243999493e+02 +2.3276e-01 +9.0206e-01 +2.9089e+00
1205 +2.101902722e-05 +2.101902722e-05 -1.243999790e+02 -1.243999790e+02 +2.4677e-01 +8.9187e-01 +2.9038e+00
1266 +1.575782616e-05 +1.575782616e-05 -1.243999842e+02 -1.243999842e+02 +2.3514e-01 +8.9565e-01 +2.9142e+00
1298 +5.976927426e-06 +5.976927426e-06 -1.243999940e+02 -1.243999940e+02 +2.5464e-01 +8.8511e-01 +2.9022e+00
1512 +3.866115108e-06 +3.866115108e-06 -1.243999961e+02 -1.243999961e+02 +2.4970e-01 +8.8842e-01 +2.9044e+00
1543 +2.210438950e-06 +2.210438950e-06 -1.243999978e+02 -1.243999978e+02 +2.5854e-01 +8.8252e-01 +2.9005e+00
1545 +1.872940345e-07 +1.872940345e-07 -1.243999998e+02 -1.243999998e+02 +2.5285e-01 +8.8504e-01 +2.9047e+00
1593 +1.044242737e-07 +1.044242737e-07 -1.243999999e+02 -1.243999999e+02 +2.5070e-01 +8.8665e-01 +2.9054e+00
1650 +9.958731084e-08 +9.958731084e-08 -1.243999999e+02 -1.243999999e+02 +2.5022e-01 +8.8691e-01 +2.9057e+00
1713 +4.544411070e-08 +4.544411070e-08 -1.244000000e+02 -1.244000000e+02 +2.5175e-01 +8.8606e-01 +2.9048e+00
1925 +3.480219846e-08 +3.480219846e-08 -1.244000000e+02 -1.244000000e+02 +2.5439e-01 +8.8435e-01 +2.9035e+00
2023 +1.428523433e-08 +1.428523433e-08 -1.244000000e+02 -1.244000000e+02 +2.5265e-01 +8.8535e-01 +2.9045e+00
2028 +5.985839380e-09 +5.985839380e-09 -1.244000000e+02 -1.244000000e+02 +2.5222e-01 +8.8568e-01 +2.9047e+00
% function evaluation | noise-free fitness - Fopt (6.000000000000e-01) | best noise-free fitness - Fopt | measured fitness | best measured fitness | x1 | x2...
1 +8.509983686e+01 +8.509983686e+01 +8.569983686e+01 +8.569983686e+01 -4.7518e+00 +3.4190e+00 +4.9726e+00
2 +3.951894322e+01 +3.951894322e+01 +4.011894322e+01 +4.011894322e+01 +7.8123e-02 +4.9552e+00 -3.2494e+00
3 +2.094811438e+01 +2.094811438e+01 +2.154811438e+01 +2.154811438e+01 +1.4763e+00 +3.9039e+00 -4.0982e+00
5 +2.819389173e+00 +2.819389173e+00 +3.419389173e+00 +3.419389173e+00 +3.4143e+00 -1.9282e+00 +2.0343e+00
13 +1.219910836e+00 +1.219910836e+00 +1.819910836e+00 +1.819910836e+00 +1.5159e+00 -1.6019e+00 -4.0518e-01
76 +7.615356127e-01 +7.615356127e-01 +1.361535613e+00 +1.361535613e+00 +1.6482e+00 -1.9551e+00 +3.7119e-01
105 +3.357169196e-01 +3.357169196e-01 +9.357169196e-01 +9.357169196e-01 +2.9626e+00 -1.7905e+00 +6.1033e-01
213 +2.210819950e-01 +2.210819950e-01 +8.210819950e-01 +8.210819950e-01 +2.0396e+00 -1.9397e+00 -1.3198e-02
224 +2.584422983e-02 +2.584422983e-02 +6.258442298e-01 +6.258442298e-01 +2.3900e+00 -2.1217e+00 +1.1829e-02
339 +2.450819037e-02 +2.450819037e-02 +6.245081904e-01 +6.245081904e-01 +2.5636e+00 -2.0208e+00 +1.0981e-01
552 +7.589822511e-03 +7.589822511e-03 +6.075898225e-01 +6.075898225e-01 +2.6482e+00 -1.9539e+00 +1.4165e-01
559 +5.049718498e-03 +5.049718498e-03 +6.050497185e-01 +6.050497185e-01 +2.6506e+00 -2.0174e+00 +1.0503e-01
581 +1.712391070e-03 +1.712391070e-03 +6.017123911e-01 +6.017123911e-01 +2.5201e+00 -2.0222e+00 +6.9910e-02
730 +8.556351017e-04 +8.556351017e-04 +6.008556351e-01 +6.008556351e-01 +2.5394e+00 -2.0326e+00 +7.1178e-02
853 +2.570222234e-04 +2.570222234e-04 +6.002570222e-01 +6.002570222e-01 +2.5755e+00 -2.0260e+00 +8.4010e-02
916 +6.563255168e-05 +6.563255168e-05 +6.000656326e-01 +6.000656326e-01 +2.6012e+00 -1.9766e+00 +1.1071e-01
1075 +6.137635027e-05 +6.137635027e-05 +6.000613764e-01 +6.000613764e-01 +2.5882e+00 -1.9901e+00 +1.0180e-01
1081 +2.078109759e-05 +2.078109759e-05 +6.000207811e-01 +6.000207811e-01 +2.5972e+00 -1.9875e+00 +1.0535e-01
1126 +1.062281367e-05 +1.062281367e-05 +6.000106228e-01 +6.000106228e-01 +2.5964e+00 -1.9875e+00 +1.0510e-01
1239 +2.948579002e-06 +2.948579002e-06 +6.000029486e-01 +6.000029486e-01 +2.5998e+00 -1.9824e+00 +1.0807e-01
1287 +1.763712153e-06 +1.763712153e-06 +6.000017637e-01 +6.000017637e-01 +2.5984e+00 -1.9851e+00 +1.0664e-01
1353 +5.735629435e-07 +5.735629435e-07 +6.000005736e-01 +6.000005736e-01 +2.6014e+00 -1.9802e+00 +1.0941e-01
1410 +3.368789592e-07 +3.368789592e-07 +6.000003369e-01 +6.000003369e-01 +2.6049e+00 -1.9762e+00 +1.1202e-01
1626 +4.177819413e-08 +4.177819413e-08 +6.000000418e-01 +6.000000418e-01 +2.6046e+00 -1.9767e+00 +1.1172e-01
1835 +2.501284813e-08 +2.501284813e-08 +6.000000250e-01 +6.000000250e-01 +2.6053e+00 -1.9759e+00 +1.1226e-01
1903 +8.645421712e-09 +8.645421712e-09 +6.000000086e-01 +6.000000086e-01 +2.6036e+00 -1.9779e+00 +1.1098e-01
% function evaluation | noise-free fitness - Fopt (-4.071000000000e+01) | best noise-free fitness - Fopt | measured fitness | best measured fitness | x1 | x2...
1 +5.767455996e+02 +5.767455996e+02 +5.360355996e+02 +5.360355996e+02 -4.7518e+00 +3.4190e+00 +4.9726e+00
2 +1.055010944e+02 +1.055010944e+02 +6.479109438e+01 +6.479109438e+01 +7.8123e-02 +4.9552e+00 -3.2494e+00
3 +4.546860529e+01 +4.546860529e+01 +4.758605287e+00 +4.758605287e+00 +1.4763e+00 +3.9039e+00 -4.0982e+00
4 +2.638367123e+01 +2.638367123e+01 -1.432632877e+01 -1.432632877e+01 -1.9670e+00 +1.6766e-01 -2.2473e+00
5 +3.541180950e+00 +3.541180950e+00 -3.716881905e+01 -3.716881905e+01 +3.4143e+00 -1.9282e+00 +2.0343e+00
16 +7.892810217e-01 +7.892810217e-01 -3.992071898e+01 -3.992071898e+01 +3.1732e-01 -3.4667e+00 +6.8246e-01
141 +3.841550706e-01 +3.841550706e-01 -4.032584493e+01 -4.032584493e+01 +1.9941e-01 -2.6412e+00 +1.0196e+00
152 +2.415994042e-01 +2.415994042e-01 -4.046840060e+01 -4.046840060e+01 +5.8127e-01 -2.9259e+00 +8.0146e-01
215 +1.556711418e-01 +1.556711418e-01 -4.055432886e+01 -4.055432886e+01 +5.7142e-01 -2.7927e+00 +9.6012e-01
342 +4.778158616e-02 +4.778158616e-02 -4.066221841e+01 -4.066221841e+01 +6.8506e-01 -2.5920e+00 +1.6842e+00
517 +3.530418701e-02 +3.530418701e-02 -4.067469581e+01 -4.067469581e+01 +7.1692e-01 -2.6716e+00 +1.6091e+00
522 +1.673509319e-02 +1.673509319e-02 -4.069326491e+01 -4.069326491e+01 +6.0897e-01 -2.5215e+00 +1.5369e+00
542 +1.491547712e-02 +1.491547712e-02 -4.069508452e+01 -4.069508452e+01 +6.4573e-01 -2.6897e+00 +1.4606e+00
603 +5.037417901e-03 +5.037417901e-03 -4.070496258e+01 -4.070496258e+01 +6.3714e-01 -2.6505e+00 +1.4302e+00
627 +1.992022959e-03 +1.992022959e-03 -4.070800798e+01 -4.070800798e+01 +6.8414e-01 -2.7772e+00 +1.3879e+00
740 +9.354504286e-04 +9.354504286e-04 -4.070906455e+01 -4.070906455e+01 +6.5195e-01 -2.6951e+00 +1.4259e+00
781 +3.552055488e-04 +3.552055488e-04 -4.070964479e+01 -4.070964479e+01 +6.4621e-01 -2.7059e+00 +1.3925e+00
825 +1.093558002e-04 +1.093558002e-04 -4.070989064e+01 -4.070989064e+01 +6.4480e-01 -2.6908e+00 +1.4101e+00
984 +9.082337631e-05 +9.082337631e-05 -4.070990918e+01 -4.070990918e+01 +6.6422e-01 -2.7322e+00 +1.4038e+00
1044 +2.876258400e-05 +2.876258400e-05 -4.070997124e+01 -4.070997124e+01 +6.5328e-01 -2.7125e+00 +1.4024e+00
1114 +2.362022895e-05 +2.362022895e-05 -4.070997638e+01 -4.070997638e+01 +6.5799e-01 -2.7277e+00 +1.3938e+00
1162 +1.451874949e-05 +1.451874949e-05 -4.070998548e+01 -4.070998548e+01 +6.6601e-01 -2.7465e+00 +1.3889e+00
1173 +8.193609048e-06 +8.193609048e-06 -4.070999181e+01 -4.070999181e+01 +6.6141e-01 -2.7318e+00 +1.3971e+00
1279 +5.456544940e-06 +5.456544940e-06 -4.070999454e+01 -4.070999454e+01 +6.6254e-01 -2.7387e+00 +1.3906e+00
1300 +3.784910973e-06 +3.784910973e-06 -4.070999622e+01 -4.070999622e+01 +6.6262e-01 -2.7346e+00 +1.3964e+00
1317 +2.297751664e-06 +2.297751664e-06 -4.070999770e+01 -4.070999770e+01 +6.6253e-01 -2.7369e+00 +1.3931e+00
1387 +8.702334426e-07 +8.702334426e-07 -4.070999913e+01 -4.070999913e+01 +6.6108e-01 -2.7324e+00 +1.3955e+00
1451 +4.909589606e-07 +4.909589606e-07 -4.070999951e+01 -4.070999951e+01 +6.6099e-01 -2.7325e+00 +1.3951e+00
1484 +3.914096922e-07 +3.914096922e-07 -4.070999961e+01 -4.070999961e+01 +6.6131e-01 -2.7334e+00 +1.3946e+00
1565 +2.452990273e-07 +2.452990273e-07 -4.070999975e+01 -4.070999975e+01 +6.5914e-01 -2.7262e+00 +1.3989e+00
1646 +1.570244308e-07 +1.570244308e-07 -4.070999984e+01 -4.070999984e+01 +6.6115e-01 -2.7322e+00 +1.3959e+00
1682 +1.678657213e-08 +1.678657213e-08 -4.070999998e+01 -4.070999998e+01 +6.5935e-01 -2.7267e+00 +1.3988e+00
1763 +1.534534277e-08 +1.534534277e-08 -4.070999998e+01 -4.070999998e+01 +6.5959e-01 -2.7275e+00 +1.3983e+00
1835 +8.035208054e-09 +8.035208054e-09 -4.070999999e+01 -4.070999999e+01 +6.5952e-01 -2.7272e+00 +1.3985e+00
% function evaluation | noise-free fitness - Fopt (8.143200000000e+02) | best noise-free fitness - Fopt | measured fitness | best measured fitness | x1 | x2...
1 +3.184841447e+02 +3.184841447e+02 +1.132804145e+03 +1.132804145e+03 -4.7518e+00 +3.4190e+00 +4.9726e+00
2 +1.268281872e+02 +1.268281872e+02 +9.411481872e+02 +9.411481872e+02 +7.8123e-02 +4.9552e+00 -3.2494e+00
3 +9.195381706e+01 +9.195381706e+01 +9.062738171e+02 +9.062738171e+02 +1.4763e+00 +3.9039e+00 -4.0982e+00
4 +1.975281156e+01 +1.975281156e+01 +8.340728116e+02 +8.340728116e+02 -1.9670e+00 +1.6766e-01 -2.2473e+00
8 +7.954435218e-01 +7.954435218e-01 +8.151154435e+02 +8.151154435e+02 -2.1019e+00 -3.4714e+00 +3.3948e+00
168 +4.950221454e-01 +4.950221454e-01 +8.148150221e+02 +8.148150221e+02 -2.0776e+00 -3.4911e+00 +3.9314e+00
176 +3.754042525e-01 +3.754042525e-01 +8.146954043e+02 +8.146954043e+02 -2.9684e+00 -4.0911e+00 +3.3545e+00
275 +1.996942604e-01 +1.996942604e-01 +8.145196943e+02 +8.145196943e+02 -2.5473e+00 -3.8436e+00 +3.5120e+00
307 +1.432849251e-01 +1.432849251e-01 +8.144632849e+02 +8.144632849e+02 -2.7925e+00 -3.4456e+00 +4.1650e+00
407 +6.318227156e-03 +6.318227156e-03 +8.143263182e+02 +8.143263182e+02 -2.8121e+00 -4.0164e+00 +3.7733e+00
680 +3.302971868e-03 +3.302971868e-03 +8.143233030e+02 +8.143233030e+02 -2.8288e+00 -3.9689e+00 +3.8112e+00
756 +1.981346939e-03 +1.981346939e-03 +8.143219813e+02 +8.143219813e+02 -2.8294e+00 -3.9377e+00 +3.8347e+00
768 +1.218823500e-03 +1.218823500e-03 +8.143212188e+02 +8.143212188e+02 -2.7938e+00 -3.8492e+00 +3.8604e+00
801 +8.070464683e-04 +8.070464683e-04 +8.143208070e+02 +8.143208070e+02 -2.7706e+00 -3.7782e+00 +3.8835e+00
912 +3.682415631e-04 +3.682415631e-04 +8.143203682e+02 +8.143203682e+02 -2.7893e+00 -3.9106e+00 +3.8207e+00
1081 +1.374791732e-04 +1.374791732e-04 +8.143201375e+02 +8.143201375e+02 -2.7904e+00 -3.8720e+00 +3.8438e+00
1113 +5.515574833e-05 +5.515574833e-05 +8.143200552e+02 +8.143200552e+02 -2.8001e+00 -3.8890e+00 +3.8406e+00
1162 +1.898210621e-05 +1.898210621e-05 +8.143200190e+02 +8.143200190e+02 -2.7919e+00 -3.8499e+00 +3.8570e+00
1232 +1.535076535e-05 +1.535076535e-05 +8.143200154e+02 +8.143200154e+02 -2.7934e+00 -3.8673e+00 +3.8482e+00
1358 +7.321795351e-06 +7.321795351e-06 +8.143200073e+02 +8.143200073e+02 -2.7948e+00 -3.8666e+00 +3.8496e+00
1360 +6.244913379e-06 +6.244913379e-06 +8.143200062e+02 +8.143200062e+02 -2.7965e+00 -3.8696e+00 +3.8490e+00
1364 +3.259377877e-06 +3.259377877e-06 +8.143200033e+02 +8.143200033e+02 -2.7955e+00 -3.8665e+00 +3.8501e+00
1405 +1.955221364e-06 +1.955221364e-06 +8.143200020e+02 +8.143200020e+02 -2.7950e+00 -3.8670e+00 +3.8495e+00
1492 +1.578395768e-06 +1.578395768e-06 +8.143200016e+02 +8.143200016e+02 -2.7935e+00 -3.8589e+00 +3.8531e+00
1575 +8.242440117e-07 +8.242440117e-07 +8.143200008e+02 +8.143200008e+02 -2.7941e+00 -3.8595e+00 +3.8531e+00
1605 +5.856899179e-07 +5.856899179e-07 +8.143200006e+02 +8.143200006e+02 -2.7954e+00 -3.8616e+00 +3.8528e+00
1662 +1.060342356e-07 +1.060342356e-07 +8.143200001e+02 +8.143200001e+02 -2.7940e+00 -3.8541e+00 +3.8561e+00
1731 +6.866650892e-08 +6.866650892e-08 +8.143200001e+02 +8.143200001e+02 -2.7946e+00 -3.8577e+00 +3.8545e+00
1819 +5.593733476e-08 +5.593733476e-08 +8.143200001e+02 +8.143200001e+02 -2.7940e+00 -3.8543e+00 +3.8560e+00
1865 +3.933541848e-08 +3.933541848e-08 +8.143200000e+02 +8.143200000e+02 -2.7942e+00 -3.8546e+00 +3.8560e+00
1915 +2.000592758e-08 +2.000592758e-08 +8.143200000e+02 +8.143200000e+02 -2.7945e+00 -3.8572e+00 +3.8547e+00
1931 +9.982272786e-09 +9.982272786e-09 +8.143200000e+02 +8.143200000e+02 -2.7946e+00 -3.8595e+00 +3.8535e+00
% function evaluation | noise-free fitness - Fopt (-6.205000000000e+01) | best noise-free fitness - Fopt | measured fitness | best measured fitness | x1 | x2...
1 +3.451753077e+01 +3.451753077e+01 -2.753246923e+01 -2.753246923e+01 -4.7518e+00 +3.4190e+00 +4.9726e+00
6 +1.353111935e+01 +1.353111935e+01 -4.851888065e+01 -4.851888065e+01 +3.4351e+00 -4.2410e+00 -2.1758e+00
7 +2.784652857e+00 +2.784652857e+00 -5.926534714e+01 -5.926534714e+01 +2.0232e+00 +1.7815e+00 +2.1706e-01
13 +1.188417777e+00 +1.188417777e+00 -6.086158222e+01 -6.086158222e+01 +1.5159e+00 -1.6019e+00 -4.0518e-01
110 +9.776626507e-01 +9.776626507e-01 -6.107233735e+01 -6.107233735e+01 +2.0021e+00 -9.0419e-01 -1.5517e+00
146 +4.249021264e-01 +4.249021264e-01 -6.162509787e+01 -6.162509787e+01 +2.3834e+00 -1.1706e-01 -1.0441e+00
231 +2.086800614e-01 +2.086800614e-01 -6.184131994e+01 -6.184131994e+01 +2.0672e+00 -1.8028e-01 -5.1336e-01
277 +7.538746566e-03 +7.538746566e-03 -6.204246125e+01 -6.204246125e+01 +2.0126e+00 -5.8648e-01 -5.6549e-01
528 +2.557922902e-03 +2.557922902e-03 -6.204744208e+01 -6.204744208e+01 +2.1067e+00 -5.2516e-01 -5.5633e-01
647 +2.417923918e-03 +2.417923918e-03 -6.204758208e+01 -6.204758208e+01 +2.0684e+00 -5.9372e-01 -5.3614e-01
706 +7.236205125e-04 +7.236205125e-04 -6.204927638e+01 -6.204927638e+01 +2.0488e+00 -5.0463e-01 -5.8895e-01
816 +5.712274922e-04 +5.712274922e-04 -6.204942877e+01 -6.204942877e+01 +1.9974e+00 -4.6107e-01 -6.2901e-01
864 +1.365046035e-04 +1.365046035e-04 -6.204986350e+01 -6.204986350e+01 +2.0288e+00 -4.9293e-01 -6.0140e-01
1003 +6.470546668e-05 +6.470546668e-05 -6.204993529e+01 -6.204993529e+01 +2.0213e+00 -4.8589e-01 -6.0792e-01
1039 +5.037432155e-05 +5.037432155e-05 -6.204994963e+01 -6.204994963e+01 +2.0239e+00 -4.9288e-01 -6.0325e-01
1119 +7.203791576e-06 +7.203791576e-06 -6.204999280e+01 -6.204999280e+01 +2.0233e+00 -5.0531e-01 -5.9694e-01
1145 +3.988449080e-06 +3.988449080e-06 -6.204999601e+01 -6.204999601e+01 +2.0336e+00 -5.1470e-01 -5.8827e-01
1281 +1.743880723e-06 +1.743880723e-06 -6.204999826e+01 -6.204999826e+01 +2.0214e+00 -4.9970e-01 -6.0057e-01
1351 +8.229269568e-07 +8.229269568e-07 -6.204999918e+01 -6.204999918e+01 +2.0273e+00 -5.0690e-01 -5.9467e-01
1419 +5.958552833e-07 +5.958552833e-07 -6.204999940e+01 -6.204999940e+01 +2.0295e+00 -5.0877e-01 -5.9287e-01
1448 +3.572285934e-07 +3.572285934e-07 -6.204999964e+01 -6.204999964e+01 +2.0239e+00 -5.0271e-01 -5.9809e-01
1619 +1.990386167e-07 +1.990386167e-07 -6.204999980e+01 -6.204999980e+01 +2.0267e+00 -5.0584e-01 -5.9541e-01
1662 +1.214691565e-07 +1.214691565e-07 -6.204999988e+01 -6.204999988e+01 +2.0248e+00 -5.0354e-01 -5.9733e-01
1674 +2.765798968e-08 +2.765798968e-08 -6.204999997e+01 -6.204999997e+01 +2.0246e+00 -5.0278e-01 -5.9780e-01
1766 +1.551791229e-08 +1.551791229e-08 -6.204999998e+01 -6.204999998e+01 +2.0247e+00 -5.0278e-01 -5.9778e-01
1784 +6.776822659e-09 +6.776822659e-09 -6.204999999e+01 -6.204999999e+01 +2.0263e+00 -5.0500e-01 -5.9600e-01
% function evaluation | noise-free fitness - Fopt (-4.328000000000e+01) | best noise-free fitness - Fopt | measured fitness | best measured fitness | x1 | x2...
1 +2.788881033e+02 +2.788881033e+02 +2.356081033e+02 +2.356081033e+02 -4.7518e+00 +3.4190e+00 +4.9726e+00
2 +3.249493789e+00 +3.249493789e+00 -4.003050621e+01 -4.003050621e+01 +7.8123e-02 +4.9552e+00 -3.2494e+00
48 +1.342684339e+00 +1.342684339e+00 -4.193731566e+01 -4.193731566e+01 +4.5157e-01 +2.6875e+00 -1.7781e+00
98 +2.571471670e-01 +2.571471670e-01 -4.302285283e+01 -4.302285283e+01 -9.3483e-01 +2.3755e+00 -2.9731e+00
301 +1.004189960e-01 +1.004189960e-01 -4.317958100e+01 -4.317958100e+01 -1.4514e-01 +2.5706e+00 -3.0574e+00
370 +8.040264385e-02 +8.040264385e-02 -4.319959736e+01 -4.319959736e+01 -8.1481e-01 +2.7704e+00 -2.7386e+00
402 +4.334644284e-02 +4.334644284e-02 -4.323665356e+01 -4.323665356e+01 -5.3916e-01 +2.5605e+00 -2.9050e+00
464 +2.392459915e-02 +2.392459915e-02 -4.325607540e+01 -4.325607540e+01 -4.0578e-01 +2.7870e+00 -2.7729e+00
545 +1.095451236e-02 +1.095451236e-02 -4.326904549e+01 -4.326904549e+01 -3.5758e-01 +2.5337e+00 -3.0158e+00
576 +3.741565805e-03 +3.741565805e-03 -4.327625843e+01 -4.327625843e+01 -4.4686e-01 +2.5384e+00 -2.9920e+00
646 +1.577083228e-03 +1.577083228e-03 -4.327842292e+01 -4.327842292e+01 -5.0589e-01 +2.5704e+00 -2.9593e+00
775 +6.471847219e-04 +6.471847219e-04 -4.327935282e+01 -4.327935282e+01 -5.0208e-01 +2.6394e+00 -2.9033e+00
843 +4.993772795e-04 +4.993772795e-04 -4.327950062e+01 -4.327950062e+01 -4.9058e-01 +2.5906e+00 -2.9451e+00
879 +1.843593161e-04 +1.843593161e-04 -4.327981564e+01 -4.327981564e+01 -4.9502e-01 +2.6233e+00 -2.9168e+00
962 +9.627071518e-05 +9.627071518e-05 -4.327990373e+01 -4.327990373e+01 -4.7356e-01 +2.6274e+00 -2.9172e+00
1043 +3.385859960e-05 +3.385859960e-05 -4.327996614e+01 -4.327996614e+01 -4.8337e-01 +2.6439e+00 -2.9019e+00
1147 +1.693131959e-05 +1.693131959e-05 -4.327998307e+01 -4.327998307e+01 -4.9475e-01 +2.6528e+00 -2.8926e+00
1192 +8.853602054e-06 +8.853602054e-06 -4.327999115e+01 -4.327999115e+01 -4.8913e-01 +2.6417e+00 -2.9028e+00
1243 +2.551999870e-06 +2.551999870e-06 -4.327999745e+01 -4.327999745e+01 -4.8702e-01 +2.6403e+00 -2.9043e+00
1402 +2.003780352e-06 +2.003780352e-06 -4.327999800e+01 -4.327999800e+01 -4.8937e-01 +2.6428e+00 -2.9019e+00
1414 +1.274218832e-06 +1.274218832e-06 -4.327999873e+01 -4.327999873e+01 -4.8812e-01 +2.6388e+00 -2.9053e+00
1472 +6.908109285e-07 +6.908109285e-07 -4.327999931e+01 -4.327999931e+01 -4.8789e-01 +2.6443e+00 -2.9009e+00
1474 +3.127167005e-07 +3.127167005e-07 -4.327999969e+01 -4.327999969e+01 -4.8685e-01 +2.6374e+00 -2.9067e+00
1663 +2.398653578e-07 +2.398653578e-07 -4.327999976e+01 -4.327999976e+01 -4.8779e-01 +2.6427e+00 -2.9022e+00
1682 +8.822554065e-08 +8.822554065e-08 -4.327999991e+01 -4.327999991e+01 -4.8889e-01 +2.6457e+00 -2.8996e+00
1716 +2.291739776e-08 +2.291739776e-08 -4.327999998e+01 -4.327999998e+01 -4.8770e-01 +2.6419e+00 -2.9029e+00
1832 +1.218850798e-08 +1.218850798e-08 -4.327999999e+01 -4.327999999e+01 -4.8781e-01 +2.6414e+00 -2.9032e+00
1871 +9.027672832e-09 +9.027672832e-09 -4.327999999e+01 -4.327999999e+01 -4.8791e-01 +2.6424e+00 -2.9024e+00
% function evaluation | noise-free fitness - Fopt (-3.916000000000e+01) | best noise-free fitness - Fopt | measured fitness | best measured fitness | x1 | x2...
1 +1.853819703e+01 +1.853819703e+01 -2.062180297e+01 -2.062180297e+01 -4.7518e+00 +3.4190e+00 +4.9726e+00
2 +9.490214882e+00 +9.490214882e+00 -2.966978512e+01 -2.966978512e+01 +7.8123e-02 +4.9552e+00 -3.2494e+00
12 +2.781620947e+00 +2.781620947e+00 -3.637837905e+01 -3.637837905e+01 -3.5801e+00 +2.7993e+00 -1.4197e-01
31 +1.730667137e+00 +1.730667137e+00 -3.742933286e+01 -3.742933286e+01 -3.7853e+00 +7.4794e-01 +3.8886e+00
192 +2.633468258e-01 +2.633468258e-01 -3.889665317e+01 -3.889665317e+01 -3.5056e+00 +1.7375e+00 +2.7783e+00
237 +1.608948808e-01 +1.608948808e-01 -3.899910512e+01 -3.899910512e+01 -3.1681e+00 +1.6239e+00 +2.3849e+00
361 +8.836328235e-02 +8.836328235e-02 -3.907163672e+01 -3.907163672e+01 -3.9400e+00 +2.1917e+00 +2.5770e+00
460 +5.844638471e-02 +5.844638471e-02 -3.910155362e+01 -3.910155362e+01 -3.3890e+00 +1.8002e+00 +2.5657e+00
505 +2.031383035e-02 +2.031383035e-02 -3.913968617e+01 -3.913968617e+01 -3.8151e+00 +1.9877e+00 +2.5418e+00
663 +1.159855892e-02 +1.159855892e-02 -3.914840144e+01 -3.914840144e+01 -3.5384e+00 +1.8091e+00 +2.5223e+00
710 +9.111357026e-03 +9.111357026e-03 -3.915088864e+01 -3.915088864e+01 -3.6832e+00 +1.7710e+00 +2.4731e+00
728 +1.939441536e-03 +1.939441536e-03 -3.915806056e+01 -3.915806056e+01 -3.6635e+00 +1.8240e+00 +2.4980e+00
837 +1.569750006e-03 +1.569750006e-03 -3.915843025e+01 -3.915843025e+01 -3.6402e+00 +1.9172e+00 +2.5513e+00
966 +4.371747402e-04 +4.371747402e-04 -3.915956283e+01 -3.915956283e+01 -3.6512e+00 +1.9362e+00 +2.5573e+00
1045 +3.207168877e-04 +3.207168877e-04 -3.915967928e+01 -3.915967928e+01 -3.6721e+00 +1.9062e+00 +2.5380e+00
1052 +1.374702909e-04 +1.374702909e-04 -3.915986253e+01 -3.915986253e+01 -3.6474e+00 +1.8601e+00 +2.5185e+00
1203 +8.060948737e-05 +8.060948737e-05 -3.915991939e+01 -3.915991939e+01 -3.6259e+00 +1.8405e+00 +2.5121e+00
1217 +4.940652767e-05 +4.940652767e-05 -3.915995059e+01 -3.915995059e+01 -3.6505e+00 +1.8930e+00 +2.5351e+00
1237 +3.777026372e-05 +3.777026372e-05 -3.915996223e+01 -3.915996223e+01 -3.6560e+00 +1.8922e+00 +2.5338e+00
1326 +1.789816213e-05 +1.789816213e-05 -3.915998210e+01 -3.915998210e+01 -3.6491e+00 +1.8882e+00 +2.5329e+00
1383 +1.498164849e-05 +1.498164849e-05 -3.915998502e+01 -3.915998502e+01 -3.6349e+00 +1.8556e+00 +2.5184e+00
1409 +9.953467114e-06 +9.953467114e-06 -3.915999005e+01 -3.915999005e+01 -3.6477e+00 +1.8908e+00 +2.5345e+00
1519 +9.234549623e-07 +9.234549623e-07 -3.915999908e+01 -3.915999908e+01 -3.6419e+00 +1.8736e+00 +2.5266e+00
1574 +5.540976247e-07 +5.540976247e-07 -3.915999945e+01 -3.915999945e+01 -3.6414e+00 +1.8720e+00 +2.5258e+00
1621 +4.243488405e-08 +4.243488405e-08 -3.915999996e+01 -3.915999996e+01 -3.6423e+00 +1.8751e+00 +2.5273e+00
2004 +3.015545502e-08 +3.015545502e-08 -3.915999997e+01 -3.915999997e+01 -3.6439e+00 +1.8789e+00 +2.5289e+00
2022 +2.259557874e-08 +2.259557874e-08 -3.915999998e+01 -3.915999998e+01 -3.6427e+00 +1.8754e+00 +2.5274e+00
2048 +7.558483617e-09 +7.558483617e-09 -3.915999999e+01 -3.915999999e+01 -3.6427e+00 +1.8754e+00 +2.5274e+00
% function evaluation | noise-free fitness - Fopt (-1.732800000000e+02) | best noise-free fitness - Fopt | measured fitness | best measured fitness | x1 | x2...
1 +7.759159222e+00 +7.759159222e+00 -1.655208408e+02 -1.655208408e+02 -4.7518e+00 +3.4190e+00 +4.9726e+00
11 +3.266963988e+00 +3.266963988e+00 -1.700130360e+02 -1.700130360e+02 -1.1039e+00 -2.1638e+00 +6.6075e-02
31 +2.222642704e+00 +2.222642704e+00 -1.710573573e+02 -1.710573573e+02 -3.7853e+00 +7.4794e-01 +3.8886e+00
44 +1.565831929e+00 +1.565831929e+00 -1.717141681e+02 -1.717141681e+02 -3.1237e+00 -5.7838e-01 +1.0469e+00
137 +2.198031749e-01 +2.198031749e-01 -1.730601968e+02 -1.730601968e+02 -3.1433e+00 -7.5051e-01 +2.0644e+00
199 +1.511864556e-01 +1.511864556e-01 -1.731288135e+02 -1.731288135e+02 -3.1104e+00 -6.3696e-01 +2.3158e+00
260 +4.148065209e-02 +4.148065209e-02 -1.732385193e+02 -1.732385193e+02 -2.9828e+00 -1.1385e+00 +2.5251e+00
384 +3.323843917e-02 +3.323843917e-02 -1.732467616e+02 -1.732467616e+02 -3.1420e+00 -1.0026e+00 +2.4079e+00
426 +2.209829215e-02 +2.209829215e-02 -1.732579017e+02 -1.732579017e+02 -3.0260e+00 -1.0910e+00 +2.4745e+00
508 +7.733158058e-03 +7.733158058e-03 -1.732722668e+02 -1.732722668e+02 -2.9852e+00 -8.6635e-01 +2.4079e+00
584 +3.268891788e-03 +3.268891788e-03 -1.732767311e+02 -1.732767311e+02 -3.0261e+00 -9.8255e-01 +2.4377e+00
747 +2.249210962e-03 +2.249210962e-03 -1.732777508e+02 -1.732777508e+02 -2.9720e+00 -9.8248e-01 +2.4792e+00
772 +7.966601213e-04 +7.966601213e-04 -1.732792033e+02 -1.732792033e+02 -2.8606e+00 -8.6851e-01 +2.4962e+00
871 +4.903514723e-04 +4.903514723e-04 -1.732795096e+02 -1.732795096e+02 -2.9039e+00 -8.7620e-01 +2.4709e+00
883 +2.954808338e-04 +2.954808338e-04 -1.732797045e+02 -1.732797045e+02 -2.9587e+00 -9.4175e-01 +2.4662e+00
887 +5.613365269e-05 +5.613365269e-05 -1.732799439e+02 -1.732799439e+02 -2.9242e+00 -9.1149e-01 +2.4749e+00
1118 +3.601695428e-05 +3.601695428e-05 -1.732799640e+02 -1.732799640e+02 -2.9107e+00 -9.0363e-01 +2.4802e+00
1139 +1.960104640e-05 +1.960104640e-05 -1.732799804e+02 -1.732799804e+02 -2.8966e+00 -8.9137e-01 +2.4838e+00
1279 +8.169975018e-06 +8.169975018e-06 -1.732799918e+02 -1.732799918e+02 -2.9092e+00 -9.0104e-01 +2.4800e+00
1355 +2.640700671e-06 +2.640700671e-06 -1.732799974e+02 -1.732799974e+02 -2.9248e+00 -9.0859e-01 +2.4729e+00
1479 +6.184029360e-07 +6.184029360e-07 -1.732799994e+02 -1.732799994e+02 -2.9242e+00 -9.0889e-01 +2.4735e+00
1655 +3.763641701e-07 +3.763641701e-07 -1.732799996e+02 -1.732799996e+02 -2.9162e+00 -9.0433e-01 +2.4768e+00
1704 +1.521918591e-07 +1.521918591e-07 -1.732799998e+02 -1.732799998e+02 -2.9219e+00 -9.0746e-01 +2.4744e+00
1850 +6.857877111e-08 +6.857877111e-08 -1.732799999e+02 -1.732799999e+02 -2.9194e+00 -9.0612e-01 +2.4754e+00
1889 +1.854664333e-08 +1.854664333e-08 -1.732800000e+02 -1.732800000e+02 -2.9164e+00 -9.0389e-01 +2.4764e+00
2010 +1.075596856e-08 +1.075596856e-08 -1.732800000e+02 -1.732800000e+02 -2.9166e+00 -9.0412e-01 +2.4763e+00
2078 +6.425693755e-09 +6.425693755e-09 -1.732800000e+02 -1.732800000e+02 -2.9166e+00 -9.0420e-01 +2.4764e+00
2085 +5.949374327e-09 +5.949374327e-09 -1.732800000e+02 -1.732800000e+02 -2.9165e+00 -9.0413e-01 +2.4764e+00
% function evaluation | noise-free fitness - Fopt (-1.017000000000e+01) | best noise-free fitness - Fopt | measured fitness | best measured fitness | x1 | x2...
1 +4.623253529e+01 +4.623253529e+01 +3.606253529e+01 +3.606253529e+01 -4.7518e+00 +3.4190e+00 +4.9726e+00
5 +6.167951983e+00 +6.167951983e+00 -4.002048017e+00 -4.002048017e+00 +3.4143e+00 -1.9282e+00 +2.0343e+00
54 +1.546963648e+00 +1.546963648e+00 -8.623036352e+00 -8.623036352e+00 +2.5525e+00 +6.6797e-01 +3.0948e+00
81 +6.603532279e-01 +6.603532279e-01 -9.509646772e+00 -9.509646772e+00 +1.8332e+00 +1.0731e+00 +2.3614e+00
141 +5.856132466e-01 +5.856132466e-01 -9.584386753e+00 -9.584386753e+00 +1.6118e+00 +1.0088e+00 +2.8799e+00
235 +2.789842115e-01 +2.789842115e-01 -9.891015788e+00 -9.891015788e+00 +1.3675e+00 +2.0806e+00 +2.5570e+00
250 +1.297137011e-01 +1.297137011e-01 -1.004028630e+01 -1.004028630e+01 +1.5232e+00 +1.9459e+00 +3.1055e+00
325 +7.675803165e-02 +7.675803165e-02 -1.009324197e+01 -1.009324197e+01 +1.3644e+00 +1.7309e+00 +2.6437e+00
390 +4.294683200e-02 +4.294683200e-02 -1.012705317e+01 -1.012705317e+01 +1.3848e+00 +1.6352e+00 +2.9573e+00
395 +1.925917499e-02 +1.925917499e-02 -1.015074083e+01 -1.015074083e+01 +1.3281e+00 +1.6168e+00 +2.8781e+00
501 +5.110547788e-03 +5.110547788e-03 -1.016488945e+01 -1.016488945e+01 +1.4010e+00 +1.6778e+00 +2.8031e+00
607 +2.190564829e-03 +2.190564829e-03 -1.016780944e+01 -1.016780944e+01 +1.4673e+00 +1.7418e+00 +2.6087e+00
755 +6.746560903e-04 +6.746560903e-04 -1.016932534e+01 -1.016932534e+01 +1.4433e+00 +1.7275e+00 +2.7067e+00
784 +5.518788399e-04 +5.518788399e-04 -1.016944812e+01 -1.016944812e+01 +1.4580e+00 +1.7316e+00 +2.6357e+00
865 +1.255770829e-04 +1.255770829e-04 -1.016987442e+01 -1.016987442e+01 +1.4615e+00 +1.7377e+00 +2.6419e+00
969 +9.159697829e-05 +9.159697829e-05 -1.016990840e+01 -1.016990840e+01 +1.4368e+00 +1.7198e+00 +2.7209e+00
994 +5.292892043e-05 +5.292892043e-05 -1.016994707e+01 -1.016994707e+01 +1.4522e+00 +1.7318e+00 +2.6749e+00
1026 +2.640951234e-05 +2.640951234e-05 -1.016997359e+01 -1.016997359e+01 +1.4527e+00 +1.7294e+00 +2.6625e+00
1125 +5.941391766e-06 +5.941391766e-06 -1.016999406e+01 -1.016999406e+01 +1.4444e+00 +1.7222e+00 +2.6839e+00
1273 +2.211259018e-06 +2.211259018e-06 -1.016999779e+01 -1.016999779e+01 +1.4450e+00 +1.7232e+00 +2.6845e+00
1460 +7.467202057e-07 +7.467202057e-07 -1.016999925e+01 -1.016999925e+01 +1.4436e+00 +1.7226e+00 +2.6904e+00
1555 +3.881948167e-07 +3.881948167e-07 -1.016999961e+01 -1.016999961e+01 +1.4467e+00 +1.7243e+00 +2.6788e+00
1627 +1.765314988e-07 +1.765314988e-07 -1.016999982e+01 -1.016999982e+01 +1.4444e+00 +1.7231e+00 +2.6876e+00
1663 +9.022176606e-08 +9.022176606e-08 -1.016999991e+01 -1.016999991e+01 +1.4453e+00 +1.7235e+00 +2.6835e+00
1720 +6.095932470e-08 +6.095932470e-08 -1.016999994e+01 -1.016999994e+01 +1.4444e+00 +1.7230e+00 +2.6871e+00
1805 +1.798879268e-08 +1.798879268e-08 -1.016999998e+01 -1.016999998e+01 +1.4442e+00 +1.7228e+00 +2.6879e+00
1949 +6.246635209e-09 +6.246635209e-09 -1.016999999e+01 -1.016999999e+01 +1.4453e+00 +1.7236e+00 +2.6841e+00
