% function evaluation | noise-free fitness - Fopt (-5.235000000000e+01) | best noise-free fitness - Fopt | measured fitness | best measured fitness | x1 | x2...
1 +5.374334754e+02 +5.374334754e+02 +4.850834754e+02 +4.850834754e+02
2 +2.343610704e+02 +2.343610704e+02 +1.820110704e+02 +1.820110704e+02
10 +1.094987335e+02 +1.094987335e+02 +5.714873348e+01 +5.714873348e+01
36 +6.927657966e+01 +6.927657966e+01 +1.692657966e+01 +1.692657966e+01
1204 +5.441661151e+01 +5.441661151e+01 +2.066611511e+00 +2.066611511e+00
4560 +3.874533228e+01 +3.874533228e+01 -1.360466772e+01 -1.360466772e+01
6977 +2.444141926e+01 +2.444141926e+01 -2.790858074e+01 -2.790858074e+01
10314 +1.584305475e+01 +1.584305475e+01 -3.650694525e+01 -3.650694525e+01
12982 +9.617919656e+00 +9.617919656e+00 -4.273208034e+01 -4.273208034e+01
15781 +5.805218516e+00 +5.805218516e+00 -4.654478148e+01 -4.654478148e+01
18421 +3.966757236e+00 +3.966757236e+00 -4.838324276e+01 -4.838324276e+01
22344 +2.502571307e+00 +2.502571307e+00 -4.984742869e+01 -4.984742869e+01
23518 +1.537752816e+00 +1.537752816e+00 -5.081224718e+01 -5.081224718e+01
26883 +9.976240622e-01 +9.976240622e-01 -5.135237594e+01 -5.135237594e+01
30169 +6.168420524e-01 +6.168420524e-01 -5.173315795e+01 -5.173315795e+01
32272 +3.969775964e-01 +3.969775964e-01 -5.195302240e+01 -5.195302240e+01
35901 +2.424550005e-01 +2.424550005e-01 -5.210754500e+01 -5.210754500e+01
38091 +1.484458076e-01 +1.484458076e-01 -5.220155419e+01 -5.220155419e+01
41379 +7.585789733e-02 +7.585789733e-02 -5.227414210e+01 -5.227414210e+01
43599 +6.105485507e-02 +6.105485507e-02 -5.228894514e+01 -5.228894514e+01
46767 +3.955692927e-02 +3.955692927e-02 -5.231044307e+01 -5.231044307e+01
49224 +2.216334782e-02 +2.216334782e-02 -5.232783665e+01 -5.232783665e+01
51652 +1.520026037e-02 +1.520026037e-02 -5.233479974e+01 -5.233479974e+01
53794 +9.490214974e-03 +9.490214974e-03 -5.234050979e+01 -5.234050979e+01
57680 +6.178632196e-03 +6.178632196e-03 -5.234382137e+01 -5.234382137e+01
60826 +3.778897594e-03 +3.778897594e-03 -5.234622110e+01 -5.234622110e+01
63753 +2.151871488e-03 +2.151871488e-03 -5.234784813e+01 -5.234784813e+01
66545 +1.571092434e-03 +1.571092434e-03 -5.234842891e+01 -5.234842891e+01
69426 +9.652459837e-04 +9.652459837e-04 -5.234903475e+01 -5.234903475e+01
73786 +5.654888493e-04 +5.654888493e-04 -5.234943451e+01 -5.234943451e+01
77405 +3.942946177e-04 +3.942946177e-04 -5.234960571e+01 -5.234960571e+01
79979 +2.199354967e-04 +2.199354967e-04 -5.234978006e+01 -5.234978006e+01
83631 +1.579127675e-04 +1.579127675e-04 -5.234984209e+01 -5.234984209e+01
86895 +9.875207675e-05 +9.875207675e-05 -5.234990125e+01 -5.234990125e+01
90054 +6.231627113e-05 +6.231627113e-05 -5.234993768e+01 -5.234993768e+01
93704 +3.653816808e-05 +3.653816808e-05 -5.234996346e+01 -5.234996346e+01
98756 +2.303218458e-05 +2.303218458e-05 -5.234997697e+01 -5.234997697e+01
102710 +1.542241441e-05 +1.542241441e-05 -5.234998458e+01 -5.234998458e+01
108325 +9.963630518e-06 +9.963630518e-06 -5.234999004e+01 -5.234999004e+01
114437 +6.054655167e-06 +6.054655167e-06 -5.234999395e+01 -5.234999395e+01
119816 +3.886924105e-06 +3.886924105e-06 -5.234999611e+01 -5.234999611e+01
125074 +2.376347261e-06 +2.376347261e-06 -5.234999762e+01 -5.234999762e+01
130044 +1.584632464e-06 +1.584632464e-06 -5.234999842e+01 -5.234999842e+01
133613 +9.575987647e-07 +9.575987647e-07 -5.234999904e+01 -5.234999904e+01
139463 +6.218067696e-07 +6.218067696e-07 -5.234999938e+01 -5.234999938e+01
146285 +3.908766217e-07 +3.908766217e-07 -5.234999961e+01 -5.234999961e+01
152491 +2.465748636e-07 +2.465748636e-07 -5.234999975e+01 -5.234999975e+01
157844 +1.476931430e-07 +1.476931430e-07 -5.234999985e+01 -5.234999985e+01
164215 +9.457746586e-08 +9.457746586e-08 -5.234999991e+01 -5.234999991e+01
170462 +6.262457930e-08 +6.262457930e-08 -5.234999994e+01 -5.234999994e+01
176886 +3.937731918e-08 +3.937731918e-08 -5.234999996e+01 -5.234999996e+01
183705 +2.469298011e-08 +2.469298011e-08 -5.234999998e+01 -5.234999998e+01
187863 +1.581879872e-08 +1.581879872e-08 -5.234999998e+01 -5.234999998e+01
192609 +9.823992286e-09 +9.823992286e-09 -5.234999999e+01 -5.234999999e+01
% function evaluation | noise-free fitness - Fopt (-1.795400000000e+02) | best noise-free fitness - Fopt | measured fitness | best measured fitness | x1 | x2...
1 +4.710797436e+02 +4.710797436e+02 +2.915397436e+02 +2.915397436e+02
2 +3.399167639e+02 +3.399167639e+02 +1.603767639e+02 +1.603767639e+02
3 +1.603084318e+02 +1.603084318e+02 -1.923156815e+01 -1.923156815e+01
7 +7.417463186e+01 +7.417463186e+01 -1.053653681e+02 -1.053653681e+02
129 +5.563709291e+01 +5.563709291e+01 -1.239029071e+02 -1.239029071e+02
4265 +3.802944409e+01 +3.802944409e+01 -1.415105559e+02 -1.415105559e+02
6963 +2.330243675e+01 +2.330243675e+01 -1.562375632e+02 -1.562375632e+02
9569 +1.580275303e+01 +1.580275303e+01 -1.637372470e+02 -1.637372470e+02
13267 +8.299608154e+00 +8.299608154e+00 -1.712403918e+02 -1.712403918e+02
16162 +5.932305633e+00 +5.932305633e+00 -1.736076944e+02 -1.736076944e+02
20312 +3.974916703e+00 +3.974916703e+00 -1.755650833e+02 -1.755650833e+02
24471 +2.448840613e+00 +2.448840613e+00 -1.770911594e+02 -1.770911594e+02
27197 +1.555947166e+00 +1.555947166e+00 -1.779840528e+02 -1.779840528e+02
30704 +9.950389389e-01 +9.950389389e-01 -1.785449611e+02 -1.785449611e+02
33731 +5.871992866e-01 +5.871992866e-01 -1.789528007e+02 -1.789528007e+02
36977 +3.924130639e-01 +3.924130639e-01 -1.791475869e+02 -1.791475869e+02
41845 +2.479928630e-01 +2.479928630e-01 -1.792920071e+02 -1.792920071e+02
45106 +1.533707638e-01 +1.533707638e-01 -1.793866292e+02 -1.793866292e+02
48906 +9.972971845e-02 +9.972971845e-02 -1.794402703e+02 -1.794402703e+02
53448 +5.832927780e-02 +5.832927780e-02 -1.794816707e+02 -1.794816707e+02
57151 +3.782182446e-02 +3.782182446e-02 -1.795021782e+02 -1.795021782e+02
62544 +2.219358983e-02 +2.219358983e-02 -1.795178064e+02 -1.795178064e+02
67131 +1.498053001e-02 +1.498053001e-02 -1.795250195e+02 -1.795250195e+02
72338 +9.549361417e-03 +9.549361417e-03 -1.795304506e+02 -1.795304506e+02
77420 +6.047971195e-03 +6.047971195e-03 -1.795339520e+02 -1.795339520e+02
83479 +3.943433909e-03 +3.943433909e-03 -1.795360566e+02 -1.795360566e+02
88315 +2.478837105e-03 +2.478837105e-03 -1.795375212e+02 -1.795375212e+02
94491 +1.577048236e-03 +1.577048236e-03 -1.795384230e+02 -1.795384230e+02
101161 +9.923794293e-04 +9.923794293e-04 -1.795390076e+02 -1.795390076e+02
105585 +6.182517426e-04 +6.182517426e-04 -1.795393817e+02 -1.795393817e+02
110596 +3.810054873e-04 +3.810054873e-04 -1.795396190e+02 -1.795396190e+02
116489 +2.484735802e-04 +2.484735802e-04 -1.795397515e+02 -1.795397515e+02
123033 +1.568285007e-04 +1.568285007e-04 -1.795398432e+02 -1.795398432e+02
129259 +9.449989616e-05 +9.449989616e-05 -1.795399055e+02 -1.795399055e+02
133225 +6.240844263e-05 +6.240844263e-05 -1.795399376e+02 -1.795399376e+02
136426 +3.979051917e-05 +3.979051917e-05 -1.795399602e+02 -1.795399602e+02
141331 +2.308693311e-05 +2.308693311e-05 -1.795399769e+02 -1.795399769e+02
145678 +1.449740569e-05 +1.449740569e-05 -1.795399855e+02 -1.795399855e+02
152986 +9.402497994e-06 +9.402497994e-06 -1.795399906e+02 -1.795399906e+02
159108 +5.805272707e-06 +5.805272707e-06 -1.795399942e+02 -1.795399942e+02
164218 +3.977158826e-06 +3.977158826e-06 -1.795399960e+02 -1.795399960e+02
173054 +2.495203205e-06 +2.495203205e-06 -1.795399975e+02 -1.795399975e+02
180285 +1.551596711e-06 +1.551596711e-06 -1.795399984e+02 -1.795399984e+02
189325 +9.747430454e-07 +9.747430454e-07 -1.795399990e+02 -1.795399990e+02
195379 +6.288712200e-07 +6.288712200e-07 -1.795399994e+02 -1.795399994e+02
202457 +3.877631514e-07 +3.877631514e-07 -1.795399996e+02 -1.795399996e+02
206337 +2.493274849e-07 +2.493274849e-07 -1.795399998e+02 -1.795399998e+02
211582 +1.488417354e-07 +1.488417354e-07 -1.795399999e+02 -1.795399999e+02
217041 +9.922248978e-08 +9.922248978e-08 -1.795399999e+02 -1.795399999e+02
222907 +6.253853257e-08 +6.253853257e-08 -1.795399999e+02 -1.795399999e+02
227365 +3.831249273e-08 +3.831249273e-08 -1.795400000e+02 -1.795400000e+02
234008 +2.443843528e-08 +2.443843528e-08 -1.795400000e+02 -1.795400000e+02
240980 +1.580147568e-08 +1.580147568e-08 -1.795400000e+02 -1.795400000e+02
253625 +9.889589592e-09 +9.889589592e-09 -1.795400000e+02 -1.795400000e+02
% function evaluation | noise-free fitness - Fopt (7.731000000000e+01) | best noise-free fitness - Fopt | measured fitness | best measured fitness | x1 | x2...
1 +3.522013647e+02 +3.522013647e+02 +4.295113647e+02 +4.295113647e+02
7 +2.469227940e+02 +2.469227940e+02 +3.242327940e+02 +3.242327940e+02
12 +1.230584393e+02 +1.230584393e+02 +2.003684393e+02 +2.003684393e+02
35 +8.125921258e+01 +8.125921258e+01 +1.585692126e+02 +1.585692126e+02
1889 +5.991118706e+01 +5.991118706e+01 +1.372211871e+02 +1.372211871e+02
4909 +3.931373646e+01 +3.931373646e+01 +1.166237365e+02 +1.166237365e+02
8228 +2.411636410e+01 +2.411636410e+01 +1.014263641e+02 +1.014263641e+02
10243 +1.495763999e+01 +1.495763999e+01 +9.226763999e+01 +9.226763999e+01
13477 +9.363714195e+00 +9.363714195e+00 +8.667371419e+01 +8.667371419e+01
16713 +6.267368910e+00 +6.267368910e+00 +8.357736891e+01 +8.357736891e+01
20980 +3.213211033e+00 +3.213211033e+00 +8.052321103e+01 +8.052321103e+01
21634 +2.497083925e+00 +2.497083925e+00 +7.980708392e+01 +7.980708392e+01
26688 +1.448111471e+00 +1.448111471e+00 +7.875811147e+01 +7.875811147e+01
28112 +9.486179524e-01 +9.486179524e-01 +7.825861795e+01 +7.825861795e+01
31993 +6.164094843e-01 +6.164094843e-01 +7.792640948e+01 +7.792640948e+01
34849 +3.628291226e-01 +3.628291226e-01 +7.767282912e+01 +7.767282912e+01
38444 +2.489759504e-01 +2.489759504e-01 +7.755897595e+01 +7.755897595e+01
41041 +1.537474858e-01 +1.537474858e-01 +7.746374749e+01 +7.746374749e+01
42415 +9.269690316e-02 +9.269690316e-02 +7.740269690e+01 +7.740269690e+01
47942 +6.129019244e-02 +6.129019244e-02 +7.737129019e+01 +7.737129019e+01
51106 +3.730018939e-02 +3.730018939e-02 +7.734730019e+01 +7.734730019e+01
53527 +2.194633353e-02 +2.194633353e-02 +7.733194633e+01 +7.733194633e+01
57828 +1.500988257e-02 +1.500988257e-02 +7.732500988e+01 +7.732500988e+01
62092 +9.827038262e-03 +9.827038262e-03 +7.731982704e+01 +7.731982704e+01
66174 +6.025669577e-03 +6.025669577e-03 +7.731602567e+01 +7.731602567e+01
71800 +3.931614706e-03 +3.931614706e-03 +7.731393161e+01 +7.731393161e+01
76119 +2.265888943e-03 +2.265888943e-03 +7.731226589e+01 +7.731226589e+01
79534 +1.563497820e-03 +1.563497820e-03 +7.731156350e+01 +7.731156350e+01
85365 +9.452469009e-04 +9.452469009e-04 +7.731094525e+01 +7.731094525e+01
90450 +6.288916519e-04 +6.288916519e-04 +7.731062889e+01 +7.731062889e+01
97208 +3.788938915e-04 +3.788938915e-04 +7.731037889e+01 +7.731037889e+01
103276 +2.473219486e-04 +2.473219486e-04 +7.731024732e+01 +7.731024732e+01
108234 +1.578826248e-04 +1.578826248e-04 +7.731015788e+01 +7.731015788e+01
113508 +9.913788747e-05 +9.913788747e-05 +7.731009914e+01 +7.731009914e+01
119699 +6.209873933e-05 +6.209873933e-05 +7.731006210e+01 +7.731006210e+01
124177 +3.979323161e-05 +3.979323161e-05 +7.731003979e+01 +7.731003979e+01
129295 +2.499864959e-05 +2.499864959e-05 +7.731002500e+01 +7.731002500e+01
134878 +1.524368747e-05 +1.524368747e-05 +7.731001524e+01 +7.731001524e+01
141608 +9.830821384e-06 +9.830821384e-06 +7.731000983e+01 +7.731000983e+01
148746 +5.825437455e-06 +5.825437455e-06 +7.731000583e+01 +7.731000583e+01
154242 +3.722895187e-06 +3.722895187e-06 +7.731000372e+01 +7.731000372e+01
161676 +2.491118892e-06 +2.491118892e-06 +7.731000249e+01 +7.731000249e+01
168419 +1.565338323e-06 +1.565338323e-06 +7.731000157e+01 +7.731000157e+01
174914 +9.309790840e-07 +9.309790840e-07 +7.731000093e+01 +7.731000093e+01
181495 +6.247922357e-07 +6.247922357e-07 +7.731000062e+01 +7.731000062e+01
188033 +3.874034320e-07 +3.874034320e-07 +7.731000039e+01 +7.731000039e+01
193012 +2.357562607e-07 +2.357562607e-07 +7.731000024e+01 +7.731000024e+01
198820 +1.568469656e-07 +1.568469656e-07 +7.731000016e+01 +7.731000016e+01
204159 +9.965368974e-08 +9.965368974e-08 +7.731000010e+01 +7.731000010e+01
208355 +6.228914629e-08 +6.228914629e-08 +7.731000006e+01 +7.731000006e+01
212860 +3.911472390e-08 +3.911472390e-08 +7.731000004e+01 +7.731000004e+01
216595 +2.439253421e-08 +2.439253421e-08 +7.731000002e+01 +7.731000002e+01
223288 +1.563408603e-08 +1.563408603e-08 +7.731000002e+01 +7.731000002e+01
229232 +9.697984638e-09 +9.697984638e-09 +7.731000001e+01 +7.731000001e+01
% function evaluation | noise-free fitness - Fopt (3.992000000000e+01) | best noise-free fitness - Fopt | measured fitness | best measured fitness | x1 | x2...
1 +2.606235102e+02 +2.606235102e+02 +3.005435102e+02 +3.005435102e+02
3 +2.336286780e+02 +2.336286780e+02 +2.735486780e+02 +2.735486780e+02
11 +1.430136244e+02 +1.430136244e+02 +1.829336244e+02 +1.829336244e+02
21 +6.849290872e+01 +6.849290872e+01 +1.084129087e+02 +1.084129087e+02
757 +5.999848679e+01 +5.999848679e+01 +9.991848679e+01 +9.991848679e+01
1535 +3.875746425e+01 +3.875746425e+01 +7.867746425e+01 +7.867746425e+01
6632 +2.496059767e+01 +2.496059767e+01 +6.488059767e+01 +6.488059767e+01
10065 +1.476283710e+01 +1.476283710e+01 +5.468283710e+01 +5.468283710e+01
13063 +9.828345721e+00 +9.828345721e+00 +4.974834572e+01 +4.974834572e+01
15135 +6.122096422e+00 +6.122096422e+00 +4.604209642e+01 +4.604209642e+01
17668 +3.502538584e+00 +3.502538584e+00 +4.342253858e+01 +4.342253858e+01
21595 +2.489494403e+00 +2.489494403e+00 +4.240949440e+01 +4.240949440e+01
24464 +1.579952710e+00 +1.579952710e+00 +4.149995271e+01 +4.149995271e+01
27624 +8.872360446e-01 +8.872360446e-01 +4.080723604e+01 +4.080723604e+01
29221 +5.906099081e-01 +5.906099081e-01 +4.051060991e+01 +4.051060991e+01
33061 +3.818443033e-01 +3.818443033e-01 +4.030184430e+01 +4.030184430e+01
36325 +2.430688149e-01 +2.430688149e-01 +4.016306881e+01 +4.016306881e+01
38149 +1.490361090e-01 +1.490361090e-01 +4.006903611e+01 +4.006903611e+01
41858 +9.739760860e-02 +9.739760860e-02 +4.001739761e+01 +4.001739761e+01
44909 +6.265118068e-02 +6.265118068e-02 +3.998265118e+01 +3.998265118e+01
48529 +3.861482900e-02 +3.861482900e-02 +3.995861483e+01 +3.995861483e+01
52475 +2.331053057e-02 +2.331053057e-02 +3.994331053e+01 +3.994331053e+01
55628 +1.543344552e-02 +1.543344552e-02 +3.993543345e+01 +3.993543345e+01
60327 +9.997755849e-03 +9.997755849e-03 +3.992999776e+01 +3.992999776e+01
63970 +5.632294961e-03 +5.632294961e-03 +3.992563229e+01 +3.992563229e+01
68608 +3.954491196e-03 +3.954491196e-03 +3.992395449e+01 +3.992395449e+01
72557 +2.283133303e-03 +2.283133303e-03 +3.992228313e+01 +3.992228313e+01
77241 +1.539357286e-03 +1.539357286e-03 +3.992153936e+01 +3.992153936e+01
82324 +9.988132323e-04 +9.988132323e-04 +3.992099881e+01 +3.992099881e+01
89412 +6.225277809e-04 +6.225277809e-04 +3.992062253e+01 +3.992062253e+01
98184 +3.678446898e-04 +3.678446898e-04 +3.992036784e+01 +3.992036784e+01
104249 +2.502351582e-04 +2.502351582e-04 +3.992025024e+01 +3.992025024e+01
110847 +1.566420812e-04 +1.566420812e-04 +3.992015664e+01 +3.992015664e+01
117804 +9.566432397e-05 +9.566432397e-05 +3.992009566e+01 +3.992009566e+01
123433 +6.246240987e-05 +6.246240987e-05 +3.992006246e+01 +3.992006246e+01
132147 +3.943307042e-05 +3.943307042e-05 +3.992003943e+01 +3.992003943e+01
139271 +2.407134509e-05 +2.407134509e-05 +3.992002407e+01 +3.992002407e+01
145917 +1.526341471e-05 +1.526341471e-05 +3.992001526e+01 +3.992001526e+01
155750 +9.907489208e-06 +9.907489208e-06 +3.992000991e+01 +3.992000991e+01
162750 +5.913055837e-06 +5.913055837e-06 +3.992000591e+01 +3.992000591e+01
167406 +3.827905253e-06 +3.827905253e-06 +3.992000383e+01 +3.992000383e+01
173210 +2.428921192e-06 +2.428921192e-06 +3.992000243e+01 +3.992000243e+01
177156 +1.572313430e-06 +1.572313430e-06 +3.992000157e+01 +3.992000157e+01
181982 +9.901061233e-07 +9.901061233e-07 +3.992000099e+01 +3.992000099e+01
186450 +6.028419008e-07 +6.028419008e-07 +3.992000060e+01 +3.992000060e+01
190234 +3.895233363e-07 +3.895233363e-07 +3.992000039e+01 +3.992000039e+01
194528 +2.510850479e-07 +2.510850479e-07 +3.992000025e+01 +3.992000025e+01
201455 +1.562861911e-07 +1.562861911e-07 +3.992000016e+01 +3.992000016e+01
208050 +9.985500782e-08 +9.985500782e-08 +3.992000010e+01 +3.992000010e+01
214444 +6.213109316e-08 +6.213109316e-08 +3.992000006e+01 +3.992000006e+01
222051 +3.976020935e-08 +3.976020935e-08 +3.992000004e+01 +3.992000004e+01
232679 +2.504506114e-08 +2.504506114e-08 +3.992000003e+01 +3.992000003e+01
244087 +1.562327867e-08 +1.562327867e-08 +3.992000002e+01 +3.992000002e+01
250233 +9.981640403e-09 +9.981640403e-09 +3.992000001e+01 +3.992000001e+01
% function evaluation | noise-free fitness - Fopt (-5.661000000000e+01) | best noise-free fitness - Fopt | measured fitness | best measured fitness | x1 | x2...
1 +2.410810883e+02 +2.410810883e+02 +1.844710883e+02 +1.844710883e+02
14 +1.294686551e+02 +1.294686551e+02 +7.285865510e+01 +7.285865510e+01
46 +9.072848787e+01 +9.072848787e+01 +3.411848787e+01 +3.411848787e+01
2304 +6.042146161e+01 +6.042146161e+01 +3.811461610e+00 +3.811461610e+00
4409 +3.671088443e+01 +3.671088443e+01 -1.989911557e+01 -1.989911557e+01
7708 +2.071786741e+01 +2.071786741e+01 -3.589213259e+01 -3.589213259e+01
10322 +1.419143015e+01 +1.419143015e+01 -4.241856985e+01 -4.241856985e+01
13210 +9.355984145e+00 +9.355984145e+00 -4.725401585e+01 -4.725401585e+01
16427 +6.162252056e+00 +6.162252056e+00 -5.044774794e+01 -5.044774794e+01
21306 +3.775627705e+00 +3.775627705e+00 -5.283437230e+01 -5.283437230e+01
23688 +2.124422379e+00 +2.124422379e+00 -5.448557762e+01 -5.448557762e+01
26876 +1.519176077e+00 +1.519176077e+00 -5.509082392e+01 -5.509082392e+01
30050 +7.754457943e-01 +7.754457943e-01 -5.583455421e+01 -5.583455421e+01
32419 +5.988655947e-01 +5.988655947e-01 -5.601113441e+01 -5.601113441e+01
35331 +3.711736774e-01 +3.711736774e-01 -5.623882632e+01 -5.623882632e+01
39816 +2.172616744e-01 +2.172616744e-01 -5.639273833e+01 -5.639273833e+01
42125 +1.535572517e-01 +1.535572517e-01 -5.645644275e+01 -5.645644275e+01
46487 +9.684139050e-02 +9.684139050e-02 -5.651315861e+01 -5.651315861e+01
48764 +6.012996552e-02 +6.012996552e-02 -5.654987003e+01 -5.654987003e+01
53833 +3.690473865e-02 +3.690473865e-02 -5.657309526e+01 -5.657309526e+01
56853 +2.498814812e-02 +2.498814812e-02 -5.658501185e+01 -5.658501185e+01
61670 +1.465574001e-02 +1.465574001e-02 -5.659534426e+01 -5.659534426e+01
64503 +9.729384993e-03 +9.729384993e-03 -5.660027062e+01 -5.660027062e+01
69458 +5.932890625e-03 +5.932890625e-03 -5.660406711e+01 -5.660406711e+01
73257 +3.653167002e-03 +3.653167002e-03 -5.660634683e+01 -5.660634683e+01
79887 +2.398613656e-03 +2.398613656e-03 -5.660760139e+01 -5.660760139e+01
86289 +1.564020412e-03 +1.564020412e-03 -5.660843598e+01 -5.660843598e+01
90686 +9.940109218e-04 +9.940109218e-04 -5.660900599e+01 -5.660900599e+01
96270 +5.983262389e-04 +5.983262389e-04 -5.660940167e+01 -5.660940167e+01
100877 +3.250575537e-04 +3.250575537e-04 -5.660967494e+01 -5.660967494e+01
105572 +2.433646967e-04 +2.433646967e-04 -5.660975664e+01 -5.660975664e+01
111387 +1.530388701e-04 +1.530388701e-04 -5.660984696e+01 -5.660984696e+01
117277 +9.686002817e-05 +9.686002817e-05 -5.660990314e+01 -5.660990314e+01
124499 +6.096666459e-05 +6.096666459e-05 -5.660993903e+01 -5.660993903e+01
130695 +3.864809923e-05 +3.864809923e-05 -5.660996135e+01 -5.660996135e+01
136064 +2.310437429e-05 +2.310437429e-05 -5.660997690e+01 -5.660997690e+01
140824 +1.575413279e-05 +1.575413279e-05 -5.660998425e+01 -5.660998425e+01
150293 +9.890498468e-06 +9.890498468e-06 -5.660999011e+01 -5.660999011e+01
158712 +6.154129210e-06 +6.154129210e-06 -5.660999385e+01 -5.660999385e+01
166461 +3.965244829e-06 +3.965244829e-06 -5.660999603e+01 -5.660999603e+01
173845 +2.496858556e-06 +2.496858556e-06 -5.660999750e+01 -5.660999750e+01
182975 +1.577700111e-06 +1.577700111e-06 -5.660999842e+01 -5.660999842e+01
189347 +9.748211554e-07 +9.748211554e-07 -5.660999903e+01 -5.660999903e+01
193593 +6.292854664e-07 +6.292854664e-07 -5.660999937e+01 -5.660999937e+01
197913 +3.838324787e-07 +3.838324787e-07 -5.660999962e+01 -5.660999962e+01
203241 +2.504146011e-07 +2.504146011e-07 -5.660999975e+01 -5.660999975e+01
211623 +1.576595707e-07 +1.576595707e-07 -5.660999984e+01 -5.660999984e+01
217636 +9.906858622e-08 +9.906858622e-08 -5.660999990e+01 -5.660999990e+01
224039 +6.166482791e-08 +6.166482791e-08 -5.660999994e+01 -5.660999994e+01
229981 +3.869627108e-08 +3.869627108e-08 -5.660999996e+01 -5.660999996e+01
235637 +2.386961739e-08 +2.386961739e-08 -5.660999998e+01 -5.660999998e+01
241299 +1.549394568e-08 +1.549394568e-08 -5.660999998e+01 -5.660999998e+01
245730 +9.466042172e-09 +9.466042172e-09 -5.660999999e+01 -5.660999999e+01
% function evaluation | noise-free fitness - Fopt (5.134000000000e+01) | best noise-free fitness - Fopt | measured fitness | best measured fitness | x1 | x2...
1 +3.815970491e+02 +3.815970491e+02 +4.329370491e+02 +4.329370491e+02
2 +1.858218818e+02 +1.858218818e+02 +2.371618818e+02 +2.371618818e+02
3 +1.580846287e+02 +1.580846287e+02 +2.094246287e+02 +2.094246287e+02
214 +8.891105410e+01 +8.891105410e+01 +1.402510541e+02 +1.402510541e+02
2455 +5.945600654e+01 +5.945600654e+01 +1.107960065e+02 +1.107960065e+02
5496 +3.704703254e+01 +3.704703254e+01 +8.838703254e+01 +8.838703254e+01
7649 +2.467285533e+01 +2.467285533e+01 +7.601285533e+01 +7.601285533e+01
10744 +1.453673299e+01 +1.453673299e+01 +6.587673299e+01 +6.587673299e+01
14813 +7.403238678e+00 +7.403238678e+00 +5.874323868e+01 +5.874323868e+01
17969 +5.803060730e+00 +5.803060730e+00 +5.714306073e+01 +5.714306073e+01
21950 +3.753901907e+00 +3.753901907e+00 +5.509390191e+01 +5.509390191e+01
24072 +2.508474174e+00 +2.508474174e+00 +5.384847417e+01 +5.384847417e+01
27799 +1.567279731e+00 +1.567279731e+00 +5.290727973e+01 +5.290727973e+01
31621 +9.747890682e-01 +9.747890682e-01 +5.231478907e+01 +5.231478907e+01
36010 +6.193218866e-01 +6.193218866e-01 +5.195932189e+01 +5.195932189e+01
38556 +3.756996036e-01 +3.756996036e-01 +5.171569960e+01 +5.171569960e+01
43562 +2.249755713e-01 +2.249755713e-01 +5.156497557e+01 +5.156497557e+01
46864 +1.545584910e-01 +1.545584910e-01 +5.149455849e+01 +5.149455849e+01
52772 +9.621256676e-02 +9.621256676e-02 +5.143621257e+01 +5.143621257e+01
58348 +6.301089093e-02 +6.301089093e-02 +5.140301089e+01 +5.140301089e+01
63989 +3.968606926e-02 +3.968606926e-02 +5.137968607e+01 +5.137968607e+01
69732 +2.488204631e-02 +2.488204631e-02 +5.136488205e+01 +5.136488205e+01
75895 +1.569626948e-02 +1.569626948e-02 +5.135569627e+01 +5.135569627e+01
82122 +9.879610348e-03 +9.879610348e-03 +5.134987961e+01 +5.134987961e+01
88431 +6.298879030e-03 +6.298879030e-03 +5.134629888e+01 +5.134629888e+01
94077 +3.852602459e-03 +3.852602459e-03 +5.134385260e+01 +5.134385260e+01
98480 +2.503852312e-03 +2.503852312e-03 +5.134250385e+01 +5.134250385e+01
106001 +1.575969654e-03 +1.575969654e-03 +5.134157597e+01 +5.134157597e+01
109931 +9.572829188e-04 +9.572829188e-04 +5.134095728e+01 +5.134095728e+01
116696 +6.079327091e-04 +6.079327091e-04 +5.134060793e+01 +5.134060793e+01
121310 +3.681087141e-04 +3.681087141e-04 +5.134036811e+01 +5.134036811e+01
126464 +2.497697100e-04 +2.497697100e-04 +5.134024977e+01 +5.134024977e+01
133615 +1.572089046e-04 +1.572089046e-04 +5.134015721e+01 +5.134015721e+01
139713 +9.748883380e-05 +9.748883380e-05 +5.134009749e+01 +5.134009749e+01
144491 +6.300732674e-05 +6.300732674e-05 +5.134006301e+01 +5.134006301e+01
149751 +3.705151403e-05 +3.705151403e-05 +5.134003705e+01 +5.134003705e+01
153833 +2.451004450e-05 +2.451004450e-05 +5.134002451e+01 +5.134002451e+01
161436 +1.494511792e-05 +1.494511792e-05 +5.134001495e+01 +5.134001495e+01
167154 +9.844184291e-06 +9.844184291e-06 +5.134000984e+01 +5.134000984e+01
171223 +6.215741905e-06 +6.215741905e-06 +5.134000622e+01 +5.134000622e+01
177323 +3.936414132e-06 +3.936414132e-06 +5.134000394e+01 +5.134000394e+01
183664 +2.465172713e-06 +2.465172713e-06 +5.134000247e+01 +5.134000247e+01
191630 +1.581441580e-06 +1.581441580e-06 +5.134000158e+01 +5.134000158e+01
200872 +9.979398925e-07 +9.979398925e-07 +5.134000100e+01 +5.134000100e+01
208949 +6.278226010e-07 +6.278226010e-07 +5.134000063e+01 +5.134000063e+01
220088 +3.939319981e-07 +3.939319981e-07 +5.134000039e+01 +5.134000039e+01
230369 +2.472915810e-07 +2.472915810e-07 +5.134000025e+01 +5.134000025e+01
241529 +1.576293513e-07 +1.576293513e-07 +5.134000016e+01 +5.134000016e+01
250932 +9.913324561e-08 +9.913324561e-08 +5.134000010e+01 +5.134000010e+01
257876 +6.284096798e-08 +6.284096798e-08 +5.134000006e+01 +5.134000006e+01
266686 +3.875660326e-08 +3.875660326e-08 +5.134000004e+01 +5.134000004e+01
272957 +2.443673708e-08 +2.443673708e-08 +5.134000002e+01 +5.134000002e+01
278224 +1.536656669e-08 +1.536656669e-08 +5.134000002e+01 +5.134000002e+01
284272 +9.891842012e-09 +9.891842012e-09 +5.134000001e+01 +5.134000001e+01
% function evaluation | noise-free fitness - Fopt (-1.244000000000e+02) | best noise-free fitness - Fopt | measured fitness | best measured fitness | x1 | x2...
1 +6.541430921e+02 +6.541430921e+02 +5.297430921e+02 +5.297430921e+02
2 +4.374602517e+02 +4.374602517e+02 +3.130602517e+02 +3.130602517e+02
3 +1.338474222e+02 +1.338474222e+02 +9.447422166e+00 +9.447422166e+00
70 +5.184845582e+01 +5.184845582e+01 -7.255154418e+01 -7.255154418e+01
2755 +3.057009684e+01 +3.057009684e+01 -9.382990316e+01 -9.382990316e+01
7718 +1.982097544e+01 +1.982097544e+01 -1.045790246e+02 -1.045790246e+02
11014 +1.471327990e+01 +1.471327990e+01 -1.096867201e+02 -1.096867201e+02
13522 +8.056243662e+00 +8.056243662e+00 -1.163437563e+02 -1.163437563e+02
15435 +5.010374684e+00 +5.010374684e+00 -1.193896253e+02 -1.193896253e+02
19809 +3.427732390e+00 +3.427732390e+00 -1.209722676e+02 -1.209722676e+02
22641 +2.090018353e+00 +2.090018353e+00 -1.223099816e+02 -1.223099816e+02
24723 +1.492315702e+00 +1.492315702e+00 -1.229076843e+02 -1.229076843e+02
27893 +9.482907631e-01 +9.482907631e-01 -1.234517092e+02 -1.234517092e+02
31854 +6.167661086e-01 +6.167661086e-01 -1.237832339e+02 -1.237832339e+02
34430 +3.914071424e-01 +3.914071424e-01 -1.240085929e+02 -1.240085929e+02
37820 +2.476739236e-01 +2.476739236e-01 -1.241523261e+02 -1.241523261e+02
41683 +1.418340373e-01 +1.418340373e-01 -1.242581660e+02 -1.242581660e+02
44753 +9.867074562e-02 +9.867074562e-02 -1.243013293e+02 -1.243013293e+02
47170 +6.150556496e-02 +6.150556496e-02 -1.243384944e+02 -1.243384944e+02
53684 +3.799995451e-02 +3.799995451e-02 -1.243620000e+02 -1.243620000e+02
57214 +2.500377728e-02 +2.500377728e-02 -1.243749962e+02 -1.243749962e+02
60083 +1.494513673e-02 +1.494513673e-02 -1.243850549e+02 -1.243850549e+02
65694 +9.303161279e-03 +9.303161279e-03 -1.243906968e+02 -1.243906968e+02
70182 +5.956894757e-03 +5.956894757e-03 -1.243940431e+02 -1.243940431e+02
76401 +3.962814282e-03 +3.962814282e-03 -1.243960372e+02 -1.243960372e+02
82574 +2.386261355e-03 +2.386261355e-03 -1.243976137e+02 -1.243976137e+02
88420 +1.550171118e-03 +1.550171118e-03 -1.243984498e+02 -1.243984498e+02
96268 +9.882217604e-04 +9.882217604e-04 -1.243990118e+02 -1.243990118e+02
101593 +6.245027387e-04 +6.245027387e-04 -1.243993755e+02 -1.243993755e+02
106455 +3.955273458e-04 +3.955273458e-04 -1.243996045e+02 -1.243996045e+02
110003 +2.414723140e-04 +2.414723140e-04 -1.243997585e+02 -1.243997585e+02
115377 +1.569637049e-04 +1.569637049e-04 -1.243998430e+02 -1.243998430e+02
120467 +9.809372855e-05 +9.809372855e-05 -1.243999019e+02 -1.243999019e+02
127966 +6.264918154e-05 +6.264918154e-05 -1.243999374e+02 -1.243999374e+02
133334 +3.900020852e-05 +3.900020852e-05 -1.243999610e+02 -1.243999610e+02
137451 +2.428829285e-05 +2.428829285e-05 -1.243999757e+02 -1.243999757e+02
142601 +1.576019763e-05 +1.576019763e-05 -1.243999842e+02 -1.243999842e+02
147214 +9.859856462e-06 +9.859856462e-06 -1.243999901e+02 -1.243999901e+02
152697 +6.235965202e-06 +6.235965202e-06 -1.243999938e+02 -1.243999938e+02
156938 +3.846602098e-06 +3.846602098e-06 -1.243999962e+02 -1.243999962e+02
161187 +2.502734077e-06 +2.502734077e-06 -1.243999975e+02 -1.243999975e+02
166597 +1.542359200e-06 +1.542359200e-06 -1.243999985e+02 -1.243999985e+02
178068 +9.868817585e-07 +9.868817585e-07 -1.243999990e+02 -1.243999990e+02
186559 +6.297154016e-07 +6.297154016e-07 -1.243999994e+02 -1.243999994e+02
194805 +3.887070932e-07 +3.887070932e-07 -1.243999996e+02 -1.243999996e+02
203994 +2.511885810e-07 +2.511885810e-07 -1.243999997e+02 -1.243999997e+02
211208 +1.548480952e-07 +1.548480952e-07 -1.243999998e+02 -1.243999998e+02
217020 +9.943957480e-08 +9.943957480e-08 -1.243999999e+02 -1.243999999e+02
223738 +6.217220516e-08 +6.217220516e-08 -1.243999999e+02 -1.243999999e+02
235265 +3.947116056e-08 +3.947116056e-08 -1.244000000e+02 -1.244000000e+02
247643 +2.480904016e-08 +2.480904016e-08 -1.244000000e+02 -1.244000000e+02
259019 +1.569021890e-08 +1.569021890e-08 -1.244000000e+02 -1.244000000e+02
275665 +9.978123217e-09 +9.978123217e-09 -1.244000000e+02 -1.244000000e+02
% function evaluation | noise-free fitness - Fopt (6.000000000000e-01) | best noise-free fitness - Fopt | measured fitness | best measured fitness | x1 | x2...
1 +2.761383367e+02 +2.761383367e+02 +2.767383367e+02 +2.767383367e+02
3 +1.864954291e+02 +1.864954291e+02 +1.870954291e+02 +1.870954291e+02
5 +1.519167964e+02 +1.519167964e+02 +1.525167964e+02 +1.525167964e+02
90 +8.707824709e+01 +8.707824709e+01 +8.767824709e+01 +8.767824709e+01
1998 +6.256599385e+01 +6.256599385e+01 +6.316599385e+01 +6.316599385e+01
5441 +3.784057939e+01 +3.784057939e+01 +3.844057939e+01 +3.844057939e+01
8225 +2.217608985e+01 +2.217608985e+01 +2.277608985e+01 +2.277608985e+01
10701 +1.570692923e+01 +1.570692923e+01 +1.630692923e+01 +1.630692923e+01
13667 +9.027727015e+00 +9.027727015e+00 +9.627727015e+00 +9.627727015e+00
16367 +6.054324233e+00 +6.054324233e+00 +6.654324233e+00 +6.654324233e+00
19354 +3.874828345e+00 +3.874828345e+00 +4.474828345e+00 +4.474828345e+00
21308 +2.106282321e+00 +2.106282321e+00 +2.706282321e+00 +2.706282321e+00
25271 +1.422241674e+00 +1.422241674e+00 +2.022241674e+00 +2.022241674e+00
27534 +9.921815235e-01 +9.921815235e-01 +1.592181523e+00 +1.592181523e+00
30405 +6.222338291e-01 +6.222338291e-01 +1.222233829e+00 +1.222233829e+00
33425 +3.768210767e-01 +3.768210767e-01 +9.768210767e-01 +9.768210767e-01
36664 +2.152429619e-01 +2.152429619e-01 +8.152429619e-01 +8.152429619e-01
38889 +1.547967514e-01 +1.547967514e-01 +7.547967514e-01 +7.547967514e-01
42919 +9.837316738e-02 +9.837316738e-02 +6.983731674e-01 +6.983731674e-01
44892 +5.889683885e-02 +5.889683885e-02 +6.588968389e-01 +6.588968389e-01
48758 +3.794782514e-02 +3.794782514e-02 +6.379478251e-01 +6.379478251e-01
52494 +2.432924710e-02 +2.432924710e-02 +6.243292471e-01 +6.243292471e-01
56477 +1.555123401e-02 +1.555123401e-02 +6.155512340e-01 +6.155512340e-01
61710 +9.661180655e-03 +9.661180655e-03 +6.096611807e-01 +6.096611807e-01
64931 +6.262388759e-03 +6.262388759e-03 +6.062623888e-01 +6.062623888e-01
70052 +3.488478959e-03 +3.488478959e-03 +6.034884790e-01 +6.034884790e-01
75431 +2.401357750e-03 +2.401357750e-03 +6.024013577e-01 +6.024013577e-01
80246 +1.558624940e-03 +1.558624940e-03 +6.015586249e-01 +6.015586249e-01
85565 +9.140193240e-04 +9.140193240e-04 +6.009140193e-01 +6.009140193e-01
90841 +6.190074371e-04 +6.190074371e-04 +6.006190074e-01 +6.006190074e-01
96972 +3.817927867e-04 +3.817927867e-04 +6.003817928e-01 +6.003817928e-01
101421 +2.431383676e-04 +2.431383676e-04 +6.002431384e-01 +6.002431384e-01
105362 +1.577032841e-04 +1.577032841e-04 +6.001577033e-01 +6.001577033e-01
109086 +8.540853391e-05 +8.540853391e-05 +6.000854085e-01 +6.000854085e-01
113751 +6.223294289e-05 +6.223294289e-05 +6.000622329e-01 +6.000622329e-01
118463 +3.937421990e-05 +3.937421990e-05 +6.000393742e-01 +6.000393742e-01
123735 +2.431266082e-05 +2.431266082e-05 +6.000243127e-01 +6.000243127e-01
128166 +1.535301392e-05 +1.535301392e-05 +6.000153530e-01 +6.000153530e-01
134231 +9.962950261e-06 +9.962950261e-06 +6.000099630e-01 +6.000099630e-01
140177 +6.238983066e-06 +6.238983066e-06 +6.000062390e-01 +6.000062390e-01
146004 +3.970422277e-06 +3.970422277e-06 +6.000039704e-01 +6.000039704e-01
152809 +2.390753964e-06 +2.390753964e-06 +6.000023908e-01 +6.000023908e-01
160841 +1.532955829e-06 +1.532955829e-06 +6.000015330e-01 +6.000015330e-01
168674 +9.861665196e-07 +9.861665196e-07 +6.000009862e-01 +6.000009862e-01
176193 +6.305441426e-07 +6.305441426e-07 +6.000006305e-01 +6.000006305e-01
184781 +3.912327329e-07 +3.912327329e-07 +6.000003912e-01 +6.000003912e-01
195722 +2.474993540e-07 +2.474993540e-07 +6.000002475e-01 +6.000002475e-01
205652 +1.571903450e-07 +1.571903450e-07 +6.000001572e-01 +6.000001572e-01
214198 +9.943101920e-08 +9.943101920e-08 +6.000000994e-01 +6.000000994e-01
220739 +6.264049635e-08 +6.264049635e-08 +6.000000626e-01 +6.000000626e-01
230553 +3.979136343e-08 +3.979136343e-08 +6.000000398e-01 +6.000000398e-01
243225 +2.486911987e-08 +2.486911987e-08 +6.000000249e-01 +6.000000249e-01
256212 +1.584856058e-08 +1.584856058e-08 +6.000000158e-01 +6.000000158e-01
262909 +9.894169706e-09 +9.894169706e-09 +6.000000099e-01 +6.000000099e-01
% function evaluation | noise-free fitness - Fopt (-4.071000000000e+01) | best noise-free fitness - Fopt | measured fitness | best measured fitness | x1 | x2...
1 +1.917864092e+02 +1.917864092e+02 +1.510764092e+02 +1.510764092e+02
15 +1.370628012e+02 +1.370628012e+02 +9.635280123e+01 +9.635280123e+01
53 +9.666642107e+01 +9.666642107e+01 +5.595642107e+01 +5.595642107e+01
883 +4.027913280e+01 +4.027913280e+01 -4.308671981e-01 -4.308671981e-01
3441 +3.827606625e+01 +3.827606625e+01 -2.433933754e+00 -2.433933754e+00
7368 +2.198337158e+01 +2.198337158e+01 -1.872662842e+01 -1.872662842e+01
11417 +1.545389642e+01 +1.545389642e+01 -2.525610358e+01 -2.525610358e+01
12064 +9.951334669e+00 +9.951334669e+00 -3.075866533e+01 -3.075866533e+01
16897 +5.481523341e+00 +5.481523341e+00 -3.522847666e+01 -3.522847666e+01
18853 +3.894461667e+00 +3.894461667e+00 -3.681553833e+01 -3.681553833e+01
22389 +2.420570131e+00 +2.420570131e+00 -3.828942987e+01 -3.828942987e+01
26171 +1.571077240e+00 +1.571077240e+00 -3.913892276e+01 -3.913892276e+01
28567 +9.858556993e-01 +9.858556993e-01 -3.972414430e+01 -3.972414430e+01
31430 +5.080699206e-01 +5.080699206e-01 -4.020193008e+01 -4.020193008e+01
34801 +3.463735954e-01 +3.463735954e-01 -4.036362640e+01 -4.036362640e+01
36622 +2.451601711e-01 +2.451601711e-01 -4.046483983e+01 -4.046483983e+01
41231 +1.516853894e-01 +1.516853894e-01 -4.055831461e+01 -4.055831461e+01
44889 +9.258904345e-02 +9.258904345e-02 -4.061741096e+01 -4.061741096e+01
48939 +5.430170316e-02 +5.430170316e-02 -4.065569830e+01 -4.065569830e+01
52943 +3.944469325e-02 +3.944469325e-02 -4.067055531e+01 -4.067055531e+01
57969 +2.418239360e-02 +2.418239360e-02 -4.068581761e+01 -4.068581761e+01
64245 +1.538951905e-02 +1.538951905e-02 -4.069461048e+01 -4.069461048e+01
71673 +9.655399206e-03 +9.655399206e-03 -4.070034460e+01 -4.070034460e+01
76501 +5.925426655e-03 +5.925426655e-03 -4.070407457e+01 -4.070407457e+01
83167 +3.890007452e-03 +3.890007452e-03 -4.070610999e+01 -4.070610999e+01
88714 +2.478384264e-03 +2.478384264e-03 -4.070752162e+01 -4.070752162e+01
94219 +1.570264794e-03 +1.570264794e-03 -4.070842974e+01 -4.070842974e+01
99924 +9.931469412e-04 +9.931469412e-04 -4.070900685e+01 -4.070900685e+01
105621 +5.832307506e-04 +5.832307506e-04 -4.070941677e+01 -4.070941677e+01
111625 +3.937959507e-04 +3.937959507e-04 -4.070960620e+01 -4.070960620e+01
119708 +2.335411584e-04 +2.335411584e-04 -4.070976646e+01 -4.070976646e+01
125658 +1.573865504e-04 +1.573865504e-04 -4.070984261e+01 -4.070984261e+01
131058 +9.801294465e-05 +9.801294465e-05 -4.070990199e+01 -4.070990199e+01
136638 +6.078075962e-05 +6.078075962e-05 -4.070993922e+01 -4.070993922e+01
143447 +3.974288069e-05 +3.974288069e-05 -4.070996026e+01 -4.070996026e+01
150033 +2.491723468e-05 +2.491723468e-05 -4.070997508e+01 -4.070997508e+01
155987 +1.533940508e-05 +1.533940508e-05 -4.070998466e+01 -4.070998466e+01
160834 +9.958550415e-06 +9.958550415e-06 -4.070999004e+01 -4.070999004e+01
164054 +5.580265821e-06 +5.580265821e-06 -4.070999442e+01 -4.070999442e+01
167782 +3.861281968e-06 +3.861281968e-06 -4.070999614e+01 -4.070999614e+01
171194 +2.259410216e-06 +2.259410216e-06 -4.070999774e+01 -4.070999774e+01
174577 +1.572816366e-06 +1.572816366e-06 -4.070999843e+01 -4.070999843e+01
180042 +9.982951710e-07 +9.982951710e-07 -4.070999900e+01 -4.070999900e+01
186935 +6.140135014e-07 +6.140135014e-07 -4.070999939e+01 -4.070999939e+01
190194 +3.943493923e-07 +3.943493923e-07 -4.070999961e+01 -4.070999961e+01
193597 +2.427459762e-07 +2.427459762e-07 -4.070999976e+01 -4.070999976e+01
199610 +1.558163234e-07 +1.558163234e-07 -4.070999984e+01 -4.070999984e+01
203763 +9.295123959e-08 +9.295123959e-08 -4.070999991e+01 -4.070999991e+01
206598 +6.202254355e-08 +6.202254355e-08 -4.070999994e+01 -4.070999994e+01
211513 +3.901929091e-08 +3.901929091e-08 -4.070999996e+01 -4.070999996e+01
216050 +2.471861649e-08 +2.471861649e-08 -4.070999998e+01 -4.070999998e+01
222582 +1.465883059e-08 +1.465883059e-08 -4.070999999e+01 -4.070999999e+01
228482 +9.812445967e-09 +9.812445967e-09 -4.070999999e+01 -4.070999999e+01
% function evaluation | noise-free fitness - Fopt (8.143200000000e+02) | best noise-free fitness - Fopt | measured fitness | best measured fitness | x1 | x2...
1 +3.799842914e+02 +3.799842914e+02 +1.194304291e+03 +1.194304291e+03
9 +2.096617455e+02 +2.096617455e+02 +1.023981745e+03 +1.023981745e+03
67 +1.283196515e+02 +1.283196515e+02 +9.426396515e+02 +9.426396515e+02
229 +9.861030816e+01 +9.861030816e+01 +9.129303082e+02 +9.129303082e+02
2926 +5.668202084e+01 +5.668202084e+01 +8.710020208e+02 +8.710020208e+02
5033 +3.725445408e+01 +3.725445408e+01 +8.515744541e+02 +8.515744541e+02
8803 +2.334347817e+01 +2.334347817e+01 +8.376634782e+02 +8.376634782e+02
11072 +1.428680774e+01 +1.428680774e+01 +8.286068077e+02 +8.286068077e+02
14003 +9.901352654e+00 +9.901352654e+00 +8.242213527e+02 +8.242213527e+02
17485 +5.864343997e+00 +5.864343997e+00 +8.201843440e+02 +8.201843440e+02
21038 +3.661449345e+00 +3.661449345e+00 +8.179814493e+02 +8.179814493e+02
24028 +2.271155820e+00 +2.271155820e+00 +8.165911558e+02 +8.165911558e+02
27167 +1.343310252e+00 +1.343310252e+00 +8.156633103e+02 +8.156633103e+02
30105 +8.888138757e-01 +8.888138757e-01 +8.152088139e+02 +8.152088139e+02
33574 +6.215502159e-01 +6.215502159e-01 +8.149415502e+02 +8.149415502e+02
36268 +3.821156211e-01 +3.821156211e-01 +8.147021156e+02 +8.147021156e+02
40631 +2.462985188e-01 +2.462985188e-01 +8.145662985e+02 +8.145662985e+02
43740 +1.536074077e-01 +1.536074077e-01 +8.144736074e+02 +8.144736074e+02
47088 +9.796168874e-02 +9.796168874e-02 +8.144179617e+02 +8.144179617e+02
50332 +6.202630157e-02 +6.202630157e-02 +8.143820263e+02 +8.143820263e+02
55226 +3.842385566e-02 +3.842385566e-02 +8.143584239e+02 +8.143584239e+02
60071 +2.433275280e-02 +2.433275280e-02 +8.143443328e+02 +8.143443328e+02
63890 +1.444956173e-02 +1.444956173e-02 +8.143344496e+02 +8.143344496e+02
67477 +9.794341865e-03 +9.794341865e-03 +8.143297943e+02 +8.143297943e+02
70183 +6.116553843e-03 +6.116553843e-03 +8.143261166e+02 +8.143261166e+02
75229 +3.940572741e-03 +3.940572741e-03 +8.143239406e+02 +8.143239406e+02
80623 +2.389203405e-03 +2.389203405e-03 +8.143223892e+02 +8.143223892e+02
84327 +1.398922382e-03 +1.398922382e-03 +8.143213989e+02 +8.143213989e+02
88647 +9.474047346e-04 +9.474047346e-04 +8.143209474e+02 +8.143209474e+02
92194 +5.989092879e-04 +5.989092879e-04 +8.143205989e+02 +8.143205989e+02
97229 +3.964017286e-04 +3.964017286e-04 +8.143203964e+02 +8.143203964e+02
101661 +2.331845070e-04 +2.331845070e-04 +8.143202332e+02 +8.143202332e+02
107278 +1.555996510e-04 +1.555996510e-04 +8.143201556e+02 +8.143201556e+02
110466 +9.223938218e-05 +9.223938218e-05 +8.143200922e+02 +8.143200922e+02
115687 +6.045877001e-05 +6.045877001e-05 +8.143200605e+02 +8.143200605e+02
119278 +3.895182556e-05 +3.895182556e-05 +8.143200390e+02 +8.143200390e+02
123302 +2.356700759e-05 +2.356700759e-05 +8.143200236e+02 +8.143200236e+02
128031 +1.474788314e-05 +1.474788314e-05 +8.143200147e+02 +8.143200147e+02
132631 +9.753807262e-06 +9.753807262e-06 +8.143200098e+02 +8.143200098e+02
135199 +6.300546943e-06 +6.300546943e-06 +8.143200063e+02 +8.143200063e+02
141281 +3.941466957e-06 +3.941466957e-06 +8.143200039e+02 +8.143200039e+02
146121 +2.371492315e-06 +2.371492315e-06 +8.143200024e+02 +8.143200024e+02
150978 +1.481713980e-06 +1.481713980e-06 +8.143200015e+02 +8.143200015e+02
154766 +9.887099850e-07 +9.887099850e-07 +8.143200010e+02 +8.143200010e+02
162289 +6.220826663e-07 +6.220826663e-07 +8.143200006e+02 +8.143200006e+02
167396 +3.706117013e-07 +3.706117013e-07 +8.143200004e+02 +8.143200004e+02
174692 +2.493915190e-07 +2.493915190e-07 +8.143200002e+02 +8.143200002e+02
181513 +1.569569577e-07 +1.569569577e-07 +8.143200002e+02 +8.143200002e+02
189136 +9.926441180e-08 +9.926441180e-08 +8.143200001e+02 +8.143200001e+02
197114 +6.170444067e-08 +6.170444067e-08 +8.143200001e+02 +8.143200001e+02
206358 +3.964225925e-08 +3.964225925e-08 +8.143200000e+02 +8.143200000e+02
216429 +2.498381946e-08 +2.498381946e-08 +8.143200000e+02 +8.143200000e+02
224411 +1.577052444e-08 +1.577052444e-08 +8.143200000e+02 +8.143200000e+02
231191 +9.992959349e-09 +9.992959349e-09 +8.143200000e+02 +8.143200000e+02
% function evaluation | noise-free fitness - Fopt (-6.205000000000e+01) | best noise-free fitness - Fopt | measured fitness | best measured fitness | x1 | x2...
1 +3.848150737e+02 +3.848150737e+02 +3.227650737e+02 +3.227650737e+02
3 +2.169260116e+02 +2.169260116e+02 +1.548760116e+02 +1.548760116e+02
17 +1.411038947e+02 +1.411038947e+02 +7.905389474e+01 +7.905389474e+01
66 +7.284215736e+01 +7.284215736e+01 +1.079215736e+01 +1.079215736e+01
1899 +5.175009275e+01 +5.175009275e+01 -1.029990725e+01 -1.029990725e+01
5237 +3.825089509e+01 +3.825089509e+01 -2.379910491e+01 -2.379910491e+01
7535 +2.462993113e+01 +2.462993113e+01 -3.742006887e+01 -3.742006887e+01
10846 +1.447031493e+01 +1.447031493e+01 -4.757968507e+01 -4.757968507e+01
14087 +9.640062959e+00 +9.640062959e+00 -5.240993704e+01 -5.240993704e+01
15508 +5.792339209e+00 +5.792339209e+00 -5.625766079e+01 -5.625766079e+01
19619 +3.627509938e+00 +3.627509938e+00 -5.842249006e+01 -5.842249006e+01
21708 +2.331688007e+00 +2.331688007e+00 -5.971831199e+01 -5.971831199e+01
25418 +1.318936625e+00 +1.318936625e+00 -6.073106338e+01 -6.073106338e+01
26651 +8.994608936e-01 +8.994608936e-01 -6.115053911e+01 -6.115053911e+01
30572 +5.731082156e-01 +5.731082156e-01 -6.147689178e+01 -6.147689178e+01
33949 +3.960258245e-01 +3.960258245e-01 -6.165397418e+01 -6.165397418e+01
36922 +2.241335482e-01 +2.241335482e-01 -6.182586645e+01 -6.182586645e+01
39438 +1.338962603e-01 +1.338962603e-01 -6.191610374e+01 -6.191610374e+01
43145 +9.032231297e-02 +9.032231297e-02 -6.195967769e+01 -6.195967769e+01
45483 +6.140345558e-02 +6.140345558e-02 -6.198859654e+01 -6.198859654e+01
49989 +3.856962657e-02 +3.856962657e-02 -6.201143037e+01 -6.201143037e+01
53411 +2.242418373e-02 +2.242418373e-02 -6.202757582e+01 -6.202757582e+01
57439 +1.565942639e-02 +1.565942639e-02 -6.203434057e+01 -6.203434057e+01
63054 +9.752879926e-03 +9.752879926e-03 -6.204024712e+01 -6.204024712e+01
67905 +5.886806151e-03 +5.886806151e-03 -6.204411319e+01 -6.204411319e+01
72743 +3.871838719e-03 +3.871838719e-03 -6.204612816e+01 -6.204612816e+01
76868 +2.424112998e-03 +2.424112998e-03 -6.204757589e+01 -6.204757589e+01
81003 +1.451287159e-03 +1.451287159e-03 -6.204854871e+01 -6.204854871e+01
86040 +9.842156052e-04 +9.842156052e-04 -6.204901578e+01 -6.204901578e+01
93509 +6.151217083e-04 +6.151217083e-04 -6.204938488e+01 -6.204938488e+01
98867 +3.922935472e-04 +3.922935472e-04 -6.204960771e+01 -6.204960771e+01
103223 +2.505123844e-04 +2.505123844e-04 -6.204974949e+01 -6.204974949e+01
107280 +1.536747965e-04 +1.536747965e-04 -6.204984633e+01 -6.204984633e+01
111697 +9.869704057e-05 +9.869704057e-05 -6.204990130e+01 -6.204990130e+01
116621 +6.194287265e-05 +6.194287265e-05 -6.204993806e+01 -6.204993806e+01
122594 +3.851875232e-05 +3.851875232e-05 -6.204996148e+01 -6.204996148e+01
128031 +2.447935046e-05 +2.447935046e-05 -6.204997552e+01 -6.204997552e+01
135214 +1.495482751e-05 +1.495482751e-05 -6.204998505e+01 -6.204998505e+01
140507 +9.816638467e-06 +9.816638467e-06 -6.204999018e+01 -6.204999018e+01
147294 +6.218976672e-06 +6.218976672e-06 -6.204999378e+01 -6.204999378e+01
153216 +3.843050045e-06 +3.843050045e-06 -6.204999616e+01 -6.204999616e+01
157651 +2.360640757e-06 +2.360640757e-06 -6.204999764e+01 -6.204999764e+01
161327 +1.575385895e-06 +1.575385895e-06 -6.204999842e+01 -6.204999842e+01
166839 +9.775453123e-07 +9.775453123e-07 -6.204999902e+01 -6.204999902e+01
176641 +6.004623643e-07 +6.004623643e-07 -6.204999940e+01 -6.204999940e+01
182429 +3.684901131e-07 +3.684901131e-07 -6.204999963e+01 -6.204999963e+01
187255 +2.412163624e-07 +2.412163624e-07 -6.204999976e+01 -6.204999976e+01
192942 +1.417818041e-07 +1.417818041e-07 -6.204999986e+01 -6.204999986e+01
197790 +9.906250398e-08 +9.906250398e-08 -6.204999990e+01 -6.204999990e+01
204258 +5.932375302e-08 +5.932375302e-08 -6.204999994e+01 -6.204999994e+01
210163 +3.910658819e-08 +3.910658819e-08 -6.204999996e+01 -6.204999996e+01
215119 +2.351642081e-08 +2.351642081e-08 -6.204999998e+01 -6.204999998e+01
218421 +1.566244379e-08 +1.566244379e-08 -6.204999998e+01 -6.204999998e+01
225052 +9.520803701e-09 +9.520803701e-09 -6.204999999e+01 -6.204999999e+01
% function evaluation | noise-free fitness - Fopt (-4.328000000000e+01) | best noise-free fitness - Fopt | measured fitness | best measured fitness | x1 | x2...
1 +1.590237202e+02 +1.590237202e+02 +1.157437202e+02 +1.157437202e+02
2 +1.268424794e+02 +1.268424794e+02 +8.356247941e+01 +8.356247941e+01
107 +9.174353464e+01 +9.174353464e+01 +4.846353464e+01 +4.846353464e+01
950 +5.996373805e+01 +5.996373805e+01 +1.668373805e+01 +1.668373805e+01
3064 +3.948003302e+01 +3.948003302e+01 -3.799966981e+00 -3.799966981e+00
6656 +1.859398615e+01 +1.859398615e+01 -2.468601385e+01 -2.468601385e+01
10237 +1.506162286e+01 +1.506162286e+01 -2.821837714e+01 -2.821837714e+01
13941 +9.625940385e+00 +9.625940385e+00 -3.365405962e+01 -3.365405962e+01
18224 +5.817071547e+00 +5.817071547e+00 -3.746292845e+01 -3.746292845e+01
20386 +3.804383669e+00 +3.804383669e+00 -3.947561633e+01 -3.947561633e+01
23819 +2.448438795e+00 +2.448438795e+00 -4.083156121e+01 -4.083156121e+01
27123 +1.554344884e+00 +1.554344884e+00 -4.172565512e+01 -4.172565512e+01
29647 +9.722074274e-01 +9.722074274e-01 -4.230779257e+01 -4.230779257e+01
34007 +4.755400152e-01 +4.755400152e-01 -4.280445998e+01 -4.280445998e+01
36448 +3.646141706e-01 +3.646141706e-01 -4.291538583e+01 -4.291538583e+01
41116 +2.245616044e-01 +2.245616044e-01 -4.305543840e+01 -4.305543840e+01
45008 +1.363113111e-01 +1.363113111e-01 -4.314368869e+01 -4.314368869e+01
48403 +8.609959683e-02 +8.609959683e-02 -4.319390040e+01 -4.319390040e+01
52103 +6.177648871e-02 +6.177648871e-02 -4.321822351e+01 -4.321822351e+01
56822 +3.926785144e-02 +3.926785144e-02 -4.324073215e+01 -4.324073215e+01
61453 +2.326711130e-02 +2.326711130e-02 -4.325673289e+01 -4.325673289e+01
63943 +1.519318867e-02 +1.519318867e-02 -4.326480681e+01 -4.326480681e+01
69276 +9.973644857e-03 +9.973644857e-03 -4.327002636e+01 -4.327002636e+01
73412 +6.270692102e-03 +6.270692102e-03 -4.327372931e+01 -4.327372931e+01
77613 +3.936230655e-03 +3.936230655e-03 -4.327606377e+01 -4.327606377e+01
82232 +2.510711070e-03 +2.510711070e-03 -4.327748929e+01 -4.327748929e+01
86782 +1.527272738e-03 +1.527272738e-03 -4.327847273e+01 -4.327847273e+01
91713 +9.966688244e-04 +9.966688244e-04 -4.327900333e+01 -4.327900333e+01
100185 +6.301018902e-04 +6.301018902e-04 -4.327936990e+01 -4.327936990e+01
107207 +3.975911977e-04 +3.975911977e-04 -4.327960241e+01 -4.327960241e+01
114372 +2.410288916e-04 +2.410288916e-04 -4.327975897e+01 -4.327975897e+01
121187 +1.578309750e-04 +1.578309750e-04 -4.327984217e+01 -4.327984217e+01
128373 +9.611114055e-05 +9.611114055e-05 -4.327990389e+01 -4.327990389e+01
136830 +6.185073346e-05 +6.185073346e-05 -4.327993815e+01 -4.327993815e+01
145774 +3.959292525e-05 +3.959292525e-05 -4.327996041e+01 -4.327996041e+01
158238 +2.454784581e-05 +2.454784581e-05 -4.327997545e+01 -4.327997545e+01
169336 +1.578262567e-05 +1.578262567e-05 -4.327998422e+01 -4.327998422e+01
178863 +9.975329732e-06 +9.975329732e-06 -4.327999002e+01 -4.327999002e+01
187345 +6.240676313e-06 +6.240676313e-06 -4.327999376e+01 -4.327999376e+01
200857 +3.975116485e-06 +3.975116485e-06 -4.327999602e+01 -4.327999602e+01
209832 +2.510579051e-06 +2.510579051e-06 -4.327999749e+01 -4.327999749e+01
220420 +1.519082218e-06 +1.519082218e-06 -4.327999848e+01 -4.327999848e+01
227864 +9.888769057e-07 +9.888769057e-07 -4.327999901e+01 -4.327999901e+01
232126 +6.266140886e-07 +6.266140886e-07 -4.327999937e+01 -4.327999937e+01
236845 +3.973707337e-07 +3.973707337e-07 -4.327999960e+01 -4.327999960e+01
242738 +2.489398199e-07 +2.489398199e-07 -4.327999975e+01 -4.327999975e+01
246547 +1.488507237e-07 +1.488507237e-07 -4.327999985e+01 -4.327999985e+01
251458 +9.772310960e-08 +9.772310960e-08 -4.327999990e+01 -4.327999990e+01
254931 +6.005704734e-08 +6.005704734e-08 -4.327999994e+01 -4.327999994e+01
260589 +3.918336944e-08 +3.918336944e-08 -4.327999996e+01 -4.327999996e+01
265149 +2.454081738e-08 +2.454081738e-08 -4.327999998e+01 -4.327999998e+01
270715 +1.534898075e-08 +1.534898075e-08 -4.327999998e+01 -4.327999998e+01
276879 +9.975664739e-09 +9.975664739e-09 -4.327999999e+01 -4.327999999e+01
% function evaluation | noise-free fitness - Fopt (-3.916000000000e+01) | best noise-free fitness - Fopt | measured fitness | best measured fitness | x1 | x2...
1 +1.603496453e+03 +1.603496453e+03 +1.564336453e+03 +1.564336453e+03
2 +2.616875514e+02 +2.616875514e+02 +2.225275514e+02 +2.225275514e+02
9 +1.448623028e+02 +1.448623028e+02 +1.057023028e+02 +1.057023028e+02
882 +8.509660739e+01 +8.509660739e+01 +4.593660739e+01 +4.593660739e+01
3504 +5.822938743e+01 +5.822938743e+01 +1.906938743e+01 +1.906938743e+01
5629 +3.892186089e+01 +3.892186089e+01 -2.381391058e-01 -2.381391058e-01
8005 +2.263158349e+01 +2.263158349e+01 -1.652841651e+01 -1.652841651e+01
12252 +1.521048961e+01 +1.521048961e+01 -2.394951039e+01 -2.394951039e+01
13994 +9.032694480e+00 +9.032694480e+00 -3.012730552e+01 -3.012730552e+01
16288 +6.170629844e+00 +6.170629844e+00 -3.298937016e+01 -3.298937016e+01
21082 +3.564308971e+00 +3.564308971e+00 -3.559569103e+01 -3.559569103e+01
24146 +2.511384149e+00 +2.511384149e+00 -3.664861585e+01 -3.664861585e+01
27329 +1.316792422e+00 +1.316792422e+00 -3.784320758e+01 -3.784320758e+01
30033 +9.634111803e-01 +9.634111803e-01 -3.819658882e+01 -3.819658882e+01
32978 +5.205979680e-01 +5.205979680e-01 -3.863940203e+01 -3.863940203e+01
36169 +3.781546601e-01 +3.781546601e-01 -3.878184534e+01 -3.878184534e+01
41198 +2.474565587e-01 +2.474565587e-01 -3.891254344e+01 -3.891254344e+01
44571 +1.575798044e-01 +1.575798044e-01 -3.900242020e+01 -3.900242020e+01
48884 +8.775225973e-02 +8.775225973e-02 -3.907224774e+01 -3.907224774e+01
53044 +6.156632116e-02 +6.156632116e-02 -3.909843368e+01 -3.909843368e+01
56837 +3.966392390e-02 +3.966392390e-02 -3.912033608e+01 -3.912033608e+01
62513 +2.481572904e-02 +2.481572904e-02 -3.913518427e+01 -3.913518427e+01
67312 +1.484838784e-02 +1.484838784e-02 -3.914515161e+01 -3.914515161e+01
73744 +8.676191671e-03 +8.676191671e-03 -3.915132381e+01 -3.915132381e+01
80021 +6.005432975e-03 +6.005432975e-03 -3.915399457e+01 -3.915399457e+01
83942 +3.867815588e-03 +3.867815588e-03 -3.915613218e+01 -3.915613218e+01
90000 +2.348171023e-03 +2.348171023e-03 -3.915765183e+01 -3.915765183e+01
96421 +1.543800989e-03 +1.543800989e-03 -3.915845620e+01 -3.915845620e+01
101540 +9.545792882e-04 +9.545792882e-04 -3.915904542e+01 -3.915904542e+01
104852 +5.928403474e-04 +5.928403474e-04 -3.915940716e+01 -3.915940716e+01
111319 +3.928356652e-04 +3.928356652e-04 -3.915960716e+01 -3.915960716e+01
116222 +2.369977176e-04 +2.369977176e-04 -3.915976300e+01 -3.915976300e+01
121125 +1.524820657e-04 +1.524820657e-04 -3.915984752e+01 -3.915984752e+01
124300 +9.959366475e-05 +9.959366475e-05 -3.915990041e+01 -3.915990041e+01
129087 +6.275718883e-05 +6.275718883e-05 -3.915993724e+01 -3.915993724e+01
134769 +3.740987582e-05 +3.740987582e-05 -3.915996259e+01 -3.915996259e+01
139367 +2.400520911e-05 +2.400520911e-05 -3.915997599e+01 -3.915997599e+01
144305 +1.561715485e-05 +1.561715485e-05 -3.915998438e+01 -3.915998438e+01
149593 +9.934478193e-06 +9.934478193e-06 -3.915999007e+01 -3.915999007e+01
155570 +6.180684359e-06 +6.180684359e-06 -3.915999382e+01 -3.915999382e+01
164421 +3.965582948e-06 +3.965582948e-06 -3.915999603e+01 -3.915999603e+01
171738 +2.452365024e-06 +2.452365024e-06 -3.915999755e+01 -3.915999755e+01
180814 +1.569008006e-06 +1.569008006e-06 -3.915999843e+01 -3.915999843e+01
190161 +9.918638852e-07 +9.918638852e-07 -3.915999901e+01 -3.915999901e+01
199799 +6.210656878e-07 +6.210656878e-07 -3.915999938e+01 -3.915999938e+01
212075 +3.979962528e-07 +3.979962528e-07 -3.915999960e+01 -3.915999960e+01
230573 +2.494355869e-07 +2.494355869e-07 -3.915999975e+01 -3.915999975e+01
242024 +1.582713622e-07 +1.582713622e-07 -3.915999984e+01 -3.915999984e+01
250043 +9.970007397e-08 +9.970007397e-08 -3.915999990e+01 -3.915999990e+01
255380 +5.920128388e-08 +5.920128388e-08 -3.915999994e+01 -3.915999994e+01
259979 +3.874107080e-08 +3.874107080e-08 -3.915999996e+01 -3.915999996e+01
264253 +2.481164785e-08 +2.481164785e-08 -3.915999998e+01 -3.915999998e+01
269636 +1.493298640e-08 +1.493298640e-08 -3.915999999e+01 -3.915999999e+01
274330 +9.607255436e-09 +9.607255436e-09 -3.915999999e+01 -3.915999999e+01
% function evaluation | noise-free fitness - Fopt (-1.732800000000e+02) | best noise-free fitness - Fopt | measured fitness | best measured fitness | x1 | x2...
1 +5.255289026e+02 +5.255289026e+02 +3.522489026e+02 +3.522489026e+02
2 +2.113146080e+02 +2.113146080e+02 +3.803460803e+01 +3.803460803e+01
6 +1.334813634e+02 +1.334813634e+02 -3.979863662e+01 -3.979863662e+01
26 +9.751899270e+01 +9.751899270e+01 -7.576100730e+01 -7.576100730e+01
1476 +5.419482748e+01 +5.419482748e+01 -1.190851725e+02 -1.190851725e+02
6266 +3.780843408e+01 +3.780843408e+01 -1.354715659e+02 -1.354715659e+02
8087 +2.474620310e+01 +2.474620310e+01 -1.485337969e+02 -1.485337969e+02
10912 +1.371422255e+01 +1.371422255e+01 -1.595657775e+02 -1.595657775e+02
13294 +8.766412867e+00 +8.766412867e+00 -1.645135871e+02 -1.645135871e+02
17243 +6.276002949e+00 +6.276002949e+00 -1.670039971e+02 -1.670039971e+02
21000 +3.943960767e+00 +3.943960767e+00 -1.693360392e+02 -1.693360392e+02
25257 +2.475742185e+00 +2.475742185e+00 -1.708042578e+02 -1.708042578e+02
29403 +1.539971027e+00 +1.539971027e+00 -1.717400290e+02 -1.717400290e+02
31276 +9.760585868e-01 +9.760585868e-01 -1.723039414e+02 -1.723039414e+02
35368 +6.263580623e-01 +6.263580623e-01 -1.726536419e+02 -1.726536419e+02
38453 +3.672670162e-01 +3.672670162e-01 -1.729127330e+02 -1.729127330e+02
39430 +2.130788637e-01 +2.130788637e-01 -1.730669211e+02 -1.730669211e+02
43292 +1.463163162e-01 +1.463163162e-01 -1.731336837e+02 -1.731336837e+02
46718 +9.502440652e-02 +9.502440652e-02 -1.731849756e+02 -1.731849756e+02
49784 +5.194672713e-02 +5.194672713e-02 -1.732280533e+02 -1.732280533e+02
53366 +3.715667080e-02 +3.715667080e-02 -1.732428433e+02 -1.732428433e+02
56297 +2.396101529e-02 +2.396101529e-02 -1.732560390e+02 -1.732560390e+02
60281 +1.468298190e-02 +1.468298190e-02 -1.732653170e+02 -1.732653170e+02
63601 +9.921337185e-03 +9.921337185e-03 -1.732700787e+02 -1.732700787e+02
66444 +6.126513403e-03 +6.126513403e-03 -1.732738735e+02 -1.732738735e+02
70412 +3.949714883e-03 +3.949714883e-03 -1.732760503e+02 -1.732760503e+02
74534 +2.487959685e-03 +2.487959685e-03 -1.732775120e+02 -1.732775120e+02
77682 +1.570993000e-03 +1.570993000e-03 -1.732784290e+02 -1.732784290e+02
81474 +9.165645360e-04 +9.165645360e-04 -1.732790834e+02 -1.732790834e+02
85439 +6.061794178e-04 +6.061794178e-04 -1.732793938e+02 -1.732793938e+02
90520 +3.976556282e-04 +3.976556282e-04 -1.732796023e+02 -1.732796023e+02
94574 +2.497608171e-04 +2.497608171e-04 -1.732797502e+02 -1.732797502e+02
99883 +1.549580744e-04 +1.549580744e-04 -1.732798450e+02 -1.732798450e+02
103717 +9.462055129e-05 +9.462055129e-05 -1.732799054e+02 -1.732799054e+02
109654 +6.101305010e-05 +6.101305010e-05 -1.732799390e+02 -1.732799390e+02
116029 +3.965956415e-05 +3.965956415e-05 -1.732799603e+02 -1.732799603e+02
120738 +2.495400449e-05 +2.495400449e-05 -1.732799750e+02 -1.732799750e+02
129280 +1.571482088e-05 +1.571482088e-05 -1.732799843e+02 -1.732799843e+02
134604 +9.911901770e-06 +9.911901770e-06 -1.732799901e+02 -1.732799901e+02
138940 +6.055779437e-06 +6.055779437e-06 -1.732799939e+02 -1.732799939e+02
144841 +3.805530667e-06 +3.805530667e-06 -1.732799962e+02 -1.732799962e+02
149958 +2.370847653e-06 +2.370847653e-06 -1.732799976e+02 -1.732799976e+02
153039 +1.569809115e-06 +1.569809115e-06 -1.732799984e+02 -1.732799984e+02
161349 +9.268967460e-07 +9.268967460e-07 -1.732799991e+02 -1.732799991e+02
168869 +6.283572134e-07 +6.283572134e-07 -1.732799994e+02 -1.732799994e+02
176365 +3.961527000e-07 +3.961527000e-07 -1.732799996e+02 -1.732799996e+02
185906 +2.500853782e-07 +2.500853782e-07 -1.732799997e+02 -1.732799997e+02
195501 +1.543421888e-07 +1.543421888e-07 -1.732799998e+02 -1.732799998e+02
205145 +9.967200754e-08 +9.967200754e-08 -1.732799999e+02 -1.732799999e+02
209816 +6.113040740e-08 +6.113040740e-08 -1.732799999e+02 -1.732799999e+02
218069 +3.923841518e-08 +3.923841518e-08 -1.732800000e+02 -1.732800000e+02
228422 +2.449129965e-08 +2.449129965e-08 -1.732800000e+02 -1.732800000e+02
234151 +1.472585609e-08 +1.472585609e-08 -1.732800000e+02 -1.732800000e+02
239424 +9.963599723e-09 +9.963599723e-09 -1.732800000e+02 -1.732800000e+02
% function evaluation | noise-free fitness - Fopt (-1.017000000000e+01) | best noise-free fitness - Fopt | measured fitness | best measured fitness | x1 | x2...
1 +1.246556427e+02 +1.246556427e+02 +1.144856427e+02 +1.144856427e+02
271 +7.029647425e+01 +7.029647425e+01 +6.012647425e+01 +6.012647425e+01
1258 +6.185189416e+01 +6.185189416e+01 +5.168189416e+01 +5.168189416e+01
3701 +3.581311629e+01 +3.581311629e+01 +2.564311629e+01 +2.564311629e+01
6547 +2.090857875e+01 +2.090857875e+01 +1.073857875e+01 +1.073857875e+01
9588 +1.582719450e+01 +1.582719450e+01 +5.657194504e+00 +5.657194504e+00
13372 +7.962798439e+00 +7.962798439e+00 -2.207201561e+00 -2.207201561e+00
16181 +5.492066251e+00 +5.492066251e+00 -4.677933749e+00 -4.677933749e+00
17364 +3.836511425e+00 +3.836511425e+00 -6.333488575e+00 -6.333488575e+00
21627 +2.315734917e+00 +2.315734917e+00 -7.854265083e+00 -7.854265083e+00
24167 +1.423235720e+00 +1.423235720e+00 -8.746764280e+00 -8.746764280e+00
26215 +9.719744503e-01 +9.719744503e-01 -9.198025550e+00 -9.198025550e+00
29329 +6.223281657e-01 +6.223281657e-01 -9.547671834e+00 -9.547671834e+00
32702 +3.633309576e-01 +3.633309576e-01 -9.806669042e+00 -9.806669042e+00
35252 +2.357398111e-01 +2.357398111e-01 -9.934260189e+00 -9.934260189e+00
37553 +1.419040131e-01 +1.419040131e-01 -1.002809599e+01 -1.002809599e+01
43130 +9.505581074e-02 +9.505581074e-02 -1.007494419e+01 -1.007494419e+01
45910 +6.132846545e-02 +6.132846545e-02 -1.010867153e+01 -1.010867153e+01
48409 +3.803268378e-02 +3.803268378e-02 -1.013196732e+01 -1.013196732e+01
53353 +2.417444104e-02 +2.417444104e-02 -1.014582556e+01 -1.014582556e+01
56112 +1.557769018e-02 +1.557769018e-02 -1.015442231e+01 -1.015442231e+01
59711 +9.404983230e-03 +9.404983230e-03 -1.016059502e+01 -1.016059502e+01
64146 +6.208080632e-03 +6.208080632e-03 -1.016379192e+01 -1.016379192e+01
69872 +3.822010102e-03 +3.822010102e-03 -1.016617799e+01 -1.016617799e+01
74971 +2.484948119e-03 +2.484948119e-03 -1.016751505e+01 -1.016751505e+01
79779 +1.582839682e-03 +1.582839682e-03 -1.016841716e+01 -1.016841716e+01
85429 +9.803447741e-04 +9.803447741e-04 -1.016901966e+01 -1.016901966e+01
88043 +6.056057251e-04 +6.056057251e-04 -1.016939439e+01 -1.016939439e+01
93647 +3.919122027e-04 +3.919122027e-04 -1.016960809e+01 -1.016960809e+01
98054 +2.487306055e-04 +2.487306055e-04 -1.016975127e+01 -1.016975127e+01
104386 +1.479634575e-04 +1.479634575e-04 -1.016985204e+01 -1.016985204e+01
108464 +9.936870943e-05 +9.936870943e-05 -1.016990063e+01 -1.016990063e+01
112241 +6.302676935e-05 +6.302676935e-05 -1.016993697e+01 -1.016993697e+01
118636 +3.912008020e-05 +3.912008020e-05 -1.016996088e+01 -1.016996088e+01
122441 +2.366990491e-05 +2.366990491e-05 -1.016997633e+01 -1.016997633e+01
128049 +1.580461412e-05 +1.580461412e-05 -1.016998420e+01 -1.016998420e+01
135769 +9.707453581e-06 +9.707453581e-06 -1.016999029e+01 -1.016999029e+01
142452 +6.236692146e-06 +6.236692146e-06 -1.016999376e+01 -1.016999376e+01
149419 +3.800910147e-06 +3.800910147e-06 -1.016999620e+01 -1.016999620e+01
156084 +2.446356691e-06 +2.446356691e-06 -1.016999755e+01 -1.016999755e+01
160162 +1.513058258e-06 +1.513058258e-06 -1.016999849e+01 -1.016999849e+01
165592 +9.886720473e-07 +9.886720473e-07 -1.016999901e+01 -1.016999901e+01
168900 +6.150091103e-07 +6.150091103e-07 -1.016999938e+01 -1.016999938e+01
173942 +3.975198908e-07 +3.975198908e-07 -1.016999960e+01 -1.016999960e+01
179188 +2.493455540e-07 +2.493455540e-07 -1.016999975e+01 -1.016999975e+01
183200 +1.580020434e-07 +1.580020434e-07 -1.016999984e+01 -1.016999984e+01
189496 +9.933303424e-08 +9.933303424e-08 -1.016999990e+01 -1.016999990e+01
194695 +6.279064024e-08 +6.279064024e-08 -1.016999994e+01 -1.016999994e+01
199972 +3.891074840e-08 +3.891074840e-08 -1.016999996e+01 -1.016999996e+01
206957 +2.477300676e-08 +2.477300676e-08 -1.016999998e+01 -1.016999998e+01
216216 +1.565379648e-08 +1.565379648e-08 -1.016999998e+01 -1.016999998e+01
222912 +9.804402623e-09 +9.804402623e-09 -1.016999999e+01 -1.016999999e+01
