% function evaluation | noise-free fitness - Fopt (-1.694000000000e+01) | best noise-free fitness - Fopt | measured fitness | best measured fitness | x1 | x2...
1 +5.464692737e+01 +5.464692737e+01 +3.770692737e+01 +3.770692737e+01 -1.2743e+00 -3.2350e+00 -2.1326e+00
10 +3.405471407e+01 +3.405471407e+01 +1.711471407e+01 +1.711471407e+01 +2.8660e+00 -4.2599e+00 -4.8964e+00
11 +2.472069019e+01 +2.472069019e+01 +7.780690191e+00 +7.780690191e+00 +4.3554e+00 -3.4857e+00 -3.1952e+00
16 +1.319520042e+01 +1.319520042e+01 -3.744799582e+00 -3.744799582e+00 +4.3833e+00 +3.1147e-01 +4.7182e-01
18 +7.971363421e+00 +7.971363421e+00 -8.968636579e+00 -8.968636579e+00 +4.2813e+00 +2.7649e+00 +1.9827e+00
52 +6.207632539e+00 +6.207632539e+00 -1.073236746e+01 -1.073236746e+01 +3.5812e+00 +4.7945e+00 -2.2159e+00
113 +3.424174871e+00 +3.424174871e+00 -1.351582513e+01 -1.351582513e+01 +2.8395e+00 +1.9445e+00 -3.1595e-01
125 +8.905564006e-01 +8.905564006e-01 -1.604944360e+01 -1.604944360e+01 +3.4364e+00 +2.6717e+00 -1.6247e+00
278 +5.959893012e-01 +5.959893012e-01 -1.634401070e+01 -1.634401070e+01 +3.3058e+00 +1.9507e+00 -1.1540e+00
506 +3.915135233e-01 +3.915135233e-01 -1.654848648e+01 -1.654848648e+01 +3.6445e+00 +2.5488e+00 -1.6108e+00
564 +2.362863070e-01 +2.362863070e-01 -1.670371369e+01 -1.670371369e+01 +3.6047e+00 +2.5828e+00 -1.4997e+00
638 +1.523298967e-01 +1.523298967e-01 -1.678767010e+01 -1.678767010e+01 +3.6477e+00 +2.5970e+00 -1.5527e+00
803 +7.887604464e-02 +7.887604464e-02 -1.686112396e+01 -1.686112396e+01 +3.6620e+00 +2.5417e+00 -1.5737e+00
845 +3.436334619e-02 +3.436334619e-02 -1.690563665e+01 -1.690563665e+01 +3.6561e+00 +2.5502e+00 -1.5430e+00
1069 +1.843588460e-02 +1.843588460e-02 -1.692156412e+01 -1.692156412e+01 +3.6378e+00 +2.5267e+00 -1.5110e+00
1075 +1.016167256e-02 +1.016167256e-02 -1.692983833e+01 -1.692983833e+01 +3.6527e+00 +2.5445e+00 -1.5238e+00
1254 +5.892348339e-03 +5.892348339e-03 -1.693410765e+01 -1.693410765e+01 +3.6541e+00 +2.5492e+00 -1.5317e+00
1393 +3.227989044e-03 +3.227989044e-03 -1.693677201e+01 -1.693677201e+01 +3.6569e+00 +2.5491e+00 -1.5312e+00
1414 +1.233472469e-03 +1.233472469e-03 -1.693876653e+01 -1.693876653e+01 +3.6565e+00 +2.5496e+00 -1.5300e+00
1736 +8.263478516e-04 +8.263478516e-04 -1.693917365e+01 -1.693917365e+01 +3.6558e+00 +2.5498e+00 -1.5298e+00
1829 +6.258876882e-04 +6.258876882e-04 -1.693937411e+01 -1.693937411e+01 +3.6565e+00 +2.5503e+00 -1.5302e+00
1953 +3.014878621e-04 +3.014878621e-04 -1.693969851e+01 -1.693969851e+01 +3.6559e+00 +2.5496e+00 -1.5294e+00
1982 +2.304561710e-04 +2.304561710e-04 -1.693976954e+01 -1.693976954e+01 +3.6559e+00 +2.5497e+00 -1.5295e+00
2209 +1.350565485e-04 +1.350565485e-04 -1.693986494e+01 -1.693986494e+01 +3.6559e+00 +2.5494e+00 -1.5295e+00
2398 +5.584898454e-05 +5.584898454e-05 -1.693994415e+01 -1.693994415e+01 +3.6560e+00 +2.5496e+00 -1.5296e+00
2479 +3.275119715e-05 +3.275119715e-05 -1.693996725e+01 -1.693996725e+01 +3.6560e+00 +2.5496e+00 -1.5296e+00
2806 +2.449838262e-05 +2.449838262e-05 -1.693997550e+01 -1.693997550e+01 +3.6560e+00 +2.5496e+00 -1.5296e+00
2886 +1.183274414e-05 +1.183274414e-05 -1.693998817e+01 -1.693998817e+01 +3.6560e+00 +2.5496e+00 -1.5296e+00
2952 +6.970403778e-06 +6.970403778e-06 -1.693999303e+01 -1.693999303e+01 +3.6560e+00 +2.5496e+00 -1.5296e+00
3336 +5.294725323e-06 +5.294725323e-06 -1.693999471e+01 -1.693999471e+01 +3.6560e+00 +2.5496e+00 -1.5296e+00
3340 +3.905375195e-06 +3.905375195e-06 -1.693999609e+01 -1.693999609e+01 +3.6560e+00 +2.5496e+00 -1.5296e+00
3390 +9.026451835e-07 +9.026451835e-07 -1.693999910e+01 -1.693999910e+01 +3.6560e+00 +2.5496e+00 -1.5296e+00
3607 +5.826359413e-07 +5.826359413e-07 -1.693999942e+01 -1.693999942e+01 +3.6560e+00 +2.5496e+00 -1.5296e+00
3656 +3.449684165e-07 +3.449684165e-07 -1.693999966e+01 -1.693999966e+01 +3.6560e+00 +2.5496e+00 -1.5296e+00
3831 +1.455357328e-07 +1.455357328e-07 -1.693999985e+01 -1.693999985e+01 +3.6560e+00 +2.5496e+00 -1.5296e+00
3993 +9.441166782e-08 +9.441166782e-08 -1.693999991e+01 -1.693999991e+01 +3.6560e+00 +2.5496e+00 -1.5296e+00
4102 +5.430409900e-08 +5.430409900e-08 -1.693999995e+01 -1.693999995e+01 +3.6560e+00 +2.5496e+00 -1.5296e+00
4194 +2.197507953e-08 +2.197507953e-08 -1.693999998e+01 -1.693999998e+01 +3.6560e+00 +2.5496e+00 -1.5296e+00
4351 +1.312912801e-08 +1.312912801e-08 -1.693999999e+01 -1.693999999e+01 +3.6560e+00 +2.5496e+00 -1.5296e+00
4414 +6.300755473e-09 +6.300755473e-09 -1.693999999e+01 -1.693999999e+01 +3.6560e+00 +2.5496e+00 -1.5296e+00
% function evaluation | noise-free fitness - Fopt (1.881000000000e+01) | best noise-free fitness - Fopt | measured fitness | best measured fitness | x1 | x2...
1 +2.609941684e+01 +2.609941684e+01 +4.490941684e+01 +4.490941684e+01 -1.5444e+00 -1.3633e+00 -4.6579e+00
2 +9.266568067e+00 +9.266568067e+00 +2.807656807e+01 +2.807656807e+01 -4.8259e-01 -1.2750e-01 -1.4258e+00
12 +5.881990484e+00 +5.881990484e+00 +2.469199048e+01 +2.469199048e+01 +1.5758e-01 +5.9818e-01 -1.5710e+00
28 +3.642174842e+00 +3.642174842e+00 +2.245217484e+01 +2.245217484e+01 -1.6409e+00 +6.6501e-01 -8.1664e-01
86 +2.045024827e+00 +2.045024827e+00 +2.085502483e+01 +2.085502483e+01 -6.6688e-01 +1.9245e+00 -8.6397e-01
130 +7.515835179e-01 +7.515835179e-01 +1.956158352e+01 +1.956158352e+01 -8.0586e-02 +2.1574e+00 -7.8993e-01
347 +4.666252274e-01 +4.666252274e-01 +1.927662523e+01 +1.927662523e+01 -1.5901e-01 +1.8184e+00 -6.8978e-01
672 +3.441455656e-01 +3.441455656e-01 +1.915414557e+01 +1.915414557e+01 -1.5868e-02 +1.9513e+00 -8.8101e-01
709 +1.835892298e-01 +1.835892298e-01 +1.899358923e+01 +1.899358923e+01 -8.5036e-02 +1.8205e+00 -8.2259e-01
809 +1.218865483e-01 +1.218865483e-01 +1.893188655e+01 +1.893188655e+01 -2.2509e-01 +1.7392e+00 -8.3442e-01
1013 +7.997340632e-02 +7.997340632e-02 +1.888997341e+01 +1.888997341e+01 -2.2816e-01 +1.7805e+00 -7.8819e-01
1022 +3.493174290e-02 +3.493174290e-02 +1.884493174e+01 +1.884493174e+01 -2.0165e-01 +1.7723e+00 -8.2904e-01
1296 +2.140076577e-02 +2.140076577e-02 +1.883140077e+01 +1.883140077e+01 -1.9652e-01 +1.7694e+00 -8.2070e-01
1359 +1.566264338e-02 +1.566264338e-02 +1.882566264e+01 +1.882566264e+01 -1.9952e-01 +1.7809e+00 -8.2139e-01
1558 +6.304766737e-03 +6.304766737e-03 +1.881630477e+01 +1.881630477e+01 -1.8586e-01 +1.7827e+00 -8.2654e-01
1732 +3.972255792e-03 +3.972255792e-03 +1.881397226e+01 +1.881397226e+01 -1.9068e-01 +1.7829e+00 -8.2190e-01
1741 +1.334998752e-03 +1.334998752e-03 +1.881133500e+01 +1.881133500e+01 -1.9081e-01 +1.7808e+00 -8.2240e-01
2071 +8.001486301e-04 +8.001486301e-04 +1.881080015e+01 +1.881080015e+01 -1.9091e-01 +1.7810e+00 -8.2218e-01
2119 +4.773353485e-04 +4.773353485e-04 +1.881047734e+01 +1.881047734e+01 -1.9140e-01 +1.7808e+00 -8.2237e-01
2282 +1.079750915e-04 +1.079750915e-04 +1.881010798e+01 +1.881010798e+01 -1.9103e-01 +1.7809e+00 -8.2251e-01
2574 +4.768866834e-05 +4.768866834e-05 +1.881004769e+01 +1.881004769e+01 -1.9122e-01 +1.7808e+00 -8.2240e-01
2696 +3.185768956e-05 +3.185768956e-05 +1.881003186e+01 +1.881003186e+01 -1.9121e-01 +1.7808e+00 -8.2240e-01
2934 +1.220306396e-05 +1.220306396e-05 +1.881001220e+01 +1.881001220e+01 -1.9119e-01 +1.7808e+00 -8.2240e-01
3368 +8.687047067e-06 +8.687047067e-06 +1.881000869e+01 +1.881000869e+01 -1.9120e-01 +1.7808e+00 -8.2240e-01
3641 +4.968904772e-06 +4.968904772e-06 +1.881000497e+01 +1.881000497e+01 -1.9120e-01 +1.7808e+00 -8.2240e-01
3764 +3.834879486e-06 +3.834879486e-06 +1.881000383e+01 +1.881000383e+01 -1.9120e-01 +1.7808e+00 -8.2240e-01
3801 +2.091128081e-06 +2.091128081e-06 +1.881000209e+01 +1.881000209e+01 -1.9120e-01 +1.7808e+00 -8.2240e-01
3843 +1.089897800e-06 +1.089897800e-06 +1.881000109e+01 +1.881000109e+01 -1.9120e-01 +1.7808e+00 -8.2240e-01
3856 +7.966631692e-07 +7.966631692e-07 +1.881000080e+01 +1.881000080e+01 -1.9120e-01 +1.7808e+00 -8.2240e-01
4081 +5.184551064e-07 +5.184551064e-07 +1.881000052e+01 +1.881000052e+01 -1.9120e-01 +1.7808e+00 -8.2240e-01
4172 +2.919856854e-07 +2.919856854e-07 +1.881000029e+01 +1.881000029e+01 -1.9120e-01 +1.7808e+00 -8.2240e-01
4222 +2.308615485e-07 +2.308615485e-07 +1.881000023e+01 +1.881000023e+01 -1.9120e-01 +1.7808e+00 -8.2240e-01
4470 +7.189767004e-08 +7.189767004e-08 +1.881000007e+01 +1.881000007e+01 -1.9120e-01 +1.7808e+00 -8.2240e-01
4629 +4.486539140e-08 +4.486539140e-08 +1.881000004e+01 +1.881000004e+01 -1.9120e-01 +1.7808e+00 -8.2240e-01
4645 +3.969053708e-08 +3.969053708e-08 +1.881000004e+01 +1.881000004e+01 -1.9120e-01 +1.7808e+00 -8.2240e-01
4808 +1.692902885e-08 +1.692902885e-08 +1.881000002e+01 +1.881000002e+01 -1.9120e-01 +1.7808e+00 -8.2240e-01
4909 +1.460704269e-08 +1.460704269e-08 +1.881000001e+01 +1.881000001e+01 -1.9120e-01 +1.7808e+00 -8.2240e-01
4955 +7.186056195e-09 +7.186056195e-09 +1.881000001e+01 +1.881000001e+01 -1.9120e-01 +1.7808e+00 -8.2240e-01
% function evaluation | noise-free fitness - Fopt (2.731500000000e+02) | best noise-free fitness - Fopt | measured fitness | best measured fitness | x1 | x2...
1 +3.661856086e+02 +3.661856086e+02 +6.393356086e+02 +6.393356086e+02 +2.8770e+00 -1.7840e+00 -2.3857e+00
2 +3.567491916e+01 +3.567491916e+01 +3.088249192e+02 +3.088249192e+02 +4.9511e+00 +3.0040e+00 +2.1549e+00
8 +1.190735183e+01 +1.190735183e+01 +2.850573518e+02 +2.850573518e+02 -1.2440e+00 +1.5845e+00 -2.3548e-01
83 +8.300203011e+00 +8.300203011e+00 +2.814502030e+02 +2.814502030e+02 -1.9525e+00 +3.3712e+00 -7.0418e-01
85 +4.747003750e+00 +4.747003750e+00 +2.778970037e+02 +2.778970037e+02 -2.1020e+00 +5.3940e+00 +4.4912e-01
95 +3.370403895e+00 +3.370403895e+00 +2.765204039e+02 +2.765204039e+02 -2.7670e+00 +3.3221e+00 -1.8534e-01
135 +1.403567710e+00 +1.403567710e+00 +2.745535677e+02 +2.745535677e+02 -3.3231e+00 +3.5094e+00 -2.5258e-01
200 +8.340362576e-01 +8.340362576e-01 +2.739840363e+02 +2.739840363e+02 -3.8830e+00 +4.1467e+00 -5.1842e-01
350 +4.826885593e-01 +4.826885593e-01 +2.736326886e+02 +2.736326886e+02 -3.6044e+00 +3.5998e+00 -6.3113e-01
530 +3.476714149e-01 +3.476714149e-01 +2.734976714e+02 +2.734976714e+02 -3.6972e+00 +3.4131e+00 -4.8040e-01
663 +2.108122470e-01 +2.108122470e-01 +2.733608122e+02 +2.733608122e+02 -3.4901e+00 +3.6079e+00 -4.7352e-01
712 +1.054951209e-01 +1.054951209e-01 +2.732554951e+02 +2.732554951e+02 -3.5282e+00 +3.7970e+00 -4.7537e-01
796 +9.988290766e-02 +9.988290766e-02 +2.732498829e+02 +2.732498829e+02 -3.6019e+00 +3.6466e+00 -4.9852e-01
819 +5.575365627e-02 +5.575365627e-02 +2.732057537e+02 +2.732057537e+02 -3.6204e+00 +3.6613e+00 -4.9802e-01
1050 +1.533688085e-02 +1.533688085e-02 +2.731653369e+02 +2.731653369e+02 -3.5719e+00 +3.7553e+00 -4.7693e-01
1323 +9.666025188e-03 +9.666025188e-03 +2.731596660e+02 +2.731596660e+02 -3.5766e+00 +3.7574e+00 -4.7678e-01
1376 +5.442474118e-03 +5.442474118e-03 +2.731554425e+02 +2.731554425e+02 -3.5813e+00 +3.7529e+00 -4.8074e-01
1412 +2.462518445e-03 +2.462518445e-03 +2.731524625e+02 +2.731524625e+02 -3.5805e+00 +3.7505e+00 -4.7923e-01
1503 +1.150663010e-03 +1.150663010e-03 +2.731511507e+02 +2.731511507e+02 -3.5794e+00 +3.7532e+00 -4.7897e-01
1801 +2.798857153e-04 +2.798857153e-04 +2.731502799e+02 +2.731502799e+02 -3.5792e+00 +3.7535e+00 -4.7853e-01
2136 +1.150973476e-04 +1.150973476e-04 +2.731501151e+02 +2.731501151e+02 -3.5793e+00 +3.7534e+00 -4.7842e-01
2344 +8.530471229e-05 +8.530471229e-05 +2.731500853e+02 +2.731500853e+02 -3.5792e+00 +3.7536e+00 -4.7838e-01
2505 +4.867354914e-05 +4.867354914e-05 +2.731500487e+02 +2.731500487e+02 -3.5792e+00 +3.7536e+00 -4.7839e-01
2600 +3.167387325e-05 +3.167387325e-05 +2.731500317e+02 +2.731500317e+02 -3.5792e+00 +3.7536e+00 -4.7841e-01
2831 +2.473263925e-05 +2.473263925e-05 +2.731500247e+02 +2.731500247e+02 -3.5792e+00 +3.7536e+00 -4.7840e-01
3085 +1.417174178e-05 +1.417174178e-05 +2.731500142e+02 +2.731500142e+02 -3.5792e+00 +3.7536e+00 -4.7840e-01
3362 +4.889717331e-06 +4.889717331e-06 +2.731500049e+02 +2.731500049e+02 -3.5792e+00 +3.7536e+00 -4.7840e-01
3432 +1.306925697e-06 +1.306925697e-06 +2.731500013e+02 +2.731500013e+02 -3.5792e+00 +3.7536e+00 -4.7840e-01
3798 +8.498138300e-07 +8.498138300e-07 +2.731500008e+02 +2.731500008e+02 -3.5792e+00 +3.7536e+00 -4.7840e-01
3808 +6.185726988e-07 +6.185726988e-07 +2.731500006e+02 +2.731500006e+02 -3.5792e+00 +3.7536e+00 -4.7840e-01
3997 +2.778477324e-07 +2.778477324e-07 +2.731500003e+02 +2.731500003e+02 -3.5792e+00 +3.7536e+00 -4.7840e-01
4160 +1.333661430e-07 +1.333661430e-07 +2.731500001e+02 +2.731500001e+02 -3.5792e+00 +3.7536e+00 -4.7840e-01
4264 +6.498839866e-08 +6.498839866e-08 +2.731500001e+02 +2.731500001e+02 -3.5792e+00 +3.7536e+00 -4.7840e-01
4318 +5.172546480e-08 +5.172546480e-08 +2.731500001e+02 +2.731500001e+02 -3.5792e+00 +3.7536e+00 -4.7840e-01
4371 +3.783361535e-08 +3.783361535e-08 +2.731500000e+02 +2.731500000e+02 -3.5792e+00 +3.7536e+00 -4.7840e-01
4560 +2.243876907e-08 +2.243876907e-08 +2.731500000e+02 +2.731500000e+02 -3.5792e+00 +3.7536e+00 -4.7840e-01
4602 +1.504537295e-08 +1.504537295e-08 +2.731500000e+02 +2.731500000e+02 -3.5792e+00 +3.7536e+00 -4.7840e-01
4684 +8.098709259e-09 +8.098709259e-09 +2.731500000e+02 +2.731500000e+02 -3.5792e+00 +3.7536e+00 -4.7840e-01
% function evaluation | noise-free fitness - Fopt (3.718000000000e+01) | best noise-free fitness - Fopt | measured fitness | best measured fitness | x1 | x2...
1 +4.880793815e+01 +4.880793815e+01 +8.598793815e+01 +8.598793815e+01 -3.5950e+00 -4.9308e+00 -4.5157e+00
2 +2.334792941e+01 +2.334792941e+01 +6.052792941e+01 +6.052792941e+01 +2.9282e+00 -9.5706e-01 +2.7733e-02
3 +1.552695234e+01 +1.552695234e+01 +5.270695234e+01 +5.270695234e+01 -3.5877e+00 +1.7080e+00 +4.3948e+00
8 +5.567216525e+00 +5.567216525e+00 +4.274721653e+01 +4.274721653e+01 -1.7178e+00 +1.8389e+00 +2.8392e+00
74 +2.004003629e+00 +2.004003629e+00 +3.918400363e+01 +3.918400363e+01 -2.4802e+00 +2.1145e+00 +2.2266e+00
212 +1.555755958e+00 +1.555755958e+00 +3.873575596e+01 +3.873575596e+01 -4.2517e+00 +1.8092e+00 +1.7164e+00
288 +9.968560394e-01 +9.968560394e-01 +3.817685604e+01 +3.817685604e+01 -3.8382e+00 +1.7880e+00 +1.9980e+00
329 +5.051930174e-01 +5.051930174e-01 +3.768519302e+01 +3.768519302e+01 -3.4670e+00 +2.3160e+00 +2.1932e+00
529 +2.813104762e-01 +2.813104762e-01 +3.746131048e+01 +3.746131048e+01 -3.6310e+00 +2.1846e+00 +2.0971e+00
530 +1.964861349e-01 +1.964861349e-01 +3.737648613e+01 +3.737648613e+01 -3.9486e+00 +2.0893e+00 +2.0644e+00
617 +1.273091627e-01 +1.273091627e-01 +3.730730916e+01 +3.730730916e+01 -3.9678e+00 +2.0463e+00 +1.9853e+00
716 +8.493206622e-02 +8.493206622e-02 +3.726493207e+01 +3.726493207e+01 -3.9231e+00 +2.0708e+00 +1.9939e+00
895 +4.468983220e-02 +4.468983220e-02 +3.722468983e+01 +3.722468983e+01 -3.8964e+00 +2.0723e+00 +2.0421e+00
1149 +3.203541089e-02 +3.203541089e-02 +3.721203541e+01 +3.721203541e+01 -3.9052e+00 +2.0764e+00 +2.0268e+00
1294 +1.957846056e-02 +1.957846056e-02 +3.719957846e+01 +3.719957846e+01 -3.9006e+00 +2.0708e+00 +2.0340e+00
1420 +1.387283287e-02 +1.387283287e-02 +3.719387283e+01 +3.719387283e+01 -3.8989e+00 +2.0705e+00 +2.0345e+00
1492 +7.445159326e-03 +7.445159326e-03 +3.718744516e+01 +3.718744516e+01 -3.9005e+00 +2.0603e+00 +2.0385e+00
1586 +5.889860222e-03 +5.889860222e-03 +3.718588986e+01 +3.718588986e+01 -3.8989e+00 +2.0634e+00 +2.0410e+00
1655 +2.227324041e-03 +2.227324041e-03 +3.718222732e+01 +3.718222732e+01 -3.8990e+00 +2.0595e+00 +2.0396e+00
1961 +5.724812186e-04 +5.724812186e-04 +3.718057248e+01 +3.718057248e+01 -3.8990e+00 +2.0603e+00 +2.0399e+00
2020 +2.388437420e-04 +2.388437420e-04 +3.718023884e+01 +3.718023884e+01 -3.8993e+00 +2.0600e+00 +2.0401e+00
2323 +1.360511316e-04 +1.360511316e-04 +3.718013605e+01 +3.718013605e+01 -3.8992e+00 +2.0600e+00 +2.0400e+00
2726 +4.252754061e-05 +4.252754061e-05 +3.718004253e+01 +3.718004253e+01 -3.8992e+00 +2.0600e+00 +2.0400e+00
2832 +3.345459628e-05 +3.345459628e-05 +3.718003345e+01 +3.718003345e+01 -3.8992e+00 +2.0600e+00 +2.0400e+00
2979 +2.265709749e-05 +2.265709749e-05 +3.718002266e+01 +3.718002266e+01 -3.8992e+00 +2.0600e+00 +2.0400e+00
3177 +1.373576113e-05 +1.373576113e-05 +3.718001374e+01 +3.718001374e+01 -3.8992e+00 +2.0600e+00 +2.0400e+00
3316 +8.150051357e-06 +8.150051357e-06 +3.718000815e+01 +3.718000815e+01 -3.8992e+00 +2.0600e+00 +2.0400e+00
3329 +9.348008732e-07 +9.348008732e-07 +3.718000093e+01 +3.718000093e+01 -3.8992e+00 +2.0600e+00 +2.0400e+00
3936 +5.646589898e-07 +5.646589898e-07 +3.718000056e+01 +3.718000056e+01 -3.8992e+00 +2.0600e+00 +2.0400e+00
4142 +3.903779273e-07 +3.903779273e-07 +3.718000039e+01 +3.718000039e+01 -3.8992e+00 +2.0600e+00 +2.0400e+00
4301 +1.986660934e-07 +1.986660934e-07 +3.718000020e+01 +3.718000020e+01 -3.8992e+00 +2.0600e+00 +2.0400e+00
4334 +9.940806933e-08 +9.940806933e-08 +3.718000010e+01 +3.718000010e+01 -3.8992e+00 +2.0600e+00 +2.0400e+00
4478 +4.682637922e-08 +4.682637922e-08 +3.718000005e+01 +3.718000005e+01 -3.8992e+00 +2.0600e+00 +2.0400e+00
4561 +3.109117586e-08 +3.109117586e-08 +3.718000003e+01 +3.718000003e+01 -3.8992e+00 +2.0600e+00 +2.0400e+00
4667 +1.536264449e-08 +1.536264449e-08 +3.718000002e+01 +3.718000002e+01 -3.8992e+00 +2.0600e+00 +2.0400e+00
4748 +3.129791537e-09 +3.129791537e-09 +3.718000000e+01 +3.718000000e+01 -3.8992e+00 +2.0600e+00 +2.0400e+00
% function evaluation | noise-free fitness - Fopt (-1.479000000000e+02) | best noise-free fitness - Fopt | measured fitness | best measured fitness | x1 | x2...
1 +1.909879976e+01 +1.909879976e+01 -1.288012002e+02 -1.288012002e+02 -4.4805e+00 -1.2404e+00 +3.6865e+00
2 +1.134218460e+01 +1.134218460e+01 -1.365578154e+02 -1.365578154e+02 -2.6805e+00 -9.2968e-01 +2.8595e+00
15 +7.041085536e+00 +7.041085536e+00 -1.408589145e+02 -1.408589145e+02 +1.1066e+00 +1.2892e+00 +2.5344e+00
78 +3.951697808e+00 +3.951697808e+00 -1.439483022e+02 -1.439483022e+02 -5.2252e-01 -1.9493e+00 +2.0573e+00
111 +2.269797170e+00 +2.269797170e+00 -1.456302028e+02 -1.456302028e+02 -2.0993e+00 -6.1276e-02 +2.3991e+00
228 +1.276360579e+00 +1.276360579e+00 -1.466236394e+02 -1.466236394e+02 -1.5098e+00 +1.0905e-01 +1.3706e+00
338 +5.680167099e-01 +5.680167099e-01 -1.473319833e+02 -1.473319833e+02 -1.6380e+00 +2.7142e-01 +1.0209e+00
541 +3.266977391e-01 +3.266977391e-01 -1.475733023e+02 -1.475733023e+02 -1.7254e+00 +1.3507e-01 +1.2824e+00
587 +2.386000075e-01 +2.386000075e-01 -1.476614000e+02 -1.476614000e+02 -1.6797e+00 +4.3420e-02 +9.3741e-01
796 +1.531477726e-01 +1.531477726e-01 -1.477468522e+02 -1.477468522e+02 -1.7219e+00 +1.1872e-01 +1.1563e+00
824 +9.943619884e-02 +9.943619884e-02 -1.478005638e+02 -1.478005638e+02 -1.6982e+00 +1.0180e-01 +1.0323e+00
874 +5.026386924e-02 +5.026386924e-02 -1.478497361e+02 -1.478497361e+02 -1.6916e+00 +1.4860e-01 +1.1524e+00
1016 +3.537560046e-02 +3.537560046e-02 -1.478646244e+02 -1.478646244e+02 -1.6648e+00 +1.4107e-01 +1.1391e+00
1236 +2.501616730e-02 +2.501616730e-02 -1.478749838e+02 -1.478749838e+02 -1.6689e+00 +1.4112e-01 +1.1271e+00
1301 +9.322836348e-03 +9.322836348e-03 -1.478906772e+02 -1.478906772e+02 -1.6740e+00 +1.3994e-01 +1.1431e+00
1455 +3.547007826e-03 +3.547007826e-03 -1.478964530e+02 -1.478964530e+02 -1.6720e+00 +1.3442e-01 +1.1350e+00
1702 +1.807549450e-03 +1.807549450e-03 -1.478981925e+02 -1.478981925e+02 -1.6700e+00 +1.3600e-01 +1.1374e+00
1839 +1.430802842e-03 +1.430802842e-03 -1.478985692e+02 -1.478985692e+02 -1.6704e+00 +1.3435e-01 +1.1359e+00
1989 +3.881909755e-04 +3.881909755e-04 -1.478996118e+02 -1.478996118e+02 -1.6704e+00 +1.3579e-01 +1.1378e+00
2349 +2.498792002e-04 +2.498792002e-04 -1.478997501e+02 -1.478997501e+02 -1.6705e+00 +1.3521e-01 +1.1368e+00
2489 +1.134568464e-04 +1.134568464e-04 -1.478998865e+02 -1.478998865e+02 -1.6704e+00 +1.3525e-01 +1.1368e+00
2658 +9.146346582e-05 +9.146346582e-05 -1.478999085e+02 -1.478999085e+02 -1.6704e+00 +1.3516e-01 +1.1367e+00
2691 +3.719562307e-05 +3.719562307e-05 -1.478999628e+02 -1.478999628e+02 -1.6704e+00 +1.3521e-01 +1.1368e+00
2955 +2.015494650e-05 +2.015494650e-05 -1.478999798e+02 -1.478999798e+02 -1.6704e+00 +1.3520e-01 +1.1368e+00
3285 +9.189721425e-06 +9.189721425e-06 -1.478999908e+02 -1.478999908e+02 -1.6704e+00 +1.3520e-01 +1.1368e+00
3512 +5.495357726e-06 +5.495357726e-06 -1.478999945e+02 -1.478999945e+02 -1.6704e+00 +1.3520e-01 +1.1368e+00
3580 +1.599351322e-06 +1.599351322e-06 -1.478999984e+02 -1.478999984e+02 -1.6704e+00 +1.3520e-01 +1.1368e+00
3770 +1.464153058e-06 +1.464153058e-06 -1.478999985e+02 -1.478999985e+02 -1.6704e+00 +1.3520e-01 +1.1368e+00
3827 +6.764216209e-07 +6.764216209e-07 -1.478999993e+02 -1.478999993e+02 -1.6704e+00 +1.3520e-01 +1.1368e+00
3929 +5.788794510e-07 +5.788794510e-07 -1.478999994e+02 -1.478999994e+02 -1.6704e+00 +1.3520e-01 +1.1368e+00
4104 +3.803585287e-07 +3.803585287e-07 -1.478999996e+02 -1.478999996e+02 -1.6704e+00 +1.3520e-01 +1.1368e+00
4139 +1.941146763e-07 +1.941146763e-07 -1.478999998e+02 -1.478999998e+02 -1.6704e+00 +1.3520e-01 +1.1368e+00
4303 +1.514034693e-07 +1.514034693e-07 -1.478999998e+02 -1.478999998e+02 -1.6704e+00 +1.3520e-01 +1.1368e+00
4375 +9.395648704e-08 +9.395648704e-08 -1.478999999e+02 -1.478999999e+02 -1.6704e+00 +1.3520e-01 +1.1368e+00
4377 +4.974154422e-08 +4.974154422e-08 -1.479000000e+02 -1.479000000e+02 -1.6704e+00 +1.3520e-01 +1.1368e+00
4565 +3.315804520e-08 +3.315804520e-08 -1.479000000e+02 -1.479000000e+02 -1.6704e+00 +1.3520e-01 +1.1368e+00
4649 +1.495607194e-08 +1.495607194e-08 -1.479000000e+02 -1.479000000e+02 -1.6704e+00 +1.3520e-01 +1.1368e+00
4698 +3.742627541e-09 +3.742627541e-09 -1.479000000e+02 -1.479000000e+02 -1.6704e+00 +1.3520e-01 +1.1368e+00
% function evaluation | noise-free fitness - Fopt (-2.218900000000e+02) | best noise-free fitness - Fopt | measured fitness | best measured fitness | x1 | x2...
1 +1.564967018e+00 +1.564967018e+00 -2.203250330e+02 -2.203250330e+02 -3.8791e+00 +4.9797e-01 +2.6482e-02
351 +8.892012466e-01 +8.892012466e-01 -2.210007988e+02 -2.210007988e+02 -4.0513e+00 +2.9976e-01 +8.5452e-02
408 +2.466723430e-01 +2.466723430e-01 -2.216433277e+02 -2.216433277e+02 -3.7277e+00 +1.0391e-01 +3.5324e-02
559 +1.256679985e-01 +1.256679985e-01 -2.217643320e+02 -2.217643320e+02 -3.9635e+00 +2.6701e-01 +3.3256e-01
918 +8.524672478e-02 +8.524672478e-02 -2.218047533e+02 -2.218047533e+02 -3.9592e+00 +2.1904e-01 +2.4472e-01
933 +6.056760858e-02 +6.056760858e-02 -2.218294324e+02 -2.218294324e+02 -3.9261e+00 +2.3077e-01 +2.3536e-01
963 +3.668731337e-02 +3.668731337e-02 -2.218533127e+02 -2.218533127e+02 -3.9595e+00 +2.6296e-01 +2.8096e-01
1179 +1.584243331e-02 +1.584243331e-02 -2.218741576e+02 -2.218741576e+02 -3.9373e+00 +2.4790e-01 +2.6355e-01
1414 +8.389010390e-03 +8.389010390e-03 -2.218816110e+02 -2.218816110e+02 -3.9458e+00 +2.4709e-01 +2.6693e-01
1450 +3.831458264e-03 +3.831458264e-03 -2.218861685e+02 -2.218861685e+02 -3.9423e+00 +2.4757e-01 +2.5925e-01
1775 +1.357301817e-03 +1.357301817e-03 -2.218886427e+02 -2.218886427e+02 -3.9433e+00 +2.4855e-01 +2.6136e-01
1976 +7.195747724e-04 +7.195747724e-04 -2.218892804e+02 -2.218892804e+02 -3.9432e+00 +2.4762e-01 +2.6141e-01
2089 +2.901452384e-04 +2.901452384e-04 -2.218897099e+02 -2.218897099e+02 -3.9433e+00 +2.4799e-01 +2.6172e-01
2353 +2.167915883e-04 +2.167915883e-04 -2.218897832e+02 -2.218897832e+02 -3.9432e+00 +2.4796e-01 +2.6160e-01
2471 +1.584288526e-04 +1.584288526e-04 -2.218898416e+02 -2.218898416e+02 -3.9432e+00 +2.4795e-01 +2.6160e-01
2513 +5.557537645e-05 +5.557537645e-05 -2.218899444e+02 -2.218899444e+02 -3.9432e+00 +2.4802e-01 +2.6163e-01
2644 +3.641938639e-05 +3.641938639e-05 -2.218899636e+02 -2.218899636e+02 -3.9432e+00 +2.4799e-01 +2.6159e-01
3081 +1.859826978e-05 +1.859826978e-05 -2.218899814e+02 -2.218899814e+02 -3.9432e+00 +2.4802e-01 +2.6162e-01
3089 +1.205469252e-05 +1.205469252e-05 -2.218899879e+02 -2.218899879e+02 -3.9432e+00 +2.4801e-01 +2.6161e-01
3170 +9.955107828e-06 +9.955107828e-06 -2.218899900e+02 -2.218899900e+02 -3.9432e+00 +2.4800e-01 +2.6160e-01
3568 +5.205274874e-06 +5.205274874e-06 -2.218899948e+02 -2.218899948e+02 -3.9432e+00 +2.4800e-01 +2.6160e-01
3641 +2.784722966e-06 +2.784722966e-06 -2.218899972e+02 -2.218899972e+02 -3.9432e+00 +2.4800e-01 +2.6160e-01
3670 +1.127491686e-06 +1.127491686e-06 -2.218899989e+02 -2.218899989e+02 -3.9432e+00 +2.4800e-01 +2.6160e-01
3696 +6.227782592e-07 +6.227782592e-07 -2.218899994e+02 -2.218899994e+02 -3.9432e+00 +2.4800e-01 +2.6160e-01
4136 +3.836860287e-07 +3.836860287e-07 -2.218899996e+02 -2.218899996e+02 -3.9432e+00 +2.4800e-01 +2.6160e-01
4313 +2.207764851e-07 +2.207764851e-07 -2.218899998e+02 -2.218899998e+02 -3.9432e+00 +2.4800e-01 +2.6160e-01
4348 +1.559099587e-07 +1.559099587e-07 -2.218899998e+02 -2.218899998e+02 -3.9432e+00 +2.4800e-01 +2.6160e-01
4450 +6.115422480e-08 +6.115422480e-08 -2.218899999e+02 -2.218899999e+02 -3.9432e+00 +2.4800e-01 +2.6160e-01
4575 +2.316386372e-08 +2.316386372e-08 -2.218900000e+02 -2.218900000e+02 -3.9432e+00 +2.4800e-01 +2.6160e-01
4745 +1.290396767e-08 +1.290396767e-08 -2.218900000e+02 -2.218900000e+02 -3.9432e+00 +2.4800e-01 +2.6160e-01
4937 +6.722103763e-09 +6.722103763e-09 -2.218900000e+02 -2.218900000e+02 -3.9432e+00 +2.4800e-01 +2.6160e-01
% function evaluation | noise-free fitness - Fopt (1.195400000000e+02) | best noise-free fitness - Fopt | measured fitness | best measured fitness | x1 | x2...
1 +1.199908147e+01 +1.199908147e+01 +1.315390815e+02 +1.315390815e+02 -3.5795e+00 -5.8671e-01 -1.5682e+00
2 +8.652270808e+00 +8.652270808e+00 +1.281922708e+02 +1.281922708e+02 -5.4816e-01 -2.4300e+00 -4.1102e+00
15 +3.008233753e+00 +3.008233753e+00 +1.225482338e+02 +1.225482338e+02 +1.9181e+00 -6.2372e-01 -3.2947e+00
46 +1.875975326e+00 +1.875975326e+00 +1.214159753e+02 +1.214159753e+02 +1.6356e-01 +1.5118e+00 -2.6935e+00
127 +1.439642805e+00 +1.439642805e+00 +1.209796428e+02 +1.209796428e+02 +2.7311e+00 +2.3302e+00 -2.2303e+00
171 +4.235172196e-01 +4.235172196e-01 +1.199635172e+02 +1.199635172e+02 +8.2751e-01 +4.8999e-01 -3.4741e+00
457 +3.183916330e-01 +3.183916330e-01 +1.198583916e+02 +1.198583916e+02 +1.3179e+00 +9.4085e-01 -2.9893e+00
556 +2.343319125e-01 +2.343319125e-01 +1.197743319e+02 +1.197743319e+02 +1.4825e+00 +1.0212e+00 -2.9507e+00
641 +1.446119077e-01 +1.446119077e-01 +1.196846119e+02 +1.196846119e+02 +1.3523e+00 +9.8971e-01 -3.0367e+00
742 +8.866571614e-02 +8.866571614e-02 +1.196286657e+02 +1.196286657e+02 +1.3063e+00 +8.7532e-01 -3.0809e+00
816 +4.195593242e-02 +4.195593242e-02 +1.195819559e+02 +1.195819559e+02 +1.3389e+00 +9.2277e-01 -3.0635e+00
914 +2.399949989e-02 +2.399949989e-02 +1.195639995e+02 +1.195639995e+02 +1.3016e+00 +9.1456e-01 -3.0698e+00
1231 +1.490264506e-02 +1.490264506e-02 +1.195549026e+02 +1.195549026e+02 +1.3076e+00 +9.0206e-01 -3.0862e+00
1267 +6.942997875e-03 +6.942997875e-03 +1.195469430e+02 +1.195469430e+02 +1.3127e+00 +9.0385e-01 -3.0806e+00
1382 +5.799742319e-03 +5.799742319e-03 +1.195457997e+02 +1.195457997e+02 +1.3176e+00 +9.1063e-01 -3.0760e+00
1405 +1.166219534e-03 +1.166219534e-03 +1.195411662e+02 +1.195411662e+02 +1.3193e+00 +9.0854e-01 -3.0764e+00
1798 +9.807459420e-04 +9.807459420e-04 +1.195409807e+02 +1.195409807e+02 +1.3193e+00 +9.0900e-01 -3.0769e+00
1886 +3.800713290e-04 +3.800713290e-04 +1.195403801e+02 +1.195403801e+02 +1.3193e+00 +9.0885e-01 -3.0767e+00
1965 +1.664686234e-04 +1.664686234e-04 +1.195401665e+02 +1.195401665e+02 +1.3193e+00 +9.0887e-01 -3.0767e+00
2278 +1.483044831e-04 +1.483044831e-04 +1.195401483e+02 +1.195401483e+02 +1.3192e+00 +9.0883e-01 -3.0768e+00
2408 +3.448708125e-05 +3.448708125e-05 +1.195400345e+02 +1.195400345e+02 +1.3192e+00 +9.0880e-01 -3.0768e+00
2661 +1.845790659e-05 +1.845790659e-05 +1.195400185e+02 +1.195400185e+02 +1.3192e+00 +9.0881e-01 -3.0768e+00
2782 +1.428275846e-05 +1.428275846e-05 +1.195400143e+02 +1.195400143e+02 +1.3192e+00 +9.0880e-01 -3.0768e+00
2946 +9.398512972e-06 +9.398512972e-06 +1.195400094e+02 +1.195400094e+02 +1.3192e+00 +9.0880e-01 -3.0768e+00
3095 +5.980696699e-06 +5.980696699e-06 +1.195400060e+02 +1.195400060e+02 +1.3192e+00 +9.0880e-01 -3.0768e+00
3116 +1.877347344e-06 +1.877347344e-06 +1.195400019e+02 +1.195400019e+02 +1.3192e+00 +9.0880e-01 -3.0768e+00
3266 +1.554714714e-06 +1.554714714e-06 +1.195400016e+02 +1.195400016e+02 +1.3192e+00 +9.0880e-01 -3.0768e+00
3423 +8.649476939e-07 +8.649476939e-07 +1.195400009e+02 +1.195400009e+02 +1.3192e+00 +9.0880e-01 -3.0768e+00
3611 +6.054263224e-07 +6.054263224e-07 +1.195400006e+02 +1.195400006e+02 +1.3192e+00 +9.0880e-01 -3.0768e+00
3730 +3.342516521e-07 +3.342516521e-07 +1.195400003e+02 +1.195400003e+02 +1.3192e+00 +9.0880e-01 -3.0768e+00
3777 +2.007949433e-07 +2.007949433e-07 +1.195400002e+02 +1.195400002e+02 +1.3192e+00 +9.0880e-01 -3.0768e+00
3921 +1.323745948e-07 +1.323745948e-07 +1.195400001e+02 +1.195400001e+02 +1.3192e+00 +9.0880e-01 -3.0768e+00
4048 +9.162243941e-08 +9.162243941e-08 +1.195400001e+02 +1.195400001e+02 +1.3192e+00 +9.0880e-01 -3.0768e+00
4085 +5.908705702e-08 +5.908705702e-08 +1.195400001e+02 +1.195400001e+02 +1.3192e+00 +9.0880e-01 -3.0768e+00
4174 +2.030586188e-08 +2.030586188e-08 +1.195400000e+02 +1.195400000e+02 +1.3192e+00 +9.0880e-01 -3.0768e+00
4317 +7.318632811e-09 +7.318632811e-09 +1.195400000e+02 +1.195400000e+02 +1.3192e+00 +9.0880e-01 -3.0768e+00
% function evaluation | noise-free fitness - Fopt (6.983000000000e+01) | best noise-free fitness - Fopt | measured fitness | best measured fitness | x1 | x2...
1 +2.266972459e+01 +2.266972459e+01 +9.249972459e+01 +9.249972459e+01 +1.3719e+00 +1.3139e+00 -3.1482e+00
2 +1.036818663e+01 +1.036818663e+01 +8.019818663e+01 +8.019818663e+01 +1.3295e+00 -3.7392e+00 -1.6874e+00
7 +9.445151385e+00 +9.445151385e+00 +7.927515138e+01 +7.927515138e+01 -5.5577e-01 +8.9743e-01 -1.5891e+00
21 +5.399333386e+00 +5.399333386e+00 +7.522933339e+01 +7.522933339e+01 -9.7155e-01 -4.7595e+00 -3.4137e+00
51 +1.526327842e+00 +1.526327842e+00 +7.135632784e+01 +7.135632784e+01 -3.2255e+00 -1.5686e+00 -2.9414e+00
399 +8.050304642e-01 +8.050304642e-01 +7.063503046e+01 +7.063503046e+01 -2.5680e+00 -1.3188e+00 -2.7081e+00
546 +5.860275664e-01 +5.860275664e-01 +7.041602757e+01 +7.041602757e+01 -3.1886e+00 -1.5777e+00 -2.8518e+00
578 +3.736877752e-01 +3.736877752e-01 +7.020368778e+01 +7.020368778e+01 -2.9745e+00 -1.4830e+00 -2.6744e+00
757 +1.968689984e-01 +1.968689984e-01 +7.002686900e+01 +7.002686900e+01 -2.9600e+00 -1.4095e+00 -2.7127e+00
855 +1.485503150e-01 +1.485503150e-01 +6.997855031e+01 +6.997855031e+01 -2.7574e+00 -1.5848e+00 -2.6338e+00
943 +9.260062946e-02 +9.260062946e-02 +6.992260063e+01 +6.992260063e+01 -2.8996e+00 -1.4241e+00 -2.6735e+00
978 +5.923750746e-02 +5.923750746e-02 +6.988923751e+01 +6.988923751e+01 -2.8658e+00 -1.4788e+00 -2.6702e+00
1061 +3.577789028e-02 +3.577789028e-02 +6.986577789e+01 +6.986577789e+01 -2.9046e+00 -1.4119e+00 -2.6928e+00
1147 +1.225490305e-02 +1.225490305e-02 +6.984225490e+01 +6.984225490e+01 -2.8759e+00 -1.4408e+00 -2.6627e+00
1209 +5.340213573e-03 +5.340213573e-03 +6.983534021e+01 +6.983534021e+01 -2.8615e+00 -1.4617e+00 -2.6569e+00
1597 +2.335304909e-03 +2.335304909e-03 +6.983233530e+01 +6.983233530e+01 -2.8659e+00 -1.4558e+00 -2.6578e+00
1742 +1.151079587e-03 +1.151079587e-03 +6.983115108e+01 +6.983115108e+01 -2.8661e+00 -1.4555e+00 -2.6590e+00
1947 +6.087302589e-04 +6.087302589e-04 +6.983060873e+01 +6.983060873e+01 -2.8653e+00 -1.4562e+00 -2.6583e+00
2201 +3.793232241e-04 +3.793232241e-04 +6.983037932e+01 +6.983037932e+01 -2.8654e+00 -1.4558e+00 -2.6583e+00
2215 +2.477988368e-04 +2.477988368e-04 +6.983024780e+01 +6.983024780e+01 -2.8656e+00 -1.4560e+00 -2.6585e+00
2483 +9.926545273e-05 +9.926545273e-05 +6.983009927e+01 +6.983009927e+01 -2.8656e+00 -1.4560e+00 -2.6584e+00
2718 +5.289757992e-05 +5.289757992e-05 +6.983005290e+01 +6.983005290e+01 -2.8656e+00 -1.4560e+00 -2.6584e+00
2774 +3.117714309e-05 +3.117714309e-05 +6.983003118e+01 +6.983003118e+01 -2.8656e+00 -1.4560e+00 -2.6584e+00
3022 +2.138367661e-05 +2.138367661e-05 +6.983002138e+01 +6.983002138e+01 -2.8656e+00 -1.4560e+00 -2.6584e+00
3064 +5.705155701e-06 +5.705155701e-06 +6.983000571e+01 +6.983000571e+01 -2.8656e+00 -1.4560e+00 -2.6584e+00
3306 +2.422485153e-06 +2.422485153e-06 +6.983000242e+01 +6.983000242e+01 -2.8656e+00 -1.4560e+00 -2.6584e+00
3552 +5.641603167e-07 +5.641603167e-07 +6.983000056e+01 +6.983000056e+01 -2.8656e+00 -1.4560e+00 -2.6584e+00
3895 +3.707418159e-07 +3.707418159e-07 +6.983000037e+01 +6.983000037e+01 -2.8656e+00 -1.4560e+00 -2.6584e+00
3924 +2.325746493e-07 +2.325746493e-07 +6.983000023e+01 +6.983000023e+01 -2.8656e+00 -1.4560e+00 -2.6584e+00
4065 +6.450731860e-08 +6.450731860e-08 +6.983000006e+01 +6.983000006e+01 -2.8656e+00 -1.4560e+00 -2.6584e+00
4173 +3.463212295e-08 +3.463212295e-08 +6.983000003e+01 +6.983000003e+01 -2.8656e+00 -1.4560e+00 -2.6584e+00
4323 +1.928904680e-08 +1.928904680e-08 +6.983000002e+01 +6.983000002e+01 -2.8656e+00 -1.4560e+00 -2.6584e+00
4395 +1.098128166e-08 +1.098128166e-08 +6.983000001e+01 +6.983000001e+01 -2.8656e+00 -1.4560e+00 -2.6584e+00
4430 +9.968943004e-09 +9.968943004e-09 +6.983000001e+01 +6.983000001e+01 -2.8656e+00 -1.4560e+00 -2.6584e+00
% function evaluation | noise-free fitness - Fopt (7.000000000000e-02) | best noise-free fitness - Fopt | measured fitness | best measured fitness | x1 | x2...
1 +8.627615238e+00 +8.627615238e+00 +8.697615238e+00 +8.697615238e+00 +2.6033e+00 -3.5032e+00 -1.3489e+00
3 +5.398981465e+00 +5.398981465e+00 +5.468981465e+00 +5.468981465e+00 +3.8359e+00 -1.3657e+00 +4.2942e+00
25 +2.125656567e+00 +2.125656567e+00 +2.195656567e+00 +2.195656567e+00 +2.4334e+00 -2.8466e+00 +2.3958e+00
291 +1.356461982e+00 +1.356461982e+00 +1.426461982e+00 +1.426461982e+00 +3.6095e+00 -1.6952e+00 +2.3753e+00
337 +9.663454268e-01 +9.663454268e-01 +1.036345427e+00 +1.036345427e+00 +3.6942e+00 -1.7212e+00 +2.3420e+00
344 +3.992855235e-01 +3.992855235e-01 +4.692855235e-01 +4.692855235e-01 +3.7888e+00 -1.9852e+00 +2.4116e+00
584 +2.664603315e-01 +2.664603315e-01 +3.364603315e-01 +3.364603315e-01 +3.7574e+00 -1.8064e+00 +2.3834e+00
616 +2.129433650e-01 +2.129433650e-01 +2.829433650e-01 +2.829433650e-01 +3.6881e+00 -2.1168e+00 +2.3020e+00
826 +1.470206964e-01 +1.470206964e-01 +2.170206964e-01 +2.170206964e-01 +3.7375e+00 -1.9804e+00 +2.2777e+00
879 +3.622330653e-02 +3.622330653e-02 +1.062233065e-01 +1.062233065e-01 +3.7317e+00 -1.9792e+00 +2.2435e+00
1167 +1.685579588e-02 +1.685579588e-02 +8.685579588e-02 +8.685579588e-02 +3.7301e+00 -2.0055e+00 +2.2540e+00
1271 +1.124990514e-02 +1.124990514e-02 +8.124990514e-02 +8.124990514e-02 +3.7416e+00 -1.9967e+00 +2.2413e+00
1275 +5.267719480e-03 +5.267719480e-03 +7.526771948e-02 +7.526771948e-02 +3.7382e+00 -1.9985e+00 +2.2478e+00
1581 +3.754498446e-03 +3.754498446e-03 +7.375449845e-02 +7.375449845e-02 +3.7413e+00 -1.9970e+00 +2.2467e+00
1754 +1.132010736e-03 +1.132010736e-03 +7.113201074e-02 +7.113201074e-02 +3.7414e+00 -1.9963e+00 +2.2468e+00
2023 +2.586027579e-04 +2.586027579e-04 +7.025860276e-02 +7.025860276e-02 +3.7410e+00 -1.9965e+00 +2.2471e+00
2303 +2.343547744e-04 +2.343547744e-04 +7.023435477e-02 +7.023435477e-02 +3.7408e+00 -1.9966e+00 +2.2472e+00
2365 +1.466116441e-04 +1.466116441e-04 +7.014661164e-02 +7.014661164e-02 +3.7408e+00 -1.9968e+00 +2.2472e+00
2403 +7.325490723e-05 +7.325490723e-05 +7.007325491e-02 +7.007325491e-02 +3.7408e+00 -1.9968e+00 +2.2472e+00
2576 +3.389826453e-05 +3.389826453e-05 +7.003389826e-02 +7.003389826e-02 +3.7408e+00 -1.9968e+00 +2.2472e+00
2879 +1.666353685e-05 +1.666353685e-05 +7.001666354e-02 +7.001666354e-02 +3.7408e+00 -1.9968e+00 +2.2472e+00
3171 +9.489341944e-06 +9.489341944e-06 +7.000948934e-02 +7.000948934e-02 +3.7408e+00 -1.9968e+00 +2.2472e+00
3686 +1.393970216e-06 +1.393970216e-06 +7.000139397e-02 +7.000139397e-02 +3.7408e+00 -1.9968e+00 +2.2472e+00
3846 +8.697803549e-07 +8.697803549e-07 +7.000086978e-02 +7.000086978e-02 +3.7408e+00 -1.9968e+00 +2.2472e+00
4011 +5.845073768e-07 +5.845073768e-07 +7.000058451e-02 +7.000058451e-02 +3.7408e+00 -1.9968e+00 +2.2472e+00
4068 +3.828213959e-07 +3.828213959e-07 +7.000038282e-02 +7.000038282e-02 +3.7408e+00 -1.9968e+00 +2.2472e+00
4150 +1.997399296e-07 +1.997399296e-07 +7.000019974e-02 +7.000019974e-02 +3.7408e+00 -1.9968e+00 +2.2472e+00
4384 +1.431155860e-07 +1.431155860e-07 +7.000014312e-02 +7.000014312e-02 +3.7408e+00 -1.9968e+00 +2.2472e+00
4445 +4.295643634e-08 +4.295643634e-08 +7.000004296e-02 +7.000004296e-02 +3.7408e+00 -1.9968e+00 +2.2472e+00
4504 +2.786087927e-08 +2.786087927e-08 +7.000002786e-02 +7.000002786e-02 +3.7408e+00 -1.9968e+00 +2.2472e+00
4594 +9.719348368e-09 +9.719348368e-09 +7.000000972e-02 +7.000000972e-02 +3.7408e+00 -1.9968e+00 +2.2472e+00
% function evaluation | noise-free fitness - Fopt (4.960000000000e+00) | best noise-free fitness - Fopt | measured fitness | best measured fitness | x1 | x2...
1 +5.331432925e+01 +5.331432925e+01 +5.827432925e+01 +5.827432925e+01 -4.2050e+00 -1.7639e+00 -1.3147e+00
2 +1.328667112e+01 +1.328667112e+01 +1.824667112e+01 +1.824667112e+01 -2.1479e+00 -4.0137e+00 +9.6841e-01
9 +5.212872946e+00 +5.212872946e+00 +1.017287295e+01 +1.017287295e+01 +4.8359e+00 +2.9077e+00 +9.6695e-01
61 +3.885468296e+00 +3.885468296e+00 +8.845468296e+00 +8.845468296e+00 +2.4152e+00 +2.2227e+00 +3.6187e-01
169 +1.498283944e+00 +1.498283944e+00 +6.458283944e+00 +6.458283944e+00 +3.6357e+00 +1.3998e+00 -1.2489e+00
254 +8.102558073e-01 +8.102558073e-01 +5.770255807e+00 +5.770255807e+00 +3.1998e+00 +2.5454e+00 -1.0808e+00
386 +3.873700375e-01 +3.873700375e-01 +5.347370038e+00 +5.347370038e+00 +3.2077e+00 +2.0410e+00 -1.3865e+00
551 +2.111467107e-01 +2.111467107e-01 +5.171146711e+00 +5.171146711e+00 +3.2430e+00 +1.7537e+00 -1.1630e+00
802 +1.575288863e-01 +1.575288863e-01 +5.117528886e+00 +5.117528886e+00 +3.3279e+00 +1.8265e+00 -1.3082e+00
968 +7.913663356e-02 +7.913663356e-02 +5.039136634e+00 +5.039136634e+00 +3.2887e+00 +1.6578e+00 -1.2171e+00
1063 +3.388125807e-02 +3.388125807e-02 +4.993881258e+00 +4.993881258e+00 +3.2651e+00 +1.8551e+00 -1.2188e+00
1258 +8.517162922e-03 +8.517162922e-03 +4.968517163e+00 +4.968517163e+00 +3.2594e+00 +1.8216e+00 -1.2167e+00
1770 +5.822023806e-03 +5.822023806e-03 +4.965822024e+00 +4.965822024e+00 +3.2613e+00 +1.8106e+00 -1.2180e+00
1966 +1.753417920e-03 +1.753417920e-03 +4.961753418e+00 +4.961753418e+00 +3.2601e+00 +1.8183e+00 -1.2163e+00
2155 +1.104567684e-03 +1.104567684e-03 +4.961104568e+00 +4.961104568e+00 +3.2598e+00 +1.8181e+00 -1.2163e+00
2220 +9.989991011e-04 +9.989991011e-04 +4.960998999e+00 +4.960998999e+00 +3.2597e+00 +1.8172e+00 -1.2163e+00
2403 +4.404711348e-04 +4.404711348e-04 +4.960440471e+00 +4.960440471e+00 +3.2603e+00 +1.8175e+00 -1.2166e+00
2474 +3.313725516e-04 +3.313725516e-04 +4.960331373e+00 +4.960331373e+00 +3.2600e+00 +1.8174e+00 -1.2168e+00
2547 +2.321943293e-04 +2.321943293e-04 +4.960232194e+00 +4.960232194e+00 +3.2599e+00 +1.8178e+00 -1.2168e+00
2684 +1.513813621e-04 +1.513813621e-04 +4.960151381e+00 +4.960151381e+00 +3.2600e+00 +1.8176e+00 -1.2167e+00
2989 +4.273670747e-05 +4.273670747e-05 +4.960042737e+00 +4.960042737e+00 +3.2600e+00 +1.8175e+00 -1.2168e+00
3031 +2.329161397e-05 +2.329161397e-05 +4.960023292e+00 +4.960023292e+00 +3.2600e+00 +1.8176e+00 -1.2168e+00
3263 +1.572426260e-05 +1.572426260e-05 +4.960015724e+00 +4.960015724e+00 +3.2600e+00 +1.8176e+00 -1.2168e+00
3480 +9.909442545e-06 +9.909442545e-06 +4.960009909e+00 +4.960009909e+00 +3.2600e+00 +1.8176e+00 -1.2168e+00
3483 +5.956805798e-06 +5.956805798e-06 +4.960005957e+00 +4.960005957e+00 +3.2600e+00 +1.8176e+00 -1.2168e+00
3517 +2.129234375e-06 +2.129234375e-06 +4.960002129e+00 +4.960002129e+00 +3.2600e+00 +1.8176e+00 -1.2168e+00
3705 +1.410218063e-06 +1.410218063e-06 +4.960001410e+00 +4.960001410e+00 +3.2600e+00 +1.8176e+00 -1.2168e+00
3825 +7.543709275e-07 +7.543709275e-07 +4.960000754e+00 +4.960000754e+00 +3.2600e+00 +1.8176e+00 -1.2168e+00
3924 +4.934207363e-07 +4.934207363e-07 +4.960000493e+00 +4.960000493e+00 +3.2600e+00 +1.8176e+00 -1.2168e+00
4134 +3.751437490e-07 +3.751437490e-07 +4.960000375e+00 +4.960000375e+00 +3.2600e+00 +1.8176e+00 -1.2168e+00
4289 +2.455874206e-07 +2.455874206e-07 +4.960000246e+00 +4.960000246e+00 +3.2600e+00 +1.8176e+00 -1.2168e+00
4387 +5.885422727e-08 +5.885422727e-08 +4.960000059e+00 +4.960000059e+00 +3.2600e+00 +1.8176e+00 -1.2168e+00
4560 +1.015400919e-08 +1.015400919e-08 +4.960000010e+00 +4.960000010e+00 +3.2600e+00 +1.8176e+00 -1.2168e+00
4726 +8.071842750e-09 +8.071842750e-09 +4.960000008e+00 +4.960000008e+00 +3.2600e+00 +1.8176e+00 -1.2168e+00
% function evaluation | noise-free fitness - Fopt (1.923000000000e+02) | best noise-free fitness - Fopt | measured fitness | best measured fitness | x1 | x2...
1 +8.247168943e+02 +8.247168943e+02 +1.017016894e+03 +1.017016894e+03 +2.9507e+00 -4.9053e+00 -3.9380e+00
2 +4.261373119e+02 +4.261373119e+02 +6.184373119e+02 +6.184373119e+02 -3.7600e+00 -4.3974e+00 -4.9613e+00
3 +5.225984274e+01 +5.225984274e+01 +2.445598427e+02 +2.445598427e+02 +3.0622e+00 +3.5043e+00 +2.0811e+00
7 +2.645990532e+01 +2.645990532e+01 +2.187599053e+02 +2.187599053e+02 +2.0917e+00 +4.6476e+00 -4.8628e+00
14 +1.355384254e+01 +1.355384254e+01 +2.058538425e+02 +2.058538425e+02 -3.4311e+00 +1.3923e+00 -4.1642e+00
28 +3.168104405e+00 +3.168104405e+00 +1.954681044e+02 +1.954681044e+02 -4.0969e+00 +4.5469e+00 -1.7521e+00
39 +1.156920405e+00 +1.156920405e+00 +1.934569204e+02 +1.934569204e+02 -3.0554e+00 +4.1817e+00 -2.9970e+00
281 +7.845384872e-01 +7.845384872e-01 +1.930845385e+02 +1.930845385e+02 -2.7869e+00 +3.5606e+00 -3.1072e+00
333 +3.682366117e-01 +3.682366117e-01 +1.926682366e+02 +1.926682366e+02 -2.9131e+00 +3.9659e+00 -2.8482e+00
406 +1.255317274e-01 +1.255317274e-01 +1.924255317e+02 +1.924255317e+02 -3.0078e+00 +4.0124e+00 -2.7500e+00
407 +9.425780460e-02 +9.425780460e-02 +1.923942578e+02 +1.923942578e+02 -2.9652e+00 +3.9762e+00 -2.7897e+00
724 +6.048543385e-02 +6.048543385e-02 +1.923604854e+02 +1.923604854e+02 -3.0413e+00 +3.9881e+00 -2.7756e+00
844 +2.892747322e-02 +2.892747322e-02 +1.923289275e+02 +1.923289275e+02 -3.0185e+00 +3.9828e+00 -2.7709e+00
937 +1.486096769e-02 +1.486096769e-02 +1.923148610e+02 +1.923148610e+02 -3.0039e+00 +3.9706e+00 -2.7889e+00
1031 +8.910670799e-03 +8.910670799e-03 +1.923089107e+02 +1.923089107e+02 -3.0115e+00 +3.9715e+00 -2.7824e+00
1243 +6.289829620e-03 +6.289829620e-03 +1.923062898e+02 +1.923062898e+02 -3.0095e+00 +3.9752e+00 -2.7826e+00
1246 +1.928940638e-03 +1.928940638e-03 +1.923019289e+02 +1.923019289e+02 -3.0137e+00 +3.9789e+00 -2.7797e+00
1510 +1.411118633e-03 +1.411118633e-03 +1.923014111e+02 +1.923014111e+02 -3.0138e+00 +3.9783e+00 -2.7796e+00
1548 +6.405793129e-04 +6.405793129e-04 +1.923006406e+02 +1.923006406e+02 -3.0135e+00 +3.9785e+00 -2.7795e+00
1657 +5.582426426e-04 +5.582426426e-04 +1.923005582e+02 +1.923005582e+02 -3.0138e+00 +3.9782e+00 -2.7790e+00
1965 +3.733646936e-04 +3.733646936e-04 +1.923003734e+02 +1.923003734e+02 -3.0129e+00 +3.9779e+00 -2.7797e+00
2076 +2.434972963e-04 +2.434972963e-04 +1.923002435e+02 +1.923002435e+02 -3.0134e+00 +3.9784e+00 -2.7793e+00
2193 +1.558830599e-04 +1.558830599e-04 +1.923001559e+02 +1.923001559e+02 -3.0137e+00 +3.9785e+00 -2.7791e+00
2297 +3.482080356e-05 +3.482080356e-05 +1.923000348e+02 +1.923000348e+02 -3.0136e+00 +3.9784e+00 -2.7792e+00
2497 +1.799684239e-05 +1.799684239e-05 +1.923000180e+02 +1.923000180e+02 -3.0136e+00 +3.9784e+00 -2.7792e+00
2507 +1.311896054e-05 +1.311896054e-05 +1.923000131e+02 +1.923000131e+02 -3.0136e+00 +3.9784e+00 -2.7792e+00
2758 +6.923333189e-06 +6.923333189e-06 +1.923000069e+02 +1.923000069e+02 -3.0136e+00 +3.9784e+00 -2.7792e+00
2827 +2.480565712e-06 +2.480565712e-06 +1.923000025e+02 +1.923000025e+02 -3.0136e+00 +3.9784e+00 -2.7792e+00
3055 +1.167711872e-06 +1.167711872e-06 +1.923000012e+02 +1.923000012e+02 -3.0136e+00 +3.9784e+00 -2.7792e+00
3074 +9.595812571e-07 +9.595812571e-07 +1.923000010e+02 +1.923000010e+02 -3.0136e+00 +3.9784e+00 -2.7792e+00
3179 +4.599940837e-07 +4.599940837e-07 +1.923000005e+02 +1.923000005e+02 -3.0136e+00 +3.9784e+00 -2.7792e+00
3321 +2.739279239e-07 +2.739279239e-07 +1.923000003e+02 +1.923000003e+02 -3.0136e+00 +3.9784e+00 -2.7792e+00
3418 +2.015667633e-07 +2.015667633e-07 +1.923000002e+02 +1.923000002e+02 -3.0136e+00 +3.9784e+00 -2.7792e+00
3499 +1.435218735e-07 +1.435218735e-07 +1.923000001e+02 +1.923000001e+02 -3.0136e+00 +3.9784e+00 -2.7792e+00
3500 +1.480557899e-08 +1.480557899e-08 +1.923000000e+02 +1.923000000e+02 -3.0136e+00 +3.9784e+00 -2.7792e+00
3911 +5.738911568e-09 +5.738911568e-09 +1.923000000e+02 +1.923000000e+02 -3.0136e+00 +3.9784e+00 -2.7792e+00
% function evaluation | noise-free fitness - Fopt (4.971000000000e+01) | best noise-free fitness - Fopt | measured fitness | best measured fitness | x1 | x2...
1 +4.920107025e+01 +4.920107025e+01 +9.891107025e+01 +9.891107025e+01 -1.6291e+00 -1.2786e+00 -4.7135e+00
8 +1.179815473e+01 +1.179815473e+01 +6.150815473e+01 +6.150815473e+01 +4.3009e+00 -3.8213e+00 -4.0172e+00
21 +6.106202974e+00 +6.106202974e+00 +5.581620297e+01 +5.581620297e+01 +1.8950e+00 -4.3733e+00 -2.8097e+00
55 +2.417651121e+00 +2.417651121e+00 +5.212765112e+01 +5.212765112e+01 +1.7772e+00 -4.9046e+00 -1.6492e+00
185 +1.823495157e-01 +1.823495157e-01 +4.989234952e+01 +4.989234952e+01 +3.7378e+00 -3.6111e+00 -1.3037e+00
451 +1.163142250e-01 +1.163142250e-01 +4.982631422e+01 +4.982631422e+01 +3.8309e+00 -3.6591e+00 -1.2828e+00
733 +8.247118264e-02 +8.247118264e-02 +4.979247118e+01 +4.979247118e+01 +3.7430e+00 -3.7348e+00 -1.3468e+00
860 +5.562139708e-02 +5.562139708e-02 +4.976562140e+01 +4.976562140e+01 +3.7668e+00 -3.6856e+00 -1.3134e+00
972 +2.787915090e-02 +2.787915090e-02 +4.973787915e+01 +4.973787915e+01 +3.7550e+00 -3.6987e+00 -1.3259e+00
1103 +1.774900138e-02 +1.774900138e-02 +4.972774900e+01 +4.972774900e+01 +3.7406e+00 -3.7012e+00 -1.3294e+00
1184 +1.506857614e-02 +1.506857614e-02 +4.972506858e+01 +4.972506858e+01 +3.7523e+00 -3.6878e+00 -1.3279e+00
1284 +8.707273311e-03 +8.707273311e-03 +4.971870727e+01 +4.971870727e+01 +3.7368e+00 -3.7056e+00 -1.3291e+00
1300 +3.837300552e-03 +3.837300552e-03 +4.971383730e+01 +4.971383730e+01 +3.7437e+00 -3.7020e+00 -1.3271e+00
1576 +2.446397348e-03 +2.446397348e-03 +4.971244640e+01 +4.971244640e+01 +3.7427e+00 -3.7025e+00 -1.3301e+00
1604 +1.487261135e-03 +1.487261135e-03 +4.971148726e+01 +4.971148726e+01 +3.7413e+00 -3.7042e+00 -1.3302e+00
1722 +9.731250294e-04 +9.731250294e-04 +4.971097313e+01 +4.971097313e+01 +3.7441e+00 -3.7014e+00 -1.3294e+00
1954 +3.358037998e-04 +3.358037998e-04 +4.971033580e+01 +4.971033580e+01 +3.7431e+00 -3.7026e+00 -1.3296e+00
2043 +1.631607925e-04 +1.631607925e-04 +4.971016316e+01 +4.971016316e+01 +3.7431e+00 -3.7025e+00 -1.3296e+00
2283 +1.219965721e-04 +1.219965721e-04 +4.971012200e+01 +4.971012200e+01 +3.7432e+00 -3.7024e+00 -1.3296e+00
2315 +4.082834523e-05 +4.082834523e-05 +4.971004083e+01 +4.971004083e+01 +3.7432e+00 -3.7024e+00 -1.3296e+00
2436 +3.773093507e-05 +3.773093507e-05 +4.971003773e+01 +4.971003773e+01 +3.7432e+00 -3.7024e+00 -1.3296e+00
2659 +2.362102533e-05 +2.362102533e-05 +4.971002362e+01 +4.971002362e+01 +3.7432e+00 -3.7024e+00 -1.3296e+00
3106 +1.572229537e-05 +1.572229537e-05 +4.971001572e+01 +4.971001572e+01 +3.7432e+00 -3.7024e+00 -1.3296e+00
3240 +7.549358124e-06 +7.549358124e-06 +4.971000755e+01 +4.971000755e+01 +3.7432e+00 -3.7024e+00 -1.3296e+00
3333 +5.861691967e-06 +5.861691967e-06 +4.971000586e+01 +4.971000586e+01 +3.7432e+00 -3.7024e+00 -1.3296e+00
3382 +3.086413869e-06 +3.086413869e-06 +4.971000309e+01 +4.971000309e+01 +3.7432e+00 -3.7024e+00 -1.3296e+00
3511 +7.277940099e-07 +7.277940099e-07 +4.971000073e+01 +4.971000073e+01 +3.7432e+00 -3.7024e+00 -1.3296e+00
3516 +5.939089007e-07 +5.939089007e-07 +4.971000059e+01 +4.971000059e+01 +3.7432e+00 -3.7024e+00 -1.3296e+00
3960 +2.288304870e-07 +2.288304870e-07 +4.971000023e+01 +4.971000023e+01 +3.7432e+00 -3.7024e+00 -1.3296e+00
4168 +1.083128041e-07 +1.083128041e-07 +4.971000011e+01 +4.971000011e+01 +3.7432e+00 -3.7024e+00 -1.3296e+00
4303 +9.938319323e-08 +9.938319323e-08 +4.971000010e+01 +4.971000010e+01 +3.7432e+00 -3.7024e+00 -1.3296e+00
4323 +5.460011465e-08 +5.460011465e-08 +4.971000005e+01 +4.971000005e+01 +3.7432e+00 -3.7024e+00 -1.3296e+00
4454 +3.390430692e-08 +3.390430692e-08 +4.971000003e+01 +4.971000003e+01 +3.7432e+00 -3.7024e+00 -1.3296e+00
4512 +1.165781072e-08 +1.165781072e-08 +4.971000001e+01 +4.971000001e+01 +3.7432e+00 -3.7024e+00 -1.3296e+00
4519 +9.600135797e-09 +9.600135797e-09 +4.971000001e+01 +4.971000001e+01 +3.7432e+00 -3.7024e+00 -1.3296e+00
% function evaluation | noise-free fitness - Fopt (2.051200000000e+02) | best noise-free fitness - Fopt | measured fitness | best measured fitness | x1 | x2...
1 +2.154819308e+01 +2.154819308e+01 +2.266681931e+02 +2.266681931e+02 +4.2185e+00 +1.5961e-02 -3.0163e+00
2 +8.822562938e+00 +8.822562938e+00 +2.139425629e+02 +2.139425629e+02 +1.5886e+00 +2.6544e+00 -2.0432e+00
34 +5.837640916e+00 +5.837640916e+00 +2.109576409e+02 +2.109576409e+02 +3.0812e+00 +5.0406e+00 -1.8004e+00
105 +1.232337182e+00 +1.232337182e+00 +2.063523372e+02 +2.063523372e+02 -7.9094e-01 +3.9316e+00 -3.0991e+00
260 +8.384798982e-01 +8.384798982e-01 +2.059584799e+02 +2.059584799e+02 -7.5090e-03 +4.6048e+00 -3.5394e+00
436 +4.394277929e-01 +4.394277929e-01 +2.055594278e+02 +2.055594278e+02 -9.6684e-01 +3.7658e+00 -3.1461e+00
485 +3.627265818e-01 +3.627265818e-01 +2.054827266e+02 +2.054827266e+02 -1.6608e+00 +3.6720e+00 -3.1557e+00
492 +1.725007544e-01 +1.725007544e-01 +2.052925008e+02 +2.052925008e+02 -9.7346e-01 +4.0118e+00 -3.4557e+00
553 +9.384294768e-02 +9.384294768e-02 +2.052138429e+02 +2.052138429e+02 -1.0429e+00 +3.9822e+00 -3.4049e+00
720 +4.024178784e-02 +4.024178784e-02 +2.051602418e+02 +2.051602418e+02 -1.1837e+00 +3.9073e+00 -3.3654e+00
822 +3.310228327e-02 +3.310228327e-02 +2.051531023e+02 +2.051531023e+02 -1.2054e+00 +3.9188e+00 -3.3352e+00
938 +1.907401051e-02 +1.907401051e-02 +2.051390740e+02 +2.051390740e+02 -1.1829e+00 +3.9074e+00 -3.3530e+00
1091 +1.396272171e-02 +1.396272171e-02 +2.051339627e+02 +2.051339627e+02 -1.1860e+00 +3.9067e+00 -3.3575e+00
1098 +7.614405926e-03 +7.614405926e-03 +2.051276144e+02 +2.051276144e+02 -1.2012e+00 +3.9058e+00 -3.3532e+00
1202 +4.003433693e-03 +4.003433693e-03 +2.051240034e+02 +2.051240034e+02 -1.1865e+00 +3.9108e+00 -3.3562e+00
1264 +3.568204145e-03 +3.568204145e-03 +2.051235682e+02 +2.051235682e+02 -1.1925e+00 +3.9054e+00 -3.3556e+00
1352 +2.006998582e-03 +2.006998582e-03 +2.051220070e+02 +2.051220070e+02 -1.1924e+00 +3.9062e+00 -3.3539e+00
1474 +1.081107821e-03 +1.081107821e-03 +2.051210811e+02 +2.051210811e+02 -1.1927e+00 +3.9064e+00 -3.3545e+00
1767 +9.453333716e-04 +9.453333716e-04 +2.051209453e+02 +2.051209453e+02 -1.1938e+00 +3.9062e+00 -3.3541e+00
1780 +2.657910044e-04 +2.657910044e-04 +2.051202658e+02 +2.051202658e+02 -1.1936e+00 +3.9064e+00 -3.3545e+00
1877 +2.026473263e-04 +2.026473263e-04 +2.051202026e+02 +2.051202026e+02 -1.1937e+00 +3.9063e+00 -3.3544e+00
1968 +1.208964390e-04 +1.208964390e-04 +2.051201209e+02 +2.051201209e+02 -1.1936e+00 +3.9064e+00 -3.3544e+00
2164 +8.347663331e-05 +8.347663331e-05 +2.051200835e+02 +2.051200835e+02 -1.1936e+00 +3.9064e+00 -3.3544e+00
2194 +5.776949786e-05 +5.776949786e-05 +2.051200578e+02 +2.051200578e+02 -1.1936e+00 +3.9064e+00 -3.3544e+00
2230 +3.420645206e-05 +3.420645206e-05 +2.051200342e+02 +2.051200342e+02 -1.1936e+00 +3.9064e+00 -3.3544e+00
2533 +1.021740306e-05 +1.021740306e-05 +2.051200102e+02 +2.051200102e+02 -1.1936e+00 +3.9064e+00 -3.3544e+00
2866 +8.664752784e-06 +8.664752784e-06 +2.051200087e+02 +2.051200087e+02 -1.1936e+00 +3.9064e+00 -3.3544e+00
2991 +6.303889762e-06 +6.303889762e-06 +2.051200063e+02 +2.051200063e+02 -1.1936e+00 +3.9064e+00 -3.3544e+00
3076 +2.294959387e-06 +2.294959387e-06 +2.051200023e+02 +2.051200023e+02 -1.1936e+00 +3.9064e+00 -3.3544e+00
3143 +1.443883576e-06 +1.443883576e-06 +2.051200014e+02 +2.051200014e+02 -1.1936e+00 +3.9064e+00 -3.3544e+00
3323 +9.228346300e-07 +9.228346300e-07 +2.051200009e+02 +2.051200009e+02 -1.1936e+00 +3.9064e+00 -3.3544e+00
3373 +5.842467488e-07 +5.842467488e-07 +2.051200006e+02 +2.051200006e+02 -1.1936e+00 +3.9064e+00 -3.3544e+00
3516 +3.333157963e-07 +3.333157963e-07 +2.051200003e+02 +2.051200003e+02 -1.1936e+00 +3.9064e+00 -3.3544e+00
3584 +1.968585082e-07 +1.968585082e-07 +2.051200002e+02 +2.051200002e+02 -1.1936e+00 +3.9064e+00 -3.3544e+00
3784 +1.393073603e-07 +1.393073603e-07 +2.051200001e+02 +2.051200001e+02 -1.1936e+00 +3.9064e+00 -3.3544e+00
3842 +8.416461128e-08 +8.416461128e-08 +2.051200001e+02 +2.051200001e+02 -1.1936e+00 +3.9064e+00 -3.3544e+00
3991 +5.696944072e-08 +5.696944072e-08 +2.051200001e+02 +2.051200001e+02 -1.1936e+00 +3.9064e+00 -3.3544e+00
4007 +2.940541322e-08 +2.940541322e-08 +2.051200000e+02 +2.051200000e+02 -1.1936e+00 +3.9064e+00 -3.3544e+00
4170 +2.161246471e-08 +2.161246471e-08 +2.051200000e+02 +2.051200000e+02 -1.1936e+00 +3.9064e+00 -3.3544e+00
4234 +1.572720976e-08 +1.572720976e-08 +2.051200000e+02 +2.051200000e+02 -1.1936e+00 +3.9064e+00 -3.3544e+00
4262 +8.920807204e-09 +8.920807204e-09 +2.051200000e+02 +2.051200000e+02 -1.1936e+00 +3.9064e+00 -3.3544e+00
% function evaluation | noise-free fitness - Fopt (-1.729000000000e+02) | best noise-free fitness - Fopt | measured fitness | best measured fitness | x1 | x2...
1 +6.027726390e+02 +6.027726390e+02 +4.298726390e+02 +4.298726390e+02 +3.6283e+00 +3.8316e+00 +4.0960e+00
2 +2.386099875e+01 +2.386099875e+01 -1.490390012e+02 -1.490390012e+02 -3.0583e+00 -4.8978e+00 -4.0763e+00
12 +1.257705554e+01 +1.257705554e+01 -1.603229445e+02 -1.603229445e+02 +1.0946e-01 -3.3420e+00 -2.9051e+00
29 +6.058376033e+00 +6.058376033e+00 -1.668416240e+02 -1.668416240e+02 -2.7656e+00 -4.4013e+00 +2.0703e+00
85 +2.083834829e+00 +2.083834829e+00 -1.708161652e+02 -1.708161652e+02 -3.2755e+00 -1.7856e+00 +3.6486e+00
325 +1.266363975e+00 +1.266363975e+00 -1.716336360e+02 -1.716336360e+02 -2.2685e+00 -1.7780e+00 +4.1218e+00
447 +8.248442704e-01 +8.248442704e-01 -1.720751557e+02 -1.720751557e+02 -2.5463e+00 -6.4980e-01 +4.0751e+00
589 +1.068124378e-01 +1.068124378e-01 -1.727931876e+02 -1.727931876e+02 -2.9948e+00 -8.8100e-01 +3.8523e+00
744 +8.505145261e-02 +8.505145261e-02 -1.728149485e+02 -1.728149485e+02 -2.9865e+00 -9.4168e-01 +3.8824e+00
950 +4.897449487e-02 +4.897449487e-02 -1.728510255e+02 -1.728510255e+02 -2.9055e+00 -1.0204e+00 +3.8432e+00
1249 +2.070341440e-02 +2.070341440e-02 -1.728792966e+02 -1.728792966e+02 -2.9304e+00 -1.0285e+00 +3.8649e+00
1272 +1.551838904e-02 +1.551838904e-02 -1.728844816e+02 -1.728844816e+02 -2.9277e+00 -1.0249e+00 +3.8610e+00
1419 +7.825185929e-03 +7.825185929e-03 -1.728921748e+02 -1.728921748e+02 -2.9360e+00 -1.0216e+00 +3.8545e+00
1420 +4.519058088e-03 +4.519058088e-03 -1.728954809e+02 -1.728954809e+02 -2.9335e+00 -1.0252e+00 +3.8561e+00
1709 +2.469924914e-03 +2.469924914e-03 -1.728975301e+02 -1.728975301e+02 -2.9305e+00 -1.0284e+00 +3.8547e+00
1723 +8.546641821e-04 +8.546641821e-04 -1.728991453e+02 -1.728991453e+02 -2.9313e+00 -1.0269e+00 +3.8552e+00
1997 +3.640958111e-04 +3.640958111e-04 -1.728996359e+02 -1.728996359e+02 -2.9312e+00 -1.0273e+00 +3.8553e+00
2378 +1.305482231e-04 +1.305482231e-04 -1.728998695e+02 -1.728998695e+02 -2.9312e+00 -1.0272e+00 +3.8552e+00
2595 +8.511458512e-05 +8.511458512e-05 -1.728999149e+02 -1.728999149e+02 -2.9312e+00 -1.0272e+00 +3.8552e+00
2619 +3.777785579e-05 +3.777785579e-05 -1.728999622e+02 -1.728999622e+02 -2.9312e+00 -1.0272e+00 +3.8552e+00
2708 +1.737712356e-05 +1.737712356e-05 -1.728999826e+02 -1.728999826e+02 -2.9312e+00 -1.0272e+00 +3.8552e+00
2746 +1.209521983e-05 +1.209521983e-05 -1.728999879e+02 -1.728999879e+02 -2.9312e+00 -1.0272e+00 +3.8552e+00
3244 +9.474371097e-06 +9.474371097e-06 -1.728999905e+02 -1.728999905e+02 -2.9312e+00 -1.0272e+00 +3.8552e+00
3360 +4.222046812e-06 +4.222046812e-06 -1.728999958e+02 -1.728999958e+02 -2.9312e+00 -1.0272e+00 +3.8552e+00
3515 +2.986534668e-06 +2.986534668e-06 -1.728999970e+02 -1.728999970e+02 -2.9312e+00 -1.0272e+00 +3.8552e+00
3661 +1.807782098e-06 +1.807782098e-06 -1.728999982e+02 -1.728999982e+02 -2.9312e+00 -1.0272e+00 +3.8552e+00
3742 +8.397386466e-07 +8.397386466e-07 -1.728999992e+02 -1.728999992e+02 -2.9312e+00 -1.0272e+00 +3.8552e+00
4065 +5.545229271e-07 +5.545229271e-07 -1.728999994e+02 -1.728999994e+02 -2.9312e+00 -1.0272e+00 +3.8552e+00
4154 +3.890550033e-07 +3.890550033e-07 -1.728999996e+02 -1.728999996e+02 -2.9312e+00 -1.0272e+00 +3.8552e+00
4316 +2.145527560e-07 +2.145527560e-07 -1.728999998e+02 -1.728999998e+02 -2.9312e+00 -1.0272e+00 +3.8552e+00
4432 +9.888742625e-08 +9.888742625e-08 -1.728999999e+02 -1.728999999e+02 -2.9312e+00 -1.0272e+00 +3.8552e+00
4537 +3.017322570e-08 +3.017322570e-08 -1.729000000e+02 -1.729000000e+02 -2.9312e+00 -1.0272e+00 +3.8552e+00
4659 +2.155988454e-08 +2.155988454e-08 -1.729000000e+02 -1.729000000e+02 -2.9312e+00 -1.0272e+00 +3.8552e+00
4754 +7.931333812e-09 +7.931333812e-09 -1.729000000e+02 -1.729000000e+02 -2.9312e+00 -1.0272e+00 +3.8552e+00
% function evaluation | noise-free fitness - Fopt (-3.506200000000e+02) | best noise-free fitness - Fopt | measured fitness | best measured fitness | x1 | x2...
1 +3.448022079e+02 +3.448022079e+02 -5.817792143e+00 -5.817792143e+00 +4.4018e+00 -4.6774e+00 -3.7914e+00
2 +1.838445689e+01 +1.838445689e+01 -3.322355431e+02 -3.322355431e+02 -1.0256e+00 +2.0819e+00 +2.9463e+00
7 +3.528803978e+00 +3.528803978e+00 -3.470911960e+02 -3.470911960e+02 -4.9645e+00 -2.3745e+00 +7.0728e-01
37 +2.492648100e+00 +2.492648100e+00 -3.481273519e+02 -3.481273519e+02 -2.6818e+00 -2.9894e+00 -5.7218e-01
153 +8.739889419e-01 +8.739889419e-01 -3.497460111e+02 -3.497460111e+02 -4.0457e+00 -4.1671e+00 -5.5471e-01
281 +5.382810604e-01 +5.382810604e-01 -3.500817189e+02 -3.500817189e+02 -4.2305e+00 -3.8380e+00 -4.6986e-01
289 +3.154506448e-01 +3.154506448e-01 -3.503045494e+02 -3.503045494e+02 -3.7921e+00 -3.6063e+00 -2.7285e-01
502 +1.870979984e-01 +1.870979984e-01 -3.504329020e+02 -3.504329020e+02 -3.9490e+00 -3.7533e+00 -5.1094e-01
517 +1.278208282e-01 +1.278208282e-01 -3.504921792e+02 -3.504921792e+02 -4.0015e+00 -3.8106e+00 -4.4189e-01
571 +4.384346149e-02 +4.384346149e-02 -3.505761565e+02 -3.505761565e+02 -3.8782e+00 -3.7527e+00 -3.8166e-01
861 +3.899999982e-02 +3.899999982e-02 -3.505810000e+02 -3.505810000e+02 -3.8939e+00 -3.7175e+00 -3.4179e-01
996 +2.369309323e-02 +2.369309323e-02 -3.505963069e+02 -3.505963069e+02 -3.9267e+00 -3.7494e+00 -3.8260e-01
1182 +9.597991245e-03 +9.597991245e-03 -3.506104020e+02 -3.506104020e+02 -3.9103e+00 -3.7372e+00 -3.5974e-01
1452 +4.345460749e-03 +4.345460749e-03 -3.506156545e+02 -3.506156545e+02 -3.9096e+00 -3.7391e+00 -3.5531e-01
1481 +1.485077527e-03 +1.485077527e-03 -3.506185149e+02 -3.506185149e+02 -3.9095e+00 -3.7398e+00 -3.5748e-01
1688 +8.819745221e-04 +8.819745221e-04 -3.506191180e+02 -3.506191180e+02 -3.9101e+00 -3.7403e+00 -3.5725e-01
1863 +5.896764931e-04 +5.896764931e-04 -3.506194103e+02 -3.506194103e+02 -3.9097e+00 -3.7402e+00 -3.5681e-01
2068 +2.819516592e-04 +2.819516592e-04 -3.506197180e+02 -3.506197180e+02 -3.9094e+00 -3.7399e+00 -3.5678e-01
2132 +1.639262269e-04 +1.639262269e-04 -3.506198361e+02 -3.506198361e+02 -3.9094e+00 -3.7399e+00 -3.5662e-01
2335 +1.171792289e-04 +1.171792289e-04 -3.506198828e+02 -3.506198828e+02 -3.9096e+00 -3.7400e+00 -3.5686e-01
2411 +3.777163835e-05 +3.777163835e-05 -3.506199622e+02 -3.506199622e+02 -3.9096e+00 -3.7400e+00 -3.5677e-01
2596 +1.589532638e-05 +1.589532638e-05 -3.506199841e+02 -3.506199841e+02 -3.9096e+00 -3.7400e+00 -3.5681e-01
2905 +5.376747538e-06 +5.376747538e-06 -3.506199946e+02 -3.506199946e+02 -3.9096e+00 -3.7400e+00 -3.5680e-01
3053 +3.965622227e-06 +3.965622227e-06 -3.506199960e+02 -3.506199960e+02 -3.9096e+00 -3.7400e+00 -3.5680e-01
3321 +1.395244738e-06 +1.395244738e-06 -3.506199986e+02 -3.506199986e+02 -3.9096e+00 -3.7400e+00 -3.5680e-01
3497 +8.602822277e-07 +8.602822277e-07 -3.506199991e+02 -3.506199991e+02 -3.9096e+00 -3.7400e+00 -3.5680e-01
3689 +5.307555853e-07 +5.307555853e-07 -3.506199995e+02 -3.506199995e+02 -3.9096e+00 -3.7400e+00 -3.5680e-01
3846 +3.410160048e-07 +3.410160048e-07 -3.506199997e+02 -3.506199997e+02 -3.9096e+00 -3.7400e+00 -3.5680e-01
3972 +1.283124789e-07 +1.283124789e-07 -3.506199999e+02 -3.506199999e+02 -3.9096e+00 -3.7400e+00 -3.5680e-01
4281 +9.386178590e-08 +9.386178590e-08 -3.506199999e+02 -3.506199999e+02 -3.9096e+00 -3.7400e+00 -3.5680e-01
4299 +2.515656661e-08 +2.515656661e-08 -3.506200000e+02 -3.506200000e+02 -3.9096e+00 -3.7400e+00 -3.5680e-01
4507 +8.930328477e-09 +8.930328477e-09 -3.506200000e+02 -3.506200000e+02 -3.9096e+00 -3.7400e+00 -3.5680e-01
