% function evaluation | noise-free fitness - Fopt (7.135000000000e+01) | best noise-free fitness - Fopt | measured fitness | best measured fitness | x1 | x2...
1 +5.556700728e+01 +5.556700728e+01 +1.269170073e+02 +1.269170073e+02 +1.3406e+00 +2.1610e+00 -1.9647e-01 +3.1995e-01 -3.5872e-01 +3.0370e+00 +2.0531e+00 +3.5683e+00 +2.6391e+00 +3.7468e+00
43 +2.949621499e+01 +2.949621499e+01 +1.008462150e+02 +1.008462150e+02 -3.1657e-01 -2.2099e+00 -5.7826e-01 +2.1777e+00 -1.6354e-01 +4.4861e+00 +1.6562e+00 +5.6209e+00 +5.3712e+00 +2.4262e+00
191 +2.164271992e+01 +2.164271992e+01 +9.299271992e+01 +9.299271992e+01 +3.9970e+00 +1.7212e+00 -1.7154e+00 +4.7877e+00 +2.7844e+00 +3.9439e+00 +4.8954e+00 +2.9504e+00 +2.0749e+00 +2.9164e+00
1153 +6.213804788e+00 +6.213804788e+00 +7.756380479e+01 +7.756380479e+01 +3.6081e+00 +2.4211e+00 +1.9473e+00 +5.8819e+00 +4.7010e+00 +5.0780e+00 +1.4816e+00 +5.2726e+00 +8.7660e-01 +5.2577e+00
1593 +3.904998112e+00 +3.904998112e+00 +7.525499811e+01 +7.525499811e+01 +3.7607e+00 +2.4148e+00 +2.1919e+00 +5.8622e+00 +4.4479e+00 +5.1156e+00 +1.1660e+00 +5.1501e+00 +8.7916e-01 +5.2889e+00
1667 +2.278675410e+00 +2.278675410e+00 +7.362867541e+01 +7.362867541e+01 +3.6750e+00 +2.4251e+00 +2.1137e+00 +5.8199e+00 +4.5112e+00 +5.1298e+00 +1.1711e+00 +5.1141e+00 +8.5867e-01 +5.2066e+00
2009 +1.510097772e+00 +1.510097772e+00 +7.286009777e+01 +7.286009777e+01 +3.7203e+00 +2.4574e+00 +2.1420e+00 +5.8615e+00 +4.4928e+00 +5.1167e+00 +1.2269e+00 +5.1129e+00 +8.9666e-01 +5.2469e+00
7409 +9.962770613e-01 +9.962770613e-01 +7.234627706e+01 +7.234627706e+01 +1.1382e+00 +2.2768e+00 +1.2058e+00 -5.5829e+00 -1.8995e+00 -9.6620e-02 -5.0610e+00 +4.2799e+00 +3.2979e+00 -1.5286e+00
50411 +5.821950075e-01 +5.821950075e-01 +7.193219501e+01 +7.193219501e+01 +3.3054e+00 +1.8234e+00 -3.1633e+00 -3.3156e+00 -2.4062e+00 -2.0054e+00 +2.3076e+00 -1.6005e+00 -8.8595e-01 +4.1621e+00
50539 +3.207924425e-01 +3.207924425e-01 +7.167079244e+01 +7.167079244e+01 +3.2758e+00 +1.8298e+00 -3.1529e+00 -3.3063e+00 -2.4133e+00 -1.9480e+00 +2.3576e+00 -1.6815e+00 -9.1485e-01 +4.1513e+00
50759 +2.486554754e-01 +2.486554754e-01 +7.159865548e+01 +7.159865548e+01 +3.2871e+00 +1.7980e+00 -3.1490e+00 -3.3158e+00 -2.4434e+00 -1.9268e+00 +2.3193e+00 -1.6842e+00 -9.4322e-01 +4.1190e+00
50847 +1.558077071e-01 +1.558077071e-01 +7.150580771e+01 +7.150580771e+01 +3.2725e+00 +1.8032e+00 -3.1352e+00 -3.3108e+00 -2.4461e+00 -1.9243e+00 +2.3100e+00 -1.7048e+00 -9.4590e-01 +4.1111e+00
51377 +9.998263767e-02 +9.998263767e-02 +7.144998264e+01 +7.144998264e+01 +3.2664e+00 +1.8063e+00 -3.1384e+00 -3.3131e+00 -2.4421e+00 -1.9293e+00 +2.3135e+00 -1.6996e+00 -9.4253e-01 +4.1154e+00
55229 +5.469231065e-02 +5.469231065e-02 +7.140469231e+01 +7.140469231e+01 -4.0915e+00 +3.9953e-01 -5.3718e-01 -2.0032e+00 +3.3017e+00 -4.6339e+00 +9.3680e-01 +2.5771e+00 +2.9093e+00 -2.3385e+00
55349 +3.044136652e-02 +3.044136652e-02 +7.138044137e+01 +7.138044137e+01 -4.1443e+00 +3.9527e-01 -5.9821e-01 -1.9830e+00 +3.3037e+00 -4.6563e+00 +9.7317e-01 +2.6712e+00 +2.9555e+00 -2.2624e+00
55377 +2.314693832e-02 +2.314693832e-02 +7.137314694e+01 +7.137314694e+01 -4.1246e+00 +4.1532e-01 -5.6642e-01 -1.9786e+00 +3.3264e+00 -4.6675e+00 +9.6661e-01 +2.6331e+00 +2.9423e+00 -2.2846e+00
55410 +1.538230887e-02 +1.538230887e-02 +7.136538231e+01 +7.136538231e+01 -4.1242e+00 +3.9572e-01 -5.9093e-01 -1.9930e+00 +3.2962e+00 -4.6288e+00 +9.6445e-01 +2.6486e+00 +2.9487e+00 -2.2689e+00
55525 +9.728161593e-03 +9.728161593e-03 +7.135972816e+01 +7.135972816e+01 -4.1166e+00 +4.2025e-01 -5.6981e-01 -1.9752e+00 +3.3097e+00 -4.6622e+00 +9.6359e-01 +2.6516e+00 +2.9472e+00 -2.2709e+00
55566 +5.545626868e-03 +5.545626868e-03 +7.135554563e+01 +7.135554563e+01 -4.1282e+00 +4.1801e-01 -5.7404e-01 -1.9824e+00 +3.3126e+00 -4.6604e+00 +9.6363e-01 +2.6519e+00 +2.9456e+00 -2.2757e+00
55683 +3.736928018e-03 +3.736928018e-03 +7.135373693e+01 +7.135373693e+01 -4.1298e+00 +4.2778e-01 -5.7163e-01 -1.9839e+00 +3.3149e+00 -4.6621e+00 +9.5740e-01 +2.6510e+00 +2.9485e+00 -2.2726e+00
55857 +2.375306859e-03 +2.375306859e-03 +7.135237531e+01 +7.135237531e+01 -4.1270e+00 +4.2148e-01 -5.7252e-01 -1.9836e+00 +3.3108e+00 -4.6579e+00 +9.6022e-01 +2.6493e+00 +2.9487e+00 -2.2733e+00
55927 +1.254458427e-03 +1.254458427e-03 +7.135125446e+01 +7.135125446e+01 -4.1292e+00 +4.2312e-01 -5.7344e-01 -1.9797e+00 +3.3128e+00 -4.6612e+00 +9.6462e-01 +2.6558e+00 +2.9498e+00 -2.2664e+00
55943 +8.370657487e-04 +8.370657487e-04 +7.135083707e+01 +7.135083707e+01 -4.1305e+00 +4.2214e-01 -5.7163e-01 -1.9796e+00 +3.3111e+00 -4.6618e+00 +9.6476e-01 +2.6555e+00 +2.9479e+00 -2.2660e+00
56090 +6.289702534e-04 +6.289702534e-04 +7.135062897e+01 +7.135062897e+01 -4.1292e+00 +4.2220e-01 -5.7011e-01 -1.9796e+00 +3.3108e+00 -4.6636e+00 +9.6467e-01 +2.6557e+00 +2.9469e+00 -2.2655e+00
56219 +3.324653684e-04 +3.324653684e-04 +7.135033247e+01 +7.135033247e+01 -4.1298e+00 +4.2230e-01 -5.6956e-01 -1.9797e+00 +3.3110e+00 -4.6632e+00 +9.6434e-01 +2.6550e+00 +2.9466e+00 -2.2663e+00
56282 +2.508706284e-04 +2.508706284e-04 +7.135025087e+01 +7.135025087e+01 -4.1299e+00 +4.2285e-01 -5.6975e-01 -1.9797e+00 +3.3112e+00 -4.6633e+00 +9.6412e-01 +2.6556e+00 +2.9468e+00 -2.2661e+00
56553 +1.460082917e-04 +1.460082917e-04 +7.135014601e+01 +7.135014601e+01 -4.1299e+00 +4.2297e-01 -5.6971e-01 -1.9796e+00 +3.3114e+00 -4.6636e+00 +9.6423e-01 +2.6556e+00 +2.9468e+00 -2.2660e+00
% function evaluation | noise-free fitness - Fopt (-3.552200000000e+02) | best noise-free fitness - Fopt | measured fitness | best measured fitness | x1 | x2...
1 +7.646865073e+01 +7.646865073e+01 -2.787513493e+02 -2.787513493e+02 -8.4025e-01 -6.4253e-01 -7.6410e-01 -1.1033e+00 +1.5037e+00 +1.1504e+00 +3.8233e+00 -1.2794e+00 +1.7572e+00 +2.5597e+00
2 +5.917496082e+01 +5.917496082e+01 -2.960450392e+02 -2.960450392e+02 +1.1089e+00 +1.3064e+00 -2.0061e-01 -6.9323e-01 +1.9976e+00 +3.6912e+00 +6.6477e+00 +4.6407e-02 +6.1496e+00 +1.1345e+00
92 +2.348975113e+01 +2.348975113e+01 -3.317302489e+02 -3.317302489e+02 +1.5331e+00 -6.0061e+00 +2.1906e+00 -1.4658e+00 +8.6228e-01 +1.1688e+00 +1.8983e+00 -1.3147e+00 +2.7542e+00 +1.4113e+00
1263 +1.066352544e+01 +1.066352544e+01 -3.445564746e+02 -3.445564746e+02 +1.4731e+00 +3.5480e+00 -3.7650e+00 -6.7734e-01 -4.6743e+00 -2.7909e+00 -4.3889e+00 +2.4825e+00 +3.6707e-02 +4.2817e-03
1350 +9.829248124e+00 +9.829248124e+00 -3.453907519e+02 -3.453907519e+02 +2.0169e+00 +3.6720e+00 -3.7710e+00 -2.0181e-01 -4.7813e+00 -2.5149e+00 -3.8884e+00 +2.1661e+00 -2.4186e-01 +2.1600e-01
1441 +5.851436766e+00 +5.851436766e+00 -3.493685632e+02 -3.493685632e+02 +2.4515e+00 +3.7998e+00 -3.7391e+00 -6.1206e-01 -4.9698e+00 -2.7121e+00 -4.3329e+00 +2.1038e+00 -1.0399e-01 +2.1460e-01
1541 +3.321155604e+00 +3.321155604e+00 -3.518988444e+02 -3.518988444e+02 +2.7115e+00 +4.0489e+00 -4.0296e+00 -9.3397e-01 -4.7830e+00 -2.7382e+00 -4.3191e+00 +1.8628e+00 +1.2541e-02 -5.2325e-02
1589 +2.449015957e+00 +2.449015957e+00 -3.527709840e+02 -3.527709840e+02 +2.8353e+00 +4.0965e+00 -4.1016e+00 -9.1694e-01 -4.5970e+00 -2.9719e+00 -4.2271e+00 +1.7649e+00 +2.0508e-01 +1.2543e-01
1774 +1.580616832e+00 +1.580616832e+00 -3.536393832e+02 -3.536393832e+02 +2.8258e+00 +4.0107e+00 -3.9876e+00 -7.3604e-01 -4.5062e+00 -2.9224e+00 -4.3285e+00 +1.7931e+00 +1.4385e-01 -5.0763e-02
1955 +9.794310021e-01 +9.794310021e-01 -3.542405690e+02 -3.542405690e+02 +2.9359e+00 +4.0016e+00 -3.9384e+00 -7.3438e-01 -4.4959e+00 -2.9023e+00 -4.2904e+00 +1.7712e+00 +1.3483e-01 -5.7189e-02
2149 +5.782396806e-01 +5.782396806e-01 -3.546417603e+02 -3.546417603e+02 +2.9346e+00 +3.9942e+00 -3.9816e+00 -7.5205e-01 -4.4886e+00 -2.8922e+00 -4.3071e+00 +1.7572e+00 +1.6600e-01 -4.5610e-02
2793 +3.973385447e-01 +3.973385447e-01 -3.548226615e+02 -3.548226615e+02 +2.9623e+00 +3.9687e+00 -3.9506e+00 -7.6524e-01 -4.4978e+00 -2.9098e+00 -4.2914e+00 +1.7512e+00 +1.8594e-01 -4.8499e-02
31893 +2.484768645e-01 +2.484768645e-01 -3.549715231e+02 -3.549715231e+02 +3.9951e+00 -1.7980e+00 -1.5390e+00 +5.2321e+00 +8.2253e-02 -2.6508e+00 -3.0664e+00 +2.5025e+00 -4.2503e+00 -4.0624e+00
203233 +1.584854551e-01 +1.584854551e-01 -3.550615145e+02 -3.550615145e+02 +2.4600e+00 -4.4725e-01 +3.5549e+00 -1.3847e+00 -1.5446e+00 -2.5862e+00 -2.7011e+00 -2.6050e+00 -5.3781e+00 -1.8817e+00
279584 +9.848319750e-02 +9.848319750e-02 -3.551215168e+02 -3.551215168e+02 +1.5200e+00 -1.3411e+00 -3.0111e+00 -2.7334e+00 +1.0732e+00 -1.5149e-01 -4.2823e-01 +2.1943e+00 -2.6316e+00 +1.2377e+00
% function evaluation | noise-free fitness - Fopt (9.917000000000e+01) | best noise-free fitness - Fopt | measured fitness | best measured fitness | x1 | x2...
1 +1.138703307e+02 +1.138703307e+02 +2.130403307e+02 +2.130403307e+02 -3.0274e+00 +3.0681e+00 +2.6639e+00 +2.8648e+00 -2.6706e+00 -2.4755e+00 +3.0206e+00 +3.4025e+00 +2.7590e+00 -1.1684e+00
5 +9.189651755e+01 +9.189651755e+01 +1.910665176e+02 +1.910665176e+02 -5.8856e-01 +3.3444e+00 +2.5876e+00 +4.5463e+00 -6.3944e+00 -7.8308e-01 +1.6522e-01 +2.5802e+00 +4.0344e+00 -6.9471e-01
13 +4.568567778e+01 +4.568567778e+01 +1.448556778e+02 +1.448556778e+02 -1.5905e-01 +9.2504e-01 -9.0389e-01 +1.8691e+00 -1.5561e+00 +6.3259e-01 +5.0361e+00 +2.1290e+00 +3.7771e+00 -8.1344e-01
14 +3.295218524e+01 +3.295218524e+01 +1.321221852e+02 +1.321221852e+02 +1.4427e+00 +1.4831e+00 +4.8928e+00 -2.7634e-01 +1.0543e+00 +1.3910e+00 +3.3688e+00 +3.8400e+00 +1.6669e-01 -1.2459e+00
466 +2.227941097e+01 +2.227941097e+01 +1.214494110e+02 +1.214494110e+02 -2.1886e+00 +2.9812e-02 +4.2890e+00 +4.8032e+00 -1.2158e+00 -5.7509e+00 +5.4420e+00 +2.3410e+00 +9.0128e-01 -4.6839e-01
783 +1.270505078e+01 +1.270505078e+01 +1.118750508e+02 +1.118750508e+02 -1.9552e+00 -5.6677e+00 +1.9321e+00 +3.5913e+00 -3.1482e+00 -4.8116e+00 +6.1994e+00 +3.5390e-01 -2.5264e+00 +1.9436e+00
1346 +9.722845509e+00 +9.722845509e+00 +1.088928455e+02 +1.088928455e+02 +4.0409e+00 -4.5619e+00 +2.5890e+00 +6.0903e+00 +5.6959e-01 -4.1625e+00 +6.0612e+00 -3.0916e-01 -2.5565e-01 +2.9498e+00
1468 +5.306868312e+00 +5.306868312e+00 +1.044768683e+02 +1.044768683e+02 +3.6068e+00 -4.7561e+00 +2.5508e+00 +5.8929e+00 +3.5402e-01 -4.0631e+00 +5.9768e+00 -1.1999e-01 -3.7060e-01 +2.8371e+00
1843 +3.861982393e+00 +3.861982393e+00 +1.030319824e+02 +1.030319824e+02 +3.5467e+00 -4.6968e+00 +2.6181e+00 +5.8795e+00 +5.4551e-01 -3.9081e+00 +5.9264e+00 -2.1746e-01 -1.9888e-01 +2.9943e+00
6963 +2.455609841e+00 +2.455609841e+00 +1.016256098e+02 +1.016256098e+02 -2.7417e+00 -5.3229e+00 -3.3123e-01 -1.4165e+00 -5.0760e+00 +8.8426e-01 -2.6511e+00 -5.2862e+00 -5.4466e+00 +4.0917e+00
7335 +1.546768730e+00 +1.546768730e+00 +1.007167687e+02 +1.007167687e+02 -2.7986e+00 -5.3568e+00 -3.6497e-01 -1.4109e+00 -5.0783e+00 +8.4416e-01 -2.6376e+00 -5.2437e+00 -5.4436e+00 +4.1121e+00
23574 +9.381255799e-01 +9.381255799e-01 +1.001081256e+02 +1.001081256e+02 +2.2641e+00 +3.9338e+00 -3.0651e+00 +4.8822e-03 +5.2704e+00 +2.1056e+00 +5.4755e-01 -1.2026e+00 +5.3787e+00 -9.1584e-01
23907 +6.303723420e-01 +6.303723420e-01 +9.980037234e+01 +9.980037234e+01 +2.2523e+00 +3.8732e+00 -3.0597e+00 -1.8020e-02 +5.2209e+00 +2.0975e+00 +5.5815e-01 -1.1725e+00 +5.3742e+00 -9.6636e-01
52827 +3.976902685e-01 +3.976902685e-01 +9.956769027e+01 +9.956769027e+01 -4.0940e-01 -1.9062e+00 -4.2558e+00 -2.9947e+00 +2.9669e+00 -3.5275e+00 +7.0046e-01 -6.9631e-02 -3.7905e+00 -6.6019e-01
52897 +2.037029306e-01 +2.037029306e-01 +9.937370293e+01 +9.937370293e+01 -4.8542e-01 -1.9393e+00 -4.2244e+00 -3.0218e+00 +2.9287e+00 -3.5433e+00 +6.7184e-01 -4.3034e-02 -3.7562e+00 -6.8265e-01
53073 +1.540332776e-01 +1.540332776e-01 +9.932403328e+01 +9.932403328e+01 -3.7037e-01 -2.0042e+00 -4.1416e+00 -3.0519e+00 +2.9129e+00 -3.5436e+00 +6.6872e-01 -2.9620e-02 -3.7223e+00 -7.0346e-01
53075 +9.061652382e-02 +9.061652382e-02 +9.926061652e+01 +9.926061652e+01 -3.7726e-01 -1.9828e+00 -4.1934e+00 -3.0479e+00 +2.9307e+00 -3.5433e+00 +6.6307e-01 -3.3062e-02 -3.6917e+00 -6.7651e-01
53263 +5.485829031e-02 +5.485829031e-02 +9.922485829e+01 +9.922485829e+01 -3.8829e-01 -1.9899e+00 -4.1762e+00 -3.0617e+00 +2.9118e+00 -3.5305e+00 +6.8695e-01 -3.4958e-02 -3.7017e+00 -6.7015e-01
53399 +3.824961541e-02 +3.824961541e-02 +9.920824962e+01 +9.920824962e+01 -3.8485e-01 -1.9848e+00 -4.1828e+00 -3.0500e+00 +2.9207e+00 -3.5292e+00 +6.7709e-01 -2.9051e-02 -3.7040e+00 -6.8548e-01
53521 +2.372917703e-02 +2.372917703e-02 +9.919372918e+01 +9.919372918e+01 -3.7341e-01 -1.9780e+00 -4.1749e+00 -3.0496e+00 +2.9224e+00 -3.5321e+00 +6.7675e-01 -4.2974e-02 -3.7008e+00 -6.8259e-01
53672 +1.571310758e-02 +1.571310758e-02 +9.918571311e+01 +9.918571311e+01 -3.7342e-01 -1.9786e+00 -4.1746e+00 -3.0489e+00 +2.9230e+00 -3.5300e+00 +6.7817e-01 -4.6768e-02 -3.7017e+00 -6.8053e-01
54132 +9.948506434e-03 +9.948506434e-03 +9.917994851e+01 +9.917994851e+01 -3.7379e-01 -1.9772e+00 -4.1741e+00 -3.0495e+00 +2.9237e+00 -3.5304e+00 +6.7898e-01 -4.8753e-02 -3.7009e+00 -6.7953e-01
102050 +6.285187537e-03 +6.285187537e-03 +9.917628519e+01 +9.917628519e+01 +2.6229e+00 +3.1750e+00 -6.4845e-01 -1.7451e+00 +3.0076e+00 +1.3073e+00 +1.2101e+00 -1.8956e+00 -2.4983e+00 -4.6114e+00
% function evaluation | noise-free fitness - Fopt (-5.179100000000e+02) | best noise-free fitness - Fopt | measured fitness | best measured fitness | x1 | x2...
1 +1.261568220e+02 +1.261568220e+02 -3.917531780e+02 -3.917531780e+02 -3.1189e+00 +1.9798e+00 +1.5485e+00 +2.2432e-01 -2.6469e+00 +3.9817e-01 -3.5896e+00 -3.1097e+00 -1.1345e+00 -4.5039e-01
2 +9.441217080e+01 +9.441217080e+01 -4.234978292e+02 -4.234978292e+02 -3.3710e-01 +9.2117e-01 +2.9275e-01 +4.1610e-01 -3.5816e+00 +2.5821e+00 +7.1701e-01 -8.9660e-01 -2.4538e+00 -5.0215e+00
3 +6.152114377e+01 +6.152114377e+01 -4.563888562e+02 -4.563888562e+02 +3.4499e-01 +3.1734e+00 +4.3718e+00 +3.7515e+00 +6.9260e-03 -1.3252e-01 -3.9358e+00 -2.6573e+00 -3.3803e+00 +3.0219e+00
12 +3.815686994e+01 +3.815686994e+01 -4.797531301e+02 -4.797531301e+02 +4.8048e-01 +2.5403e+00 +1.9247e+00 +2.4224e+00 -7.7315e-01 +2.5505e+00 -2.6417e+00 -5.4500e+00 -1.9770e+00 +2.3512e+00
57 +1.896489044e+01 +1.896489044e+01 -4.989451096e+02 -4.989451096e+02 -9.8132e-01 +4.4385e+00 -2.9661e-01 -6.2549e-01 -2.8910e+00 +8.7680e-01 -4.1371e+00 -6.3135e+00 -2.6060e+00 -2.0500e+00
717 +9.616985401e+00 +9.616985401e+00 -5.082930146e+02 -5.082930146e+02 -2.7290e+00 +4.1246e+00 +1.7828e+00 -5.2398e+00 -2.4079e+00 +5.6470e+00 -3.1465e+00 -5.3541e+00 -1.7382e+00 -4.1551e+00
784 +5.172621785e+00 +5.172621785e+00 -5.127373782e+02 -5.127373782e+02 -2.5619e+00 +3.7644e+00 +1.5173e+00 -4.8634e+00 -2.6862e+00 +5.8321e+00 -2.9802e+00 -5.7582e+00 -1.2443e+00 -4.5694e+00
983 +3.393915813e+00 +3.393915813e+00 -5.145160842e+02 -5.145160842e+02 -2.4803e+00 +3.9675e+00 +1.3911e+00 -4.7052e+00 -2.7908e+00 +5.7792e+00 -2.8801e+00 -5.7345e+00 -1.3001e+00 -4.5033e+00
1122 +2.364618240e+00 +2.364618240e+00 -5.155453818e+02 -5.155453818e+02 -2.4263e+00 +4.0306e+00 +1.4269e+00 -4.6093e+00 -2.8401e+00 +5.7624e+00 -2.7990e+00 -5.9405e+00 -1.3530e+00 -4.5432e+00
1522 +1.582839185e+00 +1.582839185e+00 -5.163271608e+02 -5.163271608e+02 -2.0403e+00 +4.0580e+00 +1.3522e+00 -4.5103e+00 -2.9001e+00 +5.5656e+00 -2.3955e+00 -6.0409e+00 -1.4385e+00 -4.2860e+00
22767 +9.877616130e-01 +9.877616130e-01 -5.169222384e+02 -5.169222384e+02 -1.3339e+00 +2.5735e+00 +2.7171e+00 +4.3769e+00 +2.9350e+00 +4.4381e+00 +4.9737e+00 +4.9203e+00 -4.5541e+00 +1.3338e+00
39225 +6.204702792e-01 +6.204702792e-01 -5.172895297e+02 -5.172895297e+02 +2.3585e-01 -7.7792e-01 -2.4926e+00 -4.7805e+00 -4.0436e+00 -5.5448e+00 +2.2015e+00 +2.8512e+00 +2.8793e+00 +5.0822e+00
49250 +3.745158744e-01 +3.745158744e-01 -5.175354841e+02 -5.175354841e+02 -2.0047e+00 -1.5735e+00 -4.9840e-01 -8.8662e-01 -2.7152e+00 -2.1633e+00 -2.4715e-02 +4.6838e+00 -3.6110e+00 -7.8954e-01
49376 +2.451463079e-01 +2.451463079e-01 -5.176648537e+02 -5.176648537e+02 -2.0395e+00 -1.5906e+00 -5.2794e-01 -8.9439e-01 -2.7080e+00 -2.2302e+00 +5.3309e-02 +4.6729e+00 -3.6179e+00 -7.4040e-01
49442 +1.511539276e-01 +1.511539276e-01 -5.177588461e+02 -5.177588461e+02 -2.0273e+00 -1.5491e+00 -5.4025e-01 -8.7019e-01 -2.7253e+00 -2.2231e+00 +3.5603e-02 +4.6659e+00 -3.6228e+00 -7.2825e-01
49582 +9.003699754e-02 +9.003699754e-02 -5.178199630e+02 -5.178199630e+02 -2.0348e+00 -1.5655e+00 -5.2355e-01 -8.9289e-01 -2.7110e+00 -2.1984e+00 +2.1009e-02 +4.6844e+00 -3.6166e+00 -7.3050e-01
49741 +6.152380930e-02 +6.152380930e-02 -5.178484762e+02 -5.178484762e+02 -2.0343e+00 -1.5673e+00 -5.2640e-01 -8.9395e-01 -2.7176e+00 -2.2053e+00 +2.6929e-02 +4.6895e+00 -3.6149e+00 -7.3120e-01
50215 +3.977315078e-02 +3.977315078e-02 -5.178702268e+02 -5.178702268e+02 -2.0338e+00 -1.5726e+00 -5.2609e-01 -8.9791e-01 -2.7171e+00 -2.2047e+00 +2.5090e-02 +4.6918e+00 -3.6124e+00 -7.3200e-01
81372 +2.291409155e-02 +2.291409155e-02 -5.178870859e+02 -5.178870859e+02 -5.3365e-01 +2.0315e+00 +2.7280e-01 +1.0107e-01 -1.6303e+00 -5.6968e-01 +2.7668e+00 -6.9502e-01 +4.8214e+00 -3.9497e+00
81568 +1.565100303e-02 +1.565100303e-02 -5.178943490e+02 -5.178943490e+02 -5.3127e-01 +2.0321e+00 +2.7225e-01 +1.0149e-01 -1.6312e+00 -5.6711e-01 +2.7630e+00 -6.9427e-01 +4.8192e+00 -3.9510e+00
447974 +8.530607914e-03 +8.530607914e-03 -5.179014694e+02 -5.179014694e+02 -1.3249e+00 -1.4857e+00 -3.6576e+00 -9.4506e-01 -3.4956e+00 +1.0999e+00 +3.2734e+00 +2.5337e-02 +2.7919e+00 +1.4447e+00
448107 +6.024842644e-03 +6.024842644e-03 -5.179039752e+02 -5.179039752e+02 -1.3246e+00 -1.4856e+00 -3.6580e+00 -9.3780e-01 -3.4970e+00 +1.0943e+00 +3.2770e+00 +1.8847e-02 +2.7901e+00 +1.4537e+00
448354 +3.655116777e-03 +3.655116777e-03 -5.179063449e+02 -5.179063449e+02 -1.3268e+00 -1.4832e+00 -3.6567e+00 -9.3706e-01 -3.4977e+00 +1.0937e+00 +3.2741e+00 +1.9028e-02 +2.7882e+00 +1.4519e+00
448901 +2.490504893e-03 +2.490504893e-03 -5.179075095e+02 -5.179075095e+02 -1.3270e+00 -1.4835e+00 -3.6570e+00 -9.3706e-01 -3.4975e+00 +1.0938e+00 +3.2747e+00 +1.8456e-02 +2.7879e+00 +1.4525e+00
% function evaluation | noise-free fitness - Fopt (-5.721000000000e+01) | best noise-free fitness - Fopt | measured fitness | best measured fitness | x1 | x2...
1 +8.724733202e+01 +8.724733202e+01 +3.003733202e+01 +3.003733202e+01 -3.1989e+00 -1.1340e+00 +3.3654e+00 -2.0351e+00 -2.5742e+00 +2.5640e+00 -3.8258e+00 +1.6880e-01 +1.8726e+00 +1.4840e-01
8 +4.516066445e+01 +4.516066445e+01 -1.204933555e+01 -1.204933555e+01 -3.9749e+00 -4.8885e+00 +3.3833e+00 -9.7507e-01 -2.2012e+00 +1.7954e+00 -1.5117e+00 +1.9468e+00 +2.8122e+00 -8.6172e-01
49 +2.149051221e+01 +2.149051221e+01 -3.571948779e+01 -3.571948779e+01 -2.8479e+00 -6.4836e+00 +1.0845e+00 +4.6235e-01 -3.6627e+00 +2.7648e+00 -1.1252e+00 -1.5235e+00 +3.7555e+00 -2.8960e+00
722 +1.474024521e+01 +1.474024521e+01 -4.246975479e+01 -4.246975479e+01 -4.0074e+00 -4.0338e-01 +4.0906e+00 -3.9286e+00 -5.8632e+00 +7.1697e+00 -4.5343e+00 +6.0170e+00 +5.6553e+00 -2.6965e+00
903 +9.323274506e+00 +9.323274506e+00 -4.788672549e+01 -4.788672549e+01 -4.0384e+00 -1.6495e-01 +4.0520e+00 -3.5723e+00 -5.9070e+00 +7.0668e+00 -4.8356e+00 +6.1298e+00 +5.7910e+00 -2.9054e+00
7212 +5.771576340e+00 +5.771576340e+00 -5.143842366e+01 -5.143842366e+01 -3.0405e+00 -2.9486e+00 -1.2723e+00 +2.1590e-01 +3.5017e+00 -4.3349e+00 +5.4238e+00 -6.2661e+00 +5.1229e+00 -4.4799e+00
7337 +3.956584227e+00 +3.956584227e+00 -5.325341577e+01 -5.325341577e+01 -3.1799e+00 -3.0306e+00 -1.3087e+00 +1.8389e-01 +3.5626e+00 -4.4567e+00 +5.3498e+00 -6.1753e+00 +5.1492e+00 -4.5852e+00
8001 +2.403567346e+00 +2.403567346e+00 -5.480643265e+01 -5.480643265e+01 -3.1530e+00 -3.0461e+00 -1.3103e+00 +1.6000e-01 +3.5421e+00 -4.5234e+00 +5.3739e+00 -6.1590e+00 +5.1989e+00 -4.6991e+00
23722 +8.158874331e-01 +8.158874331e-01 -5.639411257e+01 -5.639411257e+01 +2.4220e-01 +4.7489e+00 +4.9562e+00 +2.9023e+00 -4.3904e+00 -1.5476e+00 -5.3369e+00 +3.0090e+00 -3.5424e+00 +4.3283e-01
23950 +6.072016512e-01 +6.072016512e-01 -5.660279835e+01 -5.660279835e+01 -3.8867e-02 +4.7725e+00 +5.1194e+00 +2.9875e+00 -4.3826e+00 -1.2371e+00 -5.4072e+00 +2.9578e+00 -3.6857e+00 +7.8750e-01
24090 +3.274874163e-01 +3.274874163e-01 -5.688251258e+01 -5.688251258e+01 -7.0734e-02 +4.7199e+00 +5.0568e+00 +2.9896e+00 -4.4339e+00 -1.1936e+00 -5.4217e+00 +2.8871e+00 -3.7324e+00 +8.4632e-01
24122 +2.481230297e-01 +2.481230297e-01 -5.696187697e+01 -5.696187697e+01 -9.3688e-02 +4.7459e+00 +5.0954e+00 +3.0728e+00 -4.4097e+00 -1.1689e+00 -5.4280e+00 +2.9139e+00 -3.6999e+00 +8.4776e-01
41372 +1.583481354e-01 +1.583481354e-01 -5.705165186e+01 -5.705165186e+01 +2.8218e-01 -3.9802e+00 -2.7830e+00 +3.9037e+00 -1.8397e+00 -2.2621e+00 -3.6100e+00 -3.0625e+00 -1.9257e+00 -4.5085e+00
301887 +7.216715576e-02 +7.216715576e-02 -5.713783284e+01 -5.713783284e+01 -4.0146e-01 -4.2154e+00 +1.6089e-01 +2.0799e+00 +1.9129e-01 +2.6172e+00 -4.4539e+00 -2.3777e+00 -2.4006e+00 -4.7582e+00
302424 +5.713824492e-02 +5.713824492e-02 -5.715286176e+01 -5.715286176e+01 -4.6291e-01 -4.2184e+00 +1.1798e-01 +2.1219e+00 +1.4685e-01 +2.6559e+00 -4.4104e+00 -2.4255e+00 -2.4021e+00 -4.7527e+00
302652 +3.687862826e-02 +3.687862826e-02 -5.717312137e+01 -5.717312137e+01 -4.5268e-01 -4.2165e+00 +1.2924e-01 +2.1166e+00 +1.4341e-01 +2.6462e+00 -4.4110e+00 -2.4222e+00 -2.3919e+00 -4.7608e+00
303184 +2.461741535e-02 +2.461741535e-02 -5.718538258e+01 -5.718538258e+01 -4.5162e-01 -4.2165e+00 +1.3035e-01 +2.1161e+00 +1.4628e-01 +2.6434e+00 -4.4122e+00 -2.4211e+00 -2.3891e+00 -4.7629e+00
470045 +1.494811726e-02 +1.494811726e-02 -5.719505188e+01 -5.719505188e+01 +2.8017e+00 +3.1305e+00 +3.4741e+00 +2.3849e+00 +2.3661e+00 -2.5202e+00 +1.5842e+00 +3.5849e+00 +3.1954e+00 -3.3247e-01
490575 +9.965130945e-03 +9.965130945e-03 -5.720003487e+01 -5.720003487e+01 +2.0954e+00 +2.5751e+00 +2.7052e+00 +1.3699e+00 +5.0468e+00 -3.0532e+00 +3.1679e+00 +3.4755e+00 -2.6058e+00 +2.6058e+00
% function evaluation | noise-free fitness - Fopt (4.545400000000e+02) | best noise-free fitness - Fopt | measured fitness | best measured fitness | x1 | x2...
1 +6.312324098e+01 +6.312324098e+01 +5.176632410e+02 +5.176632410e+02 +1.4718e+00 +2.2012e+00 +2.4155e+00 -1.6249e-01 -3.2504e+00 +3.9312e+00 +3.0974e+00 -3.8890e+00 +7.7170e-01 -2.0328e+00
2 +5.913367969e+01 +5.913367969e+01 +5.136736797e+02 +5.136736797e+02 +2.9889e+00 +3.7062e+00 +7.4304e-01 +2.0427e+00 -3.7597e+00 +7.5586e+00 +3.8736e+00 -5.0186e+00 -3.5324e+00 -3.5243e+00
41 +3.699296482e+01 +3.699296482e+01 +4.915329648e+02 +4.915329648e+02 -4.3891e-01 -7.7227e-01 +6.8566e+00 +4.2856e-01 -4.3164e+00 +3.3837e+00 +3.1571e+00 -5.7293e+00 +5.2247e+00 -3.0340e+00
442 +2.034872573e+01 +2.034872573e+01 +4.748887257e+02 +4.748887257e+02 +1.4080e+00 -3.2092e+00 +5.0652e+00 +9.8728e-01 -6.8995e+00 +3.9351e+00 +8.0290e-01 -5.5961e+00 +3.8214e+00 -4.2327e+00
825 +1.092428342e+01 +1.092428342e+01 +4.654642834e+02 +4.654642834e+02 +1.4194e+00 -1.2582e+00 +5.3850e+00 +9.4052e-01 -7.4172e+00 +2.7653e+00 +1.3463e+00 -5.2674e+00 +4.3589e+00 -2.5177e+00
1195 +9.972272367e+00 +9.972272367e+00 +4.645122724e+02 +4.645122724e+02 +1.5883e+00 -1.4665e+00 +5.6967e+00 +7.8017e-01 -7.5284e+00 +3.2311e+00 +1.2676e+00 -5.5392e+00 +4.6729e+00 -2.7498e+00
6539 +5.854172548e+00 +5.854172548e+00 +4.603941725e+02 +4.603941725e+02 +4.9240e+00 +2.6323e+00 -4.3559e-01 +7.2470e-01 +2.1524e+00 -7.1883e-01 -5.7515e+00 +5.8005e+00 +3.9488e+00 -2.5897e+00
6665 +3.883392605e+00 +3.883392605e+00 +4.584233926e+02 +4.584233926e+02 +4.9108e+00 +2.7231e+00 -5.6418e-01 +6.9456e-01 +2.0824e+00 -6.5826e-01 -5.6731e+00 +5.7157e+00 +3.7866e+00 -2.3587e+00
6739 +2.454945706e+00 +2.454945706e+00 +4.569949457e+02 +4.569949457e+02 +4.8672e+00 +2.6194e+00 -5.1604e-01 +7.9286e-01 +2.0363e+00 -5.9141e-01 -5.6096e+00 +5.6499e+00 +3.8876e+00 -2.3741e+00
7124 +1.550920634e+00 +1.550920634e+00 +4.560909206e+02 +4.560909206e+02 +4.8438e+00 +2.5919e+00 -5.0250e-01 +8.8259e-01 +1.9871e+00 -5.4836e-01 -5.5914e+00 +5.6140e+00 +3.9192e+00 -2.4035e+00
17254 +9.419439589e-01 +9.419439589e-01 +4.554819440e+02 +4.554819440e+02 +2.1785e+00 -1.1686e+00 +4.7320e+00 +2.7650e+00 -5.3188e+00 -1.2911e+00 +5.0838e+00 +4.8337e+00 -5.1104e+00 +4.4232e+00
17268 +6.082859655e-01 +6.082859655e-01 +4.551482860e+02 +4.551482860e+02 +2.1505e+00 -1.1735e+00 +4.7152e+00 +2.7489e+00 -5.2856e+00 -1.3911e+00 +5.1153e+00 +4.8507e+00 -5.1328e+00 +4.4066e+00
17668 +3.955738301e-01 +3.955738301e-01 +4.549355738e+02 +4.549355738e+02 +2.2120e+00 -1.1715e+00 +4.7364e+00 +2.7879e+00 -5.3299e+00 -1.3210e+00 +5.1168e+00 +4.8052e+00 -5.1077e+00 +4.4264e+00
48305 +2.380098347e-01 +2.380098347e-01 +4.547780098e+02 +4.547780098e+02 +1.1784e+00 -4.0279e-01 -1.1174e+00 +2.3702e+00 -5.4133e+00 +3.2738e+00 -1.8139e+00 +7.2674e-01 +3.4622e+00 +3.1343e-01
58383 +1.454503387e-01 +1.454503387e-01 +4.546854503e+02 +4.546854503e+02 -4.7612e+00 -2.7238e+00 +4.5686e+00 -1.0005e+00 +1.2271e+00 +2.4824e+00 +2.6832e+00 +3.2138e+00 -2.9750e-02 -1.2395e+00
58446 +6.010456024e-02 +6.010456024e-02 +4.546001046e+02 +4.546001046e+02 -4.7630e+00 -2.7261e+00 +4.5710e+00 -9.9300e-01 +1.2236e+00 +2.4975e+00 +2.6878e+00 +3.2527e+00 -4.2252e-02 -1.2261e+00
58641 +3.967974134e-02 +3.967974134e-02 +4.545796797e+02 +4.545796797e+02 -4.7679e+00 -2.7308e+00 +4.5716e+00 -1.0004e+00 +1.2213e+00 +2.4972e+00 +2.6891e+00 +3.2486e+00 -4.3482e-02 -1.2372e+00
58793 +2.379931875e-02 +2.379931875e-02 +4.545637993e+02 +4.545637993e+02 -4.7644e+00 -2.7339e+00 +4.5683e+00 -9.9144e-01 +1.2100e+00 +2.4943e+00 +2.6786e+00 +3.2540e+00 -3.3801e-02 -1.2607e+00
58978 +1.570305118e-02 +1.570305118e-02 +4.545557031e+02 +4.545557031e+02 -4.7685e+00 -2.7380e+00 +4.5668e+00 -9.8647e-01 +1.2061e+00 +2.4962e+00 +2.6800e+00 +3.2571e+00 -3.0666e-02 -1.2634e+00
59164 +9.974904459e-03 +9.974904459e-03 +4.545499749e+02 +4.545499749e+02 -4.7694e+00 -2.7382e+00 +4.5677e+00 -9.8533e-01 +1.2044e+00 +2.4983e+00 +2.6792e+00 +3.2529e+00 -3.0429e-02 -1.2652e+00
358657 +4.381117410e-03 +4.381117410e-03 +4.545443811e+02 +4.545443811e+02 +5.8479e-01 -1.7617e+00 +4.7729e+00 -4.5851e-01 -4.0116e+00 +3.3988e-01 -2.4864e+00 -6.5836e-01 -1.6340e+00 -3.1939e+00
358801 +3.670665457e-03 +3.670665457e-03 +4.545436707e+02 +4.545436707e+02 +5.8342e-01 -1.7620e+00 +4.7731e+00 -4.5742e-01 -4.0117e+00 +3.4012e-01 -2.4875e+00 -6.6116e-01 -1.6331e+00 -3.1985e+00
359046 +2.351128863e-03 +2.351128863e-03 +4.545423511e+02 +4.545423511e+02 +5.8367e-01 -1.7620e+00 +4.7726e+00 -4.5703e-01 -4.0121e+00 +3.4122e-01 -2.4864e+00 -6.6224e-01 -1.6347e+00 -3.1962e+00
359339 +1.565657185e-03 +1.565657185e-03 +4.545415657e+02 +4.545415657e+02 +5.8402e-01 -1.7618e+00 +4.7730e+00 -4.5743e-01 -4.0115e+00 +3.4124e-01 -2.4866e+00 -6.6199e-01 -1.6347e+00 -3.1952e+00
% function evaluation | noise-free fitness - Fopt (-8.372400000000e+02) | best noise-free fitness - Fopt | measured fitness | best measured fitness | x1 | x2...
1 +6.275036608e+01 +6.275036608e+01 -7.744896339e+02 -7.744896339e+02 -3.2496e-01 +4.2463e-01 +2.5875e+00 -2.0834e+00 +3.9131e+00 +1.8053e+00 -2.3259e+00 -2.1915e+00 +2.5831e+00 +3.8757e+00
11 +3.082072708e+01 +3.082072708e+01 -8.064192729e+02 -8.064192729e+02 +3.9783e-01 -1.1378e+00 +2.2587e+00 -4.6703e+00 +3.5462e+00 -3.8632e-01 -4.9274e+00 -5.0291e+00 +4.8143e+00 +2.2130e+00
94 +1.590981560e+01 +1.590981560e+01 -8.213301844e+02 -8.213301844e+02 -2.1919e+00 +4.1514e+00 +2.8725e+00 -1.9328e+00 +2.9183e+00 +2.9769e-01 +1.5486e+00 -9.4009e-01 -3.3812e-01 +1.2515e+00
727 +1.525377183e+01 +1.525377183e+01 -8.219862282e+02 -8.219862282e+02 -2.3059e+00 +2.4685e-01 +7.1912e+00 -1.9382e+00 +1.3915e-02 -5.5573e-01 -4.6904e+00 -4.3789e-01 +1.5097e+00 +5.4437e+00
931 +9.715723244e+00 +9.715723244e+00 -8.275242768e+02 -8.275242768e+02 -2.5361e+00 +1.1720e-01 +7.1449e+00 -2.1933e+00 -3.6070e-01 -9.3859e-01 -4.2527e+00 -4.1455e-01 +1.5765e+00 +5.1539e+00
1451 +6.305701330e+00 +6.305701330e+00 -8.309342987e+02 -8.309342987e+02 -2.5394e+00 +3.0332e-03 +7.0282e+00 -2.3092e+00 -3.8058e-01 -1.0289e+00 -4.3540e+00 -4.3127e-01 +1.6462e+00 +5.1078e+00
5921 +2.908279518e+00 +2.908279518e+00 -8.343317205e+02 -8.343317205e+02 -4.6811e+00 -1.9509e+00 -3.5829e-01 -3.5590e+00 -4.1958e+00 -4.9178e+00 +2.6182e+00 +9.9014e-01 +5.8936e+00 +4.5360e+00
6169 +2.498488925e+00 +2.498488925e+00 -8.347415111e+02 -8.347415111e+02 -4.7344e+00 -2.0329e+00 -3.2214e-01 -3.6816e+00 -4.1316e+00 -5.0274e+00 +2.5116e+00 +9.3598e-01 +5.9678e+00 +4.6325e+00
6854 +1.580782727e+00 +1.580782727e+00 -8.356592173e+02 -8.356592173e+02 -4.7570e+00 -2.0160e+00 -3.1803e-01 -3.6313e+00 -4.1292e+00 -5.1082e+00 +2.5270e+00 +1.0695e+00 +5.9581e+00 +4.5821e+00
26834 +7.990679371e-01 +7.990679371e-01 -8.364409321e+02 -8.364409321e+02 +1.9654e+00 -4.0363e-01 +7.0440e-02 -4.2154e-01 +2.1997e+00 +2.0439e+00 -1.2649e+00 +6.5475e-01 -3.5778e+00 +1.8993e+00
26964 +6.293784907e-01 +6.293784907e-01 -8.366106215e+02 -8.366106215e+02 +1.9457e+00 -3.5344e-01 -1.2546e-02 -5.4940e-01 +2.2664e+00 +2.0083e+00 -1.3541e+00 +5.6579e-01 -3.5644e+00 +1.9999e+00
26976 +3.738687108e-01 +3.738687108e-01 -8.368661313e+02 -8.368661313e+02 +1.9593e+00 -3.4951e-01 +1.7480e-02 -5.3580e-01 +2.2227e+00 +1.9826e+00 -1.2833e+00 +5.9888e-01 -3.5464e+00 +1.9510e+00
27179 +2.430012791e-01 +2.430012791e-01 -8.369969987e+02 -8.369969987e+02 +1.9666e+00 -3.9938e-01 +2.5224e-02 -5.5909e-01 +2.2183e+00 +2.0386e+00 -1.3197e+00 +5.4496e-01 -3.5853e+00 +1.9324e+00
27402 +1.501382062e-01 +1.501382062e-01 -8.370898618e+02 -8.370898618e+02 +1.9759e+00 -3.9583e-01 +3.0842e-02 -5.6295e-01 +2.2083e+00 +2.0256e+00 -1.3112e+00 +5.3057e-01 -3.5805e+00 +1.9256e+00
41970 +8.066352905e-02 +8.066352905e-02 -8.371593365e+02 -8.371593365e+02 +6.2706e-01 +6.7991e-01 -2.3504e+00 +4.8859e+00 +2.3528e+00 +1.9099e+00 +3.7663e+00 +9.4260e-01 -5.0183e+00 +3.6425e+00
42072 +3.281402709e-02 +3.281402709e-02 -8.372071860e+02 -8.372071860e+02 +6.6822e-01 +6.8155e-01 -2.4317e+00 +4.8343e+00 +2.4122e+00 +1.9170e+00 +3.7993e+00 +9.4203e-01 -4.9971e+00 +3.6785e+00
42269 +2.371238443e-02 +2.371238443e-02 -8.372162876e+02 -8.372162876e+02 +6.8479e-01 +6.9742e-01 -2.4605e+00 +4.8453e+00 +2.4463e+00 +1.9485e+00 +3.7908e+00 +9.8994e-01 -4.9761e+00 +3.7373e+00
42337 +9.924909714e-03 +9.924909714e-03 -8.372300751e+02 -8.372300751e+02 +6.8690e-01 +6.8828e-01 -2.4486e+00 +4.8482e+00 +2.4514e+00 +1.9387e+00 +3.7883e+00 +9.9120e-01 -4.9767e+00 +3.7485e+00
42386 +3.552368670e-03 +3.552368670e-03 -8.372364476e+02 -8.372364476e+02 +6.6917e-01 +6.8424e-01 -2.4391e+00 +4.8678e+00 +2.4623e+00 +1.9530e+00 +3.7910e+00 +1.0209e+00 -4.9639e+00 +3.7428e+00
42507 +1.740950192e-03 +1.740950192e-03 -8.372382590e+02 -8.372382590e+02 +6.7482e-01 +6.7860e-01 -2.4376e+00 +4.8648e+00 +2.4565e+00 +1.9389e+00 +3.7871e+00 +1.0062e+00 -4.9767e+00 +3.7499e+00
42542 +1.262725115e-03 +1.262725115e-03 -8.372387373e+02 -8.372387373e+02 +6.7460e-01 +6.8143e-01 -2.4358e+00 +4.8604e+00 +2.4530e+00 +1.9456e+00 +3.7860e+00 +1.0076e+00 -4.9715e+00 +3.7398e+00
42549 +8.202158147e-04 +8.202158147e-04 -8.372391798e+02 -8.372391798e+02 +6.7632e-01 +6.7055e-01 -2.4357e+00 +4.8630e+00 +2.4591e+00 +1.9325e+00 +3.7887e+00 +1.0087e+00 -4.9745e+00 +3.7507e+00
42626 +4.076262828e-04 +4.076262828e-04 -8.372395924e+02 -8.372395924e+02 +6.7000e-01 +6.7891e-01 -2.4325e+00 +4.8680e+00 +2.4569e+00 +1.9425e+00 +3.7874e+00 +1.0138e+00 -4.9715e+00 +3.7455e+00
42684 +1.787623536e-04 +1.787623536e-04 -8.372398212e+02 -8.372398212e+02 +6.6728e-01 +6.7734e-01 -2.4354e+00 +4.8654e+00 +2.4580e+00 +1.9389e+00 +3.7872e+00 +1.0154e+00 -4.9712e+00 +3.7482e+00
42747 +1.236066627e-04 +1.236066627e-04 -8.372398764e+02 -8.372398764e+02 +6.6744e-01 +6.7510e-01 -2.4349e+00 +4.8671e+00 +2.4569e+00 +1.9371e+00 +3.7870e+00 +1.0151e+00 -4.9726e+00 +3.7478e+00
42754 +8.734833511e-05 +8.734833511e-05 -8.372399127e+02 -8.372399127e+02 +6.6895e-01 +6.7758e-01 -2.4363e+00 +4.8666e+00 +2.4563e+00 +1.9400e+00 +3.7870e+00 +1.0153e+00 -4.9724e+00 +3.7462e+00
42812 +5.327032147e-05 +5.327032147e-05 -8.372399467e+02 -8.372399467e+02 +6.6892e-01 +6.7581e-01 -2.4349e+00 +4.8673e+00 +2.4561e+00 +1.9376e+00 +3.7871e+00 +1.0146e+00 -4.9732e+00 +3.7460e+00
42922 +8.374142226e-06 +8.374142226e-06 -8.372399916e+02 -8.372399916e+02 +6.6896e-01 +6.7589e-01 -2.4346e+00 +4.8673e+00 +2.4570e+00 +1.9393e+00 +3.7874e+00 +1.0145e+00 -4.9730e+00 +3.7464e+00
42975 +5.792507750e-06 +5.792507750e-06 -8.372399942e+02 -8.372399942e+02 +6.6913e-01 +6.7514e-01 -2.4349e+00 +4.8670e+00 +2.4570e+00 +1.9379e+00 +3.7873e+00 +1.0141e+00 -4.9732e+00 +3.7470e+00
43143 +3.144956963e-06 +3.144956963e-06 -8.372399969e+02 -8.372399969e+02 +6.6924e-01 +6.7509e-01 -2.4346e+00 +4.8672e+00 +2.4569e+00 +1.9381e+00 +3.7874e+00 +1.0144e+00 -4.9731e+00 +3.7467e+00
43157 +1.673525048e-06 +1.673525048e-06 -8.372399983e+02 -8.372399983e+02 +6.6936e-01 +6.7510e-01 -2.4345e+00 +4.8672e+00 +2.4570e+00 +1.9381e+00 +3.7873e+00 +1.0143e+00 -4.9732e+00 +3.7468e+00
43214 +1.572357405e-06 +1.572357405e-06 -8.372399984e+02 -8.372399984e+02 +6.6923e-01 +6.7512e-01 -2.4345e+00 +4.8671e+00 +2.4570e+00 +1.9384e+00 +3.7872e+00 +1.0143e+00 -4.9731e+00 +3.7467e+00
43282 +9.817518958e-07 +9.817518958e-07 -8.372399990e+02 -8.372399990e+02 +6.6923e-01 +6.7507e-01 -2.4345e+00 +4.8671e+00 +2.4569e+00 +1.9383e+00 +3.7872e+00 +1.0143e+00 -4.9732e+00 +3.7467e+00
43339 +5.702803492e-07 +5.702803492e-07 -8.372399994e+02 -8.372399994e+02 +6.6918e-01 +6.7495e-01 -2.4345e+00 +4.8672e+00 +2.4570e+00 +1.9382e+00 +3.7872e+00 +1.0143e+00 -4.9732e+00 +3.7468e+00
43441 +3.374155995e-07 +3.374155995e-07 -8.372399997e+02 -8.372399997e+02 +6.6925e-01 +6.7498e-01 -2.4345e+00 +4.8672e+00 +2.4570e+00 +1.9382e+00 +3.7872e+00 +1.0143e+00 -4.9732e+00 +3.7468e+00
43482 +2.492841986e-07 +2.492841986e-07 -8.372399998e+02 -8.372399998e+02 +6.6926e-01 +6.7494e-01 -2.4345e+00 +4.8672e+00 +2.4569e+00 +1.9382e+00 +3.7872e+00 +1.0143e+00 -4.9733e+00 +3.7467e+00
43562 +1.149462605e-07 +1.149462605e-07 -8.372399999e+02 -8.372399999e+02 +6.6929e-01 +6.7495e-01 -2.4345e+00 +4.8672e+00 +2.4569e+00 +1.9382e+00 +3.7872e+00 +1.0143e+00 -4.9733e+00 +3.7467e+00
43622 +9.297434644e-08 +9.297434644e-08 -8.372399999e+02 -8.372399999e+02 +6.6928e-01 +6.7494e-01 -2.4345e+00 +4.8672e+00 +2.4569e+00 +1.9382e+00 +3.7872e+00 +1.0143e+00 -4.9733e+00 +3.7467e+00
43751 +6.079937975e-08 +6.079937975e-08 -8.372399999e+02 -8.372399999e+02 +6.6928e-01 +6.7493e-01 -2.4345e+00 +4.8672e+00 +2.4569e+00 +1.9382e+00 +3.7872e+00 +1.0143e+00 -4.9733e+00 +3.7467e+00
% function evaluation | noise-free fitness - Fopt (3.761200000000e+02) | best noise-free fitness - Fopt | measured fitness | best measured fitness | x1 | x2...
1 +8.055471618e+01 +8.055471618e+01 +4.566747162e+02 +4.566747162e+02 +3.0142e-01 +3.2059e-01 -7.1062e-02 +1.8927e+00 +3.0800e+00 -2.8924e+00 +1.7347e+00 -1.2368e+00 -3.5890e+00 +2.5892e+00
4 +3.665818347e+01 +3.665818347e+01 +4.127781835e+02 +4.127781835e+02 -2.5242e+00 +1.8721e+00 -4.3244e+00 +5.4576e+00 +2.8383e+00 -3.4866e+00 +8.8890e-01 -6.1769e-01 -3.2786e+00 +2.5495e+00
207 +1.867641768e+01 +1.867641768e+01 +3.947964177e+02 +3.947964177e+02 -1.8424e+00 +5.4915e+00 -7.7027e-01 +4.6965e+00 -9.4000e-01 -4.4013e+00 +4.8924e-01 +3.4279e-01 -1.9626e+00 +2.9013e+00
2013 +1.564435597e+01 +1.564435597e+01 +3.917643560e+02 +3.917643560e+02 +4.8530e+00 +1.9991e+00 +2.5179e+00 +5.5196e+00 -1.0124e+00 -1.3004e+00 +4.3049e-01 -5.4836e-01 -8.2552e+00 -3.5921e+00
2407 +9.864481053e+00 +9.864481053e+00 +3.859844811e+02 +3.859844811e+02 +4.6605e+00 +2.0342e+00 +2.7840e+00 +5.7708e+00 -1.1596e+00 -1.4787e+00 +3.2444e-01 -3.4137e-01 -7.8060e+00 -4.0766e+00
13703 +6.202845400e+00 +6.202845400e+00 +3.823228454e+02 +3.823228454e+02 +4.1294e+00 +2.5757e+00 +3.0317e+00 +1.0310e+00 +1.3009e-01 -2.6754e+00 -1.8874e+00 -2.2346e+00 +6.5630e+00 +2.9425e+00
13954 +3.797901630e+00 +3.797901630e+00 +3.799179016e+02 +3.799179016e+02 +4.0816e+00 +2.5643e+00 +3.1750e+00 +1.0319e+00 +2.2029e-01 -2.6510e+00 -1.7959e+00 -2.0280e+00 +6.6309e+00 +2.7469e+00
27149 +2.392713547e+00 +2.392713547e+00 +3.785127135e+02 +3.785127135e+02 -4.5611e+00 +2.4462e+00 -9.3300e-01 +5.2999e+00 -3.8154e+00 -4.8456e+00 +1.3713e+00 +1.8611e+00 +4.5053e+00 +1.1166e+00
27223 +1.478351289e+00 +1.478351289e+00 +3.775983513e+02 +3.775983513e+02 -4.4754e+00 +2.3760e+00 -1.0491e+00 +5.2327e+00 -3.8766e+00 -4.8133e+00 +1.4723e+00 +1.6491e+00 +4.4591e+00 +1.0256e+00
27445 +9.235266807e-01 +9.235266807e-01 +3.770435267e+02 +3.770435267e+02 -4.4566e+00 +2.4160e+00 -1.0953e+00 +5.2395e+00 -3.8304e+00 -4.7967e+00 +1.5024e+00 +1.6626e+00 +4.4399e+00 +1.0701e+00
27823 +6.250688465e-01 +6.250688465e-01 +3.767450688e+02 +3.767450688e+02 -4.4466e+00 +2.4080e+00 -1.1182e+00 +5.2082e+00 -3.8394e+00 -4.8334e+00 +1.5165e+00 +1.6041e+00 +4.4203e+00 +1.0250e+00
28149 +3.893319047e-01 +3.893319047e-01 +3.765093319e+02 +3.765093319e+02 -4.4443e+00 +2.4168e+00 -1.1261e+00 +5.2144e+00 -3.8397e+00 -4.8294e+00 +1.5185e+00 +1.5962e+00 +4.4129e+00 +1.0301e+00
44397 +2.298160097e-01 +2.298160097e-01 +3.763498160e+02 +3.763498160e+02 -4.1953e+00 -8.7709e-01 +3.1205e+00 +4.9374e+00 +7.5230e-01 -1.9692e+00 -4.5164e+00 +1.0755e+00 -3.1011e+00 +3.0371e+00
44711 +1.559199649e-01 +1.559199649e-01 +3.762759200e+02 +3.762759200e+02 -4.1907e+00 -8.6724e-01 +3.1249e+00 +4.9389e+00 +7.4702e-01 -1.9600e+00 -4.5205e+00 +1.0810e+00 -3.0983e+00 +3.0124e+00
94789 +9.988697220e-02 +9.988697220e-02 +3.762198870e+02 +3.762198870e+02 +3.4079e+00 -5.2428e+00 -3.9998e+00 +1.9402e+00 +6.2788e-01 -9.2000e-01 +2.3387e+00 -2.2973e-01 -1.8704e+00 +1.5868e+00
161948 +6.020488561e-02 +6.020488561e-02 +3.761802049e+02 +3.761802049e+02 +2.9177e+00 +2.4299e+00 -4.6548e-03 +5.0172e+00 -3.8763e-01 -3.5263e+00 -1.7147e+00 +1.5757e-01 -2.5199e+00 +7.9156e-01
162196 +3.817624625e-02 +3.817624625e-02 +3.761581762e+02 +3.761581762e+02 +2.9173e+00 +2.4323e+00 -3.8841e-03 +5.0205e+00 -3.8594e-01 -3.5297e+00 -1.7140e+00 +1.5428e-01 -2.5216e+00 +7.9262e-01
380121 +2.440308558e-02 +2.440308558e-02 +3.761444031e+02 +3.761444031e+02 +4.8385e+00 -3.5883e+00 -3.5265e+00 +3.0066e+00 -2.9043e+00 +2.3051e+00 +5.0433e+00 +1.2887e+00 +5.1170e+00 -2.7812e+00
380437 +1.579050095e-02 +1.579050095e-02 +3.761357905e+02 +3.761357905e+02 +4.8407e+00 -3.5920e+00 -3.5351e+00 +2.9893e+00 -2.9063e+00 +2.3014e+00 +5.0346e+00 +1.2818e+00 +5.1007e+00 -2.7886e+00
% function evaluation | noise-free fitness - Fopt (-7.635000000000e+01) | best noise-free fitness - Fopt | measured fitness | best measured fitness | x1 | x2...
1 +7.288148730e+01 +7.288148730e+01 -3.468512700e+00 -3.468512700e+00 +2.8829e+00 -1.8560e+00 -5.7997e-01 -1.6738e+00 -3.6625e+00 +2.4029e+00 +1.9932e-01 +1.3258e+00 -1.6153e-01 -1.0401e+00
2 +3.130231094e+01 +3.130231094e+01 -4.504768906e+01 -4.504768906e+01 +3.5596e+00 -3.6381e+00 -1.3345e+00 -3.1075e-01 -3.2561e+00 +1.1693e+00 +2.1116e+00 -2.6767e-01 -3.9805e+00 -3.1241e+00
53 +2.134042800e+01 +2.134042800e+01 -5.500957200e+01 -5.500957200e+01 +3.2052e+00 +1.5407e+00 -1.0705e+00 -3.4496e-01 -3.3067e+00 +1.3082e+00 +3.5789e+00 -2.4773e-01 -3.2906e+00 +7.2604e-01
1043 +1.393589011e+01 +1.393589011e+01 -6.241410989e+01 -6.241410989e+01 +4.0094e-02 +6.2475e+00 +4.1541e+00 -3.5212e+00 +3.9654e+00 +3.0983e-01 -3.6835e+00 -5.0093e+00 +5.5651e+00 -1.2520e+00
1336 +8.625467167e+00 +8.625467167e+00 -6.772453283e+01 -6.772453283e+01 +8.0923e-01 +5.3082e+00 +3.2917e+00 -4.1778e+00 +5.3239e+00 -1.2276e+00 -4.7243e+00 -4.2829e+00 +6.5952e+00 -3.8240e+00
1457 +6.162003551e+00 +6.162003551e+00 -7.018799645e+01 -7.018799645e+01 +7.1910e-01 +5.4713e+00 +3.2783e+00 -4.3334e+00 +5.3621e+00 -1.0380e+00 -4.4813e+00 -4.1162e+00 +6.3868e+00 -4.0551e+00
1641 +3.811285082e+00 +3.811285082e+00 -7.253871492e+01 -7.253871492e+01 +6.7000e-01 +5.4306e+00 +3.3332e+00 -4.3039e+00 +5.3413e+00 -1.1263e+00 -4.5753e+00 -4.0723e+00 +6.3855e+00 -4.0649e+00
12871 +2.503036814e+00 +2.503036814e+00 -7.384696319e+01 -7.384696319e+01 +1.1316e+00 +2.5981e+00 +3.7253e+00 -4.2974e+00 +1.3974e+00 -2.3104e+00 +7.6083e-01 -1.1604e+00 -6.3544e+00 -4.1573e+00
17012 +1.457685058e+00 +1.457685058e+00 -7.489231494e+01 -7.489231494e+01 -4.0498e-01 +3.7892e+00 -1.1711e+00 -8.3402e-01 -5.1041e+00 -4.8384e+00 -4.2969e+00 +1.5322e+00 -5.6722e+00 +6.1349e-01
17119 +9.123632858e-01 +9.123632858e-01 -7.543763671e+01 -7.543763671e+01 -4.2434e-01 +3.8477e+00 -1.2631e+00 -7.8749e-01 -5.0820e+00 -4.8189e+00 -4.2633e+00 +1.5175e+00 -5.6695e+00 +6.0649e-01
17495 +6.265220717e-01 +6.265220717e-01 -7.572347793e+01 -7.572347793e+01 -4.1966e-01 +3.8795e+00 -1.3764e+00 -7.8807e-01 -5.0581e+00 -4.8134e+00 -4.2860e+00 +1.5276e+00 -5.6297e+00 +6.0459e-01
53946 +3.309937064e-01 +3.309937064e-01 -7.601900629e+01 -7.601900629e+01 -2.6130e+00 -2.4299e+00 -4.5779e+00 +3.4648e+00 -3.7709e+00 +4.4226e+00 -1.1232e+00 +1.4423e+00 +6.3978e-02 +4.5736e+00
54013 +1.975010664e-01 +1.975010664e-01 -7.615249893e+01 -7.615249893e+01 -2.6767e+00 -2.4001e+00 -4.7085e+00 +3.4413e+00 -3.7239e+00 +4.4078e+00 -1.0957e+00 +1.4422e+00 +3.0978e-02 +4.6202e+00
54078 +1.368498948e-01 +1.368498948e-01 -7.621315011e+01 -7.621315011e+01 -2.6740e+00 -2.4063e+00 -4.7362e+00 +3.4936e+00 -3.7871e+00 +4.3913e+00 -1.0982e+00 +1.4556e+00 +6.4909e-02 +4.6562e+00
54187 +9.845775454e-02 +9.845775454e-02 -7.625154225e+01 -7.625154225e+01 -2.6734e+00 -2.4125e+00 -4.7344e+00 +3.4933e+00 -3.7508e+00 +4.4489e+00 -1.0927e+00 +1.4451e+00 +9.6039e-02 +4.6426e+00
54367 +5.815079430e-02 +5.815079430e-02 -7.629184921e+01 -7.629184921e+01 -2.7027e+00 -2.3819e+00 -4.8071e+00 +3.4973e+00 -3.7516e+00 +4.4460e+00 -1.0846e+00 +1.4471e+00 +5.5956e-02 +4.6534e+00
54525 +2.595182218e-02 +2.595182218e-02 -7.632404818e+01 -7.632404818e+01 -2.7038e+00 -2.3818e+00 -4.7914e+00 +3.5003e+00 -3.7611e+00 +4.4236e+00 -1.0877e+00 +1.4542e+00 +4.3430e-02 +4.6443e+00
54573 +2.418393144e-02 +2.418393144e-02 -7.632581607e+01 -7.632581607e+01 -2.6971e+00 -2.3812e+00 -4.7920e+00 +3.4941e+00 -3.7517e+00 +4.4250e+00 -1.0921e+00 +1.4519e+00 +4.8264e-02 +4.6394e+00
55078 +1.552835373e-02 +1.552835373e-02 -7.633447165e+01 -7.633447165e+01 -2.6964e+00 -2.3853e+00 -4.7965e+00 +3.4973e+00 -3.7508e+00 +4.4281e+00 -1.0847e+00 +1.4493e+00 +5.6536e-02 +4.6445e+00
55927 +9.985675558e-03 +9.985675558e-03 -7.634001432e+01 -7.634001432e+01 -2.6973e+00 -2.3847e+00 -4.7937e+00 +3.4982e+00 -3.7528e+00 +4.4269e+00 -1.0867e+00 +1.4504e+00 +5.3559e-02 +4.6442e+00
% function evaluation | noise-free fitness - Fopt (-7.737300000000e+02) | best noise-free fitness - Fopt | measured fitness | best measured fitness | x1 | x2...
1 +7.879761047e+01 +7.879761047e+01 -6.949323895e+02 -6.949323895e+02 +1.1105e+00 -2.5321e+00 +2.4773e+00 +2.9307e+00 -2.6529e+00 +3.6881e+00 +3.5492e+00 +2.8016e+00 +1.5748e+00 -2.5890e+00
5 +2.533509051e+01 +2.533509051e+01 -7.483949095e+02 -7.483949095e+02 +9.1570e-01 -1.9191e-01 +2.5899e+00 +3.4791e+00 -3.2773e-01 -1.3566e+00 +5.8433e-01 +3.4766e+00 +2.0455e+00 -5.5237e+00
55 +1.933039323e+01 +1.933039323e+01 -7.543996068e+02 -7.543996068e+02 -2.5928e+00 +1.0225e+00 -2.0150e+00 -6.5794e-01 -9.6170e-01 +1.4792e+00 +5.0537e+00 +9.9615e-01 -6.7043e-01 -7.6612e-02
1355 +1.279544160e+01 +1.279544160e+01 -7.609345584e+02 -7.609345584e+02 -4.1686e+00 -5.4942e+00 -4.1966e-01 +3.3718e+00 -3.7172e+00 +2.2374e+00 +1.2652e+00 +9.4042e-01 -3.0841e+00 +8.3797e-02
1443 +7.893810178e+00 +7.893810178e+00 -7.658361898e+02 -7.658361898e+02 -4.0251e+00 -6.1082e+00 -1.3226e-01 +3.2241e+00 -3.9791e+00 +2.2062e+00 +7.8616e-01 +1.2200e+00 -2.2758e+00 +6.8374e-02
1671 +6.139597390e+00 +6.139597390e+00 -7.675904026e+02 -7.675904026e+02 -3.5397e+00 -5.9703e+00 -5.3882e-01 +2.9025e+00 -4.1490e+00 +2.2915e+00 +8.2710e-01 +1.2547e+00 -3.1947e+00 -1.2088e-02
1861 +3.569719829e+00 +3.569719829e+00 -7.701602802e+02 -7.701602802e+02 -3.6511e+00 -6.2258e+00 -2.4564e-01 +2.7610e+00 -4.0510e+00 +2.3557e+00 +6.1668e-01 +1.1843e+00 -2.8803e+00 -2.5774e-01
2091 +2.337689134e+00 +2.337689134e+00 -7.713923109e+02 -7.713923109e+02 -3.6790e+00 -6.1181e+00 -7.6114e-02 +2.6480e+00 -3.9286e+00 +2.3418e+00 +7.3859e-01 +1.0973e+00 -2.8674e+00 -3.6892e-01
3096 +1.583224745e+00 +1.583224745e+00 -7.721467753e+02 -7.721467753e+02 -3.6552e+00 -6.1301e+00 -6.4641e-02 +2.6959e+00 -3.9025e+00 +2.3209e+00 +7.6645e-01 +1.1389e+00 -2.8629e+00 -3.6992e-01
16716 +9.962907301e-01 +9.962907301e-01 -7.727337093e+02 -7.727337093e+02 +8.3212e-01 +2.4445e-01 -2.4548e+00 +3.4716e+00 +7.6971e-01 -3.9088e+00 +2.7211e+00 -2.8924e+00 -1.1493e-01 +4.0630e+00
16728 +6.014640512e-01 +6.014640512e-01 -7.731285359e+02 -7.731285359e+02 +8.2774e-01 +2.3207e-01 -2.4196e+00 +3.5028e+00 +6.9336e-01 -3.9196e+00 +2.7886e+00 -2.8216e+00 -4.7589e-02 +4.0323e+00
16816 +3.801945391e-01 +3.801945391e-01 -7.733498055e+02 -7.733498055e+02 +8.7945e-01 +2.8719e-01 -2.4427e+00 +3.5435e+00 +7.0913e-01 -3.9962e+00 +2.8315e+00 -2.8298e+00 -4.6470e-02 +4.0363e+00
16991 +2.493964186e-01 +2.493964186e-01 -7.734806036e+02 -7.734806036e+02 +8.6838e-01 +2.6380e-01 -2.4519e+00 +3.5448e+00 +7.0495e-01 -3.9942e+00 +2.8419e+00 -2.7969e+00 -5.0921e-02 +4.0335e+00
17196 +1.557792810e-01 +1.557792810e-01 -7.735742207e+02 -7.735742207e+02 +8.7509e-01 +2.6240e-01 -2.4383e+00 +3.5741e+00 +7.0808e-01 -3.9962e+00 +2.8479e+00 -2.8130e+00 -2.8003e-02 +4.0477e+00
17722 +9.813038360e-02 +9.813038360e-02 -7.736318696e+02 -7.736318696e+02 +8.7386e-01 +2.6072e-01 -2.4405e+00 +3.5743e+00 +7.0978e-01 -3.9975e+00 +2.8418e+00 -2.8125e+00 -2.8362e-02 +4.0479e+00
130329 +6.003648039e-02 +6.003648039e-02 -7.736699635e+02 -7.736699635e+02 -3.1877e+00 +8.7969e-01 -1.2438e+00 +2.8368e-02 +1.5054e+00 +2.1506e-01 -3.9151e-01 -3.8832e+00 -3.8627e-01 -3.3849e+00
131104 +3.975991170e-02 +3.975991170e-02 -7.736902401e+02 -7.736902401e+02 -3.1931e+00 +8.9123e-01 -1.2372e+00 +2.7897e-02 +1.5063e+00 +2.1198e-01 -3.8967e-01 -3.8973e+00 -3.8107e-01 -3.3854e+00
361316 +2.006193370e-02 +2.006193370e-02 -7.737099381e+02 -7.737099381e+02 -4.8378e-01 -3.4338e+00 +2.5614e-01 +2.6540e+00 -2.3525e+00 -4.0834e+00 +5.0517e+00 -2.6162e+00 +1.5363e+00 +2.7317e+00
361351 +1.556420907e-02 +1.556420907e-02 -7.737144358e+02 -7.737144358e+02 -4.9656e-01 -3.4328e+00 +2.6354e-01 +2.6296e+00 -2.3432e+00 -4.0719e+00 +5.0414e+00 -2.6259e+00 +1.5306e+00 +2.7206e+00
361363 +9.239899854e-03 +9.239899854e-03 -7.737207601e+02 -7.737207601e+02 -4.9484e-01 -3.4287e+00 +2.5479e-01 +2.6341e+00 -2.3476e+00 -4.0677e+00 +5.0401e+00 -2.6261e+00 +1.5269e+00 +2.7195e+00
361432 +6.060594834e-03 +6.060594834e-03 -7.737239394e+02 -7.737239394e+02 -4.9431e-01 -3.4374e+00 +2.6676e-01 +2.6332e+00 -2.3481e+00 -4.0751e+00 +5.0499e+00 -2.6105e+00 +1.5302e+00 +2.7270e+00
361552 +3.856466937e-03 +3.856466937e-03 -7.737261435e+02 -7.737261435e+02 -4.9590e-01 -3.4347e+00 +2.7347e-01 +2.6382e+00 -2.3456e+00 -4.0692e+00 +5.0541e+00 -2.6128e+00 +1.5281e+00 +2.7270e+00
% function evaluation | noise-free fitness - Fopt (-7.087000000000e+01) | best noise-free fitness - Fopt | measured fitness | best measured fitness | x1 | x2...
1 +1.066975391e+02 +1.066975391e+02 +3.582753913e+01 +3.582753913e+01 -1.6199e+00 -3.2116e+00 -8.7496e-01 +9.2453e-01 -1.1929e+00 -3.6108e+00 -1.9183e+00 +1.4560e+00 -2.7673e+00 -1.8664e+00
2 +7.144072840e+01 +7.144072840e+01 +5.707283995e-01 +5.707283995e-01 -5.1987e-01 -5.3387e+00 -2.1965e+00 +3.9398e+00 -2.8477e+00 -3.5664e+00 -1.8019e+00 +6.6648e-01 -1.5566e+00 -1.6574e+00
3 +3.403311593e+01 +3.403311593e+01 -3.683688407e+01 -3.683688407e+01 -2.9443e+00 -6.4526e+00 +2.6903e+00 -3.6732e-01 -2.1496e+00 -5.7080e+00 -1.1379e+00 +1.6686e+00 -4.0872e+00 +2.5897e+00
71 +2.411382522e+01 +2.411382522e+01 -4.675617478e+01 -4.675617478e+01 -2.1597e+00 -3.8591e+00 +4.3113e+00 +1.9917e+00 -6.6134e+00 -4.1506e+00 +5.2601e+00 -1.0887e+00 -1.8460e+00 -2.9665e+00
702 +1.408452749e+01 +1.408452749e+01 -5.678547251e+01 -5.678547251e+01 -2.5807e+00 -2.1665e+00 -4.9235e+00 +4.2716e+00 -4.6474e+00 +1.6810e+00 -3.2935e+00 +1.9649e+00 -1.0246e+00 +5.3583e+00
889 +8.585349275e+00 +8.585349275e+00 -6.228465072e+01 -6.228465072e+01 -3.7984e+00 -1.8627e+00 -3.7697e+00 +5.2006e+00 -2.6998e+00 +2.1028e+00 -3.7908e+00 +1.8706e+00 -3.7803e-01 +4.2710e+00
970 +6.180522762e+00 +6.180522762e+00 -6.468947724e+01 -6.468947724e+01 -3.9194e+00 -2.0231e+00 -4.0783e+00 +4.6233e+00 -3.1501e+00 +2.1076e+00 -4.0460e+00 +1.8451e+00 -4.5481e-01 +4.3905e+00
996 +3.977972976e+00 +3.977972976e+00 -6.689202702e+01 -6.689202702e+01 -3.9964e+00 -1.8497e+00 -4.2209e+00 +4.6374e+00 -2.7264e+00 +2.2516e+00 -4.1585e+00 +1.6386e+00 -2.7373e-01 +4.5569e+00
1264 +2.048796565e+00 +2.048796565e+00 -6.882120344e+01 -6.882120344e+01 -4.2936e+00 -1.8087e+00 -4.1671e+00 +4.3184e+00 -2.9561e+00 +2.3245e+00 -4.2904e+00 +1.7825e+00 -7.9577e-01 +4.5881e+00
1300 +1.369993007e+00 +1.369993007e+00 -6.950000699e+01 -6.950000699e+01 -4.2819e+00 -1.8205e+00 -4.1209e+00 +4.1885e+00 -2.8730e+00 +2.3437e+00 -4.3564e+00 +1.6991e+00 -8.2567e-01 +4.5776e+00
1368 +9.532090933e-01 +9.532090933e-01 -6.991679091e+01 -6.991679091e+01 -4.2321e+00 -1.7404e+00 -4.0286e+00 +4.0889e+00 -2.7628e+00 +2.2759e+00 -4.3729e+00 +1.6042e+00 -8.1214e-01 +4.6252e+00
1431 +4.313950972e-01 +4.313950972e-01 -7.043860490e+01 -7.043860490e+01 -4.2163e+00 -1.7562e+00 -3.9984e+00 +4.0755e+00 -2.6986e+00 +2.2753e+00 -4.3152e+00 +1.5817e+00 -7.8428e-01 +4.5626e+00
1461 +3.465077708e-01 +3.465077708e-01 -7.052349223e+01 -7.052349223e+01 -4.2358e+00 -1.7318e+00 -4.0066e+00 +4.0256e+00 -2.6686e+00 +2.2748e+00 -4.3275e+00 +1.5446e+00 -7.6620e-01 +4.5337e+00
1559 +1.993622863e-01 +1.993622863e-01 -7.067063771e+01 -7.067063771e+01 -4.2330e+00 -1.7281e+00 -4.0025e+00 +4.1079e+00 -2.6438e+00 +2.3348e+00 -4.3380e+00 +1.5356e+00 -7.5173e-01 +4.5569e+00
1668 +1.503163552e-01 +1.503163552e-01 -7.071968364e+01 -7.071968364e+01 -4.2220e+00 -1.7270e+00 -4.0053e+00 +4.0704e+00 -2.6281e+00 +2.3290e+00 -4.3323e+00 +1.5130e+00 -7.3619e-01 +4.5350e+00
1814 +9.957528180e-02 +9.957528180e-02 -7.077042472e+01 -7.077042472e+01 -4.2222e+00 -1.7227e+00 -4.0142e+00 +4.0849e+00 -2.6484e+00 +2.3322e+00 -4.3269e+00 +1.5295e+00 -7.4042e-01 +4.5395e+00
2535 +6.307239060e-02 +6.307239060e-02 -7.080692761e+01 -7.080692761e+01 -4.2292e+00 -1.7243e+00 -4.0108e+00 +4.0736e+00 -2.6536e+00 +2.3300e+00 -4.3290e+00 +1.5295e+00 -7.4626e-01 +4.5391e+00
245595 +3.900433636e-02 +3.900433636e-02 -7.083099566e+01 -7.083099566e+01 +1.6645e+00 -6.2057e-02 +5.6133e-02 -3.1698e+00 -2.6050e+00 -9.6169e-01 -1.1785e+00 +2.0405e+00 -2.9285e+00 -1.8771e+00
245676 +2.323448475e-02 +2.323448475e-02 -7.084676552e+01 -7.084676552e+01 +1.6603e+00 -6.2946e-02 +5.6761e-02 -3.1754e+00 -2.6082e+00 -9.6657e-01 -1.1812e+00 +2.0396e+00 -2.9327e+00 -1.8742e+00
246008 +1.549252740e-02 +1.549252740e-02 -7.085450747e+01 -7.085450747e+01 +1.6582e+00 -6.0255e-02 +5.4918e-02 -3.1744e+00 -2.6109e+00 -9.6332e-01 -1.1801e+00 +2.0431e+00 -2.9314e+00 -1.8756e+00
440014 +9.440845651e-03 +9.440845651e-03 -7.086055915e+01 -7.086055915e+01 +3.3823e-02 +8.8178e-01 +3.2741e+00 -4.6104e+00 -3.0478e-01 +4.7218e-01 -3.4195e+00 -1.3143e+00 -3.2575e+00 -3.7010e+00
440086 +6.140795796e-03 +6.140795796e-03 -7.086385920e+01 -7.086385920e+01 +3.4549e-02 +8.7595e-01 +3.2713e+00 -4.6045e+00 -3.1103e-01 +4.7190e-01 -3.4174e+00 -1.3109e+00 -3.2635e+00 -3.6986e+00
440200 +3.738538065e-03 +3.738538065e-03 -7.086626146e+01 -7.086626146e+01 +3.8158e-02 +8.7719e-01 +3.2713e+00 -4.6066e+00 -3.0895e-01 +4.6897e-01 -3.4177e+00 -1.3132e+00 -3.2637e+00 -3.7006e+00
440298 +2.503418911e-03 +2.503418911e-03 -7.086749658e+01 -7.086749658e+01 +3.7680e-02 +8.7641e-01 +3.2706e+00 -4.6056e+00 -3.0969e-01 +4.6957e-01 -3.4175e+00 -1.3121e+00 -3.2656e+00 -3.7007e+00
440762 +1.571602152e-03 +1.571602152e-03 -7.086842840e+01 -7.086842840e+01 +3.7839e-02 +8.7656e-01 +3.2708e+00 -4.6057e+00 -3.0920e-01 +4.6946e-01 -3.4172e+00 -1.3124e+00 -3.2651e+00 -3.7011e+00
% function evaluation | noise-free fitness - Fopt (-2.639100000000e+02) | best noise-free fitness - Fopt | measured fitness | best measured fitness | x1 | x2...
1 +1.058290768e+02 +1.058290768e+02 -1.580809232e+02 -1.580809232e+02 -2.4909e+00 -1.1617e+00 +6.6260e-01 -1.4551e+00 +3.6823e+00 -1.7601e+00 -3.4837e+00 -3.0389e+00 -3.2046e-01 +1.0394e+00
2 +5.364674135e+01 +5.364674135e+01 -2.102632587e+02 -2.102632587e+02 -6.3791e-01 -2.6569e+00 +1.4892e+00 -2.7682e+00 +5.9806e+00 -2.6894e+00 -4.2569e+00 -4.4671e+00 -1.7008e+00 -7.8973e-01
6 +3.830523693e+01 +3.830523693e+01 -2.256047631e+02 -2.256047631e+02 +7.0986e-02 -1.3946e+00 +3.0256e-01 -4.3108e+00 +4.2551e+00 -2.6131e+00 -8.7148e-01 -2.6875e+00 -5.9300e-01 +1.6670e+00
102 +2.043985303e+01 +2.043985303e+01 -2.434701470e+02 -2.434701470e+02 -3.1771e-01 -3.4492e+00 -1.9915e-01 -4.7235e+00 +3.9334e+00 -5.4174e+00 -3.9031e+00 -4.9670e+00 +5.1742e-01 +3.2430e+00
592 +1.482245168e+01 +1.482245168e+01 -2.490875483e+02 -2.490875483e+02 -4.9770e+00 +1.1064e-01 +2.0023e+00 -1.0225e+00 +2.1319e-01 -5.7825e+00 -5.9129e+00 -3.1025e+00 +2.0955e+00 +2.9460e+00
911 +8.531561177e+00 +8.531561177e+00 -2.553784388e+02 -2.553784388e+02 -5.7730e+00 +7.7182e-01 +1.7506e+00 -2.3076e+00 +4.6648e-01 -6.4850e+00 -6.2760e+00 -3.5353e+00 +2.1008e+00 +2.5182e+00
1000 +5.876245996e+00 +5.876245996e+00 -2.580337540e+02 -2.580337540e+02 -5.4592e+00 +8.8995e-01 +1.8094e+00 -2.3348e+00 +1.1172e+00 -6.1534e+00 -6.2605e+00 -3.8351e+00 +2.0939e+00 +2.4526e+00
1528 +3.925880486e+00 +3.925880486e+00 -2.599841195e+02 -2.599841195e+02 -5.4540e+00 +9.5187e-01 +1.7996e+00 -2.2876e+00 +8.6435e-01 -6.1874e+00 -6.2428e+00 -3.8948e+00 +2.0443e+00 +2.4143e+00
11287 +2.377603829e+00 +2.377603829e+00 -2.615323962e+02 -2.615323962e+02 -2.5264e+00 +4.2387e+00 -1.8145e+00 +7.4066e-01 +5.4236e-02 -3.2015e+00 -2.1975e+00 -2.4512e+00 +1.1854e-01 -5.6421e+00
11310 +1.497752505e+00 +1.497752505e+00 -2.624122475e+02 -2.624122475e+02 -2.4615e+00 +4.0882e+00 -1.6824e+00 +8.4706e-01 +1.3750e-01 -3.2386e+00 -2.1792e+00 -2.2699e+00 +3.4194e-02 -5.5350e+00
11634 +9.910832415e-01 +9.910832415e-01 -2.629189168e+02 -2.629189168e+02 -2.5248e+00 +4.1199e+00 -1.8214e+00 +8.2328e-01 +3.0432e-02 -3.2079e+00 -2.2196e+00 -2.3210e+00 +1.3747e-01 -5.6018e+00
11948 +6.239040452e-01 +6.239040452e-01 -2.632860960e+02 -2.632860960e+02 -2.4857e+00 +4.0935e+00 -1.8308e+00 +8.4738e-01 +3.1892e-02 -3.2054e+00 -2.1994e+00 -2.3137e+00 +1.5586e-01 -5.5795e+00
101430 +3.913055113e-01 +3.913055113e-01 -2.635186945e+02 -2.635186945e+02 +3.0151e-01 -1.3549e+00 -3.0365e+00 +2.3383e+00 -9.4822e-01 -2.4268e+00 +2.6485e+00 +2.7550e+00 +3.9386e+00 +6.3735e-01
101731 +2.226551322e-01 +2.226551322e-01 -2.636873449e+02 -2.636873449e+02 +3.6064e-01 -1.3573e+00 -2.9784e+00 +2.3522e+00 -9.2226e-01 -2.3716e+00 +2.6600e+00 +2.7584e+00 +3.9328e+00 +6.5700e-01
102030 +1.571421212e-01 +1.571421212e-01 -2.637528579e+02 -2.637528579e+02 +3.6365e-01 -1.3663e+00 -2.9745e+00 +2.3639e+00 -9.1311e-01 -2.3727e+00 +2.6570e+00 +2.7502e+00 +3.9360e+00 +6.7041e-01
357207 +9.605584176e-02 +9.605584176e-02 -2.638139442e+02 -2.638139442e+02 -3.4953e+00 +3.2915e+00 +3.0049e+00 -4.5207e+00 -2.9233e+00 -2.6480e+00 +3.0592e+00 +2.8547e+00 -3.7243e+00 +1.0755e+00
357648 +6.232916070e-02 +6.232916070e-02 -2.638476708e+02 -2.638476708e+02 -3.5024e+00 +3.2846e+00 +3.0070e+00 -4.5186e+00 -2.9283e+00 -2.6504e+00 +3.0607e+00 +2.8622e+00 -3.7218e+00 +1.0785e+00
% function evaluation | noise-free fitness - Fopt (-2.609800000000e+02) | best noise-free fitness - Fopt | measured fitness | best measured fitness | x1 | x2...
1 +6.488054772e+01 +6.488054772e+01 -1.960994523e+02 -1.960994523e+02 -2.9122e+00 +3.4236e+00 -5.7905e-01 -1.9985e+00 -3.4838e+00 +1.3235e+00 -2.6709e+00 -3.8528e+00 -3.2960e+00 +2.9623e+00
8 +4.465132382e+01 +4.465132382e+01 -2.163286762e+02 -2.163286762e+02 -2.6077e+00 +4.3591e+00 -1.4878e+00 -8.5162e-01 -6.6933e+00 +3.1135e+00 -2.5352e+00 -7.4162e+00 -4.1454e+00 +2.3727e+00
53 +3.308051684e+01 +3.308051684e+01 -2.278994832e+02 -2.278994832e+02 +2.5536e+00 +3.6702e+00 +2.5399e+00 -8.4399e-01 -3.6785e+00 +2.0448e+00 -2.1918e+00 -5.7492e+00 -5.9889e+00 +4.7571e+00
279 +1.450179390e+01 +1.450179390e+01 -2.464782061e+02 -2.464782061e+02 -1.3997e+00 +4.5716e+00 +2.3807e+00 -3.5071e+00 -1.1222e+00 +2.5472e+00 -1.7685e+00 -5.7471e+00 -5.3238e+00 +4.8347e+00
437 +8.806810449e+00 +8.806810449e+00 -2.521731896e+02 -2.521731896e+02 -2.0841e+00 +3.9211e+00 +2.5374e+00 -3.9924e+00 -8.6601e-01 +1.7566e+00 -1.9127e+00 -5.7082e+00 -5.4599e+00 +6.0558e+00
633 +6.184815909e+00 +6.184815909e+00 -2.547951841e+02 -2.547951841e+02 -2.0741e+00 +3.7544e+00 +2.4743e+00 -4.0286e+00 -8.4574e-01 +1.7394e+00 -1.6305e+00 -5.5573e+00 -5.6051e+00 +6.1477e+00
933 +3.910335713e+00 +3.910335713e+00 -2.570696643e+02 -2.570696643e+02 -2.5205e+00 +3.9061e+00 +2.6605e+00 -3.6714e+00 -9.9640e-01 +1.3044e+00 -1.5602e+00 -5.7731e+00 -5.6360e+00 +6.1233e+00
5855 +2.176518675e+00 +2.176518675e+00 -2.588034813e+02 -2.588034813e+02 -1.5885e+00 +2.3305e+00 -5.1231e-01 +4.3696e+00 +3.8575e+00 +1.7422e+00 -4.1287e+00 -5.2117e+00 -5.7801e-01 +4.6714e+00
5960 +1.430005729e+00 +1.430005729e+00 -2.595499943e+02 -2.595499943e+02 -1.5965e+00 +2.3622e+00 -4.5237e-01 +4.3327e+00 +4.0074e+00 +1.8161e+00 -4.2216e+00 -5.2736e+00 -5.9662e-01 +4.6083e+00
6017 +8.732387418e-01 +8.732387418e-01 -2.601067613e+02 -2.601067613e+02 -1.4850e+00 +2.3323e+00 -5.8839e-01 +4.2853e+00 +4.0429e+00 +1.8154e+00 -4.2740e+00 -5.2183e+00 -6.0775e-01 +4.5153e+00
6081 +6.211740288e-01 +6.211740288e-01 -2.603588260e+02 -2.603588260e+02 -1.6344e+00 +2.3492e+00 -6.1850e-01 +4.2497e+00 +4.0224e+00 +1.7766e+00 -4.2376e+00 -5.1718e+00 -6.4305e-01 +4.5690e+00
6240 +3.823294110e-01 +3.823294110e-01 -2.605976706e+02 -2.605976706e+02 -1.6184e+00 +2.3644e+00 -6.0511e-01 +4.3294e+00 +4.0113e+00 +1.7890e+00 -4.2789e+00 -5.2208e+00 -6.0572e-01 +4.5577e+00
6405 +2.256043045e-01 +2.256043045e-01 -2.607543957e+02 -2.607543957e+02 -1.6325e+00 +2.3608e+00 -6.3286e-01 +4.3380e+00 +4.0308e+00 +1.7791e+00 -4.2801e+00 -5.2421e+00 -6.3008e-01 +4.5284e+00
6767 +1.560254931e-01 +1.560254931e-01 -2.608239745e+02 -2.608239745e+02 -1.6257e+00 +2.3626e+00 -6.1384e-01 +4.3371e+00 +4.0293e+00 +1.7756e+00 -4.2624e+00 -5.2434e+00 -6.2476e-01 +4.5383e+00
239051 +9.259081411e-02 +9.259081411e-02 -2.608874092e+02 -2.608874092e+02 -4.3222e+00 +1.0479e-01 +1.0108e+00 -9.5489e-01 -3.1858e+00 +1.8871e+00 -2.8664e+00 +1.5908e+00 +2.1884e+00 +1.0688e+00
239233 +3.634566223e-02 +3.634566223e-02 -2.609436543e+02 -2.609436543e+02 -4.3160e+00 +7.0979e-02 +1.0480e+00 -9.8346e-01 -3.2249e+00 +1.8945e+00 -2.7607e+00 +1.6391e+00 +2.2099e+00 +1.1206e+00
239296 +2.365468448e-02 +2.365468448e-02 -2.609563453e+02 -2.609563453e+02 -4.3233e+00 +5.1652e-02 +1.0277e+00 -9.7090e-01 -3.2395e+00 +1.8974e+00 -2.7501e+00 +1.6529e+00 +2.2168e+00 +1.1081e+00
239383 +1.505817804e-02 +1.505817804e-02 -2.609649418e+02 -2.609649418e+02 -4.3394e+00 +7.0404e-02 +1.0214e+00 -9.7170e-01 -3.2444e+00 +1.8742e+00 -2.7604e+00 +1.6720e+00 +2.2168e+00 +1.1116e+00
239540 +9.353282663e-03 +9.353282663e-03 -2.609706467e+02 -2.609706467e+02 -4.3224e+00 +8.7244e-02 +1.0491e+00 -9.7316e-01 -3.2526e+00 +1.9104e+00 -2.7534e+00 +1.6486e+00 +2.2427e+00 +1.1222e+00
239715 +4.744841523e-03 +4.744841523e-03 -2.609752552e+02 -2.609752552e+02 -4.3154e+00 +8.4865e-02 +1.0444e+00 -9.7204e-01 -3.2533e+00 +1.9192e+00 -2.7377e+00 +1.6408e+00 +2.2531e+00 +1.1241e+00
239742 +3.876455217e-03 +3.876455217e-03 -2.609761235e+02 -2.609761235e+02 -4.3177e+00 +8.2800e-02 +1.0421e+00 -9.7379e-01 -3.2535e+00 +1.9152e+00 -2.7388e+00 +1.6455e+00 +2.2480e+00 +1.1215e+00
239860 +2.194577916e-03 +2.194577916e-03 -2.609778054e+02 -2.609778054e+02 -4.3190e+00 +8.3623e-02 +1.0464e+00 -9.7131e-01 -3.2553e+00 +1.9215e+00 -2.7358e+00 +1.6431e+00 +2.2521e+00 +1.1265e+00
240135 +1.517032317e-03 +1.517032317e-03 -2.609784830e+02 -2.609784830e+02 -4.3190e+00 +8.4551e-02 +1.0465e+00 -9.6999e-01 -3.2571e+00 +1.9211e+00 -2.7307e+00 +1.6393e+00 +2.2563e+00 +1.1268e+00
240515 +9.741447227e-04 +9.741447227e-04 -2.609790259e+02 -2.609790259e+02 -4.3190e+00 +8.4401e-02 +1.0467e+00 -9.6985e-01 -3.2571e+00 +1.9206e+00 -2.7303e+00 +1.6390e+00 +2.2562e+00 +1.1271e+00
% function evaluation | noise-free fitness - Fopt (6.694000000000e+01) | best noise-free fitness - Fopt | measured fitness | best measured fitness | x1 | x2...
1 +7.092378347e+01 +7.092378347e+01 +1.378637835e+02 +1.378637835e+02 -2.3597e+00 +1.5352e+00 -2.7889e+00 +1.7791e-02 -2.1531e+00 -1.0725e+00 -3.4406e+00 +1.3472e+00 -2.2605e+00 +6.6089e-01
11 +5.496887194e+01 +5.496887194e+01 +1.219088719e+02 +1.219088719e+02 -3.8194e+00 +1.5660e-01 +2.7928e-01 -1.2373e+00 -3.8741e+00 -4.2730e+00 -3.2230e+00 +2.6866e+00 -5.9029e+00 +2.3277e+00
27 +2.496909912e+01 +2.496909912e+01 +9.190909912e+01 +9.190909912e+01 -3.4233e+00 -1.9005e+00 -9.8689e-01 -9.0231e-01 -3.4208e+00 -1.1882e+00 -3.1727e+00 +1.1796e+00 -4.1403e+00 +2.7047e+00
952 +1.488754513e+01 +1.488754513e+01 +8.182754513e+01 +8.182754513e+01 -5.7436e+00 +3.9993e+00 -3.3988e+00 +2.2571e+00 -2.4638e+00 -5.6188e+00 +1.3652e+00 +6.9578e+00 -1.6026e+00 +1.7718e+00
1276 +9.342370608e+00 +9.342370608e+00 +7.628237061e+01 +7.628237061e+01 -5.0498e+00 +4.1312e+00 -3.0953e+00 +1.5889e+00 -2.5639e+00 -4.9429e+00 +1.7897e+00 +6.6755e+00 -1.5775e+00 +1.8107e+00
1363 +5.568976426e+00 +5.568976426e+00 +7.250897643e+01 +7.250897643e+01 -4.6992e+00 +3.9789e+00 -3.3253e+00 +1.5264e+00 -2.4634e+00 -4.9499e+00 +1.2287e+00 +6.3161e+00 -1.6559e+00 +1.7236e+00
1487 +3.972009870e+00 +3.972009870e+00 +7.091200987e+01 +7.091200987e+01 -4.4799e+00 +3.9822e+00 -3.2618e+00 +1.7941e+00 -2.6129e+00 -5.2408e+00 +1.2607e+00 +5.8284e+00 -2.0586e+00 +1.1876e+00
1658 +2.223465794e+00 +2.223465794e+00 +6.916346579e+01 +6.916346579e+01 -4.1666e+00 +4.1219e+00 -3.1529e+00 +1.5714e+00 -2.8640e+00 -5.2834e+00 +1.4078e+00 +5.9669e+00 -1.9410e+00 +1.0042e+00
1826 +1.542729579e+00 +1.542729579e+00 +6.848272958e+01 +6.848272958e+01 -4.1260e+00 +4.0829e+00 -3.1498e+00 +1.5612e+00 -2.7903e+00 -5.2678e+00 +1.4111e+00 +5.9098e+00 -1.9911e+00 +1.0493e+00
7276 +9.686075665e-01 +9.686075665e-01 +6.790860757e+01 +6.790860757e+01 +3.3372e+00 -1.6551e+00 +2.5168e+00 -5.7004e-01 +4.4933e+00 -5.5662e+00 -1.3874e+00 +1.9329e+00 +3.5645e+00 -7.4689e-01
7546 +6.295326471e-01 +6.295326471e-01 +6.756953265e+01 +6.756953265e+01 +3.4591e+00 -1.6730e+00 +2.5215e+00 -5.5835e-01 +4.5686e+00 -5.6230e+00 -1.3788e+00 +2.0619e+00 +3.6124e+00 -7.9804e-01
13546 +3.978162011e-01 +3.978162011e-01 +6.733781620e+01 +6.733781620e+01 -8.9239e-01 +3.2397e+00 +4.5150e+00 +4.1598e+00 +3.3073e+00 +2.3908e+00 -2.4408e+00 -5.2258e+00 +1.3311e+00 -3.2130e+00
23393 +2.331276188e-01 +2.331276188e-01 +6.717312762e+01 +6.717312762e+01 -1.7115e+00 +1.8190e+00 +5.1712e+00 -1.9516e+00 +3.2354e+00 +2.7719e+00 +3.3354e+00 +8.1773e-01 -3.0269e-01 -3.1406e+00
24032 +1.576640806e-01 +1.576640806e-01 +6.709766408e+01 +6.709766408e+01 -1.7136e+00 +1.8203e+00 +5.1644e+00 -1.9457e+00 +3.2333e+00 +2.7775e+00 +3.3356e+00 +8.1568e-01 -3.0036e-01 -3.1349e+00
309430 +9.096300667e-02 +9.096300667e-02 +6.703096301e+01 +6.703096301e+01 -4.1081e+00 +1.6636e+00 +5.2256e+00 +1.5832e+00 +9.1875e-01 -3.4396e+00 +5.4080e-01 -3.5985e+00 -4.1320e+00 +2.7559e+00
310161 +6.266590838e-02 +6.266590838e-02 +6.700266591e+01 +6.700266591e+01 -4.1224e+00 +1.6634e+00 +5.2215e+00 +1.5786e+00 +9.1720e-01 -3.4373e+00 +5.3827e-01 -3.5848e+00 -4.1281e+00 +2.7628e+00
476955 +3.685438621e-02 +3.685438621e-02 +6.697685439e+01 +6.697685439e+01 -2.7074e+00 -2.2448e+00 +1.8611e+00 +3.8830e-02 +2.4573e+00 +3.5747e+00 +4.5543e-01 -2.3910e+00 +3.3589e+00 +5.0550e+00
477110 +2.476461771e-02 +2.476461771e-02 +6.696476462e+01 +6.696476462e+01 -2.7220e+00 -2.2409e+00 +1.8729e+00 +3.5981e-02 +2.4515e+00 +3.5868e+00 +4.5510e-01 -2.3851e+00 +3.3639e+00 +5.0587e+00
477283 +1.563033730e-02 +1.563033730e-02 +6.695563034e+01 +6.695563034e+01 -2.7284e+00 -2.2421e+00 +1.8698e+00 +3.6605e-02 +2.4498e+00 +3.5766e+00 +4.5159e-01 -2.3887e+00 +3.3593e+00 +5.0593e+00
% function evaluation | noise-free fitness - Fopt (5.260000000000e+00) | best noise-free fitness - Fopt | measured fitness | best measured fitness | x1 | x2...
1 +6.738310369e+01 +6.738310369e+01 +7.264310369e+01 +7.264310369e+01 -2.6245e+00 -6.1962e-02 +1.1618e+00 +2.8912e+00 +2.3485e+00 -1.3112e-01 -2.5379e-01 -2.1714e+00 +2.6589e+00 -3.2772e+00
5 +6.284463656e+01 +6.284463656e+01 +6.810463656e+01 +6.810463656e+01 -3.5169e+00 +2.0253e+00 +3.8156e+00 +5.6390e+00 +3.2494e+00 -1.0823e-01 +1.7710e+00 -6.2962e+00 -1.1554e-01 -3.5717e+00
62 +3.629804515e+01 +3.629804515e+01 +4.155804515e+01 +4.155804515e+01 -2.5623e+00 -2.3539e+00 +6.4667e-01 +1.2531e+00 +6.0168e+00 -1.8085e+00 +7.8854e-01 -4.4567e+00 +2.6162e-01 -6.6043e+00
100 +1.948163320e+01 +1.948163320e+01 +2.474163320e+01 +2.474163320e+01 -1.6021e+00 +5.2769e-01 -1.5333e+00 +2.7577e-01 +3.2816e+00 +1.0225e-01 +1.6310e+00 -2.9915e+00 +8.2451e-01 -5.1801e+00
576 +1.554893683e+01 +1.554893683e+01 +2.080893683e+01 +2.080893683e+01 -5.3495e-01 +4.4127e+00 +1.5391e+00 +2.6312e-01 +5.7018e+00 -1.0986e+00 +1.7761e+00 -2.9194e+00 +1.6023e+00 -4.0402e+00
710 +7.671913337e+00 +7.671913337e+00 +1.293191334e+01 +1.293191334e+01 -7.0643e-01 +4.2236e+00 +1.8287e+00 +7.3165e-01 +5.1650e+00 -4.5029e-01 +1.5654e+00 -3.2048e+00 +1.2972e+00 -4.3780e+00
784 +6.171008076e+00 +6.171008076e+00 +1.143100808e+01 +1.143100808e+01 -4.6832e-01 +4.5390e+00 +1.8123e+00 +8.5027e-01 +5.4463e+00 -4.2299e-01 +1.3096e+00 -3.5631e+00 +1.4925e+00 -4.4838e+00
937 +3.567503442e+00 +3.567503442e+00 +8.827503442e+00 +8.827503442e+00 -5.7093e-01 +4.3052e+00 +1.7652e+00 +6.1902e-01 +5.3708e+00 -2.5850e-01 +1.3755e+00 -3.5182e+00 +1.5125e+00 -4.2588e+00
1070 +2.233027238e+00 +2.233027238e+00 +7.493027238e+00 +7.493027238e+00 -6.1292e-01 +4.2523e+00 +1.8073e+00 +5.4354e-01 +5.1639e+00 -4.2308e-01 +1.3827e+00 -3.5111e+00 +1.5968e+00 -4.3275e+00
1141 +1.465558531e+00 +1.465558531e+00 +6.725558531e+00 +6.725558531e+00 -6.1911e-01 +4.2589e+00 +1.8300e+00 +5.2958e-01 +5.1318e+00 -3.6362e-01 +1.3595e+00 -3.5691e+00 +1.5839e+00 -4.3435e+00
1718 +9.881864180e-01 +9.881864180e-01 +6.248186418e+00 +6.248186418e+00 -6.1324e-01 +4.2439e+00 +1.8139e+00 +5.2931e-01 +5.1365e+00 -3.7110e-01 +1.3652e+00 -3.5508e+00 +1.6120e+00 -4.3206e+00
54993 +4.360260835e-01 +4.360260835e-01 +5.696026084e+00 +5.696026084e+00 -2.5370e+00 +2.3362e+00 -4.3655e+00 -3.1271e+00 +1.7226e+00 +4.6244e+00 -4.3511e+00 -4.3516e+00 +1.1261e+00 -4.3255e+00
55077 +3.773792301e-01 +3.773792301e-01 +5.637379230e+00 +5.637379230e+00 -2.5243e+00 +2.3412e+00 -4.3391e+00 -3.1599e+00 +1.7444e+00 +4.6110e+00 -4.3350e+00 -4.3054e+00 +1.1151e+00 -4.3229e+00
55180 +2.459215014e-01 +2.459215014e-01 +5.505921501e+00 +5.505921501e+00 -2.5292e+00 +2.3414e+00 -4.3327e+00 -3.1100e+00 +1.7383e+00 +4.6399e+00 -4.3176e+00 -4.3464e+00 +1.0606e+00 -4.3367e+00
55398 +1.483070707e-01 +1.483070707e-01 +5.408307071e+00 +5.408307071e+00 -2.5307e+00 +2.3333e+00 -4.3154e+00 -3.1313e+00 +1.7329e+00 +4.6357e+00 -4.3215e+00 -4.3567e+00 +1.0571e+00 -4.3344e+00
55495 +9.727303948e-02 +9.727303948e-02 +5.357273039e+00 +5.357273039e+00 -2.5371e+00 +2.3357e+00 -4.3022e+00 -3.1291e+00 +1.7324e+00 +4.6285e+00 -4.3387e+00 -4.3581e+00 +1.0422e+00 -4.3473e+00
56125 +6.207101744e-02 +6.207101744e-02 +5.322071017e+00 +5.322071017e+00 -2.5366e+00 +2.3378e+00 -4.3092e+00 -3.1330e+00 +1.7383e+00 +4.6379e+00 -4.3447e+00 -4.3572e+00 +1.0462e+00 -4.3351e+00
301160 +3.745721229e-02 +3.745721229e-02 +5.297457212e+00 +5.297457212e+00 +4.1130e+00 +3.8918e+00 +2.8228e+00 +2.7580e+00 -3.8471e+00 +1.7844e+00 -1.0811e+00 -3.4861e+00 -2.9642e+00 -2.7296e+00
