% function evaluation | noise-free fitness - Fopt (-4.620900000000e+02) | best noise-free fitness - Fopt | measured fitness | best measured fitness | x1 | x2...
1 +3.996824108e+02 +3.996824108e+02 -6.240758915e+01 -6.240758915e+01 -2.8694e+00 -1.0781e+00 +2.9773e+00 -2.2093e+00 -2.4440e+00 +2.7439e+00 -2.1513e+00 +5.5476e-01 -7.9392e-01 -2.7943e+00
2 +3.482709172e+02 +3.482709172e+02 -1.138190828e+02 -1.138190828e+02 -2.7561e+00 +2.0823e+00 -8.5559e-01 +4.3590e+00 -6.3814e-01 -1.5144e+00 +3.8484e+00 -1.2520e+00 +2.2043e+00 +2.0004e+00
10 +2.375000341e+02 +2.375000341e+02 -2.245899659e+02 -2.245899659e+02 -3.6389e+00 +2.3041e+00 -4.3381e+00 -4.4840e+00 +1.1841e+00 +2.6049e+00 +4.1130e+00 +3.9547e+00 +1.0541e+00 +3.2047e-02
174 +1.276168426e+02 +1.276168426e+02 -3.344731574e+02 -3.344731574e+02 -3.6403e+00 +1.2480e+00 -2.9380e-01 -1.1599e+00 +6.2562e-01 +3.8159e+00 +1.0024e+00 +2.0493e+00 +1.0415e+00 +6.7212e-01
829 +9.130758040e+01 +9.130758040e+01 -3.707824196e+02 -3.707824196e+02 -1.9857e+00 +4.1698e+00 +2.7626e+00 +1.2756e+00 +3.3990e+00 +1.5688e+00 +3.5026e+00 +1.5108e+00 +2.0993e+00 +1.8440e-01
2401 +5.758561784e+01 +5.758561784e+01 -4.045043822e+02 -4.045043822e+02 -2.3878e+00 +7.6710e-01 +1.7465e+00 +2.1218e+00 +2.9315e+00 +2.6950e+00 +2.9089e+00 +2.6305e+00 +1.0598e+00 +4.0714e-01
7420 +3.647776242e+01 +3.647776242e+01 -4.256122376e+02 -4.256122376e+02 -2.3352e+00 +1.4463e+00 +3.0205e+00 +1.3848e+00 +1.5789e+00 +1.5109e+00 +2.3945e+00 +2.1500e+00 +2.2343e+00 +2.7571e-02
16643 +2.266635800e+01 +2.266635800e+01 -4.394236420e+02 -4.394236420e+02 -2.3692e+00 +3.2116e+00 +2.2976e+00 +8.2420e-01 +1.5977e+00 +2.1419e+00 +1.9785e+00 +2.2642e+00 +1.8058e+00 +7.9068e-02
222006 +1.370446271e+01 +1.370446271e+01 -4.483855373e+02 -4.483855373e+02 -3.3680e+00 +2.2782e+00 +2.2249e+00 +7.8506e-01 +2.8781e+00 +1.7223e+00 +3.0416e+00 +2.6724e+00 +1.8123e+00 +7.8671e-02
407367 +9.802530059e+00 +9.802530059e+00 -4.522874699e+02 -4.522874699e+02 -2.3144e+00 +2.3032e+00 +2.2495e+00 +7.1283e-01 +2.2149e+00 +2.1209e+00 +2.5067e+00 +2.5722e+00 +1.8407e+00 +6.7099e-02
410359 +6.289820106e+00 +6.289820106e+00 -4.558001799e+02 -4.558001799e+02 -3.3267e+00 +2.2940e+00 +2.2242e+00 +8.0392e-01 +2.8666e+00 +1.6213e+00 +3.0358e+00 +2.6119e+00 +1.8002e+00 +6.2224e-02
468461 +3.980758937e+00 +3.980758937e+00 -4.581092411e+02 -4.581092411e+02 -3.3373e+00 +2.3013e+00 +2.2129e+00 +7.2872e-01 +2.8702e+00 +1.6312e+00 +3.0413e+00 +2.5983e+00 +1.8033e+00 +5.7563e-02
% function evaluation | noise-free fitness - Fopt (7.766000000000e+01) | best noise-free fitness - Fopt | measured fitness | best measured fitness | x1 | x2...
1 +6.024904475e+02 +6.024904475e+02 +6.801504475e+02 +6.801504475e+02 -2.4173e+00 -2.7533e+00 -1.4462e+00 -1.2374e+00 +3.8961e+00 -3.0654e+00 +3.0892e+00 +2.1558e+00 -1.6732e+00 -2.8266e+00
2 +3.402429157e+02 +3.402429157e+02 +4.179029157e+02 +4.179029157e+02 -1.9424e+00 +3.8236e+00 -1.7340e+00 +4.2383e+00 -1.4724e+00 +1.0749e+00 +3.6790e+00 -1.8761e+00 -2.8781e+00 -4.5983e+00
73 +2.419797427e+02 +2.419797427e+02 +3.196397427e+02 +3.196397427e+02 +4.1998e+00 -3.8568e-01 -2.8551e+00 +9.9085e-01 -1.7911e+00 -3.4326e+00 +3.9134e+00 +6.1723e-01 -3.0327e-02 -3.4966e+00
498 +1.497663952e+02 +1.497663952e+02 +2.274263952e+02 +2.274263952e+02 +7.4988e+00 -4.4516e+00 -3.2971e-01 +5.1615e+00 -1.7845e+00 +1.3798e+00 -3.3589e-01 +6.8281e-01 -1.5658e+00 -4.1995e+00
1108 +9.039234992e+01 +9.039234992e+01 +1.680523499e+02 +1.680523499e+02 +5.6856e+00 -1.6042e+00 -5.4151e-01 +2.6505e+00 -2.4520e+00 -1.2772e+00 +8.4676e-01 +1.1917e+00 +2.2519e-01 -3.5903e+00
1808 +6.250108900e+01 +6.250108900e+01 +1.401610890e+02 +1.401610890e+02 +2.4669e+00 +2.7690e-01 -1.3947e+00 +4.1510e+00 -2.2913e+00 -1.0835e+00 -3.5267e-02 +1.3222e-01 +2.3785e-01 -3.7941e+00
9953 +3.824186414e+01 +3.824186414e+01 +1.159018641e+02 +1.159018641e+02 +2.2746e+00 -2.4319e+00 -2.0643e+00 +3.3707e+00 -2.9745e+00 -1.0077e+00 -3.3067e-01 +9.6644e-01 +5.9418e-01 -3.9121e+00
18603 +2.428294856e+01 +2.428294856e+01 +1.019429486e+02 +1.019429486e+02 +2.2459e+00 -7.8643e-01 -1.1952e+00 +3.2709e+00 -2.4778e+00 -4.3843e-03 +1.2363e-01 +3.8518e-02 +1.2186e-01 -4.5253e+00
31844 +1.228809508e+01 +1.228809508e+01 +8.994809508e+01 +8.994809508e+01 +2.3176e+00 -1.7675e+00 -1.2530e+00 +2.6027e+00 -1.8466e+00 -5.4610e-01 +5.1302e-01 +1.1376e-01 +1.3239e-01 -3.8625e+00
246036 +8.642714861e+00 +8.642714861e+00 +8.630271486e+01 +8.630271486e+01 +2.4182e+00 -8.5961e-01 -1.3317e+00 +3.2987e+00 -2.4994e+00 -5.0061e-01 +5.8620e-01 +3.7428e-02 +1.5855e-01 -3.8568e+00
280162 +6.308344409e+00 +6.308344409e+00 +8.396834441e+01 +8.396834441e+01 +2.3990e+00 -8.7881e-01 -1.2932e+00 +3.3284e+00 -2.4744e+00 -5.3599e-01 +5.7625e-01 +3.5641e-02 +1.6196e-01 -3.8636e+00
283059 +3.961969099e+00 +3.961969099e+00 +8.162196910e+01 +8.162196910e+01 +2.3841e+00 -8.6787e-01 -1.2538e+00 +3.3171e+00 -2.4658e+00 -5.4965e-01 +5.8930e-01 +5.5830e-02 +1.6708e-01 -3.8610e+00
283803 +2.367738760e+00 +2.367738760e+00 +8.002773876e+01 +8.002773876e+01 +2.3646e+00 -8.6074e-01 -1.2372e+00 +3.3118e+00 -2.4458e+00 -5.4702e-01 +5.8936e-01 +8.2112e-02 +1.6352e-01 -3.8582e+00
284054 +1.565800562e+00 +1.565800562e+00 +7.922580056e+01 +7.922580056e+01 +2.3559e+00 -8.4973e-01 -1.2509e+00 +3.2973e+00 -2.4468e+00 -5.4442e-01 +5.9598e-01 +9.7230e-02 +1.6060e-01 -3.8587e+00
294901 +9.980811709e-01 +9.980811709e-01 +7.865808117e+01 +7.865808117e+01 +2.3721e+00 -8.4801e-01 -1.2672e+00 +3.2970e+00 -2.4611e+00 -5.3977e-01 +5.9049e-01 +1.0587e-01 +1.5317e-01 -3.8600e+00
295804 +6.303160500e-01 +6.303160500e-01 +7.829031605e+01 +7.829031605e+01 +2.3774e+00 -8.4832e-01 -1.2681e+00 +3.3063e+00 -2.4553e+00 -5.4196e-01 +5.9452e-01 +1.0593e-01 +1.5772e-01 -3.8586e+00
296040 +3.912954669e-01 +3.912954669e-01 +7.805129547e+01 +7.805129547e+01 +2.3828e+00 -8.4866e-01 -1.2787e+00 +3.3157e+00 -2.4572e+00 -5.4164e-01 +5.9247e-01 +1.0694e-01 +1.5880e-01 -3.8580e+00
296479 +2.314123017e-01 +2.314123017e-01 +7.789141230e+01 +7.789141230e+01 +2.3902e+00 -8.4539e-01 -1.2714e+00 +3.3196e+00 -2.4582e+00 -5.4010e-01 +5.9540e-01 +1.1297e-01 +1.6125e-01 -3.8561e+00
296691 +1.581506604e-01 +1.581506604e-01 +7.781815066e+01 +7.781815066e+01 +2.3961e+00 -8.4516e-01 -1.2720e+00 +3.3287e+00 -2.4646e+00 -5.3717e-01 +5.9418e-01 +1.1111e-01 +1.6438e-01 -3.8578e+00
307791 +9.987983768e-02 +9.987983768e-02 +7.775987984e+01 +7.775987984e+01 +2.3903e+00 -8.5094e-01 -1.2721e+00 +3.3293e+00 -2.4662e+00 -5.3864e-01 +5.9257e-01 +1.1483e-01 +1.6369e-01 -3.8592e+00
309351 +6.271833984e-02 +6.271833984e-02 +7.772271834e+01 +7.772271834e+01 +2.3897e+00 -8.5313e-01 -1.2731e+00 +3.3288e+00 -2.4646e+00 -5.3856e-01 +5.9294e-01 +1.1405e-01 +1.6709e-01 -3.8577e+00
310209 +3.978186236e-02 +3.978186236e-02 +7.769978186e+01 +7.769978186e+01 +2.3941e+00 -8.5402e-01 -1.2723e+00 +3.3290e+00 -2.4642e+00 -5.3657e-01 +5.9251e-01 +1.1712e-01 +1.6737e-01 -3.8596e+00
311010 +2.470444420e-02 +2.470444420e-02 +7.768470444e+01 +7.768470444e+01 +2.3971e+00 -8.5706e-01 -1.2707e+00 +3.3275e+00 -2.4641e+00 -5.3764e-01 +5.9257e-01 +1.1626e-01 +1.6803e-01 -3.8593e+00
311324 +1.541331465e-02 +1.541331465e-02 +7.767541331e+01 +7.767541331e+01 +2.3958e+00 -8.5757e-01 -1.2700e+00 +3.3257e+00 -2.4624e+00 -5.3808e-01 +5.9186e-01 +1.1615e-01 +1.6920e-01 -3.8598e+00
311604 +9.349391442e-03 +9.349391442e-03 +7.766934939e+01 +7.766934939e+01 +2.3989e+00 -8.5931e-01 -1.2714e+00 +3.3254e+00 -2.4636e+00 -5.3797e-01 +5.9113e-01 +1.1624e-01 +1.6925e-01 -3.8603e+00
311863 +5.295446821e-03 +5.295446821e-03 +7.766529545e+01 +7.766529545e+01 +2.3971e+00 -8.5764e-01 -1.2701e+00 +3.3242e+00 -2.4640e+00 -5.3813e-01 +5.9068e-01 +1.1573e-01 +1.6949e-01 -3.8604e+00
312077 +3.857051502e-03 +3.857051502e-03 +7.766385705e+01 +7.766385705e+01 +2.3978e+00 -8.5839e-01 -1.2720e+00 +3.3241e+00 -2.4642e+00 -5.3940e-01 +5.9090e-01 +1.1553e-01 +1.6985e-01 -3.8605e+00
312262 +2.510335070e-03 +2.510335070e-03 +7.766251034e+01 +7.766251034e+01 +2.3969e+00 -8.5746e-01 -1.2714e+00 +3.3245e+00 -2.4644e+00 -5.3996e-01 +5.8992e-01 +1.1631e-01 +1.6948e-01 -3.8608e+00
312343 +1.320932304e-03 +1.320932304e-03 +7.766132093e+01 +7.766132093e+01 +2.3978e+00 -8.5612e-01 -1.2718e+00 +3.3236e+00 -2.4650e+00 -5.3950e-01 +5.9005e-01 +1.1555e-01 +1.6976e-01 -3.8607e+00
312563 +9.138540099e-04 +9.138540099e-04 +7.766091385e+01 +7.766091385e+01 +2.3977e+00 -8.5686e-01 -1.2722e+00 +3.3233e+00 -2.4645e+00 -5.3907e-01 +5.8993e-01 +1.1605e-01 +1.7006e-01 -3.8606e+00
312991 +3.330730045e-04 +3.330730045e-04 +7.766033307e+01 +7.766033307e+01 +2.3978e+00 -8.5660e-01 -1.2718e+00 +3.3236e+00 -2.4641e+00 -5.3933e-01 +5.8960e-01 +1.1588e-01 +1.6973e-01 -3.8607e+00
313285 +2.010986091e-04 +2.010986091e-04 +7.766020110e+01 +7.766020110e+01 +2.3987e+00 -8.5656e-01 -1.2716e+00 +3.3232e+00 -2.4641e+00 -5.3909e-01 +5.8952e-01 +1.1612e-01 +1.6971e-01 -3.8607e+00
313835 +8.874736316e-05 +8.874736316e-05 +7.766008875e+01 +7.766008875e+01 +2.3985e+00 -8.5603e-01 -1.2721e+00 +3.3233e+00 -2.4641e+00 -5.3936e-01 +5.8952e-01 +1.1612e-01 +1.6961e-01 -3.8607e+00
314160 +5.163222772e-05 +5.163222772e-05 +7.766005163e+01 +7.766005163e+01 +2.3985e+00 -8.5604e-01 -1.2718e+00 +3.3231e+00 -2.4641e+00 -5.3928e-01 +5.8959e-01 +1.1602e-01 +1.6972e-01 -3.8607e+00
314621 +3.309561815e-05 +3.309561815e-05 +7.766003310e+01 +7.766003310e+01 +2.3982e+00 -8.5622e-01 -1.2719e+00 +3.3232e+00 -2.4640e+00 -5.3921e-01 +5.8957e-01 +1.1604e-01 +1.6956e-01 -3.8608e+00
314633 +1.975300385e-05 +1.975300385e-05 +7.766001975e+01 +7.766001975e+01 +2.3984e+00 -8.5595e-01 -1.2720e+00 +3.3231e+00 -2.4641e+00 -5.3917e-01 +5.8955e-01 +1.1598e-01 +1.6953e-01 -3.8608e+00
315036 +1.219048977e-05 +1.219048977e-05 +7.766001219e+01 +7.766001219e+01 +2.3984e+00 -8.5602e-01 -1.2721e+00 +3.3233e+00 -2.4639e+00 -5.3929e-01 +5.8961e-01 +1.1601e-01 +1.6960e-01 -3.8608e+00
315388 +9.070936926e-06 +9.070936926e-06 +7.766000907e+01 +7.766000907e+01 +2.3983e+00 -8.5597e-01 -1.2721e+00 +3.3232e+00 -2.4640e+00 -5.3918e-01 +5.8964e-01 +1.1597e-01 +1.6958e-01 -3.8608e+00
315801 +4.291068493e-06 +4.291068493e-06 +7.766000429e+01 +7.766000429e+01 +2.3984e+00 -8.5605e-01 -1.2720e+00 +3.3232e+00 -2.4640e+00 -5.3920e-01 +5.8959e-01 +1.1604e-01 +1.6959e-01 -3.8608e+00
316153 +3.742702887e-06 +3.742702887e-06 +7.766000374e+01 +7.766000374e+01 +2.3984e+00 -8.5597e-01 -1.2720e+00 +3.3232e+00 -2.4640e+00 -5.3922e-01 +5.8959e-01 +1.1603e-01 +1.6961e-01 -3.8608e+00
316203 +2.269350546e-06 +2.269350546e-06 +7.766000227e+01 +7.766000227e+01 +2.3984e+00 -8.5594e-01 -1.2720e+00 +3.3232e+00 -2.4640e+00 -5.3921e-01 +5.8961e-01 +1.1602e-01 +1.6959e-01 -3.8608e+00
316550 +8.917153735e-07 +8.917153735e-07 +7.766000089e+01 +7.766000089e+01 +2.3984e+00 -8.5598e-01 -1.2720e+00 +3.3232e+00 -2.4640e+00 -5.3920e-01 +5.8960e-01 +1.1600e-01 +1.6959e-01 -3.8608e+00
317135 +5.883227061e-07 +5.883227061e-07 +7.766000059e+01 +7.766000059e+01 +2.3984e+00 -8.5598e-01 -1.2720e+00 +3.3232e+00 -2.4640e+00 -5.3919e-01 +5.8959e-01 +1.1600e-01 +1.6959e-01 -3.8608e+00
317536 +3.967286233e-07 +3.967286233e-07 +7.766000040e+01 +7.766000040e+01 +2.3984e+00 -8.5601e-01 -1.2720e+00 +3.3232e+00 -2.4640e+00 -5.3919e-01 +5.8961e-01 +1.1600e-01 +1.6961e-01 -3.8608e+00
317739 +2.250083924e-07 +2.250083924e-07 +7.766000023e+01 +7.766000023e+01 +2.3984e+00 -8.5599e-01 -1.2720e+00 +3.3232e+00 -2.4640e+00 -5.3921e-01 +5.8959e-01 +1.1601e-01 +1.6960e-01 -3.8608e+00
317857 +7.180287298e-08 +7.180287298e-08 +7.766000007e+01 +7.766000007e+01 +2.3984e+00 -8.5601e-01 -1.2720e+00 +3.3232e+00 -2.4640e+00 -5.3919e-01 +5.8960e-01 +1.1600e-01 +1.6960e-01 -3.8608e+00
318357 +3.714707475e-08 +3.714707475e-08 +7.766000004e+01 +7.766000004e+01 +2.3984e+00 -8.5601e-01 -1.2720e+00 +3.3232e+00 -2.4640e+00 -5.3920e-01 +5.8960e-01 +1.1600e-01 +1.6960e-01 -3.8608e+00
318772 +1.527882887e-08 +1.527882887e-08 +7.766000002e+01 +7.766000002e+01 +2.3984e+00 -8.5600e-01 -1.2720e+00 +3.3232e+00 -2.4640e+00 -5.3920e-01 +5.8960e-01 +1.1600e-01 +1.6960e-01 -3.8608e+00
319232 +9.637560083e-09 +9.637560083e-09 +7.766000001e+01 +7.766000001e+01 +2.3984e+00 -8.5600e-01 -1.2720e+00 +3.3232e+00 -2.4640e+00 -5.3920e-01 +5.8960e-01 +1.1600e-01 +1.6960e-01 -3.8608e+00
% function evaluation | noise-free fitness - Fopt (1.156800000000e+02) | best noise-free fitness - Fopt | measured fitness | best measured fitness | x1 | x2...
1 +3.559193842e+03 +3.559193842e+03 +3.674873842e+03 +3.674873842e+03 -3.7178e+00 +1.1026e+00 +9.1786e-01 -1.8917e+00 +4.4524e+00 -3.7717e+00 +4.8335e-01 +3.6356e+00 +2.9938e+00 -4.6273e-01
5 +7.159358479e+02 +7.159358479e+02 +8.316158479e+02 +8.316158479e+02 -3.8083e+00 +4.9372e+00 -2.0301e+00 -8.5570e-01 -3.0887e+00 +1.8150e+00 +8.2760e-01 +2.6139e+00 -1.2351e+00 -1.2809e+00
6 +5.590357569e+02 +5.590357569e+02 +6.747157569e+02 +6.747157569e+02 +1.2884e+00 +1.1604e+00 +3.6462e+00 -8.2657e-02 -4.4432e+00 -4.5475e+00 -5.3397e-02 +4.4095e+00 -3.9527e+00 +1.4332e+00
14 +3.032040663e+02 +3.032040663e+02 +4.188840663e+02 +4.188840663e+02 -2.2982e+00 -3.7320e+00 -1.5079e+00 -2.0964e-01 -3.5197e+00 +3.1191e-02 -3.6763e+00 +2.6226e+00 -2.5573e+00 +3.3577e-01
394 +2.422729221e+02 +2.422729221e+02 +3.579529221e+02 +3.579529221e+02 -3.4564e+00 -1.8487e+00 +7.7961e-01 -1.9509e+00 -6.7384e+00 -1.8892e+00 -6.3650e+00 +4.1070e+00 -2.7030e+00 -2.0473e+00
782 +1.499076872e+02 +1.499076872e+02 +2.655876872e+02 +2.655876872e+02 -4.2278e+00 +1.8657e+00 -4.9222e-01 +2.5571e+00 -4.9062e+00 -1.2917e+00 -2.0628e+00 +1.7365e+00 -4.2208e+00 -1.8240e+00
789 +9.950408191e+01 +9.950408191e+01 +2.151840819e+02 +2.151840819e+02 -2.1180e+00 -1.2431e+00 +3.0993e+00 +2.2563e+00 -2.9125e+00 -1.7119e+00 -4.7407e+00 +1.5414e+00 -3.6636e+00 -1.5184e+00
2337 +5.499202829e+01 +5.499202829e+01 +1.706720283e+02 +1.706720283e+02 -3.3036e+00 -9.5824e-01 +2.3674e+00 +2.5498e+00 -4.6603e+00 -3.8704e+00 -4.4554e+00 +1.9965e+00 -3.5215e+00 -2.6490e+00
5013 +2.877403964e+01 +2.877403964e+01 +1.444540396e+02 +1.444540396e+02 -2.2654e+00 -9.2400e-01 -7.1642e-01 +1.8797e+00 -4.2400e+00 -2.6876e+00 -3.5354e+00 +2.3369e+00 -3.1529e+00 -1.9133e+00
48322 +2.081053587e+01 +2.081053587e+01 +1.364905359e+02 +1.364905359e+02 -2.1501e+00 -1.1030e+00 +3.0350e-01 +3.6639e+00 -4.1922e+00 -3.8553e+00 -3.5979e+00 +2.3824e+00 -3.5465e+00 -2.2956e+00
141644 +1.571578745e+01 +1.571578745e+01 +1.313957874e+02 +1.313957874e+02 -2.1680e+00 -8.9113e-01 +2.0638e-01 +3.1788e+00 -4.1937e+00 -3.3148e+00 -4.0189e+00 +2.3354e+00 -3.5302e+00 -1.9134e+00
285360 +9.790962969e+00 +9.790962969e+00 +1.254709630e+02 +1.254709630e+02 -2.2153e+00 -1.0357e+00 +2.7673e-01 +3.6827e+00 -3.5917e+00 -3.2353e+00 -3.5418e+00 +2.2897e+00 -3.9408e+00 -1.9157e+00
302631 +5.473786712e+00 +5.473786712e+00 +1.211537867e+02 +1.211537867e+02 -2.2183e+00 -1.0289e+00 +2.7376e-01 +3.6882e+00 -3.6012e+00 -3.2265e+00 -3.5444e+00 +2.3375e+00 -3.9365e+00 -1.9161e+00
304362 +3.980557644e+00 +3.980557644e+00 +1.196605576e+02 +1.196605576e+02 -2.2173e+00 -1.0160e+00 +2.4993e-01 +3.7342e+00 -3.6214e+00 -3.2075e+00 -3.5511e+00 +2.3504e+00 -3.9277e+00 -1.9204e+00
341308 +2.501392184e+00 +2.501392184e+00 +1.181813922e+02 +1.181813922e+02 -2.1902e+00 -1.0022e+00 +2.6106e-01 +3.7300e+00 -3.6365e+00 -3.2369e+00 -3.5583e+00 +2.3528e+00 -3.9338e+00 -1.9320e+00
342346 +1.567863992e+00 +1.567863992e+00 +1.172478640e+02 +1.172478640e+02 -2.1719e+00 -9.7359e-01 +2.5784e-01 +3.7577e+00 -3.6232e+00 -3.2400e+00 -3.5616e+00 +2.3540e+00 -3.9270e+00 -1.9384e+00
356648 +9.992362277e-01 +9.992362277e-01 +1.166792362e+02 +1.166792362e+02 -2.1757e+00 -9.8248e-01 +2.4319e-01 +3.7469e+00 -3.6046e+00 -3.2426e+00 -3.5608e+00 +2.3555e+00 -3.9248e+00 -1.9503e+00
% function evaluation | noise-free fitness - Fopt (-3.710000000000e+00) | best noise-free fitness - Fopt | measured fitness | best measured fitness | x1 | x2...
1 +4.789449493e+02 +4.789449493e+02 +4.752349493e+02 +4.752349493e+02 +4.7463e+00 -5.7773e-01 +4.8204e+00 -4.4686e+00 +2.3945e+00 -2.0605e+00 -1.6062e+00 +8.5522e-01 -7.5278e-01 +1.0388e+00
12 +2.734233041e+02 +2.734233041e+02 +2.697133041e+02 +2.697133041e+02 -2.3745e+00 -2.5314e+00 -9.1802e-01 -2.5069e+00 +3.6518e+00 +1.3910e+00 +1.6285e+00 -1.4993e+00 -4.1478e+00 +1.6188e+00
232 +2.453194784e+02 +2.453194784e+02 +2.416094784e+02 +2.416094784e+02 -9.8809e-01 -9.9750e-02 +5.0974e-01 -1.0567e+00 -1.5524e+00 +1.6169e+00 +1.3745e+00 -3.5130e+00 -1.5864e+00 +5.3007e-01
428 +1.188212511e+02 +1.188212511e+02 +1.151112511e+02 +1.151112511e+02 +3.8316e+00 -1.8896e+00 +2.5150e+00 +1.1926e+00 +3.3008e+00 +2.9102e+00 +7.1549e-02 -1.1859e+00 -2.3760e+00 -5.3515e-01
820 +9.146968910e+01 +9.146968910e+01 +8.775968910e+01 +8.775968910e+01 -1.7923e+00 -2.4359e+00 +3.0605e+00 +3.0243e+00 +1.6838e+00 +3.6723e+00 -3.4485e-01 -3.1127e+00 -2.7020e+00 +6.5694e-01
2024 +5.723165919e+01 +5.723165919e+01 +5.352165919e+01 +5.352165919e+01 +2.4232e+00 -1.3908e+00 +2.6217e+00 +5.1366e+00 +4.1080e+00 +3.6923e+00 +6.4737e-01 -1.9248e+00 -2.7342e+00 +1.0584e+00
6492 +3.977248886e+01 +3.977248886e+01 +3.606248886e+01 +3.606248886e+01 +1.7090e-01 -1.3735e+00 +1.6458e+00 +4.5889e+00 +3.1405e+00 +3.7694e+00 +5.9391e-01 -2.0390e+00 -1.9125e+00 +1.2979e+00
9287 +2.088184013e+01 +2.088184013e+01 +1.717184013e+01 +1.717184013e+01 +1.0458e+00 -2.3961e+00 +1.7166e+00 +3.8958e+00 +3.8105e+00 +3.7070e+00 -2.4066e-01 -2.0033e+00 -2.3238e+00 +1.0922e+00
193838 +1.365604344e+01 +1.365604344e+01 +9.946043440e+00 +9.946043440e+00 +2.1509e+00 -2.3496e+00 +2.5485e+00 +4.5374e+00 +3.0712e+00 +3.6325e+00 +1.2565e-01 -1.5615e+00 -2.3489e+00 +6.8554e-01
253758 +8.344802964e+00 +8.344802964e+00 +4.634802964e+00 +4.634802964e+00 +2.0801e+00 -2.2720e+00 +2.5860e+00 +3.8995e+00 +3.1196e+00 +3.6697e+00 +1.8886e-01 -1.9521e+00 -2.3493e+00 +1.0006e+00
411610 +5.906731034e+00 +5.906731034e+00 +2.196731034e+00 +2.196731034e+00 +3.1262e+00 -2.3606e+00 +1.8372e+00 +3.8457e+00 +2.5007e+00 +3.6865e+00 +1.8671e-01 -1.9884e+00 -2.3256e+00 +6.8997e-01
430481 +3.235209799e+00 +3.235209799e+00 -4.747902006e-01 -4.747902006e-01 +3.1471e+00 -2.3538e+00 +1.7856e+00 +3.8832e+00 +2.4813e+00 +3.6755e+00 +1.8184e-01 -1.9775e+00 -2.3348e+00 +6.6577e-01
432391 +2.475641922e+00 +2.475641922e+00 -1.234358078e+00 -1.234358078e+00 +3.1496e+00 -2.3665e+00 +1.7881e+00 +3.9222e+00 +2.5002e+00 +3.6700e+00 +1.7003e-01 -1.9898e+00 -2.3302e+00 +6.6859e-01
432971 +1.402457120e+00 +1.402457120e+00 -2.307542880e+00 -2.307542880e+00 +3.1325e+00 -2.3191e+00 +1.7833e+00 +3.9218e+00 +2.4914e+00 +3.6778e+00 +1.5766e-01 -1.9882e+00 -2.3293e+00 +6.6854e-01
435462 +9.983408299e-01 +9.983408299e-01 -2.711659170e+00 -2.711659170e+00 +3.1197e+00 -2.2957e+00 +1.7831e+00 +3.9124e+00 +2.5066e+00 +3.6728e+00 +1.5965e-01 -1.9921e+00 -2.3352e+00 +6.7150e-01
% function evaluation | noise-free fitness - Fopt (1.321800000000e+02) | best noise-free fitness - Fopt | measured fitness | best measured fitness | x1 | x2...
1 +6.566355960e+02 +6.566355960e+02 +7.888155960e+02 +7.888155960e+02 +4.0019e+00 -1.5517e+00 +7.9642e-01 +4.8165e+00 -4.4044e+00 -4.0233e+00 +1.6741e+00 +2.1371e+00 -7.6232e-01 +9.3170e-01
4 +5.918574468e+02 +5.918574468e+02 +7.240374468e+02 +7.240374468e+02 -3.9539e-01 +2.7805e+00 -4.8883e+00 +1.3484e+00 -4.5857e-01 +1.7704e-01 +1.2355e+00 -3.9449e+00 +1.5782e-01 -2.8857e+00
9 +3.018492133e+02 +3.018492133e+02 +4.340292133e+02 +4.340292133e+02 +2.8488e-01 -1.0982e+00 -1.7155e-01 -4.5595e+00 -1.8116e-02 +7.0984e-01 -7.5928e-01 -8.1258e-01 -2.6758e+00 -1.0165e+00
175 +1.978079905e+02 +1.978079905e+02 +3.299879905e+02 +3.299879905e+02 +9.9779e-01 +2.1954e+00 +9.4763e-01 -1.4182e+00 -3.8381e+00 -3.1348e+00 -2.2108e+00 +1.1602e+00 -1.5265e+00 -7.6727e-01
336 +1.475581509e+02 +1.475581509e+02 +2.797381509e+02 +2.797381509e+02 -3.9744e+00 +2.1470e+00 +4.0594e+00 -3.0232e+00 -4.0899e+00 -2.0722e+00 -4.3516e+00 +4.7053e-01 +1.3228e-01 -9.4209e-01
1072 +9.288289421e+01 +9.288289421e+01 +2.250628942e+02 +2.250628942e+02 -3.4275e+00 +1.3002e+00 +5.2434e+00 -3.2827e+00 -1.8223e+00 -2.5905e-01 -2.8581e+00 -8.2951e-01 +1.6666e-01 +1.0740e+00
1630 +6.072232310e+01 +6.072232310e+01 +1.929023231e+02 +1.929023231e+02 -4.8721e+00 +1.6003e+00 +2.5633e+00 -1.2978e+00 -2.6313e+00 -9.9144e-01 -2.2944e+00 +8.7076e-01 +1.6778e+00 +3.1390e-01
6091 +3.600306049e+01 +3.600306049e+01 +1.681830605e+02 +1.681830605e+02 -2.7551e+00 +2.5051e+00 +2.5627e+00 -3.1580e+00 -3.0359e+00 -1.0575e+00 -2.8169e+00 -2.8568e-01 +1.3829e+00 +7.0615e-01
23465 +1.610794713e+01 +1.610794713e+01 +1.482879471e+02 +1.482879471e+02 -3.7960e+00 +1.4832e+00 +4.2310e+00 -1.8824e+00 -3.1385e+00 -1.6391e+00 -2.3054e+00 +5.9361e-01 +1.3636e+00 +1.2182e-01
270033 +1.551709510e+01 +1.551709510e+01 +1.476970951e+02 +1.476970951e+02 -3.8294e+00 +1.4838e+00 +4.2813e+00 -1.8806e+00 -3.1454e+00 -1.6187e+00 -2.3056e+00 +5.9321e-01 +1.3688e+00 +1.1850e-01
357524 +9.952822432e+00 +9.952822432e+00 +1.421328224e+02 +1.421328224e+02 -3.7615e+00 +5.6987e-01 +4.3274e+00 -2.6729e+00 -3.1441e+00 -1.0781e+00 -2.3159e+00 +5.6755e-01 +1.3366e+00 +7.6872e-01
% function evaluation | noise-free fitness - Fopt (-5.847300000000e+02) | best noise-free fitness - Fopt | measured fitness | best measured fitness | x1 | x2...
1 +1.485909085e+03 +1.485909085e+03 +9.011790850e+02 +9.011790850e+02 +3.3607e+00 +8.4420e-01 +1.2468e-01 +3.8987e+00 -3.5281e+00 -3.0110e+00 -4.4320e+00 -3.6484e-01 +3.9815e+00 -2.5384e+00
9 +5.219174805e+02 +5.219174805e+02 -6.281251951e+01 -6.281251951e+01 +8.7751e-01 +3.6923e+00 +2.7414e+00 -4.9099e+00 -2.6353e+00 -2.5187e+00 +1.6306e+00 +4.1063e+00 -1.9122e+00 -1.2333e+00
21 +3.125114151e+02 +3.125114151e+02 -2.722185849e+02 -2.722185849e+02 +1.0151e+00 -1.0728e-01 -1.7390e+00 -3.4578e-01 +6.5679e-01 -1.8778e+00 -9.0987e-01 -1.3558e+00 -2.7478e+00 -3.4456e+00
242 +2.288135034e+02 +2.288135034e+02 -3.559164966e+02 -3.559164966e+02 -1.0945e+00 +3.7052e+00 +1.2838e+00 -2.4526e+00 +5.9390e-01 -2.8049e+00 +1.8893e+00 -8.7565e-01 -4.9818e-01 -2.1135e+00
606 +1.406053390e+02 +1.406053390e+02 -4.441246610e+02 -4.441246610e+02 -1.9393e-01 -3.0231e+00 +1.3027e+00 -3.1954e+00 +1.1900e+00 -1.2436e+00 +4.6811e+00 -1.3108e-02 -1.2930e+00 -2.6395e+00
1182 +8.983307693e+01 +8.983307693e+01 -4.948969231e+02 -4.948969231e+02 -2.5656e+00 -1.1113e+00 -3.1694e+00 -3.9070e+00 -1.4716e+00 -2.7830e+00 +1.6782e+00 -4.6427e-01 -3.2955e-01 -1.5758e+00
1953 +5.360490128e+01 +5.360490128e+01 -5.311250987e+02 -5.311250987e+02 +3.4910e-01 -2.1295e+00 -1.6707e+00 -4.0678e+00 -1.1803e+00 -3.9414e+00 +3.0879e+00 +3.8206e-01 -7.2744e-01 -2.2477e+00
12652 +3.407135715e+01 +3.407135715e+01 -5.506586428e+02 -5.506586428e+02 -2.5211e+00 -1.2785e+00 -1.4989e+00 -3.1641e+00 -1.2642e+00 -3.4903e+00 +2.2072e+00 -5.4185e-01 -7.4055e-01 -1.9675e+00
60365 +1.985510748e+01 +1.985510748e+01 -5.648748925e+02 -5.648748925e+02 -1.6585e+00 -3.0758e+00 -1.6566e+00 -3.2179e+00 -5.7688e-02 -3.8694e+00 +2.7037e+00 +3.4242e-01 -1.1401e+00 -2.2968e+00
291963 +1.315182976e+01 +1.315182976e+01 -5.715781702e+02 -5.715781702e+02 -2.5868e+00 -2.1435e+00 -2.2664e+00 -3.9235e+00 -6.3173e-01 -3.3489e+00 +2.7039e+00 +3.9233e-01 -6.5526e-01 -2.3016e+00
339549 +9.933171935e+00 +9.933171935e+00 -5.747968281e+02 -5.747968281e+02 -2.5528e+00 -2.0962e+00 -2.2377e+00 -3.9298e+00 -6.6312e-01 -3.3559e+00 +2.7119e+00 +3.6129e-01 -6.5772e-01 -2.3161e+00
354279 +6.302430988e+00 +6.302430988e+00 -5.784275690e+02 -5.784275690e+02 -2.6555e+00 -2.0933e+00 -2.2272e+00 -3.9255e+00 -6.5290e-01 -3.3699e+00 +2.7341e+00 +3.4334e-01 -6.5673e-01 -2.3184e+00
357945 +3.977539372e+00 +3.977539372e+00 -5.807524606e+02 -5.807524606e+02 -2.6353e+00 -2.1069e+00 -2.2880e+00 -3.8937e+00 -6.6909e-01 -3.3887e+00 +2.7196e+00 +3.4391e-01 -6.6983e-01 -2.3255e+00
% function evaluation | noise-free fitness - Fopt (-3.654000000000e+01) | best noise-free fitness - Fopt | measured fitness | best measured fitness | x1 | x2...
1 +6.420468128e+02 +6.420468128e+02 +6.055068128e+02 +6.055068128e+02 +3.4602e+00 +2.1581e-02 +2.6994e+00 -1.4396e+00 -3.1271e+00 +3.9722e+00 -2.8943e+00 -3.6203e+00 -4.1599e+00 -6.1582e-01
8 +5.841873090e+02 +5.841873090e+02 +5.476473090e+02 +5.476473090e+02 -2.6627e+00 -1.4494e+00 -1.8214e+00 -4.8824e+00 +2.8927e+00 +9.0825e-01 +1.1750e+00 -2.4413e+00 +4.8316e-01 +9.6601e-02
16 +2.741463077e+02 +2.741463077e+02 +2.376063077e+02 +2.376063077e+02 -4.2535e+00 -3.0439e+00 -3.6025e+00 +1.3387e+00 +1.8897e+00 -3.9868e-01 -9.2033e-01 +1.5869e+00 -3.9690e+00 -2.7171e+00
84 +2.309773296e+02 +2.309773296e+02 +1.944373296e+02 +1.944373296e+02 +2.5324e+00 +2.9749e+00 +2.7398e+00 +1.6068e-01 -1.1001e+00 -4.7181e+00 -3.3003e+00 -1.2413e-01 -3.2815e+00 -2.6240e+00
373 +1.457333743e+02 +1.457333743e+02 +1.091933743e+02 +1.091933743e+02 +9.2367e-01 +1.0240e-01 -5.4933e-01 -3.8422e-01 +2.4658e+00 -4.1897e-01 -1.3891e+00 -9.5556e-01 -2.9797e+00 -7.1226e-01
1330 +9.938722121e+01 +9.938722121e+01 +6.284722121e+01 +6.284722121e+01 +1.2854e+00 -1.8998e-02 -1.3365e+00 -1.4314e-01 +5.6856e-02 -1.0326e+00 -2.3475e+00 -6.3628e-01 -1.6901e+00 -2.2190e+00
2333 +6.091789137e+01 +6.091789137e+01 +2.437789137e+01 +2.437789137e+01 -1.1894e+00 -3.7218e+00 +1.2171e+00 -1.5478e+00 +8.3213e-01 -2.9119e+00 -3.1408e+00 -9.0872e-02 -8.1184e-01 -2.1288e+00
17025 +3.696340864e+01 +3.696340864e+01 +4.234086439e-01 +4.234086439e-01 -1.1413e+00 -3.1899e+00 +9.0521e-01 -9.4782e-01 +8.2215e-01 -1.8060e+00 -2.6474e+00 -5.9654e-01 -2.0140e+00 -2.1376e+00
40850 +2.236662104e+01 +2.236662104e+01 -1.417337896e+01 -1.417337896e+01 -2.3835e-01 -3.0939e+00 +1.5412e+00 +3.5050e-01 +8.3219e-01 -1.8510e+00 -3.1679e+00 -5.2428e-01 -1.7161e+00 -2.1287e+00
242762 +1.554476143e+01 +1.554476143e+01 -2.099523857e+01 -2.099523857e+01 -1.2656e+00 -2.2118e+00 +8.5669e-01 +4.0040e-01 +3.7141e-02 -1.8192e+00 -2.8526e+00 -9.4449e-01 -1.6661e+00 -1.8642e+00
477852 +9.971686680e+00 +9.971686680e+00 -2.656831332e+01 -2.656831332e+01 +8.2019e-01 -2.2486e+00 -9.0812e-01 -2.2962e-01 +7.9228e-01 -1.8710e+00 -3.2612e+00 -9.6785e-01 -1.3192e+00 -2.4965e+00
491615 +6.306896891e+00 +6.306896891e+00 -3.023310311e+01 -3.023310311e+01 +7.9702e-01 -2.2348e+00 -8.5185e-01 -2.2469e-01 +7.5840e-01 -1.8372e+00 -3.2605e+00 -9.5596e-01 -1.3192e+00 -2.4965e+00
% function evaluation | noise-free fitness - Fopt (1.000000000000e+03) | best noise-free fitness - Fopt | measured fitness | best measured fitness | x1 | x2...
1 +1.643615680e+03 +1.643615680e+03 +2.643615680e+03 +2.643615680e+03 +1.4857e+00 +7.5535e-01 -3.7603e+00 -1.0430e+00 -3.6309e+00 +3.9368e+00 +4.8414e+00 +4.4579e+00 -3.2680e+00 -3.3598e+00
3 +4.936926931e+02 +4.936926931e+02 +1.493692693e+03 +1.493692693e+03 -4.9847e+00 -4.5453e+00 +3.7223e+00 -3.8079e-01 -2.2613e+00 -6.8983e-02 +4.7084e+00 +2.8006e-01 -1.1824e+00 -4.5270e+00
7 +3.113164666e+02 +3.113164666e+02 +1.311316467e+03 +1.311316467e+03 -1.9180e+00 -1.2714e+00 +1.9888e+00 -4.0472e+00 -2.6546e+00 +1.6219e+00 +4.8838e+00 -2.3760e+00 -2.3730e+00 -2.0060e+00
223 +2.346476445e+02 +2.346476445e+02 +1.234647645e+03 +1.234647645e+03 -1.5539e+00 -6.3801e+00 -3.2709e-01 -8.1477e-01 +5.1544e+00 +8.7214e-02 +1.8449e+00 -3.5069e+00 -2.6120e+00 -2.0076e+00
289 +1.293076997e+02 +1.293076997e+02 +1.129307700e+03 +1.129307700e+03 -2.7776e+00 -1.9182e+00 -3.5284e-01 +1.0650e+00 +3.8992e+00 +1.1224e+00 +4.6591e+00 -2.8526e+00 -4.4421e+00 -2.3617e+00
853 +9.186714577e+01 +9.186714577e+01 +1.091867146e+03 +1.091867146e+03 -5.7526e+00 -2.2345e+00 -1.0536e+00 +4.7466e+00 +2.3402e+00 +1.3121e+00 +3.2092e+00 -1.4164e+00 -3.8570e+00 -2.1750e+00
3114 +6.210550610e+01 +6.210550610e+01 +1.062105506e+03 +1.062105506e+03 -7.5259e-01 -1.2756e+00 -1.0351e+00 +3.1365e+00 +3.9896e+00 +1.7316e+00 +4.7161e+00 -1.2223e+00 -4.1244e+00 -1.8799e+00
4254 +3.979523737e+01 +3.979523737e+01 +1.039795237e+03 +1.039795237e+03 -1.5858e+00 -7.3306e-01 -1.5620e-01 +2.9173e+00 +2.9683e+00 +1.7889e+00 +2.8934e+00 -2.1098e+00 -3.7354e+00 -2.4522e+00
14288 +2.018685374e+01 +2.018685374e+01 +1.020186854e+03 +1.020186854e+03 -4.6854e-01 -1.7381e+00 -9.2770e-02 +3.6848e+00 +2.3794e+00 +1.7709e+00 +4.2067e+00 -2.4969e+00 -3.7799e+00 -2.4583e+00
123317 +1.483091757e+01 +1.483091757e+01 +1.014830918e+03 +1.014830918e+03 -1.5514e+00 -7.4134e-01 +5.8952e-01 +2.3863e+00 +2.9120e+00 +1.7917e+00 +3.2576e+00 -2.0901e+00 -4.1910e+00 -2.1095e+00
306601 +9.712294909e+00 +9.712294909e+00 +1.009712295e+03 +1.009712295e+03 -5.1369e-01 -8.1916e-01 -9.8629e-01 +3.9138e+00 +2.9191e+00 +1.2406e+00 +3.7168e+00 -2.0940e+00 -3.7571e+00 -2.4656e+00
324265 +6.170007701e+00 +6.170007701e+00 +1.006170008e+03 +1.006170008e+03 -5.4346e-01 -8.1804e-01 -9.8363e-01 +3.9042e+00 +2.9250e+00 +1.2204e+00 +3.7141e+00 -2.0975e+00 -3.7692e+00 -2.4890e+00
390819 +3.981028080e+00 +3.981028080e+00 +1.003981028e+03 +1.003981028e+03 -5.7602e-01 -8.2051e-01 -9.9620e-01 +3.7769e+00 +2.9433e+00 +1.2204e+00 +3.7131e+00 -2.1146e+00 -3.7856e+00 -2.4831e+00
% function evaluation | noise-free fitness - Fopt (4.661000000000e+01) | best noise-free fitness - Fopt | measured fitness | best measured fitness | x1 | x2...
1 +9.705983770e+02 +9.705983770e+02 +1.017208377e+03 +1.017208377e+03 -7.4805e-01 +6.0021e-01 +4.6135e+00 -1.2089e+00 -7.5927e-01 +4.0698e+00 -2.2844e-01 -2.8168e+00 -4.2757e+00 -1.3481e-01
3 +4.431317268e+02 +4.431317268e+02 +4.897417268e+02 +4.897417268e+02 -3.3315e+00 +3.5791e+00 +9.8282e-01 +4.3738e+00 -3.6625e+00 -3.0752e+00 -4.0074e+00 -5.8305e-01 +3.2509e-01 -4.4412e-01
36 +1.936159066e+02 +1.936159066e+02 +2.402259066e+02 +2.402259066e+02 +8.6636e-01 +3.5627e+00 +8.3438e-02 +4.7562e+00 -1.7725e+00 -1.0837e+00 +3.2608e-01 -4.0600e+00 +8.4366e-01 -3.1983e+00
493 +1.432602874e+02 +1.432602874e+02 +1.898702874e+02 +1.898702874e+02 -9.5536e-01 +3.3734e+00 +7.3149e-01 +2.1330e+00 +6.1250e-01 -6.7987e-01 +2.0012e+00 -1.6089e+00 +6.2137e-01 -1.8014e+00
864 +7.353961204e+01 +7.353961204e+01 +1.201496120e+02 +1.201496120e+02 +1.6453e+00 +5.6549e+00 +6.2909e-03 +3.6896e+00 -2.2677e-01 -3.0373e+00 +4.4654e+00 -3.0841e+00 -1.5429e-01 -1.7389e+00
1529 +4.766362342e+01 +4.766362342e+01 +9.427362342e+01 +9.427362342e+01 +1.0661e+00 +3.8402e+00 +3.0252e+00 +3.4922e+00 +8.3668e-01 -2.4302e+00 +3.6322e+00 -2.3048e+00 +2.6386e-01 -2.7850e+00
9353 +3.885898606e+01 +3.885898606e+01 +8.546898606e+01 +8.546898606e+01 +2.8040e+00 +2.1771e+00 +3.3270e+00 +2.9432e+00 -9.1289e-01 -2.5367e+00 +3.5457e+00 -2.6136e+00 +3.3145e-01 -2.1181e+00
53630 +1.910310735e+01 +1.910310735e+01 +6.571310735e+01 +6.571310735e+01 +1.8369e+00 +2.9488e+00 +1.7764e+00 +2.9170e+00 -9.5483e-01 -2.9382e+00 +4.0939e+00 -2.6740e+00 +5.6014e-01 -1.6672e+00
454750 +1.058434938e+01 +1.058434938e+01 +5.719434938e+01 +5.719434938e+01 +1.7969e+00 +2.9667e+00 +1.6851e+00 +2.8978e+00 -1.0319e+00 -2.4494e+00 +3.5778e+00 -2.6455e+00 +2.9680e-01 -1.7553e+00
458952 +8.886705609e+00 +8.886705609e+00 +5.549670561e+01 +5.549670561e+01 +1.8037e+00 +2.9741e+00 +1.7071e+00 +2.8854e+00 -1.0340e+00 -2.4718e+00 +3.5756e+00 -2.6388e+00 +2.8910e-01 -1.7475e+00
494756 +6.307709378e+00 +6.307709378e+00 +5.291770938e+01 +5.291770938e+01 +1.7916e+00 +2.9827e+00 +1.7149e+00 +2.8691e+00 -1.0195e+00 -2.5023e+00 +3.5927e+00 -2.6715e+00 +2.8258e-01 -1.7292e+00
514247 +3.980615550e+00 +3.980615550e+00 +5.059061555e+01 +5.059061555e+01 +1.8323e+00 +3.0107e+00 +1.7154e+00 +2.8787e+00 -1.0080e+00 -2.4788e+00 +3.5886e+00 -2.6825e+00 +2.7455e-01 -1.7121e+00
% function evaluation | noise-free fitness - Fopt (-2.643100000000e+02) | best noise-free fitness - Fopt | measured fitness | best measured fitness | x1 | x2...
1 +7.343765533e+02 +7.343765533e+02 +4.700665533e+02 +4.700665533e+02 -3.1330e+00 -3.1416e+00 -2.0209e-02 -3.3982e+00 -4.7083e+00 -2.8304e+00 +5.4697e-01 -2.7353e+00 -4.1418e+00 -2.8920e+00
16 +3.766592146e+02 +3.766592146e+02 +1.123492146e+02 +1.123492146e+02 -3.2484e+00 -4.1358e+00 -1.2731e+00 -3.9587e+00 +4.6624e+00 +1.0760e-01 +1.4833e+00 -3.9554e+00 -2.2851e+00 +2.1971e+00
83 +2.119200320e+02 +2.119200320e+02 -5.238996798e+01 -5.238996798e+01 -4.8944e+00 -2.3807e-01 +2.1721e+00 -3.7645e+00 +2.5853e+00 -3.0899e+00 +2.8365e+00 +2.4427e+00 -3.1835e-01 +1.4567e+00
549 +1.573244054e+02 +1.573244054e+02 -1.069855946e+02 -1.069855946e+02 -6.7776e+00 -2.6840e-01 +7.6079e-01 -6.7765e-01 +4.6921e+00 -5.2628e+00 +3.6021e+00 +1.7593e+00 +4.4307e-01 +1.7508e+00
1134 +6.441864302e+01 +6.441864302e+01 -1.998913570e+02 -1.998913570e+02 -3.3086e+00 +2.6918e-01 -2.1342e+00 -2.5911e-01 +2.7501e+00 -4.2333e+00 +3.6697e+00 +2.0506e-01 +3.1622e-01 +2.7501e+00
1781 +5.558974347e+01 +5.558974347e+01 -2.087202565e+02 -2.087202565e+02 -2.3303e+00 +1.6500e-01 -2.0485e+00 +1.6944e-02 +2.9425e+00 -3.6986e+00 +3.6786e+00 +1.0764e+00 -1.2580e+00 +2.5410e+00
10091 +3.753170068e+01 +3.753170068e+01 -2.267782993e+02 -2.267782993e+02 -2.9819e+00 -1.4095e+00 -2.6631e+00 -8.7662e-01 +2.4185e+00 -3.7966e+00 +3.7501e+00 +1.6253e-01 -1.4869e-01 +1.8452e+00
41390 +2.282577910e+01 +2.282577910e+01 -2.414842209e+02 -2.414842209e+02 -3.3266e+00 -1.5153e+00 -1.8722e+00 -7.1565e-01 +2.8899e+00 -4.3383e+00 +3.6578e+00 +5.5940e-01 -2.3472e-01 +2.1596e+00
239064 +1.391889354e+01 +1.391889354e+01 -2.503911065e+02 -2.503911065e+02 -3.3162e+00 -1.4519e+00 -2.7918e+00 -8.6351e-02 +3.5679e+00 -3.7804e+00 +3.6798e+00 +1.5126e+00 -5.6476e-01 +2.1317e+00
417695 +9.885108947e+00 +9.885108947e+00 -2.544248911e+02 -2.544248911e+02 -3.2934e+00 -1.4640e+00 -2.7552e+00 -8.1377e-02 +3.5658e+00 -3.7783e+00 +3.7070e+00 +1.5014e+00 -6.0087e-01 +2.1437e+00
466785 +6.303202865e+00 +6.303202865e+00 -2.580067971e+02 -2.580067971e+02 -3.3330e+00 -1.4325e+00 -2.6725e+00 -6.9823e-02 +3.4764e+00 -3.7825e+00 +3.7155e+00 +1.5026e+00 -6.1403e-01 +2.1123e+00
467909 +3.979438286e+00 +3.979438286e+00 -2.603305617e+02 -2.603305617e+02 -3.2843e+00 -1.4283e+00 -2.6867e+00 -6.8802e-02 +3.4434e+00 -3.7795e+00 +3.7135e+00 +1.5010e+00 -6.0403e-01 +2.1254e+00
% function evaluation | noise-free fitness - Fopt (7.273000000000e+01) | best noise-free fitness - Fopt | measured fitness | best measured fitness | x1 | x2...
1 +4.630087041e+02 +4.630087041e+02 +5.357387041e+02 +5.357387041e+02 -1.7389e+00 +1.6604e+00 -9.0643e-01 +4.2409e+00 +1.6314e+00 -2.4487e+00 -2.0086e+00 -1.9968e+00 +1.7330e+00 -3.9634e+00
8 +3.668094890e+02 +3.668094890e+02 +4.395394890e+02 +4.395394890e+02 +7.7897e-01 +4.0057e+00 +3.1282e+00 +5.5015e-01 +1.2932e+00 +4.4389e+00 -4.0283e-01 -2.0944e+00 +2.8950e-01 -1.0985e-01
65 +2.084547581e+02 +2.084547581e+02 +2.811847581e+02 +2.811847581e+02 -2.2970e+00 +2.7112e+00 -2.5211e+00 -1.4144e+00 +2.1151e+00 +2.2587e+00 -1.7809e+00 -2.7508e+00 -9.7156e-01 -5.4829e-01
242 +1.418920085e+02 +1.418920085e+02 +2.146220085e+02 +2.146220085e+02 -1.1615e+00 +2.4142e+00 -1.8749e+00 -3.5008e-01 +1.9677e+00 +3.1563e+00 -3.2475e+00 -3.3077e+00 -1.5423e+00 +5.8972e-02
1056 +9.965634512e+01 +9.965634512e+01 +1.723863451e+02 +1.723863451e+02 -4.4122e+00 -1.0559e+00 -5.1990e+00 +9.7779e-01 +1.7001e+00 +3.7734e-01 -4.6608e+00 -3.3700e+00 -1.0222e+00 -1.1379e+00
2305 +6.180196062e+01 +6.180196062e+01 +1.345319606e+02 +1.345319606e+02 -2.3950e+00 -3.8026e+00 -1.4103e+00 +1.2114e+00 +1.5559e+00 +2.6671e+00 -4.6754e+00 -3.2473e+00 +1.7449e-01 -6.3048e-01
9966 +3.944153767e+01 +3.944153767e+01 +1.121715377e+02 +1.121715377e+02 -3.5999e+00 -1.3352e+00 -5.0577e-01 +1.7384e+00 +5.1029e-01 +1.0496e+00 -4.1383e+00 -3.4035e+00 -2.4131e-01 -6.7867e-01
69226 +2.494698881e+01 +2.494698881e+01 +9.767698881e+01 +9.767698881e+01 -3.6217e+00 -3.7756e+00 -1.3225e+00 +2.6274e-01 +1.7059e+00 +2.6267e+00 -4.0928e+00 -3.3635e+00 -9.7873e-01 -7.0867e-01
233311 +1.545572789e+01 +1.545572789e+01 +8.818572789e+01 +8.818572789e+01 -3.5909e+00 -2.2066e+00 -2.0778e+00 +1.2730e-01 +2.3020e+00 +2.0087e+00 -4.1325e+00 -3.3093e+00 -9.7362e-01 -7.2808e-01
264083 +9.984057059e+00 +9.984057059e+00 +8.271405706e+01 +8.271405706e+01 -3.5972e+00 -2.2078e+00 -2.1113e+00 +1.7607e-01 +2.2597e+00 +2.0128e+00 -4.1931e+00 -3.3233e+00 -9.7287e-01 -7.1910e-01
284972 +6.308090315e+00 +6.308090315e+00 +7.903809031e+01 +7.903809031e+01 -3.5863e+00 -2.2657e+00 -2.0962e+00 +1.9341e-01 +2.2486e+00 +2.0649e+00 -4.1690e+00 -3.3186e+00 -9.6352e-01 -6.9733e-01
% function evaluation | noise-free fitness - Fopt (1.368700000000e+02) | best noise-free fitness - Fopt | measured fitness | best measured fitness | x1 | x2...
1 +5.414046623e+02 +5.414046623e+02 +6.782746623e+02 +6.782746623e+02 -9.5651e-01 +1.9035e+00 +9.4521e-01 +3.2859e+00 -1.1491e+00 +1.8840e+00 +3.1687e-01 +8.5931e-01 -4.4477e+00 -3.3487e-01
21 +3.913266100e+02 +3.913266100e+02 +5.281966100e+02 +5.281966100e+02 +1.6281e+00 +4.8990e+00 +1.9145e+00 +3.4686e-01 +4.5194e+00 -3.6819e+00 +2.0910e+00 +2.6893e+00 -1.0189e+00 -1.5579e+00
37 +1.808737194e+02 +1.808737194e+02 +3.177437194e+02 +3.177437194e+02 -2.9449e+00 +6.8373e-01 +4.1991e+00 +8.7379e-01 +2.0413e-01 -4.6916e-01 -1.4224e+00 +3.7720e+00 -9.4706e-01 -4.3765e+00
243 +1.567072232e+02 +1.567072232e+02 +2.935772232e+02 +2.935772232e+02 +1.8799e+00 +2.2225e+00 +1.4097e+00 -2.5835e+00 +1.0816e+00 -8.4200e-01 -7.1198e-01 +2.1613e+00 +1.9803e-01 -3.4675e+00
1164 +9.556261566e+01 +9.556261566e+01 +2.324326157e+02 +2.324326157e+02 +5.5653e+00 +3.7821e+00 +3.8708e+00 -1.1802e+00 +2.2656e+00 +1.6729e+00 -4.6399e-02 +4.0536e+00 -7.9258e-01 -2.1397e+00
2846 +5.455775197e+01 +5.455775197e+01 +1.914277520e+02 +1.914277520e+02 +3.1948e+00 +3.8244e+00 +3.7731e+00 +8.0935e-01 +1.3073e-01 +2.3535e+00 +4.7165e-01 +3.3150e+00 -6.9954e-01 -3.4063e+00
4076 +3.470424747e+01 +3.470424747e+01 +1.715742475e+02 +1.715742475e+02 +3.4561e+00 +3.6120e+00 +3.9134e+00 +1.4341e-01 +7.2423e-01 +2.4502e+00 +5.1079e-01 +4.1321e+00 -2.7665e-01 -3.1282e+00
8711 +2.436368368e+01 +2.436368368e+01 +1.612336837e+02 +1.612336837e+02 +4.4346e+00 +2.7281e+00 +4.5235e+00 +1.7312e+00 -1.4032e-01 +1.7559e+00 -1.6601e-02 +3.3102e+00 -6.1225e-01 -3.5012e+00
207755 +1.438076239e+01 +1.438076239e+01 +1.512507624e+02 +1.512507624e+02 +3.5580e+00 +4.5446e+00 +3.8802e+00 +8.1624e-01 +5.8214e-01 +2.2840e+00 +5.5977e-01 +3.7349e+00 -6.4270e-01 -3.1025e+00
355160 +8.366792087e+00 +8.366792087e+00 +1.452367921e+02 +1.452367921e+02 +3.4507e+00 +3.5925e+00 +4.6705e+00 +1.5687e+00 +5.7237e-01 +2.2497e+00 +1.0020e-02 +3.7229e+00 -2.6557e-01 -3.1621e+00
384166 +6.281817676e+00 +6.281817676e+00 +1.431518177e+02 +1.431518177e+02 +3.5054e+00 +3.6029e+00 +4.6790e+00 +1.5474e+00 +5.4419e-01 +2.2754e+00 +2.5392e-03 +3.7303e+00 -2.5406e-01 -3.1640e+00
% function evaluation | noise-free fitness - Fopt (2.196000000000e+01) | best noise-free fitness - Fopt | measured fitness | best measured fitness | x1 | x2...
1 +6.411091604e+02 +6.411091604e+02 +6.630691604e+02 +6.630691604e+02 -4.1302e+00 +2.1070e+00 -1.8280e+00 +1.6548e-01 +3.2089e+00 +4.1168e+00 -1.1118e+00 -1.8939e+00 +2.1394e+00 -2.3512e+00
2 +5.842029354e+02 +5.842029354e+02 +6.061629354e+02 +6.061629354e+02 -1.4464e+00 -3.5106e+00 +1.7616e+00 +2.7522e-01 -4.7886e+00 +1.0282e+00 +7.1533e-01 -9.0478e-01 +3.1327e+00 -4.5851e+00
10 +1.597766601e+02 +1.597766601e+02 +1.817366601e+02 +1.817366601e+02 +2.3080e-01 +2.5231e+00 +3.0628e+00 +3.1823e+00 -3.2369e+00 +3.6341e+00 +3.7668e+00 -9.9227e-01 +1.8078e+00 +1.7371e+00
697 +1.531175403e+02 +1.531175403e+02 +1.750775403e+02 +1.750775403e+02 -7.8639e-01 -2.2307e+00 +3.2765e+00 -1.2882e+00 -6.3011e-02 +2.0974e+00 +2.5824e+00 +3.0524e-01 -2.4147e-01 -9.0090e-01
1026 +9.776482068e+01 +9.776482068e+01 +1.197248207e+02 +1.197248207e+02 +2.2785e+00 +4.7686e-02 +4.0691e+00 +2.9258e+00 -2.7831e+00 +1.7796e+00 +3.4567e+00 +9.1145e-01 -3.5020e-01 +4.0144e-01
2028 +6.041013870e+01 +6.041013870e+01 +8.237013870e+01 +8.237013870e+01 +1.4182e+00 -6.6056e-01 +1.9385e+00 +3.1815e+00 -2.0137e+00 +2.2972e+00 +2.4633e+00 +5.5649e-01 +5.0583e-01 +3.2293e-01
4683 +3.957212493e+01 +3.957212493e+01 +6.153212493e+01 +6.153212493e+01 +1.4192e+00 -1.5761e+00 +2.3770e+00 +2.3741e+00 -2.7060e+00 +2.8809e+00 +3.4740e+00 +2.9530e-01 -2.6392e-01 +1.1304e-02
80650 +2.471908576e+01 +2.471908576e+01 +4.667908576e+01 +4.667908576e+01 +1.1761e+00 +2.0315e-01 +2.4024e+00 +3.0121e+00 -2.5544e+00 +2.3680e+00 +3.4412e+00 +5.1872e-01 +1.0152e-01 +6.4894e-01
202547 +1.508023585e+01 +1.508023585e+01 +3.704023585e+01 +3.704023585e+01 +3.3122e+00 -5.6474e-01 +3.2897e+00 +2.9771e+00 -2.6478e+00 +2.8175e+00 +3.8538e+00 +1.0501e-01 +1.0784e-01 +6.4340e-01
371571 +9.107921966e+00 +9.107921966e+00 +3.106792197e+01 +3.106792197e+01 +3.4133e+00 -6.3495e-01 +1.7112e+00 +2.9500e+00 -2.0803e+00 +2.8247e+00 +3.4401e+00 +1.8428e-01 +1.1713e-01 +2.9780e-01
426924 +6.303038568e+00 +6.303038568e+00 +2.826303857e+01 +2.826303857e+01 +3.3657e+00 -6.0148e-01 +1.7276e+00 +2.9281e+00 -2.0467e+00 +2.8169e+00 +3.4610e+00 +1.8856e-01 +1.1397e-01 +2.9381e-01
450197 +3.980793402e+00 +3.980793402e+00 +2.594079340e+01 +2.594079340e+01 +3.2928e+00 -6.3550e-01 +1.6934e+00 +2.9566e+00 -2.0461e+00 +2.8259e+00 +3.4463e+00 +1.7116e-01 +1.0360e-01 +2.8477e-01
% function evaluation | noise-free fitness - Fopt (-2.139000000000e+01) | best noise-free fitness - Fopt | measured fitness | best measured fitness | x1 | x2...
1 +1.498557260e+03 +1.498557260e+03 +1.477167260e+03 +1.477167260e+03 +1.2404e+00 +4.7843e+00 -2.9983e+00 +1.6924e+00 -3.2268e-03 +3.0224e-01 +2.6614e+00 -4.7319e+00 -3.5929e+00 -3.8954e+00
4 +9.346613529e+02 +9.346613529e+02 +9.132713529e+02 +9.132713529e+02 -4.8620e+00 +8.1327e-02 -3.8059e+00 +4.3762e+00 -4.0582e+00 -1.8161e+00 -9.4272e-01 -7.2497e-01 -1.8112e+00 +2.1044e+00
10 +3.533464481e+02 +3.533464481e+02 +3.319564481e+02 +3.319564481e+02 -3.4778e+00 +3.4152e+00 +4.9275e+00 -4.5111e+00 -5.0548e-01 +3.8080e+00 -1.7304e+00 -3.9793e-01 +1.3230e+00 -2.4191e+00
39 +2.424696783e+02 +2.424696783e+02 +2.210796783e+02 +2.210796783e+02 -2.1670e+00 +1.1434e+00 -2.6655e-01 +3.7486e-01 +1.1064e+00 +9.0761e-02 -2.7838e+00 +2.0914e+00 +4.5620e+00 +7.1652e-01
516 +1.467433043e+02 +1.467433043e+02 +1.253533043e+02 +1.253533043e+02 -7.6127e-02 +2.7113e+00 +5.3506e+00 -1.8053e+00 -1.4263e+00 +1.2090e+00 -3.7035e+00 -9.6931e-02 +3.3267e+00 -1.4128e+00
993 +9.744612485e+01 +9.744612485e+01 +7.605612485e+01 +7.605612485e+01 +1.8027e+00 +8.9806e-01 +1.5532e+00 -3.2129e+00 -2.3792e+00 -2.9688e-01 -2.4585e+00 +1.0660e+00 +3.7596e+00 -6.3504e-02
1566 +5.719618112e+01 +5.719618112e+01 +3.580618112e+01 +3.580618112e+01 +1.2761e+00 +4.7273e+00 +1.0654e+00 -1.9100e+00 -3.2318e+00 +1.2131e+00 -3.6593e+00 +1.5151e+00 +4.1421e+00 -4.5221e-01
5397 +3.605149525e+01 +3.605149525e+01 +1.466149525e+01 +1.466149525e+01 +3.0995e+00 +2.7073e+00 +1.2936e+00 -3.1197e+00 -2.2751e+00 +7.9890e-01 -3.3846e+00 +2.2649e+00 +3.4794e+00 -7.7980e-01
32654 +2.349848239e+01 +2.349848239e+01 +2.108482385e+00 +2.108482385e+00 +3.2154e+00 +1.9826e+00 +1.1630e+00 -3.7624e+00 -2.2549e+00 +5.7684e-01 -3.3275e+00 +2.2640e+00 +3.4481e+00 -7.5757e-01
165153 +1.442601510e+01 +1.442601510e+01 -6.963984901e+00 -6.963984901e+00 +3.1470e+00 +2.6758e+00 +2.0415e+00 -2.4589e+00 -1.6604e+00 +1.1823e+00 -3.8702e+00 +1.5163e+00 +3.4186e+00 -8.0220e-01
356993 +9.132359565e+00 +9.132359565e+00 -1.225764043e+01 -1.225764043e+01 +3.1991e+00 +2.7964e+00 +1.1098e+00 -3.1098e+00 -2.2856e+00 +1.6805e+00 -3.8131e+00 +1.9111e+00 +3.4493e+00 -5.9946e-02
406810 +6.294407349e+00 +6.294407349e+00 -1.509559265e+01 -1.509559265e+01 +3.1947e+00 +2.8162e+00 +1.1356e+00 -3.0725e+00 -2.2748e+00 +1.6837e+00 -3.8173e+00 +1.9124e+00 +3.4379e+00 -1.1756e-01
424888 +3.981012314e+00 +3.981012314e+00 -1.740898769e+01 -1.740898769e+01 +3.2049e+00 +2.8013e+00 +1.1307e+00 -3.0904e+00 -2.2674e+00 +1.7058e+00 -3.8407e+00 +1.8975e+00 +3.4172e+00 -1.0863e-01
% function evaluation | noise-free fitness - Fopt (5.176600000000e+02) | best noise-free fitness - Fopt | measured fitness | best measured fitness | x1 | x2...
1 +8.810983062e+02 +8.810983062e+02 +1.398758306e+03 +1.398758306e+03 +1.7495e+00 -4.8684e+00 +3.0673e+00 -4.0359e+00 +6.4091e-01 +4.6586e+00 -3.2825e-01 -3.9987e+00 -2.2267e+00 -4.5145e-01
5 +5.285122708e+02 +5.285122708e+02 +1.046172271e+03 +1.046172271e+03 -3.9960e+00 -3.1367e+00 -4.5487e+00 +4.5391e+00 +3.2924e+00 +4.3314e+00 -1.3740e+00 +4.3540e-01 +2.2613e+00 -1.7432e+00
7 +3.468535635e+02 +3.468535635e+02 +8.645135635e+02 +8.645135635e+02 +3.1220e+00 -1.7905e+00 -4.7061e+00 +1.3533e+00 +1.9312e+00 -1.1457e+00 -3.3905e+00 -4.2447e+00 +5.8461e-01 +2.0890e+00
192 +2.023307217e+02 +2.023307217e+02 +7.199907217e+02 +7.199907217e+02 -2.2862e+00 +1.5316e+00 +1.6488e+00 +5.1663e+00 +1.5074e+00 -1.2232e+00 -6.4024e+00 -3.2998e+00 +1.5657e+00 +1.3759e-01
623 +1.523123503e+02 +1.523123503e+02 +6.699723503e+02 +6.699723503e+02 -8.1121e-01 +4.8617e+00 +3.4468e+00 +2.6307e+00 +1.9486e-01 +3.2515e-01 -3.6712e+00 -2.1461e+00 -1.1213e+00 +1.0362e+00
1114 +9.822549056e+01 +9.822549056e+01 +6.158854906e+02 +6.158854906e+02 -8.7618e-01 +1.9350e+00 +3.4941e+00 +2.4597e+00 +1.2494e+00 +3.8393e-02 -5.2108e+00 -5.2526e-01 +1.1598e+00 +1.0736e+00
1743 +4.915404419e+01 +4.915404419e+01 +5.668140442e+02 +5.668140442e+02 -3.9909e+00 +2.3640e+00 +6.5110e-01 +4.9689e+00 +1.8213e+00 -1.2058e+00 -5.1542e+00 +7.3005e-01 +1.0456e+00 +1.0602e+00
15392 +3.095305855e+01 +3.095305855e+01 +5.486130586e+02 +5.486130586e+02 -4.8251e+00 +2.2326e+00 +4.6351e-01 +3.7382e+00 +1.7906e+00 -1.2078e+00 -3.8438e+00 +4.1596e-01 +2.1014e-01 +8.1168e-01
40783 +1.303078323e+01 +1.303078323e+01 +5.306907832e+02 +5.306907832e+02 -4.9079e+00 +3.1202e+00 -1.7494e-01 +4.4380e+00 +1.8920e+00 -1.0835e+00 -4.3511e+00 -4.4573e-02 +5.7463e-01 +1.1079e+00
310627 +9.823251656e+00 +9.823251656e+00 +5.274832517e+02 +5.274832517e+02 -3.9752e+00 +3.2051e+00 +6.3814e-01 +4.3132e+00 +2.5109e+00 -6.4058e-01 -3.8917e+00 -5.7496e-02 +9.8439e-01 +1.0664e+00
357491 +6.199631754e+00 +6.199631754e+00 +5.238596318e+02 +5.238596318e+02 -3.9067e+00 +2.3133e+00 +5.6021e-01 +4.3878e+00 +1.9436e+00 -6.3813e-01 -3.9047e+00 -7.8056e-02 +6.0085e-01 +1.4361e+00
398520 +3.967270097e+00 +3.967270097e+00 +5.216272701e+02 +5.216272701e+02 -3.8828e+00 +2.2546e+00 +5.9031e-01 +4.4713e+00 +1.9298e+00 -6.4061e-01 -3.9226e+00 -7.9250e-02 +5.9437e-01 +1.4317e+00
