% function evaluation | noise-free fitness - Fopt (-4.620900000000e+02) | best noise-free fitness - Fopt | measured fitness | best measured fitness | x1 | x2...
1 +1.500227075e+02 +1.500227075e+02 -3.120672925e+02 -3.120672925e+02 +2.1501e+00 -1.4675e+00
2 +8.827149645e+01 +8.827149645e+01 -3.738185035e+02 -3.738185035e+02 -1.4016e+00 -3.1400e-01
3 +4.452974343e+01 +4.452974343e+01 -4.175602566e+02 -4.175602566e+02 -2.4153e+00 +3.2773e+00
19 +2.174955827e+01 +2.174955827e+01 -4.403404417e+02 -4.403404417e+02 -5.8085e-01 +1.3476e+00
72 +1.151565329e+01 +1.151565329e+01 -4.505743467e+02 -4.505743467e+02 +1.0605e-01 +2.2990e+00
92 +8.795246429e+00 +8.795246429e+00 -4.532947536e+02 -4.532947536e+02 +3.0455e-01 +2.8880e+00
123 +4.694137369e+00 +4.694137369e+00 -4.573958626e+02 -4.573958626e+02 +4.7060e-01 +2.2990e+00
451 +3.980346982e+00 +3.980346982e+00 -4.581096530e+02 -4.581096530e+02 +3.8448e-01 +2.3005e+00
1521 +1.462203427e+00 +1.462203427e+00 -4.606277966e+02 -4.606277966e+02 +2.3238e+00 +2.3250e+00
1681 +2.267900992e-01 +2.267900992e-01 -4.618632099e+02 -4.618632099e+02 +2.3238e+00 +2.2902e+00
1772 +3.193155120e-02 +3.193155120e-02 -4.620580684e+02 -4.620580684e+02 +2.3368e+00 +2.2965e+00
1773 +7.406131901e-03 +7.406131901e-03 -4.620825939e+02 -4.620825939e+02 +2.3361e+00 +2.3010e+00
1856 +5.840766351e-03 +5.840766351e-03 -4.620841592e+02 -4.620841592e+02 +2.3362e+00 +2.2994e+00
1896 +3.854969664e-03 +3.854969664e-03 -4.620861450e+02 -4.620861450e+02 +2.3369e+00 +2.3004e+00
1917 +1.431756536e-03 +1.431756536e-03 -4.620885682e+02 -4.620885682e+02 +2.3381e+00 +2.2999e+00
1926 +8.787188355e-04 +8.787188355e-04 -4.620891213e+02 -4.620891213e+02 +2.3387e+00 +2.2998e+00
1942 +3.644020937e-04 +3.644020937e-04 -4.620896356e+02 -4.620896356e+02 +2.3396e+00 +2.2998e+00
1955 +1.646604645e-04 +1.646604645e-04 -4.620898353e+02 -4.620898353e+02 +2.3399e+00 +2.3001e+00
1972 +1.175005482e-04 +1.175005482e-04 -4.620898825e+02 -4.620898825e+02 +2.3403e+00 +2.3002e+00
2002 +9.079835996e-05 +9.079835996e-05 -4.620899092e+02 -4.620899092e+02 +2.3401e+00 +2.3000e+00
2022 +1.117226486e-05 +1.117226486e-05 -4.620899888e+02 -4.620899888e+02 +2.3406e+00 +2.3000e+00
2032 +9.753137135e-06 +9.753137135e-06 -4.620899902e+02 -4.620899902e+02 +2.3408e+00 +2.2999e+00
2037 +1.373966199e-06 +1.373966199e-06 -4.620899986e+02 -4.620899986e+02 +2.3407e+00 +2.3000e+00
2041 +7.725892601e-07 +7.725892601e-07 -4.620899992e+02 -4.620899992e+02 +2.3407e+00 +2.3000e+00
2071 +6.246856401e-07 +6.246856401e-07 -4.620899994e+02 -4.620899994e+02 +2.3407e+00 +2.3000e+00
2076 +3.226771241e-07 +3.226771241e-07 -4.620899997e+02 -4.620899997e+02 +2.3408e+00 +2.3000e+00
2105 +2.107046839e-07 +2.107046839e-07 -4.620899998e+02 -4.620899998e+02 +2.3408e+00 +2.3000e+00
2131 +1.542379664e-07 +1.542379664e-07 -4.620899998e+02 -4.620899998e+02 +2.3408e+00 +2.3000e+00
2144 +6.126776952e-08 +6.126776952e-08 -4.620899999e+02 -4.620899999e+02 +2.3408e+00 +2.3000e+00
2192 +3.169475349e-08 +3.169475349e-08 -4.620900000e+02 -4.620900000e+02 +2.3408e+00 +2.3000e+00
2204 +8.788106243e-09 +8.788106243e-09 -4.620900000e+02 -4.620900000e+02 +2.3408e+00 +2.3000e+00
% function evaluation | noise-free fitness - Fopt (7.766000000000e+01) | best noise-free fitness - Fopt | measured fitness | best measured fitness | x1 | x2...
1 +7.317685015e+02 +7.317685015e+02 +8.094285015e+02 +8.094285015e+02 +4.8665e+00 +1.0080e+00
2 +1.447325563e+02 +1.447325563e+02 +2.223925563e+02 +2.223925563e+02 +9.8642e-01 -4.3021e+00
3 +1.921082527e+01 +1.921082527e+01 +9.687082527e+01 +9.687082527e+01 -6.4217e-01 -2.0741e-01
11 +1.479894234e+01 +1.479894234e+01 +9.245894234e+01 +9.245894234e+01 +1.5037e+00 -2.0741e-01
14 +7.055976442e+00 +7.055976442e+00 +8.471597644e+01 +8.471597644e+01 +5.8482e-01 -5.5875e-01
72 +4.636164908e+00 +4.636164908e+00 +8.229616491e+01 +8.229616491e+01 +1.5037e+00 -8.5021e-01
88 +1.439508202e+00 +1.439508202e+00 +7.909950820e+01 +7.909950820e+01 +1.3751e+00 -8.6547e-01
138 +7.358174106e-01 +7.358174106e-01 +7.839581741e+01 +7.839581741e+01 +2.3481e+00 -8.6678e-01
161 +3.041149511e-01 +3.041149511e-01 +7.796411495e+01 +7.796411495e+01 +2.3767e+00 -8.6678e-01
341 +2.075036590e-01 +2.075036590e-01 +7.786750366e+01 +7.786750366e+01 +2.3767e+00 -8.6432e-01
403 +6.108675983e-02 +6.108675983e-02 +7.772108676e+01 +7.772108676e+01 +2.3822e+00 -8.5416e-01
414 +1.073946061e-02 +1.073946061e-02 +7.767073946e+01 +7.767073946e+01 +2.3908e+00 -8.5666e-01
463 +7.180226516e-03 +7.180226516e-03 +7.766718023e+01 +7.766718023e+01 +2.3930e+00 -8.5534e-01
553 +4.747431658e-03 +4.747431658e-03 +7.766474743e+01 +7.766474743e+01 +2.3944e+00 -8.5666e-01
581 +3.894794317e-03 +3.894794317e-03 +7.766389479e+01 +7.766389479e+01 +2.3944e+00 -8.5609e-01
663 +5.262393865e-04 +5.262393865e-04 +7.766052624e+01 +7.766052624e+01 +2.3975e+00 -8.5556e-01
701 +2.310443742e-04 +2.310443742e-04 +7.766023104e+01 +7.766023104e+01 +2.3975e+00 -8.5580e-01
722 +7.623602040e-05 +7.623602040e-05 +7.766007624e+01 +7.766007624e+01 +2.3978e+00 -8.5599e-01
734 +4.237217928e-05 +4.237217928e-05 +7.766004237e+01 +7.766004237e+01 +2.3981e+00 -8.5588e-01
781 +2.460313593e-05 +2.460313593e-05 +7.766002460e+01 +7.766002460e+01 +2.3983e+00 -8.5590e-01
809 +2.410122491e-06 +2.410122491e-06 +7.766000241e+01 +7.766000241e+01 +2.3983e+00 -8.5600e-01
822 +3.696709427e-07 +3.696709427e-07 +7.766000037e+01 +7.766000037e+01 +2.3984e+00 -8.5599e-01
912 +1.558217804e-07 +1.558217804e-07 +7.766000016e+01 +7.766000016e+01 +2.3984e+00 -8.5601e-01
918 +4.628057582e-08 +4.628057582e-08 +7.766000005e+01 +7.766000005e+01 +2.3984e+00 -8.5600e-01
939 +1.023546758e-08 +1.023546758e-08 +7.766000001e+01 +7.766000001e+01 +2.3984e+00 -8.5600e-01
971 +7.032582516e-09 +7.032582516e-09 +7.766000001e+01 +7.766000001e+01 +2.3984e+00 -8.5600e-01
% function evaluation | noise-free fitness - Fopt (1.156800000000e+02) | best noise-free fitness - Fopt | measured fitness | best measured fitness | x1 | x2...
1 +1.941032866e+02 +1.941032866e+02 +3.097832866e+02 +3.097832866e+02 +1.1818e+00 +3.2270e+00
3 +6.315941577e+01 +6.315941577e+01 +1.788394158e+02 +1.788394158e+02 -3.5575e+00 -1.5687e+00
6 +5.375774092e+01 +5.375774092e+01 +1.694377409e+02 +1.694377409e+02 -1.4115e+00 -1.4662e+00
9 +3.420059633e+01 +3.420059633e+01 +1.498805963e+02 +1.498805963e+02 +1.3125e+00 +7.6050e-01
27 +2.390118364e+01 +2.390118364e+01 +1.395811836e+02 +1.395811836e+02 +1.7266e+00 -1.0271e+00
30 +1.498263919e+01 +1.498263919e+01 +1.306626392e+02 +1.306626392e+02 +2.4681e+00 -1.6301e+00
36 +7.742416446e+00 +7.742416446e+00 +1.234224164e+02 +1.234224164e+02 +1.2349e+00 -1.6337e+00
112 +5.685339833e+00 +5.685339833e+00 +1.213653398e+02 +1.213653398e+02 +1.1692e+00 -1.6485e+00
121 +3.947628766e+00 +3.947628766e+00 +1.196276288e+02 +1.196276288e+02 +1.2207e+00 -1.2695e+00
198 +1.319666665e+00 +1.319666665e+00 +1.169996667e+02 +1.169996667e+02 +2.1436e+00 -1.2885e+00
427 +1.953875949e-01 +1.953875949e-01 +1.158753876e+02 +1.158753876e+02 +2.1697e+00 -9.9335e-01
551 +9.683336933e-02 +9.683336933e-02 +1.157768334e+02 +1.157768334e+02 +2.1697e+00 -9.9005e-01
603 +1.671877855e-03 +1.671877855e-03 +1.156816719e+02 +1.156816719e+02 +2.1762e+00 -9.8383e-01
722 +5.905580931e-04 +5.905580931e-04 +1.156805906e+02 +1.156805906e+02 +2.1774e+00 -9.8274e-01
742 +2.973146496e-04 +2.973146496e-04 +1.156802973e+02 +1.156802973e+02 +2.1773e+00 -9.8338e-01
942 +1.895055931e-04 +1.895055931e-04 +1.156801895e+02 +1.156801895e+02 +2.1775e+00 -9.8338e-01
961 +4.137266015e-05 +4.137266015e-05 +1.156800414e+02 +1.156800414e+02 +2.1782e+00 -9.8332e-01
982 +5.060510617e-06 +5.060510617e-06 +1.156800051e+02 +1.156800051e+02 +2.1784e+00 -9.8325e-01
987 +7.470841012e-07 +7.470841012e-07 +1.156800007e+02 +1.156800007e+02 +2.1784e+00 -9.8319e-01
1021 +1.880002287e-07 +1.880002287e-07 +1.156800002e+02 +1.156800002e+02 +2.1784e+00 -9.8319e-01
1144 +9.024340386e-08 +9.024340386e-08 +1.156800001e+02 +1.156800001e+02 +2.1784e+00 -9.8320e-01
1182 +2.198214588e-08 +2.198214588e-08 +1.156800000e+02 +1.156800000e+02 +2.1784e+00 -9.8320e-01
1189 +5.694090532e-09 +5.694090532e-09 +1.156800000e+02 +1.156800000e+02 +2.1784e+00 -9.8320e-01
% function evaluation | noise-free fitness - Fopt (-3.710000000000e+00) | best noise-free fitness - Fopt | measured fitness | best measured fitness | x1 | x2...
1 +1.541022366e+02 +1.541022366e+02 +1.503922366e+02 +1.503922366e+02 +4.0174e+00 -4.8006e+00
2 +8.204085925e+01 +8.204085925e+01 +7.833085925e+01 +7.833085925e+01 -4.7814e+00 -1.6847e+00
3 +5.356193520e+01 +5.356193520e+01 +4.985193520e+01 +4.985193520e+01 -2.1492e+00 -5.7562e-01
14 +3.340894139e+01 +3.340894139e+01 +2.969894139e+01 +2.969894139e+01 +2.1476e+00 -1.2398e+00
32 +1.319845082e+01 +1.319845082e+01 +9.488450820e+00 +9.488450820e+00 +2.1476e+00 -1.8734e+00
62 +7.353248891e+00 +7.353248891e+00 +3.643248891e+00 +3.643248891e+00 +2.0353e+00 -2.5740e+00
131 +4.755787618e+00 +4.755787618e+00 +1.045787618e+00 +1.045787618e+00 +2.9990e+00 -2.0086e+00
152 +2.738049280e+00 +2.738049280e+00 -9.719507196e-01 -9.719507196e-01 +2.1521e+00 -1.9737e+00
171 +2.465231862e+00 +2.465231862e+00 -1.244768138e+00 -1.244768138e+00 +2.1521e+00 -2.2721e+00
264 +3.709947342e-01 +3.709947342e-01 -3.339005266e+00 -3.339005266e+00 +3.0803e+00 -2.2926e+00
314 +3.924563244e-02 +3.924563244e-02 -3.670754368e+00 -3.670754368e+00 +3.1091e+00 -2.2981e+00
461 +2.240716082e-02 +2.240716082e-02 -3.687592839e+00 -3.687592839e+00 +3.1181e+00 -2.2917e+00
482 +1.311082092e-02 +1.311082092e-02 -3.696889179e+00 -3.696889179e+00 +3.1140e+00 -2.2934e+00
489 +8.115513847e-03 +8.115513847e-03 -3.701884486e+00 -3.701884486e+00 +3.1133e+00 -2.2952e+00
506 +2.959795668e-03 +2.959795668e-03 -3.707040204e+00 -3.707040204e+00 +3.1187e+00 -2.2964e+00
521 +7.646630570e-04 +7.646630570e-04 -3.709235337e+00 -3.709235337e+00 +3.1187e+00 -2.2956e+00
542 +5.318113002e-04 +5.318113002e-04 -3.709468189e+00 -3.709468189e+00 +3.1183e+00 -2.2952e+00
551 +3.411878763e-04 +3.411878763e-04 -3.709658812e+00 -3.709658812e+00 +3.1191e+00 -2.2955e+00
561 +1.435210676e-04 +1.435210676e-04 -3.709856479e+00 -3.709856479e+00 +3.1196e+00 -2.2949e+00
575 +4.615032153e-05 +4.615032153e-05 -3.709953850e+00 -3.709953850e+00 +3.1197e+00 -2.2951e+00
591 +3.670155384e-05 +3.670155384e-05 -3.709963298e+00 -3.709963298e+00 +3.1199e+00 -2.2951e+00
626 +1.223327018e-05 +1.223327018e-05 -3.709987767e+00 -3.709987767e+00 +3.1198e+00 -2.2952e+00
630 +8.097208906e-06 +8.097208906e-06 -3.709991903e+00 -3.709991903e+00 +3.1198e+00 -2.2952e+00
644 +3.840320395e-06 +3.840320395e-06 -3.709996160e+00 -3.709996160e+00 +3.1199e+00 -2.2952e+00
666 +7.418828041e-08 +7.418828041e-08 -3.709999926e+00 -3.709999926e+00 +3.1200e+00 -2.2952e+00
722 +4.852898794e-08 +4.852898794e-08 -3.709999951e+00 -3.709999951e+00 +3.1200e+00 -2.2952e+00
746 +2.893745332e-08 +2.893745332e-08 -3.709999971e+00 -3.709999971e+00 +3.1200e+00 -2.2952e+00
760 +1.025132645e-08 +1.025132645e-08 -3.709999990e+00 -3.709999990e+00 +3.1200e+00 -2.2952e+00
761 +5.376086243e-09 +5.376086243e-09 -3.709999995e+00 -3.709999995e+00 +3.1200e+00 -2.2952e+00
% function evaluation | noise-free fitness - Fopt (1.321800000000e+02) | best noise-free fitness - Fopt | measured fitness | best measured fitness | x1 | x2...
1 +1.513516136e+02 +1.513516136e+02 +2.835316136e+02 +2.835316136e+02 -2.3228e+00 -1.6316e+00
2 +5.171151514e+01 +5.171151514e+01 +1.838915151e+02 +1.838915151e+02 -2.3167e+00 +5.1874e-01
10 +2.523808145e+01 +2.523808145e+01 +1.574180815e+02 +1.574180815e+02 -1.8369e-01 +1.2377e+00
22 +1.531292557e+01 +1.531292557e+01 +1.474929256e+02 +1.474929256e+02 +1.6629e+00 +2.1206e+00
93 +9.158865019e+00 +9.158865019e+00 +1.413388650e+02 +1.413388650e+02 +2.8723e+00 +1.8455e+00
102 +2.144568296e+00 +2.144568296e+00 +1.343245683e+02 +1.343245683e+02 +2.7548e+00 +1.1784e+00
154 +2.950463613e-01 +2.950463613e-01 +1.324750464e+02 +1.324750464e+02 +3.7286e+00 +1.4796e+00
292 +2.501556869e-01 +2.501556869e-01 +1.324301557e+02 +1.324301557e+02 +3.7564e+00 +1.4934e+00
311 +8.210122501e-02 +8.210122501e-02 +1.322621012e+02 +1.322621012e+02 +3.7451e+00 +1.4845e+00
351 +2.358182139e-02 +2.358182139e-02 +1.322035818e+02 +1.322035818e+02 +3.7552e+00 +1.4845e+00
415 +1.536959417e-02 +1.536959417e-02 +1.321953696e+02 +1.321953696e+02 +3.7576e+00 +1.4843e+00
417 +8.422838235e-03 +8.422838235e-03 +1.321884228e+02 +1.321884228e+02 +3.7585e+00 +1.4834e+00
465 +4.356057633e-03 +4.356057633e-03 +1.321843561e+02 +1.321843561e+02 +3.7627e+00 +1.4810e+00
479 +1.556210691e-03 +1.556210691e-03 +1.321815562e+02 +1.321815562e+02 +3.7637e+00 +1.4815e+00
495 +2.467229189e-04 +2.467229189e-04 +1.321802467e+02 +1.321802467e+02 +3.7629e+00 +1.4825e+00
522 +1.194451058e-04 +1.194451058e-04 +1.321801194e+02 +1.321801194e+02 +3.7632e+00 +1.4824e+00
528 +2.970670539e-05 +2.970670539e-05 +1.321800297e+02 +1.321800297e+02 +3.7636e+00 +1.4824e+00
561 +2.198640661e-05 +2.198640661e-05 +1.321800220e+02 +1.321800220e+02 +3.7637e+00 +1.4824e+00
574 +4.980893010e-06 +4.980893010e-06 +1.321800050e+02 +1.321800050e+02 +3.7639e+00 +1.4824e+00
591 +3.347967862e-06 +3.347967862e-06 +1.321800033e+02 +1.321800033e+02 +3.7639e+00 +1.4824e+00
601 +1.001464597e-06 +1.001464597e-06 +1.321800010e+02 +1.321800010e+02 +3.7639e+00 +1.4824e+00
671 +5.359394777e-07 +5.359394777e-07 +1.321800005e+02 +1.321800005e+02 +3.7640e+00 +1.4824e+00
674 +2.965952888e-07 +2.965952888e-07 +1.321800003e+02 +1.321800003e+02 +3.7640e+00 +1.4824e+00
713 +8.286880870e-08 +8.286880870e-08 +1.321800001e+02 +1.321800001e+02 +3.7640e+00 +1.4824e+00
733 +5.918167290e-08 +5.918167290e-08 +1.321800001e+02 +1.321800001e+02 +3.7640e+00 +1.4824e+00
735 +1.329851784e-08 +1.329851784e-08 +1.321800000e+02 +1.321800000e+02 +3.7640e+00 +1.4824e+00
784 +8.215693015e-09 +8.215693015e-09 +1.321800000e+02 +1.321800000e+02 +3.7640e+00 +1.4824e+00
% function evaluation | noise-free fitness - Fopt (2.169000000000e+01) | best noise-free fitness - Fopt | measured fitness | best measured fitness | x1 | x2...
1 +5.015326004e+02 +5.015326004e+02 +5.232226004e+02 +5.232226004e+02 +3.6304e+00 +1.2489e+00
2 +2.104790382e+02 +2.104790382e+02 +2.321690382e+02 +2.321690382e+02 +2.1363e+00 -2.4910e+00
3 +2.837573297e+01 +2.837573297e+01 +5.006573297e+01 +5.006573297e+01 -4.0285e-01 +2.0335e+00
6 +1.245809941e+01 +1.245809941e+01 +3.414809941e+01 +3.414809941e+01 -2.2335e-01 +4.3356e-01
61 +5.912178921e+00 +5.912178921e+00 +2.760217892e+01 +2.760217892e+01 -3.3007e-01 +1.1154e+00
187 +3.283454053e+00 +3.283454053e+00 +2.497345405e+01 +2.497345405e+01 +4.6812e-01 +1.1588e+00
222 +2.175835619e+00 +2.175835619e+00 +2.386583562e+01 +2.386583562e+01 +5.4661e-01 +1.4409e+00
249 +1.226558513e+00 +1.226558513e+00 +2.291655851e+01 +2.291655851e+01 +5.0379e-01 +1.1323e+00
291 +7.732946533e-01 +7.732946533e-01 +2.246329465e+01 +2.246329465e+01 +1.4950e+00 +1.1191e+00
352 +3.343227382e-01 +3.343227382e-01 +2.202432274e+01 +2.202432274e+01 +1.4950e+00 +1.1264e+00
431 +1.561274993e-01 +1.561274993e-01 +2.184612750e+01 +2.184612750e+01 +1.4950e+00 +1.1340e+00
541 +1.069197747e-02 +1.069197747e-02 +2.170069198e+01 +2.170069198e+01 +1.5158e+00 +1.1354e+00
553 +8.317403570e-03 +8.317403570e-03 +2.169831740e+01 +2.169831740e+01 +1.5151e+00 +1.1372e+00
612 +5.209442254e-03 +5.209442254e-03 +2.169520944e+01 +2.169520944e+01 +1.5171e+00 +1.1372e+00
652 +8.672441435e-04 +8.672441435e-04 +2.169086724e+01 +2.169086724e+01 +1.5218e+00 +1.1372e+00
725 +5.751160920e-04 +5.751160920e-04 +2.169057512e+01 +2.169057512e+01 +1.5211e+00 +1.1363e+00
731 +2.564828050e-04 +2.564828050e-04 +2.169025648e+01 +2.169025648e+01 +1.5205e+00 +1.1369e+00
796 +7.310335417e-05 +7.310335417e-05 +2.169007310e+01 +2.169007310e+01 +1.5211e+00 +1.1367e+00
806 +1.385576305e-05 +1.385576305e-05 +2.169001386e+01 +2.169001386e+01 +1.5215e+00 +1.1367e+00
831 +5.940756743e-06 +5.940756743e-06 +2.169000594e+01 +2.169000594e+01 +1.5215e+00 +1.1368e+00
871 +3.142190010e-06 +3.142190010e-06 +2.169000314e+01 +2.169000314e+01 +1.5215e+00 +1.1368e+00
872 +2.855483814e-07 +2.855483814e-07 +2.169000029e+01 +2.169000029e+01 +1.5216e+00 +1.1368e+00
934 +1.429832537e-07 +1.429832537e-07 +2.169000014e+01 +2.169000014e+01 +1.5216e+00 +1.1368e+00
941 +2.514207864e-08 +2.514207864e-08 +2.169000003e+01 +2.169000003e+01 +1.5216e+00 +1.1368e+00
955 +1.650539971e-08 +1.650539971e-08 +2.169000002e+01 +2.169000002e+01 +1.5216e+00 +1.1368e+00
994 +1.067355271e-08 +1.067355271e-08 +2.169000001e+01 +2.169000001e+01 +1.5216e+00 +1.1368e+00
1006 +9.096137177e-09 +9.096137177e-09 +2.169000001e+01 +2.169000001e+01 +1.5216e+00 +1.1368e+00
1008 +9.473026807e-10 +9.473026807e-10 +2.169000000e+01 +2.169000000e+01 +1.5216e+00 +1.1368e+00
% function evaluation | noise-free fitness - Fopt (8.232000000000e+01) | best noise-free fitness - Fopt | measured fitness | best measured fitness | x1 | x2...
1 +6.402622096e+01 +6.402622096e+01 +1.463462210e+02 +1.463462210e+02 -4.7456e+00 -3.1365e+00
4 +5.809587466e+01 +5.809587466e+01 +1.404158747e+02 +1.404158747e+02 +7.7873e-01 -4.5227e+00
18 +2.541446497e+01 +2.541446497e+01 +1.077344650e+02 +1.077344650e+02 +1.8175e+00 -1.7029e+00
24 +2.110814797e+01 +2.110814797e+01 +1.034281480e+02 +1.034281480e+02 +8.8024e-01 -3.1365e+00
32 +9.138920106e+00 +9.138920106e+00 +9.145892011e+01 +9.145892011e+01 +1.7364e+00 -2.9448e+00
54 +5.215683417e+00 +5.215683417e+00 +8.753568342e+01 +8.753568342e+01 +1.6576e+00 -2.9161e+00
156 +1.897504922e+00 +1.897504922e+00 +8.421750492e+01 +8.421750492e+01 +2.6299e+00 -2.5429e+00
181 +5.619709034e-01 +5.619709034e-01 +8.288197090e+01 +8.288197090e+01 +2.6299e+00 -2.2296e+00
301 +1.809934380e-01 +1.809934380e-01 +8.250099344e+01 +8.250099344e+01 +2.6592e+00 -2.2275e+00
395 +9.026414196e-02 +9.026414196e-02 +8.241026414e+01 +8.241026414e+01 +2.6447e+00 -2.2191e+00
401 +6.243954837e-02 +6.243954837e-02 +8.238243955e+01 +8.238243955e+01 +2.6488e+00 -2.2191e+00
503 +2.862655462e-02 +2.862655462e-02 +8.234862655e+01 +8.234862655e+01 +2.6665e+00 -2.2149e+00
515 +2.210386499e-02 +2.210386499e-02 +8.234210386e+01 +8.234210386e+01 +2.6592e+00 -2.2147e+00
556 +1.284537626e-02 +1.284537626e-02 +8.233284538e+01 +8.233284538e+01 +2.6590e+00 -2.2192e+00
561 +8.062594728e-03 +8.062594728e-03 +8.232806259e+01 +8.232806259e+01 +2.6590e+00 -2.2176e+00
571 +3.859576987e-03 +3.859576987e-03 +8.232385958e+01 +8.232385958e+01 +2.6629e+00 -2.2165e+00
612 +1.326753150e-03 +1.326753150e-03 +8.232132675e+01 +8.232132675e+01 +2.6636e+00 -2.2170e+00
644 +8.227371796e-04 +8.227371796e-04 +8.232082274e+01 +8.232082274e+01 +2.6645e+00 -2.2171e+00
661 +6.309156384e-04 +6.309156384e-04 +8.232063092e+01 +8.232063092e+01 +2.6651e+00 -2.2171e+00
688 +3.581923706e-04 +3.581923706e-04 +8.232035819e+01 +8.232035819e+01 +2.6654e+00 -2.2172e+00
727 +2.058409466e-04 +2.058409466e-04 +8.232020584e+01 +8.232020584e+01 +2.6654e+00 -2.2173e+00
744 +1.135610942e-04 +1.135610942e-04 +8.232011356e+01 +8.232011356e+01 +2.6650e+00 -2.2175e+00
757 +9.412185128e-05 +9.412185128e-05 +8.232009412e+01 +8.232009412e+01 +2.6651e+00 -2.2177e+00
761 +3.362757960e-05 +3.362757960e-05 +8.232003363e+01 +8.232003363e+01 +2.6654e+00 -2.2175e+00
764 +2.317234447e-05 +2.317234447e-05 +8.232002317e+01 +8.232002317e+01 +2.6656e+00 -2.2175e+00
782 +8.987237763e-06 +8.987237763e-06 +8.232000899e+01 +8.232000899e+01 +2.6654e+00 -2.2176e+00
784 +1.926959214e-08 +1.926959214e-08 +8.232000002e+01 +8.232000002e+01 +2.6656e+00 -2.2176e+00
991 +1.295967422e-08 +1.295967422e-08 +8.232000001e+01 +8.232000001e+01 +2.6656e+00 -2.2176e+00
1001 +7.099799859e-09 +7.099799859e-09 +8.232000001e+01 +8.232000001e+01 +2.6656e+00 -2.2176e+00
1002 +5.447077456e-09 +5.447077456e-09 +8.232000001e+01 +8.232000001e+01 +2.6656e+00 -2.2176e+00
% function evaluation | noise-free fitness - Fopt (2.034600000000e+02) | best noise-free fitness - Fopt | measured fitness | best measured fitness | x1 | x2...
1 +4.567722262e+02 +4.567722262e+02 +6.602322262e+02 +6.602322262e+02 +1.9540e+00 -3.1294e+00
2 +3.281703809e+01 +3.281703809e+01 +2.362770381e+02 +2.362770381e+02 +6.2590e-01 +4.9515e+00
48 +2.193331025e+01 +2.193331025e+01 +2.253933102e+02 +2.253933102e+02 +1.1751e+00 +4.5614e+00
62 +1.393969653e+01 +1.393969653e+01 +2.173996965e+02 +2.173996965e+02 +1.7237e-01 +3.9098e+00
112 +8.505321813e+00 +8.505321813e+00 +2.119653218e+02 +2.119653218e+02 +1.4271e-01 +3.8384e+00
142 +5.078683283e+00 +5.078683283e+00 +2.085386833e+02 +2.085386833e+02 +4.5796e-01 +3.8384e+00
235 +2.487735673e+00 +2.487735673e+00 +2.059477357e+02 +2.059477357e+02 +1.2965e+00 +3.8175e+00
295 +8.876557703e-01 +8.876557703e-01 +2.043476558e+02 +2.043476558e+02 +2.2606e+00 +3.8305e+00
321 +2.330684573e-01 +2.330684573e-01 +2.036930685e+02 +2.036930685e+02 +2.2777e+00 +3.8432e+00
514 +1.481194105e-01 +1.481194105e-01 +2.036081194e+02 +2.036081194e+02 +2.2933e+00 +3.8509e+00
532 +7.491736449e-02 +7.491736449e-02 +2.035349174e+02 +2.035349174e+02 +2.2921e+00 +3.8420e+00
541 +5.039232003e-02 +5.039232003e-02 +2.035103923e+02 +2.035103923e+02 +2.2960e+00 +3.8420e+00
551 +9.371430923e-03 +9.371430923e-03 +2.034693714e+02 +2.034693714e+02 +2.3073e+00 +3.8420e+00
595 +5.143787449e-03 +5.143787449e-03 +2.034651438e+02 +2.034651438e+02 +2.3099e+00 +3.8424e+00
631 +2.191161267e-03 +2.191161267e-03 +2.034621912e+02 +2.034621912e+02 +2.3105e+00 +3.8429e+00
651 +1.214328769e-03 +1.214328769e-03 +2.034612143e+02 +2.034612143e+02 +2.3105e+00 +3.8432e+00
666 +3.941413124e-04 +3.941413124e-04 +2.034603941e+02 +2.034603941e+02 +2.3096e+00 +3.8436e+00
673 +4.435632420e-05 +4.435632420e-05 +2.034600444e+02 +2.034600444e+02 +2.3101e+00 +3.8439e+00
751 +3.130999539e-05 +3.130999539e-05 +2.034600313e+02 +2.034600313e+02 +2.3102e+00 +3.8439e+00
762 +2.492824950e-05 +2.492824950e-05 +2.034600249e+02 +2.034600249e+02 +2.3102e+00 +3.8439e+00
787 +1.471214478e-05 +1.471214478e-05 +2.034600147e+02 +2.034600147e+02 +2.3101e+00 +3.8440e+00
801 +5.996557263e-06 +5.996557263e-06 +2.034600060e+02 +2.034600060e+02 +2.3102e+00 +3.8440e+00
816 +2.676985218e-06 +2.676985218e-06 +2.034600027e+02 +2.034600027e+02 +2.3103e+00 +3.8440e+00
851 +2.385437057e-06 +2.385437057e-06 +2.034600024e+02 +2.034600024e+02 +2.3103e+00 +3.8440e+00
869 +2.794572538e-07 +2.794572538e-07 +2.034600003e+02 +2.034600003e+02 +2.3104e+00 +3.8440e+00
881 +2.314166920e-07 +2.314166920e-07 +2.034600002e+02 +2.034600002e+02 +2.3104e+00 +3.8440e+00
913 +8.050471934e-08 +8.050471934e-08 +2.034600001e+02 +2.034600001e+02 +2.3104e+00 +3.8440e+00
923 +2.901012408e-08 +2.901012408e-08 +2.034600000e+02 +2.034600000e+02 +2.3104e+00 +3.8440e+00
940 +1.088551471e-08 +1.088551471e-08 +2.034600000e+02 +2.034600000e+02 +2.3104e+00 +3.8440e+00
960 +4.943530030e-09 +4.943530030e-09 +2.034600000e+02 +2.034600000e+02 +2.3104e+00 +3.8440e+00
% function evaluation | noise-free fitness - Fopt (-1.000000000000e+03) | best noise-free fitness - Fopt | measured fitness | best measured fitness | x1 | x2...
1 +1.478895736e+03 +1.478895736e+03 +4.788957356e+02 +4.788957356e+02 +3.7710e+00 -3.5157e+00
2 +4.140217445e+02 +4.140217445e+02 -5.859782555e+02 -5.859782555e+02 +2.0722e+00 +5.4541e-01
3 +4.546154808e+01 +4.546154808e+01 -9.545384519e+02 -9.545384519e+02 -3.8047e+00 -7.0959e-01
14 +2.422385025e+01 +2.422385025e+01 -9.757761498e+02 -9.757761498e+02 -1.8184e+00 +2.4236e-01
30 +1.481492800e+01 +1.481492800e+01 -9.851850720e+02 -9.851850720e+02 -1.9165e+00 +1.0511e+00
34 +8.172952134e+00 +8.172952134e+00 -9.918270479e+02 -9.918270479e+02 -9.0313e-01 -2.3531e-01
51 +5.257775659e+00 +5.257775659e+00 -9.947422243e+02 -9.947422243e+02 -1.9646e-02 +4.3787e-01
153 +2.355815378e+00 +2.355815378e+00 -9.976441846e+02 -9.976441846e+02 +1.0270e-01 +4.3787e-01
212 +1.402318997e+00 +1.402318997e+00 -9.985976810e+02 -9.985976810e+02 +1.0301e-02 +3.9857e-01
251 +6.506005715e-01 +6.506005715e-01 -9.993493994e+02 -9.993493994e+02 +4.1729e-02 +3.9857e-01
272 +3.279623301e-01 +3.279623301e-01 -9.996720377e+02 -9.996720377e+02 +6.8598e-02 +4.0692e-01
302 +2.339696066e-01 +2.339696066e-01 -9.997660304e+02 -9.997660304e+02 +6.9036e-02 +3.9857e-01
311 +1.636560360e-02 +1.636560360e-02 -9.999836344e+02 -9.999836344e+02 +9.3055e-02 +3.9857e-01
425 +1.466448617e-02 +1.466448617e-02 -9.999853355e+02 -9.999853355e+02 +1.0114e-01 +3.9725e-01
436 +9.970174260e-03 +9.970174260e-03 -9.999900298e+02 -9.999900298e+02 +9.5533e-02 +4.0110e-01
438 +2.711420526e-03 +2.711420526e-03 -9.999972886e+02 -9.999972886e+02 +9.8761e-02 +3.9921e-01
441 +1.345109763e-03 +1.345109763e-03 -9.999986549e+02 -9.999986549e+02 +1.0169e-01 +3.9921e-01
508 +7.520136338e-04 +7.520136338e-04 -9.999992480e+02 -9.999992480e+02 +1.0173e-01 +3.9955e-01
522 +2.349873320e-04 +2.349873320e-04 -9.999997650e+02 -9.999997650e+02 +1.0094e-01 +3.9971e-01
556 +9.250791777e-06 +9.250791777e-06 -9.999999907e+02 -9.999999907e+02 +1.0147e-01 +4.0005e-01
585 +2.717399866e-06 +2.717399866e-06 -9.999999973e+02 -9.999999973e+02 +1.0159e-01 +4.0004e-01
611 +7.398152775e-07 +7.398152775e-07 -9.999999993e+02 -9.999999993e+02 +1.0159e-01 +4.0002e-01
627 +6.178148624e-07 +6.178148624e-07 -9.999999994e+02 -9.999999994e+02 +1.0155e-01 +4.0000e-01
641 +5.106574008e-08 +5.106574008e-08 -9.999999999e+02 -9.999999999e+02 +1.0159e-01 +4.0000e-01
698 +2.524961928e-08 +2.524961928e-08 -1.000000000e+03 -1.000000000e+03 +1.0160e-01 +4.0000e-01
708 +2.005538136e-08 +2.005538136e-08 -1.000000000e+03 -1.000000000e+03 +1.0160e-01 +4.0000e-01
711 +7.985022421e-09 +7.985022421e-09 -1.000000000e+03 -1.000000000e+03 +1.0159e-01 +4.0000e-01
% function evaluation | noise-free fitness - Fopt (-2.091000000000e+01) | best noise-free fitness - Fopt | measured fitness | best measured fitness | x1 | x2...
1 +1.022293624e+03 +1.022293624e+03 +1.001383624e+03 +1.001383624e+03 +4.3705e+00 +1.4047e+00
2 +3.610196413e+02 +3.610196413e+02 +3.401096413e+02 +3.401096413e+02 +2.6326e+00 -1.2846e+00
3 +7.571277888e+01 +7.571277888e+01 +5.480277888e+01 +5.480277888e+01 -4.7163e+00 +6.2487e-01
18 +4.051531362e+01 +4.051531362e+01 +1.960531362e+01 +1.960531362e+01 +6.7397e-01 +2.5782e+00
19 +2.753809999e+01 +2.753809999e+01 +6.628099988e+00 +6.628099988e+00 -7.1570e-01 +1.0562e+00
27 +2.291813495e+01 +2.291813495e+01 +2.008134951e+00 +2.008134951e+00 -2.1029e+00 +1.4588e+00
39 +1.486012312e+01 +1.486012312e+01 -6.049876882e+00 -6.049876882e+00 -2.1025e+00 +2.0999e+00
84 +2.841663951e+00 +2.841663951e+00 -1.806833605e+01 -1.806833605e+01 +1.3712e-01 +2.0525e+00
122 +1.924702347e+00 +1.924702347e+00 -1.898529765e+01 -1.898529765e+01 +8.6136e-02 +2.0999e+00
126 +5.690460077e-01 +5.690460077e-01 -2.034095399e+01 -2.034095399e+01 +1.0800e+00 +2.0955e+00
298 +2.866908235e-01 +2.866908235e-01 -2.062330918e+01 -2.062330918e+01 +1.0642e+00 +2.0820e+00
319 +2.503686650e-02 +2.503686650e-02 -2.088496313e+01 -2.088496313e+01 +1.0980e+00 +2.0828e+00
361 +1.476145098e-02 +1.476145098e-02 -2.089523855e+01 -2.089523855e+01 +1.0955e+00 +2.0767e+00
372 +3.624748107e-03 +3.624748107e-03 -2.090637525e+01 -2.090637525e+01 +1.0980e+00 +2.0806e+00
491 +3.405169600e-04 +3.405169600e-04 -2.090965948e+01 -2.090965948e+01 +1.0980e+00 +2.0790e+00
611 +9.483957113e-05 +9.483957113e-05 -2.090990516e+01 -2.090990516e+01 +1.0990e+00 +2.0790e+00
636 +2.109683523e-05 +2.109683523e-05 -2.090997890e+01 -2.090997890e+01 +1.0992e+00 +2.0793e+00
664 +1.363789400e-05 +1.363789400e-05 -2.090998636e+01 -2.090998636e+01 +1.0989e+00 +2.0792e+00
692 +2.969678818e-06 +2.969678818e-06 -2.090999703e+01 -2.090999703e+01 +1.0992e+00 +2.0792e+00
744 +2.153536016e-07 +2.153536016e-07 -2.090999978e+01 -2.090999978e+01 +1.0992e+00 +2.0792e+00
751 +8.817038122e-08 +8.817038122e-08 -2.090999991e+01 -2.090999991e+01 +1.0992e+00 +2.0792e+00
814 +4.515954544e-08 +4.515954544e-08 -2.090999995e+01 -2.090999995e+01 +1.0992e+00 +2.0792e+00
846 +2.172740210e-08 +2.172740210e-08 -2.090999998e+01 -2.090999998e+01 +1.0992e+00 +2.0792e+00
852 +3.422904626e-09 +3.422904626e-09 -2.091000000e+01 -2.091000000e+01 +1.0992e+00 +2.0792e+00
% function evaluation | noise-free fitness - Fopt (1.150000000000e+01) | best noise-free fitness - Fopt | measured fitness | best measured fitness | x1 | x2...
1 +8.619088583e+01 +8.619088583e+01 +9.769088583e+01 +9.769088583e+01 -3.2760e+00 +4.6697e+00
7 +4.060616043e+01 +4.060616043e+01 +5.210616043e+01 +5.210616043e+01 -1.9966e+00 +3.2722e+00
8 +2.106302875e+01 +2.106302875e+01 +3.256302875e+01 +3.256302875e+01 +1.3239e+00 +3.2095e+00
32 +9.518887048e+00 +9.518887048e+00 +2.101888705e+01 +2.101888705e+01 +1.6643e-03 +2.5032e+00
105 +5.552104385e+00 +5.552104385e+00 +1.705210439e+01 +1.705210439e+01 +1.0294e+00 +2.5405e+00
130 +3.972716359e+00 +3.972716359e+00 +1.547271636e+01 +1.547271636e+01 +2.0041e+00 +2.8149e+00
191 +2.051742466e+00 +2.051742466e+00 +1.355174247e+01 +1.355174247e+01 +2.0664e+00 +2.8198e+00
328 +1.122969646e+00 +1.122969646e+00 +1.262296965e+01 +1.262296965e+01 +2.0887e+00 +2.5196e+00
433 +9.996514327e-01 +9.996514327e-01 +1.249965143e+01 +1.249965143e+01 +2.0698e+00 +2.5208e+00
811 +5.712604638e-01 +5.712604638e-01 +1.207126046e+01 +1.207126046e+01 +3.0161e+00 +2.5152e+00
864 +3.497732602e-01 +3.497732602e-01 +1.184977326e+01 +1.184977326e+01 +3.0281e+00 +2.5181e+00
892 +2.331144145e-01 +2.331144145e-01 +1.173311441e+01 +1.173311441e+01 +3.0353e+00 +2.5220e+00
894 +6.637131160e-02 +6.637131160e-02 +1.156637131e+01 +1.156637131e+01 +3.0506e+00 +2.5169e+00
901 +5.668821625e-02 +5.668821625e-02 +1.155668822e+01 +1.155668822e+01 +3.0506e+00 +2.5189e+00
904 +1.674479308e-02 +1.674479308e-02 +1.151674479e+01 +1.151674479e+01 +3.0634e+00 +2.5219e+00
921 +5.821692040e-03 +5.821692040e-03 +1.150582169e+01 +1.150582169e+01 +3.0634e+00 +2.5181e+00
952 +2.485809191e-03 +2.485809191e-03 +1.150248581e+01 +1.150248581e+01 +3.0669e+00 +2.5181e+00
987 +7.891331621e-04 +7.891331621e-04 +1.150078913e+01 +1.150078913e+01 +3.0671e+00 +2.5186e+00
992 +3.505965528e-05 +3.505965528e-05 +1.150003506e+01 +1.150003506e+01 +3.0670e+00 +2.5193e+00
1053 +1.434795751e-05 +1.434795751e-05 +1.150001435e+01 +1.150001435e+01 +3.0669e+00 +2.5192e+00
1071 +2.017816032e-06 +2.017816032e-06 +1.150000202e+01 +1.150000202e+01 +3.0671e+00 +2.5192e+00
1152 +9.780259482e-07 +9.780259482e-07 +1.150000098e+01 +1.150000098e+01 +3.0671e+00 +2.5192e+00
1177 +5.355709156e-07 +5.355709156e-07 +1.150000054e+01 +1.150000054e+01 +3.0672e+00 +2.5192e+00
1181 +3.842945038e-07 +3.842945038e-07 +1.150000038e+01 +1.150000038e+01 +3.0672e+00 +2.5192e+00
1183 +1.131212350e-07 +1.131212350e-07 +1.150000011e+01 +1.150000011e+01 +3.0672e+00 +2.5192e+00
1194 +1.555329732e-08 +1.555329732e-08 +1.150000002e+01 +1.150000002e+01 +3.0672e+00 +2.5192e+00
1263 +6.324251345e-09 +6.324251345e-09 +1.150000001e+01 +1.150000001e+01 +3.0672e+00 +2.5192e+00
% function evaluation | noise-free fitness - Fopt (6.630000000000e+01) | best noise-free fitness - Fopt | measured fitness | best measured fitness | x1 | x2...
1 +7.611717453e+02 +7.611717453e+02 +8.274717453e+02 +8.274717453e+02 +2.9205e+00 -2.2277e+00
3 +1.320916717e+02 +1.320916717e+02 +1.983916717e+02 +1.983916717e+02 +4.1269e-01 +2.2312e+00
24 +2.034166646e+01 +2.034166646e+01 +8.664166646e+01 +8.664166646e+01 -2.6837e+00 -2.0827e-01
46 +1.548701908e+01 +1.548701908e+01 +8.178701908e+01 +8.178701908e+01 -1.3820e+00 -1.8470e+00
47 +6.219778026e+00 +6.219778026e+00 +7.251977803e+01 +7.251977803e+01 +2.4757e-01 -8.1960e-01
161 +2.864440351e+00 +2.864440351e+00 +6.916444035e+01 +6.916444035e+01 +2.1395e-01 -1.5048e+00
181 +2.009990513e+00 +2.009990513e+00 +6.830999051e+01 +6.830999051e+01 +2.1395e-01 -1.1862e+00
202 +8.351602199e-01 +8.351602199e-01 +6.713516022e+01 +6.713516022e+01 +2.9398e-01 -1.2138e+00
322 +3.909377334e-01 +3.909377334e-01 +6.669093773e+01 +6.669093773e+01 +2.7521e-01 -1.1915e+00
385 +1.212995442e-01 +1.212995442e-01 +6.642129954e+01 +6.642129954e+01 +2.9179e-01 -1.1926e+00
454 +6.204942273e-02 +6.204942273e-02 +6.636204942e+01 +6.636204942e+01 +3.0044e-01 -1.1922e+00
471 +1.191942930e-02 +1.191942930e-02 +6.631191943e+01 +6.631191943e+01 +3.1171e-01 -1.1964e+00
533 +1.282241457e-03 +1.282241457e-03 +6.630128224e+01 +6.630128224e+01 +3.1343e-01 -1.1946e+00
587 +6.860231285e-04 +6.860231285e-04 +6.630068602e+01 +6.630068602e+01 +3.1467e-01 -1.1948e+00
601 +4.067000878e-04 +4.067000878e-04 +6.630040670e+01 +6.630040670e+01 +3.1543e-01 -1.1948e+00
604 +7.526676053e-05 +7.526676053e-05 +6.630007527e+01 +6.630007527e+01 +3.1543e-01 -1.1944e+00
683 +1.225311941e-05 +1.225311941e-05 +6.630001225e+01 +6.630001225e+01 +3.1574e-01 -1.1944e+00
702 +5.864092870e-06 +5.864092870e-06 +6.630000586e+01 +6.630000586e+01 +3.1586e-01 -1.1944e+00
788 +1.763942947e-07 +1.763942947e-07 +6.630000018e+01 +6.630000018e+01 +3.1598e-01 -1.1944e+00
791 +7.093632348e-08 +7.093632348e-08 +6.630000007e+01 +6.630000007e+01 +3.1598e-01 -1.1944e+00
821 +4.196894565e-08 +4.196894565e-08 +6.630000004e+01 +6.630000004e+01 +3.1599e-01 -1.1944e+00
856 +7.234532973e-09 +7.234532973e-09 +6.630000001e+01 +6.630000001e+01 +3.1600e-01 -1.1944e+00
% function evaluation | noise-free fitness - Fopt (4.634000000000e+01) | best noise-free fitness - Fopt | measured fitness | best measured fitness | x1 | x2...
1 +1.280822368e+02 +1.280822368e+02 +1.744222368e+02 +1.744222368e+02 +2.8354e+00 +1.9424e+00
2 +7.216128049e+01 +7.216128049e+01 +1.185012805e+02 +1.185012805e+02 -4.2541e+00 +1.3436e+00
7 +3.308206672e+01 +3.308206672e+01 +7.942206672e+01 +7.942206672e+01 -3.3563e+00 +2.7912e+00
8 +1.308597644e+01 +1.308597644e+01 +5.942597644e+01 +5.942597644e+01 -1.2147e+00 +2.4533e+00
111 +6.541616410e+00 +6.541616410e+00 +5.288161641e+01 +5.288161641e+01 -9.2279e-02 +2.3926e+00
133 +5.951415469e+00 +5.951415469e+00 +5.229141547e+01 +5.229141547e+01 -6.8153e-02 +2.3988e+00
184 +2.500924480e+00 +2.500924480e+00 +4.884092448e+01 +4.884092448e+01 +8.7258e-01 +2.4307e+00
296 +1.093199914e+00 +1.093199914e+00 +4.743319991e+01 +4.743319991e+01 +1.8469e+00 +2.4228e+00
466 +9.958211627e-01 +9.958211627e-01 +4.733582116e+01 +4.733582116e+01 +1.8558e+00 +2.4170e+00
1689 +5.135390704e-01 +5.135390704e-01 +4.685353907e+01 +4.685353907e+01 +1.8110e+00 +2.7230e+00
1721 +5.647916364e-04 +5.647916364e-04 +4.634056479e+01 +4.634056479e+01 +1.8559e+00 +2.7272e+00
1911 +2.889512507e-04 +2.889512507e-04 +4.634028895e+01 +4.634028895e+01 +1.8564e+00 +2.7272e+00
1927 +2.374973887e-04 +2.374973887e-04 +4.634023750e+01 +4.634023750e+01 +1.8565e+00 +2.7272e+00
1935 +8.295816803e-05 +8.295816803e-05 +4.634008296e+01 +4.634008296e+01 +1.8570e+00 +2.7273e+00
1951 +7.864492559e-06 +7.864492559e-06 +4.634000786e+01 +4.634000786e+01 +1.8575e+00 +2.7273e+00
1963 +1.276662829e-07 +1.276662829e-07 +4.634000013e+01 +4.634000013e+01 +1.8576e+00 +2.7272e+00
2052 +4.034567525e-08 +4.034567525e-08 +4.634000004e+01 +4.634000004e+01 +1.8576e+00 +2.7272e+00
2121 +3.915532432e-08 +3.915532432e-08 +4.634000004e+01 +4.634000004e+01 +1.8576e+00 +2.7272e+00
2132 +3.873005028e-09 +3.873005028e-09 +4.634000000e+01 +4.634000000e+01 +1.8576e+00 +2.7272e+00
% function evaluation | noise-free fitness - Fopt (-2.104000000000e+01) | best noise-free fitness - Fopt | measured fitness | best measured fitness | x1 | x2...
1 +6.008428341e+01 +6.008428341e+01 +3.904428341e+01 +3.904428341e+01 -4.0097e+00 +1.6318e+00
8 +2.937959162e+01 +2.937959162e+01 +8.339591620e+00 +8.339591620e+00 -1.5112e+00 +1.1931e+00
21 +8.549030656e+00 +8.549030656e+00 -1.249096934e+01 -1.249096934e+01 +2.9572e-01 +1.7427e+00
79 +6.026040832e+00 +6.026040832e+00 -1.501395917e+01 -1.501395917e+01 +1.2175e+00 +1.5243e+00
223 +3.343133622e+00 +3.343133622e+00 -1.769686638e+01 -1.769686638e+01 +1.2175e+00 +8.6810e-01
374 +1.551347793e+00 +1.551347793e+00 -1.948865221e+01 -1.948865221e+01 +1.1498e+00 +1.1717e+00
501 +2.523439185e-01 +2.523439185e-01 -2.078765608e+01 -2.078765608e+01 +2.1410e+00 +1.1587e+00
505 +1.396586049e-01 +1.396586049e-01 -2.090034140e+01 -2.090034140e+01 +2.1521e+00 +1.1651e+00
601 +8.505469832e-02 +8.505469832e-02 -2.095494530e+01 -2.095494530e+01 +2.1584e+00 +1.1571e+00
617 +4.563698352e-02 +4.563698352e-02 -2.099436302e+01 -2.099436302e+01 +2.1596e+00 +1.1605e+00
663 +3.346846077e-02 +3.346846077e-02 -2.100653154e+01 -2.100653154e+01 +2.1719e+00 +1.1571e+00
681 +5.389211795e-04 +5.389211795e-04 -2.103946108e+01 -2.103946108e+01 +2.1730e+00 +1.1605e+00
780 +3.904053145e-04 +3.904053145e-04 -2.103960959e+01 -2.103960959e+01 +2.1730e+00 +1.1608e+00
781 +9.003594907e-05 +9.003594907e-05 -2.103990996e+01 -2.103990996e+01 +2.1742e+00 +1.1610e+00
826 +5.200583524e-05 +5.200583524e-05 -2.103994799e+01 -2.103994799e+01 +2.1740e+00 +1.1607e+00
843 +3.308180189e-05 +3.308180189e-05 -2.103996692e+01 -2.103996692e+01 +2.1742e+00 +1.1609e+00
886 +1.148649864e-05 +1.148649864e-05 -2.103998851e+01 -2.103998851e+01 +2.1743e+00 +1.1609e+00
911 +6.562677875e-06 +6.562677875e-06 -2.103999344e+01 -2.103999344e+01 +2.1743e+00 +1.1608e+00
919 +5.400309533e-08 +5.400309533e-08 -2.103999995e+01 -2.103999995e+01 +2.1744e+00 +1.1608e+00
996 +3.771943113e-08 +3.771943113e-08 -2.103999996e+01 -2.103999996e+01 +2.1744e+00 +1.1608e+00
1032 +1.574636954e-08 +1.574636954e-08 -2.103999998e+01 -2.103999998e+01 +2.1744e+00 +1.1608e+00
1043 +1.107387959e-09 +1.107387959e-09 -2.104000000e+01 -2.104000000e+01 +2.1744e+00 +1.1608e+00
% function evaluation | noise-free fitness - Fopt (5.098000000000e+01) | best noise-free fitness - Fopt | measured fitness | best measured fitness | x1 | x2...
1 +1.394747667e+03 +1.394747667e+03 +1.445727667e+03 +1.445727667e+03 +3.8672e+00 +2.6617e+00
2 +5.249884439e+01 +5.249884439e+01 +1.034788444e+02 +1.034788444e+02 -3.0170e+00 +2.2034e+00
3 +3.440443132e+01 +3.440443132e+01 +8.538443132e+01 +8.538443132e+01 -4.6679e+00 +1.1865e+00
6 +1.568881792e+01 +1.568881792e+01 +6.666881792e+01 +6.666881792e+01 +1.9146e-01 +9.0847e-01
24 +8.155383575e+00 +8.155383575e+00 +5.913538358e+01 +5.913538358e+01 -7.3563e-01 +1.4174e+00
55 +5.571952425e+00 +5.571952425e+00 +5.655195242e+01 +5.655195242e+01 +2.7159e-02 +1.1662e+00
64 +3.620407533e+00 +3.620407533e+00 +5.460040753e+01 +5.460040753e+01 -7.4338e-01 +8.3835e-01
184 +2.405399979e+00 +2.405399979e+00 +5.338539998e+01 +5.338539998e+01 -7.6848e-01 +8.5189e-01
285 +1.181617973e+00 +1.181617973e+00 +5.216161797e+01 +5.216161797e+01 +1.6001e-01 +5.2679e-01
294 +1.733134149e-01 +1.733134149e-01 +5.115331341e+01 +5.115331341e+01 +1.5483e-01 +8.3592e-01
311 +1.058748873e-01 +1.058748873e-01 +5.108587489e+01 +5.108587489e+01 +1.5483e-01 +8.3921e-01
422 +8.133534129e-02 +8.133534129e-02 +5.106133534e+01 +5.106133534e+01 +1.5595e-01 +8.4030e-01
503 +3.339822382e-02 +3.339822382e-02 +5.101339822e+01 +5.101339822e+01 +1.5595e-01 +8.4444e-01
536 +9.482528209e-03 +9.482528209e-03 +5.098948253e+01 +5.098948253e+01 +1.6592e-01 +8.4273e-01
632 +5.865352897e-03 +5.865352897e-03 +5.098586535e+01 +5.098586535e+01 +1.6370e-01 +8.4478e-01
634 +2.748817226e-03 +2.748817226e-03 +5.098274882e+01 +5.098274882e+01 +1.6592e-01 +8.4402e-01
641 +1.652263606e-03 +1.652263606e-03 +5.098165226e+01 +5.098165226e+01 +1.6592e-01 +8.4471e-01
663 +1.541942823e-04 +1.541942823e-04 +5.098015419e+01 +5.098015419e+01 +1.6839e-01 +8.4454e-01
744 +2.558194867e-05 +2.558194867e-05 +5.098002558e+01 +5.098002558e+01 +1.6845e-01 +8.4481e-01
778 +2.422101986e-06 +2.422101986e-06 +5.098000242e+01 +5.098000242e+01 +1.6872e-01 +8.4477e-01
823 +1.337099100e-06 +1.337099100e-06 +5.098000134e+01 +5.098000134e+01 +1.6872e-01 +8.4480e-01
827 +1.843008164e-07 +1.843008164e-07 +5.098000018e+01 +5.098000018e+01 +1.6879e-01 +8.4479e-01
867 +1.153113161e-07 +1.153113161e-07 +5.098000012e+01 +5.098000012e+01 +1.6878e-01 +8.4480e-01
879 +6.305074152e-08 +6.305074152e-08 +5.098000006e+01 +5.098000006e+01 +1.6878e-01 +8.4480e-01
885 +2.198857629e-08 +2.198857629e-08 +5.098000002e+01 +5.098000002e+01 +1.6879e-01 +8.4480e-01
904 +9.037691484e-09 +9.037691484e-09 +5.098000001e+01 +5.098000001e+01 +1.6879e-01 +8.4480e-01
